0 0.176931 0.613123 0.01 0.01
0 0.146436 0.615541 0.01 0.01
0 0.204986 0.607078 0.01 0.01
0 0.248898 0.603451 0.01 0.01
0 0.231821 0.578063 0.01 0.01
0 0.252557 0.671154 0.01 0.01
0 0.263535 0.632467 0.01 0.01
0 0.303788 0.648184 0.01 0.01
0 0.292810 0.625213 0.01 0.01
0 0.358677 0.671154 0.01 0.01
0 0.344040 0.660273 0.01 0.01
0 0.362337 0.637303 0.01 0.01
0 0.412348 0.656647 0.01 0.01
0 0.436743 0.661482 0.01 0.01
0 0.455040 0.645766 0.01 0.01
0 0.513589 0.650602 0.01 0.01
0 0.464798 0.631258 0.01 0.01
0 0.494072 0.628840 0.01 0.01
0 0.508710 0.599824 0.01 0.01
0 0.497732 0.586526 0.01 0.01
0 0.545303 0.644557 0.01 0.01
0 0.555061 0.628840 0.01 0.01
0 0.555061 0.613123 0.01 0.01
0 0.574578 0.633676 0.01 0.01
0 0.625808 0.674781 0.01 0.01
0 0.609951 0.674781 0.01 0.01
0 0.618490 0.617959 0.01 0.01
0 0.633127 0.636094 0.01 0.01
0 0.635566 0.607078 0.01 0.01
0 0.612391 0.596197 0.01 0.01
0 0.591655 0.570809 0.01 0.01
0 0.641665 0.572018 0.01 0.01
0 0.653863 0.594988 0.01 0.01
0 0.683138 0.605869 0.01 0.01
0 0.678259 0.632467 0.01 0.01
0 0.683138 0.584108 0.01 0.01
0 0.713632 0.578063 0.01 0.01
0 0.730709 0.617959 0.01 0.01
0 0.713632 0.615541 0.01 0.01
0 0.744126 0.663900 0.01 0.01
0 0.759984 0.675990 0.01 0.01
0 0.783159 0.654229 0.01 0.01
0 0.755104 0.614332 0.01 0.01
0 0.783159 0.592571 0.01 0.01
0 0.805115 0.628840 0.01 0.01
0 0.801456 0.674781 0.01 0.01
0 0.825851 0.587735 0.01 0.01
0 0.845368 0.604660 0.01 0.01
0 0.885620 0.617959 0.01 0.01
0 0.899038 0.601033 0.01 0.01
0 0.906357 0.644557 0.01 0.01
0 0.918554 0.628840 0.01 0.01
0 0.940510 0.625213 0.01 0.01
0 0.942950 0.593780 0.01 0.01
0 0.967345 0.588944 0.01 0.01
0 0.977104 0.575645 0.01 0.01
0 0.960027 0.572018 0.01 0.01
0 0.958807 0.556301 0.01 0.01
0 0.761203 0.551465 0.01 0.01
0 0.727050 0.550256 0.01 0.01
0 0.706313 0.550256 0.01 0.01
0 0.673379 0.547838 0.01 0.01
0 0.423326 0.617959 0.01 0.01
0 0.444062 0.614332 0.01 0.01
0 0.446501 0.598615 0.01 0.01
0 0.461139 0.578063 0.01 0.01
0 0.497732 0.559928 0.01 0.01
0 0.509930 0.570809 0.01 0.01
0 0.524567 0.580481 0.01 0.01
0 0.555061 0.570809 0.01 0.01
0 0.574578 0.576854 0.01 0.01
0 0.581896 0.541793 0.01 0.01
0 0.605072 0.557510 0.01 0.01
0 0.625808 0.540584 0.01 0.01
0 0.609951 0.506733 0.01 0.01
0 0.341601 0.624004 0.01 0.01
0 0.174491 0.588944 0.01 0.01
0 0.117162 0.597406 0.01 0.01
0 0.073250 0.593780 0.01 0.01
0 0.096426 0.573227 0.01 0.01
0 0.129360 0.574436 0.01 0.01
0 0.139118 0.575645 0.01 0.01
0 0.153755 0.572018 0.01 0.01
0 0.167173 0.570809 0.01 0.01
0 0.178151 0.559928 0.01 0.01
0 0.163513 0.562346 0.01 0.01
0 0.141557 0.546629 0.01 0.01
0 0.124481 0.550256 0.01 0.01
0 0.115942 0.550256 0.01 0.01
0 0.050074 0.598615 0.01 0.01
0 0.041536 0.580481 0.01 0.01
0 0.051294 0.573227 0.01 0.01
0 0.057393 0.561137 0.01 0.01
0 0.091547 0.559928 0.01 0.01
0 0.107404 0.543002 0.01 0.01
0 0.103744 0.590153 0.01 0.01
0 0.213524 0.653020 0.01 0.01
0 0.259876 0.562346 0.01 0.01
0 0.297689 0.552674 0.01 0.01
0 0.329403 0.549047 0.01 0.01
0 0.322084 0.581690 0.01 0.01
0 0.303788 0.576854 0.01 0.01
0 0.284271 0.591362 0.01 0.01
0 0.270854 0.591362 0.01 0.01
0 0.379414 0.617959 0.01 0.01
0 0.398930 0.590153 0.01 0.01
0 0.375754 0.586526 0.01 0.01
0 0.379414 0.576854 0.01 0.01
0 0.389172 0.551465 0.01 0.01
0 0.396490 0.575645 0.01 0.01
0 0.430644 0.561137 0.01 0.01
0 0.346480 0.567182 0.01 0.01
0 0.359897 0.552674 0.01 0.01
0 0.350139 0.552674 0.01 0.01
0 0.209865 0.552674 0.01 0.01
0 0.213524 0.544211 0.01 0.01
0 0.564819 0.511569 0.01 0.01
0 0.441622 0.499479 0.01 0.01
0 0.419666 0.497061 0.01 0.01
0 0.325743 0.520032 0.01 0.01
0 0.330623 0.511569 0.01 0.01
0 0.357458 0.513987 0.01 0.01
0 0.357458 0.527286 0.01 0.01
0 0.245238 0.549047 0.01 0.01
0 0.235480 0.550256 0.01 0.01
0 0.283051 0.552674 0.01 0.01
0 0.275733 0.541793 0.01 0.01
0 0.189129 0.545420 0.01 0.01
0 0.170832 0.543002 0.01 0.01
0 0.164733 0.535748 0.01 0.01
0 0.090327 0.533330 0.01 0.01
0 0.084228 0.530913 0.01 0.01
0 0.089107 0.517614 0.01 0.01
0 0.080569 0.556301 0.01 0.01
0 0.047635 0.555092 0.01 0.01
0 0.056173 0.544211 0.01 0.01
0 0.042756 0.535748 0.01 0.01
0 0.045195 0.515196 0.01 0.01
0 0.068371 0.530913 0.01 0.01
0 0.064712 0.509151 0.01 0.01
0 0.478215 0.487389 0.01 0.01
0 0.623369 0.498270 0.01 0.01
0 0.663621 0.539375 0.01 0.01
0 0.656303 0.517614 0.01 0.01
0 0.681918 0.506733 0.01 0.01
0 0.657522 0.501897 0.01 0.01
0 0.720951 0.509151 0.01 0.01
0 0.763643 0.511569 0.01 0.01
0 0.847807 0.556301 0.01 0.01
0 0.828291 0.561137 0.01 0.01
0 0.809994 0.552674 0.01 0.01
0 0.797797 0.553883 0.01 0.01
0 0.877082 0.562346 0.01 0.01
0 0.899038 0.553883 0.01 0.01
0 0.922214 0.559928 0.01 0.01
0 0.934411 0.570809 0.01 0.01
0 0.944170 0.555092 0.01 0.01
0 0.941730 0.515196 0.01 0.01
0 0.850247 0.509151 0.01 0.01
0 0.833170 0.500688 0.01 0.01
0 0.814873 0.501897 0.01 0.01
0 0.805115 0.517614 0.01 0.01
0 0.076658 0.504315 0.01 0.01
0 0.071779 0.501897 0.01 0.01
0 0.091296 0.506733 0.01 0.01
0 0.096785 0.508546 0.01 0.01
0 0.103493 0.510360 0.01 0.01
0 0.105323 0.520032 0.01 0.01
0 0.114471 0.512778 0.01 0.01
0 0.129719 0.510964 0.01 0.01
0 0.138257 0.524868 0.01 0.01
0 0.127889 0.523659 0.01 0.01
0 0.119350 0.533330 0.01 0.01
0 0.106543 0.532121 0.01 0.01
0 0.096175 0.529099 0.01 0.01
0 0.148625 0.525472 0.01 0.01
0 0.149845 0.537562 0.01 0.01
0 0.158993 0.521241 0.01 0.01
0 0.174850 0.521241 0.01 0.01
0 0.180949 0.526681 0.01 0.01
0 0.197416 0.532121 0.01 0.01
0 0.206564 0.536353 0.01 0.01
0 0.213883 0.523659 0.01 0.01
0 0.174240 0.512173 0.01 0.01
0 0.179119 0.504315 0.01 0.01
0 0.149235 0.497666 0.01 0.01
0 0.138867 0.506733 0.01 0.01
0 0.129719 0.500688 0.01 0.01
0 0.116911 0.494643 0.01 0.01
0 0.098614 0.494039 0.01 0.01
0 0.082147 0.503710 0.01 0.01
0 0.047994 0.497061 0.01 0.01
0 0.055312 0.506128 0.01 0.01
0 0.031527 0.507337 0.01 0.01
0 0.031527 0.497666 0.01 0.01
0 0.018109 0.501897 0.01 0.01
0 0.088246 0.486180 0.01 0.01
0 0.078488 0.497061 0.01 0.01
0 0.077878 0.487994 0.01 0.01
0 0.070559 0.489807 0.01 0.01
0 0.048603 0.488598 0.01 0.01
0 0.030307 0.475299 0.01 0.01
0 0.026648 0.494643 0.01 0.01
0 0.026038 0.481949 0.01 0.01
0 0.167532 0.498875 0.01 0.01
0 0.190707 0.490412 0.01 0.01
0 0.145576 0.483762 0.01 0.01
0 0.137037 0.480135 0.01 0.01
0 0.125449 0.482553 0.01 0.01
0 0.116911 0.482553 0.01 0.01
0 0.105933 0.475299 0.01 0.01
0 0.079708 0.468650 0.01 0.01
0 0.066900 0.473486 0.01 0.01
0 0.064461 0.466837 0.01 0.01
0 0.057752 0.466837 0.01 0.01
0 0.052873 0.472881 0.01 0.01
0 0.043724 0.464419 0.01 0.01
0 0.040675 0.470463 0.01 0.01
0 0.031527 0.466837 0.01 0.01
0 0.023598 0.463814 0.01 0.01
0 0.092515 0.472277 0.01 0.01
0 0.109592 0.465023 0.01 0.01
0 0.119960 0.470463 0.01 0.01
0 0.127279 0.471672 0.01 0.01
0 0.134598 0.466232 0.01 0.01
0 0.143136 0.469859 0.01 0.01
0 0.149235 0.465628 0.01 0.01
0 0.152894 0.471068 0.01 0.01
0 0.168751 0.468045 0.01 0.01
0 0.159603 0.478926 0.01 0.01
0 0.182779 0.474695 0.01 0.01
0 0.205955 0.475904 0.01 0.01
0 0.215103 0.475904 0.01 0.01
0 0.226081 0.489203 0.01 0.01
0 0.220592 0.498875 0.01 0.01
0 0.212053 0.492830 0.01 0.01
0 0.243158 0.493434 0.01 0.01
0 0.241938 0.503106 0.01 0.01
0 0.226081 0.506733 0.01 0.01
0 0.268163 0.503106 0.01 0.01
0 0.264504 0.482553 0.01 0.01
0 0.259015 0.488598 0.01 0.01
0 0.274262 0.484971 0.01 0.01
0 0.287679 0.481949 0.01 0.01
0 0.292559 0.491621 0.01 0.01
0 0.299267 0.515196 0.01 0.01
0 0.288899 0.516405 0.01 0.01
0 0.277311 0.521241 0.01 0.01
0 0.262064 0.523659 0.01 0.01
0 0.241938 0.529099 0.01 0.01
0 0.266333 0.556906 0.01 0.01
0 0.413926 0.533935 0.01 0.01
0 0.396239 0.531517 0.01 0.01
0 0.407827 0.532121 0.01 0.01
0 0.379773 0.543002 0.01 0.01
0 0.412097 0.557510 0.01 0.01
0 0.448080 0.576249 0.01 0.01
0 0.427954 0.584108 0.01 0.01
0 0.487113 0.607683 0.01 0.01
0 0.484063 0.601033 0.01 0.01
0 0.476745 0.568391 0.01 0.01
0 0.472475 0.555092 0.01 0.01
0 0.462107 0.539980 0.01 0.01
0 0.441371 0.535144 0.01 0.01
0 0.445030 0.553883 0.01 0.01
0 0.374284 0.526681 0.01 0.01
0 0.375503 0.516405 0.01 0.01
0 0.370014 0.507942 0.01 0.01
0 0.366355 0.499479 0.01 0.01
0 0.371234 0.489203 0.01 0.01
0 0.382822 0.498270 0.01 0.01
0 0.401119 0.498270 0.01 0.01
0 0.398069 0.486785 0.01 0.01
0 0.411487 0.484367 0.01 0.01
0 0.431613 0.489807 0.01 0.01
0 0.440761 0.486785 0.01 0.01
0 0.446860 0.483762 0.01 0.01
0 0.457838 0.488598 0.01 0.01
0 0.462107 0.498875 0.01 0.01
0 0.471256 0.483158 0.01 0.01
0 0.326102 0.491016 0.01 0.01
0 0.316344 0.489203 0.01 0.01
0 0.307806 0.492225 0.01 0.01
0 0.290729 0.475904 0.01 0.01
0 0.301097 0.478926 0.01 0.01
0 0.304146 0.474695 0.01 0.01
0 0.309635 0.477113 0.01 0.01
0 0.325492 0.481949 0.01 0.01
0 0.332201 0.476508 0.01 0.01
0 0.318174 0.480135 0.01 0.01
0 0.316954 0.474695 0.01 0.01
0 0.238279 0.481344 0.01 0.01
0 0.249866 0.484971 0.01 0.01
0 0.250476 0.478322 0.01 0.01
0 0.240108 0.474090 0.01 0.01
0 0.230960 0.471068 0.01 0.01
0 0.237059 0.458978 0.01 0.01
0 0.246207 0.463210 0.01 0.01
0 0.259625 0.458374 0.01 0.01
0 0.268773 0.450515 0.01 0.01
0 0.273652 0.454747 0.01 0.01
0 0.280971 0.452329 0.01 0.01
0 0.286460 0.456560 0.01 0.01
0 0.293778 0.462001 0.01 0.01
0 0.296828 0.445075 0.01 0.01
0 0.294388 0.437216 0.01 0.01
0 0.303537 0.442657 0.01 0.01
0 0.304756 0.433590 0.01 0.01
0 0.310245 0.445075 0.01 0.01
0 0.318784 0.443866 0.01 0.01
0 0.320613 0.449911 0.01 0.01
0 0.323663 0.460792 0.01 0.01
0 0.326102 0.440239 0.01 0.01
0 0.216932 0.455956 0.01 0.01
0 0.205955 0.460792 0.01 0.01
0 0.234009 0.454747 0.01 0.01
0 0.221202 0.448097 0.01 0.01
0 0.241328 0.441448 0.01 0.01
0 0.251696 0.437821 0.01 0.01
0 0.177900 0.455956 0.01 0.01
0 0.196196 0.455351 0.01 0.01
0 0.187658 0.452329 0.01 0.01
0 0.147405 0.455351 0.01 0.01
0 0.138257 0.453538 0.01 0.01
0 0.129719 0.451120 0.01 0.01
0 0.116911 0.452329 0.01 0.01
0 0.111422 0.449911 0.01 0.01
0 0.097394 0.451120 0.01 0.01
0 0.087026 0.451724 0.01 0.01
0 0.080318 0.445075 0.01 0.01
0 0.076658 0.458374 0.01 0.01
0 0.071169 0.455956 0.01 0.01
0 0.059581 0.454142 0.01 0.01
0 0.048603 0.452933 0.01 0.01
0 0.032746 0.457165 0.01 0.01
0 0.027257 0.449911 0.01 0.01
0 0.024818 0.440239 0.01 0.01
0 0.024818 0.427545 0.01 0.01
0 0.021159 0.422104 0.01 0.01
0 0.019329 0.430567 0.01 0.01
0 0.033966 0.430567 0.01 0.01
0 0.016279 0.438425 0.01 0.01
0 0.015670 0.422709 0.01 0.01
0 0.034576 0.416059 0.01 0.01
0 0.032746 0.422709 0.01 0.01
0 0.043724 0.425127 0.01 0.01
0 0.043114 0.417873 0.01 0.01
0 0.046164 0.434194 0.01 0.01
0 0.055922 0.436612 0.01 0.01
0 0.054702 0.428149 0.01 0.01
0 0.054702 0.419686 0.01 0.01
0 0.061411 0.413037 0.01 0.01
0 0.065070 0.418477 0.01 0.01
0 0.072389 0.420291 0.01 0.01
0 0.074219 0.429963 0.01 0.01
0 0.074219 0.437216 0.01 0.01
0 0.067510 0.437216 0.01 0.01
0 0.078488 0.433590 0.01 0.01
0 0.077878 0.424522 0.01 0.01
0 0.077878 0.416664 0.01 0.01
0 0.071169 0.413641 0.01 0.01
0 0.083977 0.414850 0.01 0.01
0 0.084587 0.423313 0.01 0.01
0 0.085197 0.431172 0.01 0.01
0 0.093125 0.438425 0.01 0.01
0 0.094345 0.425731 0.01 0.01
0 0.090686 0.416664 0.01 0.01
0 0.099834 0.416664 0.01 0.01
0 0.101054 0.421500 0.01 0.01
0 0.104713 0.432381 0.01 0.01
0 0.027867 0.414850 0.01 0.01
0 0.018109 0.413037 0.01 0.01
0 0.110202 0.416664 0.01 0.01
0 0.110812 0.426940 0.01 0.01
0 0.108372 0.445679 0.01 0.01
0 0.118741 0.445075 0.01 0.01
0 0.129109 0.438425 0.01 0.01
0 0.128499 0.429358 0.01 0.01
0 0.121180 0.421500 0.01 0.01
0 0.124839 0.413641 0.01 0.01
0 0.129719 0.416664 0.01 0.01
0 0.134598 0.423918 0.01 0.01
0 0.139477 0.432381 0.01 0.01
0 0.143746 0.437821 0.01 0.01
0 0.151065 0.450515 0.01 0.01
0 0.159603 0.451724 0.01 0.01
0 0.163872 0.448702 0.01 0.01
0 0.151674 0.436612 0.01 0.01
0 0.152894 0.425731 0.01 0.01
0 0.161433 0.432381 0.01 0.01
0 0.162652 0.423313 0.01 0.01
0 0.157163 0.418477 0.01 0.01
0 0.160823 0.413641 0.01 0.01
0 0.169971 0.416664 0.01 0.01
0 0.173021 0.427545 0.01 0.01
0 0.183999 0.431172 0.01 0.01
0 0.187658 0.425127 0.01 0.01
0 0.179119 0.419686 0.01 0.01
0 0.173630 0.412432 0.01 0.01
0 0.185828 0.412432 0.01 0.01
0 0.194367 0.417873 0.01 0.01
0 0.192537 0.427545 0.01 0.01
0 0.190097 0.435403 0.01 0.01
0 0.196806 0.438425 0.01 0.01
0 0.193757 0.446284 0.01 0.01
0 0.178510 0.444470 0.01 0.01
0 0.167532 0.444470 0.01 0.01
0 0.157163 0.444470 0.01 0.01
0 0.209004 0.444470 0.01 0.01
0 0.207174 0.436612 0.01 0.01
0 0.213273 0.431172 0.01 0.01
0 0.218152 0.440843 0.01 0.01
0 0.235229 0.435403 0.01 0.01
0 0.241328 0.431172 0.01 0.01
0 0.224251 0.431776 0.01 0.01
0 0.397764 0.460187 0.01 0.01
0 0.398374 0.449306 0.01 0.01
0 0.398984 0.436612 0.01 0.01
0 0.407522 0.436007 0.01 0.01
0 0.408742 0.443866 0.01 0.01
0 0.411182 0.451724 0.01 0.01
0 0.411792 0.461396 0.01 0.01
0 0.398374 0.472881 0.01 0.01
0 0.406913 0.470463 0.01 0.01
0 0.424599 0.465023 0.01 0.01
0 0.428259 0.454747 0.01 0.01
0 0.418500 0.447493 0.01 0.01
0 0.424599 0.439030 0.01 0.01
0 0.433748 0.440843 0.01 0.01
0 0.439237 0.446284 0.01 0.01
0 0.441066 0.455351 0.01 0.01
0 0.439846 0.469254 0.01 0.01
0 0.454484 0.466232 0.01 0.01
0 0.453264 0.455956 0.01 0.01
0 0.448995 0.443866 0.01 0.01
0 0.454484 0.435403 0.01 0.01
0 0.459973 0.443866 0.01 0.01
0 0.463022 0.452933 0.01 0.01
0 0.464852 0.462605 0.01 0.01
0 0.467901 0.470463 0.01 0.01
0 0.474610 0.458374 0.01 0.01
0 0.474610 0.452329 0.01 0.01
0 0.472170 0.446284 0.01 0.01
0 0.481929 0.439634 0.01 0.01
0 0.488028 0.447493 0.01 0.01
0 0.488028 0.454142 0.01 0.01
0 0.485588 0.465628 0.01 0.01
0 0.479489 0.465628 0.01 0.01
0 0.486808 0.481344 0.01 0.01
0 0.478269 0.473486 0.01 0.01
0 0.492297 0.473486 0.01 0.01
0 0.497176 0.463210 0.01 0.01
0 0.497176 0.453538 0.01 0.01
0 0.497176 0.444470 0.01 0.01
0 0.504495 0.443866 0.01 0.01
0 0.504495 0.452329 0.01 0.01
0 0.503885 0.465628 0.01 0.01
0 0.505104 0.477113 0.01 0.01
0 0.517302 0.474090 0.01 0.01
0 0.499615 0.487994 0.01 0.01
0 0.496566 0.503106 0.01 0.01
0 0.529500 0.488598 0.01 0.01
0 0.532549 0.474695 0.01 0.01
0 0.527670 0.471068 0.01 0.01
0 0.521571 0.465628 0.01 0.01
0 0.516692 0.460792 0.01 0.01
0 0.511203 0.456560 0.01 0.01
0 0.513643 0.451724 0.01 0.01
0 0.510593 0.443261 0.01 0.01
0 0.527670 0.459583 0.01 0.01
0 0.524621 0.445075 0.01 0.01
0 0.534989 0.447493 0.01 0.01
0 0.536209 0.460792 0.01 0.01
0 0.541698 0.472277 0.01 0.01
0 0.555725 0.480135 0.01 0.01
0 0.544747 0.487994 0.01 0.01
0 0.550846 0.471672 0.01 0.01
0 0.552066 0.458978 0.01 0.01
0 0.550846 0.452933 0.01 0.01
0 0.547797 0.445679 0.01 0.01
0 0.558165 0.443866 0.01 0.01
0 0.561214 0.455956 0.01 0.01
0 0.564873 0.463814 0.01 0.01
0 0.572802 0.491016 0.01 0.01
0 0.584390 0.484971 0.01 0.01
0 0.576461 0.477717 0.01 0.01
0 0.570972 0.471672 0.01 0.01
0 0.578291 0.463210 0.01 0.01
0 0.571582 0.448097 0.01 0.01
0 0.578901 0.452933 0.01 0.01
0 0.577681 0.445075 0.01 0.01
0 0.589269 0.448702 0.01 0.01
0 0.590489 0.455956 0.01 0.01
0 0.592928 0.463814 0.01 0.01
0 0.595978 0.471672 0.01 0.01
0 0.600857 0.483158 0.01 0.01
0 0.606956 0.466232 0.01 0.01
0 0.605736 0.458374 0.01 0.01
0 0.602077 0.449911 0.01 0.01
0 0.612445 0.449911 0.01 0.01
0 0.597807 0.445679 0.01 0.01
0 0.621593 0.448702 0.01 0.01
0 0.619153 0.462001 0.01 0.01
0 0.616714 0.472277 0.01 0.01
0 0.627692 0.483762 0.01 0.01
0 0.617324 0.481344 0.01 0.01
0 0.639280 0.470463 0.01 0.01
0 0.632571 0.466232 0.01 0.01
0 0.626472 0.458374 0.01 0.01
0 0.630131 0.449306 0.01 0.01
0 0.639890 0.444470 0.01 0.01
0 0.636230 0.456560 0.01 0.01
0 0.645989 0.461396 0.01 0.01
0 0.646598 0.467441 0.01 0.01
0 0.647208 0.474090 0.01 0.01
0 0.654527 0.477113 0.01 0.01
0 0.661236 0.474090 0.01 0.01
0 0.658796 0.465023 0.01 0.01
0 0.655137 0.460792 0.01 0.01
0 0.648428 0.451724 0.01 0.01
0 0.662455 0.443261 0.01 0.01
0 0.667944 0.448702 0.01 0.01
0 0.669164 0.456560 0.01 0.01
0 0.675263 0.484971 0.01 0.01
0 0.670384 0.482553 0.01 0.01
0 0.656357 0.451724 0.01 0.01
0 0.652697 0.446284 0.01 0.01
0 0.650868 0.492225 0.01 0.01
0 0.647818 0.484971 0.01 0.01
0 0.515473 0.547234 0.01 0.01
0 0.491687 0.542398 0.01 0.01
0 0.506324 0.538166 0.01 0.01
0 0.550846 0.541793 0.01 0.01
0 0.543527 0.556301 0.01 0.01
0 0.595368 0.552674 0.01 0.01
0 0.441066 0.567786 0.01 0.01
0 0.428259 0.524263 0.01 0.01
0 0.309940 0.521241 0.01 0.01
0 0.320918 0.506128 0.01 0.01
0 0.311770 0.544211 0.01 0.01
0 0.268468 0.579272 0.01 0.01
0 0.321528 0.616750 0.01 0.01
0 0.316649 0.598615 0.01 0.01
0 0.344704 0.584108 0.01 0.01
0 0.352633 0.611310 0.01 0.01
0 0.356292 0.606474 0.01 0.01
0 0.380687 0.603451 0.01 0.01
0 0.406913 0.613728 0.01 0.01
0 0.519132 0.609496 0.01 0.01
0 0.538038 0.598011 0.01 0.01
0 0.342874 0.492225 0.01 0.01
0 0.353242 0.496457 0.01 0.01
0 0.361171 0.486785 0.01 0.01
0 0.389226 0.479531 0.01 0.01
0 0.260539 0.438425 0.01 0.01
0 0.262979 0.432985 0.01 0.01
0 0.270298 0.439030 0.01 0.01
0 0.278836 0.442657 0.01 0.01
0 0.698636 0.492225 0.01 0.01
0 0.688878 0.463210 0.01 0.01
0 0.681559 0.458374 0.01 0.01
0 0.686438 0.451724 0.01 0.01
0 0.677290 0.446888 0.01 0.01
0 0.687048 0.442657 0.01 0.01
0 0.699246 0.452329 0.01 0.01
0 0.702905 0.462001 0.01 0.01
0 0.693147 0.475904 0.01 0.01
0 0.687048 0.480135 0.01 0.01
0 0.716323 0.492225 0.01 0.01
0 0.724251 0.477113 0.01 0.01
0 0.716323 0.472277 0.01 0.01
0 0.712663 0.462001 0.01 0.01
0 0.713883 0.456560 0.01 0.01
0 0.715713 0.448097 0.01 0.01
0 0.708394 0.444470 0.01 0.01
0 0.707174 0.449911 0.01 0.01
0 0.726691 0.460187 0.01 0.01
0 0.723031 0.448702 0.01 0.01
0 0.732790 0.449306 0.01 0.01
0 0.741938 0.472277 0.01 0.01
0 0.733399 0.489807 0.01 0.01
0 0.746207 0.513987 0.01 0.01
0 0.752306 0.490412 0.01 0.01
0 0.754136 0.476508 0.01 0.01
0 0.751696 0.468650 0.01 0.01
0 0.748647 0.458374 0.01 0.01
0 0.743158 0.452329 0.01 0.01
0 0.737059 0.445679 0.01 0.01
0 0.751696 0.449911 0.01 0.01
0 0.757185 0.460187 0.01 0.01
0 0.760235 0.468045 0.01 0.01
0 0.763894 0.478926 0.01 0.01
0 0.772432 0.471068 0.01 0.01
0 0.766333 0.459583 0.01 0.01
0 0.762064 0.452933 0.01 0.01
0 0.759625 0.446284 0.01 0.01
0 0.771212 0.451120 0.01 0.01
0 0.774872 0.457769 0.01 0.01
0 0.778531 0.463210 0.01 0.01
0 0.787070 0.471672 0.01 0.01
0 0.799267 0.489807 0.01 0.01
0 0.813905 0.488598 0.01 0.01
0 0.792559 0.462605 0.01 0.01
0 0.786460 0.457165 0.01 0.01
0 0.779751 0.448702 0.01 0.01
0 0.795608 0.449911 0.01 0.01
0 0.802317 0.455956 0.01 0.01
0 0.802927 0.465023 0.01 0.01
0 0.815124 0.467441 0.01 0.01
0 0.812075 0.457769 0.01 0.01
0 0.806586 0.449911 0.01 0.01
0 0.815734 0.450515 0.01 0.01
0 0.821833 0.457165 0.01 0.01
0 0.828542 0.467441 0.01 0.01
0 0.829152 0.475904 0.01 0.01
0 0.837690 0.481949 0.01 0.01
0 0.855987 0.487389 0.01 0.01
0 0.869404 0.489807 0.01 0.01
0 0.857817 0.471068 0.01 0.01
0 0.840130 0.465023 0.01 0.01
0 0.834031 0.461396 0.01 0.01
0 0.830981 0.450515 0.01 0.01
0 0.845619 0.451120 0.01 0.01
0 0.849278 0.459583 0.01 0.01
0 0.852937 0.466837 0.01 0.01
0 0.861476 0.466837 0.01 0.01
0 0.861476 0.456560 0.01 0.01
0 0.855377 0.451724 0.01 0.01
0 0.861476 0.442052 0.01 0.01
0 0.866965 0.448702 0.01 0.01
0 0.868795 0.457769 0.01 0.01
0 0.852937 0.442052 0.01 0.01
0 0.831591 0.444470 0.01 0.01
0 0.873064 0.468045 0.01 0.01
0 0.883432 0.474695 0.01 0.01
0 0.888311 0.495248 0.01 0.01
0 0.905388 0.494643 0.01 0.01
0 0.893800 0.462001 0.01 0.01
0 0.883432 0.458978 0.01 0.01
0 0.880382 0.453538 0.01 0.01
0 0.876113 0.445679 0.01 0.01
0 0.889531 0.443261 0.01 0.01
0 0.894410 0.450515 0.01 0.01
0 0.905388 0.459583 0.01 0.01
0 0.913316 0.458978 0.01 0.01
0 0.910877 0.452933 0.01 0.01
0 0.901119 0.446284 0.01 0.01
0 0.912097 0.436007 0.01 0.01
0 0.921245 0.444470 0.01 0.01
0 0.925514 0.457769 0.01 0.01
0 0.925514 0.473486 0.01 0.01
0 0.935882 0.487994 0.01 0.01
0 0.913926 0.482553 0.01 0.01
0 0.943811 0.462001 0.01 0.01
0 0.933443 0.467441 0.01 0.01
0 0.934662 0.453538 0.01 0.01
0 0.934662 0.446888 0.01 0.01
0 0.947470 0.442657 0.01 0.01
0 0.947470 0.451724 0.01 0.01
0 0.954789 0.457769 0.01 0.01
0 0.956008 0.447493 0.01 0.01
0 0.956008 0.439030 0.01 0.01
0 0.968816 0.444470 0.01 0.01
0 0.968816 0.457769 0.01 0.01
0 0.963327 0.452329 0.01 0.01
0 0.966377 0.469859 0.01 0.01
0 0.956618 0.486785 0.01 0.01
0 0.970036 0.494039 0.01 0.01
0 0.981014 0.487994 0.01 0.01
0 0.963937 0.479531 0.01 0.01
0 0.979794 0.472277 0.01 0.01
0 0.981624 0.458374 0.01 0.01
0 0.977355 0.450515 0.01 0.01
0 0.981624 0.443261 0.01 0.01
0 0.988333 0.513987 0.01 0.01
0 0.979794 0.541189 0.01 0.01
0 0.976745 0.559324 0.01 0.01
0 0.984673 0.550861 0.01 0.01
0 0.891970 0.530308 0.01 0.01
0 0.916366 0.526077 0.01 0.01
0 0.918805 0.546629 0.01 0.01
0 0.885261 0.555092 0.01 0.01
0 0.881602 0.543607 0.01 0.01
0 0.864525 0.553883 0.01 0.01
0 0.779751 0.560533 0.01 0.01
0 0.638257 0.553883 0.01 0.01
0 0.926734 0.507337 0.01 0.01
0 0.678259 0.685662 0.01 0.01
0 0.819753 0.686871 0.01 0.01
0 0.873423 0.673572 0.01 0.01
0 0.890500 0.691707 0.01 0.01
0 0.947829 0.661482 0.01 0.01
0 0.929532 0.689289 0.01 0.01
0 0.749006 0.580481 0.01 0.01
0 0.767302 0.594988 0.01 0.01
0 0.117162 0.574436 0.01 0.01
0 0.456259 0.522450 0.01 0.01
0 0.442842 0.520032 0.01 0.01
0 0.473336 0.520032 0.01 0.01
0 0.492853 0.530913 0.01 0.01
