0 0.244140 0.935397 0.01 0.01
0 0.256219 0.891226 0.01 0.01
0 0.326680 0.885203 0.01 0.01
0 0.360904 0.861109 0.01 0.01
0 0.302522 0.957483 0.01 0.01
0 0.294469 1.009685 0.01 0.01
0 0.306548 0.941420 0.01 0.01
0 0.207903 1.023739 0.01 0.01
0 0.151534 1.029762 0.01 0.01
0 0.089126 0.999646 0.01 0.01
0 0.169653 0.961498 0.01 0.01
0 0.109258 0.897249 0.01 0.01
0 0.165626 0.891226 0.01 0.01
0 0.133416 0.835008 0.01 0.01
0 0.213942 0.857094 0.01 0.01
0 0.242127 0.830993 0.01 0.01
0 0.288430 0.800876 0.01 0.01
0 0.298496 0.754698 0.01 0.01
0 0.312588 0.824970 0.01 0.01
0 0.389088 0.788830 0.01 0.01
0 0.356877 0.744659 0.01 0.01
0 0.473641 0.808907 0.01 0.01
0 0.530010 0.830993 0.01 0.01
0 0.530010 0.883195 0.01 0.01
0 0.457536 0.917327 0.01 0.01
0 0.393114 0.919335 0.01 0.01
0 0.366943 1.045824 0.01 0.01
0 0.457536 0.977560 0.01 0.01
0 0.435391 1.039801 0.01 0.01
0 0.493773 1.043817 0.01 0.01
0 0.527997 0.983584 0.01 0.01
0 0.560208 1.053856 0.01 0.01
0 0.602484 1.023739 0.01 0.01
0 0.616576 0.961498 0.01 0.01
0 0.640734 0.889218 0.01 0.01
0 0.620603 0.853078 0.01 0.01
0 0.658853 0.800876 0.01 0.01
0 0.578326 0.822962 0.01 0.01
0 0.552155 0.754698 0.01 0.01
0 0.668919 0.965514 0.01 0.01
0 0.739380 1.065902 0.01 0.01
0 0.775617 1.035786 0.01 0.01
0 0.745419 0.967521 0.01 0.01
0 0.721261 0.863117 0.01 0.01
0 0.827959 0.991615 0.01 0.01
0 0.870236 0.973545 0.01 0.01
0 0.918552 0.953467 0.01 0.01
0 0.896407 0.893234 0.01 0.01
0 0.862183 0.875164 0.01 0.01
0 0.825946 0.843040 0.01 0.01
0 0.954789 0.893234 0.01 0.01
0 0.930631 0.826977 0.01 0.01
0 0.970894 0.929374 0.01 0.01
0 1.009144 0.901265 0.01 0.01
0 1.029276 0.963506 0.01 0.01
0 1.025250 1.029762 0.01 0.01
0 0.997065 0.993622 0.01 0.01
0 1.055447 0.909296 0.01 0.01
0 1.085645 1.011692 0.01 0.01
0 1.158119 1.023739 0.01 0.01
0 1.162145 0.947444 0.01 0.01
0 1.220527 0.977560 0.01 0.01
0 1.288975 1.061887 0.01 0.01
0 1.393660 1.023739 0.01 0.01
0 1.433923 0.999646 0.01 0.01
0 1.311120 0.973545 0.01 0.01
0 1.379567 0.929374 0.01 0.01
0 1.335278 0.893234 0.01 0.01
0 1.498344 0.899257 0.01 0.01
0 1.409765 0.875164 0.01 0.01
0 1.456068 0.857094 0.01 0.01
0 1.401712 0.820954 0.01 0.01
0 1.220527 0.899257 0.01 0.01
0 1.182277 0.857094 0.01 0.01
0 1.121882 0.859102 0.01 0.01
0 1.075579 0.820954 0.01 0.01
0 1.278909 0.859102 0.01 0.01
0 1.210461 0.824970 0.01 0.01
0 1.290988 0.814931 0.01 0.01
0 1.317159 0.796861 0.01 0.01
0 1.293001 0.748674 0.01 0.01
0 1.222540 0.758713 0.01 0.01
0 0.995052 0.835008 0.01 0.01
0 0.989013 0.790837 0.01 0.01
0 1.043368 0.774775 0.01 0.01
0 1.089671 0.724581 0.01 0.01
0 1.113829 0.762729 0.01 0.01
0 1.140000 0.744659 0.01 0.01
0 1.137987 0.698480 0.01 0.01
0 1.176237 0.716550 0.01 0.01
0 1.206435 0.712534 0.01 0.01
0 1.206435 0.660332 0.01 0.01
0 1.270856 0.690449 0.01 0.01
0 1.335278 0.750682 0.01 0.01
0 1.359436 0.716550 0.01 0.01
0 1.359436 0.672379 0.01 0.01
0 1.391646 0.642262 0.01 0.01
0 1.413791 0.770760 0.01 0.01
0 1.443989 0.760721 0.01 0.01
0 1.470160 0.742651 0.01 0.01
0 1.452042 0.684426 0.01 0.01
0 1.421844 0.622185 0.01 0.01
0 1.425870 0.588052 0.01 0.01
0 1.446002 0.539866 0.01 0.01
0 1.502371 0.608130 0.01 0.01
0 1.510423 0.569983 0.01 0.01
0 1.033302 0.720565 0.01 0.01
0 0.968881 0.752690 0.01 0.01
0 0.912512 0.762729 0.01 0.01
0 0.882315 0.782806 0.01 0.01
0 0.848091 0.758713 0.01 0.01
0 0.793735 0.750682 0.01 0.01
0 0.723274 0.768752 0.01 0.01
0 0.725287 0.712534 0.01 0.01
0 0.799775 0.716550 0.01 0.01
0 0.858157 0.678402 0.01 0.01
0 0.926604 0.666356 0.01 0.01
0 0.876275 0.642262 0.01 0.01
0 0.900433 0.600099 0.01 0.01
0 0.982973 0.638247 0.01 0.01
0 0.995052 0.602107 0.01 0.01
0 1.049408 0.628208 0.01 0.01
0 1.103763 0.584037 0.01 0.01
0 1.059473 0.582029 0.01 0.01
0 1.182277 0.588052 0.01 0.01
0 1.226567 0.531835 0.01 0.01
0 1.178250 0.541874 0.01 0.01
0 1.238646 0.511757 0.01 0.01
0 1.323199 0.547897 0.01 0.01
0 1.282935 0.614154 0.01 0.01
0 1.252738 0.590060 0.01 0.01
0 1.381581 0.531835 0.01 0.01
0 1.321186 0.499711 0.01 0.01
0 1.381581 0.499711 0.01 0.01
0 1.349370 0.475617 0.01 0.01
0 1.441976 0.479633 0.01 0.01
0 1.468147 0.519788 0.01 0.01
0 1.025250 0.555928 0.01 0.01
0 1.045381 0.517780 0.01 0.01
0 1.047394 0.477625 0.01 0.01
0 1.077592 0.495695 0.01 0.01
0 1.125908 0.495695 0.01 0.01
0 1.164158 0.467586 0.01 0.01
0 1.194356 0.463571 0.01 0.01
0 1.212474 0.465578 0.01 0.01
0 1.129934 0.455540 0.01 0.01
0 1.073566 0.425423 0.01 0.01
0 1.121882 0.403337 0.01 0.01
0 0.997065 0.511757 0.01 0.01
0 1.009144 0.469594 0.01 0.01
0 0.932644 0.513765 0.01 0.01
0 0.952776 0.584037 0.01 0.01
0 0.842051 0.612146 0.01 0.01
0 0.787696 0.576006 0.01 0.01
0 0.817893 0.578014 0.01 0.01
0 0.793735 0.656317 0.01 0.01
0 0.737366 0.624192 0.01 0.01
0 0.703143 0.598091 0.01 0.01
0 0.689050 0.654309 0.01 0.01
0 0.662879 0.698480 0.01 0.01
0 0.592418 0.716550 0.01 0.01
0 0.576313 0.690449 0.01 0.01
0 0.628655 0.668363 0.01 0.01
0 0.572287 0.642262 0.01 0.01
0 0.527997 0.632223 0.01 0.01
0 0.477668 0.678402 0.01 0.01
0 0.493773 0.762729 0.01 0.01
0 0.399154 0.734620 0.01 0.01
0 0.397141 0.682418 0.01 0.01
0 0.372983 0.650293 0.01 0.01
0 0.312588 0.702495 0.01 0.01
0 0.215956 0.674387 0.01 0.01
0 0.191798 0.728597 0.01 0.01
0 0.163613 0.672379 0.01 0.01
0 0.127376 0.772767 0.01 0.01
0 0.083086 0.706511 0.01 0.01
0 0.089126 0.658324 0.01 0.01
0 0.105231 0.630216 0.01 0.01
0 0.141468 0.638247 0.01 0.01
0 0.224008 0.628208 0.01 0.01
0 0.236087 0.588052 0.01 0.01
0 0.276351 0.614154 0.01 0.01
0 0.379022 0.578014 0.01 0.01
0 0.344798 0.634231 0.01 0.01
0 0.393114 0.626200 0.01 0.01
0 0.407207 0.604115 0.01 0.01
0 0.431365 0.557936 0.01 0.01
0 0.473641 0.590060 0.01 0.01
0 0.497799 0.553920 0.01 0.01
0 0.519944 0.580021 0.01 0.01
0 0.503839 0.515773 0.01 0.01
0 0.544102 0.531835 0.01 0.01
0 0.572287 0.563959 0.01 0.01
0 0.600471 0.561951 0.01 0.01
0 0.584366 0.503726 0.01 0.01
0 0.604497 0.533843 0.01 0.01
0 0.566247 0.537858 0.01 0.01
0 0.654826 0.531835 0.01 0.01
0 0.672945 0.543881 0.01 0.01
0 0.638721 0.592068 0.01 0.01
0 0.680998 0.503726 0.01 0.01
0 0.723274 0.523804 0.01 0.01
0 0.745419 0.521796 0.01 0.01
0 0.787696 0.501718 0.01 0.01
0 0.823933 0.537858 0.01 0.01
0 0.838025 0.501718 0.01 0.01
0 0.878288 0.501718 0.01 0.01
0 0.856143 0.465578 0.01 0.01
0 0.823933 0.461563 0.01 0.01
0 0.926604 0.449516 0.01 0.01
0 0.948749 0.493687 0.01 0.01
0 0.958815 0.455540 0.01 0.01
0 0.968881 0.431446 0.01 0.01
0 1.029276 0.421407 0.01 0.01
0 1.013171 0.407353 0.01 0.01
0 1.033302 0.393299 0.01 0.01
0 1.053434 0.371213 0.01 0.01
0 1.077592 0.351135 0.01 0.01
0 1.127921 0.355151 0.01 0.01
0 1.391646 0.387275 0.01 0.01
0 1.437949 0.381252 0.01 0.01
0 1.429897 0.349128 0.01 0.01
0 1.421844 0.327042 0.01 0.01
0 1.450028 0.319011 0.01 0.01
0 1.476200 0.357159 0.01 0.01
0 1.486265 0.381252 0.01 0.01
0 1.500358 0.296926 0.01 0.01
0 1.490292 0.248739 0.01 0.01
0 1.431910 0.266809 0.01 0.01
0 1.097724 0.323027 0.01 0.01
0 1.079605 0.317003 0.01 0.01
0 1.148053 0.317003 0.01 0.01
0 1.115842 0.278856 0.01 0.01
0 1.146040 0.270824 0.01 0.01
0 1.196369 0.266809 0.01 0.01
0 1.216501 0.276848 0.01 0.01
0 1.230593 0.294918 0.01 0.01
0 1.307093 0.302949 0.01 0.01
0 1.288975 0.268817 0.01 0.01
0 1.272869 0.248739 0.01 0.01
0 1.250725 0.226654 0.01 0.01
0 1.234619 0.226654 0.01 0.01
0 1.196369 0.222638 0.01 0.01
0 1.174224 0.228661 0.01 0.01
0 1.325212 0.254762 0.01 0.01
0 1.333265 0.232677 0.01 0.01
0 1.337291 0.214607 0.01 0.01
0 1.309106 0.196537 0.01 0.01
0 1.303067 0.178467 0.01 0.01
0 1.307093 0.154374 0.01 0.01
0 1.339304 0.162405 0.01 0.01
0 1.341317 0.152366 0.01 0.01
0 1.365475 0.190514 0.01 0.01
0 1.365475 0.156381 0.01 0.01
0 1.395673 0.170436 0.01 0.01
0 1.454055 0.170436 0.01 0.01
0 1.484252 0.188506 0.01 0.01
0 1.488279 0.218622 0.01 0.01
0 1.504384 0.220630 0.01 0.01
0 1.454055 0.206576 0.01 0.01
0 1.439962 0.216615 0.01 0.01
0 1.417818 0.244723 0.01 0.01
0 1.045381 0.310980 0.01 0.01
0 1.047394 0.290902 0.01 0.01
0 1.061487 0.274840 0.01 0.01
0 1.035315 0.258778 0.01 0.01
0 0.976934 0.276848 0.01 0.01
0 0.991026 0.306964 0.01 0.01
0 0.956802 0.321019 0.01 0.01
0 0.936670 0.335073 0.01 0.01
0 0.892380 0.335073 0.01 0.01
0 0.874262 0.391291 0.01 0.01
0 0.910499 0.377236 0.01 0.01
0 0.932644 0.365190 0.01 0.01
0 0.954789 0.397314 0.01 0.01
0 0.974920 0.353143 0.01 0.01
0 1.015184 0.357159 0.01 0.01
0 1.033302 0.319011 0.01 0.01
0 0.827959 0.419400 0.01 0.01
0 0.813867 0.403337 0.01 0.01
0 0.743406 0.379244 0.01 0.01
0 0.666905 0.411369 0.01 0.01
0 0.646774 0.437470 0.01 0.01
0 0.632682 0.459555 0.01 0.01
0 0.656840 0.469594 0.01 0.01
0 0.703143 0.421407 0.01 0.01
0 0.761524 0.355151 0.01 0.01
0 0.721261 0.339089 0.01 0.01
0 0.747432 0.335073 0.01 0.01
0 0.755485 0.314995 0.01 0.01
0 0.787696 0.298933 0.01 0.01
0 0.884328 0.288894 0.01 0.01
0 0.850104 0.302949 0.01 0.01
0 0.864196 0.260786 0.01 0.01
0 0.876275 0.232677 0.01 0.01
0 0.592418 0.389283 0.01 0.01
0 0.606510 0.403337 0.01 0.01
0 0.397141 0.433454 0.01 0.01
0 0.358891 0.477625 0.01 0.01
0 0.306548 0.495695 0.01 0.01
0 0.197837 0.517780 0.01 0.01
0 0.179719 0.501718 0.01 0.01
0 0.173679 0.457547 0.01 0.01
0 0.211929 0.475617 0.01 0.01
0 0.111271 0.584037 0.01 0.01
0 0.175692 0.598091 0.01 0.01
0 0.145495 0.561951 0.01 0.01
0 0.129389 0.521796 0.01 0.01
0 0.081073 0.511757 0.01 0.01
0 0.081073 0.493687 0.01 0.01
0 0.087113 0.477625 0.01 0.01
0 0.117310 0.459555 0.01 0.01
0 0.127376 0.421407 0.01 0.01
0 0.135429 0.407353 0.01 0.01
0 0.157574 0.427431 0.01 0.01
0 0.183745 0.419400 0.01 0.01
0 0.207903 0.415384 0.01 0.01
0 0.252193 0.433454 0.01 0.01
0 0.248166 0.393299 0.01 0.01
0 0.288430 0.471602 0.01 0.01
0 0.296482 0.445501 0.01 0.01
0 0.306548 0.421407 0.01 0.01
0 0.336746 0.395306 0.01 0.01
0 0.332719 0.361174 0.01 0.01
0 0.358891 0.367198 0.01 0.01
0 0.322654 0.337081 0.01 0.01
0 0.483707 0.377236 0.01 0.01
0 0.427338 0.397314 0.01 0.01
0 0.433378 0.453532 0.01 0.01
0 0.413246 0.511757 0.01 0.01
0 0.330706 0.499711 0.01 0.01
0 0.270311 0.507742 0.01 0.01
0 0.272324 0.565967 0.01 0.01
0 0.370970 0.525812 0.01 0.01
0 0.473641 0.503726 0.01 0.01
0 0.487733 0.471602 0.01 0.01
0 0.521957 0.491679 0.01 0.01
0 0.598458 0.479633 0.01 0.01
0 0.538063 0.467586 0.01 0.01
0 0.527997 0.419400 0.01 0.01
0 0.465589 0.415384 0.01 0.01
0 0.592418 0.339089 0.01 0.01
0 0.560208 0.314995 0.01 0.01
0 0.582352 0.314995 0.01 0.01
0 0.584366 0.290902 0.01 0.01
0 0.642747 0.300941 0.01 0.01
0 0.634695 0.327042 0.01 0.01
0 0.658853 0.369205 0.01 0.01
0 0.664892 0.339089 0.01 0.01
0 0.705156 0.298933 0.01 0.01
0 0.743406 0.268817 0.01 0.01
0 0.765551 0.260786 0.01 0.01
0 0.139455 0.375229 0.01 0.01
0 0.159587 0.357159 0.01 0.01
0 0.121337 0.335073 0.01 0.01
0 0.081073 0.339089 0.01 0.01
0 0.133416 0.308972 0.01 0.01
0 0.123350 0.286887 0.01 0.01
0 0.093152 0.276848 0.01 0.01
0 0.073021 0.268817 0.01 0.01
0 0.167640 0.270824 0.01 0.01
0 0.195824 0.270824 0.01 0.01
0 0.197837 0.282871 0.01 0.01
0 0.217969 0.337081 0.01 0.01
0 0.250179 0.327042 0.01 0.01
0 0.250179 0.282871 0.01 0.01
0 0.268298 0.325034 0.01 0.01
0 0.300509 0.302949 0.01 0.01
0 0.258232 0.206576 0.01 0.01
0 0.374996 0.337081 0.01 0.01
0 0.368956 0.306964 0.01 0.01
0 0.407207 0.302949 0.01 0.01
0 0.423312 0.323027 0.01 0.01
0 0.411233 0.349128 0.01 0.01
0 0.469615 0.351135 0.01 0.01
0 0.463575 0.329050 0.01 0.01
0 0.463575 0.304957 0.01 0.01
0 0.489747 0.292910 0.01 0.01
0 0.501826 0.325034 0.01 0.01
0 0.511891 0.282871 0.01 0.01
0 0.546115 0.296926 0.01 0.01
0 0.544102 0.381252 0.01 0.01
0 0.505852 0.371213 0.01 0.01
0 0.554168 0.367198 0.01 0.01
0 0.536049 0.351135 0.01 0.01
0 0.507865 0.234685 0.01 0.01
0 0.455523 0.216615 0.01 0.01
0 0.344798 0.230669 0.01 0.01
0 0.383049 0.228661 0.01 0.01
0 0.326680 0.186498 0.01 0.01
0 0.747432 0.421407 0.01 0.01
0 0.783669 0.423415 0.01 0.01
0 0.680998 0.184490 0.01 0.01
0 0.717235 0.170436 0.01 0.01
0 0.751459 0.200552 0.01 0.01
0 0.773603 0.144335 0.01 0.01
0 0.813867 0.184490 0.01 0.01
0 0.846078 0.150358 0.01 0.01
0 0.864196 0.182483 0.01 0.01
0 0.892380 0.152366 0.01 0.01
0 0.904459 0.114218 0.01 0.01
0 0.952776 0.138312 0.01 0.01
0 0.471628 0.144335 0.01 0.01
0 0.451496 0.148350 0.01 0.01
0 0.423312 0.128273 0.01 0.01
0 0.374996 0.130280 0.01 0.01
0 0.366943 0.172444 0.01 0.01
0 0.499812 0.200552 0.01 0.01
0 0.546115 0.194529 0.01 0.01
0 0.576313 0.192521 0.01 0.01
0 0.558194 0.150358 0.01 0.01
0 0.566247 0.122249 0.01 0.01
0 0.596445 0.160397 0.01 0.01
0 0.620603 0.144335 0.01 0.01
0 0.632682 0.132288 0.01 0.01
0 0.680998 0.160397 0.01 0.01
0 1.001092 0.232677 0.01 0.01
0 1.011157 0.210591 0.01 0.01
0 1.011157 0.184490 0.01 0.01
0 0.995052 0.164413 0.01 0.01
0 0.993039 0.140319 0.01 0.01
0 1.021223 0.162405 0.01 0.01
0 1.041355 0.166420 0.01 0.01
0 1.069539 0.162405 0.01 0.01
0 1.087658 0.188506 0.01 0.01
0 1.051421 0.208584 0.01 0.01
0 1.101750 0.202560 0.01 0.01
0 1.101750 0.226654 0.01 0.01
0 1.075579 0.240708 0.01 0.01
0 1.148053 0.210591 0.01 0.01
0 1.140000 0.172444 0.01 0.01
0 1.164158 0.176459 0.01 0.01
0 1.162145 0.142327 0.01 0.01
0 1.089671 0.164413 0.01 0.01
0 0.733340 0.140319 0.01 0.01
0 0.699116 0.134296 0.01 0.01
0 0.731327 0.110203 0.01 0.01
0 0.793735 0.118234 0.01 0.01
0 0.809841 0.100164 0.01 0.01
0 0.215956 0.122249 0.01 0.01
0 0.171666 0.120242 0.01 0.01
0 0.334733 0.150358 0.01 0.01
0 0.328693 0.120242 0.01 0.01
0 0.356877 0.122249 0.01 0.01
0 0.274337 0.098156 0.01 0.01
0 0.258232 0.140319 0.01 0.01
0 1.182277 1.102042 0.01 0.01
0 1.250725 0.112211 0.01 0.01
0 1.212474 0.158389 0.01 0.01
0 1.230593 0.134296 0.01 0.01
0 1.240659 0.192521 0.01 0.01
0 1.260790 0.182483 0.01 0.01
0 1.268843 0.160397 0.01 0.01
0 1.325212 0.120242 0.01 0.01
0 1.353396 0.114218 0.01 0.01
0 1.385607 0.116226 0.01 0.01
0 1.427883 0.106187 0.01 0.01
0 1.466134 0.114218 0.01 0.01
0 1.423857 0.154374 0.01 0.01
0 1.140000 0.094141 0.01 0.01
0 1.178250 0.088117 0.01 0.01
0 1.069539 0.136304 0.01 0.01
0 1.069539 0.112211 0.01 0.01
0 1.087658 0.100164 0.01 0.01
0 0.906473 0.252755 0.01 0.01
0 0.906473 0.228661 0.01 0.01
0 0.854130 0.206576 0.01 0.01
0 0.908486 0.192521 0.01 0.01
0 0.940697 0.254762 0.01 0.01
0 0.952776 0.206576 0.01 0.01
0 0.940697 0.176459 0.01 0.01
0 0.354864 0.441485 0.01 0.01
0 0.374996 0.397314 0.01 0.01
0 0.290443 0.176459 0.01 0.01
0 0.087113 0.100164 0.01 0.01
0 0.109258 0.130280 0.01 0.01
0 0.131402 0.108195 0.01 0.01
0 0.153547 0.100164 0.01 0.01
0 0.230048 0.088117 0.01 0.01
0 0.381035 0.106187 0.01 0.01
0 0.558194 0.268817 0.01 0.01
0 0.548129 0.248739 0.01 0.01
0 0.582352 0.256770 0.01 0.01
0 1.125908 0.118234 0.01 0.01
