0 0.526159 0.935831 0.01 0.01
0 0.530606 0.804635 0.01 0.01
0 0.486133 1.109277 0.01 0.01
0 0.813011 1.151526 0.01 0.01
0 1.010917 0.815753 0.01 0.01
0 1.082074 0.982528 0.01 0.01
0 1.151008 1.127066 0.01 0.01
0 1.266638 0.902476 0.01 0.01
0 1.373374 1.029225 0.01 0.01
0 1.355585 0.715688 0.01 0.01
0 1.540149 0.844661 0.01 0.01
0 1.555714 0.640084 0.01 0.01
0 1.173245 0.704570 0.01 0.01
0 1.253296 0.655650 0.01 0.01
0 1.213270 0.591163 0.01 0.01
0 1.097640 0.620071 0.01 0.01
0 0.875274 0.744596 0.01 0.01
0 0.953102 0.704570 0.01 0.01
0 0.904182 0.644531 0.01 0.01
0 0.977562 0.608953 0.01 0.01
0 0.850814 0.580045 0.01 0.01
0 0.781880 0.666768 0.01 0.01
0 0.695157 0.720136 0.01 0.01
0 0.532830 0.680110 0.01 0.01
0 0.257096 0.762385 0.01 0.01
0 0.128124 0.655650 0.01 0.01
0 0.334924 0.720136 0.01 0.01
0 0.350490 0.648979 0.01 0.01
0 0.319359 0.604505 0.01 0.01
0 0.214846 0.611176 0.01 0.01
0 0.270438 0.571150 0.01 0.01
0 0.239307 0.580045 0.01 0.01
0 0.359384 0.597834 0.01 0.01
0 0.455002 0.586716 0.01 0.01
0 0.490580 0.535572 0.01 0.01
0 0.639566 0.588940 0.01 0.01
0 0.559514 0.608953 0.01 0.01
0 0.601764 0.511112 0.01 0.01
0 0.650684 0.513335 0.01 0.01
0 0.684039 0.533348 0.01 0.01
0 0.746302 0.531125 0.01 0.01
0 0.784104 0.526677 0.01 0.01
0 0.790775 0.477757 0.01 0.01
0 0.868603 0.508888 0.01 0.01
0 0.926418 0.484428 0.01 0.01
0 1.004246 0.488875 0.01 0.01
0 1.066509 0.453296 0.01 0.01
0 1.148784 0.544466 0.01 0.01
0 1.066509 0.524454 0.01 0.01
0 1.191034 0.473309 0.01 0.01
0 1.237731 0.495546 0.01 0.01
0 1.373374 0.533348 0.01 0.01
0 1.357808 0.477757 0.01 0.01
0 1.520136 0.497770 0.01 0.01
0 1.500123 0.446625 0.01 0.01
0 1.482333 0.493322 0.01 0.01
0 1.395611 0.453296 0.01 0.01
0 1.306664 0.402152 0.01 0.01
0 1.253296 0.451073 0.01 0.01
0 1.139890 0.415494 0.01 0.01
0 0.557290 0.475533 0.01 0.01
0 0.535054 0.540019 0.01 0.01
0 0.132571 0.540019 0.01 0.01
0 0.157031 0.455520 0.01 0.01
0 0.194833 0.522230 0.01 0.01
0 0.201504 0.464415 0.01 0.01
0 0.243754 0.493322 0.01 0.01
0 0.281556 0.477757 0.01 0.01
0 0.261543 0.442178 0.01 0.01
0 0.243754 0.417718 0.01 0.01
0 0.317135 0.446625 0.01 0.01
0 0.397187 0.455520 0.01 0.01
0 0.388292 0.495546 0.01 0.01
0 0.439436 0.502217 0.01 0.01
0 0.457226 0.488875 0.01 0.01
0 0.486133 0.471086 0.01 0.01
0 0.434989 0.451073 0.01 0.01
0 0.414976 0.415494 0.01 0.01
0 0.357161 0.422165 0.01 0.01
0 0.346042 0.393258 0.01 0.01
0 0.317135 0.399928 0.01 0.01
0 0.583974 0.439954 0.01 0.01
0 0.630671 0.439954 0.01 0.01
0 0.670697 0.424389 0.01 0.01
0 0.704052 0.428836 0.01 0.01
0 0.750749 0.424389 0.01 0.01
0 0.792998 0.435507 0.01 0.01
0 0.808564 0.404376 0.01 0.01
0 0.913076 0.433283 0.01 0.01
0 0.804117 0.388810 0.01 0.01
0 0.439436 0.402152 0.01 0.01
0 0.461673 0.415494 0.01 0.01
0 0.470568 0.384363 0.01 0.01
0 0.557290 0.428836 0.01 0.01
0 0.621777 0.397705 0.01 0.01
0 0.655131 0.391034 0.01 0.01
0 0.710723 0.368797 0.01 0.01
0 0.697381 0.355455 0.01 0.01
0 0.701828 0.584492 0.01 0.01
0 0.412752 0.537795 0.01 0.01
0 0.314911 0.513335 0.01 0.01
0 0.286004 0.524454 0.01 0.01
0 0.541725 0.397705 0.01 0.01
0 0.568409 0.371021 0.01 0.01
0 0.550619 0.362126 0.01 0.01
0 0.603987 0.371021 0.01 0.01
0 0.652908 0.366574 0.01 0.01
0 0.837472 0.366574 0.01 0.01
0 0.921971 0.382139 0.01 0.01
0 0.857485 0.364350 0.01 0.01
0 1.010917 0.439954 0.01 0.01
0 0.953102 0.459967 0.01 0.01
0 1.035378 0.391034 0.01 0.01
0 0.999799 0.393258 0.01 0.01
0 1.057614 0.362126 0.01 0.01
0 1.017588 0.359903 0.01 0.01
0 1.062061 0.337666 0.01 0.01
0 1.093193 0.402152 0.01 0.01
0 1.215494 0.426612 0.01 0.01
0 1.202152 0.366574 0.01 0.01
0 1.222165 0.364350 0.01 0.01
0 1.275533 0.348784 0.01 0.01
0 1.304441 0.357679 0.01 0.01
0 1.335572 0.364350 0.01 0.01
0 1.377821 0.366574 0.01 0.01
0 1.431189 0.397705 0.01 0.01
0 1.413400 0.397705 0.01 0.01
0 1.446755 0.368797 0.01 0.01
0 1.475663 0.375468 0.01 0.01
0 1.506794 0.402152 0.01 0.01
0 1.529030 0.362126 0.01 0.01
0 0.770762 0.422165 0.01 0.01
0 0.761867 0.397705 0.01 0.01
0 0.768538 0.377692 0.01 0.01
0 0.786327 0.357679 0.01 0.01
0 0.642067 0.309314 0.01 0.01
0 0.612604 0.283186 0.01 0.01
0 0.603153 0.334330 0.01 0.01
0 0.582029 0.327104 0.01 0.01
0 0.618163 0.324324 0.01 0.01
0 0.819960 0.333775 0.01 0.01
0 0.808286 0.321544 0.01 0.01
0 0.854983 0.422721 0.01 0.01
0 0.494194 0.222591 0.01 0.01
0 0.736573 0.312650 0.01 0.01
0 0.756030 0.309314 0.01 0.01
0 0.770484 0.326548 0.01 0.01
0 0.638732 0.357679 0.01 0.01
0 0.619831 0.342113 0.01 0.01
0 0.499197 0.390478 0.01 0.01
0 0.588700 0.359347 0.01 0.01
0 0.416088 0.383807 0.01 0.01
0 0.400522 0.362682 0.01 0.01
0 0.426094 0.358235 0.01 0.01
0 0.438324 0.368241 0.01 0.01
0 0.477239 0.318209 0.01 0.01
0 0.928642 0.347117 0.01 0.01
0 0.986457 0.327104 0.01 0.01
0 0.964220 0.340446 0.01 0.01
0 1.025371 0.337110 0.01 0.01
0 1.008694 0.311538 0.01 0.01
0 1.037601 0.315985 0.01 0.01
0 0.546172 0.287078 0.01 0.01
0 0.308240 0.381583 0.01 0.01
0 0.382733 0.322656 0.01 0.01
0 0.397187 0.275959 0.01 0.01
0 0.396075 0.245940 0.01 0.01
0 0.427206 0.241493 0.01 0.01
0 0.418311 0.269288 0.01 0.01
0 0.496140 0.261506 0.01 0.01
0 0.616217 0.357123 0.01 0.01
0 0.936425 0.677330 0.01 0.01
0 0.682927 0.676218 0.01 0.01
0 0.377174 0.535016 0.01 0.01
0 0.529495 0.507220 0.01 0.01
0 0.576191 0.308202 0.01 0.01
0 0.566185 0.295972 0.01 0.01
0 0.530606 0.290413 0.01 0.01
0 0.939760 0.328215 0.01 0.01
0 0.687375 0.337110 0.01 0.01
0 0.655131 0.335998 0.01 0.01
0 0.685151 0.320433 0.01 0.01
0 0.709841 0.340723 0.01 0.01
0 0.719847 0.328493 0.01 0.01
0 0.549785 0.312094 0.01 0.01
0 0.521990 0.344337 0.01 0.01
0 0.503644 0.354899 0.01 0.01
0 0.488635 0.365462 0.01 0.01
0 0.516431 0.379916 0.01 0.01
0 0.469734 0.343225 0.01 0.01
0 0.489191 0.348784 0.01 0.01
0 0.453612 0.330995 0.01 0.01
0 0.450833 0.273180 0.01 0.01
0 0.479740 0.274292 0.01 0.01
0 0.453612 0.250387 0.01 0.01
0 0.439158 0.244828 0.01 0.01
0 0.476405 0.239269 0.01 0.01
0 0.496973 0.241493 0.01 0.01
0 0.553121 0.233154 0.01 0.01
0 0.526437 0.201467 0.01 0.01
0 0.528105 0.232042 0.01 0.01
0 0.514763 0.228151 0.01 0.01
0 0.543670 0.198687 0.01 0.01
0 0.558680 0.202023 0.01 0.01
0 0.580917 0.192572 0.01 0.01
0 0.567019 0.191460 0.01 0.01
0 0.564795 0.198131 0.01 0.01
0 0.578137 0.234822 0.01 0.01
0 0.572578 0.216476 0.01 0.01
0 0.597038 0.241493 0.01 0.01
0 0.610380 0.226483 0.01 0.01
0 0.620387 0.233154 0.01 0.01
0 0.635952 0.237601 0.01 0.01
0 0.649850 0.244272 0.01 0.01
0 0.647071 0.200911 0.01 0.01
0 0.634841 0.200911 0.01 0.01
0 0.618719 0.202579 0.01 0.01
0 0.610380 0.203134 0.01 0.01
0 0.599262 0.205358 0.01 0.01
0 0.585920 0.206470 0.01 0.01
0 0.593703 0.184233 0.01 0.01
0 0.615939 0.180342 0.01 0.01
0 0.631505 0.174783 0.01 0.01
0 0.644291 0.175895 0.01 0.01
0 0.653742 0.179230 0.01 0.01
0 0.662636 0.175895 0.01 0.01
0 0.672643 0.180342 0.01 0.01
0 0.678202 0.171447 0.01 0.01
0 0.685429 0.178118 0.01 0.01
0 0.695991 0.176451 0.01 0.01
0 0.697103 0.169224 0.01 0.01
0 0.711557 0.170891 0.01 0.01
0 0.715448 0.163109 0.01 0.01
0 0.693768 0.209805 0.01 0.01
0 0.682093 0.199243 0.01 0.01
0 0.669863 0.198131 0.01 0.01
0 0.660969 0.224259 0.01 0.01
0 0.688764 0.235933 0.01 0.01
0 0.700439 0.227039 0.01 0.01
0 0.716560 0.224815 0.01 0.01
0 0.730458 0.243716 0.01 0.01
0 0.738241 0.213141 0.01 0.01
0 0.733238 0.183121 0.01 0.01
0 0.746024 0.180342 0.01 0.01
0 0.769928 0.200911 0.01 0.01
0 0.761589 0.202023 0.01 0.01
0 0.753250 0.229262 0.01 0.01
0 0.779934 0.234266 0.01 0.01
0 0.810510 0.230930 0.01 0.01
0 0.784382 0.188125 0.01 0.01
0 0.533108 0.277071 0.01 0.01
0 0.539223 0.278739 0.01 0.01
0 0.543114 0.271512 0.01 0.01
0 0.554789 0.278739 0.01 0.01
0 0.558680 0.265953 0.01 0.01
0 0.568687 0.272624 0.01 0.01
0 0.567575 0.285410 0.01 0.01
0 0.578693 0.287634 0.01 0.01
0 0.593703 0.290413 0.01 0.01
0 0.584252 0.275403 0.01 0.01
0 0.602042 0.288189 0.01 0.01
0 0.599818 0.279295 0.01 0.01
0 0.590367 0.270400 0.01 0.01
0 0.608712 0.269844 0.01 0.01
0 0.621499 0.277627 0.01 0.01
0 0.625946 0.309314 0.01 0.01
0 0.625946 0.293193 0.01 0.01
0 0.640400 0.292081 0.01 0.01
0 0.630393 0.277071 0.01 0.01
0 0.645403 0.278183 0.01 0.01
0 0.654298 0.287078 0.01 0.01
0 0.672087 0.289301 0.01 0.01
0 0.666528 0.329883 0.01 0.01
0 0.649294 0.328771 0.01 0.01
0 0.549785 0.346561 0.01 0.01
0 0.544226 0.337666 0.01 0.01
0 0.518654 0.328771 0.01 0.01
0 0.682649 0.307647 0.01 0.01
0 0.682093 0.299308 0.01 0.01
0 0.689320 0.293749 0.01 0.01
0 0.678202 0.279851 0.01 0.01
0 0.710445 0.294860 0.01 0.01
0 0.700439 0.276515 0.01 0.01
0 0.701550 0.319877 0.01 0.01
0 0.710445 0.306535 0.01 0.01
0 0.738241 0.292081 0.01 0.01
0 0.729902 0.280963 0.01 0.01
0 0.718228 0.270400 0.01 0.01
0 0.752695 0.287634 0.01 0.01
0 0.741020 0.280963 0.01 0.01
0 0.758810 0.295972 0.01 0.01
0 0.782714 0.315429 0.01 0.01
0 0.768260 0.309870 0.01 0.01
0 0.746024 0.327659 0.01 0.01
0 0.748247 0.349896 0.01 0.01
0 0.743800 0.338778 0.01 0.01
0 0.781602 0.287634 0.01 0.01
0 0.771040 0.283186 0.01 0.01
0 0.758810 0.280407 0.01 0.01
0 0.794944 0.305979 0.01 0.01
0 0.802171 0.290413 0.01 0.01
0 0.598150 0.399373 0.01 0.01
0 0.535332 0.384363 0.01 0.01
0 0.468066 0.358791 0.01 0.01
0 0.799780 0.175895 0.01 0.01
0 0.813122 0.178118 0.01 0.01
0 0.793665 0.216476 0.01 0.01
0 0.835359 0.194796 0.01 0.01
0 0.821461 0.203134 0.01 0.01
0 0.849813 0.198131 0.01 0.01
0 0.835915 0.230374 0.01 0.01
0 0.857596 0.230930 0.01 0.01
0 0.858707 0.202579 0.01 0.01
0 0.871494 0.204802 0.01 0.01
0 0.883724 0.202579 0.01 0.01
0 0.885947 0.194796 0.01 0.01
0 0.899289 0.198131 0.01 0.01
0 0.906516 0.202023 0.01 0.01
0 0.910408 0.239269 0.01 0.01
0 0.916523 0.199243 0.01 0.01
0 0.933756 0.203690 0.01 0.01
0 0.928753 0.206470 0.01 0.01
0 0.952101 0.208138 0.01 0.01
0 0.952101 0.193128 0.01 0.01
0 0.964887 0.192572 0.01 0.01
0 0.968779 0.202579 0.01 0.01
0 0.944874 0.234266 0.01 0.01
0 0.926529 0.235933 0.01 0.01
0 0.967667 0.234822 0.01 0.01
0 0.982677 0.245940 0.01 0.01
0 0.981565 0.209805 0.01 0.01
0 0.984900 0.198131 0.01 0.01
0 0.996574 0.197575 0.01 0.01
0 1.004357 0.196463 0.01 0.01
0 1.012696 0.213141 0.01 0.01
0 1.020479 0.196463 0.01 0.01
0 1.032709 0.203134 0.01 0.01
0 0.830912 0.295416 0.01 0.01
0 0.832024 0.322656 0.01 0.01
0 0.827020 0.311538 0.01 0.01
0 0.809231 0.280963 0.01 0.01
0 0.854816 0.288745 0.01 0.01
0 0.844810 0.288189 0.01 0.01
0 0.858152 0.335442 0.01 0.01
0 0.845365 0.344337 0.01 0.01
0 0.827576 0.351008 0.01 0.01
0 0.800336 0.362126 0.01 0.01
0 0.770317 0.348228 0.01 0.01
0 0.785883 0.368241 0.01 0.01
0 0.879276 0.357679 0.01 0.01
0 0.884280 0.334330 0.01 0.01
0 0.859819 0.321544 0.01 0.01
0 0.848701 0.312094 0.01 0.01
0 0.824797 0.284854 0.01 0.01
0 0.882612 0.306535 0.01 0.01
0 0.872049 0.295972 0.01 0.01
0 0.864267 0.277071 0.01 0.01
0 0.872605 0.310426 0.01 0.01
0 0.894842 0.364906 0.01 0.01
0 0.902625 0.372133 0.01 0.01
0 0.920970 0.330995 0.01 0.01
0 0.907072 0.308758 0.01 0.01
0 0.934312 0.304867 0.01 0.01
0 0.928197 0.288189 0.01 0.01
0 0.923750 0.275403 0.01 0.01
0 0.896510 0.274848 0.01 0.01
0 0.905404 0.297084 0.01 0.01
0 0.887059 0.295416 0.01 0.01
0 0.962664 0.304311 0.01 0.01
0 0.944874 0.319321 0.01 0.01
0 0.963775 0.292637 0.01 0.01
0 0.971002 0.278739 0.01 0.01
0 0.945986 0.276515 0.01 0.01
0 0.991571 0.299308 0.01 0.01
0 1.001022 0.298752 0.01 0.01
0 0.997686 0.282630 0.01 0.01
0 1.008249 0.280963 0.01 0.01
0 1.019367 0.283742 0.01 0.01
0 1.029373 0.293193 0.01 0.01
0 1.027706 0.275959 0.01 0.01
0 1.039936 0.278183 0.01 0.01
0 1.052166 0.294860 0.01 0.01
0 1.054390 0.323768 0.01 0.01
0 1.003245 0.365462 0.01 0.01
0 0.912075 0.425501 0.01 0.01
0 1.049942 0.283742 0.01 0.01
0 1.061061 0.284298 0.01 0.01
0 1.056613 0.277627 0.01 0.01
0 1.052722 0.272068 0.01 0.01
0 1.062172 0.273736 0.01 0.01
0 1.067732 0.274848 0.01 0.01
0 0.880666 0.403820 0.01 0.01
0 0.855094 0.400484 0.01 0.01
0 1.086633 0.341001 0.01 0.01
0 1.077738 0.322656 0.01 0.01
0 1.071067 0.313762 0.01 0.01
0 1.127215 0.320433 0.01 0.01
0 1.124435 0.352676 0.01 0.01
0 1.155010 0.338222 0.01 0.01
0 1.174467 0.373245 0.01 0.01
0 1.188365 0.341001 0.01 0.01
0 1.199484 0.325992 0.01 0.01
0 1.230615 0.338222 0.01 0.01
0 1.215049 0.325436 0.01 0.01
0 1.250628 0.336554 0.01 0.01
0 1.251184 0.320433 0.01 0.01
0 1.236730 0.304311 0.01 0.01
0 1.226723 0.314873 0.01 0.01
0 1.205599 0.317653 0.01 0.01
0 1.281203 0.381027 0.01 0.01
0 1.170576 0.471642 0.01 0.01
0 1.198928 0.442178 0.01 0.01
0 1.119988 0.449405 0.01 0.01
0 1.161125 0.418830 0.01 0.01
0 1.146116 0.387142 0.01 0.01
0 1.134441 0.369353 0.01 0.01
0 1.102754 0.299864 0.01 0.01
0 1.088856 0.289301 0.01 0.01
0 1.068288 0.286522 0.01 0.01
0 1.088301 0.280407 0.01 0.01
0 1.079406 0.278183 0.01 0.01
0 1.110537 0.288189 0.01 0.01
0 1.122767 0.297640 0.01 0.01
0 1.126659 0.308758 0.01 0.01
0 1.156122 0.295416 0.01 0.01
0 1.154454 0.284298 0.01 0.01
0 1.164461 0.287634 0.01 0.01
0 1.174467 0.298752 0.01 0.01
0 1.164461 0.313206 0.01 0.01
0 0.979341 0.466638 0.01 0.01
0 1.141112 0.536684 0.01 0.01
0 1.147367 0.293749 0.01 0.01
0 1.146811 0.311538 0.01 0.01
0 1.128187 0.283742 0.01 0.01
0 1.105951 0.274570 0.01 0.01
0 1.140973 0.276515 0.01 0.01
0 1.162932 0.276237 0.01 0.01
0 1.184057 0.286522 0.01 0.01
0 1.184613 0.271790 0.01 0.01
0 1.169603 0.269566 0.01 0.01
0 1.191284 0.265953 0.01 0.01
0 1.201568 0.298474 0.01 0.01
0 1.213798 0.298752 0.01 0.01
0 1.211853 0.292081 0.01 0.01
0 1.206016 0.277627 0.01 0.01
0 1.216856 0.280963 0.01 0.01
0 1.234089 0.283464 0.01 0.01
0 1.237425 0.270400 0.01 0.01
0 1.218802 0.262617 0.01 0.01
0 1.204348 0.254557 0.01 0.01
0 1.209351 0.245106 0.01 0.01
0 1.242706 0.271512 0.01 0.01
0 1.237703 0.257058 0.01 0.01
0 1.237147 0.246496 0.01 0.01
0 1.250489 0.248164 0.01 0.01
0 1.224361 0.248442 0.01 0.01
0 1.057447 0.244828 0.01 0.01
0 1.065786 0.248164 0.01 0.01
0 1.071901 0.249275 0.01 0.01
0 1.085799 0.250387 0.01 0.01
0 1.094694 0.251499 0.01 0.01
0 1.103032 0.249831 0.01 0.01
0 1.110259 0.248164 0.01 0.01
0 1.122489 0.248164 0.01 0.01
0 1.155288 0.247052 0.01 0.01
0 1.166407 0.254835 0.01 0.01
0 1.181416 0.250387 0.01 0.01
0 1.174189 0.243716 0.01 0.01
0 1.184196 0.245940 0.01 0.01
0 1.190867 0.255390 0.01 0.01
0 1.244791 0.297084 0.01 0.01
0 1.232005 0.293749 0.01 0.01
0 1.248682 0.288745 0.01 0.01
0 1.253129 0.280963 0.01 0.01
0 1.272586 0.270956 0.01 0.01
0 1.265915 0.255946 0.01 0.01
0 1.277590 0.260394 0.01 0.01
0 1.290376 0.274848 0.01 0.01
0 1.285372 0.289857 0.01 0.01
0 1.266471 0.286522 0.01 0.01
0 1.270363 0.308758 0.01 0.01
0 1.255353 0.297084 0.01 0.01
0 1.248126 0.313206 0.01 0.01
0 1.292599 0.331551 0.01 0.01
0 1.288708 0.296528 0.01 0.01
0 1.300382 0.298752 0.01 0.01
0 1.315392 0.302087 0.01 0.01
0 1.311501 0.285966 0.01 0.01
0 1.309833 0.275403 0.01 0.01
0 1.330402 0.294860 0.01 0.01
0 1.339852 0.293749 0.01 0.01
0 1.339852 0.310426 0.01 0.01
0 1.337629 0.332663 0.01 0.01
0 1.315948 0.347672 0.01 0.01
0 1.314836 0.322100 0.01 0.01
0 1.294267 0.312650 0.01 0.01
0 0.174821 1.178210 0.01 0.01
0 0.648460 1.195999 0.01 0.01
0 0.139242 0.851332 0.01 0.01
0 0.132571 0.980304 0.01 0.01
0 1.520433 0.613400 0.01 0.01
0 1.474848 0.612288 0.01 0.01
0 1.349211 0.971409 0.01 0.01
0 1.535998 0.415494 0.01 0.01
0 1.429262 0.448849 0.01 0.01
0 1.382566 0.304311 0.01 0.01
0 1.374783 0.325436 0.01 0.01
0 1.392572 0.337666 0.01 0.01
0 1.418144 0.354343 0.01 0.01
0 1.413697 0.328771 0.01 0.01
0 1.447052 0.334330 0.01 0.01
0 1.455946 0.355455 0.01 0.01
0 1.489301 0.356567 0.01 0.01
0 1.482630 0.337666 0.01 0.01
0 1.556011 0.362126 0.01 0.01
0 1.554899 0.377692 0.01 0.01
0 1.559347 0.423277 0.01 0.01
0 1.367000 0.288745 0.01 0.01
0 1.397019 0.288745 0.01 0.01
0 1.387013 0.280963 0.01 0.01
0 1.401467 0.276515 0.01 0.01
0 1.414809 0.280963 0.01 0.01
0 1.421480 0.289857 0.01 0.01
0 1.434822 0.283186 0.01 0.01
0 1.428151 0.238713 0.01 0.01
0 0.318784 0.255946 0.01 0.01
0 0.328234 0.258170 0.01 0.01
0 0.328234 0.245940 0.01 0.01
0 0.339909 0.247608 0.01 0.01
0 0.344356 0.241493 0.01 0.01
0 0.348803 0.247052 0.01 0.01
0 0.351027 0.252055 0.01 0.01
0 0.358254 0.252611 0.01 0.01
0 0.362145 0.247608 0.01 0.01
0 0.353250 0.243716 0.01 0.01
0 0.358254 0.241493 0.01 0.01
0 0.361033 0.359347 0.01 0.01
0 0.334349 0.372133 0.01 0.01
0 0.354362 0.371021 0.01 0.01
0 0.173690 0.345449 0.01 0.01
0 0.367704 0.387698 0.01 0.01
0 0.423296 0.338222 0.01 0.01
0 0.407730 0.341001 0.01 0.01
0 0.449424 0.382139 0.01 0.01
0 0.309333 0.249275 0.01 0.01
0 0.305442 0.253723 0.01 0.01
0 0.299883 0.243160 0.01 0.01
0 0.294323 0.240381 0.01 0.01
0 0.292656 0.251499 0.01 0.01
0 0.284317 0.240937 0.01 0.01
0 0.282093 0.250943 0.01 0.01
0 0.270975 0.254835 0.01 0.01
0 0.263192 0.243716 0.01 0.01
0 0.274311 0.248164 0.01 0.01
0 0.272087 0.243716 0.01 0.01
0 0.257077 0.245940 0.01 0.01
0 0.253186 0.254835 0.01 0.01
0 0.245959 0.248720 0.01 0.01
0 0.242067 0.240381 0.01 0.01
0 0.250406 0.242604 0.01 0.01
0 0.236508 0.254279 0.01 0.01
0 0.229281 0.249275 0.01 0.01
0 0.216495 0.242604 0.01 0.01
0 0.208712 0.242049 0.01 0.01
0 0.201486 0.242049 0.01 0.01
0 0.192591 0.243160 0.01 0.01
0 0.185364 0.242049 0.01 0.01
0 0.178693 0.250387 0.01 0.01
0 0.172022 0.243716 0.01 0.01
0 0.164239 0.239825 0.01 0.01
0 0.160904 0.245384 0.01 0.01
0 0.153677 0.246496 0.01 0.01
0 0.150341 0.240937 0.01 0.01
0 0.144226 0.240381 0.01 0.01
0 0.136443 0.241493 0.01 0.01
0 0.125325 0.242604 0.01 0.01
0 0.120322 0.241493 0.01 0.01
0 0.114763 0.241493 0.01 0.01
0 0.109760 0.240937 0.01 0.01
0 0.100865 0.240937 0.01 0.01
0 0.320451 0.243716 0.01 0.01
