0 1.165894 0.981045 0.01 0.01
0 1.285640 0.966364 0.01 0.01
0 1.456970 0.975540 0.01 0.01
0 1.534345 0.975540 0.01 0.01
0 0.994564 1.010406 0.01 0.01
0 0.834288 0.907642 0.01 0.01
0 0.874817 0.872776 0.01 0.01
0 0.952192 0.914983 0.01 0.01
0 0.941138 0.861766 0.01 0.01
0 1.042463 0.870941 0.01 0.01
0 1.081150 0.903972 0.01 0.01
0 1.035093 0.935168 0.01 0.01
0 0.998248 0.938838 0.01 0.01
0 0.637166 0.894797 0.01 0.01
0 0.631639 0.865436 0.01 0.01
0 0.674011 0.876446 0.01 0.01
0 0.510050 0.876446 0.01 0.01
0 0.475047 0.865436 0.01 0.01
0 0.572687 0.938838 0.01 0.01
0 0.515577 0.909477 0.01 0.01
0 0.727437 0.948014 0.01 0.01
0 0.790073 1.003065 0.01 0.01
0 0.740332 1.014076 0.01 0.01
0 0.815865 1.010406 0.01 0.01
0 0.885871 0.993890 0.01 0.01
0 0.928243 1.028756 0.01 0.01
0 1.180632 0.902137 0.01 0.01
0 1.147471 0.900302 0.01 0.01
0 1.173263 0.874611 0.01 0.01
0 1.211950 0.896632 0.01 0.01
0 1.486446 0.878281 0.01 0.01
0 1.479077 0.922323 0.01 0.01
0 1.547241 0.920488 0.01 0.01
0 1.585928 0.925993 0.01 0.01
0 1.585928 0.876446 0.01 0.01
0 1.525134 0.845250 0.01 0.01
0 1.569348 0.801209 0.01 0.01
0 1.550925 0.764508 0.01 0.01
0 1.587771 0.766343 0.01 0.01
0 1.580402 0.727806 0.01 0.01
0 1.582244 0.691105 0.01 0.01
0 1.556452 0.667249 0.01 0.01
0 1.444075 0.672755 0.01 0.01
0 1.405387 0.676425 0.01 0.01
0 1.383280 0.663579 0.01 0.01
0 1.399860 0.639724 0.01 0.01
0 1.438548 0.636053 0.01 0.01
0 1.479077 0.639724 0.01 0.01
0 1.510396 0.604857 0.01 0.01
0 1.484604 0.608527 0.01 0.01
0 1.442232 0.610363 0.01 0.01
0 1.458813 0.581002 0.01 0.01
0 1.589613 0.643394 0.01 0.01
0 1.541714 0.637888 0.01 0.01
0 1.585928 0.601187 0.01 0.01
0 1.550925 0.577331 0.01 0.01
0 1.298536 0.628713 0.01 0.01
0 1.331697 0.632383 0.01 0.01
0 1.322486 0.610363 0.01 0.01
0 1.351962 0.573661 0.01 0.01
0 1.399860 0.597517 0.01 0.01
0 1.375911 0.544300 0.01 0.01
0 1.396176 0.522280 0.01 0.01
0 1.429336 0.518610 0.01 0.01
0 1.429336 0.547971 0.01 0.01
0 1.504869 0.546135 0.01 0.01
0 1.515923 0.525950 0.01 0.01
0 1.552768 0.547971 0.01 0.01
0 1.561979 0.520445 0.01 0.01
0 1.554610 0.489249 0.01 0.01
0 1.538030 0.492919 0.01 0.01
0 1.488289 0.494754 0.01 0.01
0 1.488289 0.472733 0.01 0.01
0 1.525134 0.465393 0.01 0.01
0 1.445917 0.483743 0.01 0.01
0 1.468024 0.456217 0.01 0.01
0 1.484604 0.437867 0.01 0.01
0 1.558294 0.463558 0.01 0.01
0 1.258007 0.659909 0.01 0.01
0 1.272745 0.636053 0.01 0.01
0 1.261691 0.696610 0.01 0.01
0 1.296694 0.691105 0.01 0.01
0 1.331697 0.663579 0.01 0.01
0 1.340908 0.694775 0.01 0.01
0 1.246953 0.586507 0.01 0.01
0 1.197212 0.601187 0.01 0.01
0 1.164051 0.612198 0.01 0.01
0 1.106942 0.636053 0.01 0.01
0 1.079308 0.670920 0.01 0.01
0 1.033251 0.670920 0.01 0.01
0 0.989037 0.663579 0.01 0.01
0 1.022198 0.617703 0.01 0.01
0 0.963245 0.782858 0.01 0.01
0 0.930085 0.731477 0.01 0.01
0 0.974299 0.736982 0.01 0.01
0 0.878502 0.751662 0.01 0.01
0 0.880344 0.725971 0.01 0.01
0 0.907978 0.727806 0.01 0.01
0 0.872975 0.700281 0.01 0.01
0 0.826918 0.731477 0.01 0.01
0 0.791916 0.757167 0.01 0.01
0 0.795600 0.729641 0.01 0.01
0 0.432676 0.847085 0.01 0.01
0 0.393988 0.881952 0.01 0.01
0 0.390304 0.909477 0.01 0.01
0 0.436360 0.913148 0.01 0.01
0 0.572687 0.858096 0.01 0.01
0 0.604005 0.826900 0.01 0.01
0 0.557949 0.797539 0.01 0.01
0 0.537684 0.786528 0.01 0.01
0 0.528473 0.755332 0.01 0.01
0 0.561634 0.749827 0.01 0.01
0 0.583741 0.762673 0.01 0.01
0 0.627955 0.751662 0.01 0.01
0 0.664800 0.751662 0.01 0.01
0 0.556107 0.698445 0.01 0.01
0 0.627955 0.678260 0.01 0.01
0 0.661115 0.637888 0.01 0.01
0 0.701645 0.641559 0.01 0.01
0 0.696118 0.612198 0.01 0.01
0 0.744017 0.625043 0.01 0.01
0 0.731121 0.610363 0.01 0.01
0 0.775335 0.617703 0.01 0.01
0 0.788231 0.581002 0.01 0.01
0 0.814023 0.564486 0.01 0.01
0 0.839814 0.579167 0.01 0.01
0 0.826918 0.612198 0.01 0.01
0 0.869290 0.610363 0.01 0.01
0 0.874817 0.586507 0.01 0.01
0 0.891397 0.608527 0.01 0.01
0 0.887713 0.643394 0.01 0.01
0 0.847183 0.643394 0.01 0.01
0 0.837972 0.663579 0.01 0.01
0 0.806654 0.643394 0.01 0.01
0 0.793758 0.661744 0.01 0.01
0 0.758755 0.709456 0.01 0.01
0 0.712699 0.711291 0.01 0.01
0 0.766124 0.692940 0.01 0.01
0 0.845341 0.696610 0.01 0.01
0 0.858237 0.661744 0.01 0.01
0 0.915347 0.669084 0.01 0.01
0 0.944823 0.667249 0.01 0.01
0 0.952192 0.696610 0.01 0.01
0 1.053516 0.966364 0.01 0.01
0 1.081150 0.984715 0.01 0.01
0 1.090361 0.933333 0.01 0.01
0 1.171420 0.937003 0.01 0.01
0 0.097385 0.669084 0.01 0.01
0 0.077120 0.659909 0.01 0.01
0 0.241081 0.652569 0.01 0.01
0 0.231870 0.590177 0.01 0.01
0 0.268715 0.566321 0.01 0.01
0 0.294506 0.566321 0.01 0.01
0 0.279768 0.540630 0.01 0.01
0 0.342405 0.612198 0.01 0.01
0 0.320298 0.588342 0.01 0.01
0 0.393988 0.762673 0.01 0.01
0 0.451098 0.751662 0.01 0.01
0 0.473205 0.731477 0.01 0.01
0 0.480574 0.700281 0.01 0.01
0 0.508208 0.725971 0.01 0.01
0 0.519262 0.663579 0.01 0.01
0 0.498997 0.639724 0.01 0.01
0 0.537684 0.641559 0.01 0.01
0 0.550580 0.612198 0.01 0.01
0 0.565318 0.643394 0.01 0.01
0 0.585583 0.619538 0.01 0.01
0 0.602163 0.586507 0.01 0.01
0 0.631639 0.614033 0.01 0.01
0 0.662958 0.610363 0.01 0.01
0 0.670327 0.564486 0.01 0.01
0 0.701645 0.560816 0.01 0.01
0 0.705330 0.575496 0.01 0.01
0 0.756913 0.560816 0.01 0.01
0 0.721910 0.531455 0.01 0.01
0 0.869290 0.558981 0.01 0.01
0 0.898766 0.557146 0.01 0.01
0 0.358985 0.817724 0.01 0.01
0 0.381092 0.784693 0.01 0.01
0 0.358985 0.755332 0.01 0.01
0 0.316613 0.759002 0.01 0.01
0 0.263188 0.759002 0.01 0.01
0 0.233712 0.727806 0.01 0.01
0 0.196867 0.731477 0.01 0.01
0 0.167391 0.760838 0.01 0.01
0 0.119492 0.755332 0.01 0.01
0 0.082647 0.823230 0.01 0.01
0 0.099227 0.817724 0.01 0.01
0 0.119492 0.850755 0.01 0.01
0 0.217131 0.887457 0.01 0.01
0 0.169233 0.872776 0.01 0.01
0 0.169233 0.946179 0.01 0.01
0 0.025537 0.964529 0.01 0.01
0 0.248450 0.949849 0.01 0.01
0 0.218974 0.944344 0.01 0.01
0 0.217131 0.968199 0.01 0.01
0 0.338720 0.984715 0.01 0.01
0 0.320298 0.957189 0.01 0.01
0 0.279768 0.957189 0.01 0.01
0 0.277926 0.885622 0.01 0.01
0 0.325825 0.881952 0.01 0.01
0 0.364512 0.907642 0.01 0.01
0 0.043959 0.687435 0.01 0.01
0 0.066066 0.714961 0.01 0.01
0 0.060540 0.636053 0.01 0.01
0 0.143441 0.647064 0.01 0.01
0 0.154495 0.615868 0.01 0.01
0 0.160022 0.586507 0.01 0.01
0 0.198709 0.586507 0.01 0.01
0 0.207920 0.520445 0.01 0.01
0 0.075278 0.502094 0.01 0.01
0 0.038433 0.577331 0.01 0.01
0 0.043959 0.551641 0.01 0.01
0 0.047644 0.527785 0.01 0.01
0 0.029221 0.524115 0.01 0.01
0 0.040275 0.514939 0.01 0.01
0 0.132388 0.489249 0.01 0.01
0 0.099227 0.485578 0.01 0.01
0 0.125019 0.470898 0.01 0.01
0 0.130545 0.448877 0.01 0.01
0 0.167391 0.470898 0.01 0.01
0 0.207920 0.461723 0.01 0.01
0 0.217131 0.419516 0.01 0.01
0 0.217131 0.399331 0.01 0.01
0 0.217131 0.380980 0.01 0.01
0 0.187655 0.377310 0.01 0.01
0 0.156337 0.415846 0.01 0.01
0 0.031064 0.447042 0.01 0.01
0 0.123176 0.393825 0.01 0.01
0 0.126861 0.417681 0.01 0.01
0 0.084489 0.388320 0.01 0.01
0 0.241081 0.445207 0.01 0.01
0 0.250292 0.417681 0.01 0.01
0 0.250292 0.377310 0.01 0.01
0 0.228185 0.327763 0.01 0.01
0 0.270557 0.344279 0.01 0.01
0 0.303718 0.349784 0.01 0.01
0 0.285295 0.373640 0.01 0.01
0 0.285295 0.415846 0.01 0.01
0 0.279768 0.401166 0.01 0.01
0 0.235554 0.463558 0.01 0.01
0 0.421622 0.610363 0.01 0.01
0 0.377408 0.621373 0.01 0.01
0 0.342405 0.645229 0.01 0.01
0 0.443729 0.637888 0.01 0.01
0 0.403199 0.636053 0.01 0.01
0 0.399515 0.667249 0.01 0.01
0 0.441887 0.674590 0.01 0.01
0 0.406884 0.722301 0.01 0.01
0 0.358985 0.722301 0.01 0.01
0 0.274241 0.698445 0.01 0.01
0 0.224501 0.696610 0.01 0.01
0 0.185813 0.700281 0.01 0.01
0 0.062382 0.786528 0.01 0.01
0 0.189498 0.784693 0.01 0.01
0 0.235554 0.786528 0.01 0.01
0 0.231870 0.753497 0.01 0.01
0 0.281610 0.781023 0.01 0.01
0 0.224501 0.810384 0.01 0.01
0 0.329509 0.790198 0.01 0.01
0 0.425307 0.815889 0.01 0.01
0 0.482416 0.812219 0.01 0.01
0 0.491628 0.751662 0.01 0.01
0 0.476890 0.614033 0.01 0.01
0 0.393988 0.588342 0.01 0.01
0 0.403199 0.564486 0.01 0.01
0 0.423464 0.540630 0.01 0.01
0 0.388461 0.538795 0.01 0.01
0 0.445571 0.566321 0.01 0.01
0 0.480574 0.566321 0.01 0.01
0 0.495312 0.536960 0.01 0.01
0 0.467678 0.507599 0.01 0.01
0 0.428991 0.511269 0.01 0.01
0 0.392146 0.516774 0.01 0.01
0 0.353458 0.518610 0.01 0.01
0 0.346089 0.535125 0.01 0.01
0 0.316613 0.535125 0.01 0.01
0 0.323982 0.445207 0.01 0.01
0 0.357143 0.443372 0.01 0.01
0 0.381092 0.437867 0.01 0.01
0 0.349774 0.412176 0.01 0.01
0 0.384777 0.393825 0.01 0.01
0 0.351616 0.382815 0.01 0.01
0 0.322140 0.373640 0.01 0.01
0 0.425307 0.421351 0.01 0.01
0 0.423464 0.395660 0.01 0.01
0 0.386619 0.465393 0.01 0.01
0 0.355301 0.467228 0.01 0.01
0 0.325825 0.485578 0.01 0.01
0 0.323982 0.472733 0.01 0.01
0 0.351616 0.487414 0.01 0.01
0 0.379250 0.485578 0.01 0.01
0 0.423464 0.469063 0.01 0.01
0 0.423464 0.443372 0.01 0.01
0 0.465836 0.487414 0.01 0.01
0 0.519262 0.485578 0.01 0.01
0 0.541369 0.443372 0.01 0.01
0 0.498997 0.439702 0.01 0.01
0 0.467678 0.437867 0.01 0.01
0 0.465836 0.423186 0.01 0.01
0 0.458467 0.399331 0.01 0.01
0 0.480574 0.403001 0.01 0.01
0 0.460309 0.380980 0.01 0.01
0 0.484259 0.384650 0.01 0.01
0 0.471363 0.360794 0.01 0.01
0 0.506366 0.364464 0.01 0.01
0 0.521104 0.386485 0.01 0.01
0 0.552422 0.380980 0.01 0.01
0 0.545053 0.338774 0.01 0.01
0 0.556107 0.340609 0.01 0.01
0 0.589267 0.384650 0.01 0.01
0 0.565318 0.375475 0.01 0.01
0 0.592952 0.364464 0.01 0.01
0 0.633482 0.353454 0.01 0.01
0 0.666642 0.342444 0.01 0.01
0 0.657431 0.379145 0.01 0.01
0 0.655589 0.395660 0.01 0.01
0 0.666642 0.423186 0.01 0.01
0 0.633482 0.426857 0.01 0.01
0 0.618743 0.415846 0.01 0.01
0 0.581898 0.419516 0.01 0.01
0 0.580056 0.445207 0.01 0.01
0 0.578214 0.474568 0.01 0.01
0 0.550580 0.511269 0.01 0.01
0 0.591110 0.511269 0.01 0.01
0 0.559791 0.487414 0.01 0.01
0 0.604005 0.492919 0.01 0.01
0 0.607690 0.469063 0.01 0.01
0 0.611374 0.443372 0.01 0.01
0 0.644535 0.456217 0.01 0.01
0 0.685065 0.463558 0.01 0.01
0 0.699803 0.441537 0.01 0.01
0 0.709014 0.410341 0.01 0.01
0 0.696118 0.368135 0.01 0.01
0 0.749544 0.380980 0.01 0.01
0 0.756913 0.412176 0.01 0.01
0 0.742175 0.445207 0.01 0.01
0 0.742175 0.505764 0.01 0.01
0 0.707172 0.500259 0.01 0.01
0 0.758755 0.474568 0.01 0.01
0 0.784547 0.425021 0.01 0.01
0 0.812180 0.371805 0.01 0.01
0 0.814023 0.322258 0.01 0.01
0 0.797442 0.322258 0.01 0.01
0 0.769809 0.342444 0.01 0.01
0 0.775335 0.324093 0.01 0.01
0 0.753228 0.320423 0.01 0.01
0 0.723752 0.335103 0.01 0.01
0 0.812180 0.458053 0.01 0.01
0 0.815865 0.439702 0.01 0.01
0 0.821392 0.401166 0.01 0.01
0 0.795600 0.485578 0.01 0.01
0 0.826918 0.481908 0.01 0.01
0 0.854552 0.509434 0.01 0.01
0 0.810338 0.533290 0.01 0.01
0 0.845341 0.456217 0.01 0.01
0 0.854552 0.434197 0.01 0.01
0 0.837972 0.415846 0.01 0.01
0 0.849026 0.390155 0.01 0.01
0 0.839814 0.377310 0.01 0.01
0 0.865606 0.414011 0.01 0.01
0 0.876659 0.393825 0.01 0.01
0 0.874817 0.373640 0.01 0.01
0 0.872975 0.327763 0.01 0.01
0 0.832445 0.325928 0.01 0.01
0 0.856395 0.324093 0.01 0.01
0 0.915347 0.406671 0.01 0.01
0 0.904293 0.373640 0.01 0.01
0 0.907978 0.441537 0.01 0.01
0 0.931927 0.459888 0.01 0.01
0 0.922716 0.535125 0.01 0.01
0 0.891397 0.531455 0.01 0.01
0 0.915347 0.511269 0.01 0.01
0 0.939296 0.503929 0.01 0.01
0 0.952192 0.483743 0.01 0.01
0 0.869290 0.483743 0.01 0.01
0 0.950350 0.560816 0.01 0.01
0 0.979826 0.546135 0.01 0.01
0 0.029221 0.338774 0.01 0.01
0 0.038433 0.311248 0.01 0.01
0 0.023695 0.318588 0.01 0.01
0 0.086331 0.311248 0.01 0.01
0 0.106596 0.313083 0.01 0.01
0 0.130545 0.325928 0.01 0.01
0 0.161864 0.325928 0.01 0.01
0 0.152653 0.303907 0.01 0.01
0 0.176602 0.254361 0.01 0.01
0 0.211605 0.265371 0.01 0.01
0 0.237396 0.269041 0.01 0.01
0 0.272399 0.263536 0.01 0.01
0 0.312929 0.274546 0.01 0.01
0 0.340563 0.278217 0.01 0.01
0 0.381092 0.274546 0.01 0.01
0 0.416095 0.294732 0.01 0.01
0 0.406884 0.272711 0.01 0.01
0 0.463994 0.280052 0.01 0.01
0 0.486101 0.300237 0.01 0.01
0 0.506366 0.294732 0.01 0.01
0 0.497155 0.276382 0.01 0.01
0 0.517419 0.280052 0.01 0.01
0 0.561634 0.278217 0.01 0.01
0 0.543211 0.292897 0.01 0.01
0 0.580056 0.278217 0.01 0.01
0 0.611374 0.269041 0.01 0.01
0 0.639008 0.276382 0.01 0.01
0 0.620586 0.294732 0.01 0.01
0 0.661115 0.292897 0.01 0.01
0 0.699803 0.294732 0.01 0.01
0 0.729279 0.287392 0.01 0.01
0 0.731121 0.272711 0.01 0.01
0 0.762439 0.270876 0.01 0.01
0 0.784547 0.283722 0.01 0.01
0 0.799285 0.261701 0.01 0.01
0 0.922716 0.269041 0.01 0.01
0 0.902451 0.335103 0.01 0.01
0 0.946665 0.355289 0.01 0.01
0 0.972457 0.340609 0.01 0.01
0 0.966930 0.283722 0.01 0.01
0 0.957719 0.256196 0.01 0.01
0 0.994564 0.250691 0.01 0.01
0 1.027724 0.254361 0.01 0.01
0 1.031409 0.285557 0.01 0.01
0 1.011144 0.324093 0.01 0.01
0 0.979826 0.322258 0.01 0.01
0 0.970615 0.300237 0.01 0.01
0 1.003775 0.307578 0.01 0.01
0 1.068254 0.287392 0.01 0.01
0 1.095888 0.280052 0.01 0.01
0 1.082992 0.236010 0.01 0.01
0 1.140102 0.237845 0.01 0.01
0 1.175105 0.225000 0.01 0.01
0 1.199054 0.219495 0.01 0.01
0 1.123522 0.281887 0.01 0.01
0 1.101415 0.320423 0.01 0.01
0 1.088519 0.300237 0.01 0.01
0 1.036936 0.351619 0.01 0.01
0 0.972457 0.368135 0.01 0.01
0 0.963245 0.426857 0.01 0.01
0 1.001933 0.412176 0.01 0.01
0 1.029567 0.406671 0.01 0.01
0 1.053516 0.386485 0.01 0.01
0 1.066412 0.371805 0.01 0.01
0 1.081150 0.386485 0.01 0.01
0 1.094046 0.404836 0.01 0.01
0 1.062727 0.434197 0.01 0.01
0 1.051674 0.410341 0.01 0.01
0 1.042463 0.476403 0.01 0.01
0 1.014829 0.491084 0.01 0.01
0 0.985353 0.476403 0.01 0.01
0 1.042463 0.454382 0.01 0.01
0 1.066412 0.452547 0.01 0.01
0 1.095888 0.428692 0.01 0.01
0 1.127206 0.410341 0.01 0.01
0 1.119837 0.386485 0.01 0.01
0 1.099572 0.373640 0.01 0.01
0 1.110626 0.347949 0.01 0.01
0 1.129049 0.325928 0.01 0.01
0 1.156682 0.300237 0.01 0.01
0 1.178790 0.298402 0.01 0.01
0 1.055358 0.492919 0.01 0.01
0 1.082992 0.485578 0.01 0.01
0 1.108784 0.476403 0.01 0.01
0 1.125364 0.485578 0.01 0.01
0 1.134575 0.456217 0.01 0.01
0 1.167736 0.505764 0.01 0.01
0 1.134575 0.560816 0.01 0.01
0 1.099572 0.558981 0.01 0.01
0 1.068254 0.553476 0.01 0.01
0 1.027724 0.555311 0.01 0.01
0 1.016671 0.604857 0.01 0.01
0 0.981668 0.608527 0.01 0.01
0 0.954034 0.608527 0.01 0.01
0 0.926400 0.641559 0.01 0.01
0 1.092203 0.617703 0.01 0.01
0 1.070096 0.581002 0.01 0.01
0 1.033251 0.582837 0.01 0.01
0 0.992722 0.584672 0.01 0.01
0 0.961403 0.582837 0.01 0.01
0 0.917189 0.581002 0.01 0.01
0 1.180632 0.527785 0.01 0.01
0 1.197212 0.507599 0.01 0.01
0 1.215635 0.529620 0.01 0.01
0 1.224846 0.542465 0.01 0.01
0 1.250638 0.500259 0.01 0.01
0 1.263533 0.524115 0.01 0.01
0 1.256164 0.547971 0.01 0.01
0 1.291167 0.522280 0.01 0.01
0 1.296694 0.500259 0.01 0.01
0 1.328012 0.505764 0.01 0.01
0 1.351962 0.456217 0.01 0.01
0 1.293009 0.472733 0.01 0.01
0 1.235899 0.476403 0.01 0.01
0 1.213792 0.450712 0.01 0.01
0 1.263533 0.458053 0.01 0.01
0 1.272745 0.430527 0.01 0.01
0 1.162209 0.406671 0.01 0.01
0 1.140102 0.428692 0.01 0.01
0 1.156682 0.437867 0.01 0.01
0 1.171420 0.445207 0.01 0.01
0 1.193528 0.404836 0.01 0.01
0 1.176947 0.380980 0.01 0.01
0 1.296694 0.403001 0.01 0.01
0 1.254322 0.410341 0.01 0.01
0 1.228530 0.425021 0.01 0.01
0 1.215635 0.379145 0.01 0.01
0 1.226688 0.401166 0.01 0.01
0 1.259849 0.377310 0.01 0.01
0 1.237742 0.366300 0.01 0.01
0 1.223004 0.351619 0.01 0.01
0 1.178790 0.344279 0.01 0.01
0 1.134575 0.347949 0.01 0.01
0 1.123522 0.303907 0.01 0.01
0 1.193528 0.276382 0.01 0.01
0 1.224846 0.274546 0.01 0.01
0 1.234057 0.259866 0.01 0.01
0 1.263533 0.294732 0.01 0.01
0 1.228530 0.320423 0.01 0.01
0 1.200897 0.318588 0.01 0.01
0 1.283798 0.335103 0.01 0.01
0 1.269060 0.318588 0.01 0.01
0 1.291167 0.313083 0.01 0.01
0 1.291167 0.292897 0.01 0.01
0 1.291167 0.276382 0.01 0.01
0 1.294852 0.250691 0.01 0.01
0 1.335381 0.250691 0.01 0.01
0 1.357488 0.250691 0.01 0.01
0 1.386965 0.248856 0.01 0.01
0 1.412756 0.252526 0.01 0.01
0 1.512238 0.237845 0.01 0.01
0 1.550925 0.236010 0.01 0.01
0 1.574875 0.236010 0.01 0.01
0 1.471708 0.263536 0.01 0.01
0 1.506711 0.265371 0.01 0.01
0 1.536187 0.259866 0.01 0.01
0 1.560137 0.292897 0.01 0.01
0 1.534345 0.303907 0.01 0.01
0 1.584086 0.265371 0.01 0.01
0 1.534345 0.335103 0.01 0.01
0 1.466182 0.325928 0.01 0.01
0 1.433021 0.309413 0.01 0.01
0 1.434863 0.281887 0.01 0.01
0 1.403545 0.292897 0.01 0.01
0 1.374069 0.289227 0.01 0.01
0 1.357488 0.305743 0.01 0.01
0 1.333539 0.358959 0.01 0.01
0 1.320643 0.340609 0.01 0.01
0 1.328012 0.377310 0.01 0.01
0 1.359331 0.364464 0.01 0.01
0 1.392491 0.355289 0.01 0.01
0 1.425652 0.353454 0.01 0.01
0 1.447759 0.364464 0.01 0.01
0 1.455128 0.351619 0.01 0.01
0 1.468024 0.368135 0.01 0.01
0 1.451444 0.397496 0.01 0.01
0 1.414598 0.399331 0.01 0.01
0 1.388807 0.399331 0.01 0.01
0 1.353804 0.399331 0.01 0.01
0 1.322486 0.430527 0.01 0.01
0 1.359331 0.421351 0.01 0.01
0 1.386965 0.421351 0.01 0.01
0 1.429336 0.430527 0.01 0.01
0 1.302221 0.454382 0.01 0.01
0 1.193528 0.480073 0.01 0.01
0 1.108784 0.575496 0.01 0.01
0 0.635324 0.540630 0.01 0.01
0 0.662958 0.518610 0.01 0.01
0 0.633482 0.487414 0.01 0.01
0 0.672169 0.485578 0.01 0.01
0 0.546895 0.540630 0.01 0.01
0 0.524788 0.588342 0.01 0.01
0 0.480574 0.592012 0.01 0.01
0 0.432676 0.592012 0.01 0.01
0 0.563476 0.586507 0.01 0.01
0 0.552422 0.566321 0.01 0.01
0 0.583741 0.564486 0.01 0.01
0 0.604005 0.536960 0.01 0.01
0 0.349774 0.593847 0.01 0.01
0 0.309244 0.645229 0.01 0.01
0 0.276084 0.650734 0.01 0.01
0 0.311087 0.612198 0.01 0.01
0 0.233712 0.566321 0.01 0.01
0 0.239239 0.540630 0.01 0.01
0 0.257661 0.498424 0.01 0.01
0 0.452940 0.535125 0.01 0.01
0 0.500839 0.612198 0.01 0.01
0 0.613217 0.564486 0.01 0.01
0 0.699803 0.672755 0.01 0.01
0 0.622428 0.511269 0.01 0.01
0 0.692434 0.527785 0.01 0.01
0 0.320298 0.665414 0.01 0.01
0 0.091167 0.609445 0.01 0.01
0 0.056164 0.610363 0.01 0.01
0 0.041426 0.613115 0.01 0.01
0 0.143672 0.670002 0.01 0.01
0 0.190649 0.629631 0.01 0.01
0 0.194334 0.616785 0.01 0.01
0 0.222889 0.614033 0.01 0.01
0 0.200781 0.665414 0.01 0.01
0 0.234863 0.674590 0.01 0.01
0 0.268945 0.676425 0.01 0.01
0 0.325134 0.566321 0.01 0.01
0 0.388692 0.692023 0.01 0.01
0 0.517650 0.692023 0.01 0.01
0 0.552653 0.673672 0.01 0.01
0 0.602393 0.671837 0.01 0.01
0 0.582129 0.696610 0.01 0.01
0 0.598709 0.744322 0.01 0.01
0 0.450407 0.464475 0.01 0.01
0 0.426458 0.378227 0.01 0.01
0 0.389613 0.377310 0.01 0.01
0 0.064326 0.321341 0.01 0.01
0 0.120514 0.376392 0.01 0.01
0 0.165650 0.373640 0.01 0.01
0 0.187757 0.345196 0.01 0.01
0 0.158281 0.401166 0.01 0.01
0 0.189599 0.400248 0.01 0.01
0 0.204337 0.371805 0.01 0.01
0 0.303819 0.294732 0.01 0.01
0 0.254078 0.268124 0.01 0.01
0 0.261447 0.373640 0.01 0.01
0 0.276185 0.454382 0.01 0.01
0 0.291844 0.451630 0.01 0.01
0 0.163807 0.492919 0.01 0.01
0 0.180388 0.492001 0.01 0.01
0 0.124199 0.487414 0.01 0.01
0 0.126962 0.504847 0.01 0.01
0 0.132489 0.492001 0.01 0.01
0 0.133410 0.591094 0.01 0.01
0 0.206179 0.549806 0.01 0.01
0 0.360929 0.379145 0.01 0.01
0 0.336980 0.330516 0.01 0.01
0 0.366456 0.291980 0.01 0.01
0 0.326847 0.291062 0.01 0.01
0 0.573710 0.290145 0.01 0.01
0 0.609634 0.380980 0.01 0.01
0 0.620687 0.390155 0.01 0.01
0 0.684245 0.395660 0.01 0.01
0 0.711879 0.383733 0.01 0.01
0 0.781885 0.394743 0.01 0.01
0 0.779121 0.378227 0.01 0.01
0 0.782806 0.512187 0.01 0.01
0 0.771752 0.536960 0.01 0.01
0 0.656611 0.507599 0.01 0.01
0 0.663059 0.520445 0.01 0.01
0 0.699904 0.595682 0.01 0.01
0 0.740434 0.584672 0.01 0.01
0 0.621608 0.654404 0.01 0.01
0 0.194205 0.227752 0.01 0.01
0 0.436512 0.279134 0.01 0.01
0 0.981825 0.503929 0.01 0.01
0 1.131969 0.668167 0.01 0.01
0 1.199211 0.670002 0.01 0.01
0 1.153155 0.643394 0.01 0.01
0 0.962481 0.633301 0.01 0.01
0 0.995642 0.640641 0.01 0.01
0 1.032487 0.693858 0.01 0.01
0 0.978140 0.698445 0.01 0.01
0 1.076701 0.351619 0.01 0.01
0 1.039856 0.324093 0.01 0.01
0 1.056436 0.301155 0.01 0.01
0 1.026960 0.306660 0.01 0.01
0 1.061042 0.330516 0.01 0.01
0 1.148549 0.380980 0.01 0.01
0 1.128284 0.366300 0.01 0.01
0 1.163287 0.369052 0.01 0.01
0 1.204738 0.366300 0.01 0.01
0 1.199211 0.427774 0.01 0.01
0 1.226845 0.473651 0.01 0.01
0 1.159602 0.476403 0.01 0.01
0 0.919188 0.484661 0.01 0.01
0 0.896160 0.459888 0.01 0.01
0 0.937610 0.290145 0.01 0.01
0 0.723909 0.476403 0.01 0.01
0 1.111704 0.531455 0.01 0.01
0 1.188157 0.551641 0.01 0.01
0 1.152233 0.580084 0.01 0.01
0 1.187236 0.579167 0.01 0.01
0 1.029723 0.372722 0.01 0.01
0 1.002089 0.364464 0.01 0.01
0 0.978140 0.394743 0.01 0.01
0 1.003011 0.284639 0.01 0.01
0 1.315807 0.269041 0.01 0.01
0 1.336072 0.292897 0.01 0.01
0 1.312123 0.297485 0.01 0.01
0 1.346205 0.270876 0.01 0.01
0 1.381207 0.269041 0.01 0.01
0 1.440160 0.266289 0.01 0.01
0 1.413447 0.273629 0.01 0.01
0 1.480689 0.284639 0.01 0.01
0 1.497270 0.284639 0.01 0.01
0 1.477005 0.241515 0.01 0.01
0 1.582935 0.300237 0.01 0.01
0 1.593988 0.301155 0.01 0.01
0 1.570960 0.381898 0.01 0.01
0 1.547932 0.403001 0.01 0.01
0 1.549774 0.443372 0.01 0.01
0 1.508323 0.435114 0.01 0.01
0 1.595830 0.456217 0.01 0.01
0 1.586619 0.511269 0.01 0.01
0 1.586619 0.542465 0.01 0.01
0 1.518456 0.574579 0.01 0.01
0 1.391340 0.578249 0.01 0.01
0 0.986043 0.432362 0.01 0.01
0 1.113159 0.451630 0.01 0.01
0 1.219089 0.297485 0.01 0.01
0 1.236590 0.287392 0.01 0.01
0 1.555301 0.271794 0.01 0.01
0 1.497270 0.355289 0.01 0.01
0 1.519377 0.399331 0.01 0.01
0 1.384892 0.446125 0.01 0.01
0 1.010914 0.354372 0.01 0.01
0 0.942750 0.389238 0.01 0.01
0 0.995213 0.840663 0.01 0.01
0 1.199704 0.880116 0.01 0.01
0 0.725323 0.825982 0.01 0.01
0 0.750193 0.785611 0.01 0.01
0 0.715190 0.860848 0.01 0.01
0 1.519377 0.669543 0.01 0.01
0 1.520298 0.880575 0.01 0.01
0 1.574644 1.009947 0.01 0.01
0 1.561749 0.950308 0.01 0.01
0 0.864454 0.960400 0.01 0.01
0 0.508332 0.961318 0.01 0.01
0 0.499121 0.943885 0.01 0.01
0 0.548862 0.985174 0.01 0.01
0 0.395034 0.987009 0.01 0.01
0 0.416220 0.939297 0.01 0.01
0 0.282071 0.866353 0.01 0.01
0 0.443269 0.775518 0.01 0.01
0 0.497615 0.798456 0.01 0.01
