0 1.141601 0.489226 0.01 0.01
0 1.140450 0.507577 0.01 0.01
0 1.146437 0.504365 0.01 0.01
0 1.150812 0.488309 0.01 0.01
0 1.162787 0.495649 0.01 0.01
0 1.162787 0.510559 0.01 0.01
0 1.150582 0.520881 0.01 0.01
0 1.172919 0.507577 0.01 0.01
0 1.175683 0.518587 0.01 0.01
0 1.187197 0.513541 0.01 0.01
0 1.187658 0.502989 0.01 0.01
0 1.166241 0.541755 0.01 0.01
0 1.160484 0.539690 0.01 0.01
0 1.098078 0.553453 0.01 0.01
0 1.121336 0.543819 0.01 0.01
0 1.120876 0.529597 0.01 0.01
0 1.115810 0.556894 0.01 0.01
0 1.198941 0.523404 0.01 0.01
0 1.203777 0.513541 0.01 0.01
0 1.210686 0.507347 0.01 0.01
0 1.170617 0.485327 0.01 0.01
0 1.211837 0.525927 0.01 0.01
0 1.222891 0.530974 0.01 0.01
0 1.234865 0.530974 0.01 0.01
0 1.190651 0.550012 0.01 0.01
0 1.106808 0.448396 0.01 0.01
0 1.121085 0.449543 0.01 0.01
0 1.148719 0.461241 0.01 0.01
0 1.138817 0.451378 0.01 0.01
0 1.160003 0.472022 0.01 0.01
0 1.162766 0.458718 0.01 0.01
0 1.172208 0.457342 0.01 0.01
0 1.176123 0.462159 0.01 0.01
0 1.173820 0.477757 0.01 0.01
0 1.176814 0.472940 0.01 0.01
0 1.193624 0.464911 0.01 0.01
0 1.192242 0.457342 0.01 0.01
0 1.184643 0.465829 0.01 0.01
0 1.203526 0.462618 0.01 0.01
0 1.200763 0.458030 0.01 0.01
0 1.199381 0.478445 0.01 0.01
0 1.189709 0.472252 0.01 0.01
0 1.194776 0.489455 0.01 0.01
0 1.185795 0.484638 0.01 0.01
0 1.204447 0.484638 0.01 0.01
0 1.205138 0.473628 0.01 0.01
0 1.209053 0.469270 0.01 0.01
0 1.211356 0.478216 0.01 0.01
0 1.227476 0.483721 0.01 0.01
0 1.226324 0.475234 0.01 0.01
0 1.210204 0.497484 0.01 0.01
0 1.218725 0.489914 0.01 0.01
0 1.229778 0.515376 0.01 0.01
0 1.246589 0.513311 0.01 0.01
0 0.487918 0.384628 0.01 0.01
0 0.502886 0.390821 0.01 0.01
0 0.497129 0.386921 0.01 0.01
0 0.513479 0.386348 0.01 0.01
0 0.505074 0.385430 0.01 0.01
0 0.520963 0.383710 0.01 0.01
0 0.546294 0.377287 0.01 0.01
0 0.550554 0.381072 0.01 0.01
0 0.519697 0.358937 0.01 0.01
0 0.508413 0.346206 0.01 0.01
0 0.502080 0.347124 0.01 0.01
0 0.483427 0.347926 0.01 0.01
0 0.482506 0.360313 0.01 0.01
0 0.479167 0.354923 0.01 0.01
0 0.483082 0.369488 0.01 0.01
0 0.487342 0.375223 0.01 0.01
0 0.490336 0.369947 0.01 0.01
0 0.495862 0.374649 0.01 0.01
0 0.494941 0.359625 0.01 0.01
0 0.500929 0.354578 0.01 0.01
0 0.507952 0.368571 0.01 0.01
0 0.500929 0.380613 0.01 0.01
0 0.519466 0.347468 0.01 0.01
0 0.530865 0.348041 0.01 0.01
0 0.538925 0.350106 0.01 0.01
0 0.513940 0.370635 0.01 0.01
0 0.526951 0.375223 0.01 0.01
0 0.534320 0.372814 0.01 0.01
0 0.539501 0.368227 0.01 0.01
0 0.540767 0.374191 0.01 0.01
0 0.534665 0.366965 0.01 0.01
0 0.535241 0.346435 0.01 0.01
0 0.542610 0.345174 0.01 0.01
0 0.546985 0.349073 0.01 0.01
0 0.538465 0.348156 0.01 0.01
0 0.552166 0.349073 0.01 0.01
0 0.496208 0.347926 0.01 0.01
0 0.475367 0.347009 0.01 0.01
0 0.470301 0.349876 0.01 0.01
0 0.463853 0.350450 0.01 0.01
0 0.468229 0.348385 0.01 0.01
0 0.428793 0.348156 0.01 0.01
0 0.455045 0.347697 0.01 0.01
0 0.458729 0.348844 0.01 0.01
0 0.468401 0.372929 0.01 0.01
0 0.461953 0.366506 0.01 0.01
0 0.466559 0.361460 0.01 0.01
0 0.478534 0.388527 0.01 0.01
0 0.486824 0.394491 0.01 0.01
0 0.500641 0.402749 0.01 0.01
0 0.538637 0.393803 0.01 0.01
0 0.526893 0.391280 0.01 0.01
0 0.528275 0.385775 0.01 0.01
0 0.536565 0.386004 0.01 0.01
0 0.561205 0.348385 0.01 0.01
0 0.564890 0.349532 0.01 0.01
0 0.559823 0.356414 0.01 0.01
0 0.548079 0.361231 0.01 0.01
0 0.556139 0.363295 0.01 0.01
0 0.566732 0.359625 0.01 0.01
0 0.563047 0.367653 0.01 0.01
0 0.571107 0.349303 0.01 0.01
0 0.576634 0.348615 0.01 0.01
0 0.583773 0.348615 0.01 0.01
0 0.594366 0.348615 0.01 0.01
0 0.595747 0.347468 0.01 0.01
0 0.570186 0.358478 0.01 0.01
0 0.578246 0.356414 0.01 0.01
0 0.581930 0.369259 0.01 0.01
0 0.586997 0.388756 0.01 0.01
0 0.578246 0.392885 0.01 0.01
0 0.567423 0.390821 0.01 0.01
0 0.559823 0.391280 0.01 0.01
0 0.590911 0.379122 0.01 0.01
0 0.599432 0.379122 0.01 0.01
0 0.593445 0.389215 0.01 0.01
0 0.594135 0.399537 0.01 0.01
0 0.600353 0.393115 0.01 0.01
0 0.601965 0.385086 0.01 0.01
0 0.609104 0.390133 0.01 0.01
0 0.601274 0.371553 0.01 0.01
0 0.595287 0.363754 0.01 0.01
0 0.599662 0.357331 0.01 0.01
0 0.604037 0.361689 0.01 0.01
0 0.657408 0.828712 0.01 0.01
0 0.677673 0.929641 0.01 0.01
0 0.753206 0.876424 0.01 0.01
0 0.780839 0.947991 0.01 0.01
0 0.769786 0.823207 0.01 0.01
0 0.856372 0.847063 0.01 0.01
0 0.019872 0.624562 0.01 0.01
0 0.008358 0.671815 0.01 0.01
0 0.025860 0.673191 0.01 0.01
0 0.040137 0.657593 0.01 0.01
0 0.077903 0.640160 0.01 0.01
0 0.059941 0.637866 0.01 0.01
0 0.078824 0.614928 0.01 0.01
0 0.055336 0.601623 0.01 0.01
0 0.052112 0.569510 0.01 0.01
0 0.105537 0.611258 0.01 0.01
0 0.104156 0.650711 0.01 0.01
0 0.144225 0.667686 0.01 0.01
0 0.128565 0.656675 0.01 0.01
0 0.162187 0.702552 0.01 0.01
0 0.110603 0.694753 0.01 0.01
0 0.061784 0.695212 0.01 0.01
0 0.042440 0.685578 0.01 0.01
0 0.086654 0.725490 0.01 0.01
0 0.191202 0.699799 0.01 0.01
0 0.178306 0.649794 0.01 0.01
0 0.135934 0.632361 0.01 0.01
0 0.139158 0.604835 0.01 0.01
0 0.173701 0.594283 0.01 0.01
0 0.171398 0.620433 0.01 0.01
0 0.219297 0.638783 0.01 0.01
0 0.219297 0.666768 0.01 0.01
0 0.244167 0.662639 0.01 0.01
0 0.261208 0.721361 0.01 0.01
0 0.289763 0.685119 0.01 0.01
0 0.282394 0.653005 0.01 0.01
0 0.287921 0.612634 0.01 0.01
0 0.311870 0.626856 0.01 0.01
0 0.339043 0.634655 0.01 0.01
0 0.370362 0.630984 0.01 0.01
0 0.389245 0.634655 0.01 0.01
0 0.329832 0.735124 0.01 0.01
0 0.095405 0.568592 0.01 0.01
0 0.077903 0.568592 0.01 0.01
0 0.069153 0.569969 0.01 0.01
0 0.048888 0.552994 0.01 0.01
0 0.045203 0.560793 0.01 0.01
0 0.067310 0.537396 0.01 0.01
0 0.065008 0.546572 0.01 0.01
0 0.054415 0.527762 0.01 0.01
0 0.037374 0.539231 0.01 0.01
0 0.112446 0.566757 0.01 0.01
0 0.104156 0.564922 0.01 0.01
0 0.111064 0.547489 0.01 0.01
0 0.088957 0.535561 0.01 0.01
0 0.129487 0.547489 0.01 0.01
0 0.118433 0.540149 0.01 0.01
0 0.137777 0.513541 0.01 0.01
0 0.123039 0.512164 0.01 0.01
0 0.109682 0.526845 0.01 0.01
0 0.109682 0.535561 0.01 0.01
0 0.130408 0.535103 0.01 0.01
0 0.143303 0.523633 0.01 0.01
0 0.150212 0.511706 0.01 0.01
0 0.158042 0.512623 0.01 0.01
0 0.168635 0.511706 0.01 0.01
0 0.171398 0.515376 0.01 0.01
0 0.170477 0.539231 0.01 0.01
0 0.158502 0.552994 0.01 0.01
0 0.164489 0.568134 0.01 0.01
0 0.141461 0.539231 0.01 0.01
0 0.149751 0.528680 0.01 0.01
0 0.188439 0.532350 0.01 0.01
0 0.178767 0.504824 0.01 0.01
0 0.182912 0.499319 0.01 0.01
0 0.180609 0.519046 0.01 0.01
0 0.193966 0.521798 0.01 0.01
0 0.205019 0.513082 0.01 0.01
0 0.202716 0.501613 0.01 0.01
0 0.189820 0.511247 0.01 0.01
0 0.212388 0.511247 0.01 0.01
0 0.215151 0.494272 0.01 0.01
0 0.228047 0.513541 0.01 0.01
0 0.237259 0.539231 0.01 0.01
0 0.217454 0.535103 0.01 0.01
0 0.203177 0.531432 0.01 0.01
0 0.203637 0.554371 0.01 0.01
0 0.182451 0.549783 0.01 0.01
0 0.179688 0.558500 0.01 0.01
0 0.194887 0.578685 0.01 0.01
0 0.206401 0.595660 0.01 0.01
0 0.218836 0.580979 0.01 0.01
0 0.229659 0.490373 0.01 0.01
0 0.238640 0.490373 0.01 0.01
0 0.237028 0.500007 0.01 0.01
0 0.248082 0.494731 0.01 0.01
0 0.245088 0.486703 0.01 0.01
0 0.249924 0.479363 0.01 0.01
0 0.255221 0.489685 0.01 0.01
0 0.258214 0.507577 0.01 0.01
0 0.244397 0.526845 0.01 0.01
0 0.238180 0.515834 0.01 0.01
0 0.247852 0.506889 0.01 0.01
0 0.228968 0.535791 0.01 0.01
0 0.261438 0.543819 0.01 0.01
0 0.260747 0.520193 0.01 0.01
0 0.271340 0.519275 0.01 0.01
0 0.273413 0.530286 0.01 0.01
0 0.279861 0.511017 0.01 0.01
0 0.269037 0.506889 0.01 0.01
0 0.272952 0.485327 0.01 0.01
0 0.264432 0.481427 0.01 0.01
0 0.260287 0.479363 0.01 0.01
0 0.274334 0.477986 0.01 0.01
0 0.281703 0.497025 0.01 0.01
0 0.296671 0.501383 0.01 0.01
0 0.293678 0.477986 0.01 0.01
0 0.278709 0.485785 0.01 0.01
0 0.285848 0.480739 0.01 0.01
0 0.292066 0.470417 0.01 0.01
0 0.301047 0.491979 0.01 0.01
0 0.307955 0.496796 0.01 0.01
0 0.292526 0.513999 0.01 0.01
0 0.288151 0.528221 0.01 0.01
0 0.283545 0.550701 0.01 0.01
0 0.282394 0.536479 0.01 0.01
0 0.271571 0.553453 0.01 0.01
0 0.238871 0.529827 0.01 0.01
0 0.319239 0.517440 0.01 0.01
0 0.309797 0.534873 0.01 0.01
0 0.304271 0.519275 0.01 0.01
0 0.301047 0.510788 0.01 0.01
0 0.305422 0.502989 0.01 0.01
0 0.293678 0.489226 0.01 0.01
0 0.300126 0.470187 0.01 0.01
0 0.304501 0.480510 0.01 0.01
0 0.322002 0.497713 0.01 0.01
0 0.305652 0.472252 0.01 0.01
0 0.315785 0.480510 0.01 0.01
0 0.324075 0.471793 0.01 0.01
0 0.318088 0.472711 0.01 0.01
0 0.315554 0.467205 0.01 0.01
0 0.326378 0.478216 0.01 0.01
0 0.335128 0.513999 0.01 0.01
0 0.328220 0.522028 0.01 0.01
0 0.329602 0.495190 0.01 0.01
0 0.334207 0.488997 0.01 0.01
0 0.335128 0.479133 0.01 0.01
0 0.334668 0.469958 0.01 0.01
0 0.330523 0.465370 0.01 0.01
0 0.339964 0.461930 0.01 0.01
0 0.349636 0.460094 0.01 0.01
0 0.348945 0.471334 0.01 0.01
0 0.355624 0.468811 0.01 0.01
0 0.351709 0.480510 0.01 0.01
0 0.352860 0.492208 0.01 0.01
0 0.349636 0.501154 0.01 0.01
0 0.347794 0.530744 0.01 0.01
0 0.352630 0.519734 0.01 0.01
0 0.362302 0.497943 0.01 0.01
0 0.359538 0.483950 0.01 0.01
0 0.368980 0.486015 0.01 0.01
0 0.370822 0.493355 0.01 0.01
0 0.365756 0.512623 0.01 0.01
0 0.363914 0.524780 0.01 0.01
0 0.357926 0.537167 0.01 0.01
0 0.323845 0.533038 0.01 0.01
0 0.325226 0.553224 0.01 0.01
0 0.307495 0.557353 0.01 0.01
0 0.343879 0.560564 0.01 0.01
0 0.359078 0.555288 0.01 0.01
0 0.373816 0.547489 0.01 0.01
0 0.381876 0.519046 0.01 0.01
0 0.383257 0.537396 0.01 0.01
0 0.325457 0.571345 0.01 0.01
0 0.246040 0.574098 0.01 0.01
0 0.271141 0.589237 0.01 0.01
0 0.273444 0.572721 0.01 0.01
0 0.286109 0.573639 0.01 0.01
0 0.295321 0.590154 0.01 0.01
0 0.292788 0.556206 0.01 0.01
0 0.324567 0.594742 0.01 0.01
0 0.244198 0.606899 0.01 0.01
0 0.259857 0.629838 0.01 0.01
0 0.341377 0.594054 0.01 0.01
0 0.366248 0.572492 0.01 0.01
0 0.366938 0.594054 0.01 0.01
0 0.393651 0.589696 0.01 0.01
0 0.383289 0.562858 0.01 0.01
0 0.400099 0.553453 0.01 0.01
0 0.399178 0.532350 0.01 0.01
0 0.409541 0.541296 0.01 0.01
0 0.416910 0.557353 0.01 0.01
0 0.401711 0.567216 0.01 0.01
0 0.412074 0.585567 0.01 0.01
0 0.442196 0.579144 0.01 0.01
0 0.424464 0.586943 0.01 0.01
0 0.444729 0.608505 0.01 0.01
0 0.459928 0.595430 0.01 0.01
0 0.470060 0.571804 0.01 0.01
0 0.462230 0.632131 0.01 0.01
0 0.497003 0.621580 0.01 0.01
0 0.509208 0.571116 0.01 0.01
0 0.491937 0.545884 0.01 0.01
0 0.466606 0.539690 0.01 0.01
0 0.455552 0.557123 0.01 0.01
0 0.429761 0.533267 0.01 0.01
0 0.432063 0.549324 0.01 0.01
0 0.481804 0.527304 0.01 0.01
0 0.500227 0.521569 0.01 0.01
0 0.529242 0.524780 0.01 0.01
0 0.535230 0.556665 0.01 0.01
0 0.531085 0.540608 0.01 0.01
0 0.544441 0.569969 0.01 0.01
0 0.520492 0.614010 0.01 0.01
0 0.554174 0.610340 0.01 0.01
0 0.567300 0.597265 0.01 0.01
0 0.578354 0.591989 0.01 0.01
0 0.595164 0.570198 0.01 0.01
0 0.580426 0.558270 0.01 0.01
0 0.565458 0.542443 0.01 0.01
0 0.594013 0.531662 0.01 0.01
0 0.611975 0.549324 0.01 0.01
0 0.625792 0.550930 0.01 0.01
0 0.640990 0.579832 0.01 0.01
0 0.605527 0.616992 0.01 0.01
0 0.627634 0.631902 0.01 0.01
0 0.672539 0.597265 0.01 0.01
0 0.677835 0.626856 0.01 0.01
0 0.657571 0.548866 0.01 0.01
0 0.646056 0.533038 0.01 0.01
0 0.673000 0.533267 0.01 0.01
0 0.685770 0.571574 0.01 0.01
0 0.696132 0.554600 0.01 0.01
0 0.705113 0.570198 0.01 0.01
0 0.693830 0.588319 0.01 0.01
0 0.715937 0.600477 0.01 0.01
0 0.733208 0.631902 0.01 0.01
0 0.749097 0.598871 0.01 0.01
0 0.739195 0.579373 0.01 0.01
0 0.729523 0.563317 0.01 0.01
0 0.713634 0.551389 0.01 0.01
0 0.752321 0.547030 0.01 0.01
0 0.771895 0.605294 0.01 0.01
0 0.703962 0.655528 0.01 0.01
0 0.649846 0.655299 0.01 0.01
0 0.796075 0.625479 0.01 0.01
0 0.791239 0.560105 0.01 0.01
0 0.810813 0.592907 0.01 0.01
0 0.804499 0.550012 0.01 0.01
0 0.824763 0.548636 0.01 0.01
0 0.833054 0.579832 0.01 0.01
0 0.831211 0.630526 0.01 0.01
0 0.857694 0.605752 0.01 0.01
0 0.854470 0.573868 0.01 0.01
0 0.871741 0.576162 0.01 0.01
0 0.868056 0.558958 0.01 0.01
0 0.878189 0.595889 0.01 0.01
0 0.864602 0.638095 0.01 0.01
0 0.857924 0.656905 0.01 0.01
0 0.902369 0.642224 0.01 0.01
0 0.926778 0.598412 0.01 0.01
0 0.921252 0.576162 0.01 0.01
0 0.912040 0.568592 0.01 0.01
0 0.929312 0.560105 0.01 0.01
0 0.947504 0.565381 0.01 0.01
0 0.949346 0.594971 0.01 0.01
0 0.946583 0.634884 0.01 0.01
0 0.920331 0.662410 0.01 0.01
0 0.974378 0.625938 0.01 0.01
0 0.977371 0.589925 0.01 0.01
0 0.988655 0.574327 0.01 0.01
0 0.996485 0.564693 0.01 0.01
0 1.009150 0.559876 0.01 0.01
0 0.975069 0.552994 0.01 0.01
0 0.958949 0.555059 0.01 0.01
0 1.021125 0.576162 0.01 0.01
0 1.000630 0.608964 0.01 0.01
0 1.024349 0.615386 0.01 0.01
0 1.019743 0.642912 0.01 0.01
0 1.007999 0.672044 0.01 0.01
0 1.041390 0.646353 0.01 0.01
0 1.057740 0.607817 0.01 0.01
0 1.041390 0.558729 0.01 0.01
0 1.035172 0.581208 0.01 0.01
0 1.067412 0.574327 0.01 0.01
0 1.063267 0.558041 0.01 0.01
0 1.094329 0.571804 0.01 0.01
0 1.117588 0.593595 0.01 0.01
0 1.100086 0.614469 0.01 0.01
0 1.099396 0.634655 0.01 0.01
0 1.082815 0.646582 0.01 0.01
0 1.120121 0.641765 0.01 0.01
0 1.138083 0.596577 0.01 0.01
0 1.155584 0.617680 0.01 0.01
0 1.149827 0.571116 0.01 0.01
0 1.171934 0.592907 0.01 0.01
0 1.175389 0.569739 0.01 0.01
0 1.185061 0.566299 0.01 0.01
0 1.193351 0.590613 0.01 0.01
0 1.193811 0.618139 0.01 0.01
0 1.167329 0.666539 0.01 0.01
0 1.091336 0.674108 0.01 0.01
0 1.085579 0.551618 0.01 0.01
0 1.009816 0.546572 0.01 0.01
0 1.055872 0.546113 0.01 0.01
0 1.207370 0.572263 0.01 0.01
0 1.218194 0.596118 0.01 0.01
0 1.241913 0.562628 0.01 0.01
0 1.238919 0.594283 0.01 0.01
0 1.206679 0.645894 0.01 0.01
0 1.212206 0.623874 0.01 0.01
0 1.241913 0.620433 0.01 0.01
0 1.254348 0.650711 0.01 0.01
0 1.276915 0.600477 0.01 0.01
0 1.260565 0.606899 0.01 0.01
0 1.252045 0.594283 0.01 0.01
0 1.265401 0.573180 0.01 0.01
0 1.277837 0.574556 0.01 0.01
0 1.300635 0.569281 0.01 0.01
0 1.297641 0.557811 0.01 0.01
0 1.323893 0.561482 0.01 0.01
0 1.293726 0.595660 0.01 0.01
0 1.316754 0.617222 0.01 0.01
0 1.292344 0.626856 0.01 0.01
0 1.275073 0.666539 0.01 0.01
0 1.242143 0.666998 0.01 0.01
0 1.323893 0.652546 0.01 0.01
0 1.331262 0.602082 0.01 0.01
0 1.319057 0.674567 0.01 0.01
0 1.280139 0.554371 0.01 0.01
0 1.338401 0.556894 0.01 0.01
0 1.355605 0.600477 0.01 0.01
0 1.371495 0.611028 0.01 0.01
0 1.347085 0.626626 0.01 0.01
0 1.389457 0.600706 0.01 0.01
0 1.367350 0.583732 0.01 0.01
0 1.386924 0.582585 0.01 0.01
0 1.389917 0.613322 0.01 0.01
0 1.384621 0.625479 0.01 0.01
0 1.372416 0.637866 0.01 0.01
0 1.377712 0.669521 0.01 0.01
0 1.359290 0.655987 0.01 0.01
0 1.408340 0.675255 0.01 0.01
0 1.370113 0.700029 0.01 0.01
0 1.421466 0.701864 0.01 0.01
0 1.414557 0.646353 0.01 0.01
0 1.430217 0.677090 0.01 0.01
0 1.409952 0.629379 0.01 0.01
0 1.407649 0.614240 0.01 0.01
0 1.409031 0.599100 0.01 0.01
0 1.426532 0.622039 0.01 0.01
0 1.454626 0.638554 0.01 0.01
0 1.455317 0.607587 0.01 0.01
0 1.444494 0.591760 0.01 0.01
0 1.424920 0.585796 0.01 0.01
0 1.468443 0.622497 0.01 0.01
0 1.455087 0.665162 0.01 0.01
0 1.466141 0.685578 0.01 0.01
0 1.482260 0.673420 0.01 0.01
0 1.439504 0.813688 0.01 0.01
0 1.473816 0.804971 0.01 0.01
0 1.514345 0.813229 0.01 0.01
0 1.529314 0.893742 0.01 0.01
0 1.514345 0.888466 0.01 0.01
0 1.402659 0.816670 0.01 0.01
0 1.450788 0.735698 0.01 0.01
0 1.422002 0.709089 0.01 0.01
0 1.495923 0.726981 0.01 0.01
0 1.516879 0.751296 0.01 0.01
0 1.530235 0.774234 0.01 0.01
0 1.554415 0.786621 0.01 0.01
0 1.568692 0.746020 0.01 0.01
0 1.533459 0.705190 0.01 0.01
0 1.525399 0.670094 0.01 0.01
0 1.553724 0.678123 0.01 0.01
0 1.559941 0.703584 0.01 0.01
0 1.588036 0.675370 0.01 0.01
0 1.597938 0.730422 0.01 0.01
0 1.381231 0.751754 0.01 0.01
0 1.402417 0.734780 0.01 0.01
0 1.338859 0.760700 0.01 0.01
0 1.327575 0.736845 0.01 0.01
0 1.326424 0.705648 0.01 0.01
0 1.289355 0.777216 0.01 0.01
0 1.243759 0.733633 0.01 0.01
0 1.271393 0.714136 0.01 0.01
0 1.308238 0.735927 0.01 0.01
0 1.099627 0.707713 0.01 0.01
0 1.098476 0.786391 0.01 0.01
0 1.156046 0.753131 0.01 0.01
0 1.152131 0.717118 0.01 0.01
0 1.206938 0.701749 0.01 0.01
0 1.239639 0.678581 0.01 0.01
0 1.273490 0.673994 0.01 0.01
0 1.199569 0.795108 0.01 0.01
0 1.139715 0.815293 0.01 0.01
0 1.231597 0.847636 0.01 0.01
0 1.143027 0.935719 0.01 0.01
0 1.227310 0.925397 0.01 0.01
0 1.058715 0.937784 0.01 0.01
0 1.008613 0.846719 0.01 0.01
0 1.039701 0.789603 0.01 0.01
0 0.935310 0.712530 0.01 0.01
0 0.934850 0.799237 0.01 0.01
0 1.007849 0.721246 0.01 0.01
0 0.990808 0.760700 0.01 0.01
0 0.900750 0.736615 0.01 0.01
0 0.940819 0.864611 0.01 0.01
0 0.769028 0.708630 0.01 0.01
0 0.810479 0.725605 0.01 0.01
0 0.769949 0.665507 0.01 0.01
0 0.696259 0.719641 0.01 0.01
0 0.735868 0.755425 0.01 0.01
0 0.714682 0.780198 0.01 0.01
0 0.696720 0.821028 0.01 0.01
0 0.852851 0.707254 0.01 0.01
0 0.597929 0.687986 0.01 0.01
0 0.525160 0.730192 0.01 0.01
0 0.503052 0.791667 0.01 0.01
0 0.485551 0.837543 0.01 0.01
0 0.500289 0.933884 0.01 0.01
0 0.576743 0.824698 0.01 0.01
0 0.601613 0.773316 0.01 0.01
0 0.637537 0.765059 0.01 0.01
0 0.817157 0.778822 0.01 0.01
0 0.864135 0.802677 0.01 0.01
0 0.877952 0.971503 0.01 0.01
0 0.666092 0.697161 0.01 0.01
0 0.256317 0.818161 0.01 0.01
0 0.272897 0.779624 0.01 0.01
0 0.362246 0.891563 0.01 0.01
0 0.337376 0.833759 0.01 0.01
0 0.360404 0.792470 0.01 0.01
0 0.411987 0.742006 0.01 0.01
0 0.443306 0.695212 0.01 0.01
0 0.410145 0.794305 0.01 0.01
0 0.177731 0.812655 0.01 0.01
0 0.164835 0.753016 0.01 0.01
0 0.132595 0.812655 0.01 0.01
0 0.097592 0.782377 0.01 0.01
0 0.042325 0.748428 0.01 0.01
0 0.023902 0.739253 0.01 0.01
0 0.123384 0.715397 0.01 0.01
0 0.195347 0.668144 0.01 0.01
0 0.224823 0.613093 0.01 0.01
0 0.193966 0.614010 0.01 0.01
0 0.141461 0.593824 0.01 0.01
0 0.110603 0.592907 0.01 0.01
0 0.134092 0.576850 0.01 0.01
0 0.146067 0.566757 0.01 0.01
0 0.079285 0.593824 0.01 0.01
0 0.005595 0.737877 0.01 0.01
0 0.082048 0.667686 0.01 0.01
0 0.097708 0.709892 0.01 0.01
0 0.065929 0.755769 0.01 0.01
0 1.333632 0.858073 0.01 0.01
0 1.288496 0.680072 0.01 0.01
0 1.428681 0.564693 0.01 0.01
0 1.451248 0.576162 0.01 0.01
0 1.473816 0.608734 0.01 0.01
0 1.478191 0.591760 0.01 0.01
0 1.494772 0.601623 0.01 0.01
0 1.490166 0.619515 0.01 0.01
0 1.498226 0.634884 0.01 0.01
0 1.495693 0.650711 0.01 0.01
0 1.523327 0.643830 0.01 0.01
0 1.512503 0.626626 0.01 0.01
0 1.504904 0.594971 0.01 0.01
0 1.511582 0.601394 0.01 0.01
0 1.521024 0.615616 0.01 0.01
0 1.533229 0.639472 0.01 0.01
0 1.540598 0.627314 0.01 0.01
0 1.544973 0.617451 0.01 0.01
0 1.556487 0.643142 0.01 0.01
0 1.564317 0.654840 0.01 0.01
0 1.537604 0.596348 0.01 0.01
0 1.550960 0.585567 0.01 0.01
0 1.546585 0.603917 0.01 0.01
0 1.560402 0.607129 0.01 0.01
0 1.567310 0.593595 0.01 0.01
0 1.572607 0.617680 0.01 0.01
0 1.582279 0.629149 0.01 0.01
0 1.593563 0.625250 0.01 0.01
0 1.589417 0.640848 0.01 0.01
0 1.569843 0.645206 0.01 0.01
0 1.523327 0.596348 0.01 0.01
0 1.507667 0.582355 0.01 0.01
0 1.520333 0.575245 0.01 0.01
0 1.530926 0.570886 0.01 0.01
0 1.574449 0.579144 0.01 0.01
0 1.435128 0.576391 0.01 0.01
0 1.483718 0.573409 0.01 0.01
0 1.436740 0.550242 0.01 0.01
0 1.435819 0.532121 0.01 0.01
0 1.441576 0.512394 0.01 0.01
0 1.472664 0.514229 0.01 0.01
0 1.500068 0.509412 0.01 0.01
0 1.529314 0.540608 0.01 0.01
0 1.521484 0.533267 0.01 0.01
0 1.556717 0.543360 0.01 0.01
0 1.576061 0.549783 0.01 0.01
0 1.564547 0.509870 0.01 0.01
0 1.518030 0.548177 0.01 0.01
0 1.505595 0.550701 0.01 0.01
0 1.497074 0.550701 0.01 0.01
0 1.500298 0.539231 0.01 0.01
0 1.486481 0.535332 0.01 0.01
0 1.488324 0.547260 0.01 0.01
0 1.474046 0.541296 0.01 0.01
0 1.462071 0.542213 0.01 0.01
0 1.454242 0.538314 0.01 0.01
0 1.445952 0.529368 0.01 0.01
0 1.443419 0.540608 0.01 0.01
0 1.450097 0.554600 0.01 0.01
0 1.439043 0.561482 0.01 0.01
0 1.462302 0.563546 0.01 0.01
0 1.466447 0.548636 0.01 0.01
0 1.470822 0.557353 0.01 0.01
0 1.478191 0.552765 0.01 0.01
0 1.471283 0.572721 0.01 0.01
0 1.492699 0.586255 0.01 0.01
0 1.498226 0.578685 0.01 0.01
0 1.494541 0.562628 0.01 0.01
0 1.490396 0.556435 0.01 0.01
0 1.508588 0.563087 0.01 0.01
0 1.525399 0.557353 0.01 0.01
0 1.538755 0.557582 0.01 0.01
0 1.549579 0.563775 0.01 0.01
0 1.569153 0.561940 0.01 0.01
0 1.592872 0.569281 0.01 0.01
0 1.581358 0.577997 0.01 0.01
0 1.462071 0.527533 0.01 0.01
0 1.410258 0.515605 0.01 0.01
0 1.417857 0.531432 0.01 0.01
0 1.408876 0.529597 0.01 0.01
0 1.412561 0.556665 0.01 0.01
0 1.404501 0.570886 0.01 0.01
0 1.419930 0.544966 0.01 0.01
0 1.347427 0.573409 0.01 0.01
0 1.358020 0.560105 0.01 0.01
0 1.374600 0.553453 0.01 0.01
0 1.395325 0.554829 0.01 0.01
0 1.385423 0.568822 0.01 0.01
0 1.394635 0.566528 0.01 0.01
0 1.395095 0.529368 0.01 0.01
0 1.349960 0.530515 0.01 0.01
0 1.336834 0.528680 0.01 0.01
0 1.338446 0.538773 0.01 0.01
0 1.317720 0.546572 0.01 0.01
0 1.321865 0.533956 0.01 0.01
0 1.312424 0.529139 0.01 0.01
0 1.314036 0.517211 0.01 0.01
0 1.327622 0.517899 0.01 0.01
0 1.332228 0.506430 0.01 0.01
0 1.353414 0.509182 0.01 0.01
0 1.347196 0.506659 0.01 0.01
0 1.337525 0.513999 0.01 0.01
0 1.346966 0.518816 0.01 0.01
0 1.354565 0.519275 0.01 0.01
0 1.367922 0.515146 0.01 0.01
0 1.364928 0.505053 0.01 0.01
0 1.372758 0.506200 0.01 0.01
0 1.361013 0.499548 0.01 0.01
0 1.379896 0.504824 0.01 0.01
0 1.374139 0.524551 0.01 0.01
0 1.358710 0.528909 0.01 0.01
0 1.366310 0.536938 0.01 0.01
0 1.386575 0.525468 0.01 0.01
0 1.387035 0.516752 0.01 0.01
0 1.385654 0.505971 0.01 0.01
0 1.390489 0.508953 0.01 0.01
0 1.394404 0.518358 0.01 0.01
0 1.398780 0.507806 0.01 0.01
0 1.405227 0.509182 0.01 0.01
0 1.416972 0.519046 0.01 0.01
0 1.392562 0.544278 0.01 0.01
0 1.385423 0.539690 0.01 0.01
0 1.355256 0.544966 0.01 0.01
0 1.356177 0.539231 0.01 0.01
0 1.345815 0.548636 0.01 0.01
0 1.273636 0.534185 0.01 0.01
0 1.260510 0.534644 0.01 0.01
0 1.249457 0.536708 0.01 0.01
0 1.259589 0.514688 0.01 0.01
0 1.251759 0.504136 0.01 0.01
0 1.255444 0.491979 0.01 0.01
0 1.270643 0.509641 0.01 0.01
0 1.259589 0.505971 0.01 0.01
0 1.264425 0.499548 0.01 0.01
0 1.275248 0.502989 0.01 0.01
0 1.283999 0.501613 0.01 0.01
0 1.288144 0.510329 0.01 0.01
0 1.285381 0.518816 0.01 0.01
0 1.293440 0.504595 0.01 0.01
0 1.307488 0.505283 0.01 0.01
0 1.295513 0.519505 0.01 0.01
0 1.298046 0.540149 0.01 0.01
0 1.284229 0.543819 0.01 0.01
0 1.307027 0.513311 0.01 0.01
0 1.317850 0.498860 0.01 0.01
0 1.311863 0.501383 0.01 0.01
0 1.295743 0.499319 0.01 0.01
0 1.290907 0.494272 0.01 0.01
0 1.295743 0.489226 0.01 0.01
0 1.304724 0.487850 0.01 0.01
0 1.298737 0.496337 0.01 0.01
0 1.280775 0.480739 0.01 0.01
0 1.278242 0.489914 0.01 0.01
0 1.269491 0.480510 0.01 0.01
0 1.290447 0.484638 0.01 0.01
0 1.331437 0.495649 0.01 0.01
0 1.342951 0.500925 0.01 0.01
0 1.350090 0.500925 0.01 0.01
0 1.326601 0.500925 0.01 0.01
0 1.291138 0.526615 0.01 0.01
0 1.267419 0.553683 0.01 0.01
0 1.236092 0.493355 0.01 0.01
0 1.233559 0.484180 0.01 0.01
0 1.236322 0.479363 0.01 0.01
0 1.246225 0.477069 0.01 0.01
0 1.241849 0.471334 0.01 0.01
0 1.173225 0.533726 0.01 0.01
0 1.173225 0.525239 0.01 0.01
0 1.210531 0.553683 0.01 0.01
0 1.210991 0.540149 0.01 0.01
0 1.218360 0.561711 0.01 0.01
0 1.060495 0.500925 0.01 0.01
0 1.051975 0.513082 0.01 0.01
0 1.063489 0.530286 0.01 0.01
0 1.065792 0.517440 0.01 0.01
0 1.077997 0.517211 0.01 0.01
0 1.064640 0.505742 0.01 0.01
0 1.054047 0.486932 0.01 0.01
0 1.080760 0.500007 0.01 0.01
0 1.088129 0.509182 0.01 0.01
0 1.099183 0.510559 0.01 0.01
0 1.093195 0.491520 0.01 0.01
0 1.089050 0.484638 0.01 0.01
0 1.106782 0.498172 0.01 0.01
0 1.113921 0.495190 0.01 0.01
0 1.111388 0.484638 0.01 0.01
0 1.122902 0.483262 0.01 0.01
0 1.128889 0.485327 0.01 0.01
0 1.130271 0.500466 0.01 0.01
0 1.123132 0.493355 0.01 0.01
0 1.123362 0.509641 0.01 0.01
0 1.115072 0.506200 0.01 0.01
0 1.112769 0.518358 0.01 0.01
0 1.094807 0.541067 0.01 0.01
0 1.102637 0.535561 0.01 0.01
0 1.125435 0.561711 0.01 0.01
0 1.074145 0.474087 0.01 0.01
0 1.073685 0.468123 0.01 0.01
0 1.070691 0.462847 0.01 0.01
0 1.080593 0.459865 0.01 0.01
0 1.080823 0.451837 0.01 0.01
0 1.087271 0.465829 0.01 0.01
0 1.099016 0.470187 0.01 0.01
0 1.095101 0.476151 0.01 0.01
0 1.100858 0.461241 0.01 0.01
0 1.105924 0.472711 0.01 0.01
0 1.122965 0.466976 0.01 0.01
0 1.119741 0.459177 0.01 0.01
0 1.135400 0.460553 0.01 0.01
0 1.137473 0.467435 0.01 0.01
0 1.136091 0.481427 0.01 0.01
0 1.158198 0.478674 0.01 0.01
0 1.132637 0.475922 0.01 0.01
0 1.056413 0.471793 0.01 0.01
0 1.050656 0.465829 0.01 0.01
0 1.046972 0.470875 0.01 0.01
0 1.041906 0.478674 0.01 0.01
0 1.033616 0.479363 0.01 0.01
0 1.039603 0.497484 0.01 0.01
0 1.042827 0.490602 0.01 0.01
0 1.035688 0.513541 0.01 0.01
0 1.063092 0.466976 0.01 0.01
0 1.049966 0.457342 0.01 0.01
0 1.058486 0.459636 0.01 0.01
0 1.070921 0.452984 0.01 0.01
0 1.065625 0.451149 0.01 0.01
0 1.067006 0.440138 0.01 0.01
0 1.083356 0.442432 0.01 0.01
0 1.093949 0.447937 0.01 0.01
0 1.094180 0.444726 0.01 0.01
0 1.107075 0.459636 0.01 0.01
0 1.081744 0.474087 0.01 0.01
0 0.990441 0.471105 0.01 0.01
0 0.992053 0.492208 0.01 0.01
0 1.002185 0.476610 0.01 0.01
0 1.015081 0.478216 0.01 0.01
0 1.024062 0.469729 0.01 0.01
0 1.016924 0.467893 0.01 0.01
0 1.008864 0.463994 0.01 0.01
0 1.004719 0.452295 0.01 0.01
0 1.007482 0.448855 0.01 0.01
0 1.019917 0.460324 0.01 0.01
0 0.961195 0.490373 0.01 0.01
0 0.976164 0.504824 0.01 0.01
0 0.971788 0.520651 0.01 0.01
0 0.989520 0.525927 0.01 0.01
0 0.979157 0.534185 0.01 0.01
0 1.004949 0.527304 0.01 0.01
0 1.003107 0.513082 0.01 0.01
0 1.001725 0.504136 0.01 0.01
0 1.016693 0.502530 0.01 0.01
0 1.007943 0.492208 0.01 0.01
0 1.018075 0.534185 0.01 0.01
0 0.902293 0.511017 0.01 0.01
0 0.888476 0.519963 0.01 0.01
0 0.892160 0.541984 0.01 0.01
0 0.876271 0.535332 0.01 0.01
0 0.923018 0.534873 0.01 0.01
0 0.910813 0.536479 0.01 0.01
0 0.919794 0.519734 0.01 0.01
0 0.924169 0.506430 0.01 0.01
0 0.938907 0.502760 0.01 0.01
0 0.940750 0.526157 0.01 0.01
0 0.947888 0.507118 0.01 0.01
0 0.953415 0.534414 0.01 0.01
0 0.950882 0.523404 0.01 0.01
0 0.961014 0.511706 0.01 0.01
0 0.937986 0.490144 0.01 0.01
0 0.921636 0.490602 0.01 0.01
0 0.894233 0.491520 0.01 0.01
0 0.877422 0.510559 0.01 0.01
0 0.882949 0.484180 0.01 0.01
0 0.890318 0.475692 0.01 0.01
0 0.899759 0.479363 0.01 0.01
0 0.912655 0.479133 0.01 0.01
0 0.914267 0.468123 0.01 0.01
0 0.908971 0.464911 0.01 0.01
0 0.926933 0.477528 0.01 0.01
0 0.920715 0.475922 0.01 0.01
0 0.936144 0.478445 0.01 0.01
0 0.945586 0.476381 0.01 0.01
0 0.937526 0.470646 0.01 0.01
0 0.940289 0.462618 0.01 0.01
0 0.946967 0.469040 0.01 0.01
0 0.957560 0.469040 0.01 0.01
0 0.956639 0.462618 0.01 0.01
0 0.948810 0.460553 0.01 0.01
0 0.967232 0.468352 0.01 0.01
0 0.972529 0.472252 0.01 0.01
0 0.976904 0.486473 0.01 0.01
0 0.975522 0.496566 0.01 0.01
0 1.046219 0.540378 0.01 0.01
0 0.842591 0.605752 0.01 0.01
0 0.902234 0.605523 0.01 0.01
0 0.859401 0.535561 0.01 0.01
0 0.901313 0.540378 0.01 0.01
0 0.847657 0.533956 0.01 0.01
0 0.821405 0.527074 0.01 0.01
0 0.804134 0.522716 0.01 0.01
0 0.794462 0.529597 0.01 0.01
0 0.706819 0.518128 0.01 0.01
0 0.720636 0.529597 0.01 0.01
0 0.727084 0.512852 0.01 0.01
0 0.724781 0.501154 0.01 0.01
0 0.737907 0.507806 0.01 0.01
0 0.748500 0.510788 0.01 0.01
0 0.738598 0.525927 0.01 0.01
0 0.750572 0.526615 0.01 0.01
0 0.758172 0.516981 0.01 0.01
0 0.742052 0.486703 0.01 0.01
0 0.728696 0.490832 0.01 0.01
0 0.717642 0.488997 0.01 0.01
0 0.704055 0.495190 0.01 0.01
0 0.696686 0.497025 0.01 0.01
0 0.700601 0.508724 0.01 0.01
0 0.772449 0.494272 0.01 0.01
0 0.772449 0.478674 0.01 0.01
0 0.781200 0.479821 0.01 0.01
0 0.789951 0.496566 0.01 0.01
0 0.803077 0.498401 0.01 0.01
0 0.794786 0.511017 0.01 0.01
0 0.783503 0.509870 0.01 0.01
0 0.807452 0.508494 0.01 0.01
0 0.818506 0.501613 0.01 0.01
0 0.830020 0.509412 0.01 0.01
0 0.848672 0.500925 0.01 0.01
0 0.852127 0.513541 0.01 0.01
0 0.868246 0.516981 0.01 0.01
0 0.864792 0.501842 0.01 0.01
0 0.873313 0.483721 0.01 0.01
0 0.764850 0.535332 0.01 0.01
0 0.769225 0.551847 0.01 0.01
0 0.733992 0.540608 0.01 0.01
0 0.699219 0.538773 0.01 0.01
0 0.699219 0.528680 0.01 0.01
0 0.732150 0.475004 0.01 0.01
0 0.681110 0.514917 0.01 0.01
0 0.686637 0.533497 0.01 0.01
0 0.687328 0.503677 0.01 0.01
0 0.680649 0.494272 0.01 0.01
0 0.682722 0.488538 0.01 0.01
0 0.688940 0.483491 0.01 0.01
0 0.687558 0.473628 0.01 0.01
0 0.682261 0.463535 0.01 0.01
0 0.687558 0.460553 0.01 0.01
0 0.694006 0.462159 0.01 0.01
0 0.698611 0.465829 0.01 0.01
0 0.697460 0.454360 0.01 0.01
0 0.704829 0.459636 0.01 0.01
0 0.711968 0.458489 0.01 0.01
0 0.723021 0.476610 0.01 0.01
0 0.722331 0.466976 0.01 0.01
0 0.722331 0.455966 0.01 0.01
0 0.732002 0.457801 0.01 0.01
0 0.736378 0.462388 0.01 0.01
0 0.744668 0.465141 0.01 0.01
0 0.748583 0.471334 0.01 0.01
0 0.756412 0.475004 0.01 0.01
0 0.761018 0.466058 0.01 0.01
0 0.752037 0.462159 0.01 0.01
0 0.756643 0.456654 0.01 0.01
0 0.767926 0.458718 0.01 0.01
0 0.776677 0.456424 0.01 0.01
0 0.785658 0.472711 0.01 0.01
0 0.808226 0.472940 0.01 0.01
0 0.812831 0.461930 0.01 0.01
0 0.812831 0.454131 0.01 0.01
0 0.818819 0.466058 0.01 0.01
0 0.824806 0.466058 0.01 0.01
0 0.823424 0.486244 0.01 0.01
0 0.796942 0.483491 0.01 0.01
0 0.841156 0.482115 0.01 0.01
0 0.846453 0.474316 0.01 0.01
0 0.850598 0.466747 0.01 0.01
0 0.845301 0.461700 0.01 0.01
0 0.843229 0.455277 0.01 0.01
0 0.387748 0.497943 0.01 0.01
0 0.378997 0.495649 0.01 0.01
0 0.371168 0.456654 0.01 0.01
0 0.371168 0.463535 0.01 0.01
0 0.396038 0.460324 0.01 0.01
0 0.388208 0.457571 0.01 0.01
0 0.389590 0.473628 0.01 0.01
0 0.384063 0.470875 0.01 0.01
0 0.389590 0.480968 0.01 0.01
0 0.381761 0.485097 0.01 0.01
0 0.395117 0.500236 0.01 0.01
0 0.396959 0.490144 0.01 0.01
0 0.408473 0.486473 0.01 0.01
0 0.420448 0.485097 0.01 0.01
0 0.423672 0.475922 0.01 0.01
0 0.415842 0.475922 0.01 0.01
0 0.406631 0.471793 0.01 0.01
0 0.410776 0.463994 0.01 0.01
0 0.419527 0.449313 0.01 0.01
0 0.430580 0.468582 0.01 0.01
0 0.429199 0.459406 0.01 0.01
0 0.435647 0.452984 0.01 0.01
0 0.443937 0.466747 0.01 0.01
0 0.442555 0.488309 0.01 0.01
0 0.430580 0.508494 0.01 0.01
0 0.461438 0.514917 0.01 0.01
0 0.433804 0.520422 0.01 0.01
0 0.447621 0.524551 0.01 0.01
0 0.464202 0.493355 0.01 0.01
0 0.474334 0.503448 0.01 0.01
0 0.486309 0.498401 0.01 0.01
0 0.503810 0.490144 0.01 0.01
0 0.518088 0.491061 0.01 0.01
0 0.523614 0.504365 0.01 0.01
0 0.535589 0.495649 0.01 0.01
0 0.556775 0.505283 0.01 0.01
0 0.567368 0.523175 0.01 0.01
0 0.543879 0.513082 0.01 0.01
0 0.572434 0.499319 0.01 0.01
0 0.592238 0.517669 0.01 0.01
0 0.589014 0.503907 0.01 0.01
0 0.601910 0.507577 0.01 0.01
0 0.621254 0.514458 0.01 0.01
0 0.653033 0.511706 0.01 0.01
0 0.636913 0.531432 0.01 0.01
0 0.456372 0.470417 0.01 0.01
0 0.463280 0.462618 0.01 0.01
0 0.450385 0.448396 0.01 0.01
0 0.461438 0.449313 0.01 0.01
0 0.479861 0.458489 0.01 0.01
0 0.475716 0.464453 0.01 0.01
0 0.473873 0.451149 0.01 0.01
0 0.477097 0.441514 0.01 0.01
0 0.469268 0.438303 0.01 0.01
0 0.490454 0.449313 0.01 0.01
0 0.495981 0.436927 0.01 0.01
0 0.490914 0.458030 0.01 0.01
0 0.507955 0.462159 0.01 0.01
0 0.512100 0.468123 0.01 0.01
0 0.514403 0.458030 0.01 0.01
0 0.512561 0.449772 0.01 0.01
0 0.515785 0.441973 0.01 0.01
0 0.503810 0.441056 0.01 0.01
0 0.513021 0.434633 0.01 0.01
0 0.525457 0.463076 0.01 0.01
0 0.520851 0.455736 0.01 0.01
0 0.555854 0.461241 0.01 0.01
0 0.560459 0.465829 0.01 0.01
0 0.554472 0.470875 0.01 0.01
0 0.536050 0.483721 0.01 0.01
0 0.542497 0.480051 0.01 0.01
0 0.554472 0.493814 0.01 0.01
0 0.562762 0.489685 0.01 0.01
0 0.582106 0.491061 0.01 0.01
0 0.569210 0.480051 0.01 0.01
0 0.583027 0.480510 0.01 0.01
0 0.588093 0.490602 0.01 0.01
0 0.589475 0.469040 0.01 0.01
0 0.574737 0.462159 0.01 0.01
0 0.567829 0.456195 0.01 0.01
0 0.541576 0.451607 0.01 0.01
0 0.534207 0.444726 0.01 0.01
0 0.526838 0.439679 0.01 0.01
0 0.520390 0.435092 0.01 0.01
0 0.520390 0.475463 0.01 0.01
0 0.561381 0.442432 0.01 0.01
0 0.543879 0.438303 0.01 0.01
0 0.539274 0.434174 0.01 0.01
0 0.549867 0.431880 0.01 0.01
0 0.560459 0.430963 0.01 0.01
0 0.561381 0.436927 0.01 0.01
0 0.580724 0.447020 0.01 0.01
0 0.578882 0.457571 0.01 0.01
0 0.590857 0.458030 0.01 0.01
0 0.594081 0.455277 0.01 0.01
0 0.579343 0.442432 0.01 0.01
0 0.574276 0.441056 0.01 0.01
0 0.577040 0.436009 0.01 0.01
0 0.582106 0.432339 0.01 0.01
0 0.588554 0.440138 0.01 0.01
0 0.595462 0.449313 0.01 0.01
0 0.604674 0.455277 0.01 0.01
0 0.608358 0.473628 0.01 0.01
0 0.597305 0.479592 0.01 0.01
0 0.609740 0.493814 0.01 0.01
0 0.598686 0.496108 0.01 0.01
0 0.635071 0.496108 0.01 0.01
0 0.658560 0.502530 0.01 0.01
0 0.659020 0.485556 0.01 0.01
0 0.643361 0.485097 0.01 0.01
0 0.648427 0.475463 0.01 0.01
0 0.631847 0.474087 0.01 0.01
0 0.620793 0.469499 0.01 0.01
0 0.612964 0.456195 0.01 0.01
0 0.617109 0.446561 0.01 0.01
0 0.616648 0.437386 0.01 0.01
0 0.603292 0.442891 0.01 0.01
0 0.625860 0.443808 0.01 0.01
0 0.633229 0.447020 0.01 0.01
0 0.635071 0.451607 0.01 0.01
0 0.646585 0.446561 0.01 0.01
0 0.643361 0.436468 0.01 0.01
0 0.651191 0.437844 0.01 0.01
0 0.654415 0.442432 0.01 0.01
0 0.661323 0.445185 0.01 0.01
0 0.665008 0.436009 0.01 0.01
0 0.646124 0.430504 0.01 0.01
0 0.634150 0.432339 0.01 0.01
0 0.609279 0.432339 0.01 0.01
0 0.590857 0.433257 0.01 0.01
0 0.592699 0.430504 0.01 0.01
0 0.600529 0.434633 0.01 0.01
0 0.639216 0.428210 0.01 0.01
0 0.654875 0.428210 0.01 0.01
0 0.673298 0.445185 0.01 0.01
0 0.664547 0.448396 0.01 0.01
0 0.666389 0.457571 0.01 0.01
0 0.659020 0.469958 0.01 0.01
0 0.668692 0.482803 0.01 0.01
0 0.648427 0.462159 0.01 0.01
0 0.646124 0.454819 0.01 0.01
0 0.678824 0.449313 0.01 0.01
0 0.681127 0.453901 0.01 0.01
0 0.677903 0.437844 0.01 0.01
0 0.673298 0.432339 0.01 0.01
0 0.711064 0.442891 0.01 0.01
0 0.694944 0.477298 0.01 0.01
0 0.699089 0.474087 0.01 0.01
0 0.702313 0.479592 0.01 0.01
0 0.690799 0.456195 0.01 0.01
0 0.682970 0.446102 0.01 0.01
0 0.682509 0.435551 0.01 0.01
0 0.478940 0.475004 0.01 0.01
0 0.487690 0.484180 0.01 0.01
0 0.461438 0.481427 0.01 0.01
0 0.470189 0.487391 0.01 0.01
0 0.427356 0.447020 0.01 0.01
0 0.454530 0.444726 0.01 0.01
0 0.458675 0.441056 0.01 0.01
0 0.412618 0.453442 0.01 0.01
0 0.402947 0.456195 0.01 0.01
0 0.414000 0.444726 0.01 0.01
0 0.718265 0.445414 0.01 0.01
0 0.673590 0.430963 0.01 0.01
0 0.668063 0.425687 0.01 0.01
0 0.707442 0.425228 0.01 0.01
0 0.706290 0.435780 0.01 0.01
0 0.716653 0.435092 0.01 0.01
0 0.721719 0.433486 0.01 0.01
0 0.718265 0.429128 0.01 0.01
0 0.738760 0.428898 0.01 0.01
0 0.733003 0.443579 0.01 0.01
0 0.727246 0.440138 0.01 0.01
0 0.728858 0.446332 0.01 0.01
0 0.724713 0.450460 0.01 0.01
0 0.737148 0.450919 0.01 0.01
0 0.747741 0.449772 0.01 0.01
0 0.742905 0.439221 0.01 0.01
0 0.747741 0.431651 0.01 0.01
0 0.747741 0.427752 0.01 0.01
0 0.751656 0.425916 0.01 0.01
0 0.759716 0.451837 0.01 0.01
0 0.765242 0.449772 0.01 0.01
0 0.761097 0.429357 0.01 0.01
0 0.764782 0.436009 0.01 0.01
0 0.769848 0.430963 0.01 0.01
0 0.773533 0.448855 0.01 0.01
0 0.776757 0.433486 0.01 0.01
0 0.771921 0.428440 0.01 0.01
0 0.782283 0.434174 0.01 0.01
0 0.782283 0.429357 0.01 0.01
0 0.789883 0.429587 0.01 0.01
0 0.794719 0.439450 0.01 0.01
0 0.799094 0.434633 0.01 0.01
0 0.808535 0.434862 0.01 0.01
0 0.812450 0.429128 0.01 0.01
0 0.802088 0.428440 0.01 0.01
0 0.807845 0.454589 0.01 0.01
0 0.800476 0.452295 0.01 0.01
0 0.817977 0.440138 0.01 0.01
0 0.823043 0.454819 0.01 0.01
0 0.822352 0.445414 0.01 0.01
0 0.786198 0.439909 0.01 0.01
0 0.690861 0.439450 0.01 0.01
0 0.688559 0.430045 0.01 0.01
0 0.697540 0.430045 0.01 0.01
0 0.691552 0.433945 0.01 0.01
0 0.661846 0.425687 0.01 0.01
0 0.850514 0.456195 0.01 0.01
0 0.854198 0.450690 0.01 0.01
0 0.850053 0.443350 0.01 0.01
0 0.839000 0.444726 0.01 0.01
0 0.831630 0.441056 0.01 0.01
0 0.836236 0.435092 0.01 0.01
0 0.845447 0.435092 0.01 0.01
0 0.849132 0.428210 0.01 0.01
0 0.854198 0.435092 0.01 0.01
0 0.858804 0.432798 0.01 0.01
0 0.868936 0.436927 0.01 0.01
0 0.870778 0.432339 0.01 0.01
0 0.867554 0.454360 0.01 0.01
0 0.872160 0.474546 0.01 0.01
0 0.860646 0.475463 0.01 0.01
0 0.874924 0.468582 0.01 0.01
0 0.888740 0.464453 0.01 0.01
0 0.879529 0.453901 0.01 0.01
0 0.876305 0.446102 0.01 0.01
0 0.877687 0.433257 0.01 0.01
0 0.892886 0.453901 0.01 0.01
0 0.894267 0.445185 0.01 0.01
0 0.883214 0.443808 0.01 0.01
0 0.895188 0.437386 0.01 0.01
0 0.886898 0.434174 0.01 0.01
0 0.909466 0.430045 0.01 0.01
0 0.905321 0.461700 0.01 0.01
0 0.906242 0.455277 0.01 0.01
0 0.908545 0.449313 0.01 0.01
0 0.907624 0.442432 0.01 0.01
0 0.917295 0.457571 0.01 0.01
0 0.923283 0.456195 0.01 0.01
0 0.931573 0.456654 0.01 0.01
0 0.936179 0.456654 0.01 0.01
0 0.930652 0.447937 0.01 0.01
0 0.932033 0.443350 0.01 0.01
0 0.920519 0.441973 0.01 0.01
0 0.915914 0.432339 0.01 0.01
0 0.955983 0.455736 0.01 0.01
0 0.939402 0.438762 0.01 0.01
0 0.947693 0.439221 0.01 0.01
0 0.946772 0.435092 0.01 0.01
0 0.955062 0.438303 0.01 0.01
0 0.956443 0.434174 0.01 0.01
0 0.974866 0.446102 0.01 0.01
0 0.965655 0.450690 0.01 0.01
0 0.965194 0.443350 0.01 0.01
0 0.965655 0.438762 0.01 0.01
0 0.966576 0.434174 0.01 0.01
0 0.987762 0.435092 0.01 0.01
0 0.976248 0.437386 0.01 0.01
0 0.980393 0.452066 0.01 0.01
0 0.984538 0.461700 0.01 0.01
0 0.998815 0.463535 0.01 0.01
0 0.988683 0.458489 0.01 0.01
0 0.989143 0.450231 0.01 0.01
0 0.995591 0.455277 0.01 0.01
0 0.997894 0.450690 0.01 0.01
0 1.000658 0.446102 0.01 0.01
0 1.002960 0.439679 0.01 0.01
0 1.006184 0.438762 0.01 0.01
0 1.012172 0.445185 0.01 0.01
0 1.019080 0.443808 0.01 0.01
0 1.025989 0.447478 0.01 0.01
0 1.025528 0.440597 0.01 0.01
0 1.036582 0.450231 0.01 0.01
0 1.031515 0.441514 0.01 0.01
0 1.047175 0.447937 0.01 0.01
0 1.059149 0.446102 0.01 0.01
0 1.054544 0.439221 0.01 0.01
0 0.804918 0.421329 0.01 0.01
0 0.809984 0.424081 0.01 0.01
0 0.799391 0.424081 0.01 0.01
0 0.796628 0.425458 0.01 0.01
0 0.816432 0.435092 0.01 0.01
0 0.823340 0.431880 0.01 0.01
0 0.018951 0.362148 0.01 0.01
0 0.023557 0.346550 0.01 0.01
0 0.033229 0.347926 0.01 0.01
0 0.032768 0.361689 0.01 0.01
0 0.039677 0.368112 0.01 0.01
0 0.041058 0.345174 0.01 0.01
0 0.052112 0.346091 0.01 0.01
0 0.059941 0.347468 0.01 0.01
0 0.050730 0.369488 0.01 0.01
0 0.045203 0.376370 0.01 0.01
0 0.005134 0.383251 0.01 0.01
0 0.012503 0.378205 0.01 0.01
0 0.022175 0.379122 0.01 0.01
0 0.015727 0.399308 0.01 0.01
0 0.005595 0.400684 0.01 0.01
0 0.005134 0.420870 0.01 0.01
0 0.022175 0.421788 0.01 0.01
0 0.032768 0.420870 0.01 0.01
0 0.037834 0.396097 0.01 0.01
0 0.041519 0.407566 0.01 0.01
0 0.050270 0.406190 0.01 0.01
0 0.052112 0.393344 0.01 0.01
0 0.060862 0.365359 0.01 0.01
0 0.071916 0.368571 0.01 0.01
0 0.085733 0.337375 0.01 0.01
0 0.030926 0.433257 0.01 0.01
0 0.014806 0.434174 0.01 0.01
0 0.002831 0.437844 0.01 0.01
0 0.008819 0.452066 0.01 0.01
0 0.022636 0.449313 0.01 0.01
0 0.037834 0.444726 0.01 0.01
0 0.053033 0.446102 0.01 0.01
0 0.050270 0.465829 0.01 0.01
0 0.015727 0.485097 0.01 0.01
0 0.003292 0.494731 0.01 0.01
0 0.057639 0.490144 0.01 0.01
0 0.070534 0.468123 0.01 0.01
0 0.069153 0.445185 0.01 0.01
0 0.090799 0.455277 0.01 0.01
0 0.099089 0.471334 0.01 0.01
0 0.084351 0.441056 0.01 0.01
0 0.077443 0.423164 0.01 0.01
0 0.055336 0.432798 0.01 0.01
0 0.077903 0.402519 0.01 0.01
0 0.087115 0.402519 0.01 0.01
0 0.085272 0.411695 0.01 0.01
0 0.089878 0.393803 0.01 0.01
0 0.077903 0.386004 0.01 0.01
0 0.099089 0.391968 0.01 0.01
0 0.082048 0.370865 0.01 0.01
0 0.097247 0.347009 0.01 0.01
0 0.110603 0.342421 0.01 0.01
0 0.110143 0.356184 0.01 0.01
0 0.117512 0.358937 0.01 0.01
0 0.122578 0.345633 0.01 0.01
0 0.115209 0.353432 0.01 0.01
0 0.117051 0.368571 0.01 0.01
0 0.107840 0.398391 0.01 0.01
0 0.096326 0.411695 0.01 0.01
0 0.098168 0.436009 0.01 0.01
0 0.109222 0.432339 0.01 0.01
0 0.113367 0.441973 0.01 0.01
0 0.114748 0.458489 0.01 0.01
0 0.123039 0.427752 0.01 0.01
0 0.122578 0.406190 0.01 0.01
0 0.129026 0.425916 0.01 0.01
0 0.140540 0.457112 0.01 0.01
0 0.138237 0.433257 0.01 0.01
0 0.151594 0.432798 0.01 0.01
0 0.153896 0.447020 0.01 0.01
0 0.158042 0.441514 0.01 0.01
0 0.148370 0.403437 0.01 0.01
0 0.140540 0.402978 0.01 0.01
0 0.141001 0.387380 0.01 0.01
0 0.150672 0.384169 0.01 0.01
0 0.153896 0.392427 0.01 0.01
0 0.162647 0.405272 0.01 0.01
0 0.166332 0.418117 0.01 0.01
0 0.175543 0.413989 0.01 0.01
0 0.176925 0.423164 0.01 0.01
0 0.193044 0.430963 0.01 0.01
0 0.151133 0.456654 0.01 0.01
0 0.172780 0.462618 0.01 0.01
0 0.189820 0.457112 0.01 0.01
0 0.207782 0.450231 0.01 0.01
0 0.208243 0.432339 0.01 0.01
0 0.203177 0.420870 0.01 0.01
0 0.195808 0.403437 0.01 0.01
0 0.183373 0.394262 0.01 0.01
0 0.164029 0.385086 0.01 0.01
0 0.128565 0.380957 0.01 0.01
0 0.128681 0.368800 0.01 0.01
0 0.136740 0.352514 0.01 0.01
0 0.138352 0.359625 0.01 0.01
0 0.138813 0.368112 0.01 0.01
0 0.146182 0.368112 0.01 0.01
0 0.148024 0.360313 0.01 0.01
0 0.146182 0.345403 0.01 0.01
0 0.136740 0.345403 0.01 0.01
0 0.157926 0.347009 0.01 0.01
0 0.170131 0.344027 0.01 0.01
0 0.172204 0.351138 0.01 0.01
0 0.159308 0.366506 0.01 0.01
0 0.167829 0.367424 0.01 0.01
0 0.180264 0.343339 0.01 0.01
0 0.183027 0.347697 0.01 0.01
0 0.181645 0.382563 0.01 0.01
0 0.178421 0.366965 0.01 0.01
0 0.190166 0.383939 0.01 0.01
0 0.193620 0.400226 0.01 0.01
0 0.199147 0.392885 0.01 0.01
0 0.200989 0.383251 0.01 0.01
0 0.189705 0.360772 0.01 0.01
0 0.194081 0.361460 0.01 0.01
0 0.199607 0.356872 0.01 0.01
0 0.192469 0.342192 0.01 0.01
0 0.202371 0.343339 0.01 0.01
0 0.211352 0.339210 0.01 0.01
0 0.219872 0.340127 0.01 0.01
0 0.210891 0.352973 0.01 0.01
0 0.212503 0.366965 0.01 0.01
0 0.204443 0.365589 0.01 0.01
0 0.215036 0.361231 0.01 0.01
0 0.215957 0.374764 0.01 0.01
0 0.207898 0.376140 0.01 0.01
0 0.219412 0.379581 0.01 0.01
0 0.222866 0.365130 0.01 0.01
0 0.228162 0.374994 0.01 0.01
0 0.227702 0.388527 0.01 0.01
0 0.233229 0.384169 0.01 0.01
0 0.236913 0.375223 0.01 0.01
0 0.234380 0.368112 0.01 0.01
0 0.232538 0.342192 0.01 0.01
0 0.214806 0.342880 0.01 0.01
0 0.215957 0.409860 0.01 0.01
0 0.223557 0.409401 0.01 0.01
0 0.216418 0.420182 0.01 0.01
0 0.225629 0.419953 0.01 0.01
0 0.214806 0.430504 0.01 0.01
0 0.235531 0.429357 0.01 0.01
0 0.238986 0.396785 0.01 0.01
0 0.088842 0.378664 0.01 0.01
0 0.231598 0.448625 0.01 0.01
0 0.246106 0.437156 0.01 0.01
0 0.256469 0.436468 0.01 0.01
0 0.267522 0.436697 0.01 0.01
0 0.267522 0.424311 0.01 0.01
0 0.250942 0.426605 0.01 0.01
0 0.276964 0.424770 0.01 0.01
0 0.279727 0.432339 0.01 0.01
0 0.290550 0.431880 0.01 0.01
0 0.300453 0.430504 0.01 0.01
0 0.292393 0.419264 0.01 0.01
0 0.282491 0.422476 0.01 0.01
0 0.255317 0.380040 0.01 0.01
0 0.244955 0.373158 0.01 0.01
0 0.252093 0.372700 0.01 0.01
0 0.248179 0.382334 0.01 0.01
0 0.256469 0.395179 0.01 0.01
0 0.244955 0.395409 0.01 0.01
0 0.259462 0.387610 0.01 0.01
0 0.266371 0.386004 0.01 0.01
0 0.268674 0.393344 0.01 0.01
0 0.270516 0.401602 0.01 0.01
0 0.253014 0.404584 0.01 0.01
0 0.244264 0.406648 0.01 0.01
0 0.282030 0.395409 0.01 0.01
0 0.282260 0.386463 0.01 0.01
0 0.265450 0.378434 0.01 0.01
0 0.291932 0.392885 0.01 0.01
0 0.297459 0.395638 0.01 0.01
0 0.286405 0.404813 0.01 0.01
0 0.280648 0.413759 0.01 0.01
0 0.273740 0.412842 0.01 0.01
0 0.270976 0.408025 0.01 0.01
0 0.301834 0.411695 0.01 0.01
0 0.303907 0.401373 0.01 0.01
0 0.310585 0.401831 0.01 0.01
0 0.305519 0.421788 0.01 0.01
0 0.312197 0.423852 0.01 0.01
0 0.315421 0.391509 0.01 0.01
0 0.315191 0.385316 0.01 0.01
0 0.321178 0.386004 0.01 0.01
0 0.325784 0.382793 0.01 0.01
0 0.327165 0.378205 0.01 0.01
0 0.332001 0.384169 0.01 0.01
0 0.327626 0.416741 0.01 0.01
0 0.326474 0.404813 0.01 0.01
0 0.323941 0.430733 0.01 0.01
0 0.342824 0.415135 0.01 0.01
0 0.335225 0.416512 0.01 0.01
0 0.344436 0.406419 0.01 0.01
0 0.336607 0.402519 0.01 0.01
0 0.340061 0.396785 0.01 0.01
0 0.336607 0.391509 0.01 0.01
0 0.329929 0.392197 0.01 0.01
0 0.289399 0.379122 0.01 0.01
0 0.302295 0.378205 0.01 0.01
0 0.291932 0.371323 0.01 0.01
0 0.271898 0.368112 0.01 0.01
0 0.264068 0.364901 0.01 0.01
0 0.242730 0.340357 0.01 0.01
0 0.251711 0.343568 0.01 0.01
0 0.265528 0.346550 0.01 0.01
0 0.263916 0.352743 0.01 0.01
0 0.255396 0.354120 0.01 0.01
0 0.269673 0.358019 0.01 0.01
0 0.262765 0.359625 0.01 0.01
0 0.274509 0.342880 0.01 0.01
0 0.279575 0.346321 0.01 0.01
0 0.278654 0.350679 0.01 0.01
0 0.275200 0.359166 0.01 0.01
0 0.286484 0.351597 0.01 0.01
0 0.291089 0.353890 0.01 0.01
0 0.289017 0.346550 0.01 0.01
0 0.295234 0.346779 0.01 0.01
0 0.301222 0.344256 0.01 0.01
0 0.306518 0.344944 0.01 0.01
0 0.301452 0.355267 0.01 0.01
0 0.291550 0.364671 0.01 0.01
0 0.298228 0.369947 0.01 0.01
0 0.315499 0.346091 0.01 0.01
0 0.312045 0.355037 0.01 0.01
0 0.308130 0.355267 0.01 0.01
0 0.323329 0.343568 0.01 0.01
0 0.329086 0.360772 0.01 0.01
0 0.331619 0.365130 0.01 0.01
0 0.333922 0.344944 0.01 0.01
0 0.320335 0.361689 0.01 0.01
0 0.345896 0.343798 0.01 0.01
0 0.334382 0.377058 0.01 0.01
0 0.350502 0.377976 0.01 0.01
0 0.357411 0.383939 0.01 0.01
0 0.360404 0.379811 0.01 0.01
0 0.338758 0.364213 0.01 0.01
0 0.361325 0.354808 0.01 0.01
0 0.356489 0.351597 0.01 0.01
0 0.366622 0.351826 0.01 0.01
0 0.374451 0.352514 0.01 0.01
0 0.385966 0.351597 0.01 0.01
0 0.399322 0.349303 0.01 0.01
0 0.382742 0.376829 0.01 0.01
0 0.388959 0.375911 0.01 0.01
0 0.381360 0.389445 0.01 0.01
0 0.375142 0.390362 0.01 0.01
0 0.367082 0.390133 0.01 0.01
0 0.358562 0.389674 0.01 0.01
0 0.356029 0.399308 0.01 0.01
0 0.352344 0.393344 0.01 0.01
0 0.347969 0.398849 0.01 0.01
0 0.361325 0.377058 0.01 0.01
0 0.362707 0.404813 0.01 0.01
0 0.363398 0.420870 0.01 0.01
0 0.371688 0.404584 0.01 0.01
0 0.375603 0.412154 0.01 0.01
0 0.382051 0.404813 0.01 0.01
0 0.378366 0.398161 0.01 0.01
0 0.382972 0.398161 0.01 0.01
0 0.388038 0.404354 0.01 0.01
0 0.393795 0.402290 0.01 0.01
0 0.400013 0.403896 0.01 0.01
0 0.403697 0.400914 0.01 0.01
0 0.399322 0.395179 0.01 0.01
0 0.400243 0.388527 0.01 0.01
0 0.390571 0.391509 0.01 0.01
0 0.405540 0.384169 0.01 0.01
0 0.408763 0.385316 0.01 0.01
0 0.405079 0.379122 0.01 0.01
0 0.408763 0.367424 0.01 0.01
0 0.404158 0.358019 0.01 0.01
0 0.407382 0.361919 0.01 0.01
0 0.397940 0.368112 0.01 0.01
0 0.393104 0.365818 0.01 0.01
0 0.390111 0.368341 0.01 0.01
0 0.406461 0.411924 0.01 0.01
0 0.377215 0.423164 0.01 0.01
0 0.352575 0.423393 0.01 0.01
0 0.324020 0.373158 0.01 0.01
0 0.413839 0.376140 0.01 0.01
0 0.418905 0.388298 0.01 0.01
0 0.412457 0.389445 0.01 0.01
0 0.423050 0.387610 0.01 0.01
0 0.424432 0.378893 0.01 0.01
0 0.432261 0.378434 0.01 0.01
0 0.438018 0.384169 0.01 0.01
0 0.438940 0.370406 0.01 0.01
0 0.442394 0.378434 0.01 0.01
0 0.441473 0.365589 0.01 0.01
0 0.434104 0.365130 0.01 0.01
0 0.422590 0.371094 0.01 0.01
0 0.415451 0.370635 0.01 0.01
0 0.372388 0.357102 0.01 0.01
0 0.414990 0.347926 0.01 0.01
0 0.420287 0.349761 0.01 0.01
0 0.423741 0.347468 0.01 0.01
0 0.439400 0.347238 0.01 0.01
0 0.462889 0.391738 0.01 0.01
0 0.456441 0.389674 0.01 0.01
0 0.444927 0.407795 0.01 0.01
0 0.434564 0.392885 0.01 0.01
0 0.418675 0.394262 0.01 0.01
0 0.418214 0.403666 0.01 0.01
0 0.422359 0.423852 0.01 0.01
0 0.407852 0.421788 0.01 0.01
0 0.393574 0.426375 0.01 0.01
0 0.401864 0.425916 0.01 0.01
0 0.433643 0.409630 0.01 0.01
0 0.439861 0.405272 0.01 0.01
0 0.441933 0.397473 0.01 0.01
0 0.461277 0.409172 0.01 0.01
0 0.474864 0.418806 0.01 0.01
0 0.378145 0.373847 0.01 0.01
0 0.382521 0.361919 0.01 0.01
0 0.389199 0.359166 0.01 0.01
0 0.373770 0.427063 0.01 0.01
0 0.611409 0.372241 0.01 0.01
0 0.620390 0.373388 0.01 0.01
0 0.611179 0.381646 0.01 0.01
0 0.618088 0.392427 0.01 0.01
0 0.625687 0.389445 0.01 0.01
0 0.631214 0.379581 0.01 0.01
0 0.636050 0.390133 0.01 0.01
0 0.641807 0.390592 0.01 0.01
0 0.645031 0.384169 0.01 0.01
0 0.651478 0.371323 0.01 0.01
0 0.641346 0.369259 0.01 0.01
0 0.638352 0.377287 0.01 0.01
0 0.630983 0.368341 0.01 0.01
0 0.622924 0.366506 0.01 0.01
0 0.610719 0.351597 0.01 0.01
0 0.604271 0.347009 0.01 0.01
0 0.618318 0.349303 0.01 0.01
0 0.623845 0.349073 0.01 0.01
0 0.627299 0.348156 0.01 0.01
0 0.638583 0.347468 0.01 0.01
0 0.629371 0.358937 0.01 0.01
0 0.621542 0.359166 0.01 0.01
0 0.616936 0.359854 0.01 0.01
0 0.643419 0.357331 0.01 0.01
0 0.653321 0.351138 0.01 0.01
0 0.663223 0.364671 0.01 0.01
0 0.658848 0.356184 0.01 0.01
0 0.667598 0.342651 0.01 0.01
0 0.674507 0.344944 0.01 0.01
0 0.679343 0.344715 0.01 0.01
0 0.683718 0.344715 0.01 0.01
0 0.691317 0.343798 0.01 0.01
0 0.695232 0.343798 0.01 0.01
0 0.699607 0.344027 0.01 0.01
0 0.670822 0.361460 0.01 0.01
0 0.672204 0.367424 0.01 0.01
0 0.670592 0.370176 0.01 0.01
0 0.667829 0.381416 0.01 0.01
0 0.675428 0.380499 0.01 0.01
0 0.675198 0.388068 0.01 0.01
0 0.662993 0.384857 0.01 0.01
0 0.655624 0.382104 0.01 0.01
0 0.657236 0.377058 0.01 0.01
0 0.660229 0.392656 0.01 0.01
0 0.678652 0.394950 0.01 0.01
0 0.680724 0.386463 0.01 0.01
0 0.684639 0.382104 0.01 0.01
0 0.680955 0.376370 0.01 0.01
0 0.676119 0.375682 0.01 0.01
0 0.682567 0.366506 0.01 0.01
0 0.685100 0.360772 0.01 0.01
0 0.692929 0.360542 0.01 0.01
0 0.690166 0.369030 0.01 0.01
0 0.697305 0.371553 0.01 0.01
0 0.684639 0.358937 0.01 0.01
0 0.687172 0.355496 0.01 0.01
0 0.676349 0.356872 0.01 0.01
0 0.669440 0.356414 0.01 0.01
0 0.694772 0.354578 0.01 0.01
0 0.709970 0.358019 0.01 0.01
0 0.709740 0.345174 0.01 0.01
0 0.715267 0.345633 0.01 0.01
0 0.725169 0.347926 0.01 0.01
0 0.726090 0.342880 0.01 0.01
0 0.704674 0.372470 0.01 0.01
0 0.709970 0.383022 0.01 0.01
0 0.700529 0.380499 0.01 0.01
0 0.698456 0.386004 0.01 0.01
0 0.698456 0.392656 0.01 0.01
0 0.688324 0.388527 0.01 0.01
0 0.706976 0.391280 0.01 0.01
0 0.717339 0.388068 0.01 0.01
0 0.719412 0.377746 0.01 0.01
0 0.727702 0.377746 0.01 0.01
0 0.733919 0.390133 0.01 0.01
0 0.737604 0.381646 0.01 0.01
0 0.736683 0.371094 0.01 0.01
0 0.732077 0.369488 0.01 0.01
0 0.723327 0.358019 0.01 0.01
0 0.723557 0.365589 0.01 0.01
0 0.717109 0.360084 0.01 0.01
0 0.733229 0.358249 0.01 0.01
0 0.739446 0.363524 0.01 0.01
0 0.738525 0.347238 0.01 0.01
0 0.731847 0.345403 0.01 0.01
0 0.630983 0.347468 0.01 0.01
0 0.642958 0.345633 0.01 0.01
0 0.587921 0.367195 0.01 0.01
0 0.627299 0.374994 0.01 0.01
0 0.631214 0.376599 0.01 0.01
0 0.636280 0.367424 0.01 0.01
0 0.635128 0.355267 0.01 0.01
0 0.616015 0.353661 0.01 0.01
0 0.740776 0.356414 0.01 0.01
0 0.745151 0.343798 0.01 0.01
0 0.752521 0.344486 0.01 0.01
0 0.759890 0.341045 0.01 0.01
0 0.759890 0.349073 0.01 0.01
0 0.753902 0.369947 0.01 0.01
0 0.749297 0.368112 0.01 0.01
0 0.748145 0.388068 0.01 0.01
0 0.755284 0.380957 0.01 0.01
0 0.751830 0.376829 0.01 0.01
0 0.762423 0.388068 0.01 0.01
0 0.761962 0.395409 0.01 0.01
0 0.772555 0.394262 0.01 0.01
0 0.772325 0.386004 0.01 0.01
0 0.761962 0.380269 0.01 0.01
0 0.772785 0.378205 0.01 0.01
0 0.764265 0.373388 0.01 0.01
0 0.770252 0.370406 0.01 0.01
0 0.765647 0.366736 0.01 0.01
0 0.767719 0.362836 0.01 0.01
0 0.766337 0.356414 0.01 0.01
0 0.769792 0.344256 0.01 0.01
0 0.777852 0.345403 0.01 0.01
0 0.792359 0.343339 0.01 0.01
0 0.791668 0.356184 0.01 0.01
0 0.778082 0.358478 0.01 0.01
0 0.789366 0.370176 0.01 0.01
0 0.781997 0.366048 0.01 0.01
0 0.781075 0.373847 0.01 0.01
0 0.781075 0.381416 0.01 0.01
0 0.781075 0.390362 0.01 0.01
0 0.792129 0.388298 0.01 0.01
0 0.801340 0.398161 0.01 0.01
0 0.798577 0.388756 0.01 0.01
0 0.798116 0.380957 0.01 0.01
0 0.797886 0.375911 0.01 0.01
0 0.790056 0.377517 0.01 0.01
0 0.798577 0.370176 0.01 0.01
0 0.798807 0.363983 0.01 0.01
0 0.799268 0.357560 0.01 0.01
0 0.790978 0.363066 0.01 0.01
0 0.791899 0.360084 0.01 0.01
0 0.799959 0.351367 0.01 0.01
0 0.802261 0.344027 0.01 0.01
0 0.809861 0.345174 0.01 0.01
0 0.815157 0.347468 0.01 0.01
0 0.808709 0.359396 0.01 0.01
0 0.816539 0.359854 0.01 0.01
0 0.810091 0.370176 0.01 0.01
0 0.809630 0.380040 0.01 0.01
0 0.806176 0.365359 0.01 0.01
0 0.816078 0.381646 0.01 0.01
0 0.824599 0.376599 0.01 0.01
0 0.825059 0.371094 0.01 0.01
0 0.827132 0.357102 0.01 0.01
0 0.822987 0.351138 0.01 0.01
0 0.824369 0.346091 0.01 0.01
0 0.831507 0.354578 0.01 0.01
0 0.831047 0.344944 0.01 0.01
0 0.834962 0.349303 0.01 0.01
0 0.839107 0.344715 0.01 0.01
0 0.840028 0.356643 0.01 0.01
0 0.848318 0.352514 0.01 0.01
0 0.847397 0.361001 0.01 0.01
0 0.848088 0.365130 0.01 0.01
0 0.833810 0.369488 0.01 0.01
0 0.832889 0.374764 0.01 0.01
0 0.834501 0.385775 0.01 0.01
0 0.844403 0.385775 0.01 0.01
0 0.845094 0.378893 0.01 0.01
0 0.849930 0.373617 0.01 0.01
0 0.857759 0.374305 0.01 0.01
0 0.862826 0.393344 0.01 0.01
0 0.861214 0.384398 0.01 0.01
0 0.868122 0.378893 0.01 0.01
0 0.870195 0.385316 0.01 0.01
0 0.875952 0.379122 0.01 0.01
0 0.863747 0.363754 0.01 0.01
0 0.857069 0.348385 0.01 0.01
0 0.851772 0.348844 0.01 0.01
0 0.871576 0.346550 0.01 0.01
0 0.876412 0.350220 0.01 0.01
0 0.826671 0.388527 0.01 0.01
0 0.810321 0.395867 0.01 0.01
0 0.842561 0.392427 0.01 0.01
0 0.880788 0.364442 0.01 0.01
0 0.878945 0.389445 0.01 0.01
0 0.883090 0.375682 0.01 0.01
0 0.870886 0.365818 0.01 0.01
0 0.883090 0.348615 0.01 0.01
0 0.889769 0.349532 0.01 0.01
0 0.894374 0.347238 0.01 0.01
0 0.898980 0.350679 0.01 0.01
0 0.901513 0.347926 0.01 0.01
0 0.905198 0.347238 0.01 0.01
0 0.908882 0.349303 0.01 0.01
0 0.916481 0.349073 0.01 0.01
0 0.920166 0.349303 0.01 0.01
0 0.900822 0.374535 0.01 0.01
0 0.897598 0.368112 0.01 0.01
0 0.893223 0.378205 0.01 0.01
0 0.902664 0.377976 0.01 0.01
0 0.901052 0.387380 0.01 0.01
0 0.883090 0.398161 0.01 0.01
0 0.887005 0.385086 0.01 0.01
0 0.906349 0.391968 0.01 0.01
0 0.912797 0.386692 0.01 0.01
0 0.917633 0.392427 0.01 0.01
0 0.917172 0.373847 0.01 0.01
0 0.907731 0.373617 0.01 0.01
0 0.927305 0.374994 0.01 0.01
0 0.933062 0.371323 0.01 0.01
0 0.903355 0.362607 0.01 0.01
0 0.910955 0.364442 0.01 0.01
0 0.916251 0.355267 0.01 0.01
0 0.922008 0.355955 0.01 0.01
0 0.920626 0.369488 0.01 0.01
0 0.933292 0.362377 0.01 0.01
0 0.931680 0.355496 0.01 0.01
0 0.933062 0.348385 0.01 0.01
0 0.925462 0.348156 0.01 0.01
0 0.945957 0.349532 0.01 0.01
0 0.947800 0.363066 0.01 0.01
0 0.891611 0.399079 0.01 0.01
0 0.922008 0.365359 0.01 0.01
0 0.901283 0.360084 0.01 0.01
0 0.900362 0.354349 0.01 0.01
0 0.881478 0.360313 0.01 0.01
0 0.957472 0.362607 0.01 0.01
0 0.954478 0.352055 0.01 0.01
0 0.960465 0.351597 0.01 0.01
0 0.943424 0.396097 0.01 0.01
0 0.946188 0.384857 0.01 0.01
0 0.954248 0.382104 0.01 0.01
0 0.949412 0.375682 0.01 0.01
0 0.924772 0.385086 0.01 0.01
0 0.928456 0.401602 0.01 0.01
0 0.958853 0.392197 0.01 0.01
0 0.957932 0.396097 0.01 0.01
0 0.962768 0.401831 0.01 0.01
0 0.937437 0.388068 0.01 0.01
0 0.969726 0.364213 0.01 0.01
0 0.965581 0.360313 0.01 0.01
0 0.972489 0.358707 0.01 0.01
0 0.974332 0.353890 0.01 0.01
0 0.980549 0.358478 0.01 0.01
0 0.988149 0.358937 0.01 0.01
0 0.991142 0.363524 0.01 0.01
0 0.981931 0.368571 0.01 0.01
0 0.973411 0.382334 0.01 0.01
0 0.979398 0.393344 0.01 0.01
0 0.983313 0.384398 0.01 0.01
0 0.989761 0.393574 0.01 0.01
0 0.995057 0.387610 0.01 0.01
0 0.998742 0.385086 0.01 0.01
0 0.998051 0.373847 0.01 0.01
0 0.991603 0.374305 0.01 0.01
0 0.997820 0.369947 0.01 0.01
0 1.001966 0.362607 0.01 0.01
0 0.997360 0.352743 0.01 0.01
0 0.990451 0.353661 0.01 0.01
0 0.980549 0.355037 0.01 0.01
0 1.007723 0.362148 0.01 0.01
0 1.004959 0.355037 0.01 0.01
0 1.011177 0.355496 0.01 0.01
0 1.015092 0.360772 0.01 0.01
0 1.018316 0.366506 0.01 0.01
0 1.022000 0.362377 0.01 0.01
0 1.024763 0.357331 0.01 0.01
0 1.006341 0.382563 0.01 0.01
0 1.009565 0.396785 0.01 0.01
0 1.015552 0.390592 0.01 0.01
0 1.007262 0.388756 0.01 0.01
0 0.997590 0.393803 0.01 0.01
0 1.028909 0.405043 0.01 0.01
0 1.027987 0.398849 0.01 0.01
0 1.022000 0.386463 0.01 0.01
0 1.031902 0.390133 0.01 0.01
0 1.036278 0.395638 0.01 0.01
0 1.037429 0.386921 0.01 0.01
0 1.043186 0.394032 0.01 0.01
0 1.030290 0.377517 0.01 0.01
0 1.022921 0.377517 0.01 0.01
0 1.029369 0.368800 0.01 0.01
0 1.030521 0.359166 0.01 0.01
0 1.034435 0.356414 0.01 0.01
0 1.037429 0.363066 0.01 0.01
0 1.041344 0.354120 0.01 0.01
0 1.050094 0.355267 0.01 0.01
0 1.043877 0.361919 0.01 0.01
0 1.045259 0.369718 0.01 0.01
0 1.042495 0.374764 0.01 0.01
0 1.037659 0.381875 0.01 0.01
0 1.045028 0.380269 0.01 0.01
0 1.052397 0.384857 0.01 0.01
0 1.063451 0.380040 0.01 0.01
0 1.070590 0.376599 0.01 0.01
0 1.064372 0.372929 0.01 0.01
0 1.052858 0.370176 0.01 0.01
0 1.059536 0.366736 0.01 0.01
0 1.059997 0.360084 0.01 0.01
0 1.061378 0.356184 0.01 0.01
0 1.069668 0.356184 0.01 0.01
0 1.066214 0.359854 0.01 0.01
0 1.075886 0.357560 0.01 0.01
0 1.083255 0.356414 0.01 0.01
0 1.079801 0.357102 0.01 0.01
0 1.091776 0.357560 0.01 0.01
0 1.093848 0.367883 0.01 0.01
0 1.098223 0.358019 0.01 0.01
0 1.102369 0.359625 0.01 0.01
0 1.106744 0.359854 0.01 0.01
0 1.115264 0.358707 0.01 0.01
0 1.057584 0.406878 0.01 0.01
0 1.067026 0.408025 0.01 0.01
0 1.072322 0.402519 0.01 0.01
0 1.067487 0.392427 0.01 0.01
0 1.074165 0.389903 0.01 0.01
0 1.080382 0.396326 0.01 0.01
0 1.088442 0.401373 0.01 0.01
0 1.094660 0.400226 0.01 0.01
0 1.098114 0.407566 0.01 0.01
0 1.110549 0.397014 0.01 0.01
0 1.100417 0.392197 0.01 0.01
0 1.083146 0.388527 0.01 0.01
0 1.082915 0.377517 0.01 0.01
0 1.099265 0.373847 0.01 0.01
0 1.098344 0.368571 0.01 0.01
0 1.114694 0.371323 0.01 0.01
0 1.119530 0.366277 0.01 0.01
0 1.121603 0.371094 0.01 0.01
0 1.118839 0.374994 0.01 0.01
0 1.114234 0.383022 0.01 0.01
0 1.104562 0.380728 0.01 0.01
0 1.119530 0.390362 0.01 0.01
0 1.125057 0.396097 0.01 0.01
0 1.122754 0.408254 0.01 0.01
0 1.112161 0.403666 0.01 0.01
0 1.137492 0.394491 0.01 0.01
0 1.131735 0.386921 0.01 0.01
0 1.126669 0.365130 0.01 0.01
0 1.128511 0.371323 0.01 0.01
0 1.140256 0.362607 0.01 0.01
0 1.144401 0.360313 0.01 0.01
0 1.149467 0.361231 0.01 0.01
0 1.154533 0.362148 0.01 0.01
0 1.159139 0.360772 0.01 0.01
0 1.164666 0.362377 0.01 0.01
0 1.162363 0.371094 0.01 0.01
0 1.157987 0.368341 0.01 0.01
0 1.154994 0.369947 0.01 0.01
0 1.147625 0.367883 0.01 0.01
0 1.150388 0.373617 0.01 0.01
0 1.138644 0.368571 0.01 0.01
0 1.140716 0.375223 0.01 0.01
0 1.139104 0.386463 0.01 0.01
0 1.147855 0.387610 0.01 0.01
0 1.120221 0.402519 0.01 0.01
0 1.088442 0.384169 0.01 0.01
0 1.163274 0.418347 0.01 0.01
0 1.163043 0.412383 0.01 0.01
0 1.154062 0.413989 0.01 0.01
0 1.162813 0.401831 0.01 0.01
0 1.167419 0.393574 0.01 0.01
0 1.170182 0.398849 0.01 0.01
0 1.181926 0.397014 0.01 0.01
0 1.168570 0.390592 0.01 0.01
0 1.177090 0.382563 0.01 0.01
0 1.176400 0.361919 0.01 0.01
0 1.180775 0.362836 0.01 0.01
0 1.184459 0.364213 0.01 0.01
0 1.187683 0.369718 0.01 0.01
0 1.201500 0.365359 0.01 0.01
0 1.210251 0.373617 0.01 0.01
0 1.186762 0.374535 0.01 0.01
0 1.192289 0.375682 0.01 0.01
0 1.199658 0.383481 0.01 0.01
0 1.201961 0.377746 0.01 0.01
0 1.190217 0.406419 0.01 0.01
0 1.181466 0.413530 0.01 0.01
0 1.167879 0.423164 0.01 0.01
0 1.176400 0.426375 0.01 0.01
0 1.182387 0.422017 0.01 0.01
0 1.170643 0.411695 0.01 0.01
0 1.175939 0.415135 0.01 0.01
0 1.196204 0.422934 0.01 0.01
0 1.184690 0.433486 0.01 0.01
0 1.195513 0.436239 0.01 0.01
0 1.209330 0.439909 0.01 0.01
0 1.210942 0.428669 0.01 0.01
0 1.210021 0.422934 0.01 0.01
0 1.205415 0.415135 0.01 0.01
0 1.205415 0.409630 0.01 0.01
0 1.200579 0.408483 0.01 0.01
0 1.211863 0.402519 0.01 0.01
0 1.216469 0.389445 0.01 0.01
0 1.227292 0.411695 0.01 0.01
0 1.220614 0.418117 0.01 0.01
0 1.211863 0.413071 0.01 0.01
0 1.221305 0.428898 0.01 0.01
0 1.227753 0.426146 0.01 0.01
0 1.232819 0.429816 0.01 0.01
0 1.242721 0.427752 0.01 0.01
0 1.234661 0.422017 0.01 0.01
0 1.248708 0.415365 0.01 0.01
0 1.240879 0.413989 0.01 0.01
0 1.241109 0.407107 0.01 0.01
0 1.225219 0.401143 0.01 0.01
0 1.234661 0.401143 0.01 0.01
0 1.232128 0.390133 0.01 0.01
0 1.232588 0.384857 0.01 0.01
0 1.241339 0.386004 0.01 0.01
0 1.224298 0.368112 0.01 0.01
0 1.234661 0.367883 0.01 0.01
0 1.239036 0.367653 0.01 0.01
0 1.234891 0.376140 0.01 0.01
0 1.246636 0.378664 0.01 0.01
0 1.250320 0.379352 0.01 0.01
0 1.249629 0.372241 0.01 0.01
0 1.249399 0.366965 0.01 0.01
0 1.255156 0.373158 0.01 0.01
0 1.264367 0.366965 0.01 0.01
0 1.278645 0.375452 0.01 0.01
0 1.269664 0.369030 0.01 0.01
0 1.187914 0.390592 0.01 0.01
0 1.193440 0.382793 0.01 0.01
0 1.255227 0.405043 0.01 0.01
0 1.262136 0.406648 0.01 0.01
0 1.266051 0.416053 0.01 0.01
0 1.256839 0.413300 0.01 0.01
0 1.251082 0.424770 0.01 0.01
0 1.257300 0.433257 0.01 0.01
0 1.276874 0.424540 0.01 0.01
0 1.275032 0.409860 0.01 0.01
0 1.276183 0.400226 0.01 0.01
0 1.268584 0.400226 0.01 0.01
0 1.287467 0.391280 0.01 0.01
0 1.294836 0.385545 0.01 0.01
0 1.292994 0.363754 0.01 0.01
0 1.286316 0.365359 0.01 0.01
0 1.302435 0.368571 0.01 0.01
0 1.301284 0.377517 0.01 0.01
0 1.293915 0.377976 0.01 0.01
0 1.301514 0.402290 0.01 0.01
0 1.294375 0.401373 0.01 0.01
0 1.288158 0.410777 0.01 0.01
0 1.285164 0.406878 0.01 0.01
0 1.286316 0.414447 0.01 0.01
0 1.282631 0.423393 0.01 0.01
0 1.292994 0.433945 0.01 0.01
0 1.285855 0.433945 0.01 0.01
0 1.294375 0.446102 0.01 0.01
0 1.275492 0.440826 0.01 0.01
0 1.300593 0.435551 0.01 0.01
0 1.301975 0.425687 0.01 0.01
0 1.308883 0.427981 0.01 0.01
0 1.298751 0.409860 0.01 0.01
0 1.292073 0.416741 0.01 0.01
0 1.306580 0.408942 0.01 0.01
0 1.313489 0.419953 0.01 0.01
0 1.309804 0.375911 0.01 0.01
0 1.313719 0.367883 0.01 0.01
0 1.315331 0.375223 0.01 0.01
0 1.321088 0.376829 0.01 0.01
0 1.325694 0.365359 0.01 0.01
0 1.334445 0.365130 0.01 0.01
0 1.331681 0.387151 0.01 0.01
0 1.333523 0.374076 0.01 0.01
0 1.319937 0.419264 0.01 0.01
0 1.327075 0.422476 0.01 0.01
0 1.325694 0.414447 0.01 0.01
0 1.332372 0.410318 0.01 0.01
0 1.335135 0.424081 0.01 0.01
0 1.328227 0.432569 0.01 0.01
0 1.319937 0.432110 0.01 0.01
0 1.319476 0.439909 0.01 0.01
0 1.307502 0.438074 0.01 0.01
0 1.304738 0.445643 0.01 0.01
0 1.326385 0.448396 0.01 0.01
0 1.319706 0.447249 0.01 0.01
0 1.326845 0.438991 0.01 0.01
0 1.343195 0.441514 0.01 0.01
0 1.338590 0.450919 0.01 0.01
0 1.342504 0.411007 0.01 0.01
0 1.350564 0.414677 0.01 0.01
0 1.360006 0.415824 0.01 0.01
0 1.365302 0.419723 0.01 0.01
0 1.354018 0.433945 0.01 0.01
0 1.355400 0.441514 0.01 0.01
0 1.357473 0.452754 0.01 0.01
0 1.364611 0.437844 0.01 0.01
0 1.369908 0.429128 0.01 0.01
0 1.374744 0.447020 0.01 0.01
0 1.370138 0.453213 0.01 0.01
0 1.341353 0.392427 0.01 0.01
0 1.354709 0.375682 0.01 0.01
0 1.352176 0.380040 0.01 0.01
0 1.359085 0.383251 0.01 0.01
0 1.360466 0.376370 0.01 0.01
0 1.365993 0.381416 0.01 0.01
0 1.361848 0.365359 0.01 0.01
0 1.375895 0.375223 0.01 0.01
0 1.371750 0.398161 0.01 0.01
0 1.372671 0.387839 0.01 0.01
0 1.378659 0.395409 0.01 0.01
0 1.380731 0.419264 0.01 0.01
0 1.369447 0.406878 0.01 0.01
0 1.362539 0.408942 0.01 0.01
0 1.361388 0.400455 0.01 0.01
0 1.382573 0.429816 0.01 0.01
0 1.389762 0.459636 0.01 0.01
0 1.385847 0.451378 0.01 0.01
0 1.389762 0.431651 0.01 0.01
0 1.388841 0.412842 0.01 0.01
0 1.390222 0.390133 0.01 0.01
0 1.397131 0.368112 0.01 0.01
0 1.413251 0.368800 0.01 0.01
0 1.403809 0.383251 0.01 0.01
0 1.408645 0.392885 0.01 0.01
0 1.428449 0.393574 0.01 0.01
0 1.426146 0.424311 0.01 0.01
0 1.417396 0.418347 0.01 0.01
0 1.428679 0.418117 0.01 0.01
0 1.437660 0.418347 0.01 0.01
0 1.436739 0.405043 0.01 0.01
0 1.429601 0.402061 0.01 0.01
0 1.448023 0.410548 0.01 0.01
0 1.443878 0.429357 0.01 0.01
0 1.436739 0.435321 0.01 0.01
0 1.444569 0.447708 0.01 0.01
0 1.454932 0.439909 0.01 0.01
0 1.424304 0.458030 0.01 0.01
0 1.419238 0.450690 0.01 0.01
0 1.405191 0.451837 0.01 0.01
0 1.398282 0.449313 0.01 0.01
0 1.401276 0.462618 0.01 0.01
0 1.411869 0.464682 0.01 0.01
0 1.403348 0.434862 0.01 0.01
0 1.397131 0.424311 0.01 0.01
0 1.411178 0.424540 0.01 0.01
0 1.396440 0.399079 0.01 0.01
0 1.413941 0.404354 0.01 0.01
0 1.416705 0.392885 0.01 0.01
0 1.416935 0.386004 0.01 0.01
0 1.412329 0.377746 0.01 0.01
0 1.419008 0.380269 0.01 0.01
0 1.436509 0.371553 0.01 0.01
0 1.444799 0.377517 0.01 0.01
0 1.448253 0.370406 0.01 0.01
0 1.426377 0.368571 0.01 0.01
0 1.466676 0.383251 0.01 0.01
0 1.469670 0.373617 0.01 0.01
0 1.460919 0.396785 0.01 0.01
0 1.456774 0.381875 0.01 0.01
0 1.451017 0.401143 0.01 0.01
0 1.477039 0.398620 0.01 0.01
0 1.476578 0.388986 0.01 0.01
0 1.482796 0.390592 0.01 0.01
0 1.485099 0.382104 0.01 0.01
0 1.485329 0.375682 0.01 0.01
0 1.497764 0.373847 0.01 0.01
0 1.493619 0.390821 0.01 0.01
0 1.491777 0.383481 0.01 0.01
0 1.505824 0.391050 0.01 0.01
0 1.513423 0.393803 0.01 0.01
0 1.514114 0.405272 0.01 0.01
0 1.518259 0.410089 0.01 0.01
0 1.520332 0.396555 0.01 0.01
0 1.518950 0.373158 0.01 0.01
0 1.494770 0.402290 0.01 0.01
0 1.504212 0.406878 0.01 0.01
0 1.489244 0.414218 0.01 0.01
0 1.481414 0.415594 0.01 0.01
0 1.466446 0.424311 0.01 0.01
0 1.484177 0.442432 0.01 0.01
0 1.490395 0.436239 0.01 0.01
0 1.508587 0.433715 0.01 0.01
0 1.497534 0.450919 0.01 0.01
0 1.519411 0.440597 0.01 0.01
0 1.518720 0.461930 0.01 0.01
0 1.514805 0.450919 0.01 0.01
0 1.487401 0.458030 0.01 0.01
0 1.472894 0.457571 0.01 0.01
0 1.469670 0.471105 0.01 0.01
0 1.463913 0.471334 0.01 0.01
0 1.436509 0.469270 0.01 0.01
0 1.435358 0.457801 0.01 0.01
0 1.486710 0.469270 0.01 0.01
0 1.503291 0.471793 0.01 0.01
0 1.458156 0.419953 0.01 0.01
0 1.499607 0.471564 0.01 0.01
0 1.513655 0.484638 0.01 0.01
0 1.524017 0.475692 0.01 0.01
0 1.524478 0.490144 0.01 0.01
0 1.535992 0.481656 0.01 0.01
0 1.532077 0.455048 0.01 0.01
0 1.531617 0.438303 0.01 0.01
0 1.538065 0.422017 0.01 0.01
0 1.524938 0.424770 0.01 0.01
0 1.532538 0.378434 0.01 0.01
0 1.541519 0.383481 0.01 0.01
0 1.517339 0.383939 0.01 0.01
0 1.550960 0.394491 0.01 0.01
0 1.557869 0.391509 0.01 0.01
0 1.565698 0.382563 0.01 0.01
0 1.577213 0.392656 0.01 0.01
0 1.589878 0.398161 0.01 0.01
0 1.593563 0.384398 0.01 0.01
0 1.588727 0.381187 0.01 0.01
0 1.593332 0.425687 0.01 0.01
0 1.556257 0.444496 0.01 0.01
0 1.541519 0.433257 0.01 0.01
0 1.554415 0.432798 0.01 0.01
0 1.549118 0.415135 0.01 0.01
0 1.570534 0.459177 0.01 0.01
0 1.544052 0.459177 0.01 0.01
0 1.550960 0.487620 0.01 0.01
0 1.556717 0.470417 0.01 0.01
0 1.566620 0.493584 0.01 0.01
0 1.574219 0.475463 0.01 0.01
0 1.581358 0.458718 0.01 0.01
0 1.584582 0.475692 0.01 0.01
0 1.595405 0.486015 0.01 0.01
0 1.595635 0.461471 0.01 0.01
0 1.590799 0.447478 0.01 0.01
0 1.571916 0.428898 0.01 0.01
0 1.571225 0.419035 0.01 0.01
0 1.559711 0.418347 0.01 0.01
0 1.568462 0.450002 0.01 0.01
0 1.582048 0.402749 0.01 0.01
0 1.573298 0.408713 0.01 0.01
0 1.598398 0.400684 0.01 0.01
0 1.492699 0.432569 0.01 0.01
0 1.459769 0.490373 0.01 0.01
0 0.011640 0.251127 0.01 0.01
0 0.004040 0.242869 0.01 0.01
0 0.010258 0.237364 0.01 0.01
0 0.018548 0.233006 0.01 0.01
0 0.014864 0.221537 0.01 0.01
0 0.006343 0.222913 0.01 0.01
0 0.013021 0.210756 0.01 0.01
0 0.013482 0.195158 0.01 0.01
0 0.022924 0.196305 0.01 0.01
0 0.021312 0.207774 0.01 0.01
0 0.022924 0.217866 0.01 0.01
0 0.027069 0.228647 0.01 0.01
0 0.033286 0.238740 0.01 0.01
0 0.023384 0.244934 0.01 0.01
0 0.021312 0.252274 0.01 0.01
0 0.032595 0.253191 0.01 0.01
0 0.044109 0.240346 0.01 0.01
0 0.039734 0.201580 0.01 0.01
0 0.048024 0.212132 0.01 0.01
0 0.050097 0.199975 0.01 0.01
0 0.051709 0.221537 0.01 0.01
0 0.063914 0.220390 0.01 0.01
0 0.061841 0.205709 0.01 0.01
0 0.068980 0.211673 0.01 0.01
0 0.064605 0.239199 0.01 0.01
0 0.077040 0.258238 0.01 0.01
0 0.075888 0.241722 0.01 0.01
0 0.084639 0.240117 0.01 0.01
0 0.080494 0.227042 0.01 0.01
0 0.075888 0.213279 0.01 0.01
0 0.088324 0.216261 0.01 0.01
0 0.088324 0.207774 0.01 0.01
0 0.089245 0.225207 0.01 0.01
0 0.094311 0.244016 0.01 0.01
0 0.094541 0.255026 0.01 0.01
0 0.107898 0.257779 0.01 0.01
0 0.113424 0.268789 0.01 0.01
0 0.115957 0.252274 0.01 0.01
0 0.118951 0.246998 0.01 0.01
0 0.116188 0.236905 0.01 0.01
0 0.113655 0.222684 0.01 0.01
0 0.095462 0.237823 0.01 0.01
0 0.112964 0.206168 0.01 0.01
0 0.122636 0.208462 0.01 0.01
0 0.123327 0.224060 0.01 0.01
0 0.126781 0.237823 0.01 0.01
0 0.125629 0.246769 0.01 0.01
0 0.139907 0.250668 0.01 0.01
0 0.125629 0.256632 0.01 0.01
0 0.140598 0.270854 0.01 0.01
0 0.125169 0.268101 0.01 0.01
0 0.147276 0.252274 0.01 0.01
0 0.138065 0.239199 0.01 0.01
0 0.147736 0.242869 0.01 0.01
0 0.146815 0.234382 0.01 0.01
0 0.139907 0.227042 0.01 0.01
0 0.147276 0.225665 0.01 0.01
0 0.131617 0.226812 0.01 0.01
0 0.153954 0.220619 0.01 0.01
0 0.160172 0.224289 0.01 0.01
0 0.154415 0.238511 0.01 0.01
0 0.154875 0.249521 0.01 0.01
0 0.158099 0.259614 0.01 0.01
0 0.166389 0.261220 0.01 0.01
0 0.165238 0.272230 0.01 0.01
0 0.157408 0.274983 0.01 0.01
0 0.176291 0.273836 0.01 0.01
0 0.173989 0.260990 0.01 0.01
0 0.171225 0.254797 0.01 0.01
0 0.164777 0.246310 0.01 0.01
0 0.173989 0.230253 0.01 0.01
0 0.174449 0.243328 0.01 0.01
0 0.180897 0.222454 0.01 0.01
0 0.170995 0.223830 0.01 0.01
0 0.182970 0.239199 0.01 0.01
0 0.182739 0.233235 0.01 0.01
0 0.185042 0.246539 0.01 0.01
0 0.189648 0.261908 0.01 0.01
0 0.187345 0.277047 0.01 0.01
0 0.197017 0.241722 0.01 0.01
0 0.197708 0.231171 0.01 0.01
0 0.191260 0.225207 0.01 0.01
0 0.189568 0.257779 0.01 0.01
0 0.202925 0.269478 0.01 0.01
0 0.211906 0.251356 0.01 0.01
0 0.213978 0.232547 0.01 0.01
0 0.219275 0.241952 0.01 0.01
0 0.225032 0.233235 0.01 0.01
0 0.234013 0.243099 0.01 0.01
0 0.234934 0.234153 0.01 0.01
0 0.223650 0.258238 0.01 0.01
0 0.216511 0.255256 0.01 0.01
0 0.209373 0.266725 0.01 0.01
0 0.218354 0.270854 0.01 0.01
0 0.231480 0.273148 0.01 0.01
0 0.240921 0.265119 0.01 0.01
0 0.248290 0.272230 0.01 0.01
0 0.242994 0.253191 0.01 0.01
0 0.248751 0.258697 0.01 0.01
0 0.249211 0.247227 0.01 0.01
0 0.253587 0.232318 0.01 0.01
0 0.261647 0.239887 0.01 0.01
0 0.259574 0.250209 0.01 0.01
0 0.263719 0.249751 0.01 0.01
0 0.271318 0.242181 0.01 0.01
0 0.274542 0.257320 0.01 0.01
0 0.260956 0.258697 0.01 0.01
0 0.253587 0.266496 0.01 0.01
0 0.260725 0.276130 0.01 0.01
0 0.269016 0.277735 0.01 0.01
0 0.268094 0.268101 0.01 0.01
0 0.259804 0.266954 0.01 0.01
0 0.269706 0.263743 0.01 0.01
0 0.276615 0.270854 0.01 0.01
0 0.273391 0.280488 0.01 0.01
0 0.274312 0.251127 0.01 0.01
0 0.277536 0.244475 0.01 0.01
0 0.283293 0.246539 0.01 0.01
0 0.286978 0.262596 0.01 0.01
0 0.288820 0.246539 0.01 0.01
0 0.296189 0.246998 0.01 0.01
0 0.296419 0.267642 0.01 0.01
0 0.285826 0.282323 0.01 0.01
0 0.285596 0.271542 0.01 0.01
0 0.287208 0.276359 0.01 0.01
0 0.294807 0.275900 0.01 0.01
0 0.297801 0.282094 0.01 0.01
0 0.296419 0.260073 0.01 0.01
0 0.300104 0.266496 0.01 0.01
0 0.309776 0.264661 0.01 0.01
0 0.304940 0.256632 0.01 0.01
0 0.311157 0.251127 0.01 0.01
0 0.301255 0.246769 0.01 0.01
0 0.313000 0.278194 0.01 0.01
0 0.310006 0.281176 0.01 0.01
0 0.312539 0.283470 0.01 0.01
0 0.309085 0.293792 0.01 0.01
0 0.304479 0.280488 0.01 0.01
0 0.311388 0.271542 0.01 0.01
0 0.313230 0.262367 0.01 0.01
0 0.318066 0.253421 0.01 0.01
0 0.318296 0.264202 0.01 0.01
0 0.319217 0.272001 0.01 0.01
0 0.324974 0.272001 0.01 0.01
0 0.332573 0.285764 0.01 0.01
0 0.329810 0.280488 0.01 0.01
0 0.318987 0.279570 0.01 0.01
0 0.334416 0.274295 0.01 0.01
0 0.338100 0.272918 0.01 0.01
0 0.329350 0.269936 0.01 0.01
0 0.326356 0.263055 0.01 0.01
0 0.347397 0.277047 0.01 0.01
0 0.340719 0.285993 0.01 0.01
0 0.344633 0.288516 0.01 0.01
0 0.346936 0.294021 0.01 0.01
0 0.350851 0.297692 0.01 0.01
0 0.356378 0.280717 0.01 0.01
0 0.353154 0.274065 0.01 0.01
0 0.344173 0.268789 0.01 0.01
0 0.343252 0.257320 0.01 0.01
0 0.346936 0.260302 0.01 0.01
0 0.354075 0.261220 0.01 0.01
0 0.363516 0.274295 0.01 0.01
0 0.364438 0.281635 0.01 0.01
0 0.363747 0.271083 0.01 0.01
0 0.365128 0.264431 0.01 0.01
0 0.371576 0.273148 0.01 0.01
0 0.377794 0.275900 0.01 0.01
0 0.379406 0.267413 0.01 0.01
0 0.381478 0.284158 0.01 0.01
0 0.387236 0.292186 0.01 0.01
0 0.376182 0.292416 0.01 0.01
0 0.390690 0.297462 0.01 0.01
0 0.393683 0.294021 0.01 0.01
0 0.398519 0.294251 0.01 0.01
0 0.387005 0.283241 0.01 0.01
0 0.385854 0.274753 0.01 0.01
0 0.390229 0.278423 0.01 0.01
0 0.387696 0.269936 0.01 0.01
0 0.395065 0.276130 0.01 0.01
0 0.395986 0.269936 0.01 0.01
0 0.400362 0.281405 0.01 0.01
0 0.407961 0.283011 0.01 0.01
0 0.407961 0.289204 0.01 0.01
0 0.402664 0.299985 0.01 0.01
0 0.406810 0.297692 0.01 0.01
0 0.409112 0.302279 0.01 0.01
0 0.414639 0.298839 0.01 0.01
0 0.414639 0.304802 0.01 0.01
0 0.414639 0.285993 0.01 0.01
0 0.411645 0.275900 0.01 0.01
0 0.405658 0.275900 0.01 0.01
0 0.424311 0.266954 0.01 0.01
0 0.417863 0.274983 0.01 0.01
0 0.418784 0.280259 0.01 0.01
0 0.425232 0.283699 0.01 0.01
0 0.427074 0.277965 0.01 0.01
0 0.429838 0.284387 0.01 0.01
0 0.433983 0.291728 0.01 0.01
0 0.425232 0.290810 0.01 0.01
0 0.424772 0.298380 0.01 0.01
0 0.430529 0.303426 0.01 0.01
0 0.436055 0.295627 0.01 0.01
0 0.441352 0.302738 0.01 0.01
0 0.439510 0.310308 0.01 0.01
0 0.443885 0.278194 0.01 0.01
0 0.435364 0.268101 0.01 0.01
0 0.415330 0.269019 0.01 0.01
0 0.444115 0.267872 0.01 0.01
0 0.458162 0.269707 0.01 0.01
0 0.466453 0.275900 0.01 0.01
0 0.467604 0.270854 0.01 0.01
0 0.475434 0.272001 0.01 0.01
0 0.482572 0.285993 0.01 0.01
0 0.455399 0.292645 0.01 0.01
0 0.454478 0.277047 0.01 0.01
0 0.449412 0.280029 0.01 0.01
0 0.461847 0.289893 0.01 0.01
0 0.472440 0.291498 0.01 0.01
0 0.473822 0.299297 0.01 0.01
0 0.465531 0.296545 0.01 0.01
0 0.457241 0.297921 0.01 0.01
0 0.466683 0.309620 0.01 0.01
0 0.468986 0.303885 0.01 0.01
0 0.473131 0.308473 0.01 0.01
0 0.478888 0.303197 0.01 0.01
0 0.462308 0.283470 0.01 0.01
0 0.478197 0.279341 0.01 0.01
0 0.491895 0.297692 0.01 0.01
0 0.487059 0.307326 0.01 0.01
0 0.498343 0.305261 0.01 0.01
0 0.497192 0.275442 0.01 0.01
0 0.487520 0.278423 0.01 0.01
0 0.510318 0.292186 0.01 0.01
0 0.517457 0.293104 0.01 0.01
0 0.491435 0.286222 0.01 0.01
0 0.507554 0.280717 0.01 0.01
0 0.504561 0.275900 0.01 0.01
0 0.523444 0.283699 0.01 0.01
0 0.518378 0.278194 0.01 0.01
0 0.525516 0.278194 0.01 0.01
0 0.516075 0.274524 0.01 0.01
0 0.523905 0.272230 0.01 0.01
0 0.537721 0.281635 0.01 0.01
0 0.527359 0.286681 0.01 0.01
0 0.526438 0.292645 0.01 0.01
0 0.524595 0.297233 0.01 0.01
0 0.522523 0.304802 0.01 0.01
0 0.513772 0.304344 0.01 0.01
0 0.504331 0.305032 0.01 0.01
0 0.543248 0.308473 0.01 0.01
0 0.532655 0.305261 0.01 0.01
0 0.543018 0.290581 0.01 0.01
0 0.547163 0.282323 0.01 0.01
0 0.538873 0.275671 0.01 0.01
0 0.531964 0.278194 0.01 0.01
0 0.543939 0.269936 0.01 0.01
0 0.555223 0.273148 0.01 0.01
0 0.561671 0.274753 0.01 0.01
0 0.551999 0.284846 0.01 0.01
0 0.552920 0.292416 0.01 0.01
0 0.564204 0.289663 0.01 0.01
0 0.575948 0.292186 0.01 0.01
0 0.570421 0.281635 0.01 0.01
0 0.579172 0.302509 0.01 0.01
0 0.557756 0.305720 0.01 0.01
0 0.556144 0.315125 0.01 0.01
0 0.576409 0.315813 0.01 0.01
0 0.582857 0.307555 0.01 0.01
0 0.587923 0.316960 0.01 0.01
0 0.591377 0.308243 0.01 0.01
0 0.594831 0.290810 0.01 0.01
0 0.588153 0.292875 0.01 0.01
0 0.587462 0.275900 0.01 0.01
0 0.593910 0.275442 0.01 0.01
0 0.576639 0.277277 0.01 0.01
0 0.571343 0.275442 0.01 0.01
0 0.609339 0.283011 0.01 0.01
0 0.605194 0.276130 0.01 0.01
0 0.600128 0.275900 0.01 0.01
0 0.614636 0.274753 0.01 0.01
0 0.500416 0.298380 0.01 0.01
0 0.605885 0.295857 0.01 0.01
0 0.619011 0.301132 0.01 0.01
0 0.616248 0.288746 0.01 0.01
0 0.628453 0.285534 0.01 0.01
0 0.633749 0.300215 0.01 0.01
0 0.633979 0.289204 0.01 0.01
0 0.635131 0.283929 0.01 0.01
0 0.624998 0.275671 0.01 0.01
0 0.628683 0.274295 0.01 0.01
0 0.638124 0.278882 0.01 0.01
0 0.643651 0.273606 0.01 0.01
0 0.642500 0.283699 0.01 0.01
0 0.644803 0.305261 0.01 0.01
0 0.637894 0.306867 0.01 0.01
0 0.628222 0.312831 0.01 0.01
0 0.614405 0.307784 0.01 0.01
0 0.622696 0.310996 0.01 0.01
0 0.608648 0.318336 0.01 0.01
0 0.651001 0.291957 0.01 0.01
0 0.642710 0.293792 0.01 0.01
0 0.666965 0.293104 0.01 0.01
0 0.655681 0.293333 0.01 0.01
0 0.649233 0.280488 0.01 0.01
0 0.655221 0.281635 0.01 0.01
0 0.659135 0.275671 0.01 0.01
0 0.666735 0.276130 0.01 0.01
0 0.671110 0.273606 0.01 0.01
0 0.672952 0.282323 0.01 0.01
0 0.670880 0.286452 0.01 0.01
0 0.653839 0.286911 0.01 0.01
0 0.676637 0.278194 0.01 0.01
0 0.676176 0.272001 0.01 0.01
0 0.685388 0.272230 0.01 0.01
0 0.682394 0.278653 0.01 0.01
0 0.683315 0.285764 0.01 0.01
0 0.675716 0.285076 0.01 0.01
0 0.680552 0.291040 0.01 0.01
0 0.675025 0.291498 0.01 0.01
0 0.670649 0.306179 0.01 0.01
0 0.657523 0.309161 0.01 0.01
0 0.650615 0.309620 0.01 0.01
0 0.650845 0.299527 0.01 0.01
0 0.691145 0.284617 0.01 0.01
0 0.689533 0.273377 0.01 0.01
0 0.698744 0.269248 0.01 0.01
0 0.693678 0.280029 0.01 0.01
0 0.700816 0.279800 0.01 0.01
0 0.702889 0.276588 0.01 0.01
0 0.711409 0.269936 0.01 0.01
0 0.710488 0.280029 0.01 0.01
0 0.698744 0.284846 0.01 0.01
0 0.688381 0.297003 0.01 0.01
0 0.691605 0.303426 0.01 0.01
0 0.701968 0.303885 0.01 0.01
0 0.702198 0.295168 0.01 0.01
0 0.708185 0.285305 0.01 0.01
0 0.715785 0.286222 0.01 0.01
0 0.718088 0.283241 0.01 0.01
0 0.718088 0.270166 0.01 0.01
0 0.727759 0.267413 0.01 0.01
0 0.710028 0.304802 0.01 0.01
0 0.733056 0.296774 0.01 0.01
0 0.737662 0.284158 0.01 0.01
0 0.737201 0.276130 0.01 0.01
0 0.736740 0.269019 0.01 0.01
0 0.743879 0.270395 0.01 0.01
0 0.744800 0.276130 0.01 0.01
0 0.744570 0.284617 0.01 0.01
0 0.742497 0.291269 0.01 0.01
0 0.740655 0.296545 0.01 0.01
0 0.742958 0.303426 0.01 0.01
0 0.755624 0.298609 0.01 0.01
0 0.758157 0.296774 0.01 0.01
0 0.758387 0.291040 0.01 0.01
0 0.756775 0.284387 0.01 0.01
0 0.752630 0.279341 0.01 0.01
0 0.759999 0.281864 0.01 0.01
0 0.759769 0.277277 0.01 0.01
0 0.749176 0.302967 0.01 0.01
0 0.738352 0.309161 0.01 0.01
0 0.675946 0.309390 0.01 0.01
0 0.682624 0.310078 0.01 0.01
0 0.680091 0.304344 0.01 0.01
0 0.675716 0.298609 0.01 0.01
0 0.693217 0.308931 0.01 0.01
0 0.700586 0.308702 0.01 0.01
0 0.709797 0.314437 0.01 0.01
0 0.766217 0.295168 0.01 0.01
0 0.766447 0.291498 0.01 0.01
0 0.769440 0.288746 0.01 0.01
0 0.777270 0.280717 0.01 0.01
0 0.771974 0.267642 0.01 0.01
0 0.783257 0.297233 0.01 0.01
0 0.781876 0.304802 0.01 0.01
0 0.773586 0.304573 0.01 0.01
0 0.765526 0.304344 0.01 0.01
0 0.756775 0.304344 0.01 0.01
0 0.757926 0.308702 0.01 0.01
0 0.773586 0.308931 0.01 0.01
0 0.765065 0.309620 0.01 0.01
0 0.784409 0.280717 0.01 0.01
0 0.786021 0.273148 0.01 0.01
0 0.791087 0.291728 0.01 0.01
0 0.788554 0.296774 0.01 0.01
0 0.791778 0.304114 0.01 0.01
0 0.783218 0.344256 0.01 0.01
0 0.802101 0.303197 0.01 0.01
0 0.801411 0.298609 0.01 0.01
0 0.808089 0.298609 0.01 0.01
0 0.808780 0.303885 0.01 0.01
0 0.802332 0.289434 0.01 0.01
0 0.792199 0.285993 0.01 0.01
0 0.790587 0.279800 0.01 0.01
0 0.801180 0.281635 0.01 0.01
0 0.808089 0.284158 0.01 0.01
0 0.815458 0.282323 0.01 0.01
0 0.812234 0.269478 0.01 0.01
0 0.794042 0.273148 0.01 0.01
0 0.820524 0.270624 0.01 0.01
0 0.833420 0.281864 0.01 0.01
0 0.836874 0.272918 0.01 0.01
0 0.828354 0.269478 0.01 0.01
0 0.823748 0.294251 0.01 0.01
0 0.833650 0.292186 0.01 0.01
0 0.825130 0.299756 0.01 0.01
0 0.815458 0.302509 0.01 0.01
0 0.817761 0.309620 0.01 0.01
0 0.826511 0.308473 0.01 0.01
0 0.834111 0.304802 0.01 0.01
0 0.835492 0.298380 0.01 0.01
0 0.844704 0.293333 0.01 0.01
0 0.848849 0.280259 0.01 0.01
0 0.838486 0.283241 0.01 0.01
0 0.855066 0.280947 0.01 0.01
0 0.848849 0.274065 0.01 0.01
0 0.856909 0.274753 0.01 0.01
0 0.863587 0.282094 0.01 0.01
0 0.865199 0.291498 0.01 0.01
0 0.857599 0.289204 0.01 0.01
0 0.847697 0.298609 0.01 0.01
0 0.849540 0.305032 0.01 0.01
0 0.842631 0.303656 0.01 0.01
0 0.859442 0.298150 0.01 0.01
0 0.865429 0.299527 0.01 0.01
0 0.870035 0.304573 0.01 0.01
0 0.863817 0.311913 0.01 0.01
0 0.859672 0.304802 0.01 0.01
0 0.877173 0.301362 0.01 0.01
0 0.879995 0.272460 0.01 0.01
0 0.881607 0.286681 0.01 0.01
0 0.872396 0.283470 0.01 0.01
0 0.871936 0.272460 0.01 0.01
0 0.896115 0.306179 0.01 0.01
0 0.885753 0.302509 0.01 0.01
0 0.907399 0.290810 0.01 0.01
0 0.893812 0.270395 0.01 0.01
0 0.886674 0.272230 0.01 0.01
0 0.888516 0.288287 0.01 0.01
0 0.896345 0.288975 0.01 0.01
0 0.906248 0.274753 0.01 0.01
0 0.914308 0.276588 0.01 0.01
0 0.914538 0.289434 0.01 0.01
0 0.906017 0.307784 0.01 0.01
0 0.916841 0.311913 0.01 0.01
0 0.906708 0.316960 0.01 0.01
0 0.883219 0.309620 0.01 0.01
0 0.875390 0.308014 0.01 0.01
0 0.924210 0.297462 0.01 0.01
0 0.926743 0.285305 0.01 0.01
0 0.942172 0.300444 0.01 0.01
0 0.943323 0.290122 0.01 0.01
0 0.933421 0.286452 0.01 0.01
0 0.955528 0.310308 0.01 0.01
0 0.935033 0.306867 0.01 0.01
0 0.928815 0.304114 0.01 0.01
0 0.932730 0.310996 0.01 0.01
0 0.924670 0.310537 0.01 0.01
0 0.916380 0.304573 0.01 0.01
0 0.927203 0.318795 0.01 0.01
0 0.958522 0.286452 0.01 0.01
0 0.950692 0.301362 0.01 0.01
0 0.962436 0.314437 0.01 0.01
0 0.960364 0.304802 0.01 0.01
0 0.962897 0.292186 0.01 0.01
0 0.968424 0.296545 0.01 0.01
0 0.974181 0.294251 0.01 0.01
0 0.983392 0.288746 0.01 0.01
0 0.967963 0.311225 0.01 0.01
0 0.975102 0.317189 0.01 0.01
0 0.980398 0.310308 0.01 0.01
0 0.991222 0.316042 0.01 0.01
0 0.993985 0.306408 0.01 0.01
0 0.982241 0.301591 0.01 0.01
0 0.978326 0.281864 0.01 0.01
0 0.945396 0.280947 0.01 0.01
0 0.932730 0.277735 0.01 0.01
0 1.001331 0.283929 0.01 0.01
0 0.996956 0.283929 0.01 0.01
0 0.998337 0.297003 0.01 0.01
0 1.000180 0.315813 0.01 0.01
0 1.010312 0.317419 0.01 0.01
0 1.008470 0.309161 0.01 0.01
0 1.015378 0.300674 0.01 0.01
0 1.027123 0.284846 0.01 0.01
0 1.020675 0.284158 0.01 0.01
0 1.021826 0.293563 0.01 0.01
0 1.033801 0.284387 0.01 0.01
0 1.039788 0.285993 0.01 0.01
0 1.029656 0.305491 0.01 0.01
0 1.029195 0.297233 0.01 0.01
0 1.035873 0.310766 0.01 0.01
0 1.029426 0.319942 0.01 0.01
0 1.023438 0.312601 0.01 0.01
0 1.020445 0.321777 0.01 0.01
0 1.037716 0.318565 0.01 0.01
0 1.041400 0.310537 0.01 0.01
0 1.046006 0.284617 0.01 0.01
0 1.053605 0.290122 0.01 0.01
0 1.055678 0.285305 0.01 0.01
0 1.063968 0.283929 0.01 0.01
0 1.068343 0.284387 0.01 0.01
0 1.046697 0.302050 0.01 0.01
0 1.057520 0.315354 0.01 0.01
0 1.050842 0.314666 0.01 0.01
0 1.071797 0.309390 0.01 0.01
0 1.066962 0.315354 0.01 0.01
0 1.073409 0.317877 0.01 0.01
0 1.081700 0.302738 0.01 0.01
0 1.052454 0.299527 0.01 0.01
0 1.070185 0.297692 0.01 0.01
0 1.075943 0.298150 0.01 0.01
0 1.084463 0.322465 0.01 0.01
0 1.086535 0.317648 0.01 0.01
0 1.095516 0.316042 0.01 0.01
0 1.091832 0.310308 0.01 0.01
0 1.097128 0.304802 0.01 0.01
0 1.085384 0.299297 0.01 0.01
0 1.081239 0.293792 0.01 0.01
0 1.074100 0.283241 0.01 0.01
0 1.083772 0.284617 0.01 0.01
0 1.098050 0.284617 0.01 0.01
0 1.104958 0.284387 0.01 0.01
0 1.104728 0.294480 0.01 0.01
0 1.113248 0.284158 0.01 0.01
0 1.118775 0.283470 0.01 0.01
0 1.120157 0.293792 0.01 0.01
0 1.112557 0.306179 0.01 0.01
0 1.110255 0.311225 0.01 0.01
0 1.104497 0.304802 0.01 0.01
0 1.116242 0.310537 0.01 0.01
0 1.116242 0.322924 0.01 0.01
0 1.100352 0.310537 0.01 0.01
0 1.129829 0.324529 0.01 0.01
0 1.132131 0.307784 0.01 0.01
0 1.134204 0.298839 0.01 0.01
0 1.138810 0.300903 0.01 0.01
0 1.132362 0.285764 0.01 0.01
0 1.142264 0.291040 0.01 0.01
0 1.142494 0.285305 0.01 0.01
0 1.145718 0.285305 0.01 0.01
0 1.152857 0.286452 0.01 0.01
0 1.148712 0.291040 0.01 0.01
0 1.142724 0.305720 0.01 0.01
0 1.143645 0.315583 0.01 0.01
0 1.139961 0.324300 0.01 0.01
0 1.142724 0.321318 0.01 0.01
0 1.147560 0.322924 0.01 0.01
0 1.148251 0.309620 0.01 0.01
0 1.154238 0.295168 0.01 0.01
0 1.163153 0.299985 0.01 0.01
0 1.167528 0.299985 0.01 0.01
0 1.164304 0.283470 0.01 0.01
0 1.164304 0.293104 0.01 0.01
0 1.173515 0.284158 0.01 0.01
0 1.178121 0.281405 0.01 0.01
0 1.187102 0.284387 0.01 0.01
0 1.194701 0.284387 0.01 0.01
0 1.203222 0.284846 0.01 0.01
0 1.201610 0.291040 0.01 0.01
0 1.193089 0.290810 0.01 0.01
0 1.211742 0.287140 0.01 0.01
0 1.217269 0.288287 0.01 0.01
0 1.226480 0.286452 0.01 0.01
0 1.231777 0.287369 0.01 0.01
0 1.240988 0.284617 0.01 0.01
0 1.245363 0.284158 0.01 0.01
0 1.250199 0.280947 0.01 0.01
0 1.203452 0.299985 0.01 0.01
0 1.195162 0.299068 0.01 0.01
0 1.188023 0.298380 0.01 0.01
0 1.189405 0.303885 0.01 0.01
0 1.201840 0.305720 0.01 0.01
0 1.199998 0.312601 0.01 0.01
0 1.196774 0.319712 0.01 0.01
0 1.189175 0.313748 0.01 0.01
0 1.184339 0.313060 0.01 0.01
0 1.182727 0.319254 0.01 0.01
0 1.185720 0.326594 0.01 0.01
0 1.177891 0.327053 0.01 0.01
0 1.149566 0.317419 0.01 0.01
0 1.202991 0.321547 0.01 0.01
0 1.210591 0.302738 0.01 0.01
0 1.218190 0.300674 0.01 0.01
0 1.226480 0.294021 0.01 0.01
0 1.227171 0.300215 0.01 0.01
0 1.232698 0.299068 0.01 0.01
0 1.228553 0.311913 0.01 0.01
0 1.216578 0.308014 0.01 0.01
0 1.218651 0.320630 0.01 0.01
0 1.207827 0.313060 0.01 0.01
0 1.223947 0.314895 0.01 0.01
0 1.235691 0.313978 0.01 0.01
0 1.241218 0.317877 0.01 0.01
0 1.245824 0.297692 0.01 0.01
0 1.247206 0.303656 0.01 0.01
0 1.237994 0.300444 0.01 0.01
0 1.245133 0.306408 0.01 0.01
0 1.245594 0.311684 0.01 0.01
0 1.252963 0.311455 0.01 0.01
0 1.258720 0.306179 0.01 0.01
0 1.262174 0.299297 0.01 0.01
0 1.255956 0.303426 0.01 0.01
0 1.254805 0.296086 0.01 0.01
0 1.252963 0.291269 0.01 0.01
0 1.256647 0.290122 0.01 0.01
0 1.261253 0.289893 0.01 0.01
0 1.255035 0.279570 0.01 0.01
0 1.243982 0.293792 0.01 0.01
0 1.239837 0.293792 0.01 0.01
0 1.249508 0.294480 0.01 0.01
0 1.273221 0.281176 0.01 0.01
0 1.270457 0.280029 0.01 0.01
0 1.269766 0.287140 0.01 0.01
0 1.264700 0.287599 0.01 0.01
0 1.273911 0.290810 0.01 0.01
0 1.273911 0.298609 0.01 0.01
0 1.283814 0.294021 0.01 0.01
0 1.277366 0.293104 0.01 0.01
0 1.280820 0.303197 0.01 0.01
0 1.275523 0.300674 0.01 0.01
0 1.275523 0.308014 0.01 0.01
0 1.272069 0.314666 0.01 0.01
0 1.286116 0.307096 0.01 0.01
0 1.288880 0.301820 0.01 0.01
0 1.288189 0.289893 0.01 0.01
0 1.287959 0.275900 0.01 0.01
0 1.298091 0.274524 0.01 0.01
0 1.301545 0.274524 0.01 0.01
0 1.291643 0.286911 0.01 0.01
0 1.283814 0.288975 0.01 0.01
0 1.301545 0.288516 0.01 0.01
0 1.293255 0.296315 0.01 0.01
0 1.293946 0.302279 0.01 0.01
0 1.297630 0.302279 0.01 0.01
0 1.303848 0.299297 0.01 0.01
0 1.305921 0.307326 0.01 0.01
0 1.290031 0.306408 0.01 0.01
0 1.314211 0.299985 0.01 0.01
0 1.310296 0.287140 0.01 0.01
0 1.310987 0.280029 0.01 0.01
0 1.317204 0.282323 0.01 0.01
0 1.311447 0.272689 0.01 0.01
0 1.317895 0.271542 0.01 0.01
0 1.324113 0.272689 0.01 0.01
0 1.327797 0.272230 0.01 0.01
0 1.322731 0.287140 0.01 0.01
0 1.317665 0.286222 0.01 0.01
0 1.321580 0.291957 0.01 0.01
0 1.326185 0.297233 0.01 0.01
0 1.322962 0.298609 0.01 0.01
0 1.332173 0.288975 0.01 0.01
0 1.328258 0.290581 0.01 0.01
0 1.336088 0.283011 0.01 0.01
0 1.340924 0.289893 0.01 0.01
0 1.338160 0.272689 0.01 0.01
0 1.345759 0.271083 0.01 0.01
0 1.352898 0.271771 0.01 0.01
0 1.346681 0.282782 0.01 0.01
0 1.342535 0.282782 0.01 0.01
0 1.357504 0.283011 0.01 0.01
0 1.357504 0.265807 0.01 0.01
0 1.363031 0.275671 0.01 0.01
0 1.367176 0.276588 0.01 0.01
0 1.354740 0.301362 0.01 0.01
0 1.338621 0.300903 0.01 0.01
0 1.328028 0.302050 0.01 0.01
0 1.356583 0.297233 0.01 0.01
0 1.364182 0.302050 0.01 0.01
0 1.363031 0.310766 0.01 0.01
0 1.369939 0.298839 0.01 0.01
0 1.374314 0.285534 0.01 0.01
0 1.377769 0.281176 0.01 0.01
0 1.384447 0.277735 0.01 0.01
0 1.379611 0.273606 0.01 0.01
0 1.383065 0.283470 0.01 0.01
0 1.379150 0.293563 0.01 0.01
0 1.371090 0.294021 0.01 0.01
0 1.394119 0.304114 0.01 0.01
0 1.398955 0.284387 0.01 0.01
0 1.390895 0.274983 0.01 0.01
0 1.385598 0.272001 0.01 0.01
0 1.392737 0.263055 0.01 0.01
0 1.385368 0.260990 0.01 0.01
0 1.401718 0.261908 0.01 0.01
0 1.404021 0.269478 0.01 0.01
0 1.408166 0.278882 0.01 0.01
0 1.409317 0.260761 0.01 0.01
0 1.420979 0.255944 0.01 0.01
0 1.427196 0.259843 0.01 0.01
0 1.438710 0.256173 0.01 0.01
0 1.447922 0.255485 0.01 0.01
0 1.459436 0.253421 0.01 0.01
0 1.470950 0.252274 0.01 0.01
0 1.444468 0.262137 0.01 0.01
0 1.438020 0.270854 0.01 0.01
0 1.455061 0.263514 0.01 0.01
0 1.467726 0.262367 0.01 0.01
0 1.480392 0.260532 0.01 0.01
0 1.482694 0.268101 0.01 0.01
0 1.461278 0.270395 0.01 0.01
0 1.475325 0.268331 0.01 0.01
0 1.444928 0.280947 0.01 0.01
0 1.435947 0.277277 0.01 0.01
0 1.428808 0.279800 0.01 0.01
0 1.438020 0.293333 0.01 0.01
0 1.453909 0.279800 0.01 0.01
0 1.443777 0.296545 0.01 0.01
0 1.409004 0.295627 0.01 0.01
0 1.402096 0.297921 0.01 0.01
0 1.423282 0.295168 0.01 0.01
0 1.448152 0.302967 0.01 0.01
0 1.455291 0.293333 0.01 0.01
0 1.476937 0.284846 0.01 0.01
0 1.467956 0.298839 0.01 0.01
0 1.477858 0.293563 0.01 0.01
0 1.484997 0.289663 0.01 0.01
0 1.495130 0.287369 0.01 0.01
0 1.491906 0.275212 0.01 0.01
0 1.490524 0.267872 0.01 0.01
0 1.481313 0.276818 0.01 0.01
0 1.498584 0.264661 0.01 0.01
0 1.511019 0.266037 0.01 0.01
0 1.507335 0.255485 0.01 0.01
0 1.505262 0.251356 0.01 0.01
0 1.522073 0.250898 0.01 0.01
0 1.519540 0.265807 0.01 0.01
0 1.515625 0.284387 0.01 0.01
0 1.502959 0.282323 0.01 0.01
0 1.500887 0.297233 0.01 0.01
0 1.505723 0.300674 0.01 0.01
0 1.517467 0.293104 0.01 0.01
0 1.538192 0.298609 0.01 0.01
0 1.520000 0.285305 0.01 0.01
0 1.532666 0.273377 0.01 0.01
0 1.527369 0.263743 0.01 0.01
0 1.534738 0.259385 0.01 0.01
0 1.542107 0.271542 0.01 0.01
0 1.555233 0.285534 0.01 0.01
0 1.542568 0.290581 0.01 0.01
0 1.537732 0.253650 0.01 0.01
0 1.537271 0.248374 0.01 0.01
0 1.547173 0.249521 0.01 0.01
0 1.550167 0.255944 0.01 0.01
0 1.543949 0.252503 0.01 0.01
0 1.542798 0.260532 0.01 0.01
0 1.550167 0.269248 0.01 0.01
0 1.558687 0.264661 0.01 0.01
0 1.556385 0.248374 0.01 0.01
0 1.564214 0.255715 0.01 0.01
0 1.575831 0.299068 0.01 0.01
0 1.572377 0.254338 0.01 0.01
0 1.572607 0.248833 0.01 0.01
0 1.583891 0.247686 0.01 0.01
0 1.591029 0.248604 0.01 0.01
0 1.581358 0.261220 0.01 0.01
0 1.595865 0.259385 0.01 0.01
0 1.589878 0.269248 0.01 0.01
0 1.590569 0.288975 0.01 0.01
0 1.595175 0.279800 0.01 0.01
0 1.585503 0.282552 0.01 0.01
0 1.588727 0.303656 0.01 0.01
0 1.547276 0.291498 0.01 0.01
0 0.351709 0.347238 0.01 0.01
