0 0.080865 0.492362 0.01 0.01
0 0.086565 0.471701 0.01 0.01
0 0.086565 0.459590 0.01 0.01
0 0.087277 0.443916 0.01 0.01
0 0.088702 0.435367 0.01 0.01
0 0.095114 0.431805 0.01 0.01
0 0.103663 0.431092 0.01 0.01
0 0.103663 0.445341 0.01 0.01
0 0.104376 0.456027 0.01 0.01
0 0.090840 0.456740 0.01 0.01
0 0.097251 0.471701 0.01 0.01
0 0.110788 0.476688 0.01 0.01
0 0.061209 0.722478 0.01 0.01
0 0.095406 0.719628 0.01 0.01
0 0.072608 0.703955 0.01 0.01
0 0.061209 0.685432 0.01 0.01
0 0.041261 0.696830 0.01 0.01
0 0.041261 0.675457 0.01 0.01
0 0.008489 0.706805 0.01 0.01
0 0.012763 0.671183 0.01 0.01
0 0.011338 0.648385 0.01 0.01
0 0.009913 0.639836 0.01 0.01
0 0.024162 0.671183 0.01 0.01
0 0.029862 0.655509 0.01 0.01
0 0.028437 0.635561 0.01 0.01
0 0.025587 0.622737 0.01 0.01
0 0.019887 0.609913 0.01 0.01
0 0.031286 0.602789 0.01 0.01
0 0.031286 0.589965 0.01 0.01
0 0.021312 0.587115 0.01 0.01
0 0.018463 0.575716 0.01 0.01
0 0.022737 0.565742 0.01 0.01
0 0.009913 0.557193 0.01 0.01
0 0.021312 0.555768 0.01 0.01
0 0.031286 0.548644 0.01 0.01
0 0.028437 0.540095 0.01 0.01
0 0.021312 0.538670 0.01 0.01
0 0.009913 0.532970 0.01 0.01
0 0.007064 0.521571 0.01 0.01
0 0.004214 0.494499 0.01 0.01
0 0.009913 0.481675 0.01 0.01
0 0.007064 0.464577 0.01 0.01
0 0.007064 0.453178 0.01 0.01
0 0.007064 0.446053 0.01 0.01
0 0.007064 0.434654 0.01 0.01
0 0.019887 0.457452 0.01 0.01
0 0.019887 0.503048 0.01 0.01
0 0.005639 0.511597 0.01 0.01
0 0.004214 0.585691 0.01 0.01
0 0.011338 0.621312 0.01 0.01
0 0.044110 0.627012 0.01 0.01
0 0.046960 0.602789 0.01 0.01
0 0.042685 0.564318 0.01 0.01
0 0.058359 0.467426 0.01 0.01
0 0.156675 0.722478 0.01 0.01
0 0.050231 0.660496 0.01 0.01
0 0.060917 0.667621 0.01 0.01
0 0.070891 0.673320 0.01 0.01
0 0.055930 0.649810 0.01 0.01
0 0.056643 0.623450 0.01 0.01
0 0.050943 0.614900 0.01 0.01
0 0.059492 0.570017 0.01 0.01
0 0.044531 0.551494 0.01 0.01
0 0.048806 0.539382 0.01 0.01
0 0.040969 0.525134 0.01 0.01
0 0.028145 0.524421 0.01 0.01
0 0.033132 0.515159 0.01 0.01
0 0.036694 0.503761 0.01 0.01
0 0.033132 0.495211 0.01 0.01
0 0.032420 0.483812 0.01 0.01
0 0.053793 0.490224 0.01 0.01
0 0.048093 0.475976 0.01 0.01
0 0.034557 0.466001 0.01 0.01
0 0.058068 0.520859 0.01 0.01
0 0.045956 0.510172 0.01 0.01
0 0.068042 0.537245 0.01 0.01
0 0.068754 0.511597 0.01 0.01
0 0.063767 0.494499 0.01 0.01
0 0.092977 0.541520 0.01 0.01
0 0.073741 0.486662 0.01 0.01
0 0.076591 0.463152 0.01 0.01
0 0.068754 0.456740 0.01 0.01
0 0.081578 0.535820 0.01 0.01
0 0.083003 0.521571 0.01 0.01
0 0.088702 0.505185 0.01 0.01
0 0.086565 0.483812 0.01 0.01
0 0.093689 0.517297 0.01 0.01
0 0.105088 0.512310 0.01 0.01
0 0.102951 0.490937 0.01 0.01
0 0.111500 0.441066 0.01 0.01
0 0.106513 0.466714 0.01 0.01
0 0.113637 0.506610 0.01 0.01
0 0.117912 0.493786 0.01 0.01
0 0.120049 0.481675 0.01 0.01
0 0.120762 0.472413 0.01 0.01
0 0.127886 0.461014 0.01 0.01
0 0.132873 0.446053 0.01 0.01
0 0.123612 0.442491 0.01 0.01
0 0.133586 0.480963 0.01 0.01
0 0.132161 0.469564 0.01 0.01
0 0.127886 0.514447 0.01 0.01
0 0.127174 0.503048 0.01 0.01
0 0.138573 0.499486 0.01 0.01
0 0.146409 0.468139 0.01 0.01
0 0.153534 0.443916 0.01 0.01
0 0.163508 0.478825 0.01 0.01
0 0.156384 0.468851 0.01 0.01
0 0.172057 0.466714 0.01 0.01
0 0.174194 0.473838 0.01 0.01
0 0.174907 0.452465 0.01 0.01
0 0.186306 0.444628 0.01 0.01
0 0.182031 0.461014 0.01 0.01
0 0.111500 0.530121 0.01 0.01
0 0.063767 0.550069 0.01 0.01
0 0.080153 0.553631 0.01 0.01
0 0.069466 0.582128 0.01 0.01
0 0.079441 0.573579 0.01 0.01
0 0.085852 0.564318 0.01 0.01
0 0.088702 0.551494 0.01 0.01
0 0.095114 0.568592 0.01 0.01
0 0.100814 0.593527 0.01 0.01
0 0.081578 0.607064 0.01 0.01
0 0.085140 0.587828 0.01 0.01
0 0.073029 0.603501 0.01 0.01
0 0.073741 0.617038 0.01 0.01
0 0.087277 0.621312 0.01 0.01
0 0.094402 0.635561 0.01 0.01
0 0.082290 0.643398 0.01 0.01
0 0.062342 0.630574 0.01 0.01
0 0.089415 0.663346 0.01 0.01
0 0.086565 0.677595 0.01 0.01
0 0.096539 0.676882 0.01 0.01
0 0.108650 0.666908 0.01 0.01
0 0.112213 0.643398 0.01 0.01
0 0.115062 0.622737 0.01 0.01
0 0.104376 0.608489 0.01 0.01
0 0.095827 0.604214 0.01 0.01
0 0.122899 0.592815 0.01 0.01
0 0.105801 0.572867 0.01 0.01
0 0.117912 0.573579 0.01 0.01
0 0.115775 0.562893 0.01 0.01
0 0.115775 0.550069 0.01 0.01
0 0.099389 0.554343 0.01 0.01
0 0.124324 0.536533 0.01 0.01
0 0.101526 0.527271 0.01 0.01
0 0.095827 0.531545 0.01 0.01
0 0.140710 0.551494 0.01 0.01
0 0.137148 0.539382 0.01 0.01
0 0.150684 0.528696 0.01 0.01
0 0.142135 0.511597 0.01 0.01
0 0.152109 0.507323 0.01 0.01
0 0.158521 0.516584 0.01 0.01
0 0.158521 0.498773 0.01 0.01
0 0.147834 0.490224 0.01 0.01
0 0.163508 0.488799 0.01 0.01
0 0.171345 0.497349 0.01 0.01
0 0.178469 0.523709 0.01 0.01
0 0.168495 0.511597 0.01 0.01
0 0.167783 0.532970 0.01 0.01
0 0.157808 0.550069 0.01 0.01
0 0.142135 0.568592 0.01 0.01
0 0.134298 0.581416 0.01 0.01
0 0.131448 0.595665 0.01 0.01
0 0.127886 0.614188 0.01 0.01
0 0.139285 0.642685 0.01 0.01
0 0.130023 0.669045 0.01 0.01
0 0.117200 0.681869 0.01 0.01
0 0.111500 0.693268 0.01 0.01
0 0.085140 0.697543 0.01 0.01
0 0.147122 0.683294 0.01 0.01
0 0.144272 0.659071 0.01 0.01
0 0.149259 0.629149 0.01 0.01
0 0.150684 0.603501 0.01 0.01
0 0.157808 0.609201 0.01 0.01
0 0.149972 0.588540 0.01 0.01
0 0.157096 0.579279 0.01 0.01
0 0.164933 0.584978 0.01 0.01
0 0.167070 0.575716 0.01 0.01
0 0.157808 0.565742 0.01 0.01
0 0.172057 0.580704 0.01 0.01
0 0.169207 0.607064 0.01 0.01
0 0.171345 0.596377 0.01 0.01
0 0.177757 0.588540 0.01 0.01
0 0.189156 0.604926 0.01 0.01
0 0.166358 0.618463 0.01 0.01
0 0.164933 0.640548 0.01 0.01
0 0.162083 0.659071 0.01 0.01
0 0.174907 0.654797 0.01 0.01
0 0.174907 0.665483 0.01 0.01
0 0.167783 0.674745 0.01 0.01
0 0.167070 0.691843 0.01 0.01
0 0.163508 0.704667 0.01 0.01
0 0.186306 0.672608 0.01 0.01
0 0.192005 0.654084 0.01 0.01
0 0.180606 0.639836 0.01 0.01
0 0.196992 0.637698 0.01 0.01
0 0.200555 0.626299 0.01 0.01
0 0.193430 0.614900 0.01 0.01
0 0.202692 0.607776 0.01 0.01
0 0.206254 0.599939 0.01 0.01
0 0.194855 0.579991 0.01 0.01
0 0.189156 0.571442 0.01 0.01
0 0.182744 0.569305 0.01 0.01
0 0.182031 0.557906 0.01 0.01
0 0.173482 0.555056 0.01 0.01
0 0.179182 0.549356 0.01 0.01
0 0.168495 0.545794 0.01 0.01
0 0.177044 0.535820 0.01 0.01
0 0.187731 0.534395 0.01 0.01
0 0.182031 0.518009 0.01 0.01
0 0.177757 0.505898 0.01 0.01
0 0.189156 0.503761 0.01 0.01
0 0.184169 0.491649 0.01 0.01
0 0.183456 0.480250 0.01 0.01
0 0.182031 0.470989 0.01 0.01
0 0.190580 0.480963 0.01 0.01
0 0.199130 0.477400 0.01 0.01
0 0.199130 0.467426 0.01 0.01
0 0.197705 0.462439 0.01 0.01
0 0.190580 0.452465 0.01 0.01
0 0.196280 0.443204 0.01 0.01
0 0.206254 0.453178 0.01 0.01
0 0.204117 0.488087 0.01 0.01
0 0.196280 0.502336 0.01 0.01
0 0.196280 0.524421 0.01 0.01
0 0.194143 0.542944 0.01 0.01
0 0.213378 0.557906 0.01 0.01
0 0.204829 0.577141 0.01 0.01
0 0.211241 0.572867 0.01 0.01
0 0.211954 0.544369 0.01 0.01
0 0.201267 0.540095 0.01 0.01
0 0.214091 0.524421 0.01 0.01
0 0.211954 0.516584 0.01 0.01
0 0.207679 0.508748 0.01 0.01
0 0.206254 0.503048 0.01 0.01
0 0.201267 0.510172 0.01 0.01
0 0.207679 0.663346 0.01 0.01
0 0.211241 0.610626 0.01 0.01
0 0.218365 0.625587 0.01 0.01
0 0.226202 0.612763 0.01 0.01
0 0.227627 0.602077 0.01 0.01
0 0.221928 0.583553 0.01 0.01
0 0.227627 0.581416 0.01 0.01
0 0.224777 0.571442 0.01 0.01
0 0.224065 0.557906 0.01 0.01
0 0.224065 0.548644 0.01 0.01
0 0.223352 0.536533 0.01 0.01
0 0.211954 0.441779 0.01 0.01
0 0.201267 0.436792 0.01 0.01
0 0.211241 0.431805 0.01 0.01
0 0.219078 0.438929 0.01 0.01
0 0.219078 0.494499 0.01 0.01
0 0.223352 0.512310 0.01 0.01
0 0.226202 0.519434 0.01 0.01
0 0.231902 0.528696 0.01 0.01
0 0.238314 0.547932 0.01 0.01
0 0.239739 0.569305 0.01 0.01
0 0.254700 0.564318 0.01 0.01
0 0.246863 0.594952 0.01 0.01
0 0.242588 0.582841 0.01 0.01
0 0.239739 0.604926 0.01 0.01
0 0.246863 0.616325 0.01 0.01
0 0.234039 0.624875 0.01 0.01
0 0.227627 0.634136 0.01 0.01
0 0.214803 0.637698 0.01 0.01
0 0.217653 0.650522 0.01 0.01
0 0.234039 0.663346 0.01 0.01
0 0.236889 0.644823 0.01 0.01
0 0.246863 0.638411 0.01 0.01
0 0.257549 0.645535 0.01 0.01
0 0.266099 0.626299 0.01 0.01
0 0.258262 0.624162 0.01 0.01
0 0.260399 0.606351 0.01 0.01
0 0.258974 0.597090 0.01 0.01
0 0.262536 0.590678 0.01 0.01
0 0.263249 0.580704 0.01 0.01
0 0.254700 0.577854 0.01 0.01
0 0.236889 0.540807 0.01 0.01
0 0.239739 0.516584 0.01 0.01
0 0.238314 0.504473 0.01 0.01
0 0.230477 0.498061 0.01 0.01
0 0.229052 0.483812 0.01 0.01
0 0.217653 0.482387 0.01 0.01
0 0.211241 0.478113 0.01 0.01
0 0.210529 0.470276 0.01 0.01
0 0.221215 0.461727 0.01 0.01
0 0.226202 0.474551 0.01 0.01
0 0.240451 0.474551 0.01 0.01
0 0.236176 0.460302 0.01 0.01
0 0.229764 0.448903 0.01 0.01
0 0.220503 0.444628 0.01 0.01
0 0.225490 0.431092 0.01 0.01
0 0.232614 0.427530 0.01 0.01
0 0.241876 0.427530 0.01 0.01
0 0.245438 0.436792 0.01 0.01
0 0.249000 0.449615 0.01 0.01
0 0.246863 0.458165 0.01 0.01
0 0.244726 0.467426 0.01 0.01
0 0.244013 0.478825 0.01 0.01
0 0.253275 0.488799 0.01 0.01
0 0.257549 0.498773 0.01 0.01
0 0.257549 0.521571 0.01 0.01
0 0.252562 0.532970 0.01 0.01
0 0.251850 0.546507 0.01 0.01
0 0.262536 0.550069 0.01 0.01
0 0.239739 0.557193 0.01 0.01
0 0.271086 0.610626 0.01 0.01
0 0.278210 0.630574 0.01 0.01
0 0.274648 0.646960 0.01 0.01
0 0.271086 0.668333 0.01 0.01
0 0.268236 0.679020 0.01 0.01
0 0.219790 0.701818 0.01 0.01
0 0.210529 0.696830 0.01 0.01
0 0.188443 0.684007 0.01 0.01
0 0.190580 0.693981 0.01 0.01
0 0.205542 0.676170 0.01 0.01
0 0.283909 0.690419 0.01 0.01
0 0.241876 0.680444 0.01 0.01
0 0.261112 0.692556 0.01 0.01
0 0.281772 0.661209 0.01 0.01
0 0.292459 0.630574 0.01 0.01
0 0.298871 0.668333 0.01 0.01
0 0.306707 0.661209 0.01 0.01
0 0.294596 0.616325 0.01 0.01
0 0.278210 0.604214 0.01 0.01
0 0.274648 0.581416 0.01 0.01
0 0.277498 0.569305 0.01 0.01
0 0.271798 0.521571 0.01 0.01
0 0.269661 0.540807 0.01 0.01
0 0.258974 0.511597 0.01 0.01
0 0.271086 0.511597 0.01 0.01
0 0.268948 0.498061 0.01 0.01
0 0.262536 0.477400 0.01 0.01
0 0.258262 0.461014 0.01 0.01
0 0.263249 0.450328 0.01 0.01
0 0.260399 0.438216 0.01 0.01
0 0.256125 0.429667 0.01 0.01
0 0.261824 0.421118 0.01 0.01
0 0.268236 0.428955 0.01 0.01
0 0.271086 0.442491 0.01 0.01
0 0.271798 0.454602 0.01 0.01
0 0.271798 0.463864 0.01 0.01
0 0.270373 0.471701 0.01 0.01
0 0.276073 0.478825 0.01 0.01
0 0.280347 0.481675 0.01 0.01
0 0.287472 0.476688 0.01 0.01
0 0.290321 0.451040 0.01 0.01
0 0.290321 0.443204 0.01 0.01
0 0.290321 0.437504 0.01 0.01
0 0.289609 0.420406 0.01 0.01
0 0.292459 0.415419 0.01 0.01
0 0.303145 0.429667 0.01 0.01
0 0.288184 0.464577 0.01 0.01
0 0.297446 0.462439 0.01 0.01
0 0.298871 0.455315 0.01 0.01
0 0.299583 0.448903 0.01 0.01
0 0.299583 0.440354 0.01 0.01
0 0.298158 0.433229 0.01 0.01
0 0.305995 0.438216 0.01 0.01
0 0.308132 0.446766 0.01 0.01
0 0.307420 0.451753 0.01 0.01
0 0.307420 0.461727 0.01 0.01
0 0.307420 0.469564 0.01 0.01
0 0.296733 0.483812 0.01 0.01
0 0.291746 0.488087 0.01 0.01
0 0.284622 0.495924 0.01 0.01
0 0.285334 0.504473 0.01 0.01
0 0.290321 0.511597 0.01 0.01
0 0.283197 0.522284 0.01 0.01
0 0.291746 0.526558 0.01 0.01
0 0.296733 0.513735 0.01 0.01
0 0.297446 0.505185 0.01 0.01
0 0.303145 0.497349 0.01 0.01
0 0.305995 0.489512 0.01 0.01
0 0.309557 0.481675 0.01 0.01
0 0.313119 0.493074 0.01 0.01
0 0.309557 0.498773 0.01 0.01
0 0.308132 0.513022 0.01 0.01
0 0.306707 0.524421 0.01 0.01
0 0.302433 0.534395 0.01 0.01
0 0.295308 0.550781 0.01 0.01
0 0.288184 0.543657 0.01 0.01
0 0.282485 0.533683 0.01 0.01
0 0.288184 0.575004 0.01 0.01
0 0.296733 0.592815 0.01 0.01
0 0.309557 0.592815 0.01 0.01
0 0.306707 0.579991 0.01 0.01
0 0.302433 0.560755 0.01 0.01
0 0.308845 0.567167 0.01 0.01
0 0.311694 0.552919 0.01 0.01
0 0.311694 0.543657 0.01 0.01
0 0.315969 0.539382 0.01 0.01
0 0.310270 0.529408 0.01 0.01
0 0.321669 0.532258 0.01 0.01
0 0.321669 0.525134 0.01 0.01
0 0.318106 0.513022 0.01 0.01
0 0.321669 0.505898 0.01 0.01
0 0.328080 0.508748 0.01 0.01
0 0.322381 0.487375 0.01 0.01
0 0.320956 0.475263 0.01 0.01
0 0.320956 0.464577 0.01 0.01
0 0.333780 0.474551 0.01 0.01
0 0.332355 0.458165 0.01 0.01
0 0.321669 0.456027 0.01 0.01
0 0.320244 0.448191 0.01 0.01
0 0.315969 0.437504 0.01 0.01
0 0.318106 0.428955 0.01 0.01
0 0.326656 0.430380 0.01 0.01
0 0.331643 0.441779 0.01 0.01
0 0.338767 0.453890 0.01 0.01
0 0.346604 0.461727 0.01 0.01
0 0.350878 0.449615 0.01 0.01
0 0.339479 0.428955 0.01 0.01
0 0.334492 0.419693 0.01 0.01
0 0.343754 0.414706 0.01 0.01
0 0.345891 0.421830 0.01 0.01
0 0.355865 0.443916 0.01 0.01
0 0.361565 0.426818 0.01 0.01
0 0.370827 0.417556 0.01 0.01
0 0.378663 0.433229 0.01 0.01
0 0.383650 0.415419 0.01 0.01
0 0.385788 0.427530 0.01 0.01
0 0.393625 0.426105 0.01 0.01
0 0.389350 0.418268 0.01 0.01
0 0.396474 0.416131 0.01 0.01
0 0.404311 0.419693 0.01 0.01
0 0.359428 0.460302 0.01 0.01
0 0.366552 0.454602 0.01 0.01
0 0.375814 0.449615 0.01 0.01
0 0.381513 0.443204 0.01 0.01
0 0.391487 0.444628 0.01 0.01
0 0.397899 0.439641 0.01 0.01
0 0.404311 0.436792 0.01 0.01
0 0.408586 0.430380 0.01 0.01
0 0.414998 0.423968 0.01 0.01
0 0.418560 0.418981 0.01 0.01
0 0.353728 0.476688 0.01 0.01
0 0.367264 0.471701 0.01 0.01
0 0.379376 0.468851 0.01 0.01
0 0.385075 0.462439 0.01 0.01
0 0.394337 0.458877 0.01 0.01
0 0.400749 0.453178 0.01 0.01
0 0.407161 0.444628 0.01 0.01
0 0.411435 0.438216 0.01 0.01
0 0.427821 0.427530 0.01 0.01
0 0.432096 0.424680 0.01 0.01
0 0.417847 0.431805 0.01 0.01
0 0.356578 0.481675 0.01 0.01
0 0.339479 0.486662 0.01 0.01
0 0.341617 0.498061 0.01 0.01
0 0.355865 0.500198 0.01 0.01
0 0.351591 0.487375 0.01 0.01
0 0.369402 0.488799 0.01 0.01
0 0.382226 0.484525 0.01 0.01
0 0.402886 0.461727 0.01 0.01
0 0.410723 0.456740 0.01 0.01
0 0.417847 0.452465 0.01 0.01
0 0.426397 0.446766 0.01 0.01
0 0.429959 0.443204 0.01 0.01
0 0.447057 0.428242 0.01 0.01
0 0.444920 0.418268 0.01 0.01
0 0.444920 0.413281 0.01 0.01
0 0.353728 0.519434 0.01 0.01
0 0.343042 0.514447 0.01 0.01
0 0.330930 0.552919 0.01 0.01
0 0.336630 0.555056 0.01 0.01
0 0.344466 0.545082 0.01 0.01
0 0.359428 0.534395 0.01 0.01
0 0.358003 0.548644 0.01 0.01
0 0.343754 0.534395 0.01 0.01
0 0.332355 0.537957 0.01 0.01
0 0.360140 0.521571 0.01 0.01
0 0.365840 0.521571 0.01 0.01
0 0.367264 0.515872 0.01 0.01
0 0.366552 0.505898 0.01 0.01
0 0.365840 0.500198 0.01 0.01
0 0.379376 0.500198 0.01 0.01
0 0.380088 0.513022 0.01 0.01
0 0.378663 0.527983 0.01 0.01
0 0.390062 0.516584 0.01 0.01
0 0.391487 0.506610 0.01 0.01
0 0.401461 0.494499 0.01 0.01
0 0.400749 0.484525 0.01 0.01
0 0.410011 0.486662 0.01 0.01
0 0.413573 0.493074 0.01 0.01
0 0.417135 0.487375 0.01 0.01
0 0.415710 0.481675 0.01 0.01
0 0.414998 0.471701 0.01 0.01
0 0.416422 0.463864 0.01 0.01
0 0.424259 0.456027 0.01 0.01
0 0.424259 0.466714 0.01 0.01
0 0.424259 0.478113 0.01 0.01
0 0.426397 0.485950 0.01 0.01
0 0.437795 0.460302 0.01 0.01
0 0.437795 0.453178 0.01 0.01
0 0.444207 0.451040 0.01 0.01
0 0.442070 0.443204 0.01 0.01
0 0.437795 0.434654 0.01 0.01
0 0.439220 0.473838 0.01 0.01
0 0.433521 0.471701 0.01 0.01
0 0.399324 0.513735 0.01 0.01
0 0.407161 0.503761 0.01 0.01
0 0.409298 0.518722 0.01 0.01
0 0.359428 0.557906 0.01 0.01
0 0.321669 0.604214 0.01 0.01
0 0.321669 0.591390 0.01 0.01
0 0.320244 0.581416 0.01 0.01
0 0.342329 0.585691 0.01 0.01
0 0.332355 0.624162 0.01 0.01
0 0.306707 0.627012 0.01 0.01
0 0.318106 0.638411 0.01 0.01
0 0.337342 0.648385 0.01 0.01
0 0.344466 0.644110 0.01 0.01
0 0.346604 0.636273 0.01 0.01
0 0.346604 0.614900 0.01 0.01
0 0.355865 0.607064 0.01 0.01
0 0.358715 0.598514 0.01 0.01
0 0.361565 0.585691 0.01 0.01
0 0.358715 0.577854 0.01 0.01
0 0.353728 0.569305 0.01 0.01
0 0.360852 0.569305 0.01 0.01
0 0.367264 0.577854 0.01 0.01
0 0.341617 0.572867 0.01 0.01
0 0.317394 0.677595 0.01 0.01
0 0.305995 0.686856 0.01 0.01
0 0.300295 0.690419 0.01 0.01
0 0.330218 0.691131 0.01 0.01
0 0.332355 0.667621 0.01 0.01
0 0.293884 0.644110 0.01 0.01
0 0.355865 0.668333 0.01 0.01
0 0.367264 0.683294 0.01 0.01
0 0.377951 0.669758 0.01 0.01
0 0.356578 0.654797 0.01 0.01
0 0.371539 0.642685 0.01 0.01
0 0.369402 0.623450 0.01 0.01
0 0.378663 0.631999 0.01 0.01
0 0.368689 0.607776 0.01 0.01
0 0.380801 0.599227 0.01 0.01
0 0.390062 0.599227 0.01 0.01
0 0.385075 0.584978 0.01 0.01
0 0.377239 0.584978 0.01 0.01
0 0.377951 0.575004 0.01 0.01
0 0.400036 0.560755 0.01 0.01
0 0.397899 0.550781 0.01 0.01
0 0.380801 0.544369 0.01 0.01
0 0.376526 0.555768 0.01 0.01
0 0.376526 0.567880 0.01 0.01
0 0.398612 0.536533 0.01 0.01
0 0.407161 0.546507 0.01 0.01
0 0.415710 0.537957 0.01 0.01
0 0.414285 0.530121 0.01 0.01
0 0.424972 0.525846 0.01 0.01
0 0.422834 0.516584 0.01 0.01
0 0.419272 0.510172 0.01 0.01
0 0.418560 0.504473 0.01 0.01
0 0.419985 0.499486 0.01 0.01
0 0.427109 0.503048 0.01 0.01
0 0.429246 0.510172 0.01 0.01
0 0.434946 0.518722 0.01 0.01
0 0.432096 0.564318 0.01 0.01
0 0.417847 0.567167 0.01 0.01
0 0.413573 0.587828 0.01 0.01
0 0.410011 0.597802 0.01 0.01
0 0.414285 0.546507 0.01 0.01
0 0.393625 0.591390 0.01 0.01
0 0.394337 0.577141 0.01 0.01
0 0.361565 0.619887 0.01 0.01
0 0.374389 0.696118 0.01 0.01
0 0.391487 0.676170 0.01 0.01
0 0.396474 0.683294 0.01 0.01
0 0.402886 0.662634 0.01 0.01
0 0.375101 0.656222 0.01 0.01
0 0.397899 0.654084 0.01 0.01
0 0.417847 0.634136 0.01 0.01
0 0.417135 0.646960 0.01 0.01
0 0.428534 0.644110 0.01 0.01
0 0.430671 0.659071 0.01 0.01
0 0.444207 0.634849 0.01 0.01
0 0.434946 0.618463 0.01 0.01
0 0.444207 0.612051 0.01 0.01
0 0.428534 0.607064 0.01 0.01
0 0.438508 0.593527 0.01 0.01
0 0.451332 0.597090 0.01 0.01
0 0.444920 0.574292 0.01 0.01
0 0.455606 0.572867 0.01 0.01
0 0.454182 0.565030 0.01 0.01
0 0.435658 0.553631 0.01 0.01
0 0.438508 0.544369 0.01 0.01
0 0.441358 0.531545 0.01 0.01
0 0.442070 0.522996 0.01 0.01
0 0.449194 0.527271 0.01 0.01
0 0.451332 0.535820 0.01 0.01
0 0.452757 0.545794 0.01 0.01
0 0.452757 0.552206 0.01 0.01
0 0.470568 0.573579 0.01 0.01
0 0.469143 0.560755 0.01 0.01
0 0.465580 0.540807 0.01 0.01
0 0.467718 0.550069 0.01 0.01
0 0.462731 0.533683 0.01 0.01
0 0.449194 0.519434 0.01 0.01
0 0.444207 0.510172 0.01 0.01
0 0.437083 0.506610 0.01 0.01
0 0.442783 0.500198 0.01 0.01
0 0.438508 0.494499 0.01 0.01
0 0.434946 0.487375 0.01 0.01
0 0.445632 0.482387 0.01 0.01
0 0.452044 0.490937 0.01 0.01
0 0.454894 0.500198 0.01 0.01
0 0.459881 0.510885 0.01 0.01
0 0.469143 0.515159 0.01 0.01
0 0.464868 0.500198 0.01 0.01
0 0.462731 0.492362 0.01 0.01
0 0.460593 0.486662 0.01 0.01
0 0.454182 0.480963 0.01 0.01
0 0.448482 0.466001 0.01 0.01
0 0.444920 0.685432 0.01 0.01
0 0.417847 0.688994 0.01 0.01
0 0.453469 0.666908 0.01 0.01
0 0.449907 0.651235 0.01 0.01
0 0.459169 0.625587 0.01 0.01
0 0.469855 0.630574 0.01 0.01
0 0.464868 0.609201 0.01 0.01
0 0.474842 0.602077 0.01 0.01
0 0.478404 0.594240 0.01 0.01
0 0.462731 0.589965 0.01 0.01
0 0.484104 0.582841 0.01 0.01
0 0.484104 0.569305 0.01 0.01
0 0.486954 0.559330 0.01 0.01
0 0.479829 0.544369 0.01 0.01
0 0.474842 0.527271 0.01 0.01
0 0.491941 0.532970 0.01 0.01
0 0.496928 0.548644 0.01 0.01
0 0.491941 0.580704 0.01 0.01
0 0.494078 0.602077 0.01 0.01
0 0.475555 0.629149 0.01 0.01
0 0.464868 0.649810 0.01 0.01
0 0.473417 0.657647 0.01 0.01
0 0.487666 0.667621 0.01 0.01
0 0.486241 0.643398 0.01 0.01
0 0.474842 0.667621 0.01 0.01
0 0.471992 0.690419 0.01 0.01
0 0.481966 0.683294 0.01 0.01
0 0.467005 0.700393 0.01 0.01
0 0.457744 0.688281 0.01 0.01
0 0.455696 0.433229 0.01 0.01
0 0.461395 0.427530 0.01 0.01
0 0.474219 0.430380 0.01 0.01
0 0.476356 0.421118 0.01 0.01
0 0.478494 0.414706 0.01 0.01
0 0.489180 0.413994 0.01 0.01
0 0.489893 0.424680 0.01 0.01
0 0.484905 0.433229 0.01 0.01
0 0.481343 0.441779 0.01 0.01
0 0.453558 0.442491 0.01 0.01
0 0.454271 0.453890 0.01 0.01
0 0.462820 0.457452 0.01 0.01
0 0.470657 0.456740 0.01 0.01
0 0.476356 0.453178 0.01 0.01
0 0.484905 0.452465 0.01 0.01
0 0.489893 0.447478 0.01 0.01
0 0.494167 0.440354 0.01 0.01
0 0.500579 0.432517 0.01 0.01
0 0.506991 0.432517 0.01 0.01
0 0.506991 0.441779 0.01 0.01
0 0.516965 0.439641 0.01 0.01
0 0.519815 0.431805 0.01 0.01
0 0.516253 0.423255 0.01 0.01
0 0.512690 0.414706 0.01 0.01
0 0.537626 0.417556 0.01 0.01
0 0.536201 0.433229 0.01 0.01
0 0.529789 0.441066 0.01 0.01
0 0.528364 0.448191 0.01 0.01
0 0.520527 0.448191 0.01 0.01
0 0.504141 0.451040 0.01 0.01
0 0.499867 0.448191 0.01 0.01
0 0.496304 0.458165 0.01 0.01
0 0.497017 0.470989 0.01 0.01
0 0.486330 0.470989 0.01 0.01
0 0.481343 0.463864 0.01 0.01
0 0.479918 0.479538 0.01 0.01
0 0.460683 0.473838 0.01 0.01
0 0.475644 0.483812 0.01 0.01
0 0.483481 0.498061 0.01 0.01
0 0.488468 0.513735 0.01 0.01
0 0.498442 0.520147 0.01 0.01
0 0.498442 0.527983 0.01 0.01
0 0.509841 0.525846 0.01 0.01
0 0.498442 0.507323 0.01 0.01
0 0.492030 0.495924 0.01 0.01
0 0.507703 0.494499 0.01 0.01
0 0.513403 0.505898 0.01 0.01
0 0.515540 0.493074 0.01 0.01
0 0.514115 0.482387 0.01 0.01
0 0.506279 0.474551 0.01 0.01
0 0.505566 0.464577 0.01 0.01
0 0.517677 0.460302 0.01 0.01
0 0.518390 0.471701 0.01 0.01
0 0.527652 0.479538 0.01 0.01
0 0.532639 0.471701 0.01 0.01
0 0.530501 0.461014 0.01 0.01
0 0.534063 0.454602 0.01 0.01
0 0.541188 0.446766 0.01 0.01
0 0.556861 0.428955 0.01 0.01
0 0.549025 0.438216 0.01 0.01
0 0.566123 0.432517 0.01 0.01
0 0.583222 0.425393 0.01 0.01
0 0.583934 0.416131 0.01 0.01
0 0.591771 0.427530 0.01 0.01
0 0.601032 0.429667 0.01 0.01
0 0.605307 0.426818 0.01 0.01
0 0.605307 0.418268 0.01 0.01
0 0.614569 0.421118 0.01 0.01
0 0.618843 0.431092 0.01 0.01
0 0.627393 0.430380 0.01 0.01
0 0.630955 0.416843 0.01 0.01
0 0.634517 0.424680 0.01 0.01
0 0.638079 0.436792 0.01 0.01
0 0.653753 0.433229 0.01 0.01
0 0.655890 0.419693 0.01 0.01
0 0.676551 0.422543 0.01 0.01
0 0.691512 0.425393 0.01 0.01
0 0.692937 0.430380 0.01 0.01
0 0.702911 0.434654 0.01 0.01
0 0.709323 0.427530 0.01 0.01
0 0.703623 0.421118 0.01 0.01
0 0.710747 0.418981 0.01 0.01
0 0.729271 0.421118 0.01 0.01
0 0.729983 0.428242 0.01 0.01
0 0.739957 0.434654 0.01 0.01
0 0.736395 0.423968 0.01 0.01
0 0.752069 0.421830 0.01 0.01
0 0.752781 0.432517 0.01 0.01
0 0.761330 0.433942 0.01 0.01
0 0.758481 0.426105 0.01 0.01
0 0.564698 0.446766 0.01 0.01
0 0.554012 0.446766 0.01 0.01
0 0.552587 0.452465 0.01 0.01
0 0.563273 0.456740 0.01 0.01
0 0.575385 0.453890 0.01 0.01
0 0.576810 0.445341 0.01 0.01
0 0.583934 0.438216 0.01 0.01
0 0.588209 0.441779 0.01 0.01
0 0.588921 0.449615 0.01 0.01
0 0.594620 0.451753 0.01 0.01
0 0.600320 0.448903 0.01 0.01
0 0.598895 0.440354 0.01 0.01
0 0.606732 0.440354 0.01 0.01
0 0.613144 0.448191 0.01 0.01
0 0.619556 0.450328 0.01 0.01
0 0.630242 0.450328 0.01 0.01
0 0.630242 0.441779 0.01 0.01
0 0.637367 0.443204 0.01 0.01
0 0.645203 0.446766 0.01 0.01
0 0.658027 0.446053 0.01 0.01
0 0.557574 0.474551 0.01 0.01
0 0.564698 0.477400 0.01 0.01
0 0.548312 0.476688 0.01 0.01
0 0.547600 0.465289 0.01 0.01
0 0.562561 0.464577 0.01 0.01
0 0.580372 0.473838 0.01 0.01
0 0.585359 0.478113 0.01 0.01
0 0.588209 0.466714 0.01 0.01
0 0.598895 0.471701 0.01 0.01
0 0.608869 0.480250 0.01 0.01
0 0.618843 0.476688 0.01 0.01
0 0.621693 0.468851 0.01 0.01
0 0.619556 0.461727 0.01 0.01
0 0.628105 0.459590 0.01 0.01
0 0.638079 0.461727 0.01 0.01
0 0.634517 0.477400 0.01 0.01
0 0.650190 0.472413 0.01 0.01
0 0.646628 0.461727 0.01 0.01
0 0.666576 0.458877 0.01 0.01
0 0.663727 0.473126 0.01 0.01
0 0.672988 0.476688 0.01 0.01
0 0.644491 0.478825 0.01 0.01
0 0.674413 0.465289 0.01 0.01
0 0.591771 0.474551 0.01 0.01
0 0.697211 0.468139 0.01 0.01
0 0.697924 0.457452 0.01 0.01
0 0.695786 0.447478 0.01 0.01
0 0.707898 0.446053 0.01 0.01
0 0.705048 0.453890 0.01 0.01
0 0.709323 0.458877 0.01 0.01
0 0.712885 0.466001 0.01 0.01
0 0.719297 0.465289 0.01 0.01
0 0.718584 0.454602 0.01 0.01
0 0.717872 0.446053 0.01 0.01
0 0.727133 0.441066 0.01 0.01
0 0.729983 0.446766 0.01 0.01
0 0.730696 0.457452 0.01 0.01
0 0.736395 0.464577 0.01 0.01
0 0.752781 0.458877 0.01 0.01
0 0.737820 0.439641 0.01 0.01
0 0.720009 0.435367 0.01 0.01
0 0.746369 0.428955 0.01 0.01
0 0.742095 0.458877 0.01 0.01
0 0.762755 0.461727 0.01 0.01
0 0.753494 0.473838 0.01 0.01
0 0.769167 0.474551 0.01 0.01
0 0.778429 0.468851 0.01 0.01
0 0.773442 0.464577 0.01 0.01
0 0.778429 0.454602 0.01 0.01
0 0.778429 0.444628 0.01 0.01
0 0.772017 0.432517 0.01 0.01
0 0.531926 0.486662 0.01 0.01
0 0.523377 0.494499 0.01 0.01
0 0.521952 0.485237 0.01 0.01
0 0.523377 0.504473 0.01 0.01
0 0.518390 0.511597 0.01 0.01
0 0.519102 0.519434 0.01 0.01
0 0.521952 0.532970 0.01 0.01
0 0.512690 0.534395 0.01 0.01
0 0.512690 0.542944 0.01 0.01
0 0.516253 0.555056 0.01 0.01
0 0.526227 0.560755 0.01 0.01
0 0.531926 0.547219 0.01 0.01
0 0.539763 0.546507 0.01 0.01
0 0.534063 0.535820 0.01 0.01
0 0.534776 0.527271 0.01 0.01
0 0.530501 0.515159 0.01 0.01
0 0.540475 0.517297 0.01 0.01
0 0.539051 0.508035 0.01 0.01
0 0.547600 0.505898 0.01 0.01
0 0.548312 0.494499 0.01 0.01
0 0.538338 0.493074 0.01 0.01
0 0.562561 0.493786 0.01 0.01
0 0.571110 0.503761 0.01 0.01
0 0.571823 0.494499 0.01 0.01
0 0.579659 0.498061 0.01 0.01
0 0.591058 0.499486 0.01 0.01
0 0.596758 0.493786 0.01 0.01
0 0.594620 0.486662 0.01 0.01
0 0.577522 0.488799 0.01 0.01
0 0.568260 0.483812 0.01 0.01
0 0.603882 0.495924 0.01 0.01
0 0.614569 0.496636 0.01 0.01
0 0.623118 0.491649 0.01 0.01
0 0.630955 0.485950 0.01 0.01
0 0.634517 0.495924 0.01 0.01
0 0.645916 0.495924 0.01 0.01
0 0.653040 0.494499 0.01 0.01
0 0.655890 0.483812 0.01 0.01
0 0.666576 0.485237 0.01 0.01
0 0.668001 0.497349 0.01 0.01
0 0.679400 0.500198 0.01 0.01
0 0.683675 0.493786 0.01 0.01
0 0.676551 0.482387 0.01 0.01
0 0.693649 0.480250 0.01 0.01
0 0.692224 0.490224 0.01 0.01
0 0.705048 0.490937 0.01 0.01
0 0.716447 0.486662 0.01 0.01
0 0.713597 0.475263 0.01 0.01
0 0.727846 0.473126 0.01 0.01
0 0.729983 0.483100 0.01 0.01
0 0.745657 0.487375 0.01 0.01
0 0.750644 0.484525 0.01 0.01
0 0.742807 0.471701 0.01 0.01
0 0.761330 0.486662 0.01 0.01
0 0.782703 0.489512 0.01 0.01
0 0.794102 0.481675 0.01 0.01
0 0.791965 0.473838 0.01 0.01
0 0.789828 0.461727 0.01 0.01
0 0.791253 0.453178 0.01 0.01
0 0.801939 0.464577 0.01 0.01
0 0.806926 0.476688 0.01 0.01
0 0.819750 0.480963 0.01 0.01
0 0.822600 0.493786 0.01 0.01
0 0.835424 0.498061 0.01 0.01
0 0.841123 0.496636 0.01 0.01
0 0.848960 0.495924 0.01 0.01
0 0.860359 0.498061 0.01 0.01
0 0.838273 0.481675 0.01 0.01
0 0.824025 0.477400 0.01 0.01
0 0.811201 0.468139 0.01 0.01
0 0.798377 0.501623 0.01 0.01
0 0.809063 0.503048 0.01 0.01
0 0.819038 0.505185 0.01 0.01
0 0.823312 0.514447 0.01 0.01
0 0.835424 0.519434 0.01 0.01
0 0.844685 0.520147 0.01 0.01
0 0.858222 0.508748 0.01 0.01
0 0.866058 0.510172 0.01 0.01
0 0.784128 0.506610 0.01 0.01
0 0.774867 0.506610 0.01 0.01
0 0.769880 0.502336 0.01 0.01
0 0.764893 0.500911 0.01 0.01
0 0.738532 0.495924 0.01 0.01
0 0.721434 0.492362 0.01 0.01
0 0.707898 0.503761 0.01 0.01
0 0.695074 0.508035 0.01 0.01
0 0.675126 0.511597 0.01 0.01
0 0.665152 0.519434 0.01 0.01
0 0.650190 0.515159 0.01 0.01
0 0.634517 0.508035 0.01 0.01
0 0.603170 0.508748 0.01 0.01
0 0.606732 0.521571 0.01 0.01
0 0.620981 0.507323 0.01 0.01
0 0.628105 0.503048 0.01 0.01
0 0.612431 0.509460 0.01 0.01
0 0.581797 0.516584 0.01 0.01
0 0.558286 0.526558 0.01 0.01
0 0.556149 0.520147 0.01 0.01
0 0.546175 0.520859 0.01 0.01
0 0.548312 0.530121 0.01 0.01
0 0.558999 0.534395 0.01 0.01
0 0.578234 0.529408 0.01 0.01
0 0.569685 0.522996 0.01 0.01
0 0.586784 0.527983 0.01 0.01
0 0.598895 0.527983 0.01 0.01
0 0.594620 0.518722 0.01 0.01
0 0.613144 0.522284 0.01 0.01
0 0.616706 0.529408 0.01 0.01
0 0.631667 0.527983 0.01 0.01
0 0.625255 0.517297 0.01 0.01
0 0.639504 0.517297 0.01 0.01
0 0.643066 0.527271 0.01 0.01
0 0.654465 0.528696 0.01 0.01
0 0.645203 0.512310 0.01 0.01
0 0.661589 0.530833 0.01 0.01
0 0.655890 0.510885 0.01 0.01
0 0.665864 0.505185 0.01 0.01
0 0.674413 0.522996 0.01 0.01
0 0.682962 0.520147 0.01 0.01
0 0.694361 0.520147 0.01 0.01
0 0.687949 0.508748 0.01 0.01
0 0.705048 0.528696 0.01 0.01
0 0.704336 0.514447 0.01 0.01
0 0.711460 0.516584 0.01 0.01
0 0.715022 0.506610 0.01 0.01
0 0.722146 0.512310 0.01 0.01
0 0.731408 0.510885 0.01 0.01
0 0.731408 0.530833 0.01 0.01
0 0.717159 0.522996 0.01 0.01
0 0.745657 0.520859 0.01 0.01
0 0.741382 0.510172 0.01 0.01
0 0.741382 0.503048 0.01 0.01
0 0.752781 0.518009 0.01 0.01
0 0.759905 0.524421 0.01 0.01
0 0.769880 0.530121 0.01 0.01
0 0.781279 0.536533 0.01 0.01
0 0.794815 0.536533 0.01 0.01
0 0.790540 0.518722 0.01 0.01
0 0.788403 0.527983 0.01 0.01
0 0.799089 0.529408 0.01 0.01
0 0.804076 0.520147 0.01 0.01
0 0.812626 0.532970 0.01 0.01
0 0.826162 0.535820 0.01 0.01
0 0.851810 0.535108 0.01 0.01
0 0.865346 0.538670 0.01 0.01
0 0.555116 0.552206 0.01 0.01
0 0.561528 0.550781 0.01 0.01
0 0.562952 0.561468 0.01 0.01
0 0.580051 0.544369 0.01 0.01
0 0.575064 0.555056 0.01 0.01
0 0.590025 0.549356 0.01 0.01
0 0.590025 0.538670 0.01 0.01
0 0.597149 0.547219 0.01 0.01
0 0.610686 0.530121 0.01 0.01
0 0.617810 0.547219 0.01 0.01
0 0.624222 0.558618 0.01 0.01
0 0.627784 0.539382 0.01 0.01
0 0.634908 0.552206 0.01 0.01
0 0.639895 0.542944 0.01 0.01
0 0.641320 0.533683 0.01 0.01
0 0.661268 0.552919 0.01 0.01
0 0.657706 0.541520 0.01 0.01
0 0.671955 0.541520 0.01 0.01
0 0.681217 0.544369 0.01 0.01
0 0.688341 0.536533 0.01 0.01
0 0.696178 0.546507 0.01 0.01
0 0.705439 0.551494 0.01 0.01
0 0.709714 0.564318 0.01 0.01
0 0.721113 0.547932 0.01 0.01
0 0.760297 0.565742 0.01 0.01
0 0.756735 0.541520 0.01 0.01
0 0.741774 0.538670 0.01 0.01
0 0.733224 0.542944 0.01 0.01
0 0.778108 0.542944 0.01 0.01
0 0.780958 0.560043 0.01 0.01
0 0.771696 0.560755 0.01 0.01
0 0.738211 0.557193 0.01 0.01
0 0.747473 0.557906 0.01 0.01
0 0.758160 0.555768 0.01 0.01
0 0.777395 0.551494 0.01 0.01
0 0.787369 0.545794 0.01 0.01
0 0.796631 0.555056 0.01 0.01
0 0.809455 0.561468 0.01 0.01
0 0.804468 0.547932 0.01 0.01
0 0.816579 0.549356 0.01 0.01
0 0.822991 0.555768 0.01 0.01
0 0.830116 0.550069 0.01 0.01
0 0.837240 0.551494 0.01 0.01
0 0.836528 0.539382 0.01 0.01
0 0.835815 0.527271 0.01 0.01
0 0.843652 0.552919 0.01 0.01
0 0.846502 0.543657 0.01 0.01
0 0.850064 0.554343 0.01 0.01
0 0.859325 0.554343 0.01 0.01
0 0.866450 0.554343 0.01 0.01
0 0.880698 0.550781 0.01 0.01
0 0.885686 0.552206 0.01 0.01
0 0.879986 0.536533 0.01 0.01
0 0.879986 0.526558 0.01 0.01
0 0.864312 0.484525 0.01 0.01
0 0.853626 0.481675 0.01 0.01
0 0.847926 0.478113 0.01 0.01
0 0.847926 0.470276 0.01 0.01
0 0.847926 0.461727 0.01 0.01
0 0.858613 0.459590 0.01 0.01
0 0.860038 0.467426 0.01 0.01
0 0.870724 0.473838 0.01 0.01
0 0.877136 0.481675 0.01 0.01
0 0.887110 0.491649 0.01 0.01
0 0.896372 0.499486 0.01 0.01
0 0.899934 0.509460 0.01 0.01
0 0.895660 0.530121 0.01 0.01
0 0.895660 0.543657 0.01 0.01
0 0.896372 0.559330 0.01 0.01
0 0.896372 0.571442 0.01 0.01
0 0.521631 0.585691 0.01 0.01
0 0.505245 0.586403 0.01 0.01
0 0.495271 0.570017 0.01 0.01
0 0.513082 0.570729 0.01 0.01
0 0.525906 0.577854 0.01 0.01
0 0.503108 0.603501 0.01 0.01
0 0.516644 0.609201 0.01 0.01
0 0.525906 0.595665 0.01 0.01
0 0.534455 0.579279 0.01 0.01
0 0.541579 0.589253 0.01 0.01
0 0.552978 0.591390 0.01 0.01
0 0.553691 0.566455 0.01 0.01
0 0.560103 0.578566 0.01 0.01
0 0.494559 0.620600 0.01 0.01
0 0.486722 0.618463 0.01 0.01
0 0.486722 0.631999 0.01 0.01
0 0.498121 0.657647 0.01 0.01
0 0.443263 0.666908 0.01 0.01
0 0.440414 0.719628 0.01 0.01
0 0.455375 0.728178 0.01 0.01
0 0.449675 0.698968 0.01 0.01
0 0.478173 0.718916 0.01 0.01
0 0.497408 0.711792 0.01 0.01
0 0.502395 0.692556 0.01 0.01
0 0.501683 0.673320 0.01 0.01
0 0.505958 0.649810 0.01 0.01
0 0.506670 0.637698 0.01 0.01
0 0.510232 0.626299 0.01 0.01
0 0.528043 0.612051 0.01 0.01
0 0.533743 0.631999 0.01 0.01
0 0.530180 0.657647 0.01 0.01
0 0.538017 0.613476 0.01 0.01
0 0.550129 0.619887 0.01 0.01
0 0.559390 0.618463 0.01 0.01
0 0.567939 0.620600 0.01 0.01
0 0.579338 0.595665 0.01 0.01
0 0.576489 0.582128 0.01 0.01
0 0.581476 0.571442 0.01 0.01
0 0.587888 0.562180 0.01 0.01
0 0.599287 0.565742 0.01 0.01
0 0.610686 0.566455 0.01 0.01
0 0.605698 0.582128 0.01 0.01
0 0.604986 0.598514 0.01 0.01
0 0.599999 0.621312 0.01 0.01
0 0.584325 0.619175 0.01 0.01
0 0.560815 0.644110 0.01 0.01
0 0.547991 0.638411 0.01 0.01
0 0.546566 0.682582 0.01 0.01
0 0.526618 0.681157 0.01 0.01
0 0.552978 0.661209 0.01 0.01
0 0.565802 0.666196 0.01 0.01
0 0.575776 0.655509 0.01 0.01
0 0.581476 0.642685 0.01 0.01
0 0.567939 0.634136 0.01 0.01
0 0.587888 0.676882 0.01 0.01
0 0.552266 0.693981 0.01 0.01
0 0.557253 0.679020 0.01 0.01
0 0.541579 0.710367 0.01 0.01
0 0.523056 0.708942 0.01 0.01
0 0.507382 0.700393 0.01 0.01
0 0.555828 0.706092 0.01 0.01
0 0.568652 0.691843 0.01 0.01
0 0.584325 0.713216 0.01 0.01
0 0.599287 0.669045 0.01 0.01
0 0.595724 0.655509 0.01 0.01
0 0.593587 0.646960 0.01 0.01
0 0.595724 0.633424 0.01 0.01
0 0.609973 0.634849 0.01 0.01
0 0.617810 0.619175 0.01 0.01
0 0.626359 0.605639 0.01 0.01
0 0.613535 0.604214 0.01 0.01
0 0.627072 0.590678 0.01 0.01
0 0.624222 0.575004 0.01 0.01
0 0.635621 0.579279 0.01 0.01
0 0.636333 0.595665 0.01 0.01
0 0.636333 0.609201 0.01 0.01
0 0.632059 0.618463 0.01 0.01
0 0.639895 0.628437 0.01 0.01
0 0.645595 0.607776 0.01 0.01
0 0.647020 0.619887 0.01 0.01
0 0.647732 0.597802 0.01 0.01
0 0.643458 0.585691 0.01 0.01
0 0.650582 0.577854 0.01 0.01
0 0.657706 0.568592 0.01 0.01
0 0.662693 0.586403 0.01 0.01
0 0.674805 0.561468 0.01 0.01
0 0.679792 0.572867 0.01 0.01
0 0.681217 0.559330 0.01 0.01
0 0.701165 0.570729 0.01 0.01
0 0.686204 0.584266 0.01 0.01
0 0.681217 0.594240 0.01 0.01
0 0.674092 0.598514 0.01 0.01
0 0.672667 0.584978 0.01 0.01
0 0.691191 0.598514 0.01 0.01
0 0.702590 0.592102 0.01 0.01
0 0.713989 0.587115 0.01 0.01
0 0.711851 0.576429 0.01 0.01
0 0.719688 0.575004 0.01 0.01
0 0.727525 0.582841 0.01 0.01
0 0.723250 0.597090 0.01 0.01
0 0.719688 0.609913 0.01 0.01
0 0.728950 0.591390 0.01 0.01
0 0.741061 0.588540 0.01 0.01
0 0.735362 0.577854 0.01 0.01
0 0.728950 0.569305 0.01 0.01
0 0.725388 0.560755 0.01 0.01
0 0.747473 0.568592 0.01 0.01
0 0.745336 0.577854 0.01 0.01
0 0.752460 0.582128 0.01 0.01
0 0.762434 0.579279 0.01 0.01
0 0.776683 0.579991 0.01 0.01
0 0.775971 0.570017 0.01 0.01
0 0.784520 0.570017 0.01 0.01
0 0.789507 0.580704 0.01 0.01
0 0.801618 0.572154 0.01 0.01
0 0.667680 0.612763 0.01 0.01
0 0.662693 0.633424 0.01 0.01
0 0.647732 0.631286 0.01 0.01
0 0.632059 0.656222 0.01 0.01
0 0.653432 0.654084 0.01 0.01
0 0.649157 0.667621 0.01 0.01
0 0.622085 0.680444 0.01 0.01
0 0.606411 0.703242 0.01 0.01
0 0.607123 0.666196 0.01 0.01
0 0.624222 0.701105 0.01 0.01
0 0.645595 0.691131 0.01 0.01
0 0.664831 0.700393 0.01 0.01
0 0.665543 0.666196 0.01 0.01
0 0.675517 0.666196 0.01 0.01
0 0.677654 0.649810 0.01 0.01
0 0.683354 0.639123 0.01 0.01
0 0.679792 0.628437 0.01 0.01
0 0.689053 0.609201 0.01 0.01
0 0.699028 0.624875 0.01 0.01
0 0.700452 0.605639 0.01 0.01
0 0.705439 0.621312 0.01 0.01
0 0.708289 0.656934 0.01 0.01
0 0.694753 0.656934 0.01 0.01
0 0.694040 0.671183 0.01 0.01
0 0.682641 0.686856 0.01 0.01
0 0.692616 0.709654 0.01 0.01
0 0.696178 0.688994 0.01 0.01
0 0.705439 0.682582 0.01 0.01
0 0.712564 0.674033 0.01 0.01
0 0.730375 0.645535 0.01 0.01
0 0.731087 0.619887 0.01 0.01
0 0.718976 0.624875 0.01 0.01
0 0.737499 0.605639 0.01 0.01
0 0.745336 0.602789 0.01 0.01
0 0.753173 0.605639 0.01 0.01
0 0.763859 0.606351 0.01 0.01
0 0.759585 0.593527 0.01 0.01
0 0.776683 0.594952 0.01 0.01
0 0.788794 0.604926 0.01 0.01
0 0.775258 0.624875 0.01 0.01
0 0.762434 0.628437 0.01 0.01
0 0.744623 0.641973 0.01 0.01
0 0.736074 0.652659 0.01 0.01
0 0.734649 0.667621 0.01 0.01
0 0.724675 0.684007 0.01 0.01
0 0.737499 0.687569 0.01 0.01
0 0.738924 0.709654 0.01 0.01
0 0.713276 0.713216 0.01 0.01
0 0.704015 0.706092 0.01 0.01
0 0.745336 0.696118 0.01 0.01
0 0.757447 0.689706 0.01 0.01
0 0.764572 0.678307 0.01 0.01
0 0.751035 0.662634 0.01 0.01
0 0.759585 0.643398 0.01 0.01
0 0.767421 0.651235 0.01 0.01
0 0.786657 0.627724 0.01 0.01
0 0.794494 0.624875 0.01 0.01
0 0.793069 0.638411 0.01 0.01
0 0.786657 0.659071 0.01 0.01
0 0.770271 0.664771 0.01 0.01
0 0.777395 0.680444 0.01 0.01
0 0.792357 0.689706 0.01 0.01
0 0.798056 0.704667 0.01 0.01
0 0.793781 0.669045 0.01 0.01
0 0.806605 0.666908 0.01 0.01
0 0.803755 0.649810 0.01 0.01
0 0.808030 0.616325 0.01 0.01
0 0.799481 0.610626 0.01 0.01
0 0.802331 0.599227 0.01 0.01
0 0.800906 0.591390 0.01 0.01
0 0.810167 0.596377 0.01 0.01
0 0.818004 0.595665 0.01 0.01
0 0.825129 0.597802 0.01 0.01
0 0.815867 0.572867 0.01 0.01
0 0.831540 0.575004 0.01 0.01
0 0.847214 0.572154 0.01 0.01
0 0.865737 0.581416 0.01 0.01
0 0.870012 0.587115 0.01 0.01
0 0.884261 0.594240 0.01 0.01
0 0.874999 0.573579 0.01 0.01
0 0.884973 0.576429 0.01 0.01
0 0.857188 0.567167 0.01 0.01
0 0.857901 0.574292 0.01 0.01
0 0.848639 0.585691 0.01 0.01
0 0.835815 0.597802 0.01 0.01
0 0.835815 0.609913 0.01 0.01
0 0.826553 0.624875 0.01 0.01
0 0.823704 0.638411 0.01 0.01
0 0.808030 0.641973 0.01 0.01
0 0.825129 0.648385 0.01 0.01
0 0.836528 0.656222 0.01 0.01
0 0.835815 0.641261 0.01 0.01
0 0.842227 0.623450 0.01 0.01
0 0.850776 0.619887 0.01 0.01
0 0.847214 0.609201 0.01 0.01
0 0.860750 0.595665 0.01 0.01
0 0.852201 0.596377 0.01 0.01
0 0.865025 0.610626 0.01 0.01
0 0.874287 0.604214 0.01 0.01
0 0.877136 0.619887 0.01 0.01
0 0.882836 0.610626 0.01 0.01
0 0.865025 0.632711 0.01 0.01
0 0.854338 0.641973 0.01 0.01
0 0.858613 0.660496 0.01 0.01
0 0.842227 0.687569 0.01 0.01
0 0.839377 0.674745 0.01 0.01
0 0.820141 0.668333 0.01 0.01
0 0.817292 0.691131 0.01 0.01
0 0.763859 0.709654 0.01 0.01
0 0.769559 0.695406 0.01 0.01
0 0.803755 0.739577 0.01 0.01
0 0.776683 0.706092 0.01 0.01
0 0.820141 0.711792 0.01 0.01
0 0.809455 0.715354 0.01 0.01
0 0.830116 0.705380 0.01 0.01
0 0.835815 0.700393 0.01 0.01
0 0.841515 0.736014 0.01 0.01
0 0.852201 0.716779 0.01 0.01
0 0.857901 0.696118 0.01 0.01
0 0.866450 0.684719 0.01 0.01
0 0.884261 0.679020 0.01 0.01
0 0.875711 0.663346 0.01 0.01
0 0.875711 0.636986 0.01 0.01
0 0.888535 0.667621 0.01 0.01
0 0.893522 0.720341 0.01 0.01
0 0.884261 0.708229 0.01 0.01
0 0.865025 0.733877 0.01 0.01
0 0.865737 0.712504 0.01 0.01
0 0.874287 0.697543 0.01 0.01
0 0.128534 0.734233 0.01 0.01
0 0.130671 0.709298 0.01 0.01
0 0.144207 0.705736 0.01 0.01
0 0.176267 0.717847 0.01 0.01
0 0.201202 0.718560 0.01 0.01
0 0.209039 0.781254 0.01 0.01
0 0.080801 0.802627 0.01 0.01
0 0.035205 0.791228 0.01 0.01
0 0.235399 0.714285 0.01 0.01
0 0.251785 0.707161 0.01 0.01
0 0.254635 0.725684 0.01 0.01
0 0.278145 0.729246 0.01 0.01
0 0.278858 0.707873 0.01 0.01
0 0.298093 0.714285 0.01 0.01
0 0.324454 0.708586 0.01 0.01
0 0.297381 0.703599 0.01 0.01
0 0.348676 0.708586 0.01 0.01
0 0.354376 0.687925 0.01 0.01
0 0.375749 0.714998 0.01 0.01
0 0.406384 0.719272 0.01 0.01
0 0.393560 0.700749 0.01 0.01
0 0.456966 0.784104 0.01 0.01
0 0.427044 0.800490 0.01 0.01
0 0.508262 0.744920 0.01 0.01
0 0.519661 0.745632 0.01 0.01
0 0.129246 0.804764 0.01 0.01
0 0.487882 0.809751 0.01 0.01
0 0.523504 0.817588 0.01 0.01
0 0.728685 0.729246 0.01 0.01
0 0.914998 0.724972 0.01 0.01
0 0.902174 0.705736 0.01 0.01
0 0.907873 0.494143 0.01 0.01
0 0.918560 0.499842 0.01 0.01
0 0.933521 0.494855 0.01 0.01
0 0.942783 0.514091 0.01 0.01
0 0.927821 0.508391 0.01 0.01
0 0.910011 0.511954 0.01 0.01
0 0.905736 0.529764 0.01 0.01
0 0.911435 0.541876 0.01 0.01
0 0.912860 0.567523 0.01 0.01
0 0.914285 0.551137 0.01 0.01
0 0.907873 0.549713 0.01 0.01
0 0.924972 0.582485 0.01 0.01
0 0.919985 0.569661 0.01 0.01
0 0.927109 0.562536 0.01 0.01
0 0.922834 0.550425 0.01 0.01
0 0.923547 0.539026 0.01 0.01
0 0.932808 0.540451 0.01 0.01
0 0.937083 0.551850 0.01 0.01
0 0.941358 0.541163 0.01 0.01
0 0.946345 0.536889 0.01 0.01
0 0.942783 0.529052 0.01 0.01
0 0.957031 0.529052 0.01 0.01
0 0.956319 0.518365 0.01 0.01
0 0.956319 0.506966 0.01 0.01
0 0.958456 0.497705 0.01 0.01
0 0.968430 0.514091 0.01 0.01
0 0.964156 0.529052 0.01 0.01
0 0.964156 0.542588 0.01 0.01
0 0.959169 0.544013 0.01 0.01
0 0.976267 0.541876 0.01 0.01
0 0.981966 0.529764 0.01 0.01
0 0.978404 0.521928 0.01 0.01
0 0.984816 0.513378 0.01 0.01
0 0.979117 0.506966 0.01 0.01
0 0.949194 0.561112 0.01 0.01
0 0.933521 0.570373 0.01 0.01
0 0.936371 0.582485 0.01 0.01
0 0.944920 0.582485 0.01 0.01
0 0.956319 0.574648 0.01 0.01
0 0.959169 0.554700 0.01 0.01
0 0.967718 0.553275 0.01 0.01
0 0.974842 0.556125 0.01 0.01
0 0.978404 0.573223 0.01 0.01
0 0.980542 0.563249 0.01 0.01
0 0.990516 0.570373 0.01 0.01
0 0.988378 0.556125 0.01 0.01
0 0.967718 0.573223 0.01 0.01
0 0.964156 0.591746 0.01 0.01
0 0.947057 0.591746 0.01 0.01
0 0.932808 0.593171 0.01 0.01
0 0.903599 0.605283 0.01 0.01
0 0.896474 0.595308 0.01 0.01
0 0.917847 0.628080 0.01 0.01
0 0.927821 0.603858 0.01 0.01
0 0.916422 0.601008 0.01 0.01
0 0.937795 0.607420 0.01 0.01
0 0.942070 0.601008 0.01 0.01
0 0.951332 0.601008 0.01 0.01
0 0.949194 0.610270 0.01 0.01
0 0.959881 0.621669 0.01 0.01
0 0.966293 0.606707 0.01 0.01
0 0.981254 0.590321 0.01 0.01
0 0.990516 0.595308 0.01 0.01
0 0.984104 0.613119 0.01 0.01
0 0.977692 0.621669 0.01 0.01
0 0.965580 0.634492 0.01 0.01
0 0.957031 0.628080 0.01 0.01
0 0.936371 0.619531 0.01 0.01
0 0.931384 0.644466 0.01 0.01
0 0.912860 0.640904 0.01 0.01
0 0.924972 0.637342 0.01 0.01
0 0.945632 0.642329 0.01 0.01
0 0.950619 0.654441 0.01 0.01
0 0.955606 0.644466 0.01 0.01
0 0.976979 0.645179 0.01 0.01
0 0.962018 0.659428 0.01 0.01
0 0.940645 0.655865 0.01 0.01
0 0.925684 0.654441 0.01 0.01
0 0.914998 0.655153 0.01 0.01
0 0.907873 0.658715 0.01 0.01
0 0.901461 0.672964 0.01 0.01
0 0.896474 0.650878 0.01 0.01
0 0.906448 0.631643 0.01 0.01
0 0.902886 0.622381 0.01 0.01
0 0.914285 0.677951 0.01 0.01
0 0.916422 0.696474 0.01 0.01
0 0.933521 0.701461 0.01 0.01
0 0.939933 0.671539 0.01 0.01
0 0.929246 0.670827 0.01 0.01
0 0.969143 0.680088 0.01 0.01
0 0.954182 0.685788 0.01 0.01
0 0.965580 0.698612 0.01 0.01
0 0.992653 0.677239 0.01 0.01
0 0.974842 0.723547 0.01 0.01
0 0.949194 0.715710 0.01 0.01
0 0.929959 0.733521 0.01 0.01
0 0.948482 0.770568 0.01 0.01
0 0.965580 0.739220 0.01 0.01
0 0.990516 0.735658 0.01 0.01
0 0.972705 0.769855 0.01 0.01
0 0.776137 0.424680 0.01 0.01
0 0.781837 0.423255 0.01 0.01
0 0.783974 0.416131 0.01 0.01
0 0.760464 0.418268 0.01 0.01
0 0.026563 0.433229 0.01 0.01
0 0.033688 0.433942 0.01 0.01
0 0.043662 0.433942 0.01 0.01
0 0.050786 0.429667 0.01 0.01
0 0.056486 0.432517 0.01 0.01
0 0.068597 0.429667 0.01 0.01
0 0.077859 0.429667 0.01 0.01
0 0.030126 0.453890 0.01 0.01
0 0.146253 0.451040 0.01 0.01
0 0.173325 0.446053 0.01 0.01
0 0.081421 0.501623 0.01 0.01
0 0.070734 0.496636 0.01 0.01
0 0.052211 0.482387 0.01 0.01
0 0.634007 0.642685 0.01 0.01
0 0.691001 0.567167 0.01 0.01
0 0.495438 0.503048 0.01 0.01
0 0.506125 0.488799 0.01 0.01
0 0.496150 0.477400 0.01 0.01
0 0.496150 0.490224 0.01 0.01
0 0.487601 0.488799 0.01 0.01
0 0.466228 0.485237 0.01 0.01
0 0.467653 0.475263 0.01 0.01
0 0.432744 0.456027 0.01 0.01
0 0.369337 0.445341 0.01 0.01
0 0.534615 0.560043 0.01 0.01
0 0.542452 0.557193 0.01 0.01
0 0.565962 0.605639 0.01 0.01
0 0.553138 0.607064 0.01 0.01
0 0.539602 0.602077 0.01 0.01
0 0.665703 0.604214 0.01 0.01
0 0.657154 0.599227 0.01 0.01
0 0.741221 0.624162 0.01 0.01
0 0.578073 0.615613 0.01 0.01
0 0.580211 0.609201 0.01 0.01
0 0.487594 0.553631 0.01 0.01
0 0.486169 0.546507 0.01 0.01
0 0.481182 0.553631 0.01 0.01
0 0.429174 0.585691 0.01 0.01
0 0.419913 0.621312 0.01 0.01
0 0.403527 0.600652 0.01 0.01
0 0.756182 0.466001 0.01 0.01
0 0.540687 0.423968 0.01 0.01
0 0.528576 0.421830 0.01 0.01
0 0.549236 0.433229 0.01 0.01
0 0.524301 0.435367 0.01 0.01
0 0.447358 0.438929 0.01 0.01
0 0.356879 0.452465 0.01 0.01
0 0.370415 0.430380 0.01 0.01
0 0.604094 0.485950 0.01 0.01
0 0.622617 0.485237 0.01 0.01
0 0.639003 0.481675 0.01 0.01
0 0.720221 0.470989 0.01 0.01
0 0.678187 0.450328 0.01 0.01
0 0.676762 0.459590 0.01 0.01
0 0.580583 0.466001 0.01 0.01
0 0.420998 0.555768 0.01 0.01
0 0.401050 0.503761 0.01 0.01
0 0.157096 0.529408 0.01 0.01
0 0.144272 0.558618 0.01 0.01
0 0.060917 0.507323 0.01 0.01
0 0.050943 0.505898 0.01 0.01
0 0.043819 0.498773 0.01 0.01
0 0.172770 0.492362 0.01 0.01
0 0.328080 0.503048 0.01 0.01
0 0.328080 0.493786 0.01 0.01
0 0.318106 0.495924 0.01 0.01
0 0.387925 0.565030 0.01 0.01
0 0.392912 0.547219 0.01 0.01
0 0.439933 0.604926 0.01 0.01
0 0.426397 0.597802 0.01 0.01
0 0.420697 0.582841 0.01 0.01
0 0.288184 0.556481 0.01 0.01
0 0.134298 0.528696 0.01 0.01
0 0.144985 0.522996 0.01 0.01
0 0.273223 0.555768 0.01 0.01
0 0.268948 0.529408 0.01 0.01
0 0.155671 0.485237 0.01 0.01
0 0.130736 0.453890 0.01 0.01
0 0.115775 0.451753 0.01 0.01
0 0.060917 0.483100 0.01 0.01
0 0.074454 0.475263 0.01 0.01
0 0.039544 0.463864 0.01 0.01
0 0.049518 0.458165 0.01 0.01
0 0.053080 0.462439 0.01 0.01
0 0.020308 0.493074 0.01 0.01
0 0.021021 0.485950 0.01 0.01
0 0.258262 0.538670 0.01 0.01
0 0.400036 0.475263 0.01 0.01
0 0.410723 0.478113 0.01 0.01
0 0.395049 0.477400 0.01 0.01
0 0.391487 0.470989 0.01 0.01
0 0.336630 0.602077 0.01 0.01
0 0.316682 0.621312 0.01 0.01
0 0.470568 0.520147 0.01 0.01
0 0.460593 0.520859 0.01 0.01
0 0.471992 0.466001 0.01 0.01
0 0.471992 0.443916 0.01 0.01
0 0.466293 0.436792 0.01 0.01
0 0.279635 0.486662 0.01 0.01
0 0.261824 0.470989 0.01 0.01
0 0.266811 0.463152 0.01 0.01
0 0.544249 0.569661 0.01 0.01
0 0.596257 0.505542 0.01 0.01
0 0.524301 0.456384 0.01 0.01
0 0.490104 0.454959 0.01 0.01
0 0.471581 0.438573 0.01 0.01
0 0.591982 0.433586 0.01 0.01
0 0.667500 0.448547 0.01 0.01
0 0.678187 0.438573 0.01 0.01
0 0.666076 0.439285 0.01 0.01
0 0.670350 0.549713 0.01 0.01
0 0.755842 0.497705 0.01 0.01
0 0.755842 0.509104 0.01 0.01
0 0.747293 0.447122 0.01 0.01
0 0.598394 0.605283 0.01 0.01
0 0.544962 0.539026 0.01 0.01
0 0.586283 0.484169 0.01 0.01
0 0.584146 0.491293 0.01 0.01
0 0.574884 0.464933 0.01 0.01
0 0.466594 0.448547 0.01 0.01
0 0.456620 0.464220 0.01 0.01
0 0.711671 0.434298 0.01 0.01
0 0.747293 0.437860 0.01 0.01
0 0.748718 0.513378 0.01 0.01
0 0.572747 0.540451 0.01 0.01
0 0.565622 0.536176 0.01 0.01
0 0.528576 0.497705 0.01 0.01
0 0.468731 0.506254 0.01 0.01
0 0.460182 0.504829 0.01 0.01
0 0.320544 0.556125 0.01 0.01
0 0.320544 0.548288 0.01 0.01
0 0.393213 0.627368 0.01 0.01
0 0.403187 0.614544 0.01 0.01
0 0.590557 0.577498 0.01 0.01
0 0.604094 0.546863 0.01 0.01
0 0.650402 0.553275 0.01 0.01
0 0.692436 0.554700 0.01 0.01
0 0.713096 0.536889 0.01 0.01
0 0.776785 0.635917 0.01 0.01
0 0.769661 0.644466 0.01 0.01
0 0.863702 0.527627 0.01 0.01
0 0.895049 0.608845 0.01 0.01
0 0.811694 0.484169 0.01 0.01
0 0.704117 0.472770 0.01 0.01
