0 0.216941 0.654117 0.01 0.01
0 0.210464 0.770697 0.01 0.01
0 0.181319 0.850036 0.01 0.01
0 0.090645 0.817653 0.01 0.01
0 0.037213 0.906707 0.01 0.01
0 0.278469 0.895373 0.01 0.01
0 0.314091 0.825749 0.01 0.01
0 0.357808 0.697834 0.01 0.01
0 0.294661 0.610399 0.01 0.01
0 0.160270 0.612018 0.01 0.01
0 0.053404 0.586112 0.01 0.01
0 0.101979 0.569920 0.01 0.01
0 0.119790 0.487342 0.01 0.01
0 0.051785 0.450101 0.01 0.01
0 0.216941 0.510011 0.01 0.01
0 0.150555 0.461435 0.01 0.01
0 0.186176 0.377239 0.01 0.01
0 0.260658 0.451720 0.01 0.01
0 0.314091 0.448482 0.01 0.01
0 0.375619 0.568301 0.01 0.01
0 0.422575 0.506772 0.01 0.01
0 0.364285 0.440386 0.01 0.01
0 0.500295 0.513249 0.01 0.01
0 0.479246 0.584492 0.01 0.01
0 0.488961 0.668689 0.01 0.01
0 0.506772 0.754505 0.01 0.01
0 0.488961 0.913184 0.01 0.01
0 0.600684 0.896992 0.01 0.01
0 0.731837 0.744790 0.01 0.01
0 0.799842 0.803080 0.01 0.01
0 0.853275 0.796604 0.01 0.01
0 0.654117 0.757744 0.01 0.01
0 0.633068 0.587731 0.01 0.01
0 0.730218 0.644402 0.01 0.01
0 0.722122 0.592588 0.01 0.01
0 0.726979 0.545632 0.01 0.01
0 0.796604 0.555347 0.01 0.01
0 0.882420 0.584492 0.01 0.01
0 0.986047 0.749648 0.01 0.01
0 0.994143 0.642783 0.01 0.01
0 1.175490 0.702692 0.01 0.01
0 1.177109 0.803080 0.01 0.01
0 1.052433 0.832226 0.01 0.01
0 1.122057 0.634687 0.01 0.01
0 1.214350 0.587731 0.01 0.01
0 1.206254 0.513249 0.01 0.01
0 1.096150 0.505153 0.01 0.01
0 0.981189 0.553728 0.01 0.01
0 0.999000 0.527821 0.01 0.01
0 0.924518 0.459816 0.01 0.01
0 0.880801 0.508391 0.01 0.01
0 0.816034 0.476008 0.01 0.01
0 0.820891 0.442005 0.01 0.01
0 0.867847 0.375619 0.01 0.01
0 0.746409 0.398288 0.01 0.01
0 0.785270 0.429052 0.01 0.01
0 0.662213 0.352951 0.01 0.01
0 0.594207 0.372381 0.01 0.01
0 0.542394 0.357808 0.01 0.01
0 0.469531 0.390192 0.01 0.01
0 0.492200 0.385334 0.01 0.01
0 0.574777 0.505153 0.01 0.01
0 0.671928 0.574777 0.01 0.01
0 0.406384 0.365904 0.01 0.01
0 0.341617 0.336759 0.01 0.01
0 0.299518 0.330283 0.01 0.01
0 0.273612 0.377239 0.01 0.01
0 0.135982 0.335140 0.01 0.01
0 0.046928 0.338378 0.01 0.01
0 0.035593 0.260658 0.01 0.01
0 0.066358 0.275231 0.01 0.01
0 0.098741 0.244466 0.01 0.01
0 0.140840 0.278469 0.01 0.01
0 0.186176 0.247705 0.01 0.01
0 0.158650 0.208845 0.01 0.01
0 0.213702 0.203987 0.01 0.01
0 0.293042 0.249324 0.01 0.01
0 0.325425 0.210464 0.01 0.01
0 0.386954 0.189415 0.01 0.01
0 0.432290 0.218560 0.01 0.01
0 0.419337 0.294661 0.01 0.01
0 0.367523 0.286565 0.01 0.01
0 0.461435 0.291422 0.01 0.01
0 0.558586 0.283327 0.01 0.01
0 0.555347 0.239609 0.01 0.01
0 0.493819 0.250943 0.01 0.01
0 0.518106 0.218560 0.01 0.01
0 0.662213 0.276850 0.01 0.01
0 0.634687 0.225036 0.01 0.01
0 0.694596 0.231513 0.01 0.01
0 0.731837 0.257420 0.01 0.01
0 0.733456 0.310852 0.01 0.01
0 0.791746 0.310852 0.01 0.01
0 0.782031 0.265516 0.01 0.01
0 0.794985 0.242847 0.01 0.01
0 0.845179 0.229894 0.01 0.01
0 0.846798 0.314091 0.01 0.01
0 0.909946 0.361047 0.01 0.01
0 0.948806 0.262277 0.01 0.01
0 0.890516 0.278469 0.01 0.01
0 1.031384 0.263897 0.01 0.01
0 1.057290 0.333521 0.01 0.01
0 1.031384 0.369143 0.01 0.01
0 1.000619 0.372381 0.01 0.01
0 0.986047 0.323806 0.01 0.01
0 0.976332 0.430671 0.01 0.01
0 1.067005 0.412860 0.01 0.01
0 1.120438 0.443625 0.01 0.01
0 1.233780 0.458197 0.01 0.01
0 1.188443 0.335140 0.01 0.01
0 1.128534 0.314091 0.01 0.01
0 1.067005 0.254182 0.01 0.01
0 1.083197 0.216941 0.01 0.01
0 1.113961 0.205606 0.01 0.01
0 1.207873 0.225036 0.01 0.01
0 1.170632 0.184557 0.01 0.01
0 1.139868 0.145697 0.01 0.01
0 0.961759 0.200749 0.01 0.01
0 0.984428 0.194272 0.01 0.01
0 0.874324 0.173223 0.01 0.01
0 0.817653 0.166746 0.01 0.01
0 0.911565 0.161889 0.01 0.01
0 0.952044 0.153793 0.01 0.01
0 0.979570 0.150555 0.01 0.01
0 1.042718 0.144078 0.01 0.01
0 1.089674 0.089026 0.01 0.01
0 1.186824 0.139220 0.01 0.01
0 1.207873 0.148935 0.01 0.01
0 1.225684 0.103599 0.01 0.01
0 1.084816 0.059881 0.01 0.01
0 1.015192 0.095503 0.01 0.01
0 0.911565 0.110075 0.01 0.01
0 0.871086 0.113314 0.01 0.01
0 0.850036 0.121409 0.01 0.01
0 0.715645 0.153793 0.01 0.01
0 0.739933 0.137601 0.01 0.01
0 0.767459 0.135982 0.01 0.01
0 0.616876 0.187795 0.01 0.01
0 0.602303 0.144078 0.01 0.01
0 0.649259 0.155412 0.01 0.01
0 0.660593 0.116552 0.01 0.01
0 0.636306 0.119790 0.01 0.01
0 0.681643 0.071215 0.01 0.01
0 0.728599 0.072834 0.01 0.01
0 0.764220 0.085788 0.01 0.01
0 0.790127 0.051785 0.01 0.01
0 0.845179 0.064739 0.01 0.01
0 0.867847 0.035593 0.01 0.01
0 0.906707 0.059881 0.01 0.01
0 0.940710 0.067977 0.01 0.01
0 0.935852 0.035593 0.01 0.01
0 1.191682 0.040451 0.01 0.01
0 0.179700 0.163508 0.01 0.01
0 0.110075 0.168365 0.01 0.01
0 0.064739 0.137601 0.01 0.01
0 0.025878 0.173223 0.01 0.01
0 0.076073 0.194272 0.01 0.01
0 0.097122 0.116552 0.01 0.01
0 0.100360 0.090645 0.01 0.01
0 0.008068 0.093884 0.01 0.01
0 0.038832 0.105218 0.01 0.01
0 0.030736 0.063119 0.01 0.01
0 0.089026 0.046928 0.01 0.01
0 0.126267 0.055023 0.01 0.01
0 0.127886 0.017783 0.01 0.01
0 0.147316 0.021021 0.01 0.01
0 0.218560 0.061500 0.01 0.01
0 0.223417 0.038832 0.01 0.01
0 0.200749 0.016163 0.01 0.01
0 0.236371 0.024259 0.01 0.01
0 0.278469 0.032355 0.01 0.01
0 0.327044 0.097122 0.01 0.01
0 0.268754 0.114933 0.01 0.01
0 0.294661 0.168365 0.01 0.01
0 0.344855 0.144078 0.01 0.01
0 0.382096 0.132744 0.01 0.01
0 0.430671 0.129505 0.01 0.01
0 0.395049 0.093884 0.01 0.01
0 0.433909 0.080930 0.01 0.01
0 0.484104 0.069596 0.01 0.01
0 0.335140 0.076073 0.01 0.01
0 0.315710 0.017783 0.01 0.01
0 0.344855 0.022640 0.01 0.01
0 0.377239 0.025878 0.01 0.01
0 0.430671 0.035593 0.01 0.01
0 0.442005 0.009687 0.01 0.01
0 0.501915 0.011306 0.01 0.01
0 0.529441 0.055023 0.01 0.01
0 0.539156 0.092264 0.01 0.01
0 0.589350 0.087407 0.01 0.01
0 0.573158 0.059881 0.01 0.01
0 0.618495 0.050166 0.01 0.01
0 0.553728 0.017783 0.01 0.01
0 0.649259 0.024259 0.01 0.01
0 0.717264 0.022640 0.01 0.01
0 0.754505 0.021021 0.01 0.01
0 0.838702 0.009687 0.01 0.01
0 0.890516 0.022640 0.01 0.01
0 0.968236 0.056643 0.01 0.01
0 1.021669 0.033974 0.01 0.01
0 1.045956 0.056643 0.01 0.01
0 0.019402 0.017783 0.01 0.01
0 0.169985 0.092264 0.01 0.01
0 0.178080 0.118171 0.01 0.01
0 0.751267 0.195891 0.01 0.01
0 1.039479 0.773935 0.01 0.01
0 1.128534 0.576397 0.01 0.01
0 1.024907 0.618495 0.01 0.01
0 1.073482 0.600684 0.01 0.01
