0 0.063994 0.866066 0.01 0.01
0 0.269175 0.849486 0.01 0.01
0 0.387310 0.797672 0.01 0.01
0 0.457776 0.812180 0.01 0.01
0 0.582128 0.754149 0.01 0.01
0 0.538605 0.658812 0.01 0.01
0 0.449486 0.698191 0.01 0.01
0 0.623579 0.903372 0.01 0.01
0 0.627724 0.720989 0.01 0.01
0 0.706481 0.747932 0.01 0.01
0 0.876429 0.841196 0.01 0.01
0 0.828761 0.700263 0.01 0.01
0 0.944823 0.799745 0.01 0.01
0 1.027724 0.685755 0.01 0.01
0 1.096118 0.710626 0.01 0.01
0 1.164512 0.741714 0.01 0.01
0 1.174875 0.911662 0.01 0.01
0 1.230833 0.737569 0.01 0.01
0 1.293009 0.706481 0.01 0.01
0 1.257776 0.673320 0.01 0.01
0 1.363476 0.729279 0.01 0.01
0 1.338605 0.793527 0.01 0.01
0 1.390419 0.866066 0.01 0.01
0 1.531351 0.733424 0.01 0.01
0 1.442232 0.706481 0.01 0.01
0 1.535496 0.627724 0.01 0.01
0 1.585237 0.714771 0.01 0.01
0 0.169693 0.789382 0.01 0.01
0 0.061921 0.739641 0.01 0.01
0 0.093009 0.696118 0.01 0.01
0 0.020470 0.648450 0.01 0.01
0 0.117880 0.636014 0.01 0.01
0 0.161403 0.660885 0.01 0.01
0 0.217362 0.698191 0.01 0.01
0 0.227724 0.648450 0.01 0.01
0 0.258812 0.652595 0.01 0.01
0 0.320989 0.648450 0.01 0.01
0 0.393527 0.683683 0.01 0.01
0 0.584201 0.681610 0.01 0.01
0 0.596636 0.636014 0.01 0.01
0 0.648450 0.629797 0.01 0.01
0 0.706481 0.652595 0.01 0.01
0 0.720989 0.621507 0.01 0.01
0 0.747932 0.625652 0.01 0.01
0 0.772802 0.604926 0.01 0.01
0 0.849486 0.662957 0.01 0.01
0 0.828761 0.613216 0.01 0.01
0 0.880574 0.615289 0.01 0.01
0 0.907517 0.660885 0.01 0.01
0 0.957258 0.642232 0.01 0.01
0 0.932387 0.600781 0.01 0.01
0 0.959330 0.602854 0.01 0.01
0 0.994564 0.627724 0.01 0.01
0 1.011144 0.613216 0.01 0.01
0 0.986273 0.598709 0.01 0.01
0 1.044305 0.600781 0.01 0.01
0 1.069175 0.644305 0.01 0.01
0 1.083683 0.596636 0.01 0.01
0 1.098191 0.631869 0.01 0.01
0 1.162439 0.652595 0.01 0.01
0 1.139641 0.623579 0.01 0.01
0 1.216325 0.609071 0.01 0.01
0 1.263994 0.636014 0.01 0.01
0 1.311662 0.598709 0.01 0.01
0 1.319952 0.660885 0.01 0.01
0 1.338605 0.627724 0.01 0.01
0 1.375911 0.652595 0.01 0.01
0 1.390419 0.598709 0.01 0.01
0 1.423579 0.596636 0.01 0.01
0 1.429797 0.650522 0.01 0.01
0 1.576947 0.619434 0.01 0.01
0 0.060367 0.621507 0.01 0.01
0 0.024097 0.597672 0.01 0.01
0 0.013735 0.598709 0.01 0.01
0 0.091455 0.610108 0.01 0.01
0 0.083165 0.582128 0.01 0.01
0 0.111144 0.581092 0.01 0.01
0 0.116325 0.596636 0.01 0.01
0 0.132906 0.617362 0.01 0.01
0 0.168139 0.616325 0.01 0.01
0 0.144305 0.588346 0.01 0.01
0 0.142232 0.577983 0.01 0.01
0 0.152595 0.582128 0.01 0.01
0 0.176429 0.582128 0.01 0.01
0 0.198191 0.587310 0.01 0.01
0 0.216843 0.605963 0.01 0.01
0 0.196118 0.609071 0.01 0.01
0 0.267621 0.610108 0.01 0.01
0 0.247932 0.609071 0.01 0.01
0 0.241714 0.576947 0.01 0.01
0 0.266584 0.583165 0.01 0.01
0 0.274875 0.580056 0.01 0.01
0 0.288346 0.605963 0.01 0.01
0 0.311144 0.612180 0.01 0.01
0 0.291455 0.636014 0.01 0.01
0 0.310108 0.590419 0.01 0.01
0 0.296636 0.576947 0.01 0.01
0 0.312180 0.576947 0.01 0.01
0 0.326688 0.597672 0.01 0.01
0 0.346377 0.598709 0.01 0.01
0 0.362957 0.612180 0.01 0.01
0 0.385755 0.611144 0.01 0.01
0 0.378501 0.593527 0.01 0.01
0 0.363994 0.588346 0.01 0.01
0 0.346377 0.585237 0.01 0.01
0 0.346377 0.579020 0.01 0.01
0 0.328761 0.576947 0.01 0.01
0 0.398191 0.576947 0.01 0.01
0 0.410626 0.591455 0.01 0.01
0 0.420989 0.604926 0.01 0.01
0 0.416843 0.628761 0.01 0.01
0 0.401299 0.612180 0.01 0.01
0 0.389900 0.647413 0.01 0.01
0 0.372284 0.637051 0.01 0.01
0 0.354667 0.628761 0.01 0.01
0 0.358812 0.656740 0.01 0.01
0 0.451040 0.610108 0.01 0.01
0 0.443786 0.595600 0.01 0.01
0 0.436533 0.582128 0.01 0.01
0 0.463476 0.584201 0.01 0.01
0 0.468657 0.613216 0.01 0.01
0 0.494564 0.585237 0.01 0.01
0 0.508035 0.600781 0.01 0.01
0 0.524615 0.619434 0.01 0.01
0 0.560885 0.594564 0.01 0.01
0 0.540159 0.590419 0.01 0.01
0 0.617880 0.585237 0.01 0.01
0 0.580574 0.585237 0.01 0.01
0 0.589900 0.583165 0.01 0.01
0 0.653113 0.577983 0.01 0.01
0 0.719434 0.584201 0.01 0.01
0 0.703890 0.556222 0.01 0.01
0 0.690419 0.625652 0.01 0.01
0 0.016584 0.584201 0.01 0.01
0 0.130574 0.590419 0.01 0.01
0 0.004667 0.586792 0.01 0.01
0 0.081351 0.637051 0.01 0.01
0 0.232128 0.591973 0.01 0.01
0 0.220211 0.578501 0.01 0.01
0 0.255410 0.582647 0.01 0.01
0 0.377690 0.575911 0.01 0.01
0 0.430539 0.573320 0.01 0.01
0 0.409296 0.570729 0.01 0.01
0 0.447638 0.570729 0.01 0.01
0 0.452301 0.584201 0.01 0.01
0 0.451783 0.620470 0.01 0.01
0 0.327431 0.613216 0.01 0.01
0 0.463543 0.569175 0.01 0.01
0 0.472352 0.576947 0.01 0.01
0 0.484787 0.572284 0.01 0.01
0 0.480124 0.590419 0.01 0.01
0 0.498777 0.570211 0.01 0.01
0 0.506031 0.566066 0.01 0.01
0 0.514839 0.576947 0.01 0.01
0 0.506031 0.573320 0.01 0.01
0 0.506031 0.581092 0.01 0.01
0 0.527274 0.574356 0.01 0.01
0 0.526756 0.566584 0.01 0.01
0 0.543336 0.585755 0.01 0.01
0 0.539709 0.574875 0.01 0.01
0 0.536600 0.562439 0.01 0.01
0 0.547999 0.568657 0.01 0.01
0 0.516911 0.560885 0.01 0.01
0 0.571316 0.568657 0.01 0.01
0 0.580642 0.562957 0.01 0.01
0 0.577015 0.558294 0.01 0.01
0 0.586860 0.569693 0.01 0.01
0 0.596704 0.563476 0.01 0.01
0 0.638155 0.569175 0.01 0.01
0 0.639709 0.560367 0.01 0.01
0 0.656808 0.563476 0.01 0.01
0 0.648518 0.561403 0.01 0.01
0 0.667689 0.563476 0.01 0.01
0 0.675461 0.568139 0.01 0.01
0 0.680124 0.576429 0.01 0.01
0 0.664580 0.579538 0.01 0.01
0 0.690486 0.593527 0.01 0.01
0 0.674424 0.614253 0.01 0.01
0 0.670797 0.646377 0.01 0.01
0 0.623129 0.626688 0.01 0.01
0 0.559917 0.620989 0.01 0.01
0 0.547481 0.622025 0.01 0.01
0 0.496704 0.638605 0.01 0.01
0 0.484787 0.611144 0.01 0.01
0 0.736614 0.560885 0.01 0.01
0 0.727806 0.559849 0.01 0.01
0 0.741796 0.555185 0.01 0.01
0 0.750086 0.574356 0.01 0.01
0 0.758894 0.569175 0.01 0.01
0 0.753713 0.555185 0.01 0.01
0 0.764075 0.566066 0.01 0.01
0 0.771329 0.572284 0.01 0.01
0 0.771329 0.557776 0.01 0.01
0 0.780656 0.569693 0.01 0.01
0 0.779619 0.557258 0.01 0.01
0 0.791018 0.563476 0.01 0.01
0 0.791018 0.553631 0.01 0.01
0 0.798790 0.555704 0.01 0.01
0 0.784801 0.556740 0.01 0.01
0 0.791018 0.575911 0.01 0.01
0 0.798790 0.583165 0.01 0.01
0 0.799309 0.603372 0.01 0.01
0 0.814335 0.584719 0.01 0.01
0 0.819516 0.575911 0.01 0.01
0 0.813298 0.567102 0.01 0.01
0 0.809153 0.557776 0.01 0.01
0 0.826770 0.556740 0.01 0.01
0 0.830915 0.560367 0.01 0.01
0 0.830397 0.578501 0.01 0.01
0 0.821588 0.565548 0.01 0.01
0 0.843350 0.581092 0.01 0.01
0 0.840759 0.573838 0.01 0.01
0 0.854749 0.568657 0.01 0.01
0 0.848531 0.565548 0.01 0.01
0 0.839723 0.556222 0.01 0.01
0 0.845423 0.553631 0.01 0.01
0 0.851640 0.556740 0.01 0.01
0 0.863039 0.581092 0.01 0.01
0 0.873920 0.576429 0.01 0.01
0 0.871329 0.562957 0.01 0.01
0 0.864594 0.559330 0.01 0.01
0 0.879101 0.563994 0.01 0.01
0 0.885319 0.569693 0.01 0.01
0 0.890500 0.580574 0.01 0.01
0 0.898272 0.600781 0.01 0.01
0 0.913298 0.582128 0.01 0.01
0 0.840759 0.595082 0.01 0.01
0 0.855785 0.597154 0.01 0.01
0 0.893609 0.568139 0.01 0.01
0 0.896200 0.559330 0.01 0.01
0 0.894127 0.553631 0.01 0.01
0 0.884801 0.560367 0.01 0.01
0 0.905008 0.563476 0.01 0.01
0 0.912262 0.567102 0.01 0.01
0 0.926252 0.575393 0.01 0.01
0 0.924697 0.563994 0.01 0.01
0 0.925215 0.557776 0.01 0.01
0 0.926252 0.551558 0.01 0.01
0 0.934024 0.560885 0.01 0.01
0 0.937651 0.575393 0.01 0.01
0 0.945941 0.572284 0.01 0.01
0 0.939205 0.563476 0.01 0.01
0 0.941278 0.557258 0.01 0.01
0 0.949568 0.561921 0.01 0.01
0 0.954749 0.557776 0.01 0.01
0 0.959412 0.560367 0.01 0.01
0 0.947495 0.553631 0.01 0.01
0 0.971329 0.576429 0.01 0.01
0 0.965630 0.564512 0.01 0.01
0 0.968221 0.556222 0.01 0.01
0 0.985319 0.579020 0.01 0.01
0 0.982728 0.566066 0.01 0.01
0 0.987910 0.554667 0.01 0.01
0 0.997754 0.556740 0.01 0.01
0 0.992055 0.567621 0.01 0.01
0 0.998272 0.579538 0.01 0.01
0 1.009153 0.576429 0.01 0.01
0 1.016407 0.570211 0.01 0.01
0 1.006044 0.563994 0.01 0.01
0 1.005008 0.556222 0.01 0.01
0 1.010708 0.553631 0.01 0.01
0 1.017443 0.553631 0.01 0.01
0 1.018998 0.561403 0.01 0.01
0 1.011744 0.562957 0.01 0.01
0 1.024179 0.569693 0.01 0.01
0 1.038687 0.566584 0.01 0.01
0 1.030915 0.556740 0.01 0.01
0 1.043868 0.558812 0.01 0.01
0 1.064285 0.585237 0.01 0.01
0 1.051332 0.570729 0.01 0.01
0 1.062731 0.562957 0.01 0.01
0 1.054959 0.557258 0.01 0.01
0 1.068430 0.556740 0.01 0.01
0 1.076202 0.569175 0.01 0.01
0 1.078275 0.555704 0.01 0.01
0 1.088637 0.552595 0.01 0.01
0 1.090710 0.558812 0.01 0.01
0 1.089155 0.571248 0.01 0.01
0 1.103145 0.562439 0.01 0.01
0 1.119207 0.558294 0.01 0.01
0 1.121798 0.585755 0.01 0.01
0 1.112990 0.600781 0.01 0.01
0 1.097964 0.584201 0.01 0.01
0 1.117135 0.619952 0.01 0.01
0 1.142005 0.603890 0.01 0.01
0 1.154440 0.585755 0.01 0.01
0 1.134751 0.580056 0.01 0.01
0 1.127497 0.568139 0.01 0.01
0 1.133715 0.559330 0.01 0.01
0 1.144596 0.555704 0.01 0.01
0 1.150295 0.563994 0.01 0.01
0 1.160658 0.566066 0.01 0.01
0 1.172575 0.568139 0.01 0.01
0 1.172575 0.585755 0.01 0.01
0 1.195373 0.575393 0.01 0.01
0 1.193819 0.603890 0.01 0.01
0 1.207808 0.658812 0.01 0.01
0 1.187601 0.620989 0.01 0.01
0 1.163767 0.603372 0.01 0.01
0 1.178793 0.604926 0.01 0.01
0 1.180865 0.569693 0.01 0.01
0 1.183456 0.560885 0.01 0.01
0 1.194855 0.561403 0.01 0.01
0 1.207808 0.560885 0.01 0.01
0 1.214026 0.554667 0.01 0.01
0 1.225425 0.559849 0.01 0.01
0 1.230088 0.567621 0.01 0.01
0 1.243041 0.601818 0.01 0.01
0 1.138533 0.687828 0.01 0.01
0 1.227134 0.673838 0.01 0.01
0 1.263403 0.606999 0.01 0.01
0 1.256149 0.590419 0.01 0.01
0 1.247859 0.577983 0.01 0.01
0 1.241123 0.570729 0.01 0.01
0 1.241641 0.558294 0.01 0.01
0 1.255113 0.565030 0.01 0.01
0 1.256149 0.573838 0.01 0.01
0 1.265476 0.583683 0.01 0.01
0 1.278947 0.590419 0.01 0.01
0 1.274284 0.574875 0.01 0.01
0 1.267030 0.560885 0.01 0.01
0 1.279465 0.560885 0.01 0.01
0 1.288792 0.569175 0.01 0.01
0 1.297082 0.568657 0.01 0.01
0 1.319880 0.570729 0.01 0.01
0 1.344750 0.558812 0.01 0.01
0 1.336460 0.581610 0.01 0.01
0 1.348895 0.593527 0.01 0.01
0 1.368584 0.577983 0.01 0.01
0 1.359776 0.575393 0.01 0.01
0 1.360812 0.564512 0.01 0.01
0 1.320916 0.562957 0.01 0.01
0 1.311071 0.566066 0.01 0.01
0 1.377393 0.566584 0.01 0.01
0 1.391382 0.570729 0.01 0.01
0 1.410035 0.563994 0.01 0.01
0 1.422989 0.561921 0.01 0.01
0 1.443714 0.563994 0.01 0.01
0 1.459071 0.626688 0.01 0.01
0 1.491714 0.636014 0.01 0.01
0 1.483424 0.602854 0.01 0.01
0 1.469434 0.582647 0.01 0.01
0 1.479279 0.565030 0.01 0.01
0 1.463735 0.562439 0.01 0.01
0 1.475652 0.557258 0.01 0.01
0 1.507776 0.587310 0.01 0.01
0 1.486014 0.577983 0.01 0.01
0 1.498450 0.563476 0.01 0.01
0 1.507258 0.562957 0.01 0.01
0 1.518657 0.564512 0.01 0.01
0 1.530056 0.563994 0.01 0.01
0 1.535755 0.582128 0.01 0.01
0 1.560108 0.568139 0.01 0.01
0 1.545600 0.567102 0.01 0.01
0 1.553890 0.561921 0.01 0.01
0 1.574097 0.565548 0.01 0.01
0 1.600522 0.618398 0.01 0.01
0 1.595341 0.656740 0.01 0.01
0 1.539900 0.678501 0.01 0.01
0 1.588605 0.572284 0.01 0.01
0 1.597932 0.565030 0.01 0.01
0 1.596895 0.577983 0.01 0.01
