0 0.234056 0.736623 0.01 0.01
0 0.291632 0.718553 0.01 0.01
0 0.212217 0.665682 0.01 0.01
0 0.316779 0.754693 0.01 0.01
0 0.316779 0.726585 0.01 0.01
0 0.324059 0.701153 0.01 0.01
0 0.329353 0.713199 0.01 0.01
0 0.318765 0.636235 0.01 0.01
0 0.403473 0.741308 0.01 0.01
0 0.389576 0.687768 0.01 0.01
0 0.399503 0.707176 0.01 0.01
0 0.029623 0.599426 0.01 0.01
0 0.099110 0.750678 0.01 0.01
0 0.078595 0.743316 0.01 0.01
0 0.135509 0.704499 0.01 0.01
0 0.154700 0.709184 0.01 0.01
0 0.217570 0.681075 0.01 0.01
0 0.144774 0.591395 0.01 0.01
0 0.128229 0.624188 0.01 0.01
0 0.120288 0.605449 0.01 0.01
0 0.079919 0.501714 0.01 0.01
0 0.071977 0.506399 0.01 0.01
0 0.175216 0.517107 0.01 0.01
0 0.177863 0.527146 0.01 0.01
0 0.179187 0.496360 0.01 0.01
0 0.151392 0.497029 0.01 0.01
0 0.193084 0.561278 0.01 0.01
0 0.210952 0.568640 0.01 0.01
0 0.212938 0.590056 0.01 0.01
0 0.165951 0.408018 0.01 0.01
0 0.030285 0.463566 0.01 0.01
0 0.019034 0.450181 0.01 0.01
0 0.013740 0.462228 0.01 0.01
0 0.443488 0.762055 0.01 0.01
0 0.407751 0.773433 0.01 0.01
0 0.381941 0.673713 0.01 0.01
0 0.354808 0.647612 0.01 0.01
0 0.424296 0.669698 0.01 0.01
0 0.444149 0.685760 0.01 0.01
0 0.446797 0.668359 0.01 0.01
0 0.485180 0.709184 0.01 0.01
0 0.508343 0.750009 0.01 0.01
0 0.528858 0.739970 0.01 0.01
0 0.526211 0.726585 0.01 0.01
0 0.539447 0.702491 0.01 0.01
0 0.536138 0.693791 0.01 0.01
0 0.554006 0.719892 0.01 0.01
0 0.552021 0.658320 0.01 0.01
0 0.512975 0.682414 0.01 0.01
0 0.513637 0.663005 0.01 0.01
0 0.517608 0.649620 0.01 0.01
0 0.516284 0.636904 0.01 0.01
0 0.509004 0.626865 0.01 0.01
0 0.536800 0.604110 0.01 0.01
0 0.301204 0.652966 0.01 0.01
0 0.315763 0.610803 0.01 0.01
0 0.326351 0.619503 0.01 0.01
0 0.324366 0.606788 0.01 0.01
0 0.333631 0.608126 0.01 0.01
0 0.342896 0.610134 0.01 0.01
0 0.336278 0.622850 0.01 0.01
0 0.360103 0.612142 0.01 0.01
0 0.361426 0.628873 0.01 0.01
0 0.343558 0.624857 0.01 0.01
0 0.390545 0.628204 0.01 0.01
0 0.413045 0.632889 0.01 0.01
0 0.400472 0.615488 0.01 0.01
0 0.389883 0.602103 0.01 0.01
0 0.377971 0.590056 0.01 0.01
0 0.374662 0.580017 0.01 0.01
0 0.368044 0.592064 0.01 0.01
0 0.350176 0.586041 0.01 0.01
0 0.329660 0.586041 0.01 0.01
0 0.328999 0.565963 0.01 0.01
0 0.323704 0.556593 0.01 0.01
0 0.319072 0.545885 0.01 0.01
0 0.327013 0.539193 0.01 0.01
0 0.336940 0.538523 0.01 0.01
0 0.340911 0.551908 0.01 0.01
0 0.385912 0.557932 0.01 0.01
0 0.395839 0.558601 0.01 0.01
0 0.404442 0.561278 0.01 0.01
0 0.389221 0.579348 0.01 0.01
0 0.402457 0.581356 0.01 0.01
0 0.407751 0.588718 0.01 0.01
0 0.413045 0.603441 0.01 0.01
0 0.418340 0.609465 0.01 0.01
0 0.448120 0.629542 0.01 0.01
0 0.465327 0.624857 0.01 0.01
0 0.460032 0.614819 0.01 0.01
0 0.460694 0.604110 0.01 0.01
0 0.443488 0.601433 0.01 0.01
0 0.466650 0.584033 0.01 0.01
0 0.460032 0.579348 0.01 0.01
0 0.452091 0.592064 0.01 0.01
0 0.438193 0.582025 0.01 0.01
0 0.479886 0.581356 0.01 0.01
0 0.479886 0.612811 0.01 0.01
0 0.493122 0.626865 0.01 0.01
0 0.464003 0.640250 0.01 0.01
0 0.517608 0.604780 0.01 0.01
0 0.503710 0.598087 0.01 0.01
0 0.495769 0.591395 0.01 0.01
0 0.490474 0.560609 0.01 0.01
0 0.488489 0.575332 0.01 0.01
0 0.516946 0.565294 0.01 0.01
0 0.382603 0.547224 0.01 0.01
0 0.375324 0.545216 0.01 0.01
0 0.364735 0.541200 0.01 0.01
0 0.358779 0.538523 0.01 0.01
0 0.351499 0.531161 0.01 0.01
0 0.417016 0.529823 0.01 0.01
0 0.434223 0.541870 0.01 0.01
0 0.471944 0.546554 0.01 0.01
0 0.487166 0.534508 0.01 0.01
0 0.480548 0.525807 0.01 0.01
0 0.467974 0.515099 0.01 0.01
0 0.454076 0.510414 0.01 0.01
0 0.447458 0.503722 0.01 0.01
0 0.441502 0.521792 0.01 0.01
0 0.433561 0.514430 0.01 0.01
0 0.411060 0.522461 0.01 0.01
0 0.392530 0.519784 0.01 0.01
0 0.316425 0.525138 0.01 0.01
0 0.293262 0.535846 0.01 0.01
0 0.297895 0.521792 0.01 0.01
0 0.293924 0.514430 0.01 0.01
0 0.307160 0.499706 0.01 0.01
0 0.300542 0.491675 0.01 0.01
0 0.322381 0.488998 0.01 0.01
0 0.354808 0.501045 0.01 0.01
0 0.372676 0.507737 0.01 0.01
0 0.346867 0.496360 0.01 0.01
0 0.337602 0.495022 0.01 0.01
0 0.332969 0.490337 0.01 0.01
0 0.354808 0.486321 0.01 0.01
0 0.391206 0.507737 0.01 0.01
0 0.423634 0.576671 0.01 0.01
0 0.259974 0.485652 0.01 0.01
0 0.273872 0.474944 0.01 0.01
0 0.280490 0.465574 0.01 0.01
0 0.289093 0.465574 0.01 0.01
0 0.296373 0.472267 0.01 0.01
0 0.280490 0.448843 0.01 0.01
0 0.260636 0.446835 0.01 0.01
0 0.271886 0.444158 0.01 0.01
0 0.270563 0.434788 0.01 0.01
0 0.241444 0.466913 0.01 0.01
0 0.281813 0.499706 0.01 0.01
0 0.235488 0.481636 0.01 0.01
0 0.242106 0.484313 0.01 0.01
0 0.250048 0.475613 0.01 0.01
0 0.281151 0.535846 0.01 0.01
0 0.315564 0.475613 0.01 0.01
0 0.324829 0.468251 0.01 0.01
0 0.317550 0.461559 0.01 0.01
0 0.316226 0.452858 0.01 0.01
0 0.307623 0.445497 0.01 0.01
0 0.299020 0.452858 0.01 0.01
0 0.299020 0.440142 0.01 0.01
0 0.287108 0.436127 0.01 0.01
0 0.307623 0.435458 0.01 0.01
0 0.323506 0.440812 0.01 0.01
0 0.327477 0.451520 0.01 0.01
0 0.335418 0.465574 0.01 0.01
0 0.368507 0.497699 0.01 0.01
0 0.366522 0.490337 0.01 0.01
0 0.362551 0.480967 0.01 0.01
0 0.363875 0.473605 0.01 0.01
0 0.357257 0.466243 0.01 0.01
0 0.366522 0.462228 0.01 0.01
0 0.377772 0.466913 0.01 0.01
0 0.366522 0.454197 0.01 0.01
0 0.351301 0.450851 0.01 0.01
0 0.366522 0.444158 0.01 0.01
0 0.357919 0.438804 0.01 0.01
0 0.396302 0.471598 0.01 0.01
0 0.404244 0.478959 0.01 0.01
0 0.421450 0.488329 0.01 0.01
0 0.420127 0.495691 0.01 0.01
0 0.406229 0.510414 0.01 0.01
0 0.403582 0.462897 0.01 0.01
0 0.397626 0.457543 0.01 0.01
0 0.390346 0.448843 0.01 0.01
0 0.426083 0.470928 0.01 0.01
0 0.413509 0.445497 0.01 0.01
0 0.400273 0.441481 0.01 0.01
0 0.539451 0.547558 0.01 0.01
0 0.547393 0.554251 0.01 0.01
0 0.515627 0.538189 0.01 0.01
0 0.535481 0.528819 0.01 0.01
0 0.528863 0.503387 0.01 0.01
0 0.524892 0.491341 0.01 0.01
0 0.499078 0.492010 0.01 0.01
0 0.508343 0.503387 0.01 0.01
0 0.490474 0.493348 0.01 0.01
0 0.480548 0.485317 0.01 0.01
0 0.475253 0.481971 0.01 0.01
0 0.449444 0.463232 0.01 0.01
0 0.451429 0.451854 0.01 0.01
0 0.459370 0.465240 0.01 0.01
0 0.474592 0.454531 0.01 0.01
0 0.485842 0.456539 0.01 0.01
0 0.490474 0.467247 0.01 0.01
0 0.497754 0.465240 0.01 0.01
0 0.506357 0.466578 0.01 0.01
0 0.510328 0.472601 0.01 0.01
0 0.505696 0.479294 0.01 0.01
0 0.518931 0.458547 0.01 0.01
0 0.510328 0.453193 0.01 0.01
0 0.503048 0.445831 0.01 0.01
0 0.538785 0.445831 0.01 0.01
0 0.525549 0.448508 0.01 0.01
0 0.530843 0.443823 0.01 0.01
0 0.536138 0.461893 0.01 0.01
0 0.541432 0.468586 0.01 0.01
0 0.542756 0.477286 0.01 0.01
0 0.553344 0.481302 0.01 0.01
0 0.546065 0.506064 0.01 0.01
0 0.553344 0.514095 0.01 0.01
0 0.516946 0.514095 0.01 0.01
0 0.468636 0.440477 0.01 0.01
0 0.461356 0.435123 0.01 0.01
0 0.479886 0.441816 0.01 0.01
0 0.482533 0.435123 0.01 0.01
0 0.489151 0.425753 0.01 0.01
0 0.496431 0.429100 0.01 0.01
0 0.495769 0.413707 0.01 0.01
0 0.490474 0.402999 0.01 0.01
0 0.522902 0.409022 0.01 0.01
0 0.544741 0.427092 0.01 0.01
0 0.554668 0.433115 0.01 0.01
0 0.555330 0.420399 0.01 0.01
0 0.540108 0.396975 0.01 0.01
0 0.530843 0.386267 0.01 0.01
0 0.548050 0.388275 0.01 0.01
0 0.558638 0.399652 0.01 0.01
0 0.430252 0.446500 0.01 0.01
0 0.430252 0.455870 0.01 0.01
0 0.435546 0.437800 0.01 0.01
0 0.428267 0.435792 0.01 0.01
0 0.448120 0.439808 0.01 0.01
0 0.436870 0.427092 0.01 0.01
0 0.426281 0.423076 0.01 0.01
0 0.448782 0.425084 0.01 0.01
0 0.459370 0.424415 0.01 0.01
0 0.469959 0.423076 0.01 0.01
0 0.469959 0.413707 0.01 0.01
0 0.466650 0.408353 0.01 0.01
0 0.462018 0.403668 0.01 0.01
0 0.448782 0.401660 0.01 0.01
0 0.448782 0.394968 0.01 0.01
0 0.369368 0.429100 0.01 0.01
0 0.360764 0.422407 0.01 0.01
0 0.336940 0.433115 0.01 0.01
0 0.332969 0.423076 0.01 0.01
0 0.346867 0.411699 0.01 0.01
0 0.361426 0.411030 0.01 0.01
0 0.366059 0.402329 0.01 0.01
0 0.370029 0.409022 0.01 0.01
0 0.379956 0.418392 0.01 0.01
0 0.385912 0.413038 0.01 0.01
0 0.378633 0.403668 0.01 0.01
0 0.397163 0.409691 0.01 0.01
0 0.400472 0.425753 0.01 0.01
0 0.411722 0.427092 0.01 0.01
0 0.411060 0.411699 0.01 0.01
0 0.420987 0.409022 0.01 0.01
0 0.425619 0.403668 0.01 0.01
0 0.434223 0.409691 0.01 0.01
0 0.438193 0.396975 0.01 0.01
0 0.431575 0.394968 0.01 0.01
0 0.415031 0.400322 0.01 0.01
0 0.410398 0.396306 0.01 0.01
0 0.394515 0.388275 0.01 0.01
0 0.389221 0.389614 0.01 0.01
0 0.375324 0.396306 0.01 0.01
0 0.368044 0.396306 0.01 0.01
0 0.447458 0.415715 0.01 0.01
0 0.328999 0.410360 0.01 0.01
0 0.309807 0.399652 0.01 0.01
0 0.318410 0.403668 0.01 0.01
0 0.350176 0.398314 0.01 0.01
0 0.348190 0.390952 0.01 0.01
0 0.346205 0.382252 0.01 0.01
0 0.332307 0.381582 0.01 0.01
0 0.376647 0.378236 0.01 0.01
0 0.404442 0.378905 0.01 0.01
0 0.405766 0.371544 0.01 0.01
0 0.411060 0.376898 0.01 0.01
0 0.419002 0.377567 0.01 0.01
0 0.418340 0.386936 0.01 0.01
0 0.436208 0.376898 0.01 0.01
0 0.432237 0.368867 0.01 0.01
0 0.442164 0.372882 0.01 0.01
0 0.449444 0.374890 0.01 0.01
0 0.467974 0.366859 0.01 0.01
0 0.462679 0.376898 0.01 0.01
0 0.471944 0.376898 0.01 0.01
0 0.476577 0.374221 0.01 0.01
0 0.477239 0.360835 0.01 0.01
0 0.483857 0.357489 0.01 0.01
0 0.483857 0.378236 0.01 0.01
0 0.495769 0.390952 0.01 0.01
0 0.501063 0.381582 0.01 0.01
0 0.509666 0.384929 0.01 0.01
0 0.509666 0.361505 0.01 0.01
0 0.499078 0.363512 0.01 0.01
0 0.517608 0.361505 0.01 0.01
0 0.528196 0.351466 0.01 0.01
0 0.523564 0.344104 0.01 0.01
0 0.529520 0.343435 0.01 0.01
0 0.541432 0.336742 0.01 0.01
0 0.546065 0.344773 0.01 0.01
0 0.550697 0.339419 0.01 0.01
0 0.553344 0.362843 0.01 0.01
0 0.485180 0.345443 0.01 0.01
0 0.475915 0.352135 0.01 0.01
0 0.497092 0.340088 0.01 0.01
0 0.467312 0.341427 0.01 0.01
0 0.460032 0.356151 0.01 0.01
0 0.452091 0.353474 0.01 0.01
0 0.443488 0.362174 0.01 0.01
0 0.426281 0.362843 0.01 0.01
0 0.415031 0.359497 0.01 0.01
0 0.410398 0.355481 0.01 0.01
0 0.423634 0.348789 0.01 0.01
0 0.417678 0.346781 0.01 0.01
0 0.432237 0.342096 0.01 0.01
0 0.430252 0.354812 0.01 0.01
0 0.439517 0.350797 0.01 0.01
0 0.446135 0.349458 0.01 0.01
0 0.438193 0.342766 0.01 0.01
0 0.433561 0.334734 0.01 0.01
0 0.430252 0.327373 0.01 0.01
0 0.438193 0.313987 0.01 0.01
0 0.442826 0.324696 0.01 0.01
0 0.444811 0.316664 0.01 0.01
0 0.448782 0.325365 0.01 0.01
0 0.453414 0.322019 0.01 0.01
0 0.458047 0.313987 0.01 0.01
0 0.458047 0.328042 0.01 0.01
0 0.470621 0.330719 0.01 0.01
0 0.467312 0.324696 0.01 0.01
0 0.462679 0.318672 0.01 0.01
0 0.473930 0.320680 0.01 0.01
0 0.487827 0.332057 0.01 0.01
0 0.494445 0.334065 0.01 0.01
0 0.499078 0.328042 0.01 0.01
0 0.501063 0.321349 0.01 0.01
0 0.524226 0.326034 0.01 0.01
0 0.252345 0.416384 0.01 0.01
0 0.249036 0.402329 0.01 0.01
0 0.257639 0.408353 0.01 0.01
0 0.258301 0.390283 0.01 0.01
0 0.254330 0.382921 0.01 0.01
0 0.274184 0.381582 0.01 0.01
0 0.281463 0.381582 0.01 0.01
0 0.266904 0.388944 0.01 0.01
0 0.275507 0.413707 0.01 0.01
0 0.294037 0.428430 0.01 0.01
0 0.287419 0.417053 0.01 0.01
0 0.272198 0.424415 0.01 0.01
0 0.289405 0.398314 0.01 0.01
0 0.291390 0.407683 0.01 0.01
0 0.282125 0.391621 0.01 0.01
0 0.288081 0.391621 0.01 0.01
0 0.296023 0.384929 0.01 0.01
0 0.297346 0.377567 0.01 0.01
0 0.302640 0.387606 0.01 0.01
0 0.305949 0.393629 0.01 0.01
0 0.381393 0.370205 0.01 0.01
0 0.386687 0.376898 0.01 0.01
0 0.389334 0.368197 0.01 0.01
0 0.397938 0.364182 0.01 0.01
0 0.395952 0.352804 0.01 0.01
0 0.384702 0.344104 0.01 0.01
0 0.376099 0.356820 0.01 0.01
0 0.393305 0.342766 0.01 0.01
0 0.390658 0.334734 0.01 0.01
0 0.396614 0.330050 0.01 0.01
0 0.400585 0.338081 0.01 0.01
0 0.405217 0.344773 0.01 0.01
0 0.401247 0.324696 0.01 0.01
0 0.405879 0.322019 0.01 0.01
0 0.408526 0.315326 0.01 0.01
0 0.414482 0.327373 0.01 0.01
0 0.412497 0.311310 0.01 0.01
0 0.417791 0.304618 0.01 0.01
0 0.420438 0.318672 0.01 0.01
0 0.386687 0.323357 0.01 0.01
0 0.389334 0.316664 0.01 0.01
0 0.379408 0.319341 0.01 0.01
0 0.376761 0.326703 0.01 0.01
0 0.364187 0.330050 0.01 0.01
0 0.365510 0.323357 0.01 0.01
0 0.359554 0.314657 0.01 0.01
0 0.366172 0.316664 0.01 0.01
0 0.369481 0.312649 0.01 0.01
0 0.374775 0.304618 0.01 0.01
0 0.385364 0.300602 0.01 0.01
0 0.384040 0.293240 0.01 0.01
0 0.378746 0.295917 0.01 0.01
0 0.402570 0.303279 0.01 0.01
0 0.391982 0.294579 0.01 0.01
0 0.399923 0.295248 0.01 0.01
0 0.391982 0.305287 0.01 0.01
0 0.425071 0.309972 0.01 0.01
0 0.431027 0.312649 0.01 0.01
0 0.446248 0.297256 0.01 0.01
0 0.382717 0.282532 0.01 0.01
0 0.372790 0.290563 0.01 0.01
0 0.371466 0.285209 0.01 0.01
0 0.364187 0.284540 0.01 0.01
0 0.362201 0.291902 0.01 0.01
0 0.367495 0.359497 0.01 0.01
0 0.366172 0.368197 0.01 0.01
0 0.354260 0.372213 0.01 0.01
0 0.237785 0.401660 0.01 0.01
0 0.237124 0.388944 0.01 0.01
0 0.219917 0.376228 0.01 0.01
0 0.217932 0.386267 0.01 0.01
0 0.226535 0.393629 0.01 0.01
0 0.208005 0.368197 0.01 0.01
0 0.209990 0.355481 0.01 0.01
0 0.233815 0.362174 0.01 0.01
0 0.243080 0.369536 0.01 0.01
0 0.251021 0.358158 0.01 0.01
0 0.268889 0.368867 0.01 0.01
0 0.260286 0.360835 0.01 0.01
0 0.253668 0.346781 0.01 0.01
0 0.262271 0.352135 0.01 0.01
0 0.268228 0.352135 0.01 0.01
0 0.270213 0.359497 0.01 0.01
0 0.278154 0.364851 0.01 0.01
0 0.276169 0.352135 0.01 0.01
0 0.285434 0.366859 0.01 0.01
0 0.292714 0.373551 0.01 0.01
0 0.292052 0.366859 0.01 0.01
0 0.288081 0.356820 0.01 0.01
0 0.288743 0.350797 0.01 0.01
0 0.303964 0.355481 0.01 0.01
0 0.307935 0.359497 0.01 0.01
0 0.310582 0.366190 0.01 0.01
0 0.313891 0.372213 0.01 0.01
0 0.314553 0.356820 0.01 0.01
0 0.315214 0.350797 0.01 0.01
0 0.313891 0.332727 0.01 0.01
0 0.319847 0.340088 0.01 0.01
0 0.328450 0.357489 0.01 0.01
0 0.335068 0.362843 0.01 0.01
0 0.329774 0.370205 0.01 0.01
0 0.343009 0.374221 0.01 0.01
0 0.344995 0.360835 0.01 0.01
0 0.341686 0.351466 0.01 0.01
0 0.343671 0.342096 0.01 0.01
0 0.337053 0.340088 0.01 0.01
0 0.329774 0.339419 0.01 0.01
0 0.356907 0.340758 0.01 0.01
0 0.347642 0.332727 0.01 0.01
0 0.348965 0.320680 0.01 0.01
0 0.348965 0.309972 0.01 0.01
0 0.337053 0.305287 0.01 0.01
0 0.327788 0.317334 0.01 0.01
0 0.330435 0.312649 0.01 0.01
0 0.315876 0.309303 0.01 0.01
0 0.311905 0.321349 0.01 0.01
0 0.301979 0.332727 0.01 0.01
0 0.302640 0.340758 0.01 0.01
0 0.293375 0.346781 0.01 0.01
0 0.290728 0.339419 0.01 0.01
0 0.286096 0.337411 0.01 0.01
0 0.270875 0.334065 0.01 0.01
0 0.266242 0.329380 0.01 0.01
0 0.261610 0.325365 0.01 0.01
0 0.260286 0.319341 0.01 0.01
0 0.266242 0.315995 0.01 0.01
0 0.278816 0.317334 0.01 0.01
0 0.278816 0.326703 0.01 0.01
0 0.284772 0.332057 0.01 0.01
0 0.291390 0.330719 0.01 0.01
0 0.290066 0.321349 0.01 0.01
0 0.287419 0.315995 0.01 0.01
0 0.304626 0.326703 0.01 0.01
0 0.294037 0.305956 0.01 0.01
0 0.298008 0.302610 0.01 0.01
0 0.306611 0.299264 0.01 0.01
0 0.307935 0.292571 0.01 0.01
0 0.313229 0.289894 0.01 0.01
0 0.325803 0.297925 0.01 0.01
0 0.336392 0.298595 0.01 0.01
0 0.325141 0.281194 0.01 0.01
0 0.327788 0.275171 0.01 0.01
0 0.338377 0.272493 0.01 0.01
0 0.327127 0.287886 0.01 0.01
0 0.338377 0.283871 0.01 0.01
0 0.345657 0.284540 0.01 0.01
0 0.346318 0.293240 0.01 0.01
0 0.306611 0.277848 0.01 0.01
0 0.312567 0.279186 0.01 0.01
0 0.313891 0.271824 0.01 0.01
0 0.319847 0.278517 0.01 0.01
0 0.276831 0.275171 0.01 0.01
0 0.284772 0.284540 0.01 0.01
0 0.297346 0.295248 0.01 0.01
0 0.286758 0.294579 0.01 0.01
0 0.293375 0.289894 0.01 0.01
0 0.243396 0.360835 0.01 0.01
0 0.241411 0.350797 0.01 0.01
0 0.230160 0.346781 0.01 0.01
0 0.229499 0.338750 0.01 0.01
0 0.239425 0.344773 0.01 0.01
0 0.244720 0.343435 0.01 0.01
0 0.243396 0.335404 0.01 0.01
0 0.246705 0.327373 0.01 0.01
0 0.252661 0.333396 0.01 0.01
0 0.253985 0.313318 0.01 0.01
0 0.259279 0.306626 0.01 0.01
0 0.267882 0.310641 0.01 0.01
0 0.275824 0.309972 0.01 0.01
0 0.284427 0.302610 0.01 0.01
0 0.274500 0.299933 0.01 0.01
0 0.263250 0.299933 0.01 0.01
0 0.252661 0.301941 0.01 0.01
0 0.238102 0.301941 0.01 0.01
0 0.230822 0.303279 0.01 0.01
0 0.229499 0.310641 0.01 0.01
0 0.238764 0.312649 0.01 0.01
0 0.244058 0.318672 0.01 0.01
0 0.250014 0.320680 0.01 0.01
0 0.247367 0.312649 0.01 0.01
0 0.242734 0.309303 0.01 0.01
0 0.213616 0.332727 0.01 0.01
0 0.206998 0.329380 0.01 0.01
0 0.195748 0.330050 0.01 0.01
0 0.190453 0.330719 0.01 0.01
0 0.191115 0.337411 0.01 0.01
0 0.192439 0.344104 0.01 0.01
0 0.199057 0.354812 0.01 0.01
0 0.209645 0.348120 0.01 0.01
0 0.187806 0.348789 0.01 0.01
0 0.183835 0.340088 0.01 0.01
0 0.176556 0.340088 0.01 0.01
0 0.173909 0.333396 0.01 0.01
0 0.179865 0.322019 0.01 0.01
0 0.185821 0.315995 0.01 0.01
0 0.192439 0.311980 0.01 0.01
0 0.195748 0.305956 0.01 0.01
0 0.205674 0.301272 0.01 0.01
0 0.537891 0.172774 0.01 0.01
0 0.217587 0.308633 0.01 0.01
0 0.215601 0.301272 0.01 0.01
0 0.156040 0.318672 0.01 0.01
0 0.162658 0.318003 0.01 0.01
0 0.161996 0.327373 0.01 0.01
0 0.173247 0.326034 0.01 0.01
0 0.204351 0.316664 0.01 0.01
0 0.209645 0.316664 0.01 0.01
0 0.214939 0.315995 0.01 0.01
0 0.216925 0.327373 0.01 0.01
0 0.198395 0.324696 0.01 0.01
0 0.232146 0.372882 0.01 0.01
0 0.234131 0.384929 0.01 0.01
0 0.139496 0.310641 0.01 0.01
0 0.131554 0.311980 0.01 0.01
0 0.124275 0.311980 0.01 0.01
0 0.130893 0.327373 0.01 0.01
0 0.144128 0.327373 0.01 0.01
0 0.148761 0.323357 0.01 0.01
0 0.146114 0.311310 0.01 0.01
0 0.156040 0.310641 0.01 0.01
0 0.162658 0.309972 0.01 0.01
0 0.160673 0.305287 0.01 0.01
0 0.148099 0.303279 0.01 0.01
0 0.142143 0.296587 0.01 0.01
0 0.138834 0.303279 0.01 0.01
0 0.130893 0.303279 0.01 0.01
0 0.121627 0.300602 0.01 0.01
0 0.114348 0.297925 0.01 0.01
0 0.118980 0.292571 0.01 0.01
0 0.129569 0.290563 0.01 0.01
0 0.136849 0.291902 0.01 0.01
0 0.136187 0.285209 0.01 0.01
0 0.140819 0.287886 0.01 0.01
0 0.147437 0.291902 0.01 0.01
0 0.156702 0.289894 0.01 0.01
0 0.152070 0.284540 0.01 0.01
0 0.146775 0.282532 0.01 0.01
0 0.138172 0.279855 0.01 0.01
0 0.140819 0.274501 0.01 0.01
0 0.154055 0.272493 0.01 0.01
0 0.156702 0.280525 0.01 0.01
0 0.162658 0.285879 0.01 0.01
0 0.171261 0.289225 0.01 0.01
0 0.175894 0.287217 0.01 0.01
0 0.179865 0.282532 0.01 0.01
0 0.174570 0.277848 0.01 0.01
0 0.175232 0.271155 0.01 0.01
0 0.176556 0.263793 0.01 0.01
0 0.180526 0.271155 0.01 0.01
0 0.167291 0.271824 0.01 0.01
0 0.148761 0.267809 0.01 0.01
0 0.143466 0.266470 0.01 0.01
0 0.136849 0.265801 0.01 0.01
0 0.146114 0.260447 0.01 0.01
0 0.137510 0.259108 0.01 0.01
0 0.135525 0.253754 0.01 0.01
0 0.156702 0.261116 0.01 0.01
0 0.162658 0.264462 0.01 0.01
0 0.161996 0.258439 0.01 0.01
0 0.149423 0.254424 0.01 0.01
0 0.141481 0.251747 0.01 0.01
0 0.154717 0.255093 0.01 0.01
0 0.155379 0.246392 0.01 0.01
0 0.157364 0.239700 0.01 0.01
0 0.154717 0.234346 0.01 0.01
0 0.148099 0.229661 0.01 0.01
0 0.150746 0.224307 0.01 0.01
0 0.161996 0.224307 0.01 0.01
0 0.158688 0.228992 0.01 0.01
0 0.160673 0.235015 0.01 0.01
0 0.164644 0.242377 0.01 0.01
0 0.169276 0.249069 0.01 0.01
0 0.171261 0.239031 0.01 0.01
0 0.167953 0.224976 0.01 0.01
0 0.160673 0.217614 0.01 0.01
0 0.142143 0.223638 0.01 0.01
0 0.142805 0.216945 0.01 0.01
0 0.107730 0.203560 0.01 0.01
0 0.107730 0.218284 0.01 0.01
0 0.111039 0.198875 0.01 0.01
0 0.110377 0.208914 0.01 0.01
0 0.150746 0.216276 0.01 0.01
0 0.165967 0.220291 0.01 0.01
0 0.180526 0.241708 0.01 0.01
0 0.183174 0.251077 0.01 0.01
0 0.183835 0.234346 0.01 0.01
0 0.170600 0.213599 0.01 0.01
0 0.156702 0.208914 0.01 0.01
0 0.146775 0.206237 0.01 0.01
0 0.162658 0.212930 0.01 0.01
0 0.175232 0.219622 0.01 0.01
0 0.181188 0.224307 0.01 0.01
0 0.177218 0.231000 0.01 0.01
0 0.169938 0.230330 0.01 0.01
0 0.186483 0.228992 0.01 0.01
0 0.191777 0.226984 0.01 0.01
0 0.191777 0.235684 0.01 0.01
0 0.192439 0.244385 0.01 0.01
0 0.191777 0.253754 0.01 0.01
0 0.188468 0.263793 0.01 0.01
0 0.179203 0.257770 0.01 0.01
0 0.171261 0.255762 0.01 0.01
0 0.162658 0.249739 0.01 0.01
0 0.143466 0.245723 0.01 0.01
0 0.136187 0.245723 0.01 0.01
0 0.203027 0.235015 0.01 0.01
0 0.198395 0.227653 0.01 0.01
0 0.210969 0.231669 0.01 0.01
0 0.209645 0.243046 0.01 0.01
0 0.205013 0.247062 0.01 0.01
0 0.202365 0.253085 0.01 0.01
0 0.206998 0.266470 0.01 0.01
0 0.195748 0.259108 0.01 0.01
0 0.201704 0.261116 0.01 0.01
0 0.191777 0.283202 0.01 0.01
0 0.182512 0.291902 0.01 0.01
0 0.186483 0.271824 0.01 0.01
0 0.198395 0.270486 0.01 0.01
0 0.208983 0.275171 0.01 0.01
0 0.203689 0.287217 0.01 0.01
0 0.214939 0.283871 0.01 0.01
0 0.215601 0.274501 0.01 0.01
0 0.223543 0.266470 0.01 0.01
0 0.215601 0.266470 0.01 0.01
0 0.221557 0.245054 0.01 0.01
0 0.224866 0.236354 0.01 0.01
0 0.205013 0.216945 0.01 0.01
0 0.183174 0.215607 0.01 0.01
0 0.257294 0.239700 0.01 0.01
0 0.269206 0.239700 0.01 0.01
0 0.278471 0.244385 0.01 0.01
0 0.278471 0.237023 0.01 0.01
0 0.245382 0.247062 0.01 0.01
0 0.238764 0.240369 0.01 0.01
0 0.254647 0.249069 0.01 0.01
0 0.260603 0.255093 0.01 0.01
0 0.266559 0.247731 0.01 0.01
0 0.275824 0.257101 0.01 0.01
0 0.271191 0.261785 0.01 0.01
0 0.255308 0.260447 0.01 0.01
0 0.246043 0.261785 0.01 0.01
0 0.263912 0.279855 0.01 0.01
0 0.255308 0.272493 0.01 0.01
0 0.256632 0.281863 0.01 0.01
0 0.248691 0.271824 0.01 0.01
0 0.239425 0.266470 0.01 0.01
0 0.234131 0.273832 0.01 0.01
0 0.225528 0.277178 0.01 0.01
0 0.229499 0.287217 0.01 0.01
0 0.236117 0.284540 0.01 0.01
0 0.244720 0.281194 0.01 0.01
0 0.245382 0.287886 0.01 0.01
0 0.256632 0.291233 0.01 0.01
0 0.267882 0.292571 0.01 0.01
0 0.285751 0.266470 0.01 0.01
0 0.283765 0.257770 0.01 0.01
0 0.289059 0.243046 0.01 0.01
0 0.295016 0.239700 0.01 0.01
0 0.301633 0.247062 0.01 0.01
0 0.297001 0.250408 0.01 0.01
0 0.318178 0.249739 0.01 0.01
0 0.320163 0.261116 0.01 0.01
0 0.313546 0.264462 0.01 0.01
0 0.303619 0.262455 0.01 0.01
0 0.330752 0.249739 0.01 0.01
0 0.342664 0.263124 0.01 0.01
0 0.332076 0.258439 0.01 0.01
0 0.342664 0.247062 0.01 0.01
0 0.373338 0.252416 0.01 0.01
0 0.382603 0.251747 0.01 0.01
0 0.354808 0.267809 0.01 0.01
0 0.354146 0.252416 0.01 0.01
0 0.377971 0.263793 0.01 0.01
0 0.402457 0.269816 0.01 0.01
0 0.398486 0.281863 0.01 0.01
0 0.424296 0.278517 0.01 0.01
0 0.417678 0.274501 0.01 0.01
0 0.421649 0.265132 0.01 0.01
0 0.421649 0.256431 0.01 0.01
0 0.402457 0.251747 0.01 0.01
0 0.393854 0.251747 0.01 0.01
0 0.415031 0.247062 0.01 0.01
0 0.430252 0.265801 0.01 0.01
0 0.436208 0.263793 0.01 0.01
0 0.440840 0.255093 0.01 0.01
0 0.464003 0.249069 0.01 0.01
0 0.473930 0.262455 0.01 0.01
0 0.460694 0.282532 0.01 0.01
0 0.451429 0.282532 0.01 0.01
0 0.472606 0.285209 0.01 0.01
0 0.476577 0.289894 0.01 0.01
0 0.481209 0.299933 0.01 0.01
0 0.488489 0.305956 0.01 0.01
0 0.495107 0.285209 0.01 0.01
0 0.503048 0.285209 0.01 0.01
0 0.510990 0.275171 0.01 0.01
0 0.518931 0.290563 0.01 0.01
0 0.539447 0.293910 0.01 0.01
0 0.552682 0.293910 0.01 0.01
0 0.548712 0.266470 0.01 0.01
0 0.548712 0.273163 0.01 0.01
0 0.543417 0.269816 0.01 0.01
0 0.477239 0.737293 0.01 0.01
