0 0.443830 0.821453 0.01 0.01
0 0.284397 0.821453 0.01 0.01
0 0.146955 0.735205 0.01 0.01
0 0.051662 0.738875 0.01 0.01
0 0.088313 0.623267 0.01 0.01
0 0.214760 0.667308 0.01 0.01
0 0.170779 0.612256 0.01 0.01
0 0.203765 0.599411 0.01 0.01
0 0.267904 0.630607 0.01 0.01
0 0.333876 0.637947 0.01 0.01
0 0.388853 0.654463 0.01 0.01
0 0.423672 0.698504 0.01 0.01
0 0.520798 0.757226 0.01 0.01
0 0.617923 0.733370 0.01 0.01
0 0.660072 0.786587 0.01 0.01
0 0.704054 0.770071 0.01 0.01
0 0.806677 0.803102 0.01 0.01
0 0.744370 0.779247 0.01 0.01
0 0.570277 1.003124 0.01 0.01
0 0.639914 0.872835 0.01 0.01
0 0.608761 0.935227 0.01 0.01
0 0.716882 0.979268 0.01 0.01
0 0.755365 0.997619 0.01 0.01
0 0.735207 0.922381 0.01 0.01
0 0.773691 0.918711 0.01 0.01
0 0.744370 0.865495 0.01 0.01
0 0.658240 0.913206 0.01 0.01
0 0.944119 0.803102 0.01 0.01
0 0.889142 0.759061 0.01 0.01
0 1.032082 0.821453 0.01 0.01
0 1.076064 0.845309 0.01 0.01
0 1.072398 0.731535 0.01 0.01
0 0.942287 0.940732 0.01 0.01
0 0.872649 0.935227 0.01 0.01
0 0.885477 0.979268 0.01 0.01
0 1.109050 0.938897 0.01 0.01
0 1.006426 0.988444 0.01 0.01
0 1.255654 0.988444 0.01 0.01
0 1.273980 0.894855 0.01 0.01
0 1.343617 0.995784 0.01 0.01
0 1.257487 0.803102 0.01 0.01
0 1.413255 0.883845 0.01 0.01
0 1.462734 0.882010 0.01 0.01
0 1.499385 0.898526 0.01 0.01
0 1.349115 0.801267 0.01 0.01
0 1.317962 0.795762 0.01 0.01
0 1.187850 0.771906 0.01 0.01
0 1.151199 0.748051 0.01 0.01
0 0.898305 0.702174 0.01 0.01
0 0.835998 0.700339 0.01 0.01
0 0.782854 0.560874 0.01 0.01
0 0.568444 0.537019 0.01 0.01
0 0.500639 0.542524 0.01 0.01
0 0.482314 0.527843 0.01 0.01
0 0.350370 0.540689 0.01 0.01
0 0.379690 0.533349 0.01 0.01
0 0.416342 0.476462 0.01 0.01
0 0.101141 0.511328 0.01 0.01
0 0.324714 0.579225 0.01 0.01
0 0.245914 0.496647 0.01 0.01
0 0.146955 0.507658 0.01 0.01
0 0.066323 0.461781 0.01 0.01
0 0.022341 0.443431 0.01 0.01
0 0.044332 0.404894 0.01 0.01
0 0.134127 0.399389 0.01 0.01
0 0.176276 0.353513 0.01 0.01
0 0.427337 0.428750 0.01 0.01
0 0.504305 0.447101 0.01 0.01
0 0.533626 0.472792 0.01 0.01
0 0.608761 0.509493 0.01 0.01
0 0.872649 0.586565 0.01 0.01
0 0.357700 0.590235 0.01 0.01
0 0.161616 0.568215 0.01 0.01
0 0.097476 0.571885 0.01 0.01
0 0.046164 0.557204 0.01 0.01
0 0.057160 0.518668 0.01 0.01
0 0.057160 0.366358 0.01 0.01
0 0.350370 0.430585 0.01 0.01
0 0.271569 0.467286 0.01 0.01
0 0.280732 0.439760 0.01 0.01
0 0.207430 0.370028 0.01 0.01
0 0.194602 0.340667 0.01 0.01
0 0.636249 0.670978 0.01 0.01
0 0.905635 0.650792 0.01 0.01
0 0.969775 0.687494 0.01 0.01
0 1.092557 0.681988 0.01 0.01
0 1.493887 0.836134 0.01 0.01
0 1.394929 0.768236 0.01 0.01
0 1.336287 0.735205 0.01 0.01
0 1.294138 0.716855 0.01 0.01
0 1.193347 0.715020 0.01 0.01
0 1.165859 0.694834 0.01 0.01
0 1.109050 0.654463 0.01 0.01
0 0.977105 0.654463 0.01 0.01
0 1.279521 0.767778 0.01 0.01
0 1.154907 0.641158 0.01 0.01
0 1.128335 0.624643 0.01 0.01
0 1.232791 0.644828 0.01 0.01
0 1.201638 0.657674 0.01 0.01
0 1.266693 0.665014 0.01 0.01
0 1.343661 0.705385 0.01 0.01
0 1.324419 0.672354 0.01 0.01
0 1.311591 0.659509 0.01 0.01
0 0.910260 0.784293 0.01 0.01
0 0.151995 0.310389 0.01 0.01
0 0.141916 0.307636 0.01 0.01
0 0.110762 0.299378 0.01 0.01
0 0.124506 0.245244 0.01 0.01
0 0.141916 0.225058 0.01 0.01
0 0.151995 0.247997 0.01 0.01
0 0.186813 0.270935 0.01 0.01
0 0.206055 0.261760 0.01 0.01
0 0.214302 0.253502 0.01 0.01
0 0.195976 0.246162 0.01 0.01
0 0.257367 0.244327 0.01 0.01
0 0.273860 0.292956 0.01 0.01
0 0.252786 0.295708 0.01 0.01
0 0.312344 0.308554 0.01 0.01
0 0.613800 0.448018 0.01 0.01
0 0.579898 0.395719 0.01 0.01
0 0.395725 0.344337 0.01 0.01
0 0.399391 0.336997 0.01 0.01
0 0.060367 0.260842 0.01 0.01
0 0.073195 0.280110 0.01 0.01
0 0.067697 0.289286 0.01 0.01
0 0.053953 0.184687 0.01 0.01
0 0.216593 0.753556 0.01 0.01
0 0.140498 0.206249 0.01 0.01
0 0.099265 0.186063 0.01 0.01
0 0.332917 0.313600 0.01 0.01
0 0.082772 0.415905 0.01 0.01
0 0.097433 0.336997 0.01 0.01
0 0.049786 0.324152 0.01 0.01
0 0.025046 0.302131 0.01 0.01
0 0.016800 0.252584 0.01 0.01
0 0.038791 0.253502 0.01 0.01
0 0.037874 0.232399 0.01 0.01
0 0.010386 0.213131 0.01 0.01
0 0.012218 0.475544 0.01 0.01
0 0.010386 0.405812 0.01 0.01
0 0.018632 0.380121 0.01 0.01
0 0.011302 0.358100 0.01 0.01
0 0.213800 0.445266 0.01 0.01
0 0.151493 0.457194 0.01 0.01
0 0.138665 0.432420 0.01 0.01
0 0.116674 0.414987 0.01 0.01
0 0.091935 0.382874 0.01 0.01
0 0.161572 0.479214 0.01 0.01
0 0.117591 0.467286 0.01 0.01
0 0.057116 0.537019 0.01 0.01
0 0.182647 0.526926 0.01 0.01
0 0.210135 0.543441 0.01 0.01
0 0.250451 0.391131 0.01 0.01
0 0.264196 0.370028 0.01 0.01
0 0.280689 0.387461 0.01 0.01
0 0.373233 0.500317 0.01 0.01
0 0.356740 0.487472 0.01 0.01
0 0.366819 0.472792 0.01 0.01
0 0.335665 0.454441 0.01 0.01
0 0.369568 0.394802 0.01 0.01
0 0.331084 0.379203 0.01 0.01
0 0.298098 0.355348 0.01 0.01
0 0.281605 0.362688 0.01 0.01
0 0.217465 0.336997 0.01 0.01
0 0.224795 0.324152 0.01 0.01
0 0.226628 0.361770 0.01 0.01
0 0.237623 0.342502 0.01 0.01
0 0.244037 0.324152 0.01 0.01
0 0.243121 0.312224 0.01 0.01
0 0.078191 0.314976 0.01 0.01
0 0.052971 0.228270 0.01 0.01
0 0.082750 0.231481 0.01 0.01
0 0.100160 0.267265 0.01 0.01
0 0.118027 0.279193 0.01 0.01
0 0.036936 0.282404 0.01 0.01
0 0.055720 0.298002 0.01 0.01
0 0.135894 0.325069 0.01 0.01
0 0.128106 0.347090 0.01 0.01
0 0.114820 0.336997 0.01 0.01
0 0.101534 0.212213 0.01 0.01
0 0.129022 0.225517 0.01 0.01
0 0.098327 0.228729 0.01 0.01
0 0.020443 0.170007 0.01 0.01
0 0.034187 0.166795 0.01 0.01
0 0.056178 0.203496 0.01 0.01
0 0.035104 0.200744 0.01 0.01
0 0.067632 0.180099 0.01 0.01
0 0.153304 0.216801 0.01 0.01
0 0.158343 0.203955 0.01 0.01
0 0.168881 0.225517 0.01 0.01
0 0.197285 0.208084 0.01 0.01
0 0.211946 0.283780 0.01 0.01
0 0.196827 0.263136 0.01 0.01
0 0.227981 0.269559 0.01 0.01
0 0.253178 0.272311 0.01 0.01
0 0.270130 0.327363 0.01 0.01
0 0.297618 0.315894 0.01 0.01
0 0.290746 0.292038 0.01 0.01
0 0.299909 0.291121 0.01 0.01
0 0.306781 0.288368 0.01 0.01
0 0.331520 0.278275 0.01 0.01
0 0.351220 0.316811 0.01 0.01
0 0.351678 0.361770 0.01 0.01
0 0.334727 0.348007 0.01 0.01
0 0.362674 0.309012 0.01 0.01
0 0.370004 0.311306 0.01 0.01
0 0.386955 0.293414 0.01 0.01
0 0.356260 0.276440 0.01 0.01
0 0.290288 0.242033 0.01 0.01
0 0.307697 0.238363 0.01 0.01
0 0.342974 0.237445 0.01 0.01
0 0.361758 0.232399 0.01 0.01
0 0.384665 0.225517 0.01 0.01
0 0.395660 0.226893 0.01 0.01
0 0.287081 0.179641 0.01 0.01
0 0.273337 0.178723 0.01 0.01
0 0.216985 0.207625 0.01 0.01
0 0.207364 0.226893 0.01 0.01
0 0.306781 0.189275 0.01 0.01
0 0.309988 0.176429 0.01 0.01
0 0.321899 0.197074 0.01 0.01
0 0.313195 0.197074 0.01 0.01
0 0.344806 0.177347 0.01 0.01
0 0.355802 0.177806 0.01 0.01
0 0.374127 0.194321 0.01 0.01
0 0.370920 0.214507 0.01 0.01
0 0.376876 0.207625 0.01 0.01
0 0.385581 0.203496 0.01 0.01
0 0.366797 0.175053 0.01 0.01
0 0.374585 0.175053 0.01 0.01
0 0.392911 0.175971 0.01 0.01
0 0.393827 0.200285 0.01 0.01
0 0.222941 0.167254 0.01 0.01
0 0.275627 0.159455 0.01 0.01
0 0.269213 0.144775 0.01 0.01
0 0.275627 0.141104 0.01 0.01
0 0.294411 0.147068 0.01 0.01
0 0.282499 0.152574 0.01 0.01
0 0.076794 0.144775 0.01 0.01
0 0.047015 0.151656 0.01 0.01
0 0.067632 0.155326 0.01 0.01
0 0.053887 0.128718 0.01 0.01
0 0.062134 0.122295 0.01 0.01
0 0.097869 0.112202 0.01 0.01
0 0.086873 0.109450 0.01 0.01
0 0.112071 0.112202 0.01 0.01
0 0.095120 0.129177 0.01 0.01
0 0.104283 0.128718 0.01 0.01
0 0.085499 0.129635 0.01 0.01
0 0.126732 0.116331 0.01 0.01
0 0.128106 0.099816 0.01 0.01
0 0.143225 0.120919 0.01 0.01
0 0.159718 0.112202 0.01 0.01
0 0.164757 0.089723 0.01 0.01
0 0.182625 0.141563 0.01 0.01
0 0.193162 0.128259 0.01 0.01
0 0.195911 0.101651 0.01 0.01
0 0.192704 0.087429 0.01 0.01
0 0.179876 0.092017 0.01 0.01
0 0.156969 0.074583 0.01 0.01
0 0.129022 0.080089 0.01 0.01
0 0.053429 0.092017 0.01 0.01
0 0.042892 0.079171 0.01 0.01
0 0.020443 0.123671 0.01 0.01
0 0.009906 0.140646 0.01 0.01
0 0.044725 0.109450 0.01 0.01
0 0.061218 0.076419 0.01 0.01
0 0.084583 0.083759 0.01 0.01
0 0.112071 0.135140 0.01 0.01
0 0.131313 0.130553 0.01 0.01
0 0.145515 0.148903 0.01 0.01
0 0.172546 0.113120 0.01 0.01
0 0.170713 0.151656 0.01 0.01
0 0.203241 0.121378 0.01 0.01
0 0.211488 0.115414 0.01 0.01
0 0.210571 0.125506 0.01 0.01
0 0.200034 0.142939 0.01 0.01
0 0.232104 0.151656 0.01 0.01
0 0.214695 0.150738 0.01 0.01
0 0.240350 0.136517 0.01 0.01
0 0.251346 0.137893 0.01 0.01
0 0.236227 0.109450 0.01 0.01
0 0.208739 0.102109 0.01 0.01
0 0.193162 0.078254 0.01 0.01
0 0.270130 0.128259 0.01 0.01
0 0.239892 0.098439 0.01 0.01
0 0.227981 0.095687 0.01 0.01
0 0.251804 0.092934 0.01 0.01
0 0.269671 0.104403 0.01 0.01
0 0.291662 0.104862 0.01 0.01
0 0.287539 0.129177 0.01 0.01
0 0.318692 0.132388 0.01 0.01
0 0.303116 0.164960 0.01 0.01
0 0.320525 0.160831 0.01 0.01
0 0.337476 0.164043 0.01 0.01
0 0.329230 0.175053 0.01 0.01
0 0.363132 0.155326 0.01 0.01
0 0.347555 0.126883 0.01 0.01
0 0.363590 0.112202 0.01 0.01
0 0.375502 0.142022 0.01 0.01
0 0.386039 0.152574 0.01 0.01
0 0.387872 0.133764 0.01 0.01
0 0.395660 0.125506 0.01 0.01
0 0.319151 0.118625 0.01 0.01
0 0.308613 0.119084 0.01 0.01
0 0.295327 0.125048 0.01 0.01
0 0.319609 0.106238 0.01 0.01
0 0.327855 0.111285 0.01 0.01
0 0.310904 0.090181 0.01 0.01
0 0.210113 0.079171 0.01 0.01
0 0.222941 0.083300 0.01 0.01
0 0.241725 0.081006 0.01 0.01
0 0.262341 0.073207 0.01 0.01
0 0.284332 0.075042 0.01 0.01
0 0.293037 0.086053 0.01 0.01
0 0.304032 0.071831 0.01 0.01
0 0.335185 0.075960 0.01 0.01
0 0.348013 0.092934 0.01 0.01
0 0.369546 0.082382 0.01 0.01
0 0.030064 0.026643 0.01 0.01
0 0.012197 0.061967 0.01 0.01
0 0.023192 0.074354 0.01 0.01
0 0.039685 0.056921 0.01 0.01
0 0.049306 0.052333 0.01 0.01
0 0.052971 0.033065 0.01 0.01
0 0.043350 0.022055 0.01 0.01
0 0.046557 0.005998 0.01 0.01
0 0.061218 0.014256 0.01 0.01
0 0.078169 0.042699 0.01 0.01
0 0.077253 0.026643 0.01 0.01
0 0.084583 0.023890 0.01 0.01
0 0.080918 0.066555 0.01 0.01
0 0.118485 0.066096 0.01 0.01
0 0.101534 0.041782 0.01 0.01
0 0.097869 0.011044 0.01 0.01
0 0.111613 0.027560 0.01 0.01
0 0.119401 0.045452 0.01 0.01
0 0.137727 0.063344 0.01 0.01
0 0.132229 0.042699 0.01 0.01
0 0.123067 0.017008 0.01 0.01
0 0.145515 0.037653 0.01 0.01
0 0.164299 0.062885 0.01 0.01
0 0.158801 0.042699 0.01 0.01
0 0.177585 0.045911 0.01 0.01
0 0.189039 0.011503 0.01 0.01
0 0.193162 0.041323 0.01 0.01
0 0.211946 0.017008 0.01 0.01
0 0.216069 0.029854 0.01 0.01
0 0.151929 0.010586 0.01 0.01
0 0.162925 0.012421 0.01 0.01
0 0.121692 0.008292 0.01 0.01
0 0.080918 0.005998 0.01 0.01
0 0.202783 0.025725 0.01 0.01
0 0.231188 0.024349 0.01 0.01
0 0.238976 0.047287 0.01 0.01
0 0.219734 0.057380 0.01 0.01
0 0.229813 0.064261 0.01 0.01
0 0.243557 0.068849 0.01 0.01
0 0.248597 0.023890 0.01 0.01
0 0.265090 0.036735 0.01 0.01
0 0.269671 0.016550 0.01 0.01
0 0.268297 0.028019 0.01 0.01
0 0.276085 0.030771 0.01 0.01
0 0.281583 0.014256 0.01 0.01
0 0.287081 0.029395 0.01 0.01
0 0.289371 0.047746 0.01 0.01
0 0.276085 0.052333 0.01 0.01
0 0.260509 0.047746 0.01 0.01
0 0.218360 0.004163 0.01 0.01
0 0.296702 0.014256 0.01 0.01
0 0.302657 0.034442 0.01 0.01
0 0.309530 0.013338 0.01 0.01
0 0.310904 0.045452 0.01 0.01
0 0.326023 0.052792 0.01 0.01
0 0.337018 0.039947 0.01 0.01
0 0.335185 0.026643 0.01 0.01
0 0.331978 0.013797 0.01 0.01
0 0.342058 0.052333 0.01 0.01
0 0.352137 0.060591 0.01 0.01
0 0.353053 0.040864 0.01 0.01
0 0.364506 0.058756 0.01 0.01
0 0.374127 0.060132 0.01 0.01
0 0.377334 0.021137 0.01 0.01
0 0.364048 0.017008 0.01 0.01
0 0.389704 0.028478 0.01 0.01
0 0.398867 0.012880 0.01 0.01
0 0.397493 0.112432 0.01 0.01
0 0.391995 0.078942 0.01 0.01
0 0.074790 0.506970 0.01 0.01
0 0.120604 0.622578 0.01 0.01
0 0.226434 0.614321 0.01 0.01
0 0.253465 0.570738 0.01 0.01
0 0.209025 0.494124 0.01 0.01
0 0.179704 0.443660 0.01 0.01
0 0.165960 0.439990 0.01 0.01
0 0.284618 0.586795 0.01 0.01
0 0.406483 0.543212 0.01 0.01
0 0.341428 0.510181 0.01 0.01
0 0.278204 0.531743 0.01 0.01
0 0.269500 0.489995 0.01 0.01
0 0.249341 0.466598 0.01 0.01
0 0.292617 0.416593 0.01 0.01
0 0.156091 0.348696 0.01 0.01
0 0.398447 0.391820 0.01 0.01
0 0.406236 0.367046 0.01 0.01
0 0.414940 0.363376 0.01 0.01
0 0.425019 0.361541 0.01 0.01
0 0.391575 0.416593 0.01 0.01
0 0.351259 0.400536 0.01 0.01
0 0.455715 0.401454 0.01 0.01
0 0.854449 1.029044 0.01 0.01
0 0.798097 1.020787 0.01 0.01
0 0.642788 0.970781 0.01 0.01
0 0.637748 0.925822 0.01 0.01
0 0.677606 0.892791 0.01 0.01
0 0.684020 0.878569 0.01 0.01
0 0.706927 0.910683 0.01 0.01
0 0.777481 0.953807 0.01 0.01
0 0.814132 0.946925 0.01 0.01
0 0.834290 0.968487 0.01 0.01
0 0.463814 0.624872 0.01 0.01
0 0.481224 0.673501 0.01 0.01
0 0.512377 0.634048 0.01 0.01
0 0.531161 0.685888 0.01 0.01
0 0.498633 0.689558 0.01 0.01
0 0.546280 0.709744 0.01 0.01
0 0.585222 0.681759 0.01 0.01
0 0.560482 0.662491 0.01 0.01
0 0.616375 0.689099 0.01 0.01
0 0.602173 0.683594 0.01 0.01
0 0.669061 0.743692 0.01 0.01
0 0.688761 0.723507 0.01 0.01
0 0.646154 0.733600 0.01 0.01
0 0.723122 0.753326 0.01 0.01
0 0.833075 0.704697 0.01 0.01
0 0.535013 0.534495 0.01 0.01
0 0.458046 0.544588 0.01 0.01
0 0.442927 0.564774 0.01 0.01
0 0.458046 0.583125 0.01 0.01
0 0.533181 0.434026 0.01 0.01
0 0.504776 0.395948 0.01 0.01
0 0.486450 0.386314 0.01 0.01
0 0.485534 0.405582 0.01 0.01
0 0.539136 0.419804 0.01 0.01
0 0.521727 0.432650 0.01 0.01
0 0.551506 0.427144 0.01 0.01
0 0.565250 0.410170 0.01 0.01
0 0.575329 0.424392 0.01 0.01
0 0.562960 0.421181 0.01 0.01
0 0.601443 0.481738 0.01 0.01
0 0.586783 0.468892 0.01 0.01
0 0.631681 0.448248 0.01 0.01
0 0.612897 0.457882 0.01 0.01
0 0.628932 0.427603 0.01 0.01
0 0.637178 0.434943 0.01 0.01
0 0.646341 0.439531 0.01 0.01
0 0.643134 0.413840 0.01 0.01
0 0.640843 0.399619 0.01 0.01
0 0.653213 0.394113 0.01 0.01
0 0.651839 0.410170 0.01 0.01
0 0.666041 0.408335 0.01 0.01
0 0.691239 0.466598 0.01 0.01
0 0.682992 0.481279 0.01 0.01
0 0.686199 0.502382 0.01 0.01
0 0.668332 0.511557 0.01 0.01
0 0.692155 0.517062 0.01 0.01
0 0.685283 0.536789 0.01 0.01
0 0.701776 0.506052 0.01 0.01
0 0.699485 0.489537 0.01 0.01
0 0.703609 0.474856 0.01 0.01
0 0.690323 0.442742 0.01 0.01
0 0.704525 0.430356 0.01 0.01
0 0.686199 0.432191 0.01 0.01
0 0.752172 0.517980 0.01 0.01
0 0.759502 0.499171 0.01 0.01
0 0.772788 0.501923 0.01 0.01
0 0.584492 0.403747 0.01 0.01
0 0.591364 0.400995 0.01 0.01
0 0.524968 0.379892 0.01 0.01
0 0.552914 0.360624 0.01 0.01
0 0.536421 0.362000 0.01 0.01
0 0.472281 0.369799 0.01 0.01
0 0.465867 0.349613 0.01 0.01
0 0.419595 0.319335 0.01 0.01
0 0.435630 0.336768 0.01 0.01
0 0.445709 0.351448 0.01 0.01
0 0.491981 0.341355 0.01 0.01
0 0.500228 0.330345 0.01 0.01
0 0.516721 0.338603 0.01 0.01
0 0.500686 0.295938 0.01 0.01
0 0.541002 0.343649 0.01 0.01
0 0.553830 0.340438 0.01 0.01
0 0.566200 0.345484 0.01 0.01
0 0.594605 0.373928 0.01 0.01
0 0.606975 0.371175 0.01 0.01
0 0.576279 0.335391 0.01 0.01
0 0.591856 0.336309 0.01 0.01
0 0.609724 0.330345 0.01 0.01
0 0.616596 0.296396 0.01 0.01
0 0.631714 0.289056 0.01 0.01
0 0.644084 0.291809 0.01 0.01
0 0.653705 0.290432 0.01 0.01
0 0.661035 0.289974 0.01 0.01
0 0.674779 0.296855 0.01 0.01
0 0.694479 0.286762 0.01 0.01
0 0.651414 0.350989 0.01 0.01
0 0.631714 0.356953 0.01 0.01
0 0.676154 0.284010 0.01 0.01
0 0.672031 0.324840 0.01 0.01
0 0.681652 0.322087 0.01 0.01
0 0.697228 0.308324 0.01 0.01
0 0.724259 0.301902 0.01 0.01
0 0.713263 0.324381 0.01 0.01
0 0.738919 0.299149 0.01 0.01
0 0.753121 0.309242 0.01 0.01
0 0.754496 0.297773 0.01 0.01
0 0.724717 0.273458 0.01 0.01
0 0.694021 0.274834 0.01 0.01
0 0.650956 0.274376 0.01 0.01
0 0.660119 0.270706 0.01 0.01
0 0.785191 0.315206 0.01 0.01
0 0.673863 0.380809 0.01 0.01
0 0.684858 0.381268 0.01 0.01
0 0.766407 0.443201 0.01 0.01
0 0.785191 0.453753 0.01 0.01
0 0.779235 0.437237 0.01 0.01
0 0.776028 0.473480 0.01 0.01
0 0.783359 0.499629 0.01 0.01
0 0.761826 0.476691 0.01 0.01
0 0.747166 0.475774 0.01 0.01
0 0.408259 0.208313 0.01 0.01
0 0.410550 0.192257 0.01 0.01
0 0.400471 0.189504 0.01 0.01
0 0.417880 0.171612 0.01 0.01
0 0.403678 0.179411 0.01 0.01
0 0.445368 0.162896 0.01 0.01
0 0.456364 0.157391 0.01 0.01
0 0.429333 0.181246 0.01 0.01
0 0.433457 0.220241 0.01 0.01
0 0.427959 0.228499 0.01 0.01
0 0.417880 0.222076 0.01 0.01
0 0.401845 0.230334 0.01 0.01
0 0.405968 0.233087 0.01 0.01
0 0.428875 0.242262 0.01 0.01
0 0.447201 0.222994 0.01 0.01
0 0.455447 0.220241 0.01 0.01
0 0.453615 0.207855 0.01 0.01
0 0.443994 0.200514 0.01 0.01
0 0.460945 0.222994 0.01 0.01
0 0.467359 0.215195 0.01 0.01
0 0.461861 0.192715 0.01 0.01
0 0.474689 0.201891 0.01 0.01
0 0.470566 0.158308 0.01 0.01
0 0.488433 0.158767 0.01 0.01
0 0.487059 0.179870 0.01 0.01
0 0.490266 0.198221 0.01 0.01
0 0.483394 0.221159 0.01 0.01
0 0.504010 0.241345 0.01 0.01
0 0.487059 0.244097 0.01 0.01
0 0.460945 0.235839 0.01 0.01
0 0.500345 0.228499 0.01 0.01
0 0.494847 0.218865 0.01 0.01
0 0.502636 0.216571 0.01 0.01
0 0.502636 0.172530 0.01 0.01
0 0.501720 0.157849 0.01 0.01
0 0.513173 0.169318 0.01 0.01
0 0.528292 0.170695 0.01 0.01
0 0.518213 0.192715 0.01 0.01
0 0.534706 0.190422 0.01 0.01
0 0.535164 0.205102 0.01 0.01
0 0.545701 0.246391 0.01 0.01
0 0.535164 0.253731 0.01 0.01
0 0.518213 0.270247 0.01 0.01
0 0.531040 0.271164 0.01 0.01
0 0.552115 0.270706 0.01 0.01
0 0.543868 0.268412 0.01 0.01
0 0.556696 0.262907 0.01 0.01
0 0.563568 0.247767 0.01 0.01
0 0.572273 0.251896 0.01 0.01
0 0.553489 0.227582 0.01 0.01
0 0.545701 0.200514 0.01 0.01
0 0.551199 0.184458 0.01 0.01
0 0.558529 0.172071 0.01 0.01
0 0.560820 0.154179 0.01 0.01
0 0.589224 0.164272 0.01 0.01
0 0.598387 0.167025 0.01 0.01
0 0.605259 0.167942 0.01 0.01
0 0.587850 0.191798 0.01 0.01
0 0.602510 0.190422 0.01 0.01
0 0.571815 0.214736 0.01 0.01
0 0.562194 0.208772 0.01 0.01
0 0.595180 0.212442 0.01 0.01
0 0.582810 0.211525 0.01 0.01
0 0.619920 0.196386 0.01 0.01
0 0.608466 0.239510 0.01 0.01
0 0.619462 0.231711 0.01 0.01
0 0.621294 0.220241 0.01 0.01
0 0.628624 0.193633 0.01 0.01
0 0.636871 0.225288 0.01 0.01
0 0.624501 0.254649 0.01 0.01
0 0.644201 0.252814 0.01 0.01
0 0.658862 0.242262 0.01 0.01
0 0.655655 0.227582 0.01 0.01
0 0.647866 0.215654 0.01 0.01
0 0.672148 0.231711 0.01 0.01
0 0.686808 0.252814 0.01 0.01
0 0.700552 0.239510 0.01 0.01
0 0.695971 0.252814 0.01 0.01
0 0.701927 0.256943 0.01 0.01
0 0.714297 0.256025 0.01 0.01
0 0.733080 0.239968 0.01 0.01
0 0.736745 0.267035 0.01 0.01
0 0.723459 0.256025 0.01 0.01
0 0.748657 0.265200 0.01 0.01
0 0.758736 0.268412 0.01 0.01
0 0.767899 0.232169 0.01 0.01
0 0.767441 0.268870 0.01 0.01
0 0.635955 0.177117 0.01 0.01
0 0.661152 0.172071 0.01 0.01
0 0.669857 0.183081 0.01 0.01
0 0.684059 0.191339 0.01 0.01
0 0.692764 0.183999 0.01 0.01
0 0.709715 0.189963 0.01 0.01
0 0.707883 0.208772 0.01 0.01
0 0.712922 0.205561 0.01 0.01
0 0.718878 0.183999 0.01 0.01
0 0.707883 0.175741 0.01 0.01
0 0.718420 0.171154 0.01 0.01
0 0.733538 0.168860 0.01 0.01
0 0.743618 0.163813 0.01 0.01
0 0.754613 0.183081 0.01 0.01
0 0.748199 0.186752 0.01 0.01
0 0.734455 0.217030 0.01 0.01
0 0.750948 0.220241 0.01 0.01
0 0.760111 0.206937 0.01 0.01
0 0.765608 0.196844 0.01 0.01
0 0.775687 0.210149 0.01 0.01
0 0.758736 0.155556 0.01 0.01
0 0.764692 0.151427 0.01 0.01
0 0.770648 0.160143 0.01 0.01
0 0.777978 0.171154 0.01 0.01
0 0.767899 0.173906 0.01 0.01
0 0.654280 0.159684 0.01 0.01
0 0.662527 0.159684 0.01 0.01
0 0.671231 0.160602 0.01 0.01
0 0.693680 0.161519 0.01 0.01
0 0.701469 0.165648 0.01 0.01
0 0.687266 0.172530 0.01 0.01
0 0.525543 0.140416 0.01 0.01
0 0.543868 0.139040 0.01 0.01
0 0.608924 0.153720 0.01 0.01
0 0.629082 0.165648 0.01 0.01
0 0.633206 0.156473 0.01 0.01
0 0.405594 0.076648 0.01 0.01
0 0.411091 0.063344 0.01 0.01
0 0.396431 0.060132 0.01 0.01
0 0.422087 0.085364 0.01 0.01
0 0.401012 0.089035 0.01 0.01
0 0.412924 0.111514 0.01 0.01
0 0.403761 0.097751 0.01 0.01
0 0.423919 0.070684 0.01 0.01
0 0.421170 0.062426 0.01 0.01
0 0.421170 0.042699 0.01 0.01
0 0.403761 0.039029 0.01 0.01
0 0.446826 0.047746 0.01 0.01
0 0.433998 0.065638 0.01 0.01
0 0.455073 0.077107 0.01 0.01
0 0.465610 0.081694 0.01 0.01
0 0.472482 0.067473 0.01 0.01
0 0.455989 0.066096 0.01 0.01
0 0.461487 0.056003 0.01 0.01
0 0.472482 0.046828 0.01 0.01
0 0.443161 0.027101 0.01 0.01
0 0.488059 0.048204 0.01 0.01
0 0.476147 0.032148 0.01 0.01
0 0.436289 0.102339 0.01 0.01
0 0.435831 0.078942 0.01 0.01
0 0.454615 0.091787 0.01 0.01
0 0.438580 0.120689 0.01 0.01
0 0.444994 0.126653 0.01 0.01
0 0.443619 0.142710 0.01 0.01
0 0.436289 0.143169 0.01 0.01
0 0.470191 0.113349 0.01 0.01
0 0.492640 0.110597 0.01 0.01
0 0.487601 0.099127 0.01 0.01
0 0.482103 0.091328 0.01 0.01
0 0.494473 0.091328 0.01 0.01
0 0.500887 0.070684 0.01 0.01
0 0.500429 0.084906 0.01 0.01
0 0.509133 0.085364 0.01 0.01
0 0.513257 0.100045 0.01 0.01
0 0.502719 0.102339 0.01 0.01
0 0.500429 0.119313 0.01 0.01
0 0.501345 0.138581 0.01 0.01
0 0.479812 0.133994 0.01 0.01
0 0.491724 0.141793 0.01 0.01
0 0.528375 0.114267 0.01 0.01
0 0.527001 0.131241 0.01 0.01
0 0.540287 0.114725 0.01 0.01
0 0.543036 0.126195 0.01 0.01
0 0.523794 0.081694 0.01 0.01
0 0.544410 0.060591 0.01 0.01
0 0.509133 0.030313 0.01 0.01
0 0.496305 0.042241 0.01 0.01
0 0.527459 0.062426 0.01 0.01
0 0.543036 0.028478 0.01 0.01
0 0.548991 0.101421 0.01 0.01
0 0.550824 0.114267 0.01 0.01
0 0.571898 0.120231 0.01 0.01
0 0.564568 0.084906 0.01 0.01
0 0.560903 0.072519 0.01 0.01
0 0.589766 0.087200 0.01 0.01
0 0.601678 0.094999 0.01 0.01
0 0.614047 0.093622 0.01 0.01
0 0.601678 0.114725 0.01 0.01
0 0.582436 0.125736 0.01 0.01
0 0.580145 0.133535 0.01 0.01
0 0.589766 0.142710 0.01 0.01
0 0.609924 0.128488 0.01 0.01
0 0.622752 0.130782 0.01 0.01
0 0.632373 0.121607 0.01 0.01
0 0.638787 0.136287 0.01 0.01
0 0.646117 0.107385 0.01 0.01
0 0.659861 0.108303 0.01 0.01
0 0.677271 0.125277 0.01 0.01
0 0.661694 0.140416 0.01 0.01
0 0.667650 0.150968 0.01 0.01
0 0.694680 0.129406 0.01 0.01
0 0.688266 0.149133 0.01 0.01
0 0.708424 0.130782 0.01 0.01
0 0.710257 0.153720 0.01 0.01
0 0.725375 0.150050 0.01 0.01
0 0.721710 0.126195 0.01 0.01
0 0.711173 0.102339 0.01 0.01
0 0.703843 0.088576 0.01 0.01
0 0.679103 0.089493 0.01 0.01
0 0.669482 0.113808 0.01 0.01
0 0.687350 0.106468 0.01 0.01
0 0.690557 0.077565 0.01 0.01
0 0.677271 0.077565 0.01 0.01
0 0.722627 0.095916 0.01 0.01
0 0.740952 0.114725 0.01 0.01
0 0.737745 0.100962 0.01 0.01
0 0.724917 0.075730 0.01 0.01
0 0.741868 0.081694 0.01 0.01
0 0.718045 0.050957 0.01 0.01
0 0.699261 0.067473 0.01 0.01
0 0.674980 0.054627 0.01 0.01
0 0.687350 0.039947 0.01 0.01
0 0.712547 0.041782 0.01 0.01
0 0.705217 0.056462 0.01 0.01
0 0.727208 0.039488 0.01 0.01
0 0.737287 0.042699 0.01 0.01
0 0.621836 0.091328 0.01 0.01
0 0.626417 0.080318 0.01 0.01
0 0.626875 0.070684 0.01 0.01
0 0.629166 0.091328 0.01 0.01
0 0.647950 0.078942 0.01 0.01
0 0.652989 0.058756 0.01 0.01
0 0.636496 0.056462 0.01 0.01
0 0.613589 0.035359 0.01 0.01
0 0.597554 0.039488 0.01 0.01
0 0.590224 0.058756 0.01 0.01
0 0.587017 0.073437 0.01 0.01
0 0.596180 0.075730 0.01 0.01
0 0.605801 0.062885 0.01 0.01
0 0.510966 0.042241 0.01 0.01
0 0.554947 0.062426 0.01 0.01
0 0.613131 0.112890 0.01 0.01
0 0.660778 0.070225 0.01 0.01
0 0.500050 0.015173 0.01 0.01
0 0.414836 0.017467 0.01 0.01
0 0.419875 0.031230 0.01 0.01
0 0.425831 0.012880 0.01 0.01
0 0.435910 0.006916 0.01 0.01
0 0.457443 0.039488 0.01 0.01
0 0.530287 0.029854 0.01 0.01
0 0.553194 0.013797 0.01 0.01
0 0.542199 0.005998 0.01 0.01
0 0.573811 0.018844 0.01 0.01
0 0.586638 0.022055 0.01 0.01
0 0.604964 0.022514 0.01 0.01
0 0.604048 0.005081 0.01 0.01
0 0.628787 0.002787 0.01 0.01
0 0.639783 0.035359 0.01 0.01
0 0.665439 0.030771 0.01 0.01
0 0.664980 0.009209 0.01 0.01
0 0.653527 0.008292 0.01 0.01
0 0.678266 0.017467 0.01 0.01
0 0.692927 0.019302 0.01 0.01
0 0.706671 0.002787 0.01 0.01
0 0.730953 0.015632 0.01 0.01
0 0.743322 0.029395 0.01 0.01
0 0.745155 0.006916 0.01 0.01
0 0.741032 0.016091 0.01 0.01
0 0.755692 0.027560 0.01 0.01
0 0.753401 0.038112 0.01 0.01
0 0.746988 0.048204 0.01 0.01
0 0.763022 0.064261 0.01 0.01
0 0.768978 0.070684 0.01 0.01
0 0.750194 0.075272 0.01 0.01
0 0.669104 0.052333 0.01 0.01
0 0.764397 0.045452 0.01 0.01
0 0.740115 0.065638 0.01 0.01
0 0.774934 0.051416 0.01 0.01
0 0.769895 0.026643 0.01 0.01
0 0.775392 0.002787 0.01 0.01
0 0.795550 0.004622 0.01 0.01
0 0.794634 0.059674 0.01 0.01
0 0.785013 0.074354 0.01 0.01
0 0.768520 0.090870 0.01 0.01
0 0.756608 0.101880 0.01 0.01
0 0.747446 0.135829 0.01 0.01
0 0.734160 0.145921 0.01 0.01
0 0.766229 0.111973 0.01 0.01
0 0.770353 0.123442 0.01 0.01
0 0.783639 0.137664 0.01 0.01
0 0.784097 0.108303 0.01 0.01
0 0.786846 0.087200 0.01 0.01
0 0.799215 0.098210 0.01 0.01
0 0.801048 0.138122 0.01 0.01
0 0.787762 0.163813 0.01 0.01
0 0.793718 0.160143 0.01 0.01
0 0.791728 0.027101 0.01 0.01
0 0.806847 0.024807 0.01 0.01
0 0.806388 0.012880 0.01 0.01
0 0.816468 0.023890 0.01 0.01
0 0.813719 0.032606 0.01 0.01
0 0.806388 0.046828 0.01 0.01
0 0.799058 0.040405 0.01 0.01
0 0.805014 0.056921 0.01 0.01
0 0.803181 0.082153 0.01 0.01
0 0.816926 0.062885 0.01 0.01
0 0.816926 0.045911 0.01 0.01
0 0.826547 0.044534 0.01 0.01
0 0.829754 0.030771 0.01 0.01
0 0.824714 0.006916 0.01 0.01
0 0.843040 0.033983 0.01 0.01
0 0.843040 0.019761 0.01 0.01
0 0.851744 0.006457 0.01 0.01
0 0.853119 0.032606 0.01 0.01
0 0.840291 0.046369 0.01 0.01
0 0.832044 0.056003 0.01 0.01
0 0.829754 0.069308 0.01 0.01
0 0.815093 0.109220 0.01 0.01
0 0.805014 0.122983 0.01 0.01
0 0.818758 0.089952 0.01 0.01
0 0.832502 0.084447 0.01 0.01
0 0.843040 0.099586 0.01 0.01
0 0.827921 0.109679 0.01 0.01
0 0.839375 0.133994 0.01 0.01
0 0.826088 0.156473 0.01 0.01
0 0.805472 0.174365 0.01 0.01
0 0.797684 0.173906 0.01 0.01
0 0.836168 0.181246 0.01 0.01
0 0.845330 0.149133 0.01 0.01
0 0.855868 0.150509 0.01 0.01
0 0.868695 0.157391 0.01 0.01
0 0.854035 0.167025 0.01 0.01
0 0.832961 0.206937 0.01 0.01
0 0.731253 0.195927 0.01 0.01
0 0.775693 0.227582 0.01 0.01
0 0.805930 0.220241 0.01 0.01
0 0.794477 0.204643 0.01 0.01
0 0.817384 0.188587 0.01 0.01
0 0.811886 0.208772 0.01 0.01
0 0.807305 0.239510 0.01 0.01
0 0.820133 0.241345 0.01 0.01
0 0.829754 0.239051 0.01 0.01
0 0.832044 0.228958 0.01 0.01
0 0.830670 0.218865 0.01 0.01
0 0.843040 0.226664 0.01 0.01
0 0.854951 0.206478 0.01 0.01
0 0.862282 0.199138 0.01 0.01
0 0.873735 0.197762 0.01 0.01
0 0.878775 0.179411 0.01 0.01
0 0.864572 0.184916 0.01 0.01
0 0.843498 0.257401 0.01 0.01
0 0.856784 0.259695 0.01 0.01
0 0.889312 0.237674 0.01 0.01
0 0.863656 0.125736 0.01 0.01
0 0.856784 0.111973 0.01 0.01
0 0.862282 0.097292 0.01 0.01
0 0.857700 0.055545 0.01 0.01
0 0.857242 0.044993 0.01 0.01
0 0.867779 0.058297 0.01 0.01
0 0.868695 0.032606 0.01 0.01
0 0.882440 0.030313 0.01 0.01
0 0.899391 0.040864 0.01 0.01
0 0.890686 0.023890 0.01 0.01
0 0.903056 0.018385 0.01 0.01
0 0.914509 0.052333 0.01 0.01
0 0.907637 0.045911 0.01 0.01
0 0.916800 0.041782 0.01 0.01
0 0.926879 0.038112 0.01 0.01
0 0.932377 0.029395 0.01 0.01
0 0.946121 0.044993 0.01 0.01
0 0.952535 0.057380 0.01 0.01
0 0.944747 0.057380 0.01 0.01
0 0.920923 0.093163 0.01 0.01
0 0.923214 0.073895 0.01 0.01
0 0.881523 0.069308 0.01 0.01
0 0.885647 0.056003 0.01 0.01
0 0.894351 0.057839 0.01 0.01
0 0.877858 0.106468 0.01 0.01
0 0.872361 0.116102 0.01 0.01
0 0.901682 0.091328 0.01 0.01
0 0.893435 0.094081 0.01 0.01
0 0.896184 0.102339 0.01 0.01
0 0.908554 0.099586 0.01 0.01
0 0.897558 0.109679 0.01 0.01
0 0.896184 0.121148 0.01 0.01
0 0.881982 0.119772 0.01 0.01
0 0.893893 0.149592 0.01 0.01
0 0.877400 0.158308 0.01 0.01
0 0.882898 0.158767 0.01 0.01
0 0.903056 0.166107 0.01 0.01
0 0.887479 0.200056 0.01 0.01
0 0.902598 0.195927 0.01 0.01
0 0.918633 0.196844 0.01 0.01
0 0.921382 0.178953 0.01 0.01
0 0.926421 0.168860 0.01 0.01
0 0.914509 0.152803 0.01 0.01
0 0.922756 0.142710 0.01 0.01
0 0.908096 0.123442 0.01 0.01
0 0.901223 0.128488 0.01 0.01
0 0.922756 0.125277 0.01 0.01
0 0.936042 0.112432 0.01 0.01
0 0.942456 0.135370 0.01 0.01
0 0.930086 0.129865 0.01 0.01
0 0.915426 0.167942 0.01 0.01
0 0.935584 0.165190 0.01 0.01
0 0.940165 0.145921 0.01 0.01
0 0.954826 0.155556 0.01 0.01
0 0.931919 0.190880 0.01 0.01
0 0.911761 0.223912 0.01 0.01
0 0.903514 0.225747 0.01 0.01
0 0.919091 0.207396 0.01 0.01
0 0.936958 0.206020 0.01 0.01
0 0.926879 0.228040 0.01 0.01
0 0.857700 0.218865 0.01 0.01
0 0.865489 0.234922 0.01 0.01
0 0.876942 0.251437 0.01 0.01
0 0.939707 0.233087 0.01 0.01
0 0.917258 0.256943 0.01 0.01
0 0.954368 0.200514 0.01 0.01
0 0.893893 0.222994 0.01 0.01
0 0.914968 0.241345 0.01 0.01
0 0.898933 0.241803 0.01 0.01
0 0.950244 0.253272 0.01 0.01
0 0.947954 0.239051 0.01 0.01
0 0.928712 0.250979 0.01 0.01
0 0.768042 0.280340 0.01 0.01
0 0.758879 0.286304 0.01 0.01
0 0.781786 0.272999 0.01 0.01
0 0.777204 0.262448 0.01 0.01
0 0.795072 0.278046 0.01 0.01
0 0.801486 0.268412 0.01 0.01
0 0.822102 0.266577 0.01 0.01
0 0.816604 0.288139 0.01 0.01
0 0.831265 0.283092 0.01 0.01
0 0.847300 0.285386 0.01 0.01
0 0.862418 0.284469 0.01 0.01
0 0.859211 0.271164 0.01 0.01
0 0.880744 0.294103 0.01 0.01
0 0.873414 0.284010 0.01 0.01
0 0.890365 0.290891 0.01 0.01
0 0.888532 0.268412 0.01 0.01
0 0.897695 0.264283 0.01 0.01
0 0.918770 0.272999 0.01 0.01
0 0.924267 0.264283 0.01 0.01
0 0.945800 0.280798 0.01 0.01
0 0.933430 0.271164 0.01 0.01
0 0.922893 0.303737 0.01 0.01
0 0.909607 0.295020 0.01 0.01
0 0.856921 0.305113 0.01 0.01
0 0.870665 0.300984 0.01 0.01
0 0.826225 0.318876 0.01 0.01
0 0.816604 0.309701 0.01 0.01
0 0.805151 0.315665 0.01 0.01
0 0.787283 0.334015 0.01 0.01
0 0.807442 0.336309 0.01 0.01
0 0.699779 0.366129 0.01 0.01
0 0.731390 0.385397 0.01 0.01
0 0.815688 0.363376 0.01 0.01
0 0.841802 0.357412 0.01 0.01
0 0.835388 0.328051 0.01 0.01
0 0.851881 0.348696 0.01 0.01
0 0.856005 0.343649 0.01 0.01
0 0.863335 0.365211 0.01 0.01
0 0.885325 0.356953 0.01 0.01
0 0.911439 0.361082 0.01 0.01
0 0.919228 0.356953 0.01 0.01
0 0.928391 0.358330 0.01 0.01
0 0.894030 0.346861 0.01 0.01
0 0.878912 0.328969 0.01 0.01
0 0.894488 0.332180 0.01 0.01
0 0.900902 0.344567 0.01 0.01
0 0.937095 0.334015 0.01 0.01
0 0.947174 0.322087 0.01 0.01
0 0.933888 0.306948 0.01 0.01
0 0.947174 0.306948 0.01 0.01
0 0.824851 0.352825 0.01 0.01
0 0.956221 0.285845 0.01 0.01
0 0.966300 0.267035 0.01 0.01
0 0.975005 0.236298 0.01 0.01
0 0.968133 0.229875 0.01 0.01
0 0.963093 0.218406 0.01 0.01
0 0.970881 0.207396 0.01 0.01
0 0.979128 0.217948 0.01 0.01
0 0.972714 0.186293 0.01 0.01
0 0.955305 0.179870 0.01 0.01
0 0.963551 0.186293 0.01 0.01
0 0.973630 0.171612 0.01 0.01
0 0.986916 0.172989 0.01 0.01
0 0.997912 0.170236 0.01 0.01
0 1.011198 0.178035 0.01 0.01
0 0.999744 0.189504 0.01 0.01
0 0.988291 0.189045 0.01 0.01
0 0.989665 0.201432 0.01 0.01
0 0.996995 0.219783 0.01 0.01
0 0.993788 0.229875 0.01 0.01
0 0.984626 0.234922 0.01 0.01
0 1.002035 0.236298 0.01 0.01
0 1.011656 0.227582 0.01 0.01
0 1.022651 0.209231 0.01 0.01
0 1.008449 0.210607 0.01 0.01
0 1.016237 0.198221 0.01 0.01
0 1.013947 0.156473 0.01 0.01
0 0.969965 0.131241 0.01 0.01
0 0.985084 0.140416 0.01 0.01
0 0.994705 0.133535 0.01 0.01
0 1.041435 0.195468 0.01 0.01
0 1.036854 0.208313 0.01 0.01
0 1.042809 0.183081 0.01 0.01
0 1.062051 0.185834 0.01 0.01
0 1.057470 0.178035 0.01 0.01
0 1.078086 0.180329 0.01 0.01
0 1.084042 0.164731 0.01 0.01
0 1.039602 0.118854 0.01 0.01
0 1.007533 0.118854 0.01 0.01
0 0.980502 0.111055 0.01 0.01
0 1.003868 0.130323 0.01 0.01
0 1.013030 0.132617 0.01 0.01
0 1.033647 0.238133 0.01 0.01
0 1.032730 0.223453 0.01 0.01
0 1.041435 0.222994 0.01 0.01
0 1.061135 0.203726 0.01 0.01
0 1.049223 0.251437 0.01 0.01
0 1.029982 0.252814 0.01 0.01
0 1.000661 0.253272 0.01 0.01
0 1.008907 0.255566 0.01 0.01
0 0.977754 0.265659 0.01 0.01
0 0.982335 0.275752 0.01 0.01
0 0.991956 0.292268 0.01 0.01
0 0.991956 0.309701 0.01 0.01
0 0.958512 0.319793 0.01 0.01
0 0.957137 0.350531 0.01 0.01
0 0.980502 0.339062 0.01 0.01
0 0.969507 0.327134 0.01 0.01
0 0.995621 0.333556 0.01 0.01
0 1.013947 0.327592 0.01 0.01
0 1.002035 0.305113 0.01 0.01
0 1.019902 0.297314 0.01 0.01
0 1.011656 0.281257 0.01 0.01
0 1.003409 0.288139 0.01 0.01
0 1.018986 0.281716 0.01 0.01
0 1.032730 0.277128 0.01 0.01
0 1.048307 0.270706 0.01 0.01
0 1.058386 0.276669 0.01 0.01
0 1.066633 0.269329 0.01 0.01
0 1.059303 0.252355 0.01 0.01
0 1.060219 0.238592 0.01 0.01
0 1.054721 0.225288 0.01 0.01
0 1.069382 0.207855 0.01 0.01
0 1.068465 0.172530 0.01 0.01
0 1.027233 0.110138 0.01 0.01
0 1.047391 0.117937 0.01 0.01
0 1.069382 0.121607 0.01 0.01
0 1.101451 0.124359 0.01 0.01
0 1.088623 0.118854 0.01 0.01
0 1.099161 0.111514 0.01 0.01
0 1.090914 0.178953 0.01 0.01
0 1.035937 0.180329 0.01 0.01
0 1.075337 0.233546 0.01 0.01
0 1.085417 0.214736 0.01 0.01
0 1.091830 0.237674 0.01 0.01
0 1.087249 0.249602 0.01 0.01
0 1.099619 0.231711 0.01 0.01
0 1.103742 0.213819 0.01 0.01
0 1.076712 0.280798 0.01 0.01
0 1.078086 0.262907 0.01 0.01
0 1.087249 0.278046 0.01 0.01
0 1.100993 0.256484 0.01 0.01
0 1.059761 0.293644 0.01 0.01
0 1.055179 0.306489 0.01 0.01
0 1.045100 0.306948 0.01 0.01
0 1.028149 0.305572 0.01 0.01
0 1.018528 0.313829 0.01 0.01
0 1.044184 0.322546 0.01 0.01
0 1.010740 0.352825 0.01 0.01
0 1.053805 0.331721 0.01 0.01
0 1.072589 0.320711 0.01 0.01
0 1.086791 0.320252 0.01 0.01
0 1.073047 0.300525 0.01 0.01
0 1.078544 0.351448 0.01 0.01
0 1.053347 0.356495 0.01 0.01
0 1.042809 0.348237 0.01 0.01
0 1.078086 0.334933 0.01 0.01
0 1.092747 0.348237 0.01 0.01
0 1.089998 0.366129 0.01 0.01
0 1.071214 0.365211 0.01 0.01
0 1.101910 0.354660 0.01 0.01
0 0.902363 0.004163 0.01 0.01
0 0.933517 0.013797 0.01 0.01
0 0.946803 0.019302 0.01 0.01
0 0.961463 0.026643 0.01 0.01
0 0.961921 0.004163 0.01 0.01
0 0.991242 0.012421 0.01 0.01
0 0.982080 0.005081 0.01 0.01
0 0.986661 0.040864 0.01 0.01
0 0.965128 0.052333 0.01 0.01
0 0.973375 0.045452 0.01 0.01
0 0.984370 0.053710 0.01 0.01
0 0.996282 0.050498 0.01 0.01
0 1.012317 0.040405 0.01 0.01
0 1.007277 0.024349 0.01 0.01
0 1.014149 0.012421 0.01 0.01
0 1.028810 0.014715 0.01 0.01
0 1.039347 0.020679 0.01 0.01
0 1.045761 0.008292 0.01 0.01
0 1.033849 0.046369 0.01 0.01
0 1.036598 0.033065 0.01 0.01
0 1.011401 0.054168 0.01 0.01
0 0.966045 0.088576 0.01 0.01
0 0.945428 0.082153 0.01 0.01
0 1.004528 0.105091 0.01 0.01
0 0.992159 0.092705 0.01 0.01
0 1.015066 0.093622 0.01 0.01
0 1.028352 0.092705 0.01 0.01
0 1.028352 0.081694 0.01 0.01
0 1.048968 0.102798 0.01 0.01
0 1.059963 0.098669 0.01 0.01
0 1.059505 0.020679 0.01 0.01
0 1.052633 0.030313 0.01 0.01
0 1.070959 0.030771 0.01 0.01
0 1.055840 0.049581 0.01 0.01
0 1.074624 0.052792 0.01 0.01
0 1.075540 0.040864 0.01 0.01
0 1.080580 0.021137 0.01 0.01
0 1.090659 0.006916 0.01 0.01
0 1.080122 0.002787 0.01 0.01
0 1.092033 0.027101 0.01 0.01
0 1.092033 0.037653 0.01 0.01
0 1.088826 0.059674 0.01 0.01
0 1.102112 0.064261 0.01 0.01
0 1.106694 0.054168 0.01 0.01
0 1.100280 0.023431 0.01 0.01
0 1.108068 0.003245 0.01 0.01
0 1.122729 0.006457 0.01 0.01
0 1.115857 0.023890 0.01 0.01
0 1.115398 0.039029 0.01 0.01
0 1.121812 0.043158 0.01 0.01
0 1.119522 0.061967 0.01 0.01
0 1.126394 0.055086 0.01 0.01
0 1.133724 0.064261 0.01 0.01
0 1.121354 0.077107 0.01 0.01
0 1.138764 0.076189 0.01 0.01
0 1.146094 0.062426 0.01 0.01
0 1.141054 0.030771 0.01 0.01
0 1.150675 0.039488 0.01 0.01
0 1.119064 0.120689 0.01 0.01
0 1.111733 0.134911 0.01 0.01
0 1.129601 0.138122 0.01 0.01
0 1.141054 0.140875 0.01 0.01
0 1.147926 0.133076 0.01 0.01
0 1.092033 0.152803 0.01 0.01
0 1.112650 0.153262 0.01 0.01
0 1.127310 0.156014 0.01 0.01
0 1.114024 0.174365 0.01 0.01
0 1.127310 0.191339 0.01 0.01
0 1.142429 0.171612 0.01 0.01
0 1.145636 0.184916 0.01 0.01
0 1.109443 0.230334 0.01 0.01
0 1.119522 0.213819 0.01 0.01
0 1.112650 0.247767 0.01 0.01
0 1.153882 0.172989 0.01 0.01
0 1.142887 0.233087 0.01 0.01
0 1.123187 0.258778 0.01 0.01
0 1.136473 0.238592 0.01 0.01
0 1.135557 0.261071 0.01 0.01
0 0.841889 0.118396 0.01 0.01
0 0.953759 0.603310 0.01 0.01
0 0.977583 0.635424 0.01 0.01
0 0.997283 0.671207 0.01 0.01
0 0.948262 0.654233 0.01 0.01
0 1.018815 0.679465 0.01 0.01
0 1.040806 0.678548 0.01 0.01
0 1.031643 0.659280 0.01 0.01
0 1.036224 0.617532 0.01 0.01
0 1.018357 0.612027 0.01 0.01
0 1.024313 0.586795 0.01 0.01
0 1.017441 0.567985 0.01 0.01
0 0.999573 0.557893 0.01 0.01
0 1.178919 0.031689 0.01 0.01
0 1.167923 0.030313 0.01 0.01
0 1.167923 0.014715 0.01 0.01
0 1.183042 0.016091 0.01 0.01
0 1.193121 0.025266 0.01 0.01
0 1.199077 0.003704 0.01 0.01
0 1.212363 0.004622 0.01 0.01
0 1.210988 0.032606 0.01 0.01
0 1.170672 0.058297 0.01 0.01
0 1.162884 0.061050 0.01 0.01
0 1.163800 0.081694 0.01 0.01
0 1.139518 0.081694 0.01 0.01
0 1.173421 0.074813 0.01 0.01
0 1.179377 0.080777 0.01 0.01
0 1.190372 0.067473 0.01 0.01
0 1.198619 0.079859 0.01 0.01
0 1.207323 0.066555 0.01 0.01
0 1.223358 0.066096 0.01 0.01
0 1.214653 0.080318 0.01 0.01
0 1.230230 0.077565 0.01 0.01
0 1.232521 0.056462 0.01 0.01
0 1.222442 0.041323 0.01 0.01
0 1.235728 0.016091 0.01 0.01
0 1.211447 0.018385 0.01 0.01
0 1.247181 0.009668 0.01 0.01
0 1.259551 0.022055 0.01 0.01
0 1.265507 0.043158 0.01 0.01
0 1.279709 0.029854 0.01 0.01
0 1.276502 0.039488 0.01 0.01
0 1.239393 0.087200 0.01 0.01
0 1.225649 0.111514 0.01 0.01
0 1.218777 0.102798 0.01 0.01
0 1.202284 0.106926 0.01 0.01
0 1.172963 0.113808 0.01 0.01
0 1.158760 0.130323 0.01 0.01
0 1.164258 0.145921 0.01 0.01
0 1.175253 0.131700 0.01 0.01
0 1.189914 0.129406 0.01 0.01
0 1.161967 0.193174 0.01 0.01
0 1.160135 0.180329 0.01 0.01
0 1.162426 0.212442 0.01 0.01
0 1.178919 0.209690 0.01 0.01
0 1.185791 0.195009 0.01 0.01
0 1.187165 0.181246 0.01 0.01
0 1.198619 0.189504 0.01 0.01
0 1.207323 0.172989 0.01 0.01
0 1.188539 0.148674 0.01 0.01
0 1.247640 0.128030 0.01 0.01
0 1.221067 0.091328 0.01 0.01
0 1.249472 0.043617 0.01 0.01
0 1.259551 0.117478 0.01 0.01
0 1.252221 0.106926 0.01 0.01
0 1.254970 0.097751 0.01 0.01
0 1.277877 0.105091 0.01 0.01
0 1.276502 0.088117 0.01 0.01
0 1.290247 0.092705 0.01 0.01
0 1.296661 0.062885 0.01 0.01
0 1.311321 0.093622 0.01 0.01
0 1.300326 0.105550 0.01 0.01
0 1.281084 0.127571 0.01 0.01
0 1.238477 0.165190 0.01 0.01
0 1.223358 0.165648 0.01 0.01
0 1.213737 0.189045 0.01 0.01
0 1.188998 0.217489 0.01 0.01
0 1.184874 0.238592 0.01 0.01
0 1.169298 0.253272 0.01 0.01
0 1.212821 0.228499 0.01 0.01
0 1.223358 0.235381 0.01 0.01
0 1.217402 0.257401 0.01 0.01
0 1.199535 0.254190 0.01 0.01
0 1.193121 0.234463 0.01 0.01
0 1.182584 0.251437 0.01 0.01
0 1.245349 0.243180 0.01 0.01
0 1.232979 0.239510 0.01 0.01
0 1.222900 0.216571 0.01 0.01
0 1.210530 0.218406 0.01 0.01
0 1.239851 0.221159 0.01 0.01
0 1.263674 0.211066 0.01 0.01
0 1.263674 0.198221 0.01 0.01
0 1.251305 0.196386 0.01 0.01
0 1.248556 0.161978 0.01 0.01
0 1.278793 0.198221 0.01 0.01
0 1.288414 0.209690 0.01 0.01
0 1.284291 0.229417 0.01 0.01
0 1.273295 0.219783 0.01 0.01
0 1.264133 0.229875 0.01 0.01
0 1.320026 0.228040 0.01 0.01
0 1.312237 0.209231 0.01 0.01
0 1.299868 0.203726 0.01 0.01
0 1.284291 0.168860 0.01 0.01
0 1.293454 0.155097 0.01 0.01
0 1.302616 0.171612 0.01 0.01
0 1.317735 0.172071 0.01 0.01
0 1.329647 0.176659 0.01 0.01
0 1.318193 0.205561 0.01 0.01
0 1.336519 0.191798 0.01 0.01
0 1.335144 0.148215 0.01 0.01
0 1.301700 0.129406 0.01 0.01
0 1.328730 0.093163 0.01 0.01
0 1.311779 0.055545 0.01 0.01
0 1.323233 0.022972 0.01 0.01
0 1.343849 0.033524 0.01 0.01
0 1.343849 0.018844 0.01 0.01
0 1.360800 0.029395 0.01 0.01
0 1.366298 0.044993 0.01 0.01
0 1.341100 0.058297 0.01 0.01
0 1.350721 0.071601 0.01 0.01
0 1.338809 0.103256 0.01 0.01
0 1.339268 0.117019 0.01 0.01
0 1.325065 0.121607 0.01 0.01
0 1.357135 0.122983 0.01 0.01
0 1.371796 0.126195 0.01 0.01
0 1.354386 0.097292 0.01 0.01
0 1.363549 0.098210 0.01 0.01
0 1.370421 0.073895 0.01 0.01
0 1.360342 0.061050 0.01 0.01
0 1.364465 0.008751 0.01 0.01
0 1.381875 0.006457 0.01 0.01
0 1.382333 0.054168 0.01 0.01
0 1.382333 0.088117 0.01 0.01
0 1.396993 0.096834 0.01 0.01
0 1.388747 0.111514 0.01 0.01
0 1.349347 0.172989 0.01 0.01
0 1.333770 0.218406 0.01 0.01
0 1.342933 0.214277 0.01 0.01
0 1.358968 0.227582 0.01 0.01
0 1.362633 0.236298 0.01 0.01
0 1.368589 0.225288 0.01 0.01
0 1.329647 0.260613 0.01 0.01
0 1.321400 0.242721 0.01 0.01
0 1.298493 0.255108 0.01 0.01
0 1.312237 0.258319 0.01 0.01
0 1.406999 0.022972 0.01 0.01
0 1.399668 0.057380 0.01 0.01
0 1.406999 0.067931 0.01 0.01
0 1.421659 0.066555 0.01 0.01
0 1.414329 0.050040 0.01 0.01
0 1.422117 0.043158 0.01 0.01
0 1.423950 0.014715 0.01 0.01
0 1.409289 0.006916 0.01 0.01
0 1.412496 0.088576 0.01 0.01
0 1.423492 0.104633 0.01 0.01
0 1.423492 0.091328 0.01 0.01
0 1.447773 0.111055 0.01 0.01
0 1.443192 0.084906 0.01 0.01
0 1.384550 0.170695 0.01 0.01
0 1.380426 0.189504 0.01 0.01
0 1.405166 0.124359 0.01 0.01
0 1.401501 0.169777 0.01 0.01
0 1.401959 0.183081 0.01 0.01
0 1.396461 0.195927 0.01 0.01
0 1.392338 0.208313 0.01 0.01
0 1.383633 0.200056 0.01 0.01
0 1.382717 0.213819 0.01 0.01
0 1.417078 0.217948 0.01 0.01
0 1.428989 0.205561 0.01 0.01
0 1.424866 0.186293 0.01 0.01
0 1.429447 0.169318 0.01 0.01
0 1.420743 0.173447 0.01 0.01
0 1.434487 0.144086 0.01 0.01
0 1.456478 0.140875 0.01 0.01
0 1.459685 0.163355 0.01 0.01
0 1.451438 0.185375 0.01 0.01
0 1.442275 0.169318 0.01 0.01
0 1.436320 0.192715 0.01 0.01
0 1.437236 0.240427 0.01 0.01
0 1.416619 0.243180 0.01 0.01
0 1.386382 0.249144 0.01 0.01
0 1.372638 0.251437 0.01 0.01
0 1.373096 0.239510 0.01 0.01
0 1.383633 0.239510 0.01 0.01
0 1.436778 0.228499 0.01 0.01
0 1.440901 0.219324 0.01 0.01
0 1.446857 0.229875 0.01 0.01
0 1.462434 0.217030 0.01 0.01
0 1.466099 0.227123 0.01 0.01
0 1.480759 0.221618 0.01 0.01
0 1.492213 0.222994 0.01 0.01
0 1.486257 0.253272 0.01 0.01
0 1.478010 0.151427 0.01 0.01
0 1.469306 0.106926 0.01 0.01
0 1.457852 0.096834 0.01 0.01
0 1.436778 0.064261 0.01 0.01
0 1.433571 0.049122 0.01 0.01
0 1.441817 0.016091 0.01 0.01
0 1.445940 0.056921 0.01 0.01
0 1.454645 0.044534 0.01 0.01
0 1.457394 0.067473 0.01 0.01
0 1.461517 0.081694 0.01 0.01
0 1.478010 0.090870 0.01 0.01
0 1.469306 0.070225 0.01 0.01
0 1.468847 0.052333 0.01 0.01
0 1.480759 0.043617 0.01 0.01
0 1.484424 0.057839 0.01 0.01
0 1.486257 0.068390 0.01 0.01
0 1.501375 0.076648 0.01 0.01
0 1.500459 0.087658 0.01 0.01
0 1.488089 0.102339 0.01 0.01
0 1.504582 0.100962 0.01 0.01
0 1.519701 0.103256 0.01 0.01
0 1.508248 0.114725 0.01 0.01
0 1.505957 0.153262 0.01 0.01
0 1.493129 0.172071 0.01 0.01
0 1.481217 0.166566 0.01 0.01
0 1.503208 0.172530 0.01 0.01
0 1.514661 0.182164 0.01 0.01
0 1.511913 0.198679 0.01 0.01
0 1.516036 0.156473 0.01 0.01
0 1.517868 0.169777 0.01 0.01
0 1.505957 0.223912 0.01 0.01
0 1.460050 0.021596 0.01 0.01
0 1.479292 0.005081 0.01 0.01
0 1.492578 0.003704 0.01 0.01
0 1.493495 0.011044 0.01 0.01
0 1.499451 0.022055 0.01 0.01
0 1.511362 0.006916 0.01 0.01
0 1.541599 0.028936 0.01 0.01
0 1.538392 0.008292 0.01 0.01
0 1.570920 0.010586 0.01 0.01
0 1.578709 0.030313 0.01 0.01
0 1.555802 0.028936 0.01 0.01
0 1.591995 0.006916 0.01 0.01
0 1.501283 0.054627 0.01 0.01
0 1.501283 0.063802 0.01 0.01
0 1.519609 0.061509 0.01 0.01
0 1.520983 0.052792 0.01 0.01
0 1.523274 0.034442 0.01 0.01
0 1.534727 0.053251 0.01 0.01
0 1.534269 0.072978 0.01 0.01
0 1.520525 0.079859 0.01 0.01
0 1.537018 0.096834 0.01 0.01
0 1.556718 0.096375 0.01 0.01
0 1.548013 0.074813 0.01 0.01
0 1.569546 0.072519 0.01 0.01
0 1.584665 0.074354 0.01 0.01
0 1.590162 0.059215 0.01 0.01
0 1.577792 0.092246 0.01 0.01
0 1.541141 0.121148 0.01 0.01
0 1.513653 0.125736 0.01 0.01
0 1.491204 0.125277 0.01 0.01
0 1.537018 0.158767 0.01 0.01
0 1.535644 0.169318 0.01 0.01
0 1.546181 0.135829 0.01 0.01
0 1.564965 0.139499 0.01 0.01
0 1.582374 0.139957 0.01 0.01
0 1.585581 0.150968 0.01 0.01
0 1.552595 0.170695 0.01 0.01
0 1.564048 0.178953 0.01 0.01
0 1.578251 0.177576 0.01 0.01
0 1.548013 0.219324 0.01 0.01
0 1.509530 0.260154 0.01 0.01
0 1.502657 0.250061 0.01 0.01
0 1.513195 0.246850 0.01 0.01
0 1.544806 0.252814 0.01 0.01
0 1.557634 0.251896 0.01 0.01
0 1.570920 0.245473 0.01 0.01
0 1.583290 0.258778 0.01 0.01
0 1.521441 0.124818 0.01 0.01
0 1.597951 0.107844 0.01 0.01
0 1.598409 0.136746 0.01 0.01
0 1.234187 0.272999 0.01 0.01
0 1.218611 0.289056 0.01 0.01
0 1.248390 0.290891 0.01 0.01
0 1.267632 0.280798 0.01 0.01
0 1.246557 0.273458 0.01 0.01
0 1.275420 0.268412 0.01 0.01
0 1.273129 0.254190 0.01 0.01
0 1.306115 0.288597 0.01 0.01
0 1.258469 0.329886 0.01 0.01
0 1.243350 0.325757 0.01 0.01
0 1.237852 0.317041 0.01 0.01
0 1.217236 0.330345 0.01 0.01
0 1.242434 0.347319 0.01 0.01
0 1.226399 0.346402 0.01 0.01
0 1.223650 0.357412 0.01 0.01
0 1.208990 0.359706 0.01 0.01
0 1.232813 0.367046 0.01 0.01
0 1.255262 0.361541 0.01 0.01
0 1.252055 0.343190 0.01 0.01
0 1.268090 0.342273 0.01 0.01
0 1.264883 0.362917 0.01 0.01
0 1.274962 0.364294 0.01 0.01
0 1.285957 0.343190 0.01 0.01
0 1.286415 0.322087 0.01 0.01
0 1.296036 0.297773 0.01 0.01
0 1.296036 0.320252 0.01 0.01
0 1.318943 0.300984 0.01 0.01
0 1.319860 0.282175 0.01 0.01
0 1.335894 0.277587 0.01 0.01
0 1.329022 0.294561 0.01 0.01
0 1.329481 0.306030 0.01 0.01
0 1.362925 0.291350 0.01 0.01
0 1.351929 0.261989 0.01 0.01
0 1.373462 0.277128 0.01 0.01
0 1.400034 0.278046 0.01 0.01
0 1.386290 0.279422 0.01 0.01
0 1.400492 0.292268 0.01 0.01
0 1.415611 0.273917 0.01 0.01
0 1.410571 0.261530 0.01 0.01
0 1.416985 0.285386 0.01 0.01
0 1.384457 0.290891 0.01 0.01
0 1.378960 0.307866 0.01 0.01
0 1.355594 0.322087 0.01 0.01
0 1.365674 0.314747 0.01 0.01
0 1.336353 0.317500 0.01 0.01
0 1.326732 0.328510 0.01 0.01
0 1.298327 0.341355 0.01 0.01
0 1.314362 0.352366 0.01 0.01
0 1.328564 0.342732 0.01 0.01
0 1.345057 0.345484 0.01 0.01
0 1.352388 0.336309 0.01 0.01
0 1.368422 0.337685 0.01 0.01
0 1.377127 0.328969 0.01 0.01
0 1.393620 0.306489 0.01 0.01
0 1.428439 0.307407 0.01 0.01
0 1.435769 0.300984 0.01 0.01
0 1.434395 0.285845 0.01 0.01
0 1.451804 0.281716 0.01 0.01
0 1.465090 0.286304 0.01 0.01
0 1.478834 0.283092 0.01 0.01
0 1.491662 0.292726 0.01 0.01
0 1.521441 0.285845 0.01 0.01
0 1.525564 0.257401 0.01 0.01
0 1.528313 0.243638 0.01 0.01
0 1.562216 0.260154 0.01 0.01
0 1.548013 0.298231 0.01 0.01
0 1.516402 0.310159 0.01 0.01
0 1.508155 0.304654 0.01 0.01
0 1.502657 0.295020 0.01 0.01
0 1.523274 0.302360 0.01 0.01
0 1.469671 0.319793 0.01 0.01
0 1.451804 0.313371 0.01 0.01
0 1.447681 0.324840 0.01 0.01
0 1.432562 0.329886 0.01 0.01
0 1.419276 0.331263 0.01 0.01
0 1.390413 0.339520 0.01 0.01
0 1.414236 0.343190 0.01 0.01
0 1.398660 0.359247 0.01 0.01
0 1.356511 0.356953 0.01 0.01
0 1.282750 0.355577 0.01 0.01
0 1.247473 0.375763 0.01 0.01
0 1.241059 0.387232 0.01 0.01
0 1.225025 0.387232 0.01 0.01
0 1.217236 0.377139 0.01 0.01
0 1.205325 0.383103 0.01 0.01
0 1.264425 0.384479 0.01 0.01
0 1.282292 0.372551 0.01 0.01
0 1.294204 0.378057 0.01 0.01
0 1.313904 0.371175 0.01 0.01
0 1.338185 0.358330 0.01 0.01
0 1.345974 0.383103 0.01 0.01
0 1.361092 0.372551 0.01 0.01
0 1.372546 0.387232 0.01 0.01
0 1.370713 0.369340 0.01 0.01
0 1.368881 0.356495 0.01 0.01
0 1.381250 0.373010 0.01 0.01
0 1.432104 0.356495 0.01 0.01
0 1.430729 0.367964 0.01 0.01
0 1.449055 0.361082 0.01 0.01
0 1.449513 0.341355 0.01 0.01
0 1.465548 0.331721 0.01 0.01
0 1.468297 0.345484 0.01 0.01
0 1.474711 0.356036 0.01 0.01
0 1.463257 0.362000 0.01 0.01
0 1.488913 0.347778 0.01 0.01
0 1.496702 0.336309 0.01 0.01
0 1.479292 0.307407 0.01 0.01
0 1.453636 0.300525 0.01 0.01
0 1.390871 0.266118 0.01 0.01
0 1.527397 0.359706 0.01 0.01
0 1.506323 0.353283 0.01 0.01
0 1.534727 0.311536 0.01 0.01
0 1.524190 0.334474 0.01 0.01
0 1.537934 0.327592 0.01 0.01
0 1.561299 0.313371 0.01 0.01
0 1.565423 0.303737 0.01 0.01
0 1.580083 0.269788 0.01 0.01
0 1.591995 0.293185 0.01 0.01
0 1.597951 0.307407 0.01 0.01
0 1.590620 0.320252 0.01 0.01
0 1.579167 0.319335 0.01 0.01
0 1.585581 0.350072 0.01 0.01
0 1.582374 0.336309 0.01 0.01
0 1.595202 0.339520 0.01 0.01
0 1.573669 0.355118 0.01 0.01
0 1.554427 0.364294 0.01 0.01
0 1.532895 0.350989 0.01 0.01
0 1.532895 0.369340 0.01 0.01
0 1.504032 0.375763 0.01 0.01
0 1.492578 0.378057 0.01 0.01
0 1.466006 0.387232 0.01 0.01
0 1.467839 0.375304 0.01 0.01
0 1.452720 0.378057 0.01 0.01
0 1.454095 0.389984 0.01 0.01
0 1.433478 0.391820 0.01 0.01
0 1.408281 0.389526 0.01 0.01
0 1.393620 0.387691 0.01 0.01
0 1.444016 0.394113 0.01 0.01
0 1.258927 0.410170 0.01 0.01
0 1.247015 0.402830 0.01 0.01
0 1.254804 0.391820 0.01 0.01
0 1.241059 0.417510 0.01 0.01
0 1.217236 0.397325 0.01 0.01
0 1.237394 0.438155 0.01 0.01
0 1.256636 0.435861 0.01 0.01
0 1.283208 0.429897 0.01 0.01
0 1.266715 0.397783 0.01 0.01
0 1.274962 0.398242 0.01 0.01
0 1.296494 0.392737 0.01 0.01
0 1.312071 0.391361 0.01 0.01
0 1.335894 0.398701 0.01 0.01
0 1.344141 0.412005 0.01 0.01
0 1.325815 0.421639 0.01 0.01
0 1.298327 0.415217 0.01 0.01
0 1.300618 0.434485 0.01 0.01
0 1.311155 0.434026 0.01 0.01
0 1.310697 0.423474 0.01 0.01
0 1.287790 0.450541 0.01 0.01
0 1.298785 0.445495 0.01 0.01
0 1.273587 0.423933 0.01 0.01
0 1.272213 0.456964 0.01 0.01
0 1.279543 0.461093 0.01 0.01
0 1.321692 0.463387 0.01 0.01
0 1.335436 0.453294 0.01 0.01
0 1.377127 0.427144 0.01 0.01
0 1.366132 0.413382 0.01 0.01
0 1.413320 0.401912 0.01 0.01
0 1.396827 0.420263 0.01 0.01
0 1.417443 0.438155 0.01 0.01
0 1.392246 0.449624 0.01 0.01
0 1.346890 0.440449 0.01 0.01
0 1.365674 0.434026 0.01 0.01
0 1.357885 0.434485 0.01 0.01
0 1.404157 0.454212 0.01 0.01
0 1.394536 0.462469 0.01 0.01
0 1.383999 0.468892 0.01 0.01
0 1.365674 0.470727 0.01 0.01
0 1.374378 0.467516 0.01 0.01
0 1.422483 0.474397 0.01 0.01
0 1.433936 0.470268 0.01 0.01
0 1.444932 0.458340 0.01 0.01
0 1.447681 0.441825 0.01 0.01
0 1.443557 0.426686 0.01 0.01
0 1.437602 0.419345 0.01 0.01
0 1.455927 0.417969 0.01 0.01
0 1.468297 0.400536 0.01 0.01
0 1.484790 0.405582 0.01 0.01
0 1.487997 0.418887 0.01 0.01
0 1.475627 0.423016 0.01 0.01
0 1.469213 0.443201 0.01 0.01
0 1.463716 0.442284 0.01 0.01
0 1.480667 0.445954 0.01 0.01
0 1.495327 0.440449 0.01 0.01
0 1.494411 0.410629 0.01 0.01
0 1.504948 0.411088 0.01 0.01
0 1.504948 0.465681 0.01 0.01
0 1.516402 0.412464 0.01 0.01
0 1.538392 0.414299 0.01 0.01
0 1.558092 0.407876 0.01 0.01
0 1.556260 0.395490 0.01 0.01
0 1.577334 0.413382 0.01 0.01
0 1.594744 0.384021 0.01 0.01
0 1.574127 0.378057 0.01 0.01
0 1.584206 0.382644 0.01 0.01
0 1.585123 0.367505 0.01 0.01
0 1.593369 0.371175 0.01 0.01
0 1.568630 0.451459 0.01 0.01
0 1.540225 0.453753 0.01 0.01
0 1.525106 0.449165 0.01 0.01
0 1.596118 0.427603 0.01 0.01
0 1.598867 0.456047 0.01 0.01
0 1.114934 0.278046 0.01 0.01
0 1.107604 0.270247 0.01 0.01
0 1.131886 0.271623 0.01 0.01
0 1.096151 0.268870 0.01 0.01
0 1.097067 0.289974 0.01 0.01
0 1.091569 0.299149 0.01 0.01
0 1.111727 0.318876 0.01 0.01
0 1.109437 0.304654 0.01 0.01
0 1.123639 0.296396 0.01 0.01
0 1.114476 0.290891 0.01 0.01
0 1.137841 0.285386 0.01 0.01
0 1.145172 0.298690 0.01 0.01
0 1.152960 0.289515 0.01 0.01
0 1.163955 0.300984 0.01 0.01
0 1.173118 0.275752 0.01 0.01
0 1.163497 0.252814 0.01 0.01
0 1.145172 0.254190 0.01 0.01
0 1.195109 0.279422 0.01 0.01
0 1.217100 0.302360 0.01 0.01
0 1.189611 0.303278 0.01 0.01
0 1.199232 0.299608 0.01 0.01
0 1.159832 0.309242 0.01 0.01
0 1.147462 0.308783 0.01 0.01
0 1.147921 0.318876 0.01 0.01
0 1.140132 0.332180 0.01 0.01
0 1.136009 0.346861 0.01 0.01
0 1.132344 0.357412 0.01 0.01
0 1.122723 0.342273 0.01 0.01
0 1.110811 0.333098 0.01 0.01
0 1.110353 0.342732 0.01 0.01
0 1.118141 0.368881 0.01 0.01
0 1.109437 0.374845 0.01 0.01
0 1.092944 0.381727 0.01 0.01
0 1.113102 0.397325 0.01 0.01
0 1.122723 0.380809 0.01 0.01
0 1.139674 0.386773 0.01 0.01
0 1.171286 0.365211 0.01 0.01
0 1.152044 0.349613 0.01 0.01
0 1.179990 0.342732 0.01 0.01
0 1.160290 0.337226 0.01 0.01
0 1.150211 0.334933 0.01 0.01
0 1.167162 0.334474 0.01 0.01
0 1.174951 0.321628 0.01 0.01
0 1.166246 0.313371 0.01 0.01
0 1.191444 0.327592 0.01 0.01
0 1.191902 0.313829 0.01 0.01
0 1.196483 0.349613 0.01 0.01
0 1.190069 0.360624 0.01 0.01
0 1.178616 0.388608 0.01 0.01
0 1.182281 0.378974 0.01 0.01
0 1.193276 0.375763 0.01 0.01
0 1.201523 0.328051 0.01 0.01
0 1.201065 0.407418 0.01 0.01
0 1.103939 0.412923 0.01 0.01
0 1.096609 0.417510 0.01 0.01
0 1.058125 0.408794 0.01 0.01
0 1.063165 0.398242 0.01 0.01
0 1.138758 0.428521 0.01 0.01
0 1.148837 0.422098 0.01 0.01
0 1.165330 0.415217 0.01 0.01
0 1.156167 0.422557 0.01 0.01
0 1.166704 0.444578 0.01 0.01
0 1.193735 0.423933 0.01 0.01
0 1.188695 0.395948 0.01 0.01
0 1.186862 0.447789 0.01 0.01
0 1.178616 0.453753 0.01 0.01
0 1.238632 0.461552 0.01 0.01
0 1.243214 0.450083 0.01 0.01
0 1.407228 0.319793 0.01 0.01
0 1.416849 0.298690 0.01 0.01
0 1.074618 0.397325 0.01 0.01
0 1.082865 0.395948 0.01 0.01
0 1.321692 0.491372 0.01 0.01
0 1.257094 0.496877 0.01 0.01
0 1.269464 0.507887 0.01 0.01
0 1.269922 0.482655 0.01 0.01
0 1.270380 0.471645 0.01 0.01
0 1.361550 0.494583 0.01 0.01
0 1.361550 0.516145 0.01 0.01
0 1.374836 0.495500 0.01 0.01
0 1.372088 0.479902 0.01 0.01
0 1.420650 0.502382 0.01 0.01
0 1.412404 0.490454 0.01 0.01
0 1.455927 0.537248 0.01 0.01
0 1.518234 0.534954 0.01 0.01
0 1.482041 0.507887 0.01 0.01
0 1.528313 0.495500 0.01 0.01
0 1.455011 0.496418 0.01 0.01
0 1.438060 0.554222 0.01 0.01
0 1.439892 0.572573 0.01 0.01
0 1.344599 0.562021 0.01 0.01
0 1.338185 0.542294 0.01 0.01
0 1.263050 0.546882 0.01 0.01
0 1.252055 0.546423 0.01 0.01
0 1.224566 0.556057 0.01 0.01
0 1.215404 0.568903 0.01 0.01
0 1.231897 0.571197 0.01 0.01
0 1.250222 0.591841 0.01 0.01
0 1.241059 0.579913 0.01 0.01
0 1.270380 0.567985 0.01 0.01
0 1.259385 0.577619 0.01 0.01
0 1.283208 0.556516 0.01 0.01
0 1.282292 0.578078 0.01 0.01
0 1.290080 0.591841 0.01 0.01
0 1.306573 0.579913 0.01 0.01
0 1.193340 0.595052 0.01 0.01
0 1.235488 0.612944 0.01 0.01
0 1.251065 0.629919 0.01 0.01
0 1.231365 0.628542 0.01 0.01
0 1.204335 0.634506 0.01 0.01
0 1.213040 0.617073 0.01 0.01
0 1.305126 0.637259 0.01 0.01
0 1.313372 0.611568 0.01 0.01
0 1.315205 0.599640 0.01 0.01
0 1.190133 0.540918 0.01 0.01
0 1.185551 0.516145 0.01 0.01
0 1.169058 0.536331 0.01 0.01
0 1.202044 0.529908 0.01 0.01
0 1.222661 0.506511 0.01 0.01
0 1.215330 0.495042 0.01 0.01
0 1.211207 0.489537 0.01 0.01
0 1.169516 0.495500 0.01 0.01
0 1.183719 0.630377 0.01 0.01
0 1.176388 0.616156 0.01 0.01
0 1.171349 0.610192 0.01 0.01
0 1.162186 0.635883 0.01 0.01
0 1.491662 0.560186 0.01 0.01
0 1.489371 0.534495 0.01 0.01
0 1.450888 0.521191 0.01 0.01
0 1.544348 0.617073 0.01 0.01
0 1.458218 0.701027 0.01 0.01
0 1.359260 0.667079 0.01 0.01
0 1.223929 0.686806 0.01 0.01
0 1.243629 0.698275 0.01 0.01
0 1.260581 0.711120 0.01 0.01
0 1.293109 0.670749 0.01 0.01
0 1.312809 0.706991 0.01 0.01
0 1.370076 0.718919 0.01 0.01
0 1.355874 0.712038 0.01 0.01
0 1.387027 0.732223 0.01 0.01
0 1.419555 0.719837 0.01 0.01
0 1.392525 0.696898 0.01 0.01
0 1.433299 0.750574 0.01 0.01
0 1.422304 0.792321 0.01 0.01
0 1.224388 0.766172 0.01 0.01
0 1.149711 0.712955 0.01 0.01
0 1.139632 0.676254 0.01 0.01
0 1.130469 0.642764 0.01 0.01
0 1.130927 0.606522 0.01 0.01
0 1.089694 0.593217 0.01 0.01
0 1.125429 0.564315 0.01 0.01
0 1.118557 0.548717 0.01 0.01
0 1.180406 0.565692 0.01 0.01
0 1.151543 0.549176 0.01 0.01
0 1.138257 0.578078 0.01 0.01
0 1.119932 0.585418 0.01 0.01
0 1.142839 0.596429 0.01 0.01
0 1.158873 0.604687 0.01 0.01
0 1.128178 0.714331 0.01 0.01
0 1.272034 0.735893 0.01 0.01
0 1.303646 0.756538 0.01 0.01
0 1.333425 0.765713 0.01 0.01
0 1.414732 0.832693 0.01 0.01
0 1.473832 0.760208 0.01 0.01
0 1.493532 0.753785 0.01 0.01
0 1.295616 0.911142 0.01 0.01
0 1.199406 0.949678 0.01 0.01
0 1.320422 1.050606 0.01 0.01
0 1.400597 1.032714 0.01 0.01
0 1.539872 1.005647 0.01 0.01
0 1.580083 0.926740 0.01 0.01
0 1.597034 0.854255 0.01 0.01
0 1.597951 0.955183 0.01 0.01
0 1.428439 0.809296 0.01 0.01
0 1.322150 0.954266 0.01 0.01
0 1.485248 0.707909 0.01 0.01
0 1.473337 0.704697 0.01 0.01
0 1.520067 0.720754 0.01 0.01
0 1.546639 0.729012 0.01 0.01
0 1.566339 0.748739 0.01 0.01
0 1.558551 0.764337 0.01 0.01
0 1.577334 0.799662 0.01 0.01
0 1.523274 0.783146 0.01 0.01
0 1.579167 0.739105 0.01 0.01
0 1.587872 0.749656 0.01 0.01
0 1.583748 0.764796 0.01 0.01
0 1.325357 0.647810 0.01 0.01
0 0.947310 0.368881 0.01 0.01
0 0.961055 0.366129 0.01 0.01
0 0.972050 0.389526 0.01 0.01
0 0.981213 0.374386 0.01 0.01
0 0.990834 0.390902 0.01 0.01
0 0.992666 0.377139 0.01 0.01
0 0.998164 0.369340 0.01 0.01
0 1.007785 0.394572 0.01 0.01
0 1.021529 0.391361 0.01 0.01
0 1.042145 0.395490 0.01 0.01
0 0.895473 0.445495 0.01 0.01
0 0.900513 0.487701 0.01 0.01
0 0.900513 0.479902 0.01 0.01
0 0.899597 0.467057 0.01 0.01
0 0.907843 0.465222 0.01 0.01
0 0.928460 0.512934 0.01 0.01
0 0.918839 0.492748 0.01 0.01
0 0.899597 0.501923 0.01 0.01
0 0.900971 0.519815 0.01 0.01
0 0.895015 0.536789 0.01 0.01
0 0.922046 0.545506 0.01 0.01
0 0.945869 0.578996 0.01 0.01
0 0.998555 0.540459 0.01 0.01
0 0.976564 0.549635 0.01 0.01
0 0.976564 0.528532 0.01 0.01
0 0.964194 0.517521 0.01 0.01
0 0.970608 0.499629 0.01 0.01
0 0.961446 0.473938 0.01 0.01
0 0.949076 0.455129 0.01 0.01
0 1.010008 0.469351 0.01 0.01
0 1.020546 0.484031 0.01 0.01
0 1.013215 0.489537 0.01 0.01
0 1.018713 0.509263 0.01 0.01
0 1.037039 0.524403 0.01 0.01
0 1.037955 0.547800 0.01 0.01
0 1.048034 0.562939 0.01 0.01
0 1.057655 0.547800 0.01 0.01
0 1.094306 0.512016 0.01 0.01
0 1.069109 0.511098 0.01 0.01
0 1.071857 0.491372 0.01 0.01
0 1.056739 0.485866 0.01 0.01
0 1.060404 0.471186 0.01 0.01
0 1.069109 0.471186 0.01 0.01
0 0.991683 0.461552 0.01 0.01
0 1.013215 0.460176 0.01 0.01
0 1.075064 0.569362 0.01 0.01
0 1.060404 0.574867 0.01 0.01
0 1.149283 0.517980 0.01 0.01
0 1.129125 0.505593 0.01 0.01
0 1.129583 0.518897 0.01 0.01
0 1.141495 0.498253 0.01 0.01
0 1.102553 0.471186 0.01 0.01
0 1.108967 0.483114 0.01 0.01
0 1.089725 0.536789 0.01 0.01
0 1.096139 0.553764 0.01 0.01
0 0.772199 0.523944 0.01 0.01
0 0.824885 0.526238 0.01 0.01
0 0.825344 0.505593 0.01 0.01
0 0.821678 0.474856 0.01 0.01
0 0.827176 0.484490 0.01 0.01
0 0.830383 0.466598 0.01 0.01
0 0.828551 0.456047 0.01 0.01
0 0.830383 0.448248 0.01 0.01
0 0.848709 0.527155 0.01 0.01
0 0.844585 0.559269 0.01 0.01
0 0.850999 0.580372 0.01 0.01
0 0.864744 0.576702 0.01 0.01
0 0.887192 0.630377 0.01 0.01
0 0.842295 0.502382 0.01 0.01
0 0.727760 0.502382 0.01 0.01
0 0.585444 0.511098 0.01 0.01
0 0.612933 0.528990 0.01 0.01
0 0.501834 0.495042 0.01 0.01
0 0.467931 0.497794 0.01 0.01
0 0.371722 0.614321 0.01 0.01
0 0.504305 0.821453 0.01 0.01
0 0.099309 1.043495 0.01 0.01
0 0.031504 1.012299 0.01 0.01
