0 0.699362 0.534970 0.01 0.01
0 0.759044 0.512172 0.01 0.01
0 0.805115 0.510100 0.01 0.01
0 0.793598 0.472794 0.01 0.01
0 0.811398 0.459322 0.01 0.01
0 0.820821 0.440670 0.01 0.01
0 0.856421 0.473830 0.01 0.01
0 0.851186 0.425126 0.01 0.01
0 0.885739 0.437561 0.01 0.01
0 0.912963 0.460359 0.01 0.01
0 0.883645 0.498701 0.01 0.01
0 0.841762 0.528752 0.01 0.01
0 0.866892 0.587820 0.01 0.01
0 0.797786 0.577457 0.01 0.01
0 0.716115 0.589892 0.01 0.01
0 0.649103 0.572276 0.01 0.01
0 0.628161 0.541188 0.01 0.01
0 0.601985 0.519426 0.01 0.01
0 0.581044 0.516317 0.01 0.01
0 0.572667 0.561913 0.01 0.01
0 0.564291 0.538079 0.01 0.01
0 0.553820 0.528752 0.01 0.01
0 0.579996 0.596110 0.01 0.01
0 0.587326 0.578493 0.01 0.01
0 0.534973 0.572276 0.01 0.01
0 0.528690 0.594037 0.01 0.01
0 0.896210 0.542224 0.01 0.01
0 0.926575 0.574348 0.01 0.01
0 0.915057 0.427198 0.01 0.01
0 0.892022 0.419944 0.01 0.01
0 0.885739 0.406473 0.01 0.01
0 0.870033 0.410618 0.01 0.01
0 0.911916 0.389892 0.01 0.01
0 0.917151 0.400255 0.01 0.01
0 0.930763 0.411654 0.01 0.01
0 0.634444 0.504918 0.01 0.01
0 0.645962 0.487302 0.01 0.01
0 0.666903 0.489374 0.01 0.01
0 0.672138 0.470721 0.01 0.01
0 0.698315 0.482120 0.01 0.01
0 0.683656 0.512172 0.01 0.01
0 0.686797 0.494556 0.01 0.01
0 0.734962 0.446887 0.01 0.01
0 0.716115 0.466576 0.01 0.01
0 0.760091 0.423053 0.01 0.01
0 0.795692 0.429271 0.01 0.01
0 0.794645 0.404400 0.01 0.01
0 0.810351 0.416835 0.01 0.01
0 0.829198 0.415799 0.01 0.01
0 0.934951 0.366058 0.01 0.01
0 0.499373 0.560877 0.01 0.01
0 0.492043 0.596110 0.01 0.01
0 0.459584 0.566058 0.01 0.01
0 0.420843 0.576421 0.01 0.01
0 0.395713 0.575385 0.01 0.01
0 0.365348 0.586784 0.01 0.01
0 0.368490 0.573312 0.01 0.01
0 0.361160 0.556732 0.01 0.01
0 0.390478 0.550514 0.01 0.01
0 0.376866 0.548442 0.01 0.01
0 0.390478 0.525644 0.01 0.01
0 0.419796 0.536006 0.01 0.01
0 0.410372 0.544297 0.01 0.01
0 0.413513 0.515281 0.01 0.01
0 0.442831 0.513208 0.01 0.01
0 0.439690 0.499737 0.01 0.01
0 0.480525 0.522535 0.01 0.01
0 0.467961 0.541188 0.01 0.01
0 0.444925 0.542224 0.01 0.01
0 0.475290 0.502846 0.01 0.01
0 0.458537 0.506991 0.01 0.01
0 0.466914 0.487302 0.01 0.01
0 0.487855 0.484193 0.01 0.01
0 0.499373 0.497664 0.01 0.01
0 0.520314 0.486265 0.01 0.01
0 0.488902 0.506991 0.01 0.01
0 0.514031 0.512172 0.01 0.01
0 0.515079 0.530825 0.01 0.01
0 0.530784 0.513208 0.01 0.01
0 0.552773 0.501809 0.01 0.01
0 0.571620 0.493519 0.01 0.01
0 0.592561 0.485229 0.01 0.01
0 0.604079 0.500773 0.01 0.01
0 0.616644 0.464504 0.01 0.01
0 0.597797 0.462431 0.01 0.01
0 0.569526 0.454141 0.01 0.01
0 0.531832 0.439633 0.01 0.01
0 0.573714 0.444815 0.01 0.01
0 0.585232 0.438597 0.01 0.01
0 0.612455 0.440670 0.01 0.01
0 0.625020 0.441706 0.01 0.01
0 0.644914 0.416835 0.01 0.01
0 0.628161 0.425126 0.01 0.01
0 0.682609 0.405436 0.01 0.01
0 0.703550 0.423053 0.01 0.01
0 0.725538 0.417872 0.01 0.01
0 0.714021 0.412690 0.01 0.01
0 0.705644 0.400255 0.01 0.01
0 0.717162 0.394037 0.01 0.01
0 0.732868 0.391965 0.01 0.01
0 0.749621 0.410618 0.01 0.01
0 0.763233 0.403364 0.01 0.01
0 0.755903 0.381602 0.01 0.01
0 0.773703 0.382638 0.01 0.01
0 0.796739 0.381602 0.01 0.01
0 0.826057 0.387820 0.01 0.01
0 0.860610 0.365022 0.01 0.01
0 0.894116 0.363986 0.01 0.01
0 0.888880 0.353623 0.01 0.01
0 0.846998 0.374348 0.01 0.01
0 0.919245 0.345333 0.01 0.01
0 0.933904 0.346369 0.01 0.01
0 0.326869 0.578234 0.01 0.01
0 0.314304 0.546110 0.01 0.01
0 0.330010 0.549219 0.01 0.01
0 0.332104 0.529012 0.01 0.01
0 0.348857 0.534193 0.01 0.01
0 0.360898 0.519167 0.01 0.01
0 0.350428 0.521758 0.01 0.01
0 0.341004 0.518131 0.01 0.01
0 0.337863 0.508804 0.01 0.01
0 0.358804 0.504141 0.01 0.01
0 0.352522 0.497405 0.01 0.01
0 0.392834 0.504141 0.01 0.01
0 0.425293 0.507768 0.01 0.01
0 0.415346 0.487043 0.01 0.01
0 0.431052 0.483934 0.01 0.01
0 0.400687 0.486006 0.01 0.01
0 0.382887 0.489633 0.01 0.01
0 0.373987 0.490151 0.01 0.01
0 0.445187 0.489633 0.01 0.01
0 0.445711 0.474089 0.01 0.01
0 0.454087 0.464763 0.01 0.01
0 0.469269 0.476162 0.01 0.01
0 0.487593 0.455955 0.01 0.01
0 0.500681 0.464245 0.01 0.01
0 0.511152 0.454400 0.01 0.01
0 0.508534 0.441965 0.01 0.01
0 0.310639 0.573571 0.01 0.01
0 0.295980 0.567872 0.01 0.01
0 0.289174 0.556473 0.01 0.01
0 0.270851 0.586006 0.01 0.01
0 0.262998 0.580307 0.01 0.01
0 0.248863 0.577198 0.01 0.01
0 0.272421 0.565799 0.01 0.01
0 0.273469 0.547146 0.01 0.01
0 0.284986 0.582379 0.01 0.01
0 0.295457 0.595851 0.01 0.01
0 0.236298 0.593260 0.01 0.01
0 0.216927 0.587561 0.01 0.01
0 0.181327 0.597923 0.01 0.01
0 0.168762 0.596887 0.01 0.01
0 0.168239 0.582379 0.01 0.01
0 0.186562 0.585488 0.01 0.01
0 0.193368 0.570462 0.01 0.01
0 0.200698 0.561136 0.01 0.01
0 0.217451 0.568908 0.01 0.01
0 0.221639 0.555955 0.01 0.01
0 0.213786 0.551291 0.01 0.01
0 0.237345 0.543001 0.01 0.01
0 0.277657 0.536784 0.01 0.01
0 0.248339 0.547664 0.01 0.01
0 0.250433 0.541447 0.01 0.01
0 0.142062 0.597923 0.01 0.01
0 0.132638 0.576680 0.01 0.01
0 0.146250 0.579271 0.01 0.01
0 0.145727 0.561136 0.01 0.01
0 0.125833 0.560618 0.01 0.01
0 0.128974 0.537820 0.01 0.01
0 0.121644 0.553364 0.01 0.01
0 0.103844 0.562690 0.01 0.01
0 0.106985 0.580825 0.01 0.01
0 0.097038 0.573053 0.01 0.01
0 0.104368 0.594297 0.01 0.01
0 0.115885 0.597923 0.01 0.01
0 0.155150 0.540411 0.01 0.01
0 0.136303 0.533157 0.01 0.01
0 0.146774 0.528493 0.01 0.01
0 0.155674 0.524866 0.01 0.01
0 0.173997 0.525903 0.01 0.01
0 0.170333 0.539892 0.01 0.01
0 0.179233 0.543519 0.01 0.01
0 0.184992 0.534193 0.01 0.01
0 0.188656 0.523312 0.01 0.01
0 0.195986 0.518649 0.01 0.01
0 0.206456 0.528493 0.01 0.01
0 0.193892 0.541447 0.01 0.01
0 0.189703 0.556991 0.01 0.01
0 0.174521 0.560618 0.01 0.01
0 0.162480 0.558545 0.01 0.01
0 0.225304 0.526939 0.01 0.01
0 0.210121 0.540411 0.01 0.01
0 0.230015 0.536265 0.01 0.01
0 0.250957 0.522276 0.01 0.01
0 0.247292 0.515540 0.01 0.01
0 0.260380 0.531084 0.01 0.01
0 0.268757 0.521240 0.01 0.01
0 0.264045 0.506214 0.01 0.01
0 0.273992 0.508804 0.01 0.01
0 0.293363 0.510359 0.01 0.01
0 0.299122 0.525385 0.01 0.01
0 0.308022 0.520203 0.01 0.01
0 0.326345 0.505177 0.01 0.01
0 0.310116 0.505177 0.01 0.01
0 0.339957 0.494815 0.01 0.01
0 0.330534 0.490670 0.01 0.01
0 0.322157 0.480825 0.01 0.01
0 0.317969 0.493778 0.01 0.01
0 0.253574 0.505695 0.01 0.01
0 0.240486 0.505177 0.01 0.01
0 0.230015 0.504659 0.01 0.01
0 0.382887 0.477198 0.01 0.01
0 0.361945 0.467354 0.01 0.01
0 0.355140 0.483934 0.01 0.01
0 0.350951 0.476162 0.01 0.01
0 0.344669 0.462690 0.01 0.01
0 0.335245 0.483934 0.01 0.01
0 0.332104 0.460618 0.01 0.01
0 0.323204 0.465799 0.01 0.01
0 0.355663 0.451809 0.01 0.01
0 0.368751 0.449737 0.01 0.01
0 0.378175 0.454400 0.01 0.01
0 0.394928 0.461136 0.01 0.01
0 0.394928 0.475644 0.01 0.01
0 0.410110 0.466317 0.01 0.01
0 0.414822 0.455436 0.01 0.01
0 0.432622 0.461136 0.01 0.01
0 0.447805 0.458545 0.01 0.01
0 0.462987 0.456473 0.01 0.01
0 0.452516 0.449219 0.01 0.01
0 0.448852 0.439374 0.01 0.01
0 0.459322 0.431602 0.01 0.01
0 0.481311 0.450773 0.01 0.01
0 0.482358 0.442483 0.01 0.01
0 0.488640 0.416576 0.01 0.01
0 0.473981 0.434193 0.01 0.01
0 0.473981 0.409841 0.01 0.01
0 0.459322 0.413467 0.01 0.01
0 0.467699 0.416058 0.01 0.01
0 0.479217 0.386524 0.01 0.01
0 0.499111 0.399478 0.01 0.01
0 0.508011 0.408804 0.01 0.01
0 0.505917 0.432120 0.01 0.01
0 0.489687 0.426939 0.01 0.01
0 0.515340 0.408804 0.01 0.01
0 0.535758 0.404141 0.01 0.01
0 0.533664 0.394815 0.01 0.01
0 0.546752 0.405695 0.01 0.01
0 0.537329 0.416576 0.01 0.01
0 0.520576 0.423830 0.01 0.01
0 0.543611 0.426421 0.01 0.01
0 0.548323 0.431602 0.01 0.01
0 0.555129 0.421240 0.01 0.01
0 0.552511 0.398960 0.01 0.01
0 0.558793 0.395333 0.01 0.01
0 0.545705 0.391188 0.01 0.01
0 0.555652 0.379271 0.01 0.01
0 0.558793 0.389115 0.01 0.01
0 0.527905 0.386006 0.01 0.01
0 0.531046 0.369426 0.01 0.01
0 0.547799 0.370980 0.01 0.01
0 0.553558 0.372535 0.01 0.01
0 0.460369 0.386524 0.01 0.01
0 0.457228 0.399478 0.01 0.01
0 0.443616 0.405695 0.01 0.01
0 0.443093 0.417094 0.01 0.01
0 0.443616 0.425903 0.01 0.01
0 0.443616 0.433157 0.01 0.01
0 0.433669 0.437820 0.01 0.01
0 0.435240 0.424348 0.01 0.01
0 0.420057 0.420203 0.01 0.01
0 0.425293 0.426939 0.01 0.01
0 0.416916 0.439374 0.01 0.01
0 0.409063 0.444037 0.01 0.01
0 0.398593 0.451291 0.01 0.01
0 0.403304 0.458027 0.01 0.01
0 0.104368 0.518131 0.01 0.01
0 0.110127 0.531084 0.01 0.01
0 0.098609 0.535229 0.01 0.01
0 0.102797 0.530048 0.01 0.01
0 0.122691 0.522794 0.01 0.01
0 0.126356 0.530566 0.01 0.01
0 0.132638 0.520203 0.01 0.01
0 0.128450 0.512431 0.01 0.01
0 0.119550 0.512431 0.01 0.01
0 0.113268 0.505695 0.01 0.01
0 0.099656 0.497405 0.01 0.01
0 0.099132 0.504659 0.01 0.01
0 0.108032 0.497923 0.01 0.01
0 0.120597 0.490151 0.01 0.01
0 0.117980 0.482898 0.01 0.01
0 0.108032 0.491706 0.01 0.01
0 0.124785 0.497923 0.01 0.01
0 0.135256 0.497923 0.01 0.01
0 0.140491 0.508804 0.01 0.01
0 0.139444 0.518131 0.01 0.01
0 0.155150 0.499478 0.01 0.01
0 0.150962 0.492742 0.01 0.01
0 0.146774 0.481343 0.01 0.01
0 0.138921 0.483934 0.01 0.01
0 0.134209 0.489633 0.01 0.01
0 0.164050 0.482898 0.01 0.01
0 0.170333 0.495333 0.01 0.01
0 0.177139 0.498960 0.01 0.01
0 0.178709 0.506214 0.01 0.01
0 0.191274 0.504659 0.01 0.01
0 0.158815 0.514504 0.01 0.01
0 0.181327 0.489633 0.01 0.01
0 0.179756 0.479271 0.01 0.01
0 0.194415 0.482379 0.01 0.01
0 0.196509 0.493260 0.01 0.01
0 0.208551 0.491706 0.01 0.01
0 0.206980 0.483416 0.01 0.01
0 0.199127 0.474607 0.01 0.01
0 0.189703 0.470980 0.01 0.01
0 0.180803 0.467872 0.01 0.01
0 0.176092 0.471499 0.01 0.01
0 0.168239 0.459581 0.01 0.01
0 0.158292 0.466317 0.01 0.01
0 0.138921 0.466835 0.01 0.01
0 0.126880 0.465281 0.01 0.01
0 0.121121 0.463208 0.01 0.01
0 0.111174 0.467872 0.01 0.01
0 0.108556 0.480825 0.01 0.01
0 0.100179 0.468390 0.01 0.01
0 0.100703 0.458027 0.01 0.01
0 0.098609 0.450773 0.01 0.01
0 0.097038 0.445592 0.01 0.01
0 0.097038 0.439892 0.01 0.01
0 0.109603 0.445592 0.01 0.01
0 0.123738 0.452846 0.01 0.01
0 0.130544 0.449737 0.01 0.01
0 0.134209 0.442483 0.01 0.01
0 0.121121 0.440929 0.01 0.01
0 0.115362 0.437820 0.01 0.01
0 0.114315 0.427975 0.01 0.01
0 0.108556 0.430048 0.01 0.01
0 0.100703 0.432638 0.01 0.01
0 0.095468 0.420721 0.01 0.01
0 0.108556 0.418131 0.01 0.01
0 0.120074 0.418649 0.01 0.01
0 0.134209 0.423312 0.01 0.01
0 0.153580 0.435229 0.01 0.01
0 0.143633 0.443519 0.01 0.01
0 0.159339 0.446628 0.01 0.01
0 0.160909 0.453882 0.01 0.01
0 0.178186 0.453882 0.01 0.01
0 0.184468 0.447146 0.01 0.01
0 0.189180 0.444037 0.01 0.01
0 0.194939 0.441447 0.01 0.01
0 0.181327 0.431084 0.01 0.01
0 0.169809 0.435747 0.01 0.01
0 0.164574 0.426939 0.01 0.01
0 0.165097 0.417613 0.01 0.01
0 0.155150 0.411395 0.01 0.01
0 0.163527 0.404141 0.01 0.01
0 0.173474 0.410359 0.01 0.01
0 0.146774 0.412949 0.01 0.01
0 0.186562 0.408804 0.01 0.01
0 0.186562 0.418649 0.01 0.01
0 0.177662 0.418649 0.01 0.01
0 0.176615 0.424866 0.01 0.01
0 0.194939 0.404659 0.01 0.01
0 0.196509 0.417094 0.01 0.01
0 0.197033 0.424866 0.01 0.01
0 0.204886 0.429012 0.01 0.01
0 0.212739 0.445592 0.01 0.01
0 0.201221 0.447146 0.01 0.01
0 0.189703 0.452846 0.01 0.01
0 0.183945 0.458027 0.01 0.01
0 0.228445 0.459581 0.01 0.01
0 0.234204 0.447146 0.01 0.01
0 0.220592 0.440929 0.01 0.01
0 0.234727 0.439892 0.01 0.01
0 0.250433 0.439892 0.01 0.01
0 0.237345 0.495333 0.01 0.01
0 0.244674 0.487043 0.01 0.01
0 0.232633 0.482898 0.01 0.01
0 0.242580 0.478752 0.01 0.01
0 0.232110 0.469944 0.01 0.01
0 0.223995 0.426162 0.01 0.01
0 0.078453 0.589892 0.01 0.01
0 0.053323 0.589892 0.01 0.01
0 0.053323 0.581602 0.01 0.01
0 0.065888 0.578493 0.01 0.01
0 0.063794 0.561913 0.01 0.01
0 0.050182 0.565022 0.01 0.01
0 0.041806 0.571240 0.01 0.01
0 0.027147 0.569167 0.01 0.01
0 0.030288 0.583675 0.01 0.01
0 0.013535 0.593001 0.01 0.01
0 0.012488 0.582638 0.01 0.01
0 0.012488 0.568131 0.01 0.01
0 0.005158 0.562949 0.01 0.01
0 0.016676 0.558804 0.01 0.01
0 0.013535 0.551550 0.01 0.01
0 0.006205 0.549478 0.01 0.01
0 0.026100 0.553623 0.01 0.01
0 0.034476 0.544297 0.01 0.01
0 0.024006 0.531861 0.01 0.01
0 0.016676 0.531861 0.01 0.01
0 0.010394 0.534970 0.01 0.01
0 0.006205 0.518390 0.01 0.01
0 0.019817 0.519426 0.01 0.01
0 0.037617 0.520462 0.01 0.01
0 0.040759 0.531861 0.01 0.01
0 0.056465 0.527716 0.01 0.01
0 0.060653 0.533934 0.01 0.01
0 0.071123 0.539115 0.01 0.01
0 0.070076 0.555695 0.01 0.01
0 0.088924 0.568131 0.01 0.01
0 0.086829 0.576421 0.01 0.01
0 0.071123 0.525644 0.01 0.01
0 0.096253 0.529789 0.01 0.01
0 0.092065 0.518390 0.01 0.01
0 0.079500 0.508027 0.01 0.01
0 0.083688 0.517354 0.01 0.01
0 0.082641 0.526680 0.01 0.01
0 0.085782 0.541188 0.01 0.01
0 0.070076 0.518390 0.01 0.01
0 0.061700 0.512172 0.01 0.01
0 0.048088 0.518390 0.01 0.01
0 0.041806 0.510100 0.01 0.01
0 0.026100 0.513208 0.01 0.01
0 0.015629 0.513208 0.01 0.01
0 0.013535 0.506991 0.01 0.01
0 0.017723 0.495592 0.01 0.01
0 0.027147 0.500773 0.01 0.01
0 0.033429 0.497664 0.01 0.01
0 0.006205 0.492483 0.01 0.01
0 0.004111 0.481084 0.01 0.01
0 0.003064 0.466576 0.01 0.01
0 0.017723 0.465540 0.01 0.01
0 0.032382 0.474866 0.01 0.01
0 0.030288 0.465540 0.01 0.01
0 0.043900 0.459322 0.01 0.01
0 0.042853 0.489374 0.01 0.01
0 0.027147 0.486265 0.01 0.01
0 0.016676 0.484193 0.01 0.01
0 0.050182 0.498701 0.01 0.01
0 0.060653 0.491447 0.01 0.01
0 0.074265 0.495592 0.01 0.01
0 0.059606 0.486265 0.01 0.01
0 0.045994 0.473830 0.01 0.01
0 0.039712 0.483157 0.01 0.01
0 0.062747 0.474866 0.01 0.01
0 0.062747 0.463467 0.01 0.01
0 0.078453 0.464504 0.01 0.01
0 0.086829 0.460359 0.01 0.01
0 0.083688 0.472794 0.01 0.01
0 0.089971 0.482120 0.01 0.01
0 0.098347 0.490411 0.01 0.01
0 0.073218 0.486265 0.01 0.01
0 0.073218 0.475903 0.01 0.01
0 0.084735 0.432379 0.01 0.01
0 0.073218 0.428234 0.01 0.01
0 0.074265 0.459322 0.01 0.01
0 0.065888 0.448960 0.01 0.01
0 0.053323 0.442742 0.01 0.01
0 0.038664 0.445851 0.01 0.01
0 0.032382 0.449996 0.01 0.01
0 0.022958 0.449996 0.01 0.01
0 0.011441 0.453105 0.01 0.01
0 0.003064 0.456214 0.01 0.01
0 0.002017 0.439633 0.01 0.01
0 0.013535 0.440670 0.01 0.01
0 0.025053 0.444815 0.01 0.01
0 0.032382 0.440670 0.01 0.01
0 0.031335 0.432379 0.01 0.01
0 0.019817 0.429271 0.01 0.01
0 0.007253 0.428234 0.01 0.01
0 0.006205 0.416835 0.01 0.01
0 0.014582 0.418908 0.01 0.01
0 0.027147 0.418908 0.01 0.01
0 0.036570 0.413727 0.01 0.01
0 0.045994 0.414763 0.01 0.01
0 0.051229 0.423053 0.01 0.01
0 0.040759 0.428234 0.01 0.01
0 0.064841 0.424089 0.01 0.01
0 0.061700 0.438597 0.01 0.01
0 0.072170 0.413727 0.01 0.01
0 0.060653 0.405436 0.01 0.01
0 0.047041 0.405436 0.01 0.01
0 0.036570 0.403364 0.01 0.01
0 0.028194 0.398183 0.01 0.01
0 0.016676 0.395074 0.01 0.01
0 0.013535 0.402328 0.01 0.01
0 0.010394 0.384711 0.01 0.01
0 0.022958 0.384711 0.01 0.01
0 0.035523 0.387820 0.01 0.01
0 0.051229 0.390929 0.01 0.01
0 0.056465 0.400255 0.01 0.01
0 0.061700 0.394037 0.01 0.01
0 0.069029 0.395074 0.01 0.01
0 0.082641 0.397146 0.01 0.01
0 0.094159 0.404400 0.01 0.01
0 0.106724 0.408545 0.01 0.01
0 0.099394 0.397146 0.01 0.01
0 0.114053 0.398183 0.01 0.01
0 0.129759 0.408545 0.01 0.01
0 0.130806 0.400255 0.01 0.01
0 0.141277 0.404400 0.01 0.01
0 0.146512 0.399219 0.01 0.01
0 0.131853 0.394037 0.01 0.01
0 0.121383 0.391965 0.01 0.01
0 0.106724 0.388856 0.01 0.01
0 0.087876 0.390929 0.01 0.01
0 0.079500 0.379530 0.01 0.01
0 0.073218 0.384711 0.01 0.01
0 0.062747 0.384711 0.01 0.01
0 0.045994 0.377457 0.01 0.01
0 0.059606 0.372276 0.01 0.01
0 0.035523 0.376421 0.01 0.01
0 0.028194 0.374348 0.01 0.01
0 0.019817 0.369167 0.01 0.01
0 0.012488 0.365022 0.01 0.01
0 0.004111 0.346369 0.01 0.01
0 0.007253 0.354659 0.01 0.01
0 0.016676 0.354659 0.01 0.01
0 0.016676 0.346369 0.01 0.01
0 0.014582 0.337043 0.01 0.01
0 0.010394 0.331861 0.01 0.01
0 0.006205 0.322535 0.01 0.01
0 0.027147 0.330825 0.01 0.01
0 0.033429 0.349478 0.01 0.01
0 0.031335 0.363986 0.01 0.01
0 0.040759 0.368131 0.01 0.01
0 0.052276 0.360877 0.01 0.01
0 0.047041 0.350514 0.01 0.01
0 0.045994 0.339115 0.01 0.01
0 0.044947 0.327716 0.01 0.01
0 0.036570 0.324607 0.01 0.01
0 0.025053 0.316317 0.01 0.01
0 0.055417 0.344297 0.01 0.01
0 0.065888 0.353623 0.01 0.01
0 0.071123 0.363986 0.01 0.01
0 0.059606 0.361913 0.01 0.01
0 0.086829 0.372276 0.01 0.01
0 0.097300 0.377457 0.01 0.01
0 0.097300 0.366058 0.01 0.01
0 0.086829 0.360877 0.01 0.01
0 0.086829 0.353623 0.01 0.01
0 0.085782 0.343260 0.01 0.01
0 0.083688 0.334970 0.01 0.01
0 0.076359 0.332898 0.01 0.01
0 0.065888 0.322535 0.01 0.01
0 0.074265 0.325644 0.01 0.01
0 0.060653 0.317354 0.01 0.01
0 0.053323 0.313208 0.01 0.01
0 0.040759 0.301809 0.01 0.01
0 0.050182 0.305955 0.01 0.01
0 0.035523 0.311136 0.01 0.01
0 0.029241 0.300773 0.01 0.01
0 0.022958 0.295592 0.01 0.01
0 0.015629 0.294556 0.01 0.01
0 0.010394 0.290411 0.01 0.01
0 0.005158 0.293519 0.01 0.01
0 0.007253 0.309063 0.01 0.01
0 0.015629 0.311136 0.01 0.01
0 0.004111 0.279012 0.01 0.01
0 0.005158 0.264504 0.01 0.01
0 0.012488 0.277975 0.01 0.01
0 0.003064 0.252069 0.01 0.01
0 0.018770 0.271758 0.01 0.01
0 0.022958 0.259322 0.01 0.01
0 0.043900 0.266576 0.01 0.01
0 0.039712 0.280048 0.01 0.01
0 0.027147 0.283157 0.01 0.01
0 0.031335 0.292483 0.01 0.01
0 0.047041 0.292483 0.01 0.01
0 0.051229 0.284193 0.01 0.01
0 0.059606 0.289374 0.01 0.01
0 0.061700 0.298701 0.01 0.01
0 0.076359 0.308027 0.01 0.01
0 0.083688 0.320462 0.01 0.01
0 0.094159 0.322535 0.01 0.01
0 0.091018 0.311136 0.01 0.01
0 0.083688 0.302846 0.01 0.01
0 0.078453 0.293519 0.01 0.01
0 0.073218 0.286265 0.01 0.01
0 0.064841 0.279012 0.01 0.01
0 0.052276 0.272794 0.01 0.01
0 0.053323 0.262431 0.01 0.01
0 0.047041 0.257250 0.01 0.01
0 0.035523 0.254141 0.01 0.01
0 0.036570 0.242742 0.01 0.01
0 0.048088 0.247923 0.01 0.01
0 0.044947 0.239633 0.01 0.01
0 0.054370 0.244815 0.01 0.01
0 0.057512 0.251032 0.01 0.01
0 0.061700 0.239633 0.01 0.01
0 0.057512 0.236524 0.01 0.01
0 0.995681 0.097664 0.01 0.01
0 0.020864 0.237561 0.01 0.01
0 0.015629 0.234452 0.01 0.01
0 0.010394 0.229271 0.01 0.01
0 0.004111 0.219944 0.01 0.01
0 0.010394 0.218908 0.01 0.01
0 0.016676 0.226162 0.01 0.01
0 0.029241 0.232379 0.01 0.01
0 0.035523 0.225126 0.01 0.01
0 0.031335 0.219944 0.01 0.01
0 0.026100 0.214763 0.01 0.01
0 0.018770 0.214763 0.01 0.01
0 0.016676 0.199219 0.01 0.01
0 0.006205 0.201291 0.01 0.01
0 0.004111 0.196110 0.01 0.01
0 0.010394 0.190929 0.01 0.01
0 0.015629 0.193001 0.01 0.01
0 0.022958 0.188856 0.01 0.01
0 0.018770 0.182638 0.01 0.01
0 0.012488 0.177457 0.01 0.01
0 0.006205 0.181602 0.01 0.01
0 0.005158 0.171240 0.01 0.01
0 0.019817 0.172276 0.01 0.01
0 0.026100 0.178493 0.01 0.01
0 0.029241 0.184711 0.01 0.01
0 0.035523 0.215799 0.01 0.01
0 0.032382 0.206473 0.01 0.01
0 0.031335 0.199219 0.01 0.01
0 0.037617 0.191965 0.01 0.01
0 0.040759 0.203364 0.01 0.01
0 0.043900 0.213727 0.01 0.01
0 0.045994 0.227198 0.01 0.01
0 0.054370 0.230307 0.01 0.01
0 0.061700 0.226162 0.01 0.01
0 0.061700 0.216835 0.01 0.01
0 0.051229 0.194037 0.01 0.01
0 0.051229 0.187820 0.01 0.01
0 0.050182 0.178493 0.01 0.01
0 0.056465 0.203364 0.01 0.01
0 0.050182 0.210618 0.01 0.01
0 0.032811 0.035747 0.01 0.01
0 0.019817 0.159841 0.01 0.01
0 0.010394 0.155695 0.01 0.01
0 0.004111 0.153623 0.01 0.01
0 0.005158 0.143260 0.01 0.01
0 0.013535 0.147405 0.01 0.01
0 0.024006 0.152587 0.01 0.01
0 0.035523 0.148442 0.01 0.01
0 0.029241 0.141188 0.01 0.01
0 0.019817 0.138079 0.01 0.01
0 0.010394 0.136006 0.01 0.01
0 0.005158 0.131861 0.01 0.01
0 0.004111 0.119426 0.01 0.01
0 0.002017 0.108027 0.01 0.01
0 0.004111 0.097664 0.01 0.01
0 0.005158 0.087302 0.01 0.01
0 0.006205 0.076939 0.01 0.01
0 0.007253 0.065540 0.01 0.01
0 0.009347 0.055177 0.01 0.01
0 0.009347 0.047923 0.01 0.01
0 0.008300 0.037561 0.01 0.01
0 0.008300 0.030307 0.01 0.01
0 0.007253 0.018908 0.01 0.01
0 0.006205 0.012690 0.01 0.01
0 0.007253 0.007509 0.01 0.01
0 0.014582 0.013727 0.01 0.01
0 0.016676 0.028234 0.01 0.01
0 0.016676 0.037561 0.01 0.01
0 0.016676 0.051032 0.01 0.01
0 0.016676 0.065540 0.01 0.01
0 0.015629 0.073830 0.01 0.01
0 0.016676 0.090411 0.01 0.01
0 0.016676 0.104918 0.01 0.01
0 0.016676 0.115281 0.01 0.01
0 0.016676 0.124607 0.01 0.01
0 0.025053 0.127716 0.01 0.01
0 0.026100 0.118390 0.01 0.01
0 0.026100 0.110100 0.01 0.01
0 0.026100 0.102846 0.01 0.01
0 0.027147 0.090411 0.01 0.01
0 0.026100 0.079012 0.01 0.01
0 0.027147 0.071758 0.01 0.01
0 0.028194 0.060359 0.01 0.01
0 0.029241 0.048960 0.01 0.01
0 0.038664 0.048960 0.01 0.01
0 0.036570 0.062431 0.01 0.01
0 0.035523 0.072794 0.01 0.01
0 0.041806 0.071758 0.01 0.01
0 0.044947 0.059322 0.01 0.01
0 0.045994 0.047923 0.01 0.01
0 0.047041 0.039633 0.01 0.01
0 0.045994 0.032379 0.01 0.01
0 0.047041 0.020980 0.01 0.01
0 0.047041 0.015799 0.01 0.01
0 0.045994 0.006473 0.01 0.01
0 0.053323 0.011654 0.01 0.01
0 0.053323 0.025126 0.01 0.01
0 0.055417 0.035488 0.01 0.01
0 0.055417 0.042742 0.01 0.01
0 0.055417 0.051032 0.01 0.01
0 0.055417 0.061395 0.01 0.01
0 0.052276 0.073830 0.01 0.01
0 0.049135 0.085229 0.01 0.01
0 0.043900 0.092483 0.01 0.01
0 0.037617 0.103882 0.01 0.01
0 0.040759 0.110100 0.01 0.01
0 0.055417 0.095592 0.01 0.01
0 0.061700 0.082120 0.01 0.01
0 0.069029 0.067613 0.01 0.01
0 0.069029 0.057250 0.01 0.01
0 0.069029 0.044815 0.01 0.01
0 0.069029 0.030307 0.01 0.01
0 0.069029 0.023053 0.01 0.01
0 0.080547 0.022017 0.01 0.01
0 0.075312 0.040670 0.01 0.01
0 0.079500 0.054141 0.01 0.01
0 0.076359 0.071758 0.01 0.01
0 0.062747 0.007509 0.01 0.01
0 0.077406 0.007509 0.01 0.01
0 0.083688 0.011654 0.01 0.01
0 0.087876 0.022017 0.01 0.01
0 0.087876 0.035488 0.01 0.01
0 0.086829 0.044815 0.01 0.01
0 0.086829 0.056214 0.01 0.01
0 0.089971 0.049996 0.01 0.01
0 0.094159 0.037561 0.01 0.01
0 0.094159 0.026162 0.01 0.01
0 0.095206 0.014763 0.01 0.01
0 0.100441 0.006473 0.01 0.01
0 0.106724 0.022017 0.01 0.01
0 0.103582 0.035488 0.01 0.01
0 0.102535 0.043778 0.01 0.01
0 0.110912 0.028234 0.01 0.01
0 0.115100 0.017872 0.01 0.01
0 0.114053 0.008545 0.01 0.01
0 0.044947 0.117354 0.01 0.01
0 0.048088 0.121499 0.01 0.01
0 0.060653 0.108027 0.01 0.01
0 0.066935 0.094556 0.01 0.01
0 0.070076 0.118390 0.01 0.01
0 0.047041 0.133934 0.01 0.01
0 0.033429 0.125644 0.01 0.01
0 0.043900 0.140151 0.01 0.01
0 0.064841 0.129789 0.01 0.01
0 0.060653 0.122535 0.01 0.01
0 0.055417 0.141188 0.01 0.01
0 0.039712 0.153623 0.01 0.01
0 0.055417 0.127716 0.01 0.01
0 0.076359 0.118390 0.01 0.01
0 0.081594 0.103882 0.01 0.01
0 0.079500 0.092483 0.01 0.01
0 0.088924 0.077975 0.01 0.01
0 0.094159 0.090411 0.01 0.01
0 0.087876 0.091447 0.01 0.01
0 0.078453 0.086265 0.01 0.01
0 0.096253 0.076939 0.01 0.01
0 0.096253 0.065540 0.01 0.01
0 0.108818 0.065540 0.01 0.01
0 0.110912 0.075903 0.01 0.01
0 0.117194 0.069685 0.01 0.01
0 0.116147 0.054141 0.01 0.01
0 0.115100 0.045851 0.01 0.01
0 0.126618 0.040670 0.01 0.01
0 0.128712 0.049996 0.01 0.01
0 0.139183 0.045851 0.01 0.01
0 0.140230 0.036524 0.01 0.01
0 0.136041 0.031343 0.01 0.01
0 0.151747 0.020980 0.01 0.01
0 0.150700 0.036524 0.01 0.01
0 0.149653 0.012690 0.01 0.01
0 0.149653 0.005436 0.01 0.01
0 0.126618 0.006473 0.01 0.01
0 0.162218 0.009581 0.01 0.01
0 0.168500 0.017872 0.01 0.01
0 0.163265 0.030307 0.01 0.01
0 0.159077 0.040670 0.01 0.01
0 0.151747 0.053105 0.01 0.01
0 0.139183 0.061395 0.01 0.01
0 0.127665 0.073830 0.01 0.01
0 0.115100 0.084193 0.01 0.01
0 0.108818 0.091447 0.01 0.01
0 0.100441 0.099737 0.01 0.01
0 0.089971 0.105955 0.01 0.01
0 0.086829 0.116317 0.01 0.01
0 0.081594 0.127716 0.01 0.01
0 0.125571 0.093519 0.01 0.01
0 0.147559 0.077975 0.01 0.01
0 0.163265 0.056214 0.01 0.01
0 0.175830 0.047923 0.01 0.01
0 0.186300 0.035488 0.01 0.01
0 0.191536 0.026162 0.01 0.01
0 0.189442 0.019944 0.01 0.01
0 0.185253 0.009581 0.01 0.01
0 0.192583 0.003364 0.01 0.01
0 0.202006 0.006473 0.01 0.01
0 0.203053 0.015799 0.01 0.01
0 0.211430 0.015799 0.01 0.01
0 0.213524 0.009581 0.01 0.01
0 0.073218 0.139115 0.01 0.01
0 0.066935 0.147405 0.01 0.01
0 0.057512 0.157768 0.01 0.01
0 0.049135 0.163986 0.01 0.01
0 0.048088 0.170203 0.01 0.01
0 0.057512 0.175385 0.01 0.01
0 0.072170 0.167094 0.01 0.01
0 0.071123 0.219944 0.01 0.01
0 0.073218 0.205436 0.01 0.01
0 0.072170 0.194037 0.01 0.01
0 0.069029 0.184711 0.01 0.01
0 0.075312 0.177457 0.01 0.01
0 0.078453 0.190929 0.01 0.01
0 0.078453 0.206473 0.01 0.01
0 0.086829 0.208545 0.01 0.01
0 0.092065 0.194037 0.01 0.01
0 0.087876 0.180566 0.01 0.01
0 0.086829 0.169167 0.01 0.01
0 0.081594 0.158804 0.01 0.01
0 0.076359 0.149478 0.01 0.01
0 0.072170 0.155695 0.01 0.01
0 0.087876 0.149478 0.01 0.01
0 0.093112 0.140151 0.01 0.01
0 0.096253 0.153623 0.01 0.01
0 0.096253 0.169167 0.01 0.01
0 0.096253 0.180566 0.01 0.01
0 0.100441 0.191965 0.01 0.01
0 0.107771 0.205436 0.01 0.01
0 0.117194 0.203364 0.01 0.01
0 0.122430 0.191965 0.01 0.01
0 0.120335 0.179530 0.01 0.01
0 0.111959 0.172276 0.01 0.01
0 0.107771 0.161913 0.01 0.01
0 0.104629 0.150514 0.01 0.01
0 0.105677 0.138079 0.01 0.01
0 0.102535 0.128752 0.01 0.01
0 0.091018 0.129789 0.01 0.01
0 0.116147 0.127716 0.01 0.01
0 0.116147 0.144297 0.01 0.01
0 0.120335 0.154659 0.01 0.01
0 0.122430 0.165022 0.01 0.01
0 0.125571 0.178493 0.01 0.01
0 0.109865 0.188856 0.01 0.01
0 0.114053 0.177457 0.01 0.01
0 0.101488 0.205436 0.01 0.01
0 0.125571 0.197146 0.01 0.01
0 0.140230 0.191965 0.01 0.01
0 0.138136 0.182638 0.01 0.01
0 0.133947 0.171240 0.01 0.01
0 0.133947 0.160877 0.01 0.01
0 0.133947 0.152587 0.01 0.01
0 0.134994 0.140151 0.01 0.01
0 0.136041 0.128752 0.01 0.01
0 0.136041 0.113208 0.01 0.01
0 0.133947 0.101809 0.01 0.01
0 0.123477 0.101809 0.01 0.01
0 0.110912 0.103882 0.01 0.01
0 0.111959 0.114245 0.01 0.01
0 0.140230 0.093519 0.01 0.01
0 0.146512 0.102846 0.01 0.01
0 0.143371 0.123571 0.01 0.01
0 0.143371 0.137043 0.01 0.01
0 0.144418 0.147405 0.01 0.01
0 0.144418 0.167094 0.01 0.01
0 0.154889 0.169167 0.01 0.01
0 0.158030 0.152587 0.01 0.01
0 0.156983 0.141188 0.01 0.01
0 0.156983 0.132898 0.01 0.01
0 0.163265 0.119426 0.01 0.01
0 0.165359 0.136006 0.01 0.01
0 0.167453 0.148442 0.01 0.01
0 0.177924 0.141188 0.01 0.01
0 0.177924 0.129789 0.01 0.01
0 0.175830 0.119426 0.01 0.01
0 0.174783 0.114245 0.01 0.01
0 0.171642 0.095592 0.01 0.01
0 0.168500 0.086265 0.01 0.01
0 0.167453 0.079012 0.01 0.01
0 0.158030 0.087302 0.01 0.01
0 0.156983 0.104918 0.01 0.01
0 0.181065 0.095592 0.01 0.01
0 0.182112 0.081084 0.01 0.01
0 0.180018 0.071758 0.01 0.01
0 0.191536 0.062431 0.01 0.01
0 0.194677 0.072794 0.01 0.01
0 0.200959 0.082120 0.01 0.01
0 0.212477 0.071758 0.01 0.01
0 0.209336 0.064504 0.01 0.01
0 0.205148 0.057250 0.01 0.01
0 0.208289 0.043778 0.01 0.01
0 0.216665 0.052069 0.01 0.01
0 0.221901 0.060359 0.01 0.01
0 0.232371 0.057250 0.01 0.01
0 0.233418 0.052069 0.01 0.01
0 0.228183 0.039633 0.01 0.01
0 0.228183 0.031343 0.01 0.01
0 0.240748 0.024089 0.01 0.01
0 0.251218 0.028234 0.01 0.01
0 0.248077 0.044815 0.01 0.01
0 0.251218 0.049996 0.01 0.01
0 0.262736 0.040670 0.01 0.01
0 0.262736 0.034452 0.01 0.01
0 0.259595 0.023053 0.01 0.01
0 0.256454 0.014763 0.01 0.01
0 0.255407 0.007509 0.01 0.01
0 0.270066 0.006473 0.01 0.01
0 0.271113 0.015799 0.01 0.01
0 0.275301 0.025126 0.01 0.01
0 0.282630 0.025126 0.01 0.01
0 0.286819 0.020980 0.01 0.01
0 0.283677 0.012690 0.01 0.01
0 0.294148 0.008545 0.01 0.01
0 0.304619 0.008545 0.01 0.01
0 0.195724 0.051032 0.01 0.01
0 0.178971 0.060359 0.01 0.01
0 0.181065 0.106991 0.01 0.01
0 0.183159 0.113208 0.01 0.01
0 0.185253 0.123571 0.01 0.01
0 0.189442 0.132898 0.01 0.01
0 0.190489 0.146369 0.01 0.01
0 0.181065 0.149478 0.01 0.01
0 0.178971 0.160877 0.01 0.01
0 0.170595 0.169167 0.01 0.01
0 0.193630 0.155695 0.01 0.01
0 0.209336 0.147405 0.01 0.01
0 0.205148 0.136006 0.01 0.01
0 0.202006 0.125644 0.01 0.01
0 0.202006 0.113208 0.01 0.01
0 0.197818 0.103882 0.01 0.01
0 0.205148 0.100773 0.01 0.01
0 0.209336 0.117354 0.01 0.01
0 0.215618 0.124607 0.01 0.01
0 0.219807 0.133934 0.01 0.01
0 0.226089 0.134970 0.01 0.01
0 0.226089 0.124607 0.01 0.01
0 0.219807 0.117354 0.01 0.01
0 0.216665 0.108027 0.01 0.01
0 0.214571 0.097664 0.01 0.01
0 0.220854 0.092483 0.01 0.01
0 0.230277 0.100773 0.01 0.01
0 0.231324 0.110100 0.01 0.01
0 0.243889 0.098701 0.01 0.01
0 0.236560 0.085229 0.01 0.01
0 0.239701 0.112172 0.01 0.01
0 0.239701 0.124607 0.01 0.01
0 0.250171 0.118390 0.01 0.01
0 0.248077 0.104918 0.01 0.01
0 0.247030 0.086265 0.01 0.01
0 0.239701 0.079012 0.01 0.01
0 0.255407 0.077975 0.01 0.01
0 0.255407 0.090411 0.01 0.01
0 0.257501 0.105955 0.01 0.01
0 0.260642 0.113208 0.01 0.01
0 0.262736 0.101809 0.01 0.01
0 0.265877 0.091447 0.01 0.01
0 0.276348 0.090411 0.01 0.01
0 0.267971 0.080048 0.01 0.01
0 0.252265 0.067613 0.01 0.01
0 0.260642 0.070721 0.01 0.01
0 0.260642 0.065540 0.01 0.01
0 0.271113 0.064504 0.01 0.01
0 0.271113 0.069685 0.01 0.01
0 0.275301 0.076939 0.01 0.01
0 0.279489 0.081084 0.01 0.01
0 0.280536 0.093519 0.01 0.01
0 0.288913 0.082120 0.01 0.01
0 0.282630 0.072794 0.01 0.01
0 0.280536 0.064504 0.01 0.01
0 0.277395 0.055177 0.01 0.01
0 0.278442 0.041706 0.01 0.01
0 0.288913 0.041706 0.01 0.01
0 0.291007 0.054141 0.01 0.01
0 0.289960 0.062431 0.01 0.01
0 0.297289 0.065540 0.01 0.01
0 0.302525 0.059322 0.01 0.01
0 0.301477 0.053105 0.01 0.01
0 0.297289 0.042742 0.01 0.01
0 0.299383 0.036524 0.01 0.01
0 0.305666 0.045851 0.01 0.01
0 0.308807 0.058286 0.01 0.01
0 0.317183 0.058286 0.01 0.01
0 0.314042 0.046887 0.01 0.01
0 0.310901 0.036524 0.01 0.01
0 0.307760 0.028234 0.01 0.01
0 0.319278 0.023053 0.01 0.01
0 0.324513 0.030307 0.01 0.01
0 0.326607 0.041706 0.01 0.01
0 0.337078 0.044815 0.01 0.01
0 0.342313 0.031343 0.01 0.01
0 0.339172 0.026162 0.01 0.01
0 0.333936 0.022017 0.01 0.01
0 0.336031 0.011654 0.01 0.01
0 0.328701 0.016835 0.01 0.01
0 0.349642 0.014763 0.01 0.01
0 0.358019 0.015799 0.01 0.01
0 0.366395 0.011654 0.01 0.01
0 0.356972 0.005436 0.01 0.01
0 0.346501 0.005436 0.01 0.01
0 0.077406 0.240670 0.01 0.01
0 0.081594 0.245851 0.01 0.01
0 0.074265 0.253105 0.01 0.01
0 0.069029 0.262431 0.01 0.01
0 0.079500 0.276939 0.01 0.01
0 0.083688 0.286265 0.01 0.01
0 0.088924 0.275903 0.01 0.01
0 0.085782 0.265540 0.01 0.01
0 0.087876 0.257250 0.01 0.01
0 0.095206 0.245851 0.01 0.01
0 0.091018 0.238597 0.01 0.01
0 0.104629 0.228234 0.01 0.01
0 0.103582 0.237561 0.01 0.01
0 0.105677 0.252069 0.01 0.01
0 0.105677 0.260359 0.01 0.01
0 0.099394 0.269685 0.01 0.01
0 0.099394 0.283157 0.01 0.01
0 0.095206 0.293519 0.01 0.01
0 0.098347 0.305955 0.01 0.01
0 0.105677 0.301809 0.01 0.01
0 0.115100 0.289374 0.01 0.01
0 0.115100 0.275903 0.01 0.01
0 0.115100 0.259322 0.01 0.01
0 0.115100 0.242742 0.01 0.01
0 0.115100 0.229271 0.01 0.01
0 0.114053 0.222017 0.01 0.01
0 0.121383 0.224089 0.01 0.01
0 0.124524 0.237561 0.01 0.01
0 0.126618 0.247923 0.01 0.01
0 0.126618 0.262431 0.01 0.01
0 0.126618 0.273830 0.01 0.01
0 0.126618 0.285229 0.01 0.01
0 0.126618 0.302846 0.01 0.01
0 0.121383 0.316317 0.01 0.01
0 0.138136 0.313208 0.01 0.01
0 0.137088 0.298701 0.01 0.01
0 0.136041 0.283157 0.01 0.01
0 0.136041 0.269685 0.01 0.01
0 0.136041 0.261395 0.01 0.01
0 0.138136 0.245851 0.01 0.01
0 0.137088 0.236524 0.01 0.01
0 0.137088 0.224089 0.01 0.01
0 0.139183 0.212690 0.01 0.01
0 0.111959 0.319426 0.01 0.01
0 0.116147 0.308027 0.01 0.01
0 0.104629 0.321499 0.01 0.01
0 0.109865 0.332898 0.01 0.01
0 0.101488 0.349478 0.01 0.01
0 0.114053 0.355695 0.01 0.01
0 0.118241 0.340151 0.01 0.01
0 0.126618 0.334970 0.01 0.01
0 0.134994 0.323571 0.01 0.01
0 0.149653 0.318390 0.01 0.01
0 0.153841 0.309063 0.01 0.01
0 0.158030 0.294556 0.01 0.01
0 0.158030 0.281084 0.01 0.01
0 0.160124 0.264504 0.01 0.01
0 0.152794 0.251032 0.01 0.01
0 0.160124 0.244815 0.01 0.01
0 0.158030 0.235488 0.01 0.01
0 0.156983 0.216835 0.01 0.01
0 0.168500 0.216835 0.01 0.01
0 0.168500 0.229271 0.01 0.01
0 0.175830 0.241706 0.01 0.01
0 0.161171 0.205436 0.01 0.01
0 0.149653 0.197146 0.01 0.01
0 0.168500 0.188856 0.01 0.01
0 0.169547 0.199219 0.01 0.01
0 0.173736 0.210618 0.01 0.01
0 0.182112 0.217872 0.01 0.01
0 0.181065 0.196110 0.01 0.01
0 0.178971 0.186784 0.01 0.01
0 0.187348 0.172276 0.01 0.01
0 0.186300 0.185747 0.01 0.01
0 0.189442 0.203364 0.01 0.01
0 0.191536 0.218908 0.01 0.01
0 0.196771 0.233416 0.01 0.01
0 0.196771 0.245851 0.01 0.01
0 0.187348 0.259322 0.01 0.01
0 0.182112 0.276939 0.01 0.01
0 0.173736 0.284193 0.01 0.01
0 0.166406 0.310100 0.01 0.01
0 0.167453 0.331861 0.01 0.01
0 0.133947 0.357768 0.01 0.01
0 0.138136 0.340151 0.01 0.01
0 0.147559 0.333934 0.01 0.01
0 0.110912 0.377457 0.01 0.01
0 0.127665 0.368131 0.01 0.01
0 0.120335 0.361913 0.01 0.01
0 0.122430 0.374348 0.01 0.01
0 0.140230 0.374348 0.01 0.01
0 0.145465 0.361913 0.01 0.01
0 0.156983 0.352587 0.01 0.01
0 0.161171 0.339115 0.01 0.01
0 0.156983 0.381602 0.01 0.01
0 0.140230 0.386784 0.01 0.01
0 0.172689 0.352587 0.01 0.01
0 0.183159 0.326680 0.01 0.01
0 0.175830 0.317354 0.01 0.01
0 0.182112 0.308027 0.01 0.01
0 0.175830 0.297664 0.01 0.01
0 0.187348 0.299737 0.01 0.01
0 0.189442 0.286265 0.01 0.01
0 0.194677 0.270721 0.01 0.01
0 0.202006 0.285229 0.01 0.01
0 0.200959 0.265540 0.01 0.01
0 0.197818 0.251032 0.01 0.01
0 0.206195 0.243778 0.01 0.01
0 0.206195 0.231343 0.01 0.01
0 0.203053 0.216835 0.01 0.01
0 0.199912 0.206473 0.01 0.01
0 0.197818 0.191965 0.01 0.01
0 0.202006 0.181602 0.01 0.01
0 0.206195 0.194037 0.01 0.01
0 0.206195 0.204400 0.01 0.01
0 0.210383 0.223053 0.01 0.01
0 0.211430 0.239633 0.01 0.01
0 0.212477 0.248960 0.01 0.01
0 0.213524 0.262431 0.01 0.01
0 0.212477 0.282120 0.01 0.01
0 0.212477 0.294556 0.01 0.01
0 0.223995 0.292483 0.01 0.01
0 0.225042 0.280048 0.01 0.01
0 0.225042 0.259322 0.01 0.01
0 0.223995 0.238597 0.01 0.01
0 0.225042 0.219944 0.01 0.01
0 0.225042 0.205436 0.01 0.01
0 0.216665 0.196110 0.01 0.01
0 0.215618 0.183675 0.01 0.01
0 0.212477 0.175385 0.01 0.01
0 0.208289 0.168131 0.01 0.01
0 0.197818 0.170203 0.01 0.01
0 0.196771 0.163986 0.01 0.01
0 0.210383 0.162949 0.01 0.01
0 0.221901 0.173312 0.01 0.01
0 0.173736 0.179530 0.01 0.01
0 0.177924 0.227198 0.01 0.01
0 0.188395 0.226162 0.01 0.01
0 0.197818 0.323571 0.01 0.01
0 0.210383 0.317354 0.01 0.01
0 0.221901 0.315281 0.01 0.01
0 0.221901 0.305955 0.01 0.01
0 0.233418 0.312172 0.01 0.01
0 0.205148 0.343260 0.01 0.01
0 0.190489 0.353623 0.01 0.01
0 0.184206 0.360877 0.01 0.01
0 0.191536 0.374348 0.01 0.01
0 0.205148 0.384711 0.01 0.01
0 0.209336 0.393001 0.01 0.01
0 0.215618 0.409581 0.01 0.01
0 0.170595 0.380566 0.01 0.01
0 0.175830 0.369167 0.01 0.01
0 0.170595 0.361913 0.01 0.01
0 0.221901 0.354659 0.01 0.01
0 0.230277 0.346369 0.01 0.01
0 0.218759 0.332898 0.01 0.01
0 0.248077 0.344297 0.01 0.01
0 0.247030 0.326680 0.01 0.01
0 0.251218 0.311136 0.01 0.01
0 0.251218 0.296628 0.01 0.01
0 0.244936 0.287302 0.01 0.01
0 0.247030 0.277975 0.01 0.01
0 0.242842 0.268649 0.01 0.01
0 0.237607 0.258286 0.01 0.01
0 0.236560 0.247923 0.01 0.01
0 0.239701 0.236524 0.01 0.01
0 0.248077 0.247923 0.01 0.01
0 0.248077 0.233416 0.01 0.01
0 0.245983 0.222017 0.01 0.01
0 0.241795 0.214763 0.01 0.01
0 0.247030 0.204400 0.01 0.01
0 0.254360 0.213727 0.01 0.01
0 0.256454 0.199219 0.01 0.01
0 0.250171 0.186784 0.01 0.01
0 0.243889 0.179530 0.01 0.01
0 0.241795 0.193001 0.01 0.01
0 0.230277 0.200255 0.01 0.01
0 0.230277 0.190929 0.01 0.01
0 0.236560 0.184711 0.01 0.01
0 0.236560 0.175385 0.01 0.01
0 0.232371 0.170203 0.01 0.01
0 0.225042 0.159841 0.01 0.01
0 0.219807 0.156732 0.01 0.01
0 0.231324 0.149478 0.01 0.01
0 0.235512 0.158804 0.01 0.01
0 0.244936 0.154659 0.01 0.01
0 0.243889 0.145333 0.01 0.01
0 0.253313 0.140151 0.01 0.01
0 0.256454 0.150514 0.01 0.01
0 0.257501 0.160877 0.01 0.01
0 0.257501 0.171240 0.01 0.01
0 0.260642 0.186784 0.01 0.01
0 0.262736 0.198183 0.01 0.01
0 0.263783 0.212690 0.01 0.01
0 0.264830 0.223053 0.01 0.01
0 0.264830 0.237561 0.01 0.01
0 0.258548 0.249996 0.01 0.01
0 0.257501 0.265540 0.01 0.01
0 0.261689 0.280048 0.01 0.01
0 0.267971 0.296628 0.01 0.01
0 0.269019 0.280048 0.01 0.01
0 0.275301 0.267613 0.01 0.01
0 0.274254 0.249996 0.01 0.01
0 0.278442 0.236524 0.01 0.01
0 0.277395 0.226162 0.01 0.01
0 0.274254 0.213727 0.01 0.01
0 0.274254 0.199219 0.01 0.01
0 0.270066 0.185747 0.01 0.01
0 0.273207 0.169167 0.01 0.01
0 0.272160 0.157768 0.01 0.01
0 0.270066 0.147405 0.01 0.01
0 0.266924 0.137043 0.01 0.01
0 0.262736 0.130825 0.01 0.01
0 0.277395 0.131861 0.01 0.01
0 0.280536 0.121499 0.01 0.01
0 0.282630 0.106991 0.01 0.01
0 0.292054 0.117354 0.01 0.01
0 0.297289 0.131861 0.01 0.01
0 0.298336 0.109063 0.01 0.01
0 0.299383 0.094556 0.01 0.01
0 0.302525 0.084193 0.01 0.01
0 0.309854 0.093519 0.01 0.01
0 0.309854 0.104918 0.01 0.01
0 0.308807 0.115281 0.01 0.01
0 0.304619 0.148442 0.01 0.01
0 0.294148 0.148442 0.01 0.01
0 0.287866 0.142224 0.01 0.01
0 0.302525 0.141188 0.01 0.01
0 0.307760 0.129789 0.01 0.01
0 0.314042 0.148442 0.01 0.01
0 0.307760 0.165022 0.01 0.01
0 0.295195 0.160877 0.01 0.01
0 0.284724 0.163986 0.01 0.01
0 0.287866 0.180566 0.01 0.01
0 0.277395 0.182638 0.01 0.01
0 0.285772 0.198183 0.01 0.01
0 0.302525 0.188856 0.01 0.01
0 0.301477 0.175385 0.01 0.01
0 0.315089 0.199219 0.01 0.01
0 0.321372 0.160877 0.01 0.01
0 0.321372 0.149478 0.01 0.01
0 0.323466 0.137043 0.01 0.01
0 0.321372 0.128752 0.01 0.01
0 0.324513 0.117354 0.01 0.01
0 0.322419 0.102846 0.01 0.01
0 0.318231 0.084193 0.01 0.01
0 0.311948 0.069685 0.01 0.01
0 0.322419 0.066576 0.01 0.01
0 0.317183 0.079012 0.01 0.01
0 0.309854 0.079012 0.01 0.01
0 0.327654 0.083157 0.01 0.01
0 0.333936 0.071758 0.01 0.01
0 0.334984 0.062431 0.01 0.01
0 0.342313 0.056214 0.01 0.01
0 0.347548 0.067613 0.01 0.01
0 0.344407 0.081084 0.01 0.01
0 0.356972 0.052069 0.01 0.01
0 0.355925 0.043778 0.01 0.01
0 0.364301 0.046887 0.01 0.01
0 0.365348 0.055177 0.01 0.01
0 0.372678 0.054141 0.01 0.01
0 0.372678 0.041706 0.01 0.01
0 0.377913 0.034452 0.01 0.01
0 0.381054 0.045851 0.01 0.01
0 0.378960 0.054141 0.01 0.01
0 0.388384 0.058286 0.01 0.01
0 0.392572 0.049996 0.01 0.01
0 0.392572 0.040670 0.01 0.01
0 0.382101 0.019944 0.01 0.01
0 0.368490 0.019944 0.01 0.01
0 0.360113 0.023053 0.01 0.01
0 0.378960 0.012690 0.01 0.01
0 0.386290 0.007509 0.01 0.01
0 0.394666 0.022017 0.01 0.01
0 0.406184 0.014763 0.01 0.01
0 0.413513 0.006473 0.01 0.01
0 0.426078 0.003364 0.01 0.01
0 0.427125 0.012690 0.01 0.01
0 0.412466 0.017872 0.01 0.01
0 0.422937 0.023053 0.01 0.01
0 0.404090 0.026162 0.01 0.01
0 0.409325 0.029271 0.01 0.01
0 0.414560 0.040670 0.01 0.01
0 0.391525 0.034452 0.01 0.01
0 0.401996 0.042742 0.01 0.01
0 0.407231 0.046887 0.01 0.01
0 0.433408 0.026162 0.01 0.01
0 0.441784 0.019944 0.01 0.01
0 0.437596 0.007509 0.01 0.01
0 0.449114 0.006473 0.01 0.01
0 0.370584 0.061395 0.01 0.01
0 0.374772 0.064504 0.01 0.01
0 0.378960 0.074866 0.01 0.01
0 0.362207 0.068649 0.01 0.01
0 0.351737 0.073830 0.01 0.01
0 0.359066 0.086265 0.01 0.01
0 0.344407 0.089374 0.01 0.01
0 0.336031 0.095592 0.01 0.01
0 0.332889 0.105955 0.01 0.01
0 0.347548 0.104918 0.01 0.01
0 0.347548 0.096628 0.01 0.01
0 0.359066 0.097664 0.01 0.01
0 0.368490 0.103882 0.01 0.01
0 0.370584 0.095592 0.01 0.01
0 0.377913 0.085229 0.01 0.01
0 0.358019 0.103882 0.01 0.01
0 0.385243 0.097664 0.01 0.01
0 0.385243 0.089374 0.01 0.01
0 0.397807 0.086265 0.01 0.01
0 0.392572 0.079012 0.01 0.01
0 0.401996 0.071758 0.01 0.01
0 0.407231 0.080048 0.01 0.01
0 0.415607 0.072794 0.01 0.01
0 0.412466 0.063467 0.01 0.01
0 0.422937 0.059322 0.01 0.01
0 0.425031 0.072794 0.01 0.01
0 0.432360 0.072794 0.01 0.01
0 0.429219 0.059322 0.01 0.01
0 0.410372 0.053105 0.01 0.01
0 0.426078 0.047923 0.01 0.01
0 0.433408 0.049996 0.01 0.01
0 0.443878 0.053105 0.01 0.01
0 0.443878 0.066576 0.01 0.01
0 0.457490 0.052069 0.01 0.01
0 0.429219 0.040670 0.01 0.01
0 0.437596 0.039633 0.01 0.01
0 0.445972 0.041706 0.01 0.01
0 0.452255 0.043778 0.01 0.01
0 0.465867 0.048960 0.01 0.01
0 0.465867 0.059322 0.01 0.01
0 0.453302 0.023053 0.01 0.01
0 0.456443 0.016835 0.01 0.01
0 0.459584 0.009581 0.01 0.01
0 0.471102 0.010618 0.01 0.01
0 0.471102 0.023053 0.01 0.01
0 0.463772 0.030307 0.01 0.01
0 0.471102 0.035488 0.01 0.01
0 0.488902 0.034452 0.01 0.01
0 0.483667 0.025126 0.01 0.01
0 0.492043 0.017872 0.01 0.01
0 0.497278 0.012690 0.01 0.01
0 0.490996 0.007509 0.01 0.01
0 0.479478 0.006473 0.01 0.01
0 0.506702 0.014763 0.01 0.01
0 0.495184 0.030307 0.01 0.01
0 0.497278 0.048960 0.01 0.01
0 0.480525 0.046887 0.01 0.01
0 0.477384 0.055177 0.01 0.01
0 0.465867 0.068649 0.01 0.01
0 0.452255 0.061395 0.01 0.01
0 0.454349 0.075903 0.01 0.01
0 0.441784 0.082120 0.01 0.01
0 0.427125 0.085229 0.01 0.01
0 0.415607 0.087302 0.01 0.01
0 0.407231 0.092483 0.01 0.01
0 0.396760 0.101809 0.01 0.01
0 0.388384 0.111136 0.01 0.01
0 0.336031 0.115281 0.01 0.01
0 0.337078 0.122535 0.01 0.01
0 0.334984 0.136006 0.01 0.01
0 0.348595 0.133934 0.01 0.01
0 0.348595 0.124607 0.01 0.01
0 0.351737 0.112172 0.01 0.01
0 0.362207 0.121499 0.01 0.01
0 0.356972 0.131861 0.01 0.01
0 0.373725 0.132898 0.01 0.01
0 0.373725 0.121499 0.01 0.01
0 0.386290 0.129789 0.01 0.01
0 0.394666 0.124607 0.01 0.01
0 0.401996 0.120462 0.01 0.01
0 0.411419 0.117354 0.01 0.01
0 0.417702 0.113208 0.01 0.01
0 0.427125 0.104918 0.01 0.01
0 0.433408 0.101809 0.01 0.01
0 0.443878 0.098701 0.01 0.01
0 0.453302 0.094556 0.01 0.01
0 0.463772 0.089374 0.01 0.01
0 0.477384 0.082120 0.01 0.01
0 0.462725 0.075903 0.01 0.01
0 0.484714 0.068649 0.01 0.01
0 0.486808 0.077975 0.01 0.01
0 0.501467 0.071758 0.01 0.01
0 0.495184 0.060359 0.01 0.01
0 0.507749 0.055177 0.01 0.01
0 0.509843 0.068649 0.01 0.01
0 0.519267 0.065540 0.01 0.01
0 0.518220 0.057250 0.01 0.01
0 0.514031 0.046887 0.01 0.01
0 0.508796 0.040670 0.01 0.01
0 0.506702 0.031343 0.01 0.01
0 0.520314 0.030307 0.01 0.01
0 0.521361 0.041706 0.01 0.01
0 0.522408 0.020980 0.01 0.01
0 0.515079 0.012690 0.01 0.01
0 0.529737 0.007509 0.01 0.01
0 0.529737 0.016835 0.01 0.01
0 0.534973 0.029271 0.01 0.01
0 0.543349 0.020980 0.01 0.01
0 0.542302 0.011654 0.01 0.01
0 0.542302 0.006473 0.01 0.01
0 0.552773 0.008545 0.01 0.01
0 0.549632 0.015799 0.01 0.01
0 0.559055 0.011654 0.01 0.01
0 0.567432 0.003364 0.01 0.01
0 0.566385 0.015799 0.01 0.01
0 0.527643 0.062431 0.01 0.01
0 0.527643 0.051032 0.01 0.01
0 0.533926 0.041706 0.01 0.01
0 0.538114 0.049996 0.01 0.01
0 0.542302 0.056214 0.01 0.01
0 0.553820 0.053105 0.01 0.01
0 0.550679 0.043778 0.01 0.01
0 0.547538 0.035488 0.01 0.01
0 0.554867 0.031343 0.01 0.01
0 0.569526 0.031343 0.01 0.01
0 0.581044 0.032379 0.01 0.01
0 0.577902 0.024089 0.01 0.01
0 0.576855 0.013727 0.01 0.01
0 0.592561 0.010618 0.01 0.01
0 0.592561 0.024089 0.01 0.01
0 0.603032 0.022017 0.01 0.01
0 0.603032 0.011654 0.01 0.01
0 0.610361 0.004400 0.01 0.01
0 0.612455 0.014763 0.01 0.01
0 0.625020 0.011654 0.01 0.01
0 0.623973 0.003364 0.01 0.01
0 0.310901 0.184711 0.01 0.01
0 0.327654 0.194037 0.01 0.01
0 0.323466 0.181602 0.01 0.01
0 0.316136 0.172276 0.01 0.01
0 0.330795 0.175385 0.01 0.01
0 0.336031 0.184711 0.01 0.01
0 0.350689 0.171240 0.01 0.01
0 0.350689 0.159841 0.01 0.01
0 0.356972 0.147405 0.01 0.01
0 0.363254 0.165022 0.01 0.01
0 0.339172 0.159841 0.01 0.01
0 0.368490 0.146369 0.01 0.01
0 0.381054 0.143260 0.01 0.01
0 0.380007 0.150514 0.01 0.01
0 0.389431 0.155695 0.01 0.01
0 0.394666 0.148442 0.01 0.01
0 0.393619 0.139115 0.01 0.01
0 0.399902 0.136006 0.01 0.01
0 0.401996 0.147405 0.01 0.01
0 0.412466 0.147405 0.01 0.01
0 0.413513 0.137043 0.01 0.01
0 0.419796 0.128752 0.01 0.01
0 0.420843 0.140151 0.01 0.01
0 0.432360 0.142224 0.01 0.01
0 0.427125 0.130825 0.01 0.01
0 0.435502 0.126680 0.01 0.01
0 0.437596 0.133934 0.01 0.01
0 0.447019 0.134970 0.01 0.01
0 0.445972 0.124607 0.01 0.01
0 0.451208 0.117354 0.01 0.01
0 0.456443 0.128752 0.01 0.01
0 0.464819 0.127716 0.01 0.01
0 0.464819 0.118390 0.01 0.01
0 0.459584 0.112172 0.01 0.01
0 0.464819 0.103882 0.01 0.01
0 0.474243 0.103882 0.01 0.01
0 0.482620 0.101809 0.01 0.01
0 0.483667 0.113208 0.01 0.01
0 0.477384 0.115281 0.01 0.01
0 0.477384 0.123571 0.01 0.01
0 0.497278 0.117354 0.01 0.01
0 0.497278 0.104918 0.01 0.01
0 0.490996 0.096628 0.01 0.01
0 0.508796 0.087302 0.01 0.01
0 0.511937 0.097664 0.01 0.01
0 0.510890 0.106991 0.01 0.01
0 0.480525 0.089374 0.01 0.01
0 0.492043 0.087302 0.01 0.01
0 0.527643 0.099737 0.01 0.01
0 0.525549 0.087302 0.01 0.01
0 0.517173 0.077975 0.01 0.01
0 0.532879 0.099737 0.01 0.01
0 0.537067 0.086265 0.01 0.01
0 0.532879 0.076939 0.01 0.01
0 0.543349 0.071758 0.01 0.01
0 0.548585 0.086265 0.01 0.01
0 0.565338 0.082120 0.01 0.01
0 0.556961 0.070721 0.01 0.01
0 0.550679 0.076939 0.01 0.01
0 0.572667 0.075903 0.01 0.01
0 0.565338 0.066576 0.01 0.01
0 0.558008 0.061395 0.01 0.01
0 0.568479 0.060359 0.01 0.01
0 0.575808 0.068649 0.01 0.01
0 0.578949 0.074866 0.01 0.01
0 0.590467 0.067613 0.01 0.01
0 0.586279 0.058286 0.01 0.01
0 0.581044 0.046887 0.01 0.01
0 0.589420 0.040670 0.01 0.01
0 0.593608 0.051032 0.01 0.01
0 0.593608 0.061395 0.01 0.01
0 0.601985 0.061395 0.01 0.01
0 0.603032 0.054141 0.01 0.01
0 0.600938 0.044815 0.01 0.01
0 0.605126 0.037561 0.01 0.01
0 0.612455 0.047923 0.01 0.01
0 0.621879 0.047923 0.01 0.01
0 0.620832 0.036524 0.01 0.01
0 0.615597 0.030307 0.01 0.01
0 0.628161 0.022017 0.01 0.01
0 0.628161 0.037561 0.01 0.01
0 0.636538 0.043778 0.01 0.01
0 0.645962 0.031343 0.01 0.01
0 0.643867 0.022017 0.01 0.01
0 0.640726 0.013727 0.01 0.01
0 0.650150 0.008545 0.01 0.01
0 0.655385 0.015799 0.01 0.01
0 0.656432 0.028234 0.01 0.01
0 0.661667 0.033416 0.01 0.01
0 0.671091 0.030307 0.01 0.01
0 0.667950 0.018908 0.01 0.01
0 0.661667 0.007509 0.01 0.01
0 0.672138 0.009581 0.01 0.01
0 0.679468 0.018908 0.01 0.01
0 0.678420 0.032379 0.01 0.01
0 0.684703 0.030307 0.01 0.01
0 0.686797 0.019944 0.01 0.01
0 0.686797 0.010618 0.01 0.01
0 0.700409 0.006473 0.01 0.01
0 0.702503 0.019944 0.01 0.01
0 0.709832 0.007509 0.01 0.01
0 0.710879 0.020980 0.01 0.01
0 0.716115 0.007509 0.01 0.01
0 0.734962 0.013727 0.01 0.01
0 0.671091 0.057250 0.01 0.01
0 0.654338 0.057250 0.01 0.01
0 0.643867 0.054141 0.01 0.01
0 0.626067 0.064504 0.01 0.01
0 0.286819 0.209581 0.01 0.01
0 0.298336 0.218908 0.01 0.01
0 0.299383 0.201291 0.01 0.01
0 0.312995 0.207509 0.01 0.01
0 0.283677 0.245851 0.01 0.01
0 0.291007 0.257250 0.01 0.01
0 0.300430 0.246887 0.01 0.01
0 0.296242 0.235488 0.01 0.01
0 0.293101 0.226162 0.01 0.01
0 0.309854 0.238597 0.01 0.01
0 0.309854 0.226162 0.01 0.01
0 0.319278 0.244815 0.01 0.01
0 0.334984 0.238597 0.01 0.01
0 0.322419 0.216835 0.01 0.01
0 0.336031 0.214763 0.01 0.01
0 0.345454 0.239633 0.01 0.01
0 0.328701 0.232379 0.01 0.01
0 0.319278 0.237561 0.01 0.01
0 0.348595 0.226162 0.01 0.01
0 0.347548 0.191965 0.01 0.01
0 0.360113 0.182638 0.01 0.01
0 0.354878 0.198183 0.01 0.01
0 0.376866 0.194037 0.01 0.01
0 0.371631 0.179530 0.01 0.01
0 0.345454 0.209581 0.01 0.01
0 0.377913 0.165022 0.01 0.01
0 0.390478 0.168131 0.01 0.01
0 0.400949 0.172276 0.01 0.01
0 0.385243 0.191965 0.01 0.01
0 0.367443 0.198183 0.01 0.01
0 0.367443 0.219944 0.01 0.01
0 0.358019 0.215799 0.01 0.01
0 0.340219 0.225126 0.01 0.01
0 0.399902 0.161913 0.01 0.01
0 0.414560 0.160877 0.01 0.01
0 0.410372 0.174348 0.01 0.01
0 0.419796 0.176421 0.01 0.01
0 0.407231 0.184711 0.01 0.01
0 0.417702 0.195074 0.01 0.01
0 0.433408 0.193001 0.01 0.01
0 0.430266 0.180566 0.01 0.01
0 0.431313 0.168131 0.01 0.01
0 0.439690 0.156732 0.01 0.01
0 0.451208 0.153623 0.01 0.01
0 0.462725 0.154659 0.01 0.01
0 0.453302 0.145333 0.01 0.01
0 0.465867 0.142224 0.01 0.01
0 0.475290 0.150514 0.01 0.01
0 0.476337 0.139115 0.01 0.01
0 0.489949 0.133934 0.01 0.01
0 0.497278 0.140151 0.01 0.01
0 0.486808 0.152587 0.01 0.01
0 0.490996 0.160877 0.01 0.01
0 0.506702 0.154659 0.01 0.01
0 0.504608 0.141188 0.01 0.01
0 0.507749 0.129789 0.01 0.01
0 0.497278 0.126680 0.01 0.01
0 0.520314 0.128752 0.01 0.01
0 0.532879 0.129789 0.01 0.01
0 0.519267 0.116317 0.01 0.01
0 0.507749 0.117354 0.01 0.01
0 0.531832 0.120462 0.01 0.01
0 0.539161 0.119426 0.01 0.01
0 0.547538 0.111136 0.01 0.01
0 0.305666 0.296628 0.01 0.01
0 0.298336 0.273830 0.01 0.01
0 0.286819 0.281084 0.01 0.01
0 0.318231 0.264504 0.01 0.01
0 0.306713 0.258286 0.01 0.01
0 0.317183 0.255177 0.01 0.01
0 0.337078 0.266576 0.01 0.01
0 0.343360 0.253105 0.01 0.01
0 0.359066 0.256214 0.01 0.01
0 0.356972 0.240670 0.01 0.01
0 0.367443 0.251032 0.01 0.01
0 0.374772 0.241706 0.01 0.01
0 0.367443 0.236524 0.01 0.01
0 0.360113 0.232379 0.01 0.01
0 0.382101 0.239633 0.01 0.01
0 0.391525 0.242742 0.01 0.01
0 0.391525 0.231343 0.01 0.01
0 0.376866 0.225126 0.01 0.01
0 0.386290 0.217872 0.01 0.01
0 0.398854 0.215799 0.01 0.01
0 0.401996 0.224089 0.01 0.01
0 0.411419 0.230307 0.01 0.01
0 0.412466 0.219944 0.01 0.01
0 0.409325 0.211654 0.01 0.01
0 0.400949 0.206473 0.01 0.01
0 0.384196 0.205436 0.01 0.01
0 0.392572 0.203364 0.01 0.01
0 0.401996 0.195074 0.01 0.01
0 0.409325 0.199219 0.01 0.01
0 0.423984 0.216835 0.01 0.01
0 0.431313 0.211654 0.01 0.01
0 0.430266 0.203364 0.01 0.01
0 0.423984 0.190929 0.01 0.01
0 0.414560 0.186784 0.01 0.01
0 0.445972 0.201291 0.01 0.01
0 0.445972 0.194037 0.01 0.01
0 0.443878 0.186784 0.01 0.01
0 0.454349 0.207509 0.01 0.01
0 0.458537 0.198183 0.01 0.01
0 0.453302 0.178493 0.01 0.01
0 0.470055 0.194037 0.01 0.01
0 0.474243 0.185747 0.01 0.01
0 0.465867 0.175385 0.01 0.01
0 0.480525 0.163986 0.01 0.01
0 0.483667 0.176421 0.01 0.01
0 0.495184 0.179530 0.01 0.01
0 0.505655 0.178493 0.01 0.01
0 0.506702 0.168131 0.01 0.01
0 0.506702 0.160877 0.01 0.01
0 0.516126 0.157768 0.01 0.01
0 0.525549 0.169167 0.01 0.01
0 0.516126 0.172276 0.01 0.01
0 0.542302 0.162949 0.01 0.01
0 0.530784 0.155695 0.01 0.01
0 0.530784 0.148442 0.01 0.01
0 0.543349 0.148442 0.01 0.01
0 0.549632 0.139115 0.01 0.01
0 0.549632 0.156732 0.01 0.01
0 0.554867 0.151550 0.01 0.01
0 0.556961 0.142224 0.01 0.01
0 0.554867 0.133934 0.01 0.01
0 0.538114 0.134970 0.01 0.01
0 0.529737 0.139115 0.01 0.01
0 0.548585 0.127716 0.01 0.01
0 0.556961 0.128752 0.01 0.01
0 0.565338 0.136006 0.01 0.01
0 0.569526 0.146369 0.01 0.01
0 0.573714 0.140151 0.01 0.01
0 0.570573 0.129789 0.01 0.01
0 0.567432 0.124607 0.01 0.01
0 0.561149 0.119426 0.01 0.01
0 0.551726 0.117354 0.01 0.01
0 0.565338 0.113208 0.01 0.01
0 0.559055 0.108027 0.01 0.01
0 0.549632 0.103882 0.01 0.01
0 0.555914 0.096628 0.01 0.01
0 0.565338 0.100773 0.01 0.01
0 0.571620 0.108027 0.01 0.01
0 0.584185 0.109063 0.01 0.01
0 0.578949 0.101809 0.01 0.01
0 0.574761 0.096628 0.01 0.01
0 0.566385 0.094556 0.01 0.01
0 0.578949 0.092483 0.01 0.01
0 0.586279 0.097664 0.01 0.01
0 0.591514 0.104918 0.01 0.01
0 0.592561 0.113208 0.01 0.01
0 0.590467 0.124607 0.01 0.01
0 0.574761 0.116317 0.01 0.01
0 0.591514 0.096628 0.01 0.01
0 0.587326 0.089374 0.01 0.01
0 0.573714 0.088338 0.01 0.01
0 0.564291 0.089374 0.01 0.01
0 0.584185 0.083157 0.01 0.01
0 0.598844 0.079012 0.01 0.01
0 0.598844 0.087302 0.01 0.01
0 0.603032 0.098701 0.01 0.01
0 0.614550 0.097664 0.01 0.01
0 0.609314 0.085229 0.01 0.01
0 0.609314 0.077975 0.01 0.01
0 0.609314 0.068649 0.01 0.01
0 0.617691 0.074866 0.01 0.01
0 0.620832 0.086265 0.01 0.01
0 0.625020 0.097664 0.01 0.01
0 0.615597 0.061395 0.01 0.01
0 0.637585 0.093519 0.01 0.01
0 0.645962 0.089374 0.01 0.01
0 0.641773 0.076939 0.01 0.01
0 0.633397 0.067613 0.01 0.01
0 0.627114 0.077975 0.01 0.01
0 0.632350 0.086265 0.01 0.01
0 0.655385 0.073830 0.01 0.01
0 0.644914 0.066576 0.01 0.01
0 0.660620 0.082120 0.01 0.01
0 0.667950 0.071758 0.01 0.01
0 0.662715 0.061395 0.01 0.01
0 0.684703 0.074866 0.01 0.01
0 0.687844 0.064504 0.01 0.01
0 0.686797 0.056214 0.01 0.01
0 0.679468 0.049996 0.01 0.01
0 0.664809 0.048960 0.01 0.01
0 0.654338 0.047923 0.01 0.01
0 0.643867 0.046887 0.01 0.01
0 0.696221 0.062431 0.01 0.01
0 0.695174 0.048960 0.01 0.01
0 0.703550 0.042742 0.01 0.01
0 0.705644 0.055177 0.01 0.01
0 0.720303 0.054141 0.01 0.01
0 0.721350 0.043778 0.01 0.01
0 0.716115 0.034452 0.01 0.01
0 0.729727 0.036524 0.01 0.01
0 0.727633 0.030307 0.01 0.01
0 0.726585 0.024089 0.01 0.01
0 0.726585 0.014763 0.01 0.01
0 0.731821 0.009581 0.01 0.01
0 0.737056 0.028234 0.01 0.01
0 0.739150 0.039633 0.01 0.01
0 0.747527 0.027198 0.01 0.01
0 0.747527 0.015799 0.01 0.01
0 0.744386 0.009581 0.01 0.01
0 0.728680 0.051032 0.01 0.01
0 0.738103 0.054141 0.01 0.01
0 0.749621 0.043778 0.01 0.01
0 0.755903 0.033416 0.01 0.01
0 0.761139 0.029271 0.01 0.01
0 0.761139 0.022017 0.01 0.01
0 0.754856 0.011654 0.01 0.01
0 0.765327 0.010618 0.01 0.01
0 0.773703 0.017872 0.01 0.01
0 0.768468 0.031343 0.01 0.01
0 0.779986 0.025126 0.01 0.01
0 0.789409 0.029271 0.01 0.01
0 0.791503 0.014763 0.01 0.01
0 0.784174 0.009581 0.01 0.01
0 0.773703 0.009581 0.01 0.01
0 0.798833 0.009581 0.01 0.01
0 0.805115 0.012690 0.01 0.01
0 0.800927 0.023053 0.01 0.01
0 0.795692 0.032379 0.01 0.01
0 0.792550 0.043778 0.01 0.01
0 0.781033 0.042742 0.01 0.01
0 0.771609 0.039633 0.01 0.01
0 0.763233 0.044815 0.01 0.01
0 0.760091 0.053105 0.01 0.01
0 0.771609 0.053105 0.01 0.01
0 0.784174 0.055177 0.01 0.01
0 0.801974 0.052069 0.01 0.01
0 0.804068 0.043778 0.01 0.01
0 0.806162 0.036524 0.01 0.01
0 0.813492 0.039633 0.01 0.01
0 0.818727 0.031343 0.01 0.01
0 0.814539 0.026162 0.01 0.01
0 0.813492 0.018908 0.01 0.01
0 0.818727 0.012690 0.01 0.01
0 0.825009 0.018908 0.01 0.01
0 0.832339 0.027198 0.01 0.01
0 0.833386 0.016835 0.01 0.01
0 0.829198 0.011654 0.01 0.01
0 0.839668 0.010618 0.01 0.01
0 0.840715 0.017872 0.01 0.01
0 0.840715 0.033416 0.01 0.01
0 0.850139 0.029271 0.01 0.01
0 0.850139 0.018908 0.01 0.01
0 0.850139 0.009581 0.01 0.01
0 0.863751 0.009581 0.01 0.01
0 0.862704 0.022017 0.01 0.01
0 0.864798 0.034452 0.01 0.01
0 0.874221 0.032379 0.01 0.01
0 0.877363 0.020980 0.01 0.01
0 0.877363 0.008545 0.01 0.01
0 0.886786 0.010618 0.01 0.01
0 0.886786 0.019944 0.01 0.01
0 0.887833 0.033416 0.01 0.01
0 0.899351 0.032379 0.01 0.01
0 0.899351 0.019944 0.01 0.01
0 0.895163 0.010618 0.01 0.01
0 0.905633 0.007509 0.01 0.01
0 0.909822 0.017872 0.01 0.01
0 0.912963 0.029271 0.01 0.01
0 0.923433 0.029271 0.01 0.01
0 0.923433 0.020980 0.01 0.01
0 0.920292 0.013727 0.01 0.01
0 0.929716 0.008545 0.01 0.01
0 0.933904 0.016835 0.01 0.01
0 0.933904 0.025126 0.01 0.01
0 0.931810 0.040670 0.01 0.01
0 0.577902 0.130825 0.01 0.01
0 0.582091 0.141188 0.01 0.01
0 0.590467 0.148442 0.01 0.01
0 0.601985 0.137043 0.01 0.01
0 0.594655 0.133934 0.01 0.01
0 0.601985 0.124607 0.01 0.01
0 0.612455 0.115281 0.01 0.01
0 0.613503 0.124607 0.01 0.01
0 0.614550 0.131861 0.01 0.01
0 0.626067 0.141188 0.01 0.01
0 0.626067 0.127716 0.01 0.01
0 0.625020 0.119426 0.01 0.01
0 0.625020 0.113208 0.01 0.01
0 0.634444 0.110100 0.01 0.01
0 0.633397 0.120462 0.01 0.01
0 0.632350 0.128752 0.01 0.01
0 0.640726 0.137043 0.01 0.01
0 0.648056 0.133934 0.01 0.01
0 0.642820 0.125644 0.01 0.01
0 0.642820 0.118390 0.01 0.01
0 0.641773 0.111136 0.01 0.01
0 0.648056 0.108027 0.01 0.01
0 0.649103 0.116317 0.01 0.01
0 0.652244 0.125644 0.01 0.01
0 0.654338 0.132898 0.01 0.01
0 0.664809 0.131861 0.01 0.01
0 0.663762 0.119426 0.01 0.01
0 0.660620 0.113208 0.01 0.01
0 0.657479 0.105955 0.01 0.01
0 0.656432 0.098701 0.01 0.01
0 0.665856 0.096628 0.01 0.01
0 0.668997 0.102846 0.01 0.01
0 0.672138 0.112172 0.01 0.01
0 0.674232 0.122535 0.01 0.01
0 0.681562 0.123571 0.01 0.01
0 0.684703 0.114245 0.01 0.01
0 0.682609 0.105955 0.01 0.01
0 0.678420 0.098701 0.01 0.01
0 0.674232 0.091447 0.01 0.01
0 0.688891 0.098701 0.01 0.01
0 0.690985 0.106991 0.01 0.01
0 0.695174 0.116317 0.01 0.01
0 0.701456 0.112172 0.01 0.01
0 0.698315 0.099737 0.01 0.01
0 0.692032 0.093519 0.01 0.01
0 0.697268 0.085229 0.01 0.01
0 0.699362 0.094556 0.01 0.01
0 0.704597 0.105955 0.01 0.01
0 0.715068 0.112172 0.01 0.01
0 0.684703 0.089374 0.01 0.01
0 0.694126 0.076939 0.01 0.01
0 0.702503 0.080048 0.01 0.01
0 0.705644 0.088338 0.01 0.01
0 0.711927 0.095592 0.01 0.01
0 0.719256 0.100773 0.01 0.01
0 0.721350 0.109063 0.01 0.01
0 0.732868 0.103882 0.01 0.01
0 0.723444 0.088338 0.01 0.01
0 0.714021 0.082120 0.01 0.01
0 0.708785 0.073830 0.01 0.01
0 0.717162 0.069685 0.01 0.01
0 0.725538 0.075903 0.01 0.01
0 0.733915 0.085229 0.01 0.01
0 0.738103 0.095592 0.01 0.01
0 0.743338 0.105955 0.01 0.01
0 0.745433 0.096628 0.01 0.01
0 0.739150 0.082120 0.01 0.01
0 0.730774 0.071758 0.01 0.01
0 0.726585 0.063467 0.01 0.01
0 0.739150 0.065540 0.01 0.01
0 0.745433 0.075903 0.01 0.01
0 0.751715 0.091447 0.01 0.01
0 0.762186 0.091447 0.01 0.01
0 0.759044 0.079012 0.01 0.01
0 0.751715 0.067613 0.01 0.01
0 0.748574 0.061395 0.01 0.01
0 0.764280 0.076939 0.01 0.01
0 0.777892 0.083157 0.01 0.01
0 0.779986 0.075903 0.01 0.01
0 0.765327 0.065540 0.01 0.01
0 0.755903 0.059322 0.01 0.01
0 0.791503 0.069685 0.01 0.01
0 0.801974 0.068649 0.01 0.01
0 0.816633 0.061395 0.01 0.01
0 0.823962 0.051032 0.01 0.01
0 0.829198 0.041706 0.01 0.01
0 0.844904 0.052069 0.01 0.01
0 0.836527 0.056214 0.01 0.01
0 0.855374 0.051032 0.01 0.01
0 0.862704 0.045851 0.01 0.01
0 0.877363 0.054141 0.01 0.01
0 0.861657 0.060359 0.01 0.01
0 0.848045 0.063467 0.01 0.01
0 0.836527 0.065540 0.01 0.01
0 0.828151 0.069685 0.01 0.01
0 0.820821 0.077975 0.01 0.01
0 0.814539 0.088338 0.01 0.01
0 0.832339 0.082120 0.01 0.01
0 0.844904 0.073830 0.01 0.01
0 0.856421 0.073830 0.01 0.01
0 0.857468 0.083157 0.01 0.01
0 0.843857 0.085229 0.01 0.01
0 0.837574 0.077975 0.01 0.01
0 0.863751 0.088338 0.01 0.01
0 0.870033 0.080048 0.01 0.01
0 0.872127 0.072794 0.01 0.01
0 0.878410 0.062431 0.01 0.01
0 0.889927 0.060359 0.01 0.01
0 0.890974 0.052069 0.01 0.01
0 0.885739 0.046887 0.01 0.01
0 0.871080 0.044815 0.01 0.01
0 0.900398 0.048960 0.01 0.01
0 0.902492 0.061395 0.01 0.01
0 0.912963 0.061395 0.01 0.01
0 0.912963 0.054141 0.01 0.01
0 0.928669 0.051032 0.01 0.01
0 0.927622 0.064504 0.01 0.01
0 0.934951 0.059322 0.01 0.01
0 0.910869 0.066576 0.01 0.01
0 0.900398 0.070721 0.01 0.01
0 0.902492 0.082120 0.01 0.01
0 0.890974 0.082120 0.01 0.01
0 0.884692 0.074866 0.01 0.01
0 0.875269 0.088338 0.01 0.01
0 0.859563 0.095592 0.01 0.01
0 0.846998 0.092483 0.01 0.01
0 0.836527 0.099737 0.01 0.01
0 0.831292 0.097664 0.01 0.01
0 0.823962 0.091447 0.01 0.01
0 0.789409 0.101809 0.01 0.01
0 0.801974 0.085229 0.01 0.01
0 0.801974 0.108027 0.01 0.01
0 0.815586 0.100773 0.01 0.01
0 0.813492 0.114245 0.01 0.01
0 0.826057 0.105955 0.01 0.01
0 0.830245 0.116317 0.01 0.01
0 0.840715 0.110100 0.01 0.01
0 0.850139 0.116317 0.01 0.01
0 0.855374 0.112172 0.01 0.01
0 0.850139 0.103882 0.01 0.01
0 0.866892 0.110100 0.01 0.01
0 0.878410 0.116317 0.01 0.01
0 0.880504 0.104918 0.01 0.01
0 0.892022 0.097664 0.01 0.01
0 0.907727 0.098701 0.01 0.01
0 0.919245 0.092483 0.01 0.01
0 0.932857 0.087302 0.01 0.01
0 0.934951 0.077975 0.01 0.01
0 0.917151 0.079012 0.01 0.01
0 0.182112 0.348442 0.01 0.01
0 0.190489 0.343260 0.01 0.01
0 0.204101 0.358804 0.01 0.01
0 0.199912 0.368131 0.01 0.01
0 0.223995 0.379530 0.01 0.01
0 0.208289 0.375385 0.01 0.01
0 0.222948 0.368131 0.01 0.01
0 0.233418 0.377457 0.01 0.01
0 0.235512 0.365022 0.01 0.01
0 0.236560 0.356732 0.01 0.01
0 0.248077 0.359841 0.01 0.01
0 0.253313 0.371240 0.01 0.01
0 0.264830 0.363986 0.01 0.01
0 0.264830 0.354659 0.01 0.01
0 0.264830 0.343260 0.01 0.01
0 0.257501 0.339115 0.01 0.01
0 0.258548 0.325644 0.01 0.01
0 0.270066 0.327716 0.01 0.01
0 0.276348 0.339115 0.01 0.01
0 0.284724 0.333934 0.01 0.01
0 0.280536 0.322535 0.01 0.01
0 0.277395 0.312172 0.01 0.01
0 0.262736 0.308027 0.01 0.01
0 0.260642 0.317354 0.01 0.01
0 0.295195 0.319426 0.01 0.01
0 0.291007 0.312172 0.01 0.01
0 0.287866 0.303882 0.01 0.01
0 0.279489 0.300773 0.01 0.01
0 0.299383 0.295592 0.01 0.01
0 0.299383 0.304918 0.01 0.01
0 0.304619 0.316317 0.01 0.01
0 0.316136 0.321499 0.01 0.01
0 0.319278 0.308027 0.01 0.01
0 0.315089 0.295592 0.01 0.01
0 0.315089 0.287302 0.01 0.01
0 0.312995 0.279012 0.01 0.01
0 0.325560 0.279012 0.01 0.01
0 0.326607 0.290411 0.01 0.01
0 0.326607 0.300773 0.01 0.01
0 0.327654 0.316317 0.01 0.01
0 0.338125 0.311136 0.01 0.01
0 0.340219 0.299737 0.01 0.01
0 0.340219 0.288338 0.01 0.01
0 0.339172 0.282120 0.01 0.01
0 0.349642 0.275903 0.01 0.01
0 0.353831 0.287302 0.01 0.01
0 0.353831 0.293519 0.01 0.01
0 0.349642 0.311136 0.01 0.01
0 0.358019 0.321499 0.01 0.01
0 0.370584 0.309063 0.01 0.01
0 0.363254 0.300773 0.01 0.01
0 0.371631 0.293519 0.01 0.01
0 0.370584 0.284193 0.01 0.01
0 0.369537 0.276939 0.01 0.01
0 0.366395 0.267613 0.01 0.01
0 0.375819 0.272794 0.01 0.01
0 0.377913 0.264504 0.01 0.01
0 0.378960 0.256214 0.01 0.01
0 0.394666 0.262431 0.01 0.01
0 0.390478 0.273830 0.01 0.01
0 0.387337 0.287302 0.01 0.01
0 0.388384 0.259322 0.01 0.01
0 0.403043 0.280048 0.01 0.01
0 0.404090 0.290411 0.01 0.01
0 0.411419 0.288338 0.01 0.01
0 0.410372 0.274866 0.01 0.01
0 0.406184 0.267613 0.01 0.01
0 0.401996 0.257250 0.01 0.01
0 0.401996 0.248960 0.01 0.01
0 0.408278 0.244815 0.01 0.01
0 0.414560 0.251032 0.01 0.01
0 0.421890 0.261395 0.01 0.01
0 0.427125 0.269685 0.01 0.01
0 0.434455 0.277975 0.01 0.01
0 0.434455 0.266576 0.01 0.01
0 0.429219 0.259322 0.01 0.01
0 0.425031 0.253105 0.01 0.01
0 0.418749 0.244815 0.01 0.01
0 0.421890 0.236524 0.01 0.01
0 0.435502 0.244815 0.01 0.01
0 0.442831 0.252069 0.01 0.01
0 0.456443 0.263467 0.01 0.01
0 0.458537 0.253105 0.01 0.01
0 0.450161 0.243778 0.01 0.01
0 0.443878 0.238597 0.01 0.01
0 0.456443 0.227198 0.01 0.01
0 0.447019 0.231343 0.01 0.01
0 0.432360 0.233416 0.01 0.01
0 0.440737 0.224089 0.01 0.01
0 0.467961 0.220980 0.01 0.01
0 0.473196 0.232379 0.01 0.01
0 0.461678 0.240670 0.01 0.01
0 0.465867 0.245851 0.01 0.01
0 0.477384 0.252069 0.01 0.01
0 0.490996 0.254141 0.01 0.01
0 0.487855 0.239633 0.01 0.01
0 0.483667 0.230307 0.01 0.01
0 0.481572 0.219944 0.01 0.01
0 0.477384 0.208545 0.01 0.01
0 0.467961 0.209581 0.01 0.01
0 0.487855 0.209581 0.01 0.01
0 0.485761 0.197146 0.01 0.01
0 0.493090 0.197146 0.01 0.01
0 0.498326 0.204400 0.01 0.01
0 0.506702 0.202328 0.01 0.01
0 0.516126 0.202328 0.01 0.01
0 0.525549 0.203364 0.01 0.01
0 0.524502 0.194037 0.01 0.01
0 0.514031 0.186784 0.01 0.01
0 0.532879 0.182638 0.01 0.01
0 0.542302 0.182638 0.01 0.01
0 0.547538 0.188856 0.01 0.01
0 0.540208 0.202328 0.01 0.01
0 0.556961 0.196110 0.01 0.01
0 0.562196 0.187820 0.01 0.01
0 0.563243 0.175385 0.01 0.01
0 0.565338 0.158804 0.01 0.01
0 0.578949 0.160877 0.01 0.01
0 0.592561 0.165022 0.01 0.01
0 0.603032 0.162949 0.01 0.01
0 0.612455 0.168131 0.01 0.01
0 0.611408 0.148442 0.01 0.01
0 0.619785 0.156732 0.01 0.01
0 0.629208 0.167094 0.01 0.01
0 0.638632 0.158804 0.01 0.01
0 0.638632 0.148442 0.01 0.01
0 0.648056 0.147405 0.01 0.01
0 0.651197 0.154659 0.01 0.01
0 0.658526 0.149478 0.01 0.01
0 0.661667 0.140151 0.01 0.01
0 0.670044 0.139115 0.01 0.01
0 0.677373 0.136006 0.01 0.01
0 0.698315 0.127716 0.01 0.01
0 0.707738 0.123571 0.01 0.01
0 0.718209 0.120462 0.01 0.01
0 0.738103 0.117354 0.01 0.01
0 0.727633 0.115281 0.01 0.01
0 0.725538 0.130825 0.01 0.01
0 0.763233 0.106991 0.01 0.01
0 0.748574 0.119426 0.01 0.01
0 0.739150 0.129789 0.01 0.01
0 0.753809 0.111136 0.01 0.01
0 0.776845 0.112172 0.01 0.01
0 0.767421 0.116317 0.01 0.01
0 0.757997 0.123571 0.01 0.01
0 0.751715 0.134970 0.01 0.01
0 0.742291 0.147405 0.01 0.01
0 0.727633 0.148442 0.01 0.01
0 0.715068 0.142224 0.01 0.01
0 0.714021 0.131861 0.01 0.01
0 0.701456 0.134970 0.01 0.01
0 0.683656 0.140151 0.01 0.01
0 0.686797 0.145333 0.01 0.01
0 0.696221 0.141188 0.01 0.01
0 0.701456 0.151550 0.01 0.01
0 0.689938 0.154659 0.01 0.01
0 0.681562 0.155695 0.01 0.01
0 0.666903 0.159841 0.01 0.01
0 0.671091 0.151550 0.01 0.01
0 0.492043 0.220980 0.01 0.01
0 0.504608 0.231343 0.01 0.01
0 0.509843 0.219944 0.01 0.01
0 0.520314 0.220980 0.01 0.01
0 0.529737 0.220980 0.01 0.01
0 0.533926 0.213727 0.01 0.01
0 0.539161 0.225126 0.01 0.01
0 0.547538 0.235488 0.01 0.01
0 0.545443 0.214763 0.01 0.01
0 0.562196 0.219944 0.01 0.01
0 0.561149 0.208545 0.01 0.01
0 0.569526 0.187820 0.01 0.01
0 0.576855 0.187820 0.01 0.01
0 0.586279 0.182638 0.01 0.01
0 0.579996 0.200255 0.01 0.01
0 0.566385 0.199219 0.01 0.01
0 0.573714 0.222017 0.01 0.01
0 0.588373 0.219944 0.01 0.01
0 0.593608 0.201291 0.01 0.01
0 0.591514 0.193001 0.01 0.01
0 0.597797 0.182638 0.01 0.01
0 0.601985 0.198183 0.01 0.01
0 0.609314 0.185747 0.01 0.01
0 0.626067 0.183675 0.01 0.01
0 0.636538 0.184711 0.01 0.01
0 0.645962 0.173312 0.01 0.01
0 0.650150 0.180566 0.01 0.01
0 0.660620 0.176421 0.01 0.01
0 0.668997 0.173312 0.01 0.01
0 0.677373 0.181602 0.01 0.01
0 0.681562 0.168131 0.01 0.01
0 0.696221 0.168131 0.01 0.01
0 0.796739 0.094556 0.01 0.01
0 0.790456 0.128752 0.01 0.01
0 0.767421 0.130825 0.01 0.01
0 0.759044 0.154659 0.01 0.01
0 0.751715 0.166058 0.01 0.01
0 0.723444 0.167094 0.01 0.01
0 0.707738 0.166058 0.01 0.01
0 0.716115 0.160877 0.01 0.01
0 0.732868 0.158804 0.01 0.01
0 0.743338 0.161913 0.01 0.01
0 0.773703 0.152587 0.01 0.01
0 0.775797 0.142224 0.01 0.01
0 0.776845 0.131861 0.01 0.01
0 0.785221 0.146369 0.01 0.01
0 0.804068 0.138079 0.01 0.01
0 0.815586 0.133934 0.01 0.01
0 0.803021 0.125644 0.01 0.01
0 0.829198 0.132898 0.01 0.01
0 0.835480 0.123571 0.01 0.01
0 0.848045 0.129789 0.01 0.01
0 0.867939 0.123571 0.01 0.01
0 0.909822 0.117354 0.01 0.01
0 0.916104 0.124607 0.01 0.01
0 0.925528 0.115281 0.01 0.01
0 0.640726 0.198183 0.01 0.01
0 0.618738 0.197146 0.01 0.01
0 0.608267 0.214763 0.01 0.01
0 0.291007 0.350514 0.01 0.01
0 0.280536 0.350514 0.01 0.01
0 0.309854 0.342224 0.01 0.01
0 0.293101 0.341188 0.01 0.01
0 0.249124 0.376421 0.01 0.01
0 0.220854 0.393001 0.01 0.01
0 0.240748 0.390929 0.01 0.01
0 0.230277 0.403364 0.01 0.01
0 0.244936 0.406473 0.01 0.01
0 0.271113 0.389892 0.01 0.01
0 0.270066 0.379530 0.01 0.01
0 0.279489 0.379530 0.01 0.01
0 0.294148 0.379530 0.01 0.01
0 0.294148 0.362949 0.01 0.01
0 0.306713 0.368131 0.01 0.01
0 0.323466 0.371240 0.01 0.01
0 0.317183 0.358804 0.01 0.01
0 0.301477 0.357768 0.01 0.01
0 0.334984 0.361913 0.01 0.01
0 0.339172 0.353623 0.01 0.01
0 0.342313 0.338079 0.01 0.01
0 0.326607 0.337043 0.01 0.01
0 0.356972 0.345333 0.01 0.01
0 0.355925 0.333934 0.01 0.01
0 0.382101 0.350514 0.01 0.01
0 0.388384 0.342224 0.01 0.01
0 0.382101 0.333934 0.01 0.01
0 0.387337 0.321499 0.01 0.01
0 0.368490 0.323571 0.01 0.01
0 0.401996 0.328752 0.01 0.01
0 0.419796 0.315281 0.01 0.01
0 0.412466 0.301809 0.01 0.01
0 0.423984 0.301809 0.01 0.01
0 0.443878 0.295592 0.01 0.01
0 0.451208 0.284193 0.01 0.01
0 0.449114 0.272794 0.01 0.01
0 0.473196 0.291447 0.01 0.01
0 0.459584 0.297664 0.01 0.01
0 0.481572 0.284193 0.01 0.01
0 0.473196 0.275903 0.01 0.01
0 0.496231 0.264504 0.01 0.01
0 0.500420 0.280048 0.01 0.01
0 0.509843 0.266576 0.01 0.01
0 0.524502 0.268649 0.01 0.01
0 0.528690 0.256214 0.01 0.01
0 0.531832 0.249996 0.01 0.01
0 0.541255 0.258286 0.01 0.01
0 0.542302 0.271758 0.01 0.01
0 0.554867 0.264504 0.01 0.01
0 0.547538 0.247923 0.01 0.01
0 0.560102 0.247923 0.01 0.01
0 0.565338 0.260359 0.01 0.01
0 0.578949 0.262431 0.01 0.01
0 0.577902 0.252069 0.01 0.01
0 0.581044 0.238597 0.01 0.01
0 0.593608 0.240670 0.01 0.01
0 0.588373 0.256214 0.01 0.01
0 0.604079 0.254141 0.01 0.01
0 0.611408 0.242742 0.01 0.01
0 0.611408 0.230307 0.01 0.01
0 0.626067 0.228234 0.01 0.01
0 0.623973 0.246887 0.01 0.01
0 0.635491 0.239633 0.01 0.01
0 0.650150 0.236524 0.01 0.01
0 0.643867 0.219944 0.01 0.01
0 0.653291 0.220980 0.01 0.01
0 0.661667 0.211654 0.01 0.01
0 0.666903 0.224089 0.01 0.01
0 0.678420 0.207509 0.01 0.01
0 0.689938 0.209581 0.01 0.01
0 0.699362 0.212690 0.01 0.01
0 0.695174 0.201291 0.01 0.01
0 0.706691 0.193001 0.01 0.01
0 0.717162 0.204400 0.01 0.01
0 0.265877 0.398183 0.01 0.01
0 0.267971 0.405436 0.01 0.01
0 0.249124 0.414763 0.01 0.01
0 0.242842 0.418908 0.01 0.01
0 0.235512 0.426162 0.01 0.01
0 0.222948 0.417872 0.01 0.01
0 0.243889 0.431343 0.01 0.01
0 0.241795 0.459322 0.01 0.01
0 0.264830 0.494556 0.01 0.01
0 0.270066 0.480048 0.01 0.01
0 0.281583 0.492483 0.01 0.01
0 0.287866 0.482120 0.01 0.01
0 0.286819 0.469685 0.01 0.01
0 0.272160 0.458286 0.01 0.01
0 0.272160 0.449996 0.01 0.01
0 0.282630 0.446887 0.01 0.01
0 0.284724 0.457250 0.01 0.01
0 0.295195 0.445851 0.01 0.01
0 0.306713 0.461395 0.01 0.01
0 0.307760 0.470721 0.01 0.01
0 0.304619 0.487302 0.01 0.01
0 0.318231 0.459322 0.01 0.01
0 0.308807 0.446887 0.01 0.01
0 0.317183 0.447923 0.01 0.01
0 0.295195 0.436524 0.01 0.01
0 0.280536 0.439633 0.01 0.01
0 0.263783 0.431343 0.01 0.01
0 0.282630 0.432379 0.01 0.01
0 0.280536 0.420980 0.01 0.01
0 0.285772 0.404400 0.01 0.01
0 0.291007 0.416835 0.01 0.01
0 0.303572 0.425126 0.01 0.01
0 0.316136 0.429271 0.01 0.01
0 0.316136 0.420980 0.01 0.01
0 0.308807 0.409581 0.01 0.01
0 0.300430 0.401291 0.01 0.01
0 0.302525 0.387820 0.01 0.01
0 0.329748 0.412690 0.01 0.01
0 0.323466 0.398183 0.01 0.01
0 0.320325 0.385747 0.01 0.01
0 0.329748 0.379530 0.01 0.01
0 0.334984 0.383675 0.01 0.01
0 0.345454 0.375385 0.01 0.01
0 0.347548 0.395074 0.01 0.01
0 0.346501 0.413727 0.01 0.01
0 0.332889 0.423053 0.01 0.01
0 0.329748 0.439633 0.01 0.01
0 0.340219 0.433416 0.01 0.01
0 0.350689 0.444815 0.01 0.01
0 0.351737 0.434452 0.01 0.01
0 0.370584 0.424089 0.01 0.01
0 0.366395 0.415799 0.01 0.01
0 0.364301 0.400255 0.01 0.01
0 0.374772 0.401291 0.01 0.01
0 0.380007 0.408545 0.01 0.01
0 0.384196 0.419944 0.01 0.01
0 0.380007 0.441706 0.01 0.01
0 0.393619 0.412690 0.01 0.01
0 0.394666 0.442742 0.01 0.01
0 0.409325 0.424089 0.01 0.01
0 0.404090 0.410618 0.01 0.01
0 0.420843 0.406473 0.01 0.01
0 0.413513 0.384711 0.01 0.01
0 0.388384 0.388856 0.01 0.01
0 0.350689 0.366058 0.01 0.01
0 0.369537 0.385747 0.01 0.01
0 0.385243 0.370203 0.01 0.01
0 0.371631 0.374348 0.01 0.01
0 0.368490 0.355695 0.01 0.01
0 0.398854 0.372276 0.01 0.01
0 0.395713 0.356732 0.01 0.01
0 0.404090 0.347405 0.01 0.01
0 0.410372 0.358804 0.01 0.01
0 0.427125 0.351550 0.01 0.01
0 0.423984 0.366058 0.01 0.01
0 0.447019 0.396110 0.01 0.01
0 0.427125 0.394037 0.01 0.01
0 0.436549 0.374348 0.01 0.01
0 0.447019 0.368131 0.01 0.01
0 0.439690 0.353623 0.01 0.01
0 0.437596 0.344297 0.01 0.01
0 0.457490 0.343260 0.01 0.01
0 0.441784 0.325644 0.01 0.01
0 0.428172 0.326680 0.01 0.01
0 0.437596 0.334970 0.01 0.01
0 0.456443 0.375385 0.01 0.01
0 0.452255 0.357768 0.01 0.01
0 0.467961 0.361913 0.01 0.01
0 0.480525 0.371240 0.01 0.01
0 0.489949 0.362949 0.01 0.01
0 0.484714 0.353623 0.01 0.01
0 0.477384 0.336006 0.01 0.01
0 0.470055 0.345333 0.01 0.01
0 0.458537 0.329789 0.01 0.01
0 0.458537 0.320462 0.01 0.01
0 0.465867 0.323571 0.01 0.01
0 0.453302 0.306991 0.01 0.01
0 0.472149 0.304918 0.01 0.01
0 0.483667 0.310100 0.01 0.01
0 0.487855 0.295592 0.01 0.01
0 0.496231 0.311136 0.01 0.01
0 0.500420 0.297664 0.01 0.01
0 0.511937 0.304918 0.01 0.01
0 0.510890 0.327716 0.01 0.01
0 0.490996 0.327716 0.01 0.01
0 0.504608 0.337043 0.01 0.01
0 0.509843 0.350514 0.01 0.01
0 0.496231 0.344297 0.01 0.01
0 0.511937 0.358804 0.01 0.01
0 0.514031 0.375385 0.01 0.01
0 0.543349 0.365022 0.01 0.01
0 0.528690 0.358804 0.01 0.01
0 0.523455 0.351550 0.01 0.01
0 0.527643 0.341188 0.01 0.01
0 0.530784 0.333934 0.01 0.01
0 0.529737 0.327716 0.01 0.01
0 0.525549 0.319426 0.01 0.01
0 0.525549 0.310100 0.01 0.01
0 0.524502 0.298701 0.01 0.01
0 0.523455 0.288338 0.01 0.01
0 0.511937 0.288338 0.01 0.01
0 0.545443 0.295592 0.01 0.01
0 0.533926 0.284193 0.01 0.01
0 0.543349 0.319426 0.01 0.01
0 0.558008 0.318390 0.01 0.01
0 0.553820 0.303882 0.01 0.01
0 0.553820 0.289374 0.01 0.01
0 0.560102 0.277975 0.01 0.01
0 0.568479 0.291447 0.01 0.01
0 0.568479 0.309063 0.01 0.01
0 0.537067 0.351550 0.01 0.01
0 0.540208 0.345333 0.01 0.01
0 0.548585 0.333934 0.01 0.01
0 0.556961 0.340151 0.01 0.01
0 0.560102 0.331861 0.01 0.01
0 0.568479 0.326680 0.01 0.01
0 0.560102 0.347405 0.01 0.01
0 0.558008 0.357768 0.01 0.01
0 0.569526 0.371240 0.01 0.01
0 0.573714 0.394037 0.01 0.01
0 0.572667 0.408545 0.01 0.01
0 0.567432 0.423053 0.01 0.01
0 0.578949 0.414763 0.01 0.01
0 0.589420 0.416835 0.01 0.01
0 0.601985 0.429271 0.01 0.01
0 0.614550 0.427198 0.01 0.01
0 0.601985 0.415799 0.01 0.01
0 0.554867 0.444815 0.01 0.01
0 0.592561 0.404400 0.01 0.01
0 0.586279 0.397146 0.01 0.01
0 0.594655 0.396110 0.01 0.01
0 0.586279 0.390929 0.01 0.01
0 0.585232 0.378493 0.01 0.01
0 0.581044 0.366058 0.01 0.01
0 0.574761 0.353623 0.01 0.01
0 0.570573 0.342224 0.01 0.01
0 0.589420 0.352587 0.01 0.01
0 0.600938 0.349478 0.01 0.01
0 0.620832 0.347405 0.01 0.01
0 0.610361 0.367094 0.01 0.01
0 0.596750 0.369167 0.01 0.01
0 0.612455 0.385747 0.01 0.01
0 0.606173 0.378493 0.01 0.01
0 0.619785 0.395074 0.01 0.01
0 0.609314 0.404400 0.01 0.01
0 0.619785 0.410618 0.01 0.01
0 0.631303 0.402328 0.01 0.01
0 0.648056 0.389892 0.01 0.01
0 0.645962 0.382638 0.01 0.01
0 0.656432 0.382638 0.01 0.01
0 0.622926 0.367094 0.01 0.01
0 0.628161 0.381602 0.01 0.01
0 0.652244 0.373312 0.01 0.01
0 0.643867 0.374348 0.01 0.01
0 0.606173 0.339115 0.01 0.01
0 0.592561 0.336006 0.01 0.01
0 0.583138 0.330825 0.01 0.01
0 0.583138 0.323571 0.01 0.01
0 0.583138 0.316317 0.01 0.01
0 0.583138 0.311136 0.01 0.01
0 0.587326 0.303882 0.01 0.01
0 0.587326 0.292483 0.01 0.01
0 0.572667 0.276939 0.01 0.01
0 0.589420 0.277975 0.01 0.01
0 0.589420 0.267613 0.01 0.01
0 0.605126 0.273830 0.01 0.01
0 0.612455 0.287302 0.01 0.01
0 0.615597 0.272794 0.01 0.01
0 0.620832 0.262431 0.01 0.01
0 0.632350 0.256214 0.01 0.01
0 0.643867 0.261395 0.01 0.01
0 0.650150 0.256214 0.01 0.01
0 0.656432 0.247923 0.01 0.01
0 0.665856 0.241706 0.01 0.01
0 0.671091 0.232379 0.01 0.01
0 0.676326 0.248960 0.01 0.01
0 0.685750 0.245851 0.01 0.01
0 0.690985 0.236524 0.01 0.01
0 0.684703 0.226162 0.01 0.01
0 0.675279 0.219944 0.01 0.01
0 0.700409 0.246887 0.01 0.01
0 0.708785 0.230307 0.01 0.01
0 0.707738 0.215799 0.01 0.01
0 0.720303 0.223053 0.01 0.01
0 0.718209 0.238597 0.01 0.01
0 0.729727 0.237561 0.01 0.01
0 0.737056 0.226162 0.01 0.01
0 0.736009 0.212690 0.01 0.01
0 0.730774 0.198183 0.01 0.01
0 0.719256 0.193001 0.01 0.01
0 0.731821 0.182638 0.01 0.01
0 0.748574 0.188856 0.01 0.01
0 0.611670 0.331861 0.01 0.01
0 0.599105 0.331343 0.01 0.01
0 0.597535 0.318390 0.01 0.01
0 0.606435 0.325126 0.01 0.01
0 0.604864 0.305436 0.01 0.01
0 0.619000 0.313727 0.01 0.01
0 0.625806 0.300255 0.01 0.01
0 0.633135 0.294037 0.01 0.01
0 0.627376 0.286265 0.01 0.01
0 0.645700 0.302846 0.01 0.01
0 0.646747 0.322017 0.01 0.01
0 0.653553 0.316317 0.01 0.01
0 0.653029 0.310100 0.01 0.01
0 0.633135 0.318908 0.01 0.01
0 0.632088 0.329271 0.01 0.01
0 0.656170 0.294556 0.01 0.01
0 0.661929 0.294556 0.01 0.01
0 0.651459 0.286265 0.01 0.01
0 0.647270 0.279530 0.01 0.01
0 0.680776 0.282120 0.01 0.01
0 0.679206 0.270721 0.01 0.01
0 0.675541 0.297664 0.01 0.01
0 0.677635 0.309063 0.01 0.01
0 0.687582 0.302846 0.01 0.01
0 0.693865 0.312690 0.01 0.01
0 0.673970 0.326162 0.01 0.01
0 0.666117 0.316317 0.01 0.01
0 0.668212 0.344815 0.01 0.01
0 0.651459 0.335488 0.01 0.01
0 0.653553 0.329789 0.01 0.01
0 0.664023 0.334452 0.01 0.01
0 0.683918 0.334452 0.01 0.01
0 0.693341 0.327716 0.01 0.01
0 0.699624 0.320462 0.01 0.01
0 0.707477 0.308027 0.01 0.01
0 0.713759 0.304400 0.01 0.01
0 0.697006 0.286784 0.01 0.01
0 0.697006 0.297664 0.01 0.01
0 0.700147 0.278493 0.01 0.01
0 0.699624 0.272794 0.01 0.01
0 0.716900 0.299219 0.01 0.01
0 0.721088 0.293519 0.01 0.01
0 0.724230 0.285229 0.01 0.01
0 0.723182 0.271758 0.01 0.01
0 0.736271 0.279530 0.01 0.01
0 0.735747 0.288856 0.01 0.01
0 0.740983 0.295074 0.01 0.01
0 0.738888 0.266058 0.01 0.01
0 0.726847 0.256732 0.01 0.01
0 0.739412 0.254659 0.01 0.01
0 0.754594 0.241706 0.01 0.01
0 0.751453 0.227198 0.01 0.01
0 0.771871 0.231343 0.01 0.01
0 0.771347 0.256214 0.01 0.01
0 0.774489 0.242742 0.01 0.01
0 0.786006 0.219426 0.01 0.01
0 0.769777 0.224089 0.01 0.01
0 0.762971 0.214245 0.01 0.01
0 0.750406 0.220980 0.01 0.01
0 0.759830 0.201291 0.01 0.01
0 0.742553 0.200255 0.01 0.01
0 0.783389 0.204400 0.01 0.01
0 0.771871 0.204400 0.01 0.01
0 0.806424 0.208027 0.01 0.01
0 0.790195 0.197664 0.01 0.01
0 0.806948 0.196628 0.01 0.01
0 0.826842 0.205436 0.01 0.01
0 0.835218 0.225126 0.01 0.01
0 0.843595 0.199219 0.01 0.01
0 0.862966 0.198701 0.01 0.01
0 0.858777 0.189892 0.01 0.01
0 0.870818 0.203882 0.01 0.01
0 0.873960 0.209581 0.01 0.01
0 0.878671 0.216835 0.01 0.01
0 0.820036 0.238079 0.01 0.01
0 0.812183 0.244297 0.01 0.01
0 0.796477 0.239633 0.01 0.01
0 0.798571 0.246887 0.01 0.01
0 0.798048 0.257768 0.01 0.01
0 0.787053 0.263467 0.01 0.01
0 0.777630 0.265022 0.01 0.01
0 0.749883 0.258804 0.01 0.01
0 0.759306 0.254141 0.01 0.01
0 0.766112 0.253623 0.01 0.01
0 0.771871 0.251032 0.01 0.01
0 0.656694 0.365022 0.01 0.01
0 0.667688 0.369685 0.01 0.01
0 0.679206 0.354659 0.01 0.01
0 0.651982 0.359322 0.01 0.01
0 0.658788 0.352587 0.01 0.01
0 0.636800 0.362431 0.01 0.01
0 0.683394 0.348960 0.01 0.01
0 0.672923 0.356214 0.01 0.01
0 0.699100 0.348442 0.01 0.01
0 0.700147 0.341188 0.01 0.01
0 0.702241 0.332379 0.01 0.01
0 0.715330 0.322017 0.01 0.01
0 0.711141 0.315281 0.01 0.01
0 0.721088 0.310100 0.01 0.01
0 0.729988 0.312172 0.01 0.01
0 0.729988 0.301809 0.01 0.01
0 0.739412 0.316317 0.01 0.01
0 0.734700 0.320980 0.01 0.01
0 0.723182 0.328234 0.01 0.01
0 0.718994 0.343778 0.01 0.01
0 0.729988 0.337561 0.01 0.01
0 0.742030 0.335488 0.01 0.01
0 0.749359 0.336524 0.01 0.01
0 0.760877 0.314245 0.01 0.01
0 0.765589 0.304400 0.01 0.01
0 0.749359 0.301291 0.01 0.01
0 0.750406 0.289374 0.01 0.01
0 0.765589 0.292483 0.01 0.01
0 0.751453 0.282638 0.01 0.01
0 0.758783 0.276939 0.01 0.01
0 0.759830 0.268131 0.01 0.01
0 0.754594 0.261395 0.01 0.01
0 0.749359 0.272276 0.01 0.01
0 0.773442 0.288856 0.01 0.01
0 0.800665 0.278493 0.01 0.01
0 0.811659 0.266058 0.01 0.01
0 0.813754 0.279530 0.01 0.01
0 0.826318 0.262431 0.01 0.01
0 0.822654 0.252587 0.01 0.01
0 0.823177 0.244815 0.01 0.01
0 0.838883 0.249996 0.01 0.01
0 0.850924 0.252069 0.01 0.01
0 0.841501 0.266058 0.01 0.01
0 0.856683 0.264504 0.01 0.01
0 0.861395 0.258804 0.01 0.01
0 0.855636 0.238079 0.01 0.01
0 0.854589 0.276421 0.01 0.01
0 0.876054 0.259322 0.01 0.01
0 0.834171 0.278493 0.01 0.01
0 0.821606 0.282120 0.01 0.01
0 0.801712 0.285229 0.01 0.01
0 0.795430 0.295074 0.01 0.01
0 0.788100 0.301809 0.01 0.01
0 0.780771 0.298183 0.01 0.01
0 0.777106 0.330825 0.01 0.01
0 0.761924 0.327198 0.01 0.01
0 0.785483 0.314763 0.01 0.01
0 0.773965 0.313208 0.01 0.01
0 0.784436 0.323053 0.01 0.01
0 0.768206 0.339633 0.01 0.01
0 0.760353 0.348442 0.01 0.01
0 0.754071 0.351032 0.01 0.01
0 0.745171 0.358804 0.01 0.01
0 0.728418 0.363467 0.01 0.01
0 0.726324 0.376939 0.01 0.01
0 0.710094 0.377975 0.01 0.01
0 0.705382 0.368131 0.01 0.01
0 0.706953 0.356214 0.01 0.01
0 0.671876 0.384711 0.01 0.01
0 0.680776 0.376939 0.01 0.01
0 0.694912 0.366576 0.01 0.01
0 0.688629 0.386784 0.01 0.01
0 0.664547 0.396628 0.01 0.01
0 0.661929 0.408545 0.01 0.01
0 0.754071 0.366058 0.01 0.01
0 0.768206 0.360359 0.01 0.01
0 0.777630 0.348442 0.01 0.01
0 0.801189 0.339115 0.01 0.01
0 0.797524 0.328752 0.01 0.01
0 0.811136 0.336524 0.01 0.01
0 0.815848 0.331343 0.01 0.01
0 0.813230 0.314763 0.01 0.01
0 0.812183 0.300773 0.01 0.01
0 0.828936 0.297146 0.01 0.01
0 0.835218 0.311654 0.01 0.01
0 0.847260 0.301809 0.01 0.01
0 0.855113 0.310618 0.01 0.01
0 0.866107 0.297664 0.01 0.01
0 0.849354 0.325126 0.01 0.01
0 0.834171 0.336524 0.01 0.01
0 0.822654 0.348442 0.01 0.01
0 0.807471 0.353623 0.01 0.01
0 0.789671 0.363986 0.01 0.01
0 0.800142 0.356214 0.01 0.01
0 0.795430 0.372794 0.01 0.01
0 0.807995 0.374348 0.01 0.01
0 0.839407 0.361395 0.01 0.01
0 0.846736 0.350514 0.01 0.01
0 0.858777 0.340670 0.01 0.01
0 0.859824 0.333416 0.01 0.01
0 0.868201 0.330307 0.01 0.01
0 0.870818 0.319426 0.01 0.01
0 0.767159 0.453105 0.01 0.01
0 0.745171 0.470203 0.01 0.01
0 0.881122 0.304918 0.01 0.01
0 0.890022 0.296110 0.01 0.01
0 0.876410 0.294556 0.01 0.01
0 0.884263 0.279530 0.01 0.01
0 0.892640 0.271758 0.01 0.01
0 0.917246 0.268649 0.01 0.01
0 0.919340 0.259841 0.01 0.01
0 0.925622 0.253105 0.01 0.01
0 0.934522 0.249996 0.01 0.01
0 0.892640 0.320462 0.01 0.01
0 0.900492 0.336524 0.01 0.01
0 0.913581 0.313727 0.01 0.01
0 0.906775 0.303364 0.01 0.01
0 0.925622 0.301291 0.01 0.01
0 0.930857 0.293001 0.01 0.01
0 0.903110 0.256214 0.01 0.01
0 0.910963 0.248442 0.01 0.01
0 0.908345 0.239115 0.01 0.01
0 0.899445 0.242742 0.01 0.01
0 0.882169 0.246369 0.01 0.01
0 0.885834 0.229789 0.01 0.01
0 0.903634 0.216835 0.01 0.01
0 0.912534 0.230307 0.01 0.01
0 0.931381 0.224089 0.01 0.01
0 0.932951 0.240151 0.01 0.01
0 0.884598 0.193001 0.01 0.01
0 0.875174 0.181084 0.01 0.01
0 0.867845 0.174866 0.01 0.01
0 0.861562 0.161913 0.01 0.01
0 0.825439 0.177975 0.01 0.01
0 0.819680 0.196110 0.01 0.01
0 0.813397 0.182120 0.01 0.01
0 0.798738 0.179530 0.01 0.01
0 0.780938 0.183157 0.01 0.01
0 0.774132 0.186265 0.01 0.01
0 0.763138 0.181602 0.01 0.01
0 0.770468 0.165022 0.01 0.01
0 0.761568 0.168131 0.01 0.01
0 0.786697 0.162431 0.01 0.01
0 0.792456 0.157250 0.01 0.01
0 0.805544 0.149478 0.01 0.01
0 0.807638 0.163986 0.01 0.01
0 0.825439 0.160359 0.01 0.01
0 0.836956 0.153623 0.01 0.01
0 0.843239 0.141706 0.01 0.01
0 0.854233 0.145851 0.01 0.01
0 0.869939 0.158804 0.01 0.01
0 0.850568 0.161913 0.01 0.01
0 0.869415 0.142224 0.01 0.01
0 0.898209 0.128234 0.01 0.01
0 0.884598 0.116317 0.01 0.01
0 0.883027 0.145333 0.01 0.01
0 0.898733 0.141706 0.01 0.01
0 0.890880 0.150514 0.01 0.01
0 0.886692 0.169167 0.01 0.01
0 0.900827 0.150514 0.01 0.01
0 0.900304 0.159841 0.01 0.01
0 0.922815 0.180566 0.01 0.01
0 0.930145 0.165540 0.01 0.01
0 0.919674 0.161395 0.01 0.01
0 0.918627 0.133416 0.01 0.01
0 0.931716 0.135488 0.01 0.01
0 0.935904 0.148442 0.01 0.01
0 0.914439 0.177457 0.01 0.01
0 0.895068 0.176939 0.01 0.01
0 0.895592 0.210618 0.01 0.01
0 0.890880 0.199219 0.01 0.01
0 0.925433 0.216835 0.01 0.01
0 0.809209 0.224089 0.01 0.01
0 0.849092 0.171240 0.01 0.01
0 0.848045 0.208545 0.01 0.01
0 0.854327 0.216835 0.01 0.01
0 0.856421 0.230307 0.01 0.01
