0 0.105500 0.900484 0.01 0.01
0 0.051986 0.856227 0.01 0.01
0 0.028796 0.787185 0.01 0.01
0 0.080545 0.804445 0.01 0.01
0 0.123356 0.810641 0.01 0.01
0 0.115329 0.856669 0.01 0.01
0 0.175978 0.824804 0.01 0.01
0 0.156357 0.802675 0.01 0.01
0 0.117113 0.761958 0.01 0.01
0 0.158140 0.748681 0.01 0.01
0 0.187573 0.738945 0.01 0.01
0 0.196492 0.761958 0.01 0.01
0 0.216114 0.777891 0.01 0.01
0 0.239303 0.786742 0.01 0.01
0 0.200952 0.884109 0.01 0.01
0 0.215222 0.921285 0.01 0.01
0 0.280331 0.849588 0.01 0.01
0 0.283007 0.807986 0.01 0.01
0 0.323142 0.820378 0.01 0.01
0 0.314223 0.790283 0.01 0.01
0 0.321358 0.764614 0.01 0.01
0 0.281223 0.761073 0.01 0.01
0 0.248222 0.750451 0.01 0.01
0 0.197384 0.711505 0.01 0.01
0 0.241087 0.699113 0.01 0.01
0 0.136735 0.728323 0.01 0.01
0 0.130491 0.710620 0.01 0.01
0 0.160816 0.719471 0.01 0.01
0 0.276763 0.731863 0.01 0.01
0 0.257141 0.728323 0.01 0.01
0 0.302628 0.737174 0.01 0.01
0 0.306196 0.695572 0.01 0.01
0 0.280331 0.692917 0.01 0.01
0 0.321358 0.703539 0.01 0.01
0 0.341872 0.698228 0.01 0.01
0 0.357926 0.699113 0.01 0.01
0 0.359710 0.726553 0.01 0.01
0 0.380224 0.709735 0.01 0.01
0 0.403413 0.697343 0.01 0.01
0 0.398954 0.734519 0.01 0.01
0 0.390035 0.751337 0.01 0.01
0 0.387359 0.787628 0.01 0.01
0 0.363278 0.854014 0.01 0.01
0 0.350791 0.918629 0.01 0.01
0 0.405197 0.880568 0.01 0.01
0 0.424819 0.905352 0.01 0.01
0 0.467630 0.892075 0.01 0.01
0 0.459603 0.846047 0.01 0.01
0 0.460495 0.807986 0.01 0.01
0 0.479225 0.842507 0.01 0.01
0 0.537199 0.851358 0.01 0.01
0 0.517577 0.803560 0.01 0.01
0 0.425711 0.773465 0.01 0.01
0 0.414116 0.741600 0.01 0.01
0 0.431062 0.722127 0.01 0.01
0 0.437306 0.706194 0.01 0.01
0 0.462279 0.726553 0.01 0.01
0 0.469414 0.697343 0.01 0.01
0 0.488144 0.694687 0.01 0.01
0 0.501523 0.704424 0.01 0.01
0 0.515793 0.753107 0.01 0.01
0 0.498847 0.748681 0.01 0.01
0 0.507766 0.721242 0.01 0.01
0 0.521145 0.705309 0.01 0.01
0 0.555929 0.724782 0.01 0.01
0 0.586253 0.771695 0.01 0.01
0 0.571983 0.706194 0.01 0.01
0 0.596956 0.714160 0.01 0.01
0 0.654930 0.767269 0.01 0.01
0 0.659389 0.740715 0.01 0.01
0 0.640659 0.723012 0.01 0.01
0 0.647795 0.706194 0.01 0.01
0 0.630848 0.706194 0.01 0.01
0 0.695065 0.707964 0.01 0.01
0 0.678119 0.691147 0.01 0.01
0 0.649578 0.686721 0.01 0.01
0 0.728066 0.740715 0.01 0.01
0 0.759282 0.751337 0.01 0.01
0 0.650470 0.847818 0.01 0.01
0 0.760174 0.722127 0.01 0.01
0 0.755715 0.687606 0.01 0.01
0 0.773553 0.705309 0.01 0.01
0 0.726282 0.685836 0.01 0.01
0 0.711120 0.687606 0.01 0.01
0 0.689714 0.676984 0.01 0.01
0 0.675444 0.670788 0.01 0.01
0 0.644227 0.674329 0.01 0.01
0 0.629957 0.685836 0.01 0.01
0 0.613010 0.686721 0.01 0.01
0 0.583578 0.674329 0.01 0.01
0 0.541658 0.682295 0.01 0.01
0 0.496171 0.657511 0.01 0.01
0 0.526496 0.665477 0.01 0.01
0 0.442657 0.669018 0.01 0.01
0 0.430170 0.684065 0.01 0.01
0 0.397170 0.676984 0.01 0.01
0 0.071626 0.738059 0.01 0.01
0 0.043085 0.754877 0.01 0.01
0 0.023463 0.758418 0.01 0.01
0 0.035058 0.733634 0.01 0.01
0 0.014544 0.736289 0.01 0.01
0 0.021679 0.708850 0.01 0.01
0 0.045761 0.698228 0.01 0.01
0 0.074302 0.708850 0.01 0.01
0 0.088572 0.730093 0.01 0.01
0 0.100167 0.699113 0.01 0.01
0 0.075193 0.682295 0.01 0.01
0 0.060923 0.697343 0.01 0.01
0 0.023463 0.661937 0.01 0.01
0 0.034166 0.658396 0.01 0.01
0 0.038625 0.643349 0.01 0.01
0 0.035950 0.630957 0.01 0.01
0 0.058247 0.631842 0.01 0.01
0 0.052004 0.653970 0.01 0.01
0 0.074302 0.646004 0.01 0.01
0 0.084112 0.661052 0.01 0.01
0 0.099275 0.638923 0.01 0.01
0 0.102842 0.615909 0.01 0.01
0 0.113545 0.647774 0.01 0.01
0 0.094815 0.679640 0.01 0.01
0 0.126032 0.674329 0.01 0.01
0 0.128708 0.632727 0.01 0.01
0 0.149221 0.622105 0.01 0.01
0 0.159032 0.624761 0.01 0.01
0 0.168843 0.622105 0.01 0.01
0 0.170627 0.639808 0.01 0.01
0 0.159924 0.656626 0.01 0.01
0 0.190249 0.630957 0.01 0.01
0 0.255358 0.618565 0.01 0.01
0 0.238412 0.610598 0.01 0.01
0 0.250006 0.649545 0.01 0.01
0 0.274088 0.598206 0.01 0.01
0 0.278547 0.611483 0.01 0.01
0 0.284790 0.618565 0.01 0.01
0 0.291034 0.629186 0.01 0.01
0 0.290142 0.656626 0.01 0.01
0 0.289250 0.674329 0.01 0.01
0 0.224141 0.699113 0.01 0.01
0 0.334737 0.625646 0.01 0.01
0 0.324926 0.613254 0.01 0.01
0 0.342764 0.605287 0.01 0.01
0 0.364170 0.626531 0.01 0.01
0 0.344548 0.649545 0.01 0.01
0 0.327602 0.663707 0.01 0.01
0 0.313331 0.662822 0.01 0.01
0 0.346332 0.675214 0.01 0.01
0 0.385575 0.654856 0.01 0.01
0 0.388251 0.622105 0.01 0.01
0 0.381116 0.607943 0.01 0.01
0 0.400738 0.627416 0.01 0.01
0 0.407873 0.610598 0.01 0.01
0 0.423927 0.601747 0.01 0.01
0 0.394494 0.600862 0.01 0.01
0 0.427495 0.595551 0.01 0.01
0 0.438198 0.598206 0.01 0.01
0 0.444441 0.610598 0.01 0.01
0 0.423927 0.624761 0.01 0.01
0 0.406089 0.654856 0.01 0.01
0 0.425711 0.646004 0.01 0.01
0 0.446225 0.648660 0.01 0.01
0 0.454252 0.669903 0.01 0.01
0 0.476549 0.662822 0.01 0.01
0 0.451576 0.634497 0.01 0.01
0 0.436414 0.635382 0.01 0.01
0 0.462279 0.622105 0.01 0.01
0 0.458711 0.606173 0.01 0.01
0 0.463171 0.594666 0.01 0.01
0 0.474766 0.608828 0.01 0.01
0 0.489036 0.639808 0.01 0.01
0 0.510442 0.644234 0.01 0.01
0 0.510442 0.626531 0.01 0.01
0 0.506874 0.611483 0.01 0.01
0 0.505982 0.592010 0.01 0.01
0 0.526496 0.620335 0.01 0.01
0 0.510442 0.583159 0.01 0.01
0 0.528280 0.598206 0.01 0.01
0 0.556821 0.590240 0.01 0.01
0 0.558604 0.611483 0.01 0.01
0 0.547010 0.619450 0.01 0.01
0 0.551469 0.646889 0.01 0.01
0 0.544334 0.660166 0.01 0.01
0 0.562172 0.638923 0.01 0.01
0 0.573767 0.638923 0.01 0.01
0 0.572875 0.654856 0.01 0.01
0 0.558604 0.657511 0.01 0.01
0 0.583578 0.640693 0.01 0.01
0 0.571091 0.609713 0.01 0.01
0 0.594280 0.589355 0.01 0.01
0 0.607659 0.593780 0.01 0.01
0 0.598740 0.605287 0.01 0.01
0 0.592497 0.640693 0.01 0.01
0 0.607659 0.630071 0.01 0.01
0 0.606767 0.650430 0.01 0.01
0 0.601416 0.669903 0.01 0.01
0 0.637984 0.631842 0.01 0.01
0 0.624605 0.628301 0.01 0.01
0 0.620146 0.647774 0.01 0.01
0 0.618362 0.594666 0.01 0.01
0 0.625497 0.580503 0.01 0.01
0 0.631740 0.605287 0.01 0.01
0 0.647795 0.615024 0.01 0.01
0 0.647795 0.600862 0.01 0.01
0 0.651362 0.582274 0.01 0.01
0 0.665633 0.586699 0.01 0.01
0 0.663849 0.605287 0.01 0.01
0 0.683471 0.599977 0.01 0.01
0 0.683471 0.576963 0.01 0.01
0 0.705768 0.587584 0.01 0.01
0 0.700417 0.623875 0.01 0.01
0 0.690606 0.635382 0.01 0.01
0 0.651362 0.632727 0.01 0.01
0 0.674552 0.633612 0.01 0.01
0 0.674552 0.648660 0.01 0.01
0 0.652254 0.651315 0.01 0.01
0 0.705768 0.665477 0.01 0.01
0 0.708444 0.649545 0.01 0.01
0 0.711120 0.635382 0.01 0.01
0 0.724498 0.635382 0.01 0.01
0 0.743228 0.676984 0.01 0.01
0 0.750363 0.650430 0.01 0.01
0 0.745904 0.622105 0.01 0.01
0 0.716471 0.617679 0.01 0.01
0 0.720931 0.602632 0.01 0.01
0 0.731633 0.579618 0.01 0.01
0 0.751255 0.581388 0.01 0.01
0 0.759282 0.576963 0.01 0.01
0 0.781580 0.589355 0.01 0.01
0 0.763742 0.606173 0.01 0.01
0 0.779796 0.606173 0.01 0.01
0 0.788715 0.578733 0.01 0.01
0 0.786931 0.638923 0.01 0.01
0 0.759282 0.667248 0.01 0.01
0 0.776229 0.665477 0.01 0.01
0 0.794067 0.692032 0.01 0.01
0 0.795850 0.658396 0.01 0.01
0 0.796742 0.639808 0.01 0.01
0 0.788715 0.617679 0.01 0.01
0 0.794067 0.723012 0.01 0.01
0 0.810332 0.763729 0.01 0.01
0 0.799629 0.798249 0.01 0.01
0 0.820143 0.830115 0.01 0.01
0 0.850467 0.768154 0.01 0.01
0 0.828170 0.759303 0.01 0.01
0 0.854927 0.736289 0.01 0.01
0 0.843332 0.699113 0.01 0.01
0 0.814791 0.691147 0.01 0.01
0 0.846008 0.668133 0.01 0.01
0 0.813899 0.655741 0.01 0.01
0 0.810332 0.638923 0.01 0.01
0 0.831737 0.646889 0.01 0.01
0 0.814791 0.617679 0.01 0.01
0 0.813007 0.589355 0.01 0.01
0 0.811224 0.607058 0.01 0.01
0 0.802305 0.592010 0.01 0.01
0 0.794277 0.607058 0.01 0.01
0 0.817467 0.579618 0.01 0.01
0 0.828170 0.611483 0.01 0.01
0 0.837981 0.630071 0.01 0.01
0 0.842440 0.611483 0.01 0.01
0 0.853143 0.638038 0.01 0.01
0 0.856711 0.623875 0.01 0.01
0 0.865630 0.608828 0.01 0.01
0 0.861170 0.584929 0.01 0.01
0 0.861170 0.570767 0.01 0.01
0 0.847792 0.579618 0.01 0.01
0 0.878116 0.644234 0.01 0.01
0 0.870089 0.671673 0.01 0.01
0 0.867413 0.692917 0.01 0.01
0 0.887927 0.699113 0.01 0.01
0 0.887035 0.748681 0.01 0.01
0 0.912900 0.784087 0.01 0.01
0 0.914684 0.804445 0.01 0.01
0 0.930738 0.748681 0.01 0.01
0 0.916468 0.729208 0.01 0.01
0 0.920036 0.702654 0.01 0.01
0 0.926279 0.684951 0.01 0.01
0 0.921819 0.660166 0.01 0.01
0 0.909333 0.651315 0.01 0.01
0 0.905765 0.641578 0.01 0.01
0 0.903981 0.622105 0.01 0.01
0 0.913792 0.634497 0.01 0.01
0 0.889711 0.610598 0.01 0.01
0 0.875441 0.607058 0.01 0.01
0 0.886143 0.586699 0.01 0.01
0 0.882576 0.598206 0.01 0.01
0 0.884360 0.576078 0.01 0.01
0 0.895062 0.572537 0.01 0.01
0 0.909333 0.595551 0.01 0.01
0 0.899522 0.600862 0.01 0.01
0 0.906657 0.608828 0.01 0.01
0 0.916468 0.607058 0.01 0.01
0 0.931630 0.607058 0.01 0.01
0 0.933414 0.627416 0.01 0.01
0 0.928063 0.615024 0.01 0.01
0 0.922711 0.578733 0.01 0.01
0 0.936982 0.561915 0.01 0.01
0 0.911117 0.574307 0.01 0.01
0 0.950360 0.593780 0.01 0.01
0 0.942333 0.595551 0.01 0.01
0 0.948577 0.568996 0.01 0.01
0 0.952144 0.559260 0.01 0.01
0 0.965523 0.562800 0.01 0.01
0 0.976225 0.567226 0.01 0.01
0 0.967306 0.592895 0.01 0.01
0 0.978009 0.626531 0.01 0.01
0 0.953036 0.625646 0.01 0.01
0 0.949468 0.650430 0.01 0.01
0 0.950360 0.679640 0.01 0.01
0 0.952144 0.699998 0.01 0.01
0 0.983361 0.738059 0.01 0.01
0 0.979793 0.761073 0.01 0.01
0 0.969982 0.715046 0.01 0.01
0 0.978009 0.689376 0.01 0.01
0 0.974442 0.673444 0.01 0.01
0 0.978901 0.665477 0.01 0.01
0 0.970874 0.646889 0.01 0.01
0 0.986928 0.599091 0.01 0.01
0 0.984253 0.584929 0.01 0.01
0 0.995847 0.576963 0.01 0.01
0 0.983361 0.563685 0.01 0.01
0 0.986036 0.553949 0.01 0.01
0 0.992280 0.556604 0.01 0.01
0 1.002983 0.567226 0.01 0.01
0 1.007442 0.588470 0.01 0.01
0 1.019037 0.571652 0.01 0.01
0 1.028848 0.556604 0.01 0.01
0 1.038659 0.547753 0.01 0.01
0 1.035983 0.594666 0.01 0.01
0 1.025280 0.586699 0.01 0.01
0 1.027956 0.577848 0.01 0.01
0 1.045794 0.576078 0.01 0.01
0 1.055605 0.587584 0.01 0.01
0 1.028848 0.618565 0.01 0.01
0 1.011010 0.616794 0.01 0.01
0 0.999415 0.628301 0.01 0.01
0 0.990496 0.618565 0.01 0.01
0 1.020821 0.653085 0.01 0.01
0 1.012793 0.692032 0.01 0.01
0 1.012793 0.671673 0.01 0.01
0 1.049361 0.699998 0.01 0.01
0 1.053821 0.680525 0.01 0.01
0 1.050253 0.650430 0.01 0.01
0 1.057389 0.663707 0.01 0.01
0 1.077010 0.662822 0.01 0.01
0 1.072551 0.647774 0.01 0.01
0 1.059172 0.627416 0.01 0.01
0 1.046686 0.595551 0.01 0.01
0 1.053821 0.607058 0.01 0.01
0 1.077902 0.604402 0.01 0.01
0 1.066308 0.590240 0.01 0.01
0 1.065416 0.572537 0.01 0.01
0 1.063632 0.565456 0.01 0.01
0 1.076119 0.558375 0.01 0.01
0 1.078794 0.551293 0.01 0.01
0 1.073443 0.584044 0.01 0.01
0 1.088605 0.589355 0.01 0.01
0 1.093957 0.558375 0.01 0.01
0 1.102876 0.599977 0.01 0.01
0 1.102876 0.581388 0.01 0.01
0 1.085929 0.635382 0.01 0.01
0 1.099308 0.628301 0.01 0.01
0 1.135876 0.622105 0.01 0.01
0 1.111795 0.648660 0.01 0.01
0 1.103768 0.669018 0.01 0.01
0 1.077010 0.688491 0.01 0.01
0 1.069875 0.733634 0.01 0.01
0 1.049361 0.734519 0.01 0.01
0 0.974442 0.853128 0.01 0.01
0 1.022604 0.838081 0.01 0.01
0 1.005658 0.794709 0.01 0.01
0 1.013685 0.771695 0.01 0.01
0 1.063632 0.765499 0.01 0.01
0 1.130525 0.769040 0.01 0.01
0 1.102876 0.815952 0.01 0.01
0 1.116254 0.727438 0.01 0.01
0 1.110903 0.702654 0.01 0.01
0 1.140335 0.681410 0.01 0.01
0 1.133200 0.647774 0.01 0.01
0 1.133200 0.604402 0.01 0.01
0 1.114470 0.572537 0.01 0.01
0 1.118038 0.551293 0.01 0.01
0 1.131416 0.558375 0.01 0.01
0 1.134092 0.584044 0.01 0.01
0 1.141227 0.592010 0.01 0.01
0 1.151930 0.602632 0.01 0.01
0 1.152822 0.576963 0.01 0.01
0 1.144795 0.576078 0.01 0.01
0 1.149255 0.548638 0.01 0.01
0 1.168876 0.544212 0.01 0.01
0 1.159957 0.538901 0.01 0.01
0 1.168876 0.603517 0.01 0.01
0 1.179579 0.575192 0.01 0.01
0 1.171552 0.622105 0.01 0.01
0 1.160849 0.639808 0.01 0.01
0 1.182255 0.651315 0.01 0.01
0 1.170660 0.684951 0.01 0.01
0 1.165309 0.708850 0.01 0.01
0 1.147471 0.750451 0.01 0.01
0 1.170660 0.778776 0.01 0.01
0 1.184931 0.812412 0.01 0.01
0 1.142119 0.859325 0.01 0.01
0 1.097524 0.880568 0.01 0.01
0 1.203661 0.872602 0.01 0.01
0 1.221499 0.835426 0.01 0.01
0 1.243796 0.750451 0.01 0.01
0 1.192066 0.750451 0.01 0.01
0 1.237553 0.689376 0.01 0.01
0 1.216147 0.678755 0.01 0.01
0 1.192066 0.688491 0.01 0.01
0 1.195633 0.646889 0.01 0.01
0 1.196525 0.630071 0.01 0.01
0 1.189390 0.614139 0.01 0.01
0 1.165309 0.582274 0.01 0.01
0 1.190282 0.584044 0.01 0.01
0 1.204552 0.574307 0.01 0.01
0 1.196525 0.560145 0.01 0.01
0 1.184931 0.544212 0.01 0.01
0 1.176012 0.539787 0.01 0.01
0 1.200093 0.541557 0.01 0.01
0 1.208120 0.560145 0.01 0.01
0 1.217931 0.544212 0.01 0.01
0 1.208120 0.538901 0.01 0.01
0 1.233093 0.545097 0.01 0.01
0 1.244688 0.538016 0.01 0.01
0 1.218823 0.564571 0.01 0.01
0 1.226850 0.559260 0.01 0.01
0 1.253607 0.543327 0.01 0.01
0 1.224174 0.594666 0.01 0.01
0 1.200093 0.607058 0.01 0.01
0 1.204552 0.594666 0.01 0.01
0 1.234877 0.622105 0.01 0.01
0 1.223282 0.606173 0.01 0.01
0 1.209904 0.643349 0.01 0.01
0 1.230418 0.661052 0.01 0.01
0 1.242904 0.646889 0.01 0.01
0 1.254499 0.622105 0.01 0.01
0 1.245580 0.615909 0.01 0.01
0 1.253607 0.589355 0.01 0.01
0 1.238445 0.593780 0.01 0.01
0 1.236661 0.557489 0.01 0.01
0 1.250039 0.555719 0.01 0.01
0 1.260742 0.568111 0.01 0.01
0 1.158818 0.910663 0.01 0.01
0 1.240873 0.897386 0.01 0.01
0 1.256928 0.805331 0.01 0.01
0 1.281009 0.794709 0.01 0.01
0 1.302415 0.811527 0.01 0.01
0 1.276549 0.747796 0.01 0.01
0 1.288144 0.725667 0.01 0.01
0 1.297063 0.685836 0.01 0.01
0 1.278333 0.668133 0.01 0.01
0 1.303306 0.748681 0.01 0.01
0 1.327388 0.734519 0.01 0.01
0 1.327388 0.765499 0.01 0.01
0 1.348793 0.785857 0.01 0.01
0 1.330064 0.861980 0.01 0.01
0 1.297063 0.913318 0.01 0.01
0 1.248009 0.991211 0.01 0.01
0 1.293496 1.009799 0.01 0.01
0 1.392497 0.919515 0.01 0.01
0 1.366632 0.884994 0.01 0.01
0 1.387145 0.834540 0.01 0.01
0 1.388929 0.814182 0.01 0.01
0 1.401416 0.772580 0.01 0.01
0 1.538769 0.887649 0.01 0.01
0 1.573553 0.859325 0.01 0.01
0 1.594958 0.812412 0.01 0.01
0 1.577120 0.789398 0.01 0.01
0 1.549471 0.768154 0.01 0.01
0 1.361280 0.734519 0.01 0.01
0 1.391605 0.749566 0.01 0.01
0 1.383578 0.716816 0.01 0.01
0 1.343442 0.705309 0.01 0.01
0 1.318469 0.676984 0.01 0.01
0 1.369307 0.678755 0.01 0.01
0 1.377334 0.707079 0.01 0.01
0 1.395172 0.717701 0.01 0.01
0 1.434416 0.708850 0.01 0.01
0 1.455822 0.717701 0.01 0.01
0 1.486146 0.703539 0.01 0.01
0 1.510228 0.716816 0.01 0.01
0 1.545012 0.703539 0.01 0.01
0 1.563742 0.705309 0.01 0.01
0 1.584256 0.716816 0.01 0.01
0 1.582472 0.690261 0.01 0.01
0 1.511120 0.682295 0.01 0.01
0 1.495957 0.666363 0.01 0.01
0 1.454930 0.684065 0.01 0.01
0 1.428173 0.669018 0.01 0.01
0 1.397848 0.666363 0.01 0.01
0 1.375551 0.666363 0.01 0.01
0 1.352361 0.661937 0.01 0.01
0 1.320253 0.642464 0.01 0.01
0 1.300631 0.648660 0.01 0.01
0 1.286360 0.651315 0.01 0.01
0 1.285468 0.632727 0.01 0.01
0 1.270306 0.622990 0.01 0.01
0 1.266738 0.607943 0.01 0.01
0 1.289928 0.612369 0.01 0.01
0 1.312225 0.619450 0.01 0.01
0 1.297955 0.628301 0.01 0.01
0 1.344334 0.621220 0.01 0.01
0 1.353253 0.618565 0.01 0.01
0 1.362172 0.623875 0.01 0.01
0 1.375551 0.622105 0.01 0.01
0 1.363956 0.649545 0.01 0.01
0 1.403200 0.631842 0.01 0.01
0 1.414794 0.655741 0.01 0.01
0 1.423713 0.630957 0.01 0.01
0 1.452254 0.628301 0.01 0.01
0 1.467416 0.634497 0.01 0.01
0 1.490606 0.644234 0.01 0.01
0 1.498633 0.622105 0.01 0.01
0 1.484363 0.617679 0.01 0.01
0 1.518255 0.620335 0.01 0.01
0 1.290151 0.601304 0.01 0.01
0 1.289705 0.588470 0.01 0.01
0 1.285245 0.582274 0.01 0.01
0 1.270083 0.571209 0.01 0.01
0 1.289259 0.574750 0.01 0.01
0 1.274543 0.556604 0.01 0.01
0 1.264286 0.549966 0.01 0.01
0 1.264732 0.543327 0.01 0.01
0 1.264286 0.533148 0.01 0.01
0 1.285245 0.539344 0.01 0.01
0 1.292827 0.543327 0.01 0.01
0 1.288813 0.559702 0.01 0.01
0 1.294610 0.565456 0.01 0.01
0 1.297286 0.555277 0.01 0.01
0 1.307989 0.555719 0.01 0.01
0 1.314678 0.564128 0.01 0.01
0 1.311557 0.576963 0.01 0.01
0 1.307543 0.584044 0.01 0.01
0 1.303975 0.592895 0.01 0.01
0 1.337868 0.575635 0.01 0.01
0 1.322705 0.574307 0.01 0.01
0 1.333408 0.564571 0.01 0.01
0 1.323151 0.557932 0.01 0.01
0 1.316016 0.550408 0.01 0.01
0 1.310219 0.543327 0.01 0.01
0 1.301300 0.542442 0.01 0.01
0 1.300408 0.536246 0.01 0.01
0 1.308435 0.537574 0.01 0.01
0 1.315124 0.537131 0.01 0.01
0 1.325827 0.540672 0.01 0.01
0 1.329841 0.556604 0.01 0.01
0 1.345449 0.552621 0.01 0.01
0 1.334300 0.546868 0.01 0.01
0 1.349908 0.561915 0.01 0.01
0 1.360611 0.568554 0.01 0.01
0 1.361949 0.550851 0.01 0.01
0 1.352138 0.547310 0.01 0.01
0 1.343665 0.541114 0.01 0.01
0 1.336530 0.534476 0.01 0.01
0 1.349016 0.534918 0.01 0.01
0 1.358381 0.541114 0.01 0.01
0 1.367746 0.540229 0.01 0.01
0 1.362841 0.534476 0.01 0.01
0 1.369084 0.530492 0.01 0.01
0 1.375328 0.539344 0.01 0.01
0 1.373990 0.555719 0.01 0.01
0 1.377557 0.570767 0.01 0.01
0 1.390044 0.565456 0.01 0.01
0 1.386922 0.550408 0.01 0.01
0 1.381571 0.540229 0.01 0.01
0 1.381125 0.532705 0.01 0.01
0 1.387368 0.533148 0.01 0.01
0 1.395395 0.546425 0.01 0.01
0 1.399855 0.557932 0.01 0.01
0 1.402085 0.570767 0.01 0.01
0 1.381571 0.585372 0.01 0.01
0 1.367300 0.591125 0.01 0.01
0 1.345003 0.582716 0.01 0.01
0 1.344111 0.599091 0.01 0.01
0 1.327165 0.594223 0.01 0.01
0 1.388260 0.600862 0.01 0.01
0 1.374882 0.605730 0.01 0.01
0 1.394949 0.611926 0.01 0.01
0 1.422152 0.607058 0.01 0.01
0 1.431517 0.613254 0.01 0.01
0 1.442220 0.603517 0.01 0.01
0 1.455599 0.601747 0.01 0.01
0 1.476558 0.599091 0.01 0.01
0 1.478342 0.588912 0.01 0.01
0 1.486815 0.603960 0.01 0.01
0 1.502870 0.601304 0.01 0.01
0 1.511343 0.593780 0.01 0.01
0 1.516694 0.588912 0.01 0.01
0 1.530965 0.584044 0.01 0.01
0 1.524721 0.605287 0.01 0.01
0 1.542559 0.615024 0.01 0.01
0 1.540775 0.597764 0.01 0.01
0 1.444450 0.655741 0.01 0.01
0 1.454261 0.655741 0.01 0.01
0 1.463180 0.660166 0.01 0.01
0 1.524721 0.661052 0.01 0.01
0 1.522491 0.646447 0.01 0.01
0 1.397625 0.528722 0.01 0.01
0 1.410112 0.549966 0.01 0.01
0 1.404314 0.536246 0.01 0.01
0 1.404760 0.528280 0.01 0.01
0 1.415017 0.536246 0.01 0.01
0 1.414571 0.522084 0.01 0.01
0 1.423044 0.553506 0.01 0.01
0 1.416801 0.544655 0.01 0.01
0 1.411896 0.569439 0.01 0.01
0 1.419923 0.568996 0.01 0.01
0 1.421706 0.559260 0.01 0.01
0 1.419477 0.576520 0.01 0.01
0 1.395395 0.582274 0.01 0.01
0 1.397179 0.594223 0.01 0.01
0 1.405206 0.588912 0.01 0.01
0 1.419923 0.592453 0.01 0.01
0 1.426166 0.583601 0.01 0.01
0 1.429288 0.576078 0.01 0.01
0 1.441328 0.572980 0.01 0.01
0 1.441328 0.562358 0.01 0.01
0 1.429734 0.549081 0.01 0.01
0 1.435531 0.545540 0.01 0.01
0 1.431963 0.540672 0.01 0.01
0 1.423490 0.537131 0.01 0.01
0 1.421706 0.530935 0.01 0.01
0 1.431963 0.532263 0.01 0.01
0 1.437315 0.526952 0.01 0.01
0 1.429288 0.521198 0.01 0.01
0 1.436423 0.519428 0.01 0.01
0 1.443558 0.522526 0.01 0.01
0 1.446680 0.531820 0.01 0.01
0 1.452923 0.535803 0.01 0.01
0 1.453815 0.525182 0.01 0.01
0 1.457829 0.536246 0.01 0.01
0 1.448464 0.553064 0.01 0.01
0 1.438653 0.551736 0.01 0.01
0 1.463180 0.545097 0.01 0.01
0 1.448464 0.545097 0.01 0.01
0 1.457383 0.561030 0.01 0.01
0 1.453815 0.581388 0.01 0.01
0 1.453815 0.588912 0.01 0.01
0 1.435085 0.592010 0.01 0.01
0 1.432409 0.603075 0.01 0.01
0 1.468085 0.559260 0.01 0.01
0 1.480126 0.542885 0.01 0.01
0 1.471207 0.538016 0.01 0.01
0 1.487707 0.542442 0.01 0.01
0 1.483694 0.562800 0.01 0.01
0 1.469869 0.567669 0.01 0.01
0 1.475221 0.574307 0.01 0.01
0 1.491275 0.575192 0.01 0.01
0 1.510005 0.572980 0.01 0.01
0 1.511343 0.560587 0.01 0.01
0 1.505991 0.553949 0.01 0.01
0 1.515356 0.543770 0.01 0.01
0 1.522045 0.553506 0.01 0.01
0 1.532302 0.553506 0.01 0.01
0 1.534086 0.562800 0.01 0.01
0 1.526951 0.571652 0.01 0.01
0 1.538992 0.576520 0.01 0.01
0 1.474775 0.526067 0.01 0.01
0 1.479234 0.535803 0.01 0.01
0 1.483694 0.530050 0.01 0.01
0 1.479680 0.519871 0.01 0.01
0 1.464964 0.519871 0.01 0.01
0 1.330732 0.634055 0.01 0.01
0 1.255367 0.653085 0.01 0.01
0 1.582909 0.547310 0.01 0.01
0 1.578449 0.538016 0.01 0.01
0 1.593166 0.541114 0.01 0.01
0 1.597179 0.548195 0.01 0.01
0 1.589598 0.558817 0.01 0.01
0 1.577111 0.563243 0.01 0.01
0 1.580233 0.573422 0.01 0.01
0 1.580679 0.584929 0.01 0.01
0 1.589152 0.574307 0.01 0.01
0 1.598963 0.575192 0.01 0.01
0 1.598517 0.564128 0.01 0.01
0 1.593612 0.592453 0.01 0.01
0 1.582463 0.597321 0.01 0.01
0 1.595841 0.614139 0.01 0.01
0 1.598071 0.639808 0.01 0.01
