0 0.017171 1.031793 0.01 0.01
0 0.007498 1.052448 0.01 0.01
0 0.049576 1.079348 0.01 0.01
0 0.069406 1.093278 0.01 0.01
0 0.057798 1.056291 0.01 0.01
0 0.060700 1.012578 0.01 0.01
0 0.083432 0.996727 0.01 0.01
0 0.111484 0.993845 0.01 0.01
0 0.102778 1.053409 0.01 0.01
0 0.118255 1.065898 0.01 0.01
0 0.140503 1.015941 0.01 0.01
0 0.150176 1.028430 0.01 0.01
0 0.163234 0.987600 0.01 0.01
0 0.182581 1.010177 0.01 0.01
0 0.207247 0.997207 0.01 0.01
0 0.220789 1.052928 0.01 0.01
0 0.222724 1.080789 0.01 0.01
0 0.177744 1.085592 0.01 0.01
0 0.061184 0.958298 0.01 0.01
0 0.071340 0.975111 0.01 0.01
0 0.049576 0.937163 0.01 0.01
0 0.050060 0.953495 0.01 0.01
0 0.040870 0.902577 0.01 0.01
0 0.055863 0.898254 0.01 0.01
0 0.023942 0.866551 0.01 0.01
0 0.037968 0.864629 0.01 0.01
0 0.059733 0.883844 0.01 0.01
0 0.078111 0.903058 0.01 0.01
0 0.104712 0.917949 0.01 0.01
0 0.111967 0.936682 0.01 0.01
0 0.143405 0.943888 0.01 0.01
0 0.135666 0.970307 0.01 0.01
0 0.168071 0.961661 0.01 0.01
0 0.228528 1.035155 0.01 0.01
0 0.217887 0.965023 0.01 0.01
0 0.231429 0.951573 0.01 0.01
0 0.221273 0.929958 0.01 0.01
0 0.184999 0.910743 0.01 0.01
0 0.190319 0.885285 0.01 0.01
0 0.255128 1.005853 0.01 0.01
0 0.244972 0.936202 0.01 0.01
0 0.273024 1.002011 0.01 0.01
0 0.302043 0.972709 0.01 0.01
0 0.289951 1.054850 0.01 0.01
0 0.281729 1.099042 0.01 0.01
0 0.109065 0.881442 0.01 0.01
0 0.091170 0.893931 0.01 0.01
0 0.096490 0.853581 0.01 0.01
0 0.126960 0.853581 0.01 0.01
0 0.199508 0.869433 0.01 0.01
0 0.170973 0.873756 0.01 0.01
0 0.158398 0.871354 0.01 0.01
0 0.153561 0.838210 0.01 0.01
0 0.187901 0.837249 0.01 0.01
0 0.224658 0.842053 0.01 0.01
0 0.214018 0.865110 0.01 0.01
0 0.228528 0.880481 0.01 0.01
0 0.245455 0.892490 0.01 0.01
0 0.306396 1.070221 0.01 0.01
0 0.315101 1.038518 0.01 0.01
0 0.326225 0.992884 0.01 0.01
0 0.355245 1.015461 0.01 0.01
0 0.359114 1.051967 0.01 0.01
0 0.323324 1.100483 0.01 0.01
0 0.287050 0.904018 0.01 0.01
0 0.308814 0.915547 0.01 0.01
0 0.323807 0.924193 0.01 0.01
0 0.329611 0.888167 0.01 0.01
0 0.303010 0.875197 0.01 0.01
0 0.287050 0.870394 0.01 0.01
0 0.263834 0.865110 0.01 0.01
0 0.316552 0.860306 0.01 0.01
0 0.335899 0.847817 0.01 0.01
0 0.352826 0.868472 0.01 0.01
0 0.362016 0.880961 0.01 0.01
0 0.350408 0.899215 0.01 0.01
0 0.355728 0.915067 0.01 0.01
0 0.364434 0.929477 0.01 0.01
0 0.359598 0.945809 0.01 0.01
0 0.389100 0.951573 0.01 0.01
0 0.399741 0.937643 0.01 0.01
0 0.390551 0.900656 0.01 0.01
0 0.383780 0.866551 0.01 0.01
0 0.363950 0.850219 0.01 0.01
0 0.397322 0.845896 0.01 0.01
0 0.059733 0.837249 0.01 0.01
0 0.063118 0.857904 0.01 0.01
0 0.039419 1.001050 0.01 0.01
0 0.031681 1.102405 0.01 0.01
0 0.187901 0.955897 0.01 0.01
0 0.280762 1.027950 0.01 0.01
0 0.096974 0.828122 0.01 0.01
0 0.062635 0.788253 0.01 0.01
0 0.024910 0.782489 0.01 0.01
0 0.019106 0.828122 0.01 0.01
0 0.019106 0.812271 0.01 0.01
0 0.032164 0.826201 0.01 0.01
0 0.026361 0.845896 0.01 0.01
0 0.127928 0.833887 0.01 0.01
0 0.117771 0.808908 0.01 0.01
0 0.109549 0.785371 0.01 0.01
0 0.125993 0.787292 0.01 0.01
0 0.133732 0.759432 0.01 0.01
0 0.140019 0.785371 0.01 0.01
0 0.160816 0.796419 0.01 0.01
0 0.168071 0.782969 0.01 0.01
0 0.164202 0.754628 0.01 0.01
0 0.153078 0.762794 0.01 0.01
0 0.178228 0.770480 0.01 0.01
0 0.187417 0.791616 0.01 0.01
0 0.199992 0.776725 0.01 0.01
0 0.185482 0.755589 0.01 0.01
0 0.207247 0.759432 0.01 0.01
0 0.211116 0.747903 0.01 0.01
0 0.182097 0.859345 0.01 0.01
0 0.260932 0.829564 0.01 0.01
0 0.266252 0.850219 0.01 0.01
0 0.316069 0.833406 0.01 0.01
0 0.277377 0.783930 0.01 0.01
0 0.234815 0.786332 0.01 0.01
0 0.241586 0.772401 0.01 0.01
0 0.241103 0.747423 0.01 0.01
0 0.252710 0.753668 0.01 0.01
0 0.273024 0.764716 0.01 0.01
0 0.282213 0.746943 0.01 0.01
0 0.294304 0.761834 0.01 0.01
0 0.319938 0.760873 0.01 0.01
0 0.330095 0.752707 0.01 0.01
0 0.347990 0.755589 0.01 0.01
0 0.365885 0.767118 0.01 0.01
0 0.364434 0.741659 0.01 0.01
0 0.381846 0.750785 0.01 0.01
0 0.391519 0.772882 0.01 0.01
0 0.069889 0.778166 0.01 0.01
0 0.093105 0.769039 0.01 0.01
0 0.073759 0.762314 0.01 0.01
0 0.040870 0.769039 0.01 0.01
0 0.039419 0.746462 0.01 0.01
0 0.110516 0.754628 0.01 0.01
0 0.144856 0.745502 0.01 0.01
0 0.028779 0.888647 0.01 0.01
0 0.149692 0.882402 0.01 0.01
0 0.146307 0.912184 0.01 0.01
0 0.259965 0.899215 0.01 0.01
0 0.257547 0.802183 0.01 0.01
0 0.169038 0.726287 0.01 0.01
0 0.135183 0.725807 0.01 0.01
0 0.123091 0.712838 0.01 0.01
0 0.101327 0.733012 0.01 0.01
0 0.068438 0.725807 0.01 0.01
0 0.038452 0.720523 0.01 0.01
0 0.028779 0.736375 0.01 0.01
0 0.136150 0.818035 0.01 0.01
0 0.221273 0.733973 0.01 0.01
0 0.199508 0.728209 0.01 0.01
0 0.205796 0.718602 0.01 0.01
0 0.221273 0.708514 0.01 0.01
0 0.219338 0.695064 0.01 0.01
0 0.192737 0.683056 0.01 0.01
0 0.175326 0.702750 0.01 0.01
0 0.288501 0.717641 0.01 0.01
0 0.278827 0.699388 0.01 0.01
0 0.269154 0.684977 0.01 0.01
0 0.244004 0.688339 0.01 0.01
0 0.218371 0.683056 0.01 0.01
0 0.244972 0.705152 0.01 0.01
0 0.189835 0.670086 0.01 0.01
0 0.228044 0.661440 0.01 0.01
0 0.250776 0.659999 0.01 0.01
0 0.248841 0.677291 0.01 0.01
0 0.264802 0.670566 0.01 0.01
0 0.282697 0.662400 0.01 0.01
0 0.284631 0.682575 0.01 0.01
0 0.292370 0.662400 0.01 0.01
0 0.305428 0.672968 0.01 0.01
0 0.303494 0.697947 0.01 0.01
0 0.310265 0.689300 0.01 0.01
0 0.320422 0.671047 0.01 0.01
0 0.335899 0.680173 0.01 0.01
0 0.339768 0.692182 0.01 0.01
0 0.331546 0.708034 0.01 0.01
0 0.340735 0.732052 0.01 0.01
0 0.320422 0.737336 0.01 0.01
0 0.293337 0.732052 0.01 0.01
0 0.371205 0.729170 0.01 0.01
0 0.360081 0.718602 0.01 0.01
0 0.353310 0.700348 0.01 0.01
0 0.338800 0.660959 0.01 0.01
0 0.352343 0.667204 0.01 0.01
0 0.352343 0.681614 0.01 0.01
0 0.373623 0.698427 0.01 0.01
0 0.373140 0.681614 0.01 0.01
0 0.391035 0.680173 0.01 0.01
0 0.392002 0.693623 0.01 0.01
0 0.397806 0.728689 0.01 0.01
0 0.397322 0.744541 0.01 0.01
0 0.015237 0.692182 0.01 0.01
0 0.060700 0.682095 0.01 0.01
0 0.085850 0.659999 0.01 0.01
0 0.075210 0.641745 0.01 0.01
0 0.054412 0.614365 0.01 0.01
0 0.049576 0.657116 0.01 0.01
0 0.011851 0.644627 0.01 0.01
0 0.005080 0.620129 0.01 0.01
0 0.021524 0.622531 0.01 0.01
0 0.013786 0.595631 0.01 0.01
0 0.013302 0.574976 0.01 0.01
0 0.031681 0.577858 0.01 0.01
0 0.068438 0.552399 0.01 0.01
0 0.084399 0.564888 0.01 0.01
0 0.099392 0.615806 0.01 0.01
0 0.081497 0.614845 0.01 0.01
0 0.119706 0.657597 0.01 0.01
0 0.132764 0.650872 0.01 0.01
0 0.144372 0.642706 0.01 0.01
0 0.141954 0.658557 0.01 0.01
0 0.163234 0.658077 0.01 0.01
0 0.179195 0.650872 0.01 0.01
0 0.172424 0.632138 0.01 0.01
0 0.193705 0.620129 0.01 0.01
0 0.202894 0.646549 0.01 0.01
0 0.213534 0.647509 0.01 0.01
0 0.194188 0.640784 0.01 0.01
0 0.212083 0.631177 0.01 0.01
0 0.214502 0.614845 0.01 0.01
0 0.207247 0.598513 0.01 0.01
0 0.222240 0.612924 0.01 0.01
0 0.225142 0.623011 0.01 0.01
0 0.225142 0.632138 0.01 0.01
0 0.236750 0.634059 0.01 0.01
0 0.244004 0.643186 0.01 0.01
0 0.241103 0.616767 0.01 0.01
0 0.255128 0.600915 0.01 0.01
0 0.266252 0.629256 0.01 0.01
0 0.278827 0.623011 0.01 0.01
0 0.268671 0.617727 0.01 0.01
0 0.275926 0.605238 0.01 0.01
0 0.311716 0.618208 0.01 0.01
0 0.306396 0.646068 0.01 0.01
0 0.321389 0.658557 0.01 0.01
0 0.303494 0.660959 0.01 0.01
0 0.331062 0.647990 0.01 0.01
0 0.335415 0.635981 0.01 0.01
0 0.322840 0.621090 0.01 0.01
0 0.306879 0.574015 0.01 0.01
0 0.328644 0.570172 0.01 0.01
0 0.354277 0.598513 0.01 0.01
0 0.337349 0.596111 0.01 0.01
0 0.349441 0.627334 0.01 0.01
0 0.346539 0.640304 0.01 0.01
0 0.362016 0.643186 0.01 0.01
0 0.366852 0.620129 0.01 0.01
0 0.381846 0.637902 0.01 0.01
0 0.356696 0.652313 0.01 0.01
0 0.389584 0.657116 0.01 0.01
0 0.396839 0.670566 0.01 0.01
0 0.353310 0.555762 0.01 0.01
0 0.385715 0.579299 0.01 0.01
0 0.392970 0.626374 0.01 0.01
0 0.004596 0.505805 0.01 0.01
0 0.007498 0.462093 0.01 0.01
0 0.036517 0.458730 0.01 0.01
0 0.030713 0.510128 0.01 0.01
0 0.049092 0.510608 0.01 0.01
0 0.064086 0.476984 0.01 0.01
0 0.077628 0.512050 0.01 0.01
0 0.085850 0.492355 0.01 0.01
0 0.096974 0.527421 0.01 0.01
0 0.015237 0.550958 0.01 0.01
0 0.036517 0.540390 0.01 0.01
0 0.295272 0.539910 0.01 0.01
0 0.318971 0.526460 0.01 0.01
0 0.339284 0.536067 0.01 0.01
0 0.352343 0.543273 0.01 0.01
0 0.369754 0.511569 0.01 0.01
0 0.373623 0.547596 0.01 0.01
0 0.395388 0.540390 0.01 0.01
0 0.393453 0.512050 0.01 0.01
0 0.429444 0.938604 0.01 0.01
0 0.439117 0.997207 0.01 0.01
0 0.467169 1.014980 0.01 0.01
0 0.471522 1.058692 0.01 0.01
0 0.461848 1.097121 0.01 0.01
0 0.497639 1.075985 0.01 0.01
0 0.526174 1.088955 0.01 0.01
0 0.512632 1.024107 0.01 0.01
0 0.562448 1.032753 0.01 0.01
0 0.568252 1.074544 0.01 0.01
0 0.582278 1.101924 0.01 0.01
0 0.606944 1.058212 0.01 0.01
0 0.623389 1.096160 0.01 0.01
0 0.652408 1.057251 0.01 0.01
0 0.610814 1.036596 0.01 0.01
0 0.561481 1.003452 0.01 0.01
0 0.524240 0.978954 0.01 0.01
0 0.499573 0.966945 0.01 0.01
0 0.477809 0.947250 0.01 0.01
0 0.452175 0.906420 0.01 0.01
0 0.435731 0.900656 0.01 0.01
0 0.415418 0.908822 0.01 0.01
0 0.413967 0.877599 0.01 0.01
0 0.428476 0.863188 0.01 0.01
0 0.449757 0.842533 0.01 0.01
0 0.455561 0.876158 0.01 0.01
0 0.451208 0.868472 0.01 0.01
0 0.473456 0.856463 0.01 0.01
0 0.486031 0.873276 0.01 0.01
0 0.474907 0.892010 0.01 0.01
0 0.485547 0.904499 0.01 0.01
0 0.468136 0.921792 0.01 0.01
0 0.494253 0.934281 0.01 0.01
0 0.527625 0.930438 0.01 0.01
0 0.507312 0.890088 0.01 0.01
0 0.517469 0.871835 0.01 0.01
0 0.511181 0.856463 0.01 0.01
0 0.541168 0.891049 0.01 0.01
0 0.540684 0.877119 0.01 0.01
0 0.533913 0.871835 0.01 0.01
0 0.536331 0.856463 0.01 0.01
0 0.565350 0.849738 0.01 0.01
0 0.582278 0.898735 0.01 0.01
0 0.536815 0.947731 0.01 0.01
0 0.535364 0.974150 0.01 0.01
0 0.588566 0.962141 0.01 0.01
0 0.590500 0.980395 0.01 0.01
0 0.596788 0.993364 0.01 0.01
0 0.585664 1.030832 0.01 0.01
0 0.618552 1.017862 0.01 0.01
0 0.631611 0.992404 0.01 0.01
0 0.607428 0.949652 0.01 0.01
0 0.610814 0.914106 0.01 0.01
0 0.644186 0.939565 0.01 0.01
0 0.646604 0.959739 0.01 0.01
0 0.634029 0.944849 0.01 0.01
0 0.672238 0.948691 0.01 0.01
0 0.672721 0.936682 0.01 0.01
0 0.665466 0.978473 0.01 0.01
0 0.664499 0.999609 0.01 0.01
0 0.654826 1.025068 0.01 0.01
0 0.672238 1.044762 0.01 0.01
0 0.669819 1.090396 0.01 0.01
0 0.605010 0.879520 0.01 0.01
0 0.589533 0.851179 0.01 0.01
0 0.624356 0.849738 0.01 0.01
0 0.623389 0.868472 0.01 0.01
0 0.638865 0.892490 0.01 0.01
0 0.645153 0.852621 0.01 0.01
0 0.670303 0.877599 0.01 0.01
0 0.669336 0.909783 0.01 0.01
0 0.649989 0.880001 0.01 0.01
0 0.405091 0.787292 0.01 0.01
0 0.421535 0.777205 0.01 0.01
0 0.432176 0.799301 0.01 0.01
0 0.422019 0.827162 0.01 0.01
0 0.400255 0.818035 0.01 0.01
0 0.450071 0.813712 0.01 0.01
0 0.449587 0.794498 0.01 0.01
0 0.456358 0.759912 0.01 0.01
0 0.469901 0.752707 0.01 0.01
0 0.479574 0.769519 0.01 0.01
0 0.465064 0.781528 0.01 0.01
0 0.511495 0.782969 0.01 0.01
0 0.483443 0.810830 0.01 0.01
0 0.491665 0.815633 0.01 0.01
0 0.497469 0.830044 0.01 0.01
0 0.529874 0.828603 0.01 0.01
0 0.545350 0.834367 0.01 0.01
0 0.537612 0.790655 0.01 0.01
0 0.540514 0.762314 0.01 0.01
0 0.574853 0.798341 0.01 0.01
0 0.574370 0.771441 0.01 0.01
0 0.575821 0.756069 0.01 0.01
0 0.609193 0.764235 0.01 0.01
0 0.601454 0.744541 0.01 0.01
0 0.622251 0.745021 0.01 0.01
0 0.643048 0.762794 0.01 0.01
0 0.647885 0.749344 0.01 0.01
0 0.663845 0.762314 0.01 0.01
0 0.658525 0.779126 0.01 0.01
0 0.655623 0.808908 0.01 0.01
0 0.640630 0.830524 0.01 0.01
0 0.612095 0.834367 0.01 0.01
0 0.604840 0.799301 0.01 0.01
0 0.586461 0.802664 0.01 0.01
0 0.580173 0.828122 0.01 0.01
0 0.572919 0.744541 0.01 0.01
0 0.673518 0.821398 0.01 0.01
0 0.669649 0.845415 0.01 0.01
0 0.659493 0.836288 0.01 0.01
0 0.415248 0.756069 0.01 0.01
0 0.589847 0.867031 0.01 0.01
0 0.348504 0.831485 0.01 0.01
0 0.346085 0.806507 0.01 0.01
0 0.413679 0.672968 0.01 0.01
0 0.421418 0.687379 0.01 0.01
0 0.414647 0.697947 0.01 0.01
0 0.404490 0.715720 0.01 0.01
0 0.412228 0.659518 0.01 0.01
0 0.409810 0.635020 0.01 0.01
0 0.401104 0.596592 0.01 0.01
0 0.417549 0.598033 0.01 0.01
0 0.426254 0.626854 0.01 0.01
0 0.448019 0.614365 0.01 0.01
0 0.448986 0.651833 0.01 0.01
0 0.425771 0.663361 0.01 0.01
0 0.444633 0.674890 0.01 0.01
0 0.434960 0.707073 0.01 0.01
0 0.429640 0.729650 0.01 0.01
0 0.418032 0.722925 0.01 0.01
0 0.444633 0.703230 0.01 0.01
0 0.434960 0.694584 0.01 0.01
0 0.460110 0.682575 0.01 0.01
0 0.470751 0.695545 0.01 0.01
0 0.452855 0.716200 0.01 0.01
0 0.451404 0.732052 0.01 0.01
0 0.448986 0.743100 0.01 0.01
0 0.460594 0.726768 0.01 0.01
0 0.491548 0.717641 0.01 0.01
0 0.489613 0.698427 0.01 0.01
0 0.481875 0.679213 0.01 0.01
0 0.500253 0.726768 0.01 0.01
0 0.486711 0.741659 0.01 0.01
0 0.457692 0.659999 0.01 0.01
0 0.467849 0.649911 0.01 0.01
0 0.471234 0.633579 0.01 0.01
0 0.475587 0.616767 0.01 0.01
0 0.495417 0.619649 0.01 0.01
0 0.498319 0.601395 0.01 0.01
0 0.505574 0.633579 0.01 0.01
0 0.486227 0.647990 0.01 0.01
0 0.491064 0.655195 0.01 0.01
0 0.483325 0.663841 0.01 0.01
0 0.511377 0.673929 0.01 0.01
0 0.503155 0.680654 0.01 0.01
0 0.499770 0.696986 0.01 0.01
0 0.506541 0.660959 0.01 0.01
0 0.516214 0.648470 0.01 0.01
0 0.534593 0.636942 0.01 0.01
0 0.554906 0.624933 0.01 0.01
0 0.543782 0.606679 0.01 0.01
0 0.522985 0.603317 0.01 0.01
0 0.562161 0.604277 0.01 0.01
0 0.572318 0.601395 0.01 0.01
0 0.587311 0.603317 0.01 0.01
0 0.595049 0.620129 0.01 0.01
0 0.583442 0.638863 0.01 0.01
0 0.567965 0.642706 0.01 0.01
0 0.554906 0.642706 0.01 0.01
0 0.548135 0.657597 0.01 0.01
0 0.531691 0.662881 0.01 0.01
0 0.523952 0.672007 0.01 0.01
0 0.522018 0.699868 0.01 0.01
0 0.522018 0.711396 0.01 0.01
0 0.513312 0.719562 0.01 0.01
0 0.538946 0.715720 0.01 0.01
0 0.541364 0.738777 0.01 0.01
0 0.553455 0.733973 0.01 0.01
0 0.540397 0.705152 0.01 0.01
0 0.542331 0.690741 0.01 0.01
0 0.546684 0.674409 0.01 0.01
0 0.561677 0.688339 0.01 0.01
0 0.572318 0.678252 0.01 0.01
0 0.565063 0.656156 0.01 0.01
0 0.575220 0.653754 0.01 0.01
0 0.595049 0.660959 0.01 0.01
0 0.593115 0.683536 0.01 0.01
0 0.590696 0.700348 0.01 0.01
0 0.571350 0.711396 0.01 0.01
0 0.564096 0.716200 0.01 0.01
0 0.546200 0.749825 0.01 0.01
0 0.603271 0.712357 0.01 0.01
0 0.609559 0.725327 0.01 0.01
0 0.635676 0.732052 0.01 0.01
0 0.633258 0.713798 0.01 0.01
0 0.614879 0.704671 0.01 0.01
0 0.617297 0.690261 0.01 0.01
0 0.602788 0.676331 0.01 0.01
0 0.600853 0.647509 0.01 0.01
0 0.606173 0.633099 0.01 0.01
0 0.630840 0.642706 0.01 0.01
0 0.625036 0.637902 0.01 0.01
0 0.627454 0.621090 0.01 0.01
0 0.625036 0.611002 0.01 0.01
0 0.624068 0.600435 0.01 0.01
0 0.609559 0.598994 0.01 0.01
0 0.595533 0.595151 0.01 0.01
0 0.617297 0.586504 0.01 0.01
0 0.628421 0.594190 0.01 0.01
0 0.642447 0.605238 0.01 0.01
0 0.640029 0.584103 0.01 0.01
0 0.650669 0.590347 0.01 0.01
0 0.650669 0.618208 0.01 0.01
0 0.638578 0.628776 0.01 0.01
0 0.655990 0.646068 0.01 0.01
0 0.669532 0.634059 0.01 0.01
0 0.666630 0.599474 0.01 0.01
0 0.662277 0.584103 0.01 0.01
0 0.671950 0.587465 0.01 0.01
0 0.630840 0.661440 0.01 0.01
0 0.618748 0.676811 0.01 0.01
0 0.634709 0.685938 0.01 0.01
0 0.638094 0.702270 0.01 0.01
0 0.658408 0.720043 0.01 0.01
0 0.677754 0.691702 0.01 0.01
0 0.685492 0.675850 0.01 0.01
0 0.676303 0.657116 0.01 0.01
0 0.650186 0.673448 0.01 0.01
0 0.687911 0.653754 0.01 0.01
0 0.686943 0.637902 0.01 0.01
0 0.688878 0.628776 0.01 0.01
0 0.675336 0.617247 0.01 0.01
0 0.666146 0.606679 0.01 0.01
0 0.652604 0.609561 0.01 0.01
0 0.685009 0.599954 0.01 0.01
0 0.664212 0.744541 0.01 0.01
0 0.689845 0.755109 0.01 0.01
0 0.686943 0.720043 0.01 0.01
0 0.687427 0.704191 0.01 0.01
0 0.678238 0.703230 0.01 0.01
0 0.413235 0.539910 0.01 0.01
0 0.419039 0.575456 0.01 0.01
0 0.404529 0.576417 0.01 0.01
0 0.436451 0.589387 0.01 0.01
0 0.443222 0.549997 0.01 0.01
0 0.431614 0.538949 0.01 0.01
0 0.432581 0.518294 0.01 0.01
0 0.413235 0.500041 0.01 0.01
0 0.435967 0.498600 0.01 0.01
0 0.449026 0.498119 0.01 0.01
0 0.462084 0.494276 0.01 0.01
0 0.457248 0.502923 0.01 0.01
0 0.473208 0.525499 0.01 0.01
0 0.472241 0.559124 0.01 0.01
0 0.465470 0.562487 0.01 0.01
0 0.480463 0.561046 0.01 0.01
0 0.492071 0.562006 0.01 0.01
0 0.493038 0.548556 0.01 0.01
0 0.494005 0.520216 0.01 0.01
0 0.495940 0.502442 0.01 0.01
0 0.482881 0.487551 0.01 0.01
0 0.499809 0.480826 0.01 0.01
0 0.515770 0.478425 0.01 0.01
0 0.516253 0.488993 0.01 0.01
0 0.508515 0.529342 0.01 0.01
0 0.517704 0.551439 0.01 0.01
0 0.526410 0.530783 0.01 0.01
0 0.526894 0.556242 0.01 0.01
0 0.555913 0.504364 0.01 0.01
0 0.550593 0.469778 0.01 0.01
0 0.531730 0.473621 0.01 0.01
0 0.529796 0.494276 0.01 0.01
0 0.541403 0.487551 0.01 0.01
0 0.565102 0.488993 0.01 0.01
0 0.565586 0.467377 0.01 0.01
0 0.581546 0.471700 0.01 0.01
0 0.593638 0.462093 0.01 0.01
0 0.569939 0.501482 0.01 0.01
0 0.607664 0.513010 0.01 0.01
0 0.587834 0.516373 0.01 0.01
0 0.573324 0.522617 0.01 0.01
0 0.616853 0.476503 0.01 0.01
0 0.619755 0.488032 0.01 0.01
0 0.620722 0.508207 0.01 0.01
0 0.638134 0.501001 0.01 0.01
0 0.642003 0.524539 0.01 0.01
0 0.622657 0.556722 0.01 0.01
0 0.539952 0.526460 0.01 0.01
0 0.710267 0.557683 0.01 0.01
0 0.762501 0.517333 0.01 0.01
0 0.780880 0.505805 0.01 0.01
0 0.786684 0.519735 0.01 0.01
0 0.791037 0.535587 0.01 0.01
0 0.797324 0.527421 0.01 0.01
0 0.809415 0.531744 0.01 0.01
0 0.824409 0.529342 0.01 0.01
0 0.833114 0.521176 0.01 0.01
0 0.830696 0.512050 0.01 0.01
0 0.829729 0.537508 0.01 0.01
0 0.831664 0.545674 0.01 0.01
0 0.790553 0.546635 0.01 0.01
0 0.787167 0.559605 0.01 0.01
0 0.768789 0.560565 0.01 0.01
0 0.754763 0.556722 0.01 0.01
0 0.753312 0.547596 0.01 0.01
0 0.739769 0.557683 0.01 0.01
0 0.740253 0.546635 0.01 0.01
0 0.714619 0.571613 0.01 0.01
0 0.698659 0.572574 0.01 0.01
0 0.679796 0.584103 0.01 0.01
0 0.691888 0.591308 0.01 0.01
0 0.697208 0.612444 0.01 0.01
0 0.708332 0.611002 0.01 0.01
0 0.712201 0.624452 0.01 0.01
0 0.700594 0.652313 0.01 0.01
0 0.713652 0.633579 0.01 0.01
0 0.728645 0.606679 0.01 0.01
0 0.734570 0.566089 0.01 0.01
0 0.749563 0.567290 0.01 0.01
0 0.771328 0.576897 0.01 0.01
0 0.766491 0.588186 0.01 0.01
0 0.750047 0.597793 0.01 0.01
0 0.742792 0.603077 0.01 0.01
0 0.725139 0.593710 0.01 0.01
0 0.700473 0.591788 0.01 0.01
0 0.724172 0.617968 0.01 0.01
0 0.744727 0.628055 0.01 0.01
0 0.736263 0.644627 0.01 0.01
0 0.710388 0.642225 0.01 0.01
0 0.752707 0.606199 0.01 0.01
0 0.762138 0.611723 0.01 0.01
0 0.767217 0.597553 0.01 0.01
0 0.785112 0.597553 0.01 0.01
0 0.791158 0.585303 0.01 0.01
0 0.789707 0.568011 0.01 0.01
0 0.802040 0.551679 0.01 0.01
0 0.805184 0.543032 0.01 0.01
0 0.810987 0.566810 0.01 0.01
0 0.819451 0.578579 0.01 0.01
0 0.828399 0.566570 0.01 0.01
0 0.825739 0.591548 0.01 0.01
0 0.803491 0.596111 0.01 0.01
0 0.805667 0.602836 0.01 0.01
0 0.799621 0.589387 0.01 0.01
0 0.784628 0.608120 0.01 0.01
0 0.773504 0.621330 0.01 0.01
0 0.759478 0.638142 0.01 0.01
0 0.756818 0.647750 0.01 0.01
0 0.791883 0.637182 0.01 0.01
0 0.795994 0.627815 0.01 0.01
0 0.787047 0.615566 0.01 0.01
0 0.799380 0.609321 0.01 0.01
0 0.805425 0.630937 0.01 0.01
0 0.801314 0.621570 0.01 0.01
0 0.789465 0.649191 0.01 0.01
0 0.819209 0.641505 0.01 0.01
0 0.824046 0.635260 0.01 0.01
0 0.821870 0.624452 0.01 0.01
0 0.821628 0.613404 0.01 0.01
0 0.837830 0.580740 0.01 0.01
0 0.696966 0.679693 0.01 0.01
0 0.705672 0.696025 0.01 0.01
0 0.697933 0.706113 0.01 0.01
0 0.707607 0.724366 0.01 0.01
0 0.724534 0.770000 0.01 0.01
0 0.735175 0.721484 0.01 0.01
0 0.742430 0.728209 0.01 0.01
0 0.731789 0.701789 0.01 0.01
0 0.722600 0.689300 0.01 0.01
0 0.720181 0.670566 0.01 0.01
0 0.730822 0.657597 0.01 0.01
0 0.755488 0.666724 0.01 0.01
0 0.752103 0.676331 0.01 0.01
0 0.748233 0.688820 0.01 0.01
0 0.753554 0.694104 0.01 0.01
0 0.776285 0.690261 0.01 0.01
0 0.780638 0.673929 0.01 0.01
0 0.795631 0.677291 0.01 0.01
0 0.805788 0.691702 0.01 0.01
0 0.786442 0.719082 0.01 0.01
0 0.762743 0.716200 0.01 0.01
0 0.783056 0.738296 0.01 0.01
0 0.744848 0.757510 0.01 0.01
0 0.756939 0.769039 0.01 0.01
0 0.714378 0.759912 0.01 0.01
0 0.784507 0.756550 0.01 0.01
0 0.794180 0.751266 0.01 0.01
0 0.820298 0.736375 0.01 0.01
0 0.835291 0.754628 0.01 0.01
0 0.850284 0.738296 0.01 0.01
0 0.859957 0.715239 0.01 0.01
0 0.834807 0.693623 0.01 0.01
0 0.824167 0.683536 0.01 0.01
0 0.823683 0.658557 0.01 0.01
0 0.813527 0.655195 0.01 0.01
0 0.791278 0.652793 0.01 0.01
0 0.847866 0.627334 0.01 0.01
0 0.858506 0.630217 0.01 0.01
0 0.848350 0.643186 0.01 0.01
0 0.845931 0.656156 0.01 0.01
0 0.843513 0.671047 0.01 0.01
0 0.854153 0.683536 0.01 0.01
0 0.865277 0.676331 0.01 0.01
0 0.860441 0.661920 0.01 0.01
0 0.886074 0.648470 0.01 0.01
0 0.886558 0.672968 0.01 0.01
0 0.879787 0.686898 0.01 0.01
0 0.869630 0.705152 0.01 0.01
0 0.860441 0.604277 0.01 0.01
0 0.866245 0.629256 0.01 0.01
0 0.871081 0.627334 0.01 0.01
0 0.880754 0.612444 0.01 0.01
0 0.876401 0.603317 0.01 0.01
0 0.888493 0.638383 0.01 0.01
0 0.895748 0.625413 0.01 0.01
0 0.906388 0.623492 0.01 0.01
0 0.911708 0.613885 0.01 0.01
0 0.923316 0.635020 0.01 0.01
0 0.909290 0.654234 0.01 0.01
0 0.921865 0.656636 0.01 0.01
0 0.906388 0.687379 0.01 0.01
0 0.925250 0.704191 0.01 0.01
0 0.919447 0.694584 0.01 0.01
0 0.903002 0.718121 0.01 0.01
0 0.884624 0.719082 0.01 0.01
0 0.875918 0.746943 0.01 0.01
0 0.881238 0.751746 0.01 0.01
0 0.869147 0.770960 0.01 0.01
0 0.861408 0.767598 0.01 0.01
0 0.695032 0.777205 0.01 0.01
0 0.687293 0.806507 0.01 0.01
0 0.713410 0.808428 0.01 0.01
0 0.742913 0.798341 0.01 0.01
0 0.780154 0.794017 0.01 0.01
0 0.775318 0.776725 0.01 0.01
0 0.823200 0.773842 0.01 0.01
0 0.832873 0.788253 0.01 0.01
0 0.906872 0.756069 0.01 0.01
0 0.909290 0.733973 0.01 0.01
0 0.828520 0.706113 0.01 0.01
0 0.812559 0.711396 0.01 0.01
0 0.907839 0.794978 0.01 0.01
0 0.918479 0.808428 0.01 0.01
0 0.930571 0.795939 0.01 0.01
0 0.898649 0.814192 0.01 0.01
0 0.905904 0.820437 0.01 0.01
0 0.875434 0.811310 0.01 0.01
0 0.877852 0.826201 0.01 0.01
0 0.867212 0.825721 0.01 0.01
0 0.892362 0.852621 0.01 0.01
0 0.848350 0.838690 0.01 0.01
0 0.814494 0.833406 0.01 0.01
0 0.707123 0.844455 0.01 0.01
0 0.695032 0.856463 0.01 0.01
0 0.723567 0.863669 0.01 0.01
0 0.731306 0.853581 0.01 0.01
0 0.737593 0.839651 0.01 0.01
0 0.749201 0.838210 0.01 0.01
0 0.748233 0.826681 0.01 0.01
0 0.763710 0.855983 0.01 0.01
0 0.761776 0.868472 0.01 0.01
0 0.793213 0.838690 0.01 0.01
0 0.770481 0.829564 0.01 0.01
0 0.765645 0.815633 0.01 0.01
0 0.797082 0.867031 0.01 0.01
0 0.799017 0.856463 0.01 0.01
0 0.817879 0.860787 0.01 0.01
0 0.842062 0.853101 0.01 0.01
0 0.862859 0.859826 0.01 0.01
0 0.911224 0.865590 0.01 0.01
0 0.841103 0.549277 0.01 0.01
0 0.847390 0.558404 0.01 0.01
0 0.852710 0.569452 0.01 0.01
0 0.859965 0.562247 0.01 0.01
0 0.858030 0.543513 0.01 0.01
0 0.875442 0.548316 0.01 0.01
0 0.884148 0.554080 0.01 0.01
0 0.897690 0.539670 0.01 0.01
0 0.892370 0.562247 0.01 0.01
0 0.903977 0.551679 0.01 0.01
0 0.908330 0.530543 0.01 0.01
0 0.913650 0.553600 0.01 0.01
0 0.904945 0.564168 0.01 0.01
0 0.922356 0.559364 0.01 0.01
0 0.938800 0.568011 0.01 0.01
0 0.952826 0.572334 0.01 0.01
0 0.969754 0.583382 0.01 0.01
0 0.898657 0.594911 0.01 0.01
0 0.866736 0.594911 0.01 0.01
0 0.866736 0.584343 0.01 0.01
0 0.849325 0.595871 0.01 0.01
0 0.935899 0.624693 0.01 0.01
0 0.925742 0.600675 0.01 0.01
0 0.945572 0.617007 0.01 0.01
0 0.970238 0.613644 0.01 0.01
0 0.934931 0.634300 0.01 0.01
0 0.932029 0.659758 0.01 0.01
0 0.937833 0.670326 0.01 0.01
0 0.938800 0.687139 0.01 0.01
0 0.945572 0.672728 0.01 0.01
0 0.967820 0.680894 0.01 0.01
0 0.972656 0.668885 0.01 0.01
0 0.957663 0.654955 0.01 0.01
0 0.972656 0.646308 0.01 0.01
0 0.953310 0.639584 0.01 0.01
0 0.947990 0.649671 0.01 0.01
0 0.952343 0.707313 0.01 0.01
0 0.948473 0.717881 0.01 0.01
0 0.967820 0.696746 0.01 0.01
0 0.981362 0.689540 0.01 0.01
0 0.990551 0.717401 0.01 0.01
0 1.006512 0.702510 0.01 0.01
0 0.984022 0.626614 0.01 0.01
0 1.003368 0.629496 0.01 0.01
0 0.984022 0.613164 0.01 0.01
0 0.943395 0.750545 0.01 0.01
0 0.972414 0.741899 0.01 0.01
0 0.978218 0.719803 0.01 0.01
0 1.027551 0.719803 0.01 0.01
0 1.049799 0.709235 0.01 0.01
0 1.037224 0.695785 0.01 0.01
0 1.018845 0.675610 0.01 0.01
0 0.993695 0.656396 0.01 0.01
0 1.001433 0.649671 0.01 0.01
0 1.012074 0.654474 0.01 0.01
0 1.018845 0.641985 0.01 0.01
0 1.031420 0.624693 0.01 0.01
0 1.009172 0.624693 0.01 0.01
0 1.028518 0.662160 0.01 0.01
0 0.991760 0.674649 0.01 0.01
0 1.070112 0.731331 0.01 0.01
0 1.068178 0.696746 0.01 0.01
0 1.059472 0.694824 0.01 0.01
0 1.036257 0.650632 0.01 0.01
0 1.043995 0.638142 0.01 0.01
0 1.063341 0.638142 0.01 0.01
0 1.068178 0.625653 0.01 0.01
0 1.080753 0.642946 0.01 0.01
0 1.093328 0.631417 0.01 0.01
0 1.081720 0.653514 0.01 0.01
0 1.073981 0.654474 0.01 0.01
0 1.052701 0.661199 0.01 0.01
0 1.084622 0.687139 0.01 0.01
0 1.103968 0.671767 0.01 0.01
0 1.103968 0.714999 0.01 0.01
0 1.086556 0.696746 0.01 0.01
0 1.104935 0.738056 0.01 0.01
0 1.140726 0.711156 0.01 0.01
0 1.112674 0.697706 0.01 0.01
0 1.162006 0.733253 0.01 0.01
0 1.165876 0.714038 0.01 0.01
0 1.135889 0.689060 0.01 0.01
0 1.116543 0.685217 0.01 0.01
0 1.190058 0.722685 0.01 0.01
0 1.169745 0.669846 0.01 0.01
0 1.006270 0.687139 0.01 0.01
0 1.051008 0.677051 0.01 0.01
0 1.034080 0.685217 0.01 0.01
0 1.074707 0.703951 0.01 0.01
0 0.694556 0.905940 0.01 0.01
0 0.718255 0.890569 0.01 0.01
0 0.702778 0.919870 0.01 0.01
0 0.707131 0.950132 0.01 0.01
0 0.706163 0.969827 0.01 0.01
0 0.688752 0.991923 0.01 0.01
0 0.730830 0.934761 0.01 0.01
0 0.737117 0.916508 0.01 0.01
0 0.760816 0.886245 0.01 0.01
0 0.762751 0.935722 0.01 0.01
0 0.769522 0.910743 0.01 0.01
0 0.782581 0.928516 0.01 0.01
0 0.735666 0.992884 0.01 0.01
0 0.808698 0.940525 0.01 0.01
0 0.804829 0.954456 0.01 0.01
0 0.804345 0.919390 0.01 0.01
0 0.796123 0.900656 0.01 0.01
0 0.773875 0.887206 0.01 0.01
0 0.812567 0.883844 0.01 0.01
0 0.890435 0.874717 0.01 0.01
0 0.888501 0.888647 0.01 0.01
0 0.844488 0.872795 0.01 0.01
0 0.825626 0.902097 0.01 0.01
0 0.826593 0.922752 0.01 0.01
0 0.847874 0.922272 0.01 0.01
0 0.858030 0.907381 0.01 0.01
0 0.879311 0.929477 0.01 0.01
0 0.886082 0.907861 0.01 0.01
0 0.864802 0.946770 0.01 0.01
0 0.845939 0.946770 0.01 0.01
0 0.838201 0.961181 0.01 0.01
0 0.816920 0.968866 0.01 0.01
0 0.735183 0.961661 0.01 0.01
0 0.718255 1.012578 0.01 0.01
0 0.691170 1.015461 0.01 0.01
0 0.698425 1.058692 0.01 0.01
0 0.731313 1.039959 0.01 0.01
0 0.761783 1.017382 0.01 0.01
0 0.787417 1.002491 0.01 0.01
0 0.802410 1.012098 0.01 0.01
0 0.773875 1.045243 0.01 0.01
0 0.744372 1.063976 0.01 0.01
0 0.770973 1.073103 0.01 0.01
0 0.828044 1.040439 0.01 0.01
0 0.809181 1.089915 0.01 0.01
0 0.817404 0.984718 0.01 0.01
0 0.714385 1.083190 0.01 0.01
0 0.710516 1.104806 0.01 0.01
0 0.729875 1.110090 0.01 0.01
0 0.790332 1.109130 0.01 0.01
0 0.864331 1.104326 0.01 0.01
0 0.881259 1.077426 0.01 0.01
0 0.860462 1.042360 0.01 0.01
0 0.897703 1.028430 0.01 0.01
0 0.892383 1.045243 0.01 0.01
0 0.894318 0.985198 0.01 0.01
0 0.862396 0.972229 0.01 0.01
0 0.911729 0.918909 0.01 0.01
0 0.925271 0.957818 0.01 0.01
0 0.937846 1.002491 0.01 0.01
0 0.922853 1.041880 0.01 0.01
0 0.924304 1.065417 0.01 0.01
0 0.911245 1.091356 0.01 0.01
0 0.948487 1.090876 0.01 0.01
0 0.968800 1.059653 0.01 0.01
0 0.959127 1.024107 0.01 0.01
0 0.956225 0.994805 0.01 0.01
0 0.994917 0.999609 0.01 0.01
0 0.983793 1.015461 0.01 0.01
0 0.992015 1.045723 0.01 0.01
0 0.977506 1.085112 0.01 0.01
0 0.949938 0.928997 0.01 0.01
0 0.920435 0.941966 0.01 0.01
0 0.980408 0.974150 0.01 0.01
0 0.977506 0.957338 0.01 0.01
0 0.975571 0.939565 0.01 0.01
0 0.978473 0.908822 0.01 0.01
0 0.951389 0.902097 0.01 0.01
0 0.965414 0.883844 0.01 0.01
0 0.947036 0.851660 0.01 0.01
0 0.978957 0.867512 0.01 0.01
0 0.925271 0.867992 0.01 0.01
0 0.989597 0.944368 0.01 0.01
0 1.005613 0.848297 0.01 0.01
0 0.982882 0.844455 0.01 0.01
0 1.012868 0.875678 0.01 0.01
0 1.007548 0.902097 0.01 0.01
0 0.978045 0.895852 0.01 0.01
0 1.002228 0.912665 0.01 0.01
0 1.004646 0.932840 0.01 0.01
0 1.008515 0.891049 0.01 0.01
0 1.034632 0.904979 0.01 0.01
0 1.028829 0.927075 0.01 0.01
0 1.020606 0.977513 0.01 0.01
0 1.048175 0.991443 0.01 0.01
0 1.038018 0.923713 0.01 0.01
0 1.064135 0.911224 0.01 0.01
0 1.050593 0.897774 0.01 0.01
0 1.049142 0.884324 0.01 0.01
0 1.058815 0.855983 0.01 0.01
0 1.033181 0.862708 0.01 0.01
0 1.061717 0.934761 0.01 0.01
0 1.069455 0.962141 0.01 0.01
0 1.035600 1.023627 0.01 0.01
0 1.016254 1.028430 0.01 0.01
0 1.006581 1.072623 0.01 0.01
0 1.014319 1.099042 0.01 0.01
0 1.054946 1.042360 0.01 0.01
0 1.072357 1.021705 0.01 0.01
0 1.047207 1.109610 0.01 0.01
0 1.035116 1.074544 0.01 0.01
0 1.079128 1.076466 0.01 0.01
0 1.090252 1.100003 0.01 0.01
0 1.100409 1.060614 0.01 0.01
0 1.096056 1.043321 0.01 0.01
0 1.111533 1.018343 0.01 0.01
0 1.143454 0.990002 0.01 0.01
0 1.121690 0.981355 0.01 0.01
0 1.142971 1.020264 0.01 0.01
0 1.118304 1.035635 0.01 0.01
0 1.128945 1.052928 0.01 0.01
0 1.127977 1.077907 0.01 0.01
0 1.133781 1.097601 0.01 0.01
0 1.161349 1.071182 0.01 0.01
0 1.166670 1.030832 0.01 0.01
0 1.191336 1.025068 0.01 0.01
0 1.192303 1.006334 0.01 0.01
0 1.159899 0.983277 0.01 0.01
0 1.168604 0.959739 0.01 0.01
0 1.187950 0.968866 0.01 0.01
0 1.199074 0.957818 0.01 0.01
0 1.214551 0.988080 0.01 0.01
0 1.216002 1.028430 0.01 0.01
0 1.217937 1.055330 0.01 0.01
0 1.172957 1.093758 0.01 0.01
0 1.108148 0.928997 0.01 0.01
0 1.100893 0.916988 0.01 0.01
0 1.083481 0.929477 0.01 0.01
0 1.083481 0.902577 0.01 0.01
0 1.087351 0.859345 0.01 0.01
0 1.085416 0.876158 0.01 0.01
0 1.104762 0.867992 0.01 0.01
0 1.124108 0.855503 0.01 0.01
0 1.131363 0.881442 0.01 0.01
0 1.128945 0.905940 0.01 0.01
0 1.111533 0.905459 0.01 0.01
0 1.124592 0.921792 0.01 0.01
0 1.150225 0.926595 0.01 0.01
0 1.135716 0.956377 0.01 0.01
0 1.135716 0.935722 0.01 0.01
0 1.153611 0.902097 0.01 0.01
0 1.148774 0.915067 0.01 0.01
0 1.171506 0.904499 0.01 0.01
0 1.181663 0.928036 0.01 0.01
0 1.181179 0.945329 0.01 0.01
0 1.197140 0.917949 0.01 0.01
0 1.184565 0.882883 0.01 0.01
0 1.217453 0.906901 0.01 0.01
0 1.217453 0.933320 0.01 0.01
0 1.104278 0.945809 0.01 0.01
0 1.107180 1.002971 0.01 0.01
0 1.095089 0.888167 0.01 0.01
0 1.093638 0.849738 0.01 0.01
0 1.134265 0.843494 0.01 0.01
0 1.152644 0.839171 0.01 0.01
0 1.171506 0.862708 0.01 0.01
0 1.153611 0.857424 0.01 0.01
0 1.179245 0.850219 0.01 0.01
0 1.192303 0.836288 0.01 0.01
0 1.216970 0.861267 0.01 0.01
0 0.937654 0.783450 0.01 0.01
0 0.966189 0.779126 0.01 0.01
0 0.986986 0.754628 0.01 0.01
0 0.999078 0.784891 0.01 0.01
0 0.975862 0.810349 0.01 0.01
0 0.971026 0.800262 0.01 0.01
0 0.963771 0.835808 0.01 0.01
0 0.946843 0.828603 0.01 0.01
0 1.000045 0.828603 0.01 0.01
0 0.989405 0.834847 0.01 0.01
0 1.006333 0.804105 0.01 0.01
0 1.021326 0.796899 0.01 0.01
0 1.021326 0.821878 0.01 0.01
0 1.033417 0.845896 0.01 0.01
0 1.050829 0.821398 0.01 0.01
0 1.051312 0.797380 0.01 0.01
0 1.067757 0.799782 0.01 0.01
0 1.078397 0.813231 0.01 0.01
0 1.064855 0.836769 0.01 0.01
0 1.055665 0.843974 0.01 0.01
0 1.096292 0.806026 0.01 0.01
0 1.075011 0.794017 0.01 0.01
0 1.106449 0.776725 0.01 0.01
0 1.102580 0.794498 0.01 0.01
0 1.125311 0.792576 0.01 0.01
0 1.142239 0.770480 0.01 0.01
0 1.123377 0.782489 0.01 0.01
0 1.151912 0.781528 0.01 0.01
0 1.144174 0.795458 0.01 0.01
0 1.139821 0.809389 0.01 0.01
0 1.114671 0.817555 0.01 0.01
0 1.181415 0.813231 0.01 0.01
0 1.167873 0.797860 0.01 0.01
0 1.170291 0.771921 0.01 0.01
0 1.185768 0.775284 0.01 0.01
0 1.188670 0.788733 0.01 0.01
0 1.215754 0.815153 0.01 0.01
0 1.211401 0.791135 0.01 0.01
0 1.220107 0.767118 0.01 0.01
0 1.227846 0.799301 0.01 0.01
0 1.233166 0.794017 0.01 0.01
0 1.247675 0.812751 0.01 0.01
0 1.225911 0.839651 0.01 0.01
0 1.219624 0.847337 0.01 0.01
0 1.205598 0.875197 0.01 0.01
0 1.240904 0.873276 0.01 0.01
0 1.236068 0.783450 0.01 0.01
0 1.242355 0.765196 0.01 0.01
0 1.250778 0.934761 0.01 0.01
0 1.263353 0.954936 0.01 0.01
0 1.227562 0.977513 0.01 0.01
0 1.249810 1.017862 0.01 0.01
0 1.272058 1.002971 0.01 0.01
0 1.291888 1.002491 0.01 0.01
0 1.291404 1.023627 0.01 0.01
0 1.303496 0.994325 0.01 0.01
0 1.270124 1.060614 0.01 0.01
0 1.263836 1.047644 0.01 0.01
0 1.306881 1.052448 0.01 0.01
0 1.348475 1.006334 0.01 0.01
0 1.303979 0.973670 0.01 0.01
0 1.291888 0.961181 0.01 0.01
0 1.284633 0.937643 0.01 0.01
0 1.303012 0.928516 0.01 0.01
0 1.273026 0.909783 0.01 0.01
0 1.260934 0.897774 0.01 0.01
0 1.270607 0.888167 0.01 0.01
0 1.274960 0.876638 0.01 0.01
0 1.261418 0.859826 0.01 0.01
0 1.295757 0.869433 0.01 0.01
0 1.302045 0.892970 0.01 0.01
0 1.319940 0.910263 0.01 0.01
0 1.352828 0.915067 0.01 0.01
0 1.343155 0.956377 0.01 0.01
0 1.333482 0.980875 0.01 0.01
0 1.379429 0.982796 0.01 0.01
0 1.342188 0.929958 0.01 0.01
0 1.375076 0.933320 0.01 0.01
0 1.368305 0.893931 0.01 0.01
0 1.357181 0.890088 0.01 0.01
0 1.364436 0.864149 0.01 0.01
0 1.360567 0.853581 0.01 0.01
0 1.389102 0.879040 0.01 0.01
0 1.372658 0.919390 0.01 0.01
0 1.405546 0.954456 0.01 0.01
0 1.407965 0.914106 0.01 0.01
0 1.391521 0.911704 0.01 0.01
0 1.421023 0.863188 0.01 0.01
0 1.402161 0.844455 0.01 0.01
0 1.461650 0.837249 0.01 0.01
0 1.468421 0.866551 0.01 0.01
0 1.479545 0.882402 0.01 0.01
0 1.459716 0.919870 0.01 0.01
0 1.442304 0.937643 0.01 0.01
0 1.384749 1.006334 0.01 0.01
0 1.353312 1.038518 0.01 0.01
0 1.389586 1.036116 0.01 0.01
0 1.386684 1.059653 0.01 0.01
0 1.365403 1.065898 0.01 0.01
0 1.388135 1.046684 0.01 0.01
0 1.411350 1.019303 0.01 0.01
0 1.418121 0.990963 0.01 0.01
0 1.429245 1.003932 0.01 0.01
0 1.420056 1.057251 0.01 0.01
0 1.416671 1.089435 0.01 0.01
0 1.453912 1.060133 0.01 0.01
0 1.468421 1.000089 0.01 0.01
0 1.460199 1.021225 0.01 0.01
0 1.436984 1.035155 0.01 0.01
0 1.479545 1.043321 0.01 0.01
0 1.506146 0.996246 0.01 0.01
0 1.489702 0.981836 0.01 0.01
0 1.485833 0.965984 0.01 0.01
0 1.514852 1.036596 0.01 0.01
0 1.467454 0.944849 0.01 0.01
0 1.446173 0.956377 0.01 0.01
0 1.479545 0.932840 0.01 0.01
0 1.472774 0.899695 0.01 0.01
0 1.296974 0.824280 0.01 0.01
0 1.271824 0.823799 0.01 0.01
0 1.270373 0.799782 0.01 0.01
0 1.257314 0.768559 0.01 0.01
0 1.265536 0.772401 0.01 0.01
0 1.289235 0.783930 0.01 0.01
0 1.296490 0.764716 0.01 0.01
0 1.320189 0.774803 0.01 0.01
0 1.306647 0.805546 0.01 0.01
0 1.323091 0.814673 0.01 0.01
0 1.335183 0.833406 0.01 0.01
0 1.339535 0.821878 0.01 0.01
0 1.340019 0.798341 0.01 0.01
0 1.354045 0.814673 0.01 0.01
0 1.357914 0.794017 0.01 0.01
0 1.377260 0.808908 0.01 0.01
0 1.381130 0.838210 0.01 0.01
0 1.400476 0.821398 0.01 0.01
0 1.419822 0.805065 0.01 0.01
0 1.422240 0.792576 0.01 0.01
0 1.407247 0.780087 0.01 0.01
0 1.397090 0.794498 0.01 0.01
0 1.378711 0.767598 0.01 0.01
0 1.353078 0.777685 0.01 0.01
0 1.306163 0.757510 0.01 0.01
0 1.323575 0.754148 0.01 0.01
0 1.341954 0.747903 0.01 0.01
0 1.369522 0.748864 0.01 0.01
0 1.415469 0.745502 0.01 0.01
0 1.453194 0.772401 0.01 0.01
0 1.448357 0.783930 0.01 0.01
0 1.450776 0.751746 0.01 0.01
0 1.430462 0.818515 0.01 0.01
0 1.453194 0.832926 0.01 0.01
0 1.443521 0.854062 0.01 0.01
0 1.430946 0.841572 0.01 0.01
0 1.454161 0.793537 0.01 0.01
0 1.454645 0.816114 0.01 0.01
0 1.481729 0.765676 0.01 0.01
0 1.485115 0.790655 0.01 0.01
0 1.493821 0.821878 0.01 0.01
0 1.498657 0.855022 0.01 0.01
0 1.497690 0.840131 0.01 0.01
0 1.507363 0.829564 0.01 0.01
0 1.529127 0.802664 0.01 0.01
0 1.522840 0.760393 0.01 0.01
0 1.554761 0.789694 0.01 0.01
0 1.531062 0.784891 0.01 0.01
0 1.532997 0.819476 0.01 0.01
0 1.539768 0.835808 0.01 0.01
0 1.533480 0.852621 0.01 0.01
0 1.499141 0.883844 0.01 0.01
0 1.516069 0.905940 0.01 0.01
0 1.507847 0.925634 0.01 0.01
0 1.504461 0.957338 0.01 0.01
0 1.539768 0.930918 0.01 0.01
0 1.532513 0.890088 0.01 0.01
0 1.527193 0.872315 0.01 0.01
0 1.564434 0.856463 0.01 0.01
0 1.578944 0.829564 0.01 0.01
0 1.585231 0.842533 0.01 0.01
0 1.593453 0.814192 0.01 0.01
0 1.557179 0.904018 0.01 0.01
0 1.559114 0.889608 0.01 0.01
0 1.527676 0.929958 0.01 0.01
0 1.540251 0.950132 0.01 0.01
0 1.537833 0.965023 0.01 0.01
0 1.530095 0.978473 0.01 0.01
0 1.547990 0.986159 0.01 0.01
0 1.572172 0.921792 0.01 0.01
0 1.594421 0.921311 0.01 0.01
0 1.562499 0.961181 0.01 0.01
0 1.593937 1.004893 0.01 0.01
0 1.405312 0.765676 0.01 0.01
0 1.294556 1.095199 0.01 0.01
0 1.325509 1.099523 0.01 0.01
0 1.330346 1.086073 0.01 0.01
0 1.525742 1.082710 0.01 0.01
0 1.508814 1.109130 0.01 0.01
0 1.532513 1.022186 0.01 0.01
0 1.572172 0.994325 0.01 0.01
0 1.265053 0.736855 0.01 0.01
0 1.280530 0.705152 0.01 0.01
0 1.301327 0.677772 0.01 0.01
0 1.349692 0.726768 0.01 0.01
0 1.337601 0.694104 0.01 0.01
0 1.328411 0.681614 0.01 0.01
0 1.329862 0.663841 0.01 0.01
0 1.342437 0.639343 0.01 0.01
0 1.352110 0.676811 0.01 0.01
0 1.367587 0.643667 0.01 0.01
0 1.364202 0.611483 0.01 0.01
0 1.394672 0.609561 0.01 0.01
0 1.375326 0.648470 0.01 0.01
0 1.384031 0.657597 0.01 0.01
0 1.377744 0.668165 0.01 0.01
0 1.378228 0.684497 0.01 0.01
0 1.399025 0.685457 0.01 0.01
0 1.411116 0.675370 0.01 0.01
0 1.408214 0.650872 0.01 0.01
0 1.403378 0.639824 0.01 0.01
0 1.423207 0.636461 0.01 0.01
0 1.428528 0.662400 0.01 0.01
0 1.416920 0.690261 0.01 0.01
0 1.399992 0.720043 0.01 0.01
0 1.393221 0.740218 0.01 0.01
0 1.411116 0.730130 0.01 0.01
0 1.424175 0.713798 0.01 0.01
0 1.450292 0.733012 0.01 0.01
0 1.446906 0.696505 0.01 0.01
0 1.448841 0.662881 0.01 0.01
0 1.458030 0.650872 0.01 0.01
0 1.464318 0.638383 0.01 0.01
0 1.488017 0.647990 0.01 0.01
0 1.473507 0.665763 0.01 0.01
0 1.461900 0.676811 0.01 0.01
0 1.483664 0.671047 0.01 0.01
0 1.479795 0.706593 0.01 0.01
0 1.478344 0.720043 0.01 0.01
0 1.468187 0.724366 0.01 0.01
0 1.483180 0.746462 0.01 0.01
0 1.509781 0.727248 0.01 0.01
0 1.533964 0.734453 0.01 0.01
0 1.553310 0.709955 0.01 0.01
0 1.545572 0.692182 0.01 0.01
0 1.547990 0.668645 0.01 0.01
0 1.537349 0.652793 0.01 0.01
0 1.546055 0.643186 0.01 0.01
0 1.537349 0.634059 0.01 0.01
0 1.560081 0.636461 0.01 0.01
0 1.522840 0.647990 0.01 0.01
0 1.502526 0.636942 0.01 0.01
0 1.504945 0.616286 0.01 0.01
0 1.476409 0.626374 0.01 0.01
0 1.573140 0.650391 0.01 0.01
0 1.567336 0.684497 0.01 0.01
0 1.587166 0.693623 0.01 0.01
0 1.581846 0.717161 0.01 0.01
0 1.562499 0.728689 0.01 0.01
0 1.560565 0.768559 0.01 0.01
0 1.572656 0.748864 0.01 0.01
0 1.589584 0.757991 0.01 0.01
0 1.596355 0.767598 0.01 0.01
0 1.595871 0.789694 0.01 0.01
0 1.584747 0.861747 0.01 0.01
0 1.311484 0.638863 0.01 0.01
0 1.292137 0.655675 0.01 0.01
0 1.281497 0.637902 0.01 0.01
0 1.281981 0.623972 0.01 0.01
0 1.296974 0.611002 0.01 0.01
0 1.318255 0.619649 0.01 0.01
0 1.334215 0.595631 0.01 0.01
0 1.315353 0.601876 0.01 0.01
0 1.269406 0.608120 0.01 0.01
0 1.256347 0.638383 0.01 0.01
0 1.243772 0.638383 0.01 0.01
0 1.242321 0.626374 0.01 0.01
0 1.226844 0.635020 0.01 0.01
0 1.235066 0.645108 0.01 0.01
0 1.239419 0.655195 0.01 0.01
0 1.243288 0.663361 0.01 0.01
0 1.258282 0.661440 0.01 0.01
0 1.270373 0.655675 0.01 0.01
0 1.251511 0.693143 0.01 0.01
0 1.246674 0.682575 0.01 0.01
0 1.281013 0.664322 0.01 0.01
0 1.291170 0.672007 0.01 0.01
0 1.278111 0.689781 0.01 0.01
0 1.280530 0.700829 0.01 0.01
0 1.228779 0.685457 0.01 0.01
0 1.207982 0.662400 0.01 0.01
0 1.211367 0.645588 0.01 0.01
0 1.222491 0.620129 0.01 0.01
0 1.222491 0.611002 0.01 0.01
0 1.223942 0.585544 0.01 0.01
0 1.235550 0.575456 0.01 0.01
0 1.245223 0.578819 0.01 0.01
0 1.245223 0.588906 0.01 0.01
0 1.246674 0.613404 0.01 0.01
0 1.266987 0.592749 0.01 0.01
0 1.263602 0.581220 0.01 0.01
0 1.259249 0.579779 0.01 0.01
0 1.284399 0.589387 0.01 0.01
0 1.275693 0.604758 0.01 0.01
0 1.279079 0.582181 0.01 0.01
0 1.289235 0.590828 0.01 0.01
0 1.298425 0.577858 0.01 0.01
0 1.311484 0.579779 0.01 0.01
0 1.316804 0.558644 0.01 0.01
0 1.331313 0.564408 0.01 0.01
0 1.368555 0.565849 0.01 0.01
0 1.370973 0.575937 0.01 0.01
0 1.350659 0.555281 0.01 0.01
0 1.346307 0.566810 0.01 0.01
0 1.396606 0.550478 0.01 0.01
0 1.459002 0.595631 0.01 0.01
0 1.483427 0.598513 0.01 0.01
0 1.490924 0.583862 0.01 0.01
0 1.512930 0.594190 0.01 0.01
0 1.527923 0.601636 0.01 0.01
0 1.531309 0.573535 0.01 0.01
0 1.517766 0.567530 0.01 0.01
0 1.542191 0.579779 0.01 0.01
0 1.554282 0.584583 0.01 0.01
0 1.553073 0.563447 0.01 0.01
0 1.541707 0.549997 0.01 0.01
0 1.536387 0.566810 0.01 0.01
0 1.571694 0.588426 0.01 0.01
0 1.559844 0.554321 0.01 0.01
0 1.582334 0.554321 0.01 0.01
0 1.583785 0.578579 0.01 0.01
0 1.583543 0.590828 0.01 0.01
0 1.593216 0.586985 0.01 0.01
0 1.558877 0.572094 0.01 0.01
0 1.583785 0.537268 0.01 0.01
0 1.583785 0.527421 0.01 0.01
0 1.566373 0.531984 0.01 0.01
0 1.544609 0.519735 0.01 0.01
0 1.566615 0.518774 0.01 0.01
0 1.493342 0.531023 0.01 0.01
0 1.482460 0.529102 0.01 0.01
0 1.467950 0.535106 0.01 0.01
0 1.487054 0.542312 0.01 0.01
0 1.471336 0.558644 0.01 0.01
0 1.455617 0.565609 0.01 0.01
0 1.488747 0.558163 0.01 0.01
0 1.498662 0.551679 0.01 0.01
0 1.511479 0.538949 0.01 0.01
0 1.512930 0.548076 0.01 0.01
0 1.490440 0.511329 0.01 0.01
0 1.476656 0.509888 0.01 0.01
0 1.509061 0.528622 0.01 0.01
0 1.503982 0.520456 0.01 0.01
0 1.493100 0.518534 0.01 0.01
0 1.514381 0.507486 0.01 0.01
0 1.518492 0.520936 0.01 0.01
0 1.530583 0.507726 0.01 0.01
0 1.456101 0.555041 0.01 0.01
0 1.454891 0.548076 0.01 0.01
0 1.436513 0.545194 0.01 0.01
0 1.421761 0.568491 0.01 0.01
0 1.417650 0.549517 0.01 0.01
0 1.431918 0.537508 0.01 0.01
0 1.448120 0.537508 0.01 0.01
0 1.456342 0.523098 0.01 0.01
0 1.453682 0.531984 0.01 0.01
0 1.493100 0.494276 0.01 0.01
0 1.516557 0.469298 0.01 0.01
0 1.534210 0.487792 0.01 0.01
0 1.549446 0.502442 0.01 0.01
0 1.547995 0.493076 0.01 0.01
0 1.551864 0.477464 0.01 0.01
0 1.533969 0.475302 0.01 0.01
0 1.515832 0.445280 0.01 0.01
0 1.529132 0.456328 0.01 0.01
0 1.546302 0.461853 0.01 0.01
0 1.564197 0.464014 0.01 0.01
0 1.562021 0.486351 0.01 0.01
0 1.576530 0.496198 0.01 0.01
0 1.582576 0.474582 0.01 0.01
0 1.594909 0.477224 0.01 0.01
0 1.581608 0.506285 0.01 0.01
0 1.595634 0.506525 0.01 0.01
0 1.501806 0.465455 0.01 0.01
0 1.496002 0.447922 0.01 0.01
0 1.501806 0.434953 0.01 0.01
0 1.484636 0.442398 0.01 0.01
0 1.462630 0.431830 0.01 0.01
0 1.455859 0.423424 0.01 0.01
0 1.442558 0.423424 0.01 0.01
0 1.471577 0.418621 0.01 0.01
0 1.466015 0.410214 0.01 0.01
0 1.472303 0.404210 0.01 0.01
0 1.483669 0.409254 0.01 0.01
0 1.486571 0.413337 0.01 0.01
0 1.487054 0.418380 0.01 0.01
0 1.486812 0.424385 0.01 0.01
0 1.485362 0.428708 0.01 0.01
0 1.501322 0.420542 0.01 0.01
0 1.513172 0.409254 0.01 0.01
0 1.523570 0.428708 0.01 0.01
0 1.536387 0.416219 0.01 0.01
0 1.539772 0.430389 0.01 0.01
0 1.555975 0.415258 0.01 0.01
0 1.567824 0.437835 0.01 0.01
0 1.573628 0.430629 0.01 0.01
0 1.547269 0.442158 0.01 0.01
0 1.536145 0.408053 0.01 0.01
0 1.546060 0.405171 0.01 0.01
0 1.548962 0.394843 0.01 0.01
0 1.514381 0.403970 0.01 0.01
0 1.561779 0.404450 0.01 0.01
0 1.560570 0.397005 0.01 0.01
0 1.578948 0.403489 0.01 0.01
0 1.580158 0.396044 0.01 0.01
0 1.591523 0.388358 0.01 0.01
0 1.588621 0.401328 0.01 0.01
0 1.592491 0.412376 0.01 0.01
0 1.586687 0.412856 0.01 0.01
0 1.586687 0.420062 0.01 0.01
0 1.593216 0.421263 0.01 0.01
0 1.489231 0.402769 0.01 0.01
0 1.491649 0.398926 0.01 0.01
0 1.474963 0.388118 0.01 0.01
0 1.463355 0.401328 0.01 0.01
0 1.456101 0.406612 0.01 0.01
0 1.453199 0.401088 0.01 0.01
0 1.446427 0.406852 0.01 0.01
0 1.435545 0.407092 0.01 0.01
0 1.438447 0.413817 0.01 0.01
0 1.458519 0.368424 0.01 0.01
0 1.467466 0.369384 0.01 0.01
0 1.472303 0.361218 0.01 0.01
0 1.477381 0.366022 0.01 0.01
0 1.483185 0.352092 0.01 0.01
0 1.484878 0.343685 0.01 0.01
0 1.502773 0.352092 0.01 0.01
0 1.515348 0.353533 0.01 0.01
0 1.511962 0.366262 0.01 0.01
0 1.496727 0.366262 0.01 0.01
0 1.495276 0.384756 0.01 0.01
0 1.527923 0.377550 0.01 0.01
0 1.528407 0.362179 0.01 0.01
0 1.537838 0.367223 0.01 0.01
0 1.545334 0.376830 0.01 0.01
0 1.537354 0.350410 0.01 0.01
0 1.559360 0.360978 0.01 0.01
0 1.568066 0.366502 0.01 0.01
0 1.571935 0.376109 0.01 0.01
0 1.587412 0.343445 0.01 0.01
0 1.586929 0.359537 0.01 0.01
0 1.586687 0.372266 0.01 0.01
0 1.569759 0.360017 0.01 0.01
0 1.445944 0.443359 0.01 0.01
0 1.407493 0.456328 0.01 0.01
0 1.490440 0.324952 0.01 0.01
0 1.497211 0.325912 0.01 0.01
0 1.507126 0.325192 0.01 0.01
0 1.518008 0.330956 0.01 0.01
0 1.543158 0.335519 0.01 0.01
0 1.567824 0.340563 0.01 0.01
0 1.590072 0.322069 0.01 0.01
0 1.456342 0.295410 0.01 0.01
0 1.465290 0.286283 0.01 0.01
0 1.471819 0.289165 0.01 0.01
0 1.479074 0.287724 0.01 0.01
0 1.490198 0.288925 0.01 0.01
0 1.476656 0.307419 0.01 0.01
0 1.469885 0.324952 0.01 0.01
0 1.480767 0.328554 0.01 0.01
0 1.453682 0.320388 0.01 0.01
0 1.461179 0.324711 0.01 0.01
0 1.461663 0.351611 0.01 0.01
0 1.455133 0.338642 0.01 0.01
0 1.449329 0.340083 0.01 0.01
0 1.438689 0.340803 0.01 0.01
0 1.441349 0.320148 0.01 0.01
0 1.427323 0.319668 0.01 0.01
0 1.429258 0.311262 0.01 0.01
0 1.416925 0.333358 0.01 0.01
0 1.411121 0.330476 0.01 0.01
0 1.429016 0.337921 0.01 0.01
0 1.432643 0.330956 0.01 0.01
0 1.435787 0.293248 0.01 0.01
0 1.425630 0.285082 0.01 0.01
0 1.448604 0.287004 0.01 0.01
0 1.404833 0.283641 0.01 0.01
0 1.401690 0.331677 0.01 0.01
0 1.028537 0.125845 0.01 0.01
0 1.130830 0.621570 0.01 0.01
0 1.155012 0.621090 0.01 0.01
0 1.174721 0.624452 0.01 0.01
0 1.165290 0.639103 0.01 0.01
0 1.178349 0.650391 0.01 0.01
0 1.196002 0.649431 0.01 0.01
0 1.189231 0.634780 0.01 0.01
0 1.185845 0.617968 0.01 0.01
0 1.204224 0.619889 0.01 0.01
0 1.193584 0.609561 0.01 0.01
0 1.205433 0.600675 0.01 0.01
0 1.214381 0.652313 0.01 0.01
0 1.187538 0.586985 0.01 0.01
0 1.181492 0.581941 0.01 0.01
0 1.161421 0.576897 0.01 0.01
0 1.194551 0.573295 0.01 0.01
0 1.218492 0.568011 0.01 0.01
0 1.141107 0.614605 0.01 0.01
0 1.125147 0.605238 0.01 0.01
0 1.142558 0.590347 0.01 0.01
0 1.130225 0.571133 0.01 0.01
0 1.146427 0.572814 0.01 0.01
0 1.159244 0.598994 0.01 0.01
0 1.159970 0.590347 0.01 0.01
0 1.101931 0.607160 0.01 0.01
0 1.141107 0.702030 0.01 0.01
0 1.178003 0.544954 0.01 0.01
0 1.172199 0.552639 0.01 0.01
0 1.175826 0.568251 0.01 0.01
0 1.197833 0.543513 0.01 0.01
0 1.185258 0.556242 0.01 0.01
0 1.189611 0.531984 0.01 0.01
0 1.208473 0.534866 0.01 0.01
0 1.215244 0.546395 0.01 0.01
0 1.198800 0.568491 0.01 0.01
0 1.221532 0.550958 0.01 0.01
0 1.227819 0.537508 0.01 0.01
0 1.224192 0.514451 0.01 0.01
0 1.228303 0.523098 0.01 0.01
0 1.231447 0.529582 0.01 0.01
0 1.232172 0.507966 0.01 0.01
0 1.227577 0.500761 0.01 0.01
0 1.206780 0.524299 0.01 0.01
0 1.202427 0.516613 0.01 0.01
0 1.195173 0.503163 0.01 0.01
0 1.185258 0.509648 0.01 0.01
0 1.187434 0.520936 0.01 0.01
0 1.238701 0.501962 0.01 0.01
0 1.237009 0.491154 0.01 0.01
0 1.245231 0.508447 0.01 0.01
0 1.249100 0.531984 0.01 0.01
0 1.253936 0.535347 0.01 0.01
0 1.237009 0.543273 0.01 0.01
0 1.241603 0.539670 0.01 0.01
0 1.257322 0.551679 0.01 0.01
0 1.244747 0.564648 0.01 0.01
0 1.263368 0.556242 0.01 0.01
0 1.284407 0.549757 0.01 0.01
0 1.266753 0.542072 0.01 0.01
0 1.274492 0.536067 0.01 0.01
0 1.256355 0.517814 0.01 0.01
0 1.268688 0.509888 0.01 0.01
0 1.261675 0.500761 0.01 0.01
0 1.258047 0.495237 0.01 0.01
0 1.273282 0.493796 0.01 0.01
0 1.279570 0.500281 0.01 0.01
0 1.281746 0.505325 0.01 0.01
0 1.283197 0.528382 0.01 0.01
0 1.279328 0.515412 0.01 0.01
0 1.298191 0.532945 0.01 0.01
0 1.298191 0.522617 0.01 0.01
0 1.291661 0.498840 0.01 0.01
0 1.281505 0.493796 0.01 0.01
0 1.291419 0.494036 0.01 0.01
0 1.299158 0.501482 0.01 0.01
0 1.304236 0.513731 0.01 0.01
0 1.315118 0.510849 0.01 0.01
0 1.326242 0.514211 0.01 0.01
0 1.321890 0.528141 0.01 0.01
0 1.312700 0.539190 0.01 0.01
0 1.299400 0.548797 0.01 0.01
0 1.301334 0.555041 0.01 0.01
0 1.282230 0.567290 0.01 0.01
0 1.271106 0.556242 0.01 0.01
0 1.320680 0.546635 0.01 0.01
0 1.328177 0.540150 0.01 0.01
0 1.337125 0.527421 0.01 0.01
0 1.341961 0.538949 0.01 0.01
0 1.340994 0.604518 0.01 0.01
0 1.314877 0.614365 0.01 0.01
0 1.384224 0.628055 0.01 0.01
0 1.353270 0.512050 0.01 0.01
0 1.365603 0.504604 0.01 0.01
0 1.377936 0.513491 0.01 0.01
0 1.366087 0.535347 0.01 0.01
0 1.374309 0.546395 0.01 0.01
0 1.379145 0.531744 0.01 0.01
0 1.386400 0.534146 0.01 0.01
0 1.393413 0.526460 0.01 0.01
0 1.394622 0.519735 0.01 0.01
0 1.396557 0.512290 0.01 0.01
0 1.401877 0.538469 0.01 0.01
0 1.416387 0.538709 0.01 0.01
0 1.435975 0.525740 0.01 0.01
0 1.430654 0.518534 0.01 0.01
0 1.444439 0.520216 0.01 0.01
0 1.450726 0.509888 0.01 0.01
0 1.454837 0.507486 0.01 0.01
0 1.438151 0.499800 0.01 0.01
0 1.407197 0.530783 0.01 0.01
0 1.314264 0.497159 0.01 0.01
0 1.323453 0.502923 0.01 0.01
0 1.340623 0.505565 0.01 0.01
0 1.344734 0.475543 0.01 0.01
0 1.358035 0.493076 0.01 0.01
0 1.359002 0.477944 0.01 0.01
0 1.386328 0.501482 0.01 0.01
0 1.401563 0.484189 0.01 0.01
0 1.382943 0.459691 0.01 0.01
0 1.371819 0.457529 0.01 0.01
0 1.327081 0.471219 0.01 0.01
0 1.326114 0.447922 0.01 0.01
0 1.335061 0.459931 0.01 0.01
0 1.347394 0.448643 0.01 0.01
0 1.352231 0.446001 0.01 0.01
0 1.356342 0.461612 0.01 0.01
0 1.359002 0.441918 0.01 0.01
0 1.377381 0.436154 0.01 0.01
0 1.364564 0.436634 0.01 0.01
0 1.393099 0.444560 0.01 0.01
0 1.403256 0.438796 0.01 0.01
0 1.416073 0.433992 0.01 0.01
0 1.078368 0.585784 0.01 0.01
0 1.073290 0.573535 0.01 0.01
0 1.089734 0.574976 0.01 0.01
0 1.091427 0.567290 0.01 0.01
0 1.107629 0.564168 0.01 0.01
0 1.111982 0.571373 0.01 0.01
0 1.102551 0.578819 0.01 0.01
0 1.110531 0.585544 0.01 0.01
0 1.091185 0.585303 0.01 0.01
0 1.093845 0.590587 0.01 0.01
0 1.127217 0.560805 0.01 0.01
0 1.107146 0.547836 0.01 0.01
0 1.113917 0.525499 0.01 0.01
0 1.118511 0.538469 0.01 0.01
0 1.122622 0.547356 0.01 0.01
0 1.141243 0.551439 0.01 0.01
0 1.149465 0.546395 0.01 0.01
0 1.133021 0.530063 0.01 0.01
0 1.162040 0.532945 0.01 0.01
0 1.152125 0.538229 0.01 0.01
0 1.171471 0.514451 0.01 0.01
0 1.137857 0.515412 0.01 0.01
0 1.120204 0.514451 0.01 0.01
0 1.123348 0.507486 0.01 0.01
0 1.136407 0.500521 0.01 0.01
0 1.138341 0.492595 0.01 0.01
0 1.153334 0.494997 0.01 0.01
0 1.153334 0.510368 0.01 0.01
0 1.146080 0.505325 0.01 0.01
0 1.158413 0.483468 0.01 0.01
0 1.147531 0.473381 0.01 0.01
0 1.132537 0.486831 0.01 0.01
0 1.166151 0.470499 0.01 0.01
0 1.177759 0.495958 0.01 0.01
0 1.187432 0.487551 0.01 0.01
0 1.187432 0.497159 0.01 0.01
0 1.117302 0.493556 0.01 0.01
0 1.112708 0.505565 0.01 0.01
0 1.105211 0.511329 0.01 0.01
0 1.097472 0.521897 0.01 0.01
0 1.091910 0.526940 0.01 0.01
0 1.086107 0.529342 0.01 0.01
0 1.081270 0.550238 0.01 0.01
0 1.077885 0.549277 0.01 0.01
0 1.059989 0.561046 0.01 0.01
0 1.041369 0.567530 0.01 0.01
0 1.053218 0.580740 0.01 0.01
0 1.065068 0.577378 0.01 0.01
0 1.031696 0.562247 0.01 0.01
0 1.037258 0.551919 0.01 0.01
0 1.047898 0.541351 0.01 0.01
0 1.051284 0.531744 0.01 0.01
0 1.049591 0.520456 0.01 0.01
0 1.049833 0.510128 0.01 0.01
0 1.025166 0.524058 0.01 0.01
0 1.019846 0.540631 0.01 0.01
0 1.018637 0.554080 0.01 0.01
0 0.999775 0.548076 0.01 0.01
0 1.020330 0.514211 0.01 0.01
0 1.021539 0.499320 0.01 0.01
0 1.033872 0.509648 0.01 0.01
0 1.037741 0.503163 0.01 0.01
0 1.039434 0.494517 0.01 0.01
0 1.046931 0.492835 0.01 0.01
0 1.063375 0.484189 0.01 0.01
0 1.067002 0.488993 0.01 0.01
0 1.064342 0.517093 0.01 0.01
0 1.071355 0.502683 0.01 0.01
0 1.066035 0.500521 0.01 0.01
0 1.067728 0.494517 0.01 0.01
0 1.066035 0.507486 0.01 0.01
0 1.085139 0.490193 0.01 0.01
0 1.083205 0.500041 0.01 0.01
0 1.097956 0.502923 0.01 0.01
0 1.086348 0.510608 0.01 0.01
0 1.085139 0.522377 0.01 0.01
0 1.102793 0.490914 0.01 0.01
0 1.102551 0.484189 0.01 0.01
0 1.105211 0.476263 0.01 0.01
0 1.113433 0.473861 0.01 0.01
0 1.119237 0.475062 0.01 0.01
0 1.132779 0.472660 0.01 0.01
0 1.080545 0.479626 0.01 0.01
0 1.048140 0.475302 0.01 0.01
0 1.026617 0.478905 0.01 0.01
0 1.006304 0.504364 0.01 0.01
0 1.003886 0.482748 0.01 0.01
0 1.002676 0.526220 0.01 0.01
0 0.999533 0.514451 0.01 0.01
0 1.008480 0.532705 0.01 0.01
0 1.004127 0.537508 0.01 0.01
0 1.097715 0.435193 0.01 0.01
0 1.093121 0.426787 0.01 0.01
0 1.101826 0.460411 0.01 0.01
0 1.110290 0.464494 0.01 0.01
0 1.129395 0.458730 0.01 0.01
0 1.129878 0.434472 0.01 0.01
0 1.126976 0.426306 0.01 0.01
0 1.121414 0.424385 0.01 0.01
0 1.116578 0.414778 0.01 0.01
0 1.121898 0.417900 0.01 0.01
0 1.129878 0.418380 0.01 0.01
0 1.144872 0.414057 0.01 0.01
0 1.143179 0.427267 0.01 0.01
0 1.141244 0.419341 0.01 0.01
0 1.149466 0.421263 0.01 0.01
0 1.141728 0.434953 0.01 0.01
0 1.156479 0.436154 0.01 0.01
0 1.162283 0.440477 0.01 0.01
0 1.154545 0.464494 0.01 0.01
0 1.145839 0.461372 0.01 0.01
0 1.138584 0.463294 0.01 0.01
0 1.172682 0.449123 0.01 0.01
0 1.170263 0.427027 0.01 0.01
0 1.164218 0.423664 0.01 0.01
0 1.162283 0.418380 0.01 0.01
0 1.175825 0.411656 0.01 0.01
0 1.182838 0.402289 0.01 0.01
0 1.187191 0.407813 0.01 0.01
0 1.192028 0.411175 0.01 0.01
0 1.179936 0.433752 0.01 0.01
0 1.185498 0.437354 0.01 0.01
0 1.186466 0.448162 0.01 0.01
0 1.197832 0.458250 0.01 0.01
0 1.200250 0.441918 0.01 0.01
0 1.177276 0.475062 0.01 0.01
0 1.200975 0.475302 0.01 0.01
0 1.213792 0.467377 0.01 0.01
0 1.225883 0.445280 0.01 0.01
0 1.225883 0.454167 0.01 0.01
0 1.254903 0.469298 0.01 0.01
0 1.250066 0.451045 0.01 0.01
0 1.248131 0.433031 0.01 0.01
0 1.243779 0.439756 0.01 0.01
0 1.239668 0.421983 0.01 0.01
0 1.226609 0.428948 0.01 0.01
0 1.217419 0.422463 0.01 0.01
0 1.208714 0.408053 0.01 0.01
0 1.148741 0.401568 0.01 0.01
0 1.156963 0.408533 0.01 0.01
0 1.156963 0.414297 0.01 0.01
0 1.159139 0.398686 0.01 0.01
0 1.168812 0.400607 0.01 0.01
0 1.189851 0.383315 0.01 0.01
0 1.180178 0.384996 0.01 0.01
0 1.198799 0.388839 0.01 0.01
0 1.209439 0.396284 0.01 0.01
0 1.199282 0.400607 0.01 0.01
0 1.211374 0.391240 0.01 0.01
0 1.224191 0.392201 0.01 0.01
0 1.223949 0.401328 0.01 0.01
0 1.225158 0.411656 0.01 0.01
0 1.235556 0.408053 0.01 0.01
0 1.244504 0.405411 0.01 0.01
0 1.246197 0.395323 0.01 0.01
0 1.234831 0.398926 0.01 0.01
0 1.266027 0.452726 0.01 0.01
0 1.267440 0.429909 0.01 0.01
0 1.272277 0.445761 0.01 0.01
0 1.268166 0.409014 0.01 0.01
0 1.279290 0.410695 0.01 0.01
0 1.286303 0.419822 0.01 0.01
0 1.280257 0.433752 0.01 0.01
0 1.281708 0.441437 0.01 0.01
0 1.279048 0.450324 0.01 0.01
0 1.296701 0.439756 0.01 0.01
0 1.297668 0.432551 0.01 0.01
0 1.284610 0.459451 0.01 0.01
0 1.265022 0.438555 0.01 0.01
0 1.295250 0.453446 0.01 0.01
0 1.307583 0.454167 0.01 0.01
0 1.313629 0.440477 0.01 0.01
0 1.312420 0.433752 0.01 0.01
0 1.325962 0.434953 0.01 0.01
0 1.335152 0.435193 0.01 0.01
0 1.317498 0.463053 0.01 0.01
0 1.316289 0.409254 0.01 0.01
0 1.304440 0.404931 0.01 0.01
0 1.279773 0.395323 0.01 0.01
0 1.266957 0.398446 0.01 0.01
0 1.254140 0.402769 0.01 0.01
0 1.237937 0.415979 0.01 0.01
0 1.320884 0.398206 0.01 0.01
0 1.336361 0.394123 0.01 0.01
0 1.328380 0.387638 0.01 0.01
0 1.329106 0.383795 0.01 0.01
0 1.342406 0.388358 0.01 0.01
0 1.344099 0.380673 0.01 0.01
0 1.350870 0.389079 0.01 0.01
0 1.347968 0.403249 0.01 0.01
0 1.352805 0.407572 0.01 0.01
0 1.342890 0.416459 0.01 0.01
0 1.343132 0.425586 0.01 0.01
0 1.348694 0.433752 0.01 0.01
0 1.363445 0.415258 0.01 0.01
0 1.375537 0.396044 0.01 0.01
0 1.364654 0.394603 0.01 0.01
0 1.363445 0.382834 0.01 0.01
0 1.385452 0.385476 0.01 0.01
0 1.383759 0.393162 0.01 0.01
0 1.374811 0.426066 0.01 0.01
0 1.239630 0.385957 0.01 0.01
0 1.254382 0.388599 0.01 0.01
0 1.271068 0.391240 0.01 0.01
0 1.260427 0.390280 0.01 0.01
0 1.267682 0.380432 0.01 0.01
0 1.273486 0.375629 0.01 0.01
0 1.280741 0.382354 0.01 0.01
0 1.290172 0.394843 0.01 0.01
0 1.277355 0.387638 0.01 0.01
0 1.288479 0.382594 0.01 0.01
0 1.306132 0.399406 0.01 0.01
0 1.302263 0.393402 0.01 0.01
0 1.295976 0.378031 0.01 0.01
0 1.316047 0.394603 0.01 0.01
0 1.311211 0.383315 0.01 0.01
0 1.203414 0.437114 0.01 0.01
0 1.216473 0.478185 0.01 0.01
0 1.203414 0.490674 0.01 0.01
0 1.399159 0.389319 0.01 0.01
0 1.399401 0.396044 0.01 0.01
0 1.406172 0.398446 0.01 0.01
0 1.406897 0.402529 0.01 0.01
0 1.415361 0.401808 0.01 0.01
0 1.422133 0.405171 0.01 0.01
0 1.424793 0.421263 0.01 0.01
0 1.421891 0.381874 0.01 0.01
0 1.385375 0.352812 0.01 0.01
0 1.373042 0.348009 0.01 0.01
0 1.374251 0.357616 0.01 0.01
0 1.378604 0.363380 0.01 0.01
0 1.389486 0.372026 0.01 0.01
0 1.403512 0.369144 0.01 0.01
0 1.413669 0.359297 0.01 0.01
0 1.419714 0.357856 0.01 0.01
0 1.421649 0.362900 0.01 0.01
0 1.420923 0.369865 0.01 0.01
0 1.361676 0.365061 0.01 0.01
0 1.362401 0.350410 0.01 0.01
0 1.350794 0.358336 0.01 0.01
0 1.349101 0.365061 0.01 0.01
0 1.335559 0.363620 0.01 0.01
0 1.335075 0.354734 0.01 0.01
0 1.331689 0.357856 0.01 0.01
0 1.352970 0.325672 0.01 0.01
0 1.344506 0.325672 0.01 0.01
0 1.365303 0.326873 0.01 0.01
0 1.361918 0.310541 0.01 0.01
0 1.366271 0.315585 0.01 0.01
0 1.379087 0.310061 0.01 0.01
0 1.396499 0.315825 0.01 0.01
0 1.382715 0.314384 0.01 0.01
0 1.405447 0.313423 0.01 0.01
0 1.399643 0.305978 0.01 0.01
0 1.392630 0.304056 0.01 0.01
0 1.388519 0.305017 0.01 0.01
0 1.380525 0.293008 0.01 0.01
0 1.373270 0.293488 0.01 0.01
0 1.378590 0.299253 0.01 0.01
0 1.388747 0.292288 0.01 0.01
0 1.392858 0.286043 0.01 0.01
0 1.357068 0.292768 0.01 0.01
0 1.349329 0.292288 0.01 0.01
0 1.341591 0.291567 0.01 0.01
0 1.345944 0.312462 0.01 0.01
0 1.342558 0.304537 0.01 0.01
0 1.353682 0.302135 0.01 0.01
0 1.334336 0.292288 0.01 0.01
0 1.329741 0.293248 0.01 0.01
0 1.324905 0.293248 0.01 0.01
0 1.333127 0.314384 0.01 0.01
0 1.321277 0.300213 0.01 0.01
0 1.316683 0.299253 0.01 0.01
0 1.310637 0.302855 0.01 0.01
0 1.307493 0.298532 0.01 0.01
0 1.315715 0.320388 0.01 0.01
0 1.309670 0.319187 0.01 0.01
0 1.299271 0.286043 0.01 0.01
0 1.306768 0.287964 0.01 0.01
0 1.310637 0.289165 0.01 0.01
0 1.318859 0.289886 0.01 0.01
0 1.293225 0.301414 0.01 0.01
0 1.304591 0.304777 0.01 0.01
0 1.411720 0.284362 0.01 0.01
0 1.416073 0.285082 0.01 0.01
0 1.324663 0.347048 0.01 0.01
0 1.332643 0.301654 0.01 0.01
0 1.327081 0.305737 0.01 0.01
0 1.303866 0.317746 0.01 0.01
0 1.289598 0.315345 0.01 0.01
0 1.292016 0.293969 0.01 0.01
0 1.291049 0.280999 0.01 0.01
0 1.381008 0.320628 0.01 0.01
0 1.392858 0.326152 0.01 0.01
0 1.398178 0.331677 0.01 0.01
0 1.252487 0.329275 0.01 0.01
0 1.270624 0.336480 0.01 0.01
0 1.278362 0.340563 0.01 0.01
0 1.284408 0.341043 0.01 0.01
0 1.297225 0.336000 0.01 0.01
0 1.306414 0.339362 0.01 0.01
0 1.303512 0.357375 0.01 0.01
0 1.284892 0.362179 0.01 0.01
0 1.308832 0.367463 0.01 0.01
0 1.309800 0.374188 0.01 0.01
0 1.300610 0.379952 0.01 0.01
0 1.318505 0.352812 0.01 0.01
0 1.259500 0.349209 0.01 0.01
0 1.242330 0.348009 0.01 0.01
0 1.237494 0.348489 0.01 0.01
0 1.255630 0.367943 0.01 0.01
0 1.253454 0.375869 0.01 0.01
0 1.258291 0.359057 0.01 0.01
0 1.267722 0.356895 0.01 0.01
0 1.277395 0.356655 0.01 0.01
0 1.285617 0.348009 0.01 0.01
0 1.388393 0.399406 0.01 0.01
0 1.385975 0.405651 0.01 0.01
0 1.404596 0.409014 0.01 0.01
0 1.230433 0.351131 0.01 0.01
0 1.223420 0.328074 0.01 0.01
0 1.232851 0.329515 0.01 0.01
0 1.203832 0.325912 0.01 0.01
0 1.210845 0.329035 0.01 0.01
0 1.199237 0.308379 0.01 0.01
0 1.206009 0.309100 0.01 0.01
0 1.192708 0.306218 0.01 0.01
0 1.183035 0.365301 0.01 0.01
0 1.181100 0.373227 0.01 0.01
0 1.176989 0.371306 0.01 0.01
0 1.191257 0.368904 0.01 0.01
0 1.185937 0.376830 0.01 0.01
0 1.208185 0.369144 0.01 0.01
0 1.197061 0.356175 0.01 0.01
0 1.195368 0.344886 0.01 0.01
0 1.192708 0.338642 0.01 0.01
0 1.186904 0.338642 0.01 0.01
0 1.187630 0.359057 0.01 0.01
0 1.182551 0.358336 0.01 0.01
0 1.215440 0.351851 0.01 0.01
0 1.213505 0.358817 0.01 0.01
0 1.218100 0.363620 0.01 0.01
0 1.226322 0.376349 0.01 0.01
0 1.236479 0.367223 0.01 0.01
0 1.207218 0.378511 0.01 0.01
0 1.215440 0.378751 0.01 0.01
0 1.212780 0.386917 0.01 0.01
0 1.148938 0.387157 0.01 0.01
0 1.146036 0.396044 0.01 0.01
0 1.135879 0.394843 0.01 0.01
0 1.130559 0.399887 0.01 0.01
0 1.156676 0.371066 0.01 0.01
0 1.165865 0.365542 0.01 0.01
0 1.163689 0.373708 0.01 0.01
0 1.172637 0.380192 0.01 0.01
0 1.159820 0.388118 0.01 0.01
0 1.141683 0.377310 0.01 0.01
0 1.132735 0.378991 0.01 0.01
0 1.133702 0.374428 0.01 0.01
0 1.136363 0.365301 0.01 0.01
0 1.141199 0.359297 0.01 0.01
0 1.137330 0.350410 0.01 0.01
0 1.149905 0.352812 0.01 0.01
0 1.156676 0.360017 0.01 0.01
0 1.147970 0.373708 0.01 0.01
0 1.166833 0.343205 0.01 0.01
0 1.176022 0.333598 0.01 0.01
0 1.175538 0.326633 0.01 0.01
0 1.185937 0.330476 0.01 0.01
0 1.185937 0.321829 0.01 0.01
0 1.185212 0.349690 0.01 0.01
0 1.235028 0.339362 0.01 0.01
0 1.117022 0.388358 0.01 0.01
0 1.102754 0.384035 0.01 0.01
0 1.115813 0.380432 0.01 0.01
0 1.112911 0.371066 0.01 0.01
0 1.120407 0.364341 0.01 0.01
0 1.126695 0.377310 0.01 0.01
0 1.102754 0.368904 0.01 0.01
0 1.092597 0.382594 0.01 0.01
0 1.076637 0.383795 0.01 0.01
0 1.073735 0.390520 0.01 0.01
0 1.063336 0.391000 0.01 0.01
0 1.063095 0.374188 0.01 0.01
0 1.059951 0.365061 0.01 0.01
0 1.050520 0.370345 0.01 0.01
0 1.073977 0.365542 0.01 0.01
0 1.080990 0.361699 0.01 0.01
0 1.087277 0.404690 0.01 0.01
0 1.091146 0.410695 0.01 0.01
0 1.101061 0.396765 0.01 0.01
0 1.101061 0.405411 0.01 0.01
0 1.111702 0.396524 0.01 0.01
0 1.105898 0.409734 0.01 0.01
0 1.118231 0.403249 0.01 0.01
0 1.129839 0.404210 0.01 0.01
0 1.098643 0.422944 0.01 0.01
0 1.088003 0.416699 0.01 0.01
0 1.083892 0.419101 0.01 0.01
0 1.081232 0.430389 0.01 0.01
0 1.072284 0.433271 0.01 0.01
0 1.073493 0.429188 0.01 0.01
0 1.080264 0.446481 0.01 0.01
0 1.070349 0.446481 0.01 0.01
0 1.060676 0.447442 0.01 0.01
0 1.055114 0.422223 0.01 0.01
0 1.051003 0.439516 0.01 0.01
0 1.063336 0.421743 0.01 0.01
0 1.061644 0.400607 0.01 0.01
0 1.067931 0.408533 0.01 0.01
0 1.077604 0.410935 0.01 0.01
0 1.049069 0.406372 0.01 0.01
0 1.108074 0.433271 0.01 0.01
0 1.109283 0.366022 0.01 0.01
0 1.107833 0.361459 0.01 0.01
0 1.091630 0.361699 0.01 0.01
0 1.167080 0.385716 0.01 0.01
0 1.230825 0.283881 0.01 0.01
0 1.246060 0.275715 0.01 0.01
0 1.240257 0.285322 0.01 0.01
0 1.277740 0.285322 0.01 0.01
0 1.284995 0.303816 0.01 0.01
0 1.280158 0.303095 0.01 0.01
0 1.278223 0.295170 0.01 0.01
0 1.286929 0.298772 0.01 0.01
0 1.287896 0.285563 0.01 0.01
0 1.271452 0.293008 0.01 0.01
0 1.263714 0.290606 0.01 0.01
0 1.213414 0.277637 0.01 0.01
0 1.217041 0.280759 0.01 0.01
0 1.202532 0.284122 0.01 0.01
0 1.192617 0.286043 0.01 0.01
0 1.188989 0.281720 0.01 0.01
0 0.948486 0.512050 0.01 0.01
0 0.949937 0.524299 0.01 0.01
0 0.924546 0.538949 0.01 0.01
0 0.935670 0.519015 0.01 0.01
0 0.922611 0.513491 0.01 0.01
0 0.938813 0.507486 0.01 0.01
0 0.933977 0.503643 0.01 0.01
0 0.938330 0.497159 0.01 0.01
0 0.933009 0.484669 0.01 0.01
0 0.915840 0.500041 0.01 0.01
0 0.919951 0.490193 0.01 0.01
0 0.923820 0.481067 0.01 0.01
0 0.952356 0.486110 0.01 0.01
0 0.957192 0.504364 0.01 0.01
0 0.949937 0.504604 0.01 0.01
0 0.955016 0.499320 0.01 0.01
0 0.956225 0.514932 0.01 0.01
0 0.967833 0.502202 0.01 0.01
0 0.972669 0.504604 0.01 0.01
0 0.964205 0.528382 0.01 0.01
0 0.971944 0.525499 0.01 0.01
0 0.974362 0.533425 0.01 0.01
0 0.985728 0.539910 0.01 0.01
0 0.994917 0.535347 0.01 0.01
0 0.981617 0.503883 0.01 0.01
0 0.973395 0.516853 0.01 0.01
0 0.992015 0.503163 0.01 0.01
0 0.989355 0.483949 0.01 0.01
0 0.983551 0.481547 0.01 0.01
0 0.972427 0.490193 0.01 0.01
0 0.964931 0.480346 0.01 0.01
0 0.958159 0.478665 0.01 0.01
0 0.950663 0.468337 0.01 0.01
0 0.949454 0.474582 0.01 0.01
0 0.962270 0.470499 0.01 0.01
0 1.009185 0.488512 0.01 0.01
0 1.042073 0.462093 0.01 0.01
0 1.034335 0.460652 0.01 0.01
0 1.014505 0.457769 0.01 0.01
0 1.005074 0.468577 0.01 0.01
0 1.011361 0.470979 0.01 0.01
0 0.994917 0.465936 0.01 0.01
0 0.988388 0.465215 0.01 0.01
0 0.984035 0.459691 0.01 0.01
0 1.030466 0.440717 0.01 0.01
0 1.041348 0.441918 0.01 0.01
0 0.963963 0.457769 0.01 0.01
0 0.958401 0.445040 0.01 0.01
0 0.950179 0.454647 0.01 0.01
0 0.940264 0.460171 0.01 0.01
0 0.935428 0.465936 0.01 0.01
0 0.930833 0.458970 0.01 0.01
0 0.926964 0.451045 0.01 0.01
0 0.936395 0.440957 0.01 0.01
0 0.925513 0.473381 0.01 0.01
0 0.911487 0.489233 0.01 0.01
0 0.859264 0.522857 0.01 0.01
0 0.853461 0.512530 0.01 0.01
0 0.860473 0.490914 0.01 0.01
0 0.859506 0.483709 0.01 0.01
0 0.854186 0.480826 0.01 0.01
0 0.847173 0.479385 0.01 0.01
0 0.833389 0.474102 0.01 0.01
0 0.852251 0.458970 0.01 0.01
0 0.846931 0.454647 0.01 0.01
0 0.842095 0.450324 0.01 0.01
0 0.832905 0.455128 0.01 0.01
0 0.868696 0.458730 0.01 0.01
0 0.878369 0.453446 0.01 0.01
0 0.881271 0.424865 0.01 0.01
0 0.870388 0.473861 0.01 0.01
0 0.875950 0.494276 0.01 0.01
0 0.875467 0.484429 0.01 0.01
0 0.889976 0.481547 0.01 0.01
0 0.890702 0.489473 0.01 0.01
0 0.883447 0.497879 0.01 0.01
0 0.885865 0.514932 0.01 0.01
0 0.900617 0.508687 0.01 0.01
0 0.901342 0.497399 0.01 0.01
0 0.903519 0.482027 0.01 0.01
0 0.904002 0.469298 0.01 0.01
0 0.906662 0.460652 0.01 0.01
0 0.888767 0.467136 0.01 0.01
0 0.890944 0.456088 0.01 0.01
0 0.893604 0.452005 0.01 0.01
0 0.909564 0.453686 0.01 0.01
0 0.919237 0.443359 0.01 0.01
0 0.911015 0.443119 0.01 0.01
0 0.912708 0.411175 0.01 0.01
0 0.922623 0.410455 0.01 0.01
0 0.933747 0.415498 0.01 0.01
0 0.950675 0.423184 0.01 0.01
0 0.965184 0.424865 0.01 0.01
0 0.981629 0.426787 0.01 0.01
0 0.975583 0.447682 0.01 0.01
0 0.983080 0.451765 0.01 0.01
0 0.733278 0.506766 0.01 0.01
0 0.744402 0.470259 0.01 0.01
0 0.732310 0.438796 0.01 0.01
0 0.719252 0.441678 0.01 0.01
0 0.722153 0.425826 0.01 0.01
0 0.732794 0.425586 0.01 0.01
0 0.753591 0.460171 0.01 0.01
0 0.766408 0.462093 0.01 0.01
0 0.777774 0.452486 0.01 0.01
0 0.779708 0.474582 0.01 0.01
0 0.793009 0.469778 0.01 0.01
0 0.796152 0.462813 0.01 0.01
0 0.784061 0.439756 0.01 0.01
0 0.787930 0.417180 0.01 0.01
0 0.803649 0.417420 0.01 0.01
0 0.806793 0.443119 0.01 0.01
0 0.799296 0.442879 0.01 0.01
0 0.818159 0.412376 0.01 0.01
0 0.826381 0.433512 0.01 0.01
0 0.836296 0.429909 0.01 0.01
0 0.855884 0.420542 0.01 0.01
0 0.858060 0.410214 0.01 0.01
0 0.863380 0.412136 0.01 0.01
0 0.872328 0.409254 0.01 0.01
0 0.821544 0.459211 0.01 0.01
0 0.815982 0.470019 0.01 0.01
0 0.803891 0.482027 0.01 0.01
0 0.802440 0.456088 0.01 0.01
0 0.811387 0.475302 0.01 0.01
0 0.890172 0.383795 0.01 0.01
0 0.899362 0.385716 0.01 0.01
0 0.900087 0.403009 0.01 0.01
0 0.904682 0.391000 0.01 0.01
0 0.929107 0.388599 0.01 0.01
0 0.938780 0.395564 0.01 0.01
0 0.922819 0.401328 0.01 0.01
0 0.947969 0.388839 0.01 0.01
0 0.955949 0.388599 0.01 0.01
0 0.948453 0.399887 0.01 0.01
0 0.951838 0.405171 0.01 0.01
0 0.963446 0.408533 0.01 0.01
0 0.968041 0.389079 0.01 0.01
0 0.976263 0.408533 0.01 0.01
0 0.963930 0.397725 0.01 0.01
0 0.982067 0.400127 0.01 0.01
0 0.987387 0.397245 0.01 0.01
0 0.986661 0.408053 0.01 0.01
0 0.989321 0.419101 0.01 0.01
0 1.003831 0.386677 0.01 0.01
0 1.015922 0.378991 0.01 0.01
0 1.012295 0.414057 0.01 0.01
0 1.000445 0.414057 0.01 0.01
0 0.998511 0.407332 0.01 0.01
0 1.022935 0.425346 0.01 0.01
0 1.023177 0.410214 0.01 0.01
0 1.018824 0.402289 0.01 0.01
0 1.013746 0.386677 0.01 0.01
0 1.029706 0.429429 0.01 0.01
0 1.038957 0.421022 0.01 0.01
0 1.028316 0.415018 0.01 0.01
0 1.022512 0.380673 0.01 0.01
0 1.026623 0.370345 0.01 0.01
0 1.034604 0.366983 0.01 0.01
0 1.042100 0.367703 0.01 0.01
0 1.044519 0.405411 0.01 0.01
0 1.044277 0.416939 0.01 0.01
0 0.935944 0.303336 0.01 0.01
0 0.941506 0.306938 0.01 0.01
0 0.924578 0.307659 0.01 0.01
0 0.949486 0.308379 0.01 0.01
0 0.962061 0.312462 0.01 0.01
0 0.952872 0.314144 0.01 0.01
0 0.942232 0.323030 0.01 0.01
0 0.964722 0.328074 0.01 0.01
0 0.963754 0.333598 0.01 0.01
0 0.977538 0.328794 0.01 0.01
0 0.974636 0.324231 0.01 0.01
0 0.973185 0.303816 0.01 0.01
0 0.980198 0.310541 0.01 0.01
0 0.990355 0.321349 0.01 0.01
0 0.992048 0.305978 0.01 0.01
0 0.985035 0.297812 0.01 0.01
0 0.979957 0.294209 0.01 0.01
0 0.977296 0.299493 0.01 0.01
0 0.980682 0.346808 0.01 0.01
0 0.973427 0.339362 0.01 0.01
0 1.003414 0.364581 0.01 0.01
0 0.994224 0.345126 0.01 0.01
0 1.003172 0.348249 0.01 0.01
0 1.007767 0.323991 0.01 0.01
0 0.993499 0.335760 0.01 0.01
0 1.014780 0.338161 0.01 0.01
0 1.021309 0.353292 0.01 0.01
0 1.023485 0.343926 0.01 0.01
0 1.000754 0.309100 0.01 0.01
0 0.999545 0.302375 0.01 0.01
0 0.994950 0.295410 0.01 0.01
0 0.986970 0.291327 0.01 0.01
0 1.011636 0.300934 0.01 0.01
0 1.011636 0.309820 0.01 0.01
0 1.021551 0.296130 0.01 0.01
0 1.018649 0.314864 0.01 0.01
0 1.004623 0.288445 0.01 0.01
0 1.083011 0.322910 0.01 0.01
0 1.079021 0.329755 0.01 0.01
0 1.088089 0.320028 0.01 0.01
0 1.088814 0.327113 0.01 0.01
0 1.090870 0.344886 0.01 0.01
0 1.091112 0.334559 0.01 0.01
0 1.099697 0.321109 0.01 0.01
0 1.110216 0.322430 0.01 0.01
0 1.106347 0.338161 0.01 0.01
0 1.108644 0.333238 0.01 0.01
0 1.104775 0.327233 0.01 0.01
0 1.116866 0.326513 0.01 0.01
0 1.119889 0.319908 0.01 0.01
0 1.115294 0.336720 0.01 0.01
0 1.125572 0.333238 0.01 0.01
0 1.128595 0.322550 0.01 0.01
0 1.130530 0.329875 0.01 0.01
0 1.141895 0.336720 0.01 0.01
0 1.139598 0.323871 0.01 0.01
0 1.150480 0.340323 0.01 0.01
0 1.124363 0.343565 0.01 0.01
0 1.125088 0.336480 0.01 0.01
0 1.138449 0.331677 0.01 0.01
0 1.153926 0.331677 0.01 0.01
0 1.156103 0.328314 0.01 0.01
0 1.164567 0.329515 0.01 0.01
0 1.164808 0.334319 0.01 0.01
0 1.164325 0.320388 0.01 0.01
0 1.162632 0.315585 0.01 0.01
0 1.156586 0.319187 0.01 0.01
0 1.154168 0.307419 0.01 0.01
0 1.177142 0.320148 0.01 0.01
0 1.128051 0.308620 0.01 0.01
0 1.122972 0.309820 0.01 0.01
0 1.116927 0.310541 0.01 0.01
0 1.113299 0.311262 0.01 0.01
0 1.099032 0.310541 0.01 0.01
0 1.089842 0.313183 0.01 0.01
0 1.086215 0.313663 0.01 0.01
0 1.073156 0.313183 0.01 0.01
0 1.063483 0.319668 0.01 0.01
0 1.069287 0.322310 0.01 0.01
0 1.065901 0.330956 0.01 0.01
0 1.061549 0.325192 0.01 0.01
0 1.048490 0.321829 0.01 0.01
0 1.056228 0.323030 0.01 0.01
0 1.048006 0.316786 0.01 0.01
0 1.046072 0.314144 0.01 0.01
0 1.049699 0.311262 0.01 0.01
0 1.032529 0.300934 0.01 0.01
0 1.037608 0.310541 0.01 0.01
0 1.040993 0.303336 0.01 0.01
0 1.038575 0.293969 0.01 0.01
0 1.036399 0.286763 0.01 0.01
0 1.033739 0.283881 0.01 0.01
0 1.043170 0.291327 0.01 0.01
0 1.049215 0.286523 0.01 0.01
0 1.049215 0.294689 0.01 0.01
0 1.052359 0.303095 0.01 0.01
0 1.056228 0.298532 0.01 0.01
0 1.063483 0.293488 0.01 0.01
0 1.056954 0.283161 0.01 0.01
0 1.076784 0.291327 0.01 0.01
0 1.067836 0.284362 0.01 0.01
0 1.073882 0.304056 0.01 0.01
0 1.086457 0.303816 0.01 0.01
0 1.081620 0.296611 0.01 0.01
0 1.081862 0.292528 0.01 0.01
0 1.078476 0.283881 0.01 0.01
0 1.076058 0.278117 0.01 0.01
0 1.086457 0.277877 0.01 0.01
0 1.089359 0.295890 0.01 0.01
0 1.091777 0.290366 0.01 0.01
0 1.093711 0.285082 0.01 0.01
0 1.099032 0.278838 0.01 0.01
0 1.104352 0.286043 0.01 0.01
0 1.103143 0.292528 0.01 0.01
0 1.094437 0.295170 0.01 0.01
0 1.115234 0.299973 0.01 0.01
0 1.120071 0.301174 0.01 0.01
0 1.103626 0.300934 0.01 0.01
0 1.106770 0.310541 0.01 0.01
0 1.099515 0.303095 0.01 0.01
0 1.110639 0.287484 0.01 0.01
0 1.112816 0.292768 0.01 0.01
0 1.105077 0.282440 0.01 0.01
0 1.117652 0.285322 0.01 0.01
0 1.120071 0.290606 0.01 0.01
0 1.129018 0.285563 0.01 0.01
0 1.120796 0.280279 0.01 0.01
0 1.132887 0.298532 0.01 0.01
0 1.125149 0.297812 0.01 0.01
0 1.144011 0.307419 0.01 0.01
0 1.136031 0.307178 0.01 0.01
0 1.141593 0.292047 0.01 0.01
0 1.138933 0.299973 0.01 0.01
0 1.150541 0.302855 0.01 0.01
0 1.155861 0.297331 0.01 0.01
0 1.162148 0.308860 0.01 0.01
0 1.167227 0.303095 0.01 0.01
0 1.161907 0.290846 0.01 0.01
0 1.177625 0.295650 0.01 0.01
0 1.122489 0.349690 0.01 0.01
0 1.126822 0.278597 0.01 0.01
0 1.139397 0.287244 0.01 0.01
0 1.142299 0.278357 0.01 0.01
0 1.148828 0.280279 0.01 0.01
0 1.147619 0.292288 0.01 0.01
0 1.145443 0.285803 0.01 0.01
0 1.158501 0.279318 0.01 0.01
0 1.157776 0.286283 0.01 0.01
0 1.164063 0.285803 0.01 0.01
0 1.165998 0.280759 0.01 0.01
0 1.173978 0.289405 0.01 0.01
0 1.180991 0.285563 0.01 0.01
0 1.174704 0.279558 0.01 0.01
0 1.026948 0.290366 0.01 0.01
0 1.019209 0.291567 0.01 0.01
0 1.016307 0.279558 0.01 0.01
0 1.010262 0.283641 0.01 0.01
0 1.025980 0.282200 0.01 0.01
0 1.056209 0.275715 0.01 0.01
0 1.092241 0.264667 0.01 0.01
0 1.106509 0.266348 0.01 0.01
0 1.079908 0.264187 0.01 0.01
0 0.869519 0.420542 0.01 0.01
0 0.896120 0.412136 0.01 0.01
0 0.922720 0.436154 0.01 0.01
0 0.827924 0.423184 0.01 0.01
0 0.755014 0.512530 0.01 0.01
0 0.775146 0.516493 0.01 0.01
0 1.052962 0.601636 0.01 0.01
