0 0.080835 0.542749 0.01 0.01
0 0.055946 0.496633 0.01 0.01
0 0.048835 0.385779 0.01 0.01
0 0.053280 0.407950 0.01 0.01
0 0.117280 0.440763 0.01 0.01
0 0.142168 0.493973 0.01 0.01
0 0.141280 0.438102 0.01 0.01
0 0.159946 0.407063 0.01 0.01
0 0.117280 0.362721 0.01 0.01
0 0.094168 0.345871 0.01 0.01
0 0.078168 0.357400 0.01 0.01
0 0.089724 0.321927 0.01 0.01
0 0.127946 0.384005 0.01 0.01
0 0.151946 0.375137 0.01 0.01
0 0.157280 0.360061 0.01 0.01
0 0.163502 0.328135 0.01 0.01
0 0.139502 0.337890 0.01 0.01
0 0.135946 0.351192 0.01 0.01
0 0.212391 0.415931 0.01 0.01
0 0.192835 0.410610 0.01 0.01
0 0.185724 0.399081 0.01 0.01
0 0.219502 0.484218 0.01 0.01
0 0.232835 0.441650 0.01 0.01
0 0.244391 0.415044 0.01 0.01
0 0.225724 0.376911 0.01 0.01
0 0.210613 0.378684 0.01 0.01
0 0.188391 0.375137 0.01 0.01
0 0.225724 0.344984 0.01 0.01
0 0.249724 0.358287 0.01 0.01
0 0.266613 0.395534 0.01 0.01
0 0.250613 0.396421 0.01 0.01
0 0.280835 0.448744 0.01 0.01
0 0.288835 0.417705 0.01 0.01
0 0.295946 0.396421 0.01 0.01
0 0.309280 0.424800 0.01 0.01
0 0.303057 0.463820 0.01 0.01
0 0.331502 0.462047 0.01 0.01
0 0.355502 0.456726 0.01 0.01
0 0.344835 0.426573 0.01 0.01
0 0.327946 0.397308 0.01 0.01
0 0.367057 0.415931 0.01 0.01
0 0.391057 0.405289 0.01 0.01
0 0.394613 0.441650 0.01 0.01
0 0.367946 0.505502 0.01 0.01
0 0.431946 0.486878 0.01 0.01
0 0.446168 0.467368 0.01 0.01
0 0.325280 0.485991 0.01 0.01
0 0.463946 0.505502 0.01 0.01
0 0.485280 0.488652 0.01 0.01
0 0.519946 0.517031 0.01 0.01
0 0.495057 0.458499 0.01 0.01
0 0.471946 0.450518 0.01 0.01
0 0.467502 0.424800 0.01 0.01
0 0.462168 0.410610 0.01 0.01
0 0.422168 0.407950 0.01 0.01
0 0.414168 0.381345 0.01 0.01
0 0.396391 0.374250 0.01 0.01
0 0.389280 0.387553 0.01 0.01
0 0.370613 0.388439 0.01 0.01
0 0.546613 0.499294 0.01 0.01
0 0.514613 0.478010 0.01 0.01
0 0.541280 0.453178 0.01 0.01
0 0.572391 0.454065 0.01 0.01
0 0.534168 0.423913 0.01 0.01
0 0.526168 0.401742 0.01 0.01
0 0.493280 0.405289 0.01 0.01
0 0.487946 0.388439 0.01 0.01
0 0.475502 0.398195 0.01 0.01
0 0.513724 0.379571 0.01 0.01
0 0.539502 0.389326 0.01 0.01
0 0.568835 0.391100 0.01 0.01
0 0.551946 0.360061 0.01 0.01
0 0.564391 0.360061 0.01 0.01
0 0.579502 0.376024 0.01 0.01
0 0.579502 0.363608 0.01 0.01
0 0.586613 0.340550 0.01 0.01
0 0.596391 0.351192 0.01 0.01
0 0.607057 0.381345 0.01 0.01
0 0.618613 0.399081 0.01 0.01
0 0.602613 0.413271 0.01 0.01
0 0.591057 0.392874 0.01 0.01
0 0.617724 0.453178 0.01 0.01
0 0.613280 0.425686 0.01 0.01
0 0.643502 0.487765 0.01 0.01
0 0.664835 0.502841 0.01 0.01
0 0.676391 0.536541 0.01 0.01
0 0.573280 0.532107 0.01 0.01
0 0.694168 0.468255 0.01 0.01
0 0.659502 0.445197 0.01 0.01
0 0.644391 0.423026 0.01 0.01
0 0.656835 0.399968 0.01 0.01
0 0.618613 0.368042 0.01 0.01
0 0.617724 0.360947 0.01 0.01
0 0.637280 0.350305 0.01 0.01
0 0.657724 0.360061 0.01 0.01
0 0.695057 0.374250 0.01 0.01
0 0.676391 0.374250 0.01 0.01
0 0.687946 0.396421 0.01 0.01
0 0.651502 0.385779 0.01 0.01
0 0.679946 0.440763 0.01 0.01
0 0.696835 0.525012 0.01 0.01
0 0.735057 0.546296 0.01 0.01
0 0.738613 0.486878 0.01 0.01
0 0.753724 0.463820 0.01 0.01
0 0.759946 0.434555 0.01 0.01
0 0.723502 0.406176 0.01 0.01
0 0.720835 0.385779 0.01 0.01
0 0.695946 0.352966 0.01 0.01
0 0.735946 0.365382 0.01 0.01
0 0.743057 0.379571 0.01 0.01
0 0.757280 0.367155 0.01 0.01
0 0.778613 0.368929 0.01 0.01
0 0.781280 0.340550 0.01 0.01
0 0.798168 0.368929 0.01 0.01
0 0.797280 0.411497 0.01 0.01
0 0.775057 0.412384 0.01 0.01
0 0.787502 0.460273 0.01 0.01
0 0.793724 0.502841 0.01 0.01
0 0.777724 0.526786 0.01 0.01
0 0.007946 0.339663 0.01 0.01
0 0.057946 0.360470 0.01 0.01
0 0.038835 0.380868 0.01 0.01
0 0.015280 0.378207 0.01 0.01
0 0.019724 0.319233 0.01 0.01
0 0.036168 0.324554 0.01 0.01
0 0.038835 0.302826 0.01 0.01
0 0.027724 0.300166 0.01 0.01
0 0.022835 0.293071 0.01 0.01
0 0.015280 0.289080 0.01 0.01
0 0.005946 0.300609 0.01 0.01
0 0.052613 0.307260 0.01 0.01
0 0.055280 0.327214 0.01 0.01
0 0.064613 0.321893 0.01 0.01
0 0.076168 0.332092 0.01 0.01
0 0.039280 0.344507 0.01 0.01
0 0.059280 0.341847 0.01 0.01
0 0.067724 0.341403 0.01 0.01
0 0.113057 0.332092 0.01 0.01
0 0.104168 0.321006 0.01 0.01
0 0.098391 0.309921 0.01 0.01
0 0.069057 0.304600 0.01 0.01
0 0.056613 0.300609 0.01 0.01
0 0.048168 0.292184 0.01 0.01
0 0.049057 0.281099 0.01 0.01
0 0.029057 0.284646 0.01 0.01
0 0.027724 0.274891 0.01 0.01
0 0.042391 0.271343 0.01 0.01
0 0.041946 0.283759 0.01 0.01
0 0.051280 0.275334 0.01 0.01
0 0.057502 0.285089 0.01 0.01
0 0.062391 0.281985 0.01 0.01
0 0.073946 0.284203 0.01 0.01
0 0.073502 0.272230 0.01 0.01
0 0.077057 0.281099 0.01 0.01
0 0.088613 0.279325 0.01 0.01
0 0.077057 0.293071 0.01 0.01
0 0.097057 0.277551 0.01 0.01
0 0.093946 0.284646 0.01 0.01
0 0.090391 0.289524 0.01 0.01
0 0.110391 0.289967 0.01 0.01
0 0.106391 0.307704 0.01 0.01
0 0.111724 0.304156 0.01 0.01
0 0.129057 0.314798 0.01 0.01
0 0.134391 0.325884 0.01 0.01
0 0.142391 0.317459 0.01 0.01
0 0.125502 0.301939 0.01 0.01
0 0.122391 0.290854 0.01 0.01
0 0.115724 0.284203 0.01 0.01
0 0.138391 0.297062 0.01 0.01
0 0.144168 0.292627 0.01 0.01
0 0.143280 0.305487 0.01 0.01
0 0.150835 0.313468 0.01 0.01
0 0.155280 0.299279 0.01 0.01
0 0.161502 0.309921 0.01 0.01
0 0.167724 0.309477 0.01 0.01
0 0.165946 0.297505 0.01 0.01
0 0.174835 0.312138 0.01 0.01
0 0.175280 0.326771 0.01 0.01
0 0.181057 0.331648 0.01 0.01
0 0.176168 0.349828 0.01 0.01
0 0.186835 0.340073 0.01 0.01
0 0.197502 0.344507 0.01 0.01
0 0.195724 0.323667 0.01 0.01
0 0.205502 0.334309 0.01 0.01
0 0.212613 0.351159 0.01 0.01
0 0.220613 0.355149 0.01 0.01
0 0.223724 0.326771 0.01 0.01
0 0.211280 0.318789 0.01 0.01
0 0.201057 0.309921 0.01 0.01
0 0.197057 0.296618 0.01 0.01
0 0.184168 0.309034 0.01 0.01
0 0.182835 0.299279 0.01 0.01
0 0.175280 0.289524 0.01 0.01
0 0.178835 0.283316 0.01 0.01
0 0.188613 0.282429 0.01 0.01
0 0.206391 0.281099 0.01 0.01
0 0.222391 0.285089 0.01 0.01
0 0.215724 0.289080 0.01 0.01
0 0.229946 0.289967 0.01 0.01
0 0.228168 0.303269 0.01 0.01
0 0.213057 0.306817 0.01 0.01
0 0.209502 0.296618 0.01 0.01
0 0.200168 0.292627 0.01 0.01
0 0.198835 0.288193 0.01 0.01
0 0.252613 0.321450 0.01 0.01
0 0.243280 0.335639 0.01 0.01
0 0.228168 0.318346 0.01 0.01
0 0.237057 0.304600 0.01 0.01
0 0.245057 0.303269 0.01 0.01
0 0.242835 0.294401 0.01 0.01
0 0.240168 0.313912 0.01 0.01
0 0.254391 0.341847 0.01 0.01
0 0.258391 0.349385 0.01 0.01
0 0.285502 0.358253 0.01 0.01
0 0.271280 0.368009 0.01 0.01
0 0.284168 0.344507 0.01 0.01
0 0.274391 0.332535 0.01 0.01
0 0.272613 0.322780 0.01 0.01
0 0.273502 0.308147 0.01 0.01
0 0.299280 0.332979 0.01 0.01
0 0.285502 0.317902 0.01 0.01
0 0.309946 0.324554 0.01 0.01
0 0.313057 0.340073 0.01 0.01
0 0.303724 0.364018 0.01 0.01
0 0.297502 0.348942 0.01 0.01
0 0.329502 0.357366 0.01 0.01
0 0.311280 0.371112 0.01 0.01
0 0.297946 0.375990 0.01 0.01
0 0.335280 0.367565 0.01 0.01
0 0.341502 0.346281 0.01 0.01
0 0.329946 0.335639 0.01 0.01
0 0.324613 0.341847 0.01 0.01
0 0.326835 0.314798 0.01 0.01
0 0.314391 0.291741 0.01 0.01
0 0.313057 0.308147 0.01 0.01
0 0.305502 0.297062 0.01 0.01
0 0.327724 0.301939 0.01 0.01
0 0.326835 0.292184 0.01 0.01
0 0.343280 0.303713 0.01 0.01
0 0.348168 0.317015 0.01 0.01
0 0.357502 0.322780 0.01 0.01
0 0.357502 0.309477 0.01 0.01
0 0.345057 0.329875 0.01 0.01
0 0.337502 0.319233 0.01 0.01
0 0.357946 0.335196 0.01 0.01
0 0.372168 0.337856 0.01 0.01
0 0.389057 0.327214 0.01 0.01
0 0.387280 0.364461 0.01 0.01
0 0.379280 0.345394 0.01 0.01
0 0.388168 0.347168 0.01 0.01
0 0.366391 0.372443 0.01 0.01
0 0.349502 0.361357 0.01 0.01
0 0.399280 0.337413 0.01 0.01
0 0.376613 0.317902 0.01 0.01
0 0.371724 0.306373 0.01 0.01
0 0.365946 0.299722 0.01 0.01
0 0.355724 0.301052 0.01 0.01
0 0.351280 0.296618 0.01 0.01
0 0.338391 0.297062 0.01 0.01
0 0.340168 0.284646 0.01 0.01
0 0.338391 0.277995 0.01 0.01
0 0.329502 0.280212 0.01 0.01
0 0.348168 0.285089 0.01 0.01
0 0.346391 0.276221 0.01 0.01
0 0.356168 0.275334 0.01 0.01
0 0.358391 0.286863 0.01 0.01
0 0.365502 0.277995 0.01 0.01
0 0.377502 0.281542 0.01 0.01
0 0.376168 0.295288 0.01 0.01
0 0.388168 0.293958 0.01 0.01
0 0.391724 0.286863 0.01 0.01
0 0.386391 0.281542 0.01 0.01
0 0.389057 0.276221 0.01 0.01
0 0.398391 0.287750 0.01 0.01
0 0.397946 0.306817 0.01 0.01
0 0.395724 0.300166 0.01 0.01
0 0.383724 0.306373 0.01 0.01
0 0.318391 0.282429 0.01 0.01
0 0.304168 0.289524 0.01 0.01
0 0.300613 0.293958 0.01 0.01
0 0.292168 0.295288 0.01 0.01
0 0.284613 0.302383 0.01 0.01
0 0.265946 0.300609 0.01 0.01
0 0.262835 0.291297 0.01 0.01
0 0.258835 0.286863 0.01 0.01
0 0.252613 0.289524 0.01 0.01
0 0.253057 0.309477 0.01 0.01
0 0.265057 0.275334 0.01 0.01
0 0.275280 0.286863 0.01 0.01
0 0.280613 0.278882 0.01 0.01
0 0.290391 0.276221 0.01 0.01
0 0.297946 0.277108 0.01 0.01
0 0.308168 0.274004 0.01 0.01
0 0.021502 0.267900 0.01 0.01
0 0.024168 0.259031 0.01 0.01
0 0.019280 0.252824 0.01 0.01
0 0.017057 0.237747 0.01 0.01
0 0.013946 0.257258 0.01 0.01
0 0.010391 0.268343 0.01 0.01
0 0.008613 0.280759 0.01 0.01
0 0.019280 0.277655 0.01 0.01
0 0.043280 0.267013 0.01 0.01
0 0.053057 0.263909 0.01 0.01
0 0.043724 0.256814 0.01 0.01
0 0.037057 0.250163 0.01 0.01
0 0.026391 0.246616 0.01 0.01
0 0.023280 0.231539 0.01 0.01
0 0.018835 0.226218 0.01 0.01
0 0.013946 0.224888 0.01 0.01
0 0.073057 0.261248 0.01 0.01
0 0.005057 0.194454 0.01 0.01
0 0.009057 0.185586 0.01 0.01
0 0.003724 0.179378 0.01 0.01
0 0.002391 0.205096 0.01 0.01
0 0.008613 0.205540 0.01 0.01
0 0.012168 0.203766 0.01 0.01
0 0.021502 0.211304 0.01 0.01
0 0.028168 0.203323 0.01 0.01
0 0.025057 0.212635 0.01 0.01
0 0.019724 0.198002 0.01 0.01
0 0.024168 0.190464 0.01 0.01
0 0.030835 0.192681 0.01 0.01
0 0.033502 0.189133 0.01 0.01
0 0.036613 0.192681 0.01 0.01
0 0.037057 0.202879 0.01 0.01
0 0.038835 0.213078 0.01 0.01
0 0.043280 0.213965 0.01 0.01
0 0.035280 0.227267 0.01 0.01
0 0.029946 0.225050 0.01 0.01
0 0.021946 0.222390 0.01 0.01
0 0.040168 0.221503 0.01 0.01
0 0.046391 0.222833 0.01 0.01
0 0.025502 0.238796 0.01 0.01
0 0.035724 0.245004 0.01 0.01
0 0.043280 0.246778 0.01 0.01
0 0.054835 0.246334 0.01 0.01
0 0.053946 0.227711 0.01 0.01
0 0.059280 0.224607 0.01 0.01
0 0.057946 0.211304 0.01 0.01
0 0.048168 0.209087 0.01 0.01
0 0.066391 0.228154 0.01 0.01
0 0.068613 0.217956 0.01 0.01
0 0.074835 0.231258 0.01 0.01
0 0.075724 0.217069 0.01 0.01
0 0.081057 0.237466 0.01 0.01
0 0.068613 0.240570 0.01 0.01
0 0.074835 0.246778 0.01 0.01
0 0.081946 0.252099 0.01 0.01
0 0.089502 0.251655 0.01 0.01
0 0.095280 0.249882 0.01 0.01
0 0.088168 0.232145 0.01 0.01
0 0.041502 0.187360 0.01 0.01
0 0.044613 0.189133 0.01 0.01
0 0.042835 0.198445 0.01 0.01
0 0.046835 0.203766 0.01 0.01
0 0.053057 0.196672 0.01 0.01
0 0.049502 0.189577 0.01 0.01
0 0.057057 0.191350 0.01 0.01
0 0.062391 0.193124 0.01 0.01
0 0.069057 0.192237 0.01 0.01
0 0.073946 0.197558 0.01 0.01
0 0.065057 0.210417 0.01 0.01
0 0.073057 0.211304 0.01 0.01
0 0.076168 0.205540 0.01 0.01
0 0.080168 0.196672 0.01 0.01
0 0.089057 0.194011 0.01 0.01
0 0.084168 0.205983 0.01 0.01
0 0.087280 0.210417 0.01 0.01
0 0.093502 0.206427 0.01 0.01
0 0.095724 0.195341 0.01 0.01
0 0.099280 0.207314 0.01 0.01
0 0.104613 0.209087 0.01 0.01
0 0.100613 0.194898 0.01 0.01
0 0.105057 0.196228 0.01 0.01
0 0.111280 0.196228 0.01 0.01
0 0.108613 0.208200 0.01 0.01
0 0.116168 0.208200 0.01 0.01
0 0.122391 0.209087 0.01 0.01
0 0.117502 0.197115 0.01 0.01
0 0.121502 0.197115 0.01 0.01
0 0.126835 0.206427 0.01 0.01
0 0.130391 0.210417 0.01 0.01
0 0.133057 0.209531 0.01 0.01
0 0.137946 0.210861 0.01 0.01
0 0.143724 0.207757 0.01 0.01
0 0.139724 0.198002 0.01 0.01
0 0.133946 0.196672 0.01 0.01
0 0.130835 0.195785 0.01 0.01
0 0.127724 0.193568 0.01 0.01
0 0.144613 0.197115 0.01 0.01
0 0.147724 0.196228 0.01 0.01
0 0.154391 0.197558 0.01 0.01
0 0.161502 0.198002 0.01 0.01
0 0.167724 0.198002 0.01 0.01
0 0.148613 0.210861 0.01 0.01
0 0.158835 0.208644 0.01 0.01
0 0.167280 0.208644 0.01 0.01
0 0.173946 0.202436 0.01 0.01
0 0.177946 0.196672 0.01 0.01
0 0.181502 0.201106 0.01 0.01
0 0.184613 0.197558 0.01 0.01
0 0.190391 0.199332 0.01 0.01
0 0.197057 0.204210 0.01 0.01
0 0.204613 0.202436 0.01 0.01
0 0.208168 0.203323 0.01 0.01
0 0.213057 0.205540 0.01 0.01
0 0.217057 0.204210 0.01 0.01
0 0.220168 0.200219 0.01 0.01
0 0.223724 0.201993 0.01 0.01
0 0.229946 0.201993 0.01 0.01
0 0.234835 0.203323 0.01 0.01
0 0.240168 0.205540 0.01 0.01
0 0.242835 0.201993 0.01 0.01
0 0.249502 0.202436 0.01 0.01
0 0.253057 0.202436 0.01 0.01
0 0.263280 0.202879 0.01 0.01
0 0.260168 0.201106 0.01 0.01
0 0.272168 0.201106 0.01 0.01
0 0.281946 0.203323 0.01 0.01
0 0.285057 0.203766 0.01 0.01
0 0.289946 0.204210 0.01 0.01
0 0.295280 0.203766 0.01 0.01
0 0.096168 0.217069 0.01 0.01
0 0.089946 0.219286 0.01 0.01
0 0.093946 0.233032 0.01 0.01
0 0.105502 0.224607 0.01 0.01
0 0.115280 0.222833 0.01 0.01
0 0.121057 0.225050 0.01 0.01
0 0.125502 0.225937 0.01 0.01
0 0.130391 0.222833 0.01 0.01
0 0.134835 0.224163 0.01 0.01
0 0.112613 0.246778 0.01 0.01
0 0.105502 0.258750 0.01 0.01
0 0.102391 0.275600 0.01 0.01
0 0.107280 0.269392 0.01 0.01
0 0.119724 0.268505 0.01 0.01
0 0.121946 0.260080 0.01 0.01
0 0.121502 0.251655 0.01 0.01
0 0.111724 0.262741 0.01 0.01
0 0.159280 0.230371 0.01 0.01
0 0.152613 0.225494 0.01 0.01
0 0.150835 0.245004 0.01 0.01
0 0.143724 0.248108 0.01 0.01
0 0.131724 0.246778 0.01 0.01
0 0.137502 0.244117 0.01 0.01
0 0.146835 0.271166 0.01 0.01
0 0.153946 0.275156 0.01 0.01
0 0.145057 0.284912 0.01 0.01
0 0.161502 0.273826 0.01 0.01
0 0.170391 0.273383 0.01 0.01
0 0.165057 0.263184 0.01 0.01
0 0.164613 0.249438 0.01 0.01
0 0.173057 0.257420 0.01 0.01
0 0.175724 0.246334 0.01 0.01
0 0.164168 0.236136 0.01 0.01
0 0.177946 0.239683 0.01 0.01
0 0.166391 0.229041 0.01 0.01
0 0.175280 0.224607 0.01 0.01
0 0.181946 0.227711 0.01 0.01
0 0.192613 0.228154 0.01 0.01
0 0.207280 0.228598 0.01 0.01
0 0.212613 0.230815 0.01 0.01
0 0.221057 0.224607 0.01 0.01
0 0.222391 0.233475 0.01 0.01
0 0.225946 0.245004 0.01 0.01
0 0.186391 0.245891 0.01 0.01
0 0.183724 0.256976 0.01 0.01
0 0.193946 0.269392 0.01 0.01
0 0.179280 0.274270 0.01 0.01
0 0.190835 0.263184 0.01 0.01
0 0.184613 0.263184 0.01 0.01
0 0.195280 0.250768 0.01 0.01
0 0.204613 0.248995 0.01 0.01
0 0.212168 0.250768 0.01 0.01
0 0.213057 0.269835 0.01 0.01
0 0.205057 0.269835 0.01 0.01
0 0.224613 0.255646 0.01 0.01
0 0.220168 0.264958 0.01 0.01
0 0.228168 0.270722 0.01 0.01
0 0.237502 0.274270 0.01 0.01
0 0.249946 0.268062 0.01 0.01
0 0.244613 0.264958 0.01 0.01
0 0.241502 0.258750 0.01 0.01
0 0.235280 0.252099 0.01 0.01
0 0.233057 0.243674 0.01 0.01
0 0.248168 0.237909 0.01 0.01
0 0.249502 0.256976 0.01 0.01
0 0.255280 0.260967 0.01 0.01
0 0.262835 0.257863 0.01 0.01
0 0.266835 0.260967 0.01 0.01
0 0.248613 0.279591 0.01 0.01
0 0.243724 0.272939 0.01 0.01
0 0.252168 0.274270 0.01 0.01
0 0.274391 0.256976 0.01 0.01
0 0.267280 0.248108 0.01 0.01
0 0.270835 0.246778 0.01 0.01
0 0.269502 0.241013 0.01 0.01
0 0.270835 0.222390 0.01 0.01
0 0.262391 0.222833 0.01 0.01
0 0.254391 0.223720 0.01 0.01
0 0.279724 0.213078 0.01 0.01
0 0.276168 0.228154 0.01 0.01
0 0.283280 0.246778 0.01 0.01
0 0.290835 0.257420 0.01 0.01
0 0.286835 0.264071 0.01 0.01
0 0.277057 0.265845 0.01 0.01
0 0.306835 0.262297 0.01 0.01
0 0.313057 0.264514 0.01 0.01
0 0.303280 0.257420 0.01 0.01
0 0.307280 0.249882 0.01 0.01
0 0.300168 0.245891 0.01 0.01
0 0.296613 0.234362 0.01 0.01
0 0.290391 0.235692 0.01 0.01
0 0.287724 0.245891 0.01 0.01
0 0.289502 0.222390 0.01 0.01
0 0.295280 0.222833 0.01 0.01
0 0.302835 0.221946 0.01 0.01
0 0.304168 0.236579 0.01 0.01
0 0.310835 0.238353 0.01 0.01
0 0.308613 0.225494 0.01 0.01
0 0.315724 0.225494 0.01 0.01
0 0.321057 0.236579 0.01 0.01
0 0.325946 0.244561 0.01 0.01
0 0.322835 0.229484 0.01 0.01
0 0.331280 0.229041 0.01 0.01
0 0.325502 0.219729 0.01 0.01
0 0.323280 0.201549 0.01 0.01
0 0.332613 0.201549 0.01 0.01
0 0.338835 0.201549 0.01 0.01
0 0.346835 0.201549 0.01 0.01
0 0.353502 0.201549 0.01 0.01
0 0.365502 0.201549 0.01 0.01
0 0.376613 0.201993 0.01 0.01
0 0.386835 0.202436 0.01 0.01
0 0.397502 0.203766 0.01 0.01
0 0.390835 0.206427 0.01 0.01
0 0.358391 0.222833 0.01 0.01
0 0.350391 0.224607 0.01 0.01
0 0.345502 0.223277 0.01 0.01
0 0.339280 0.224163 0.01 0.01
0 0.331280 0.224607 0.01 0.01
0 0.336168 0.223277 0.01 0.01
0 0.337502 0.237466 0.01 0.01
0 0.329057 0.242344 0.01 0.01
0 0.339724 0.252099 0.01 0.01
0 0.342835 0.247221 0.01 0.01
0 0.345946 0.240570 0.01 0.01
0 0.350391 0.236136 0.01 0.01
0 0.359724 0.233919 0.01 0.01
0 0.359724 0.242787 0.01 0.01
0 0.363724 0.249438 0.01 0.01
0 0.368168 0.245004 0.01 0.01
0 0.373057 0.244561 0.01 0.01
0 0.373057 0.234362 0.01 0.01
0 0.368168 0.229484 0.01 0.01
0 0.369946 0.224607 0.01 0.01
0 0.374835 0.224163 0.01 0.01
0 0.380168 0.224607 0.01 0.01
0 0.383724 0.223277 0.01 0.01
0 0.387280 0.229484 0.01 0.01
0 0.393502 0.230371 0.01 0.01
0 0.400168 0.228154 0.01 0.01
0 0.391280 0.240126 0.01 0.01
0 0.385057 0.239683 0.01 0.01
0 0.376613 0.238353 0.01 0.01
0 0.381946 0.247665 0.01 0.01
0 0.390835 0.250325 0.01 0.01
0 0.396613 0.248995 0.01 0.01
0 0.400613 0.242787 0.01 0.01
0 0.373502 0.262297 0.01 0.01
0 0.364613 0.257863 0.01 0.01
0 0.351280 0.250768 0.01 0.01
0 0.347724 0.256090 0.01 0.01
0 0.335280 0.258750 0.01 0.01
0 0.327280 0.257420 0.01 0.01
0 0.317057 0.254759 0.01 0.01
0 0.324613 0.267618 0.01 0.01
0 0.331724 0.267618 0.01 0.01
0 0.341946 0.267175 0.01 0.01
0 0.359280 0.266732 0.01 0.01
0 0.351280 0.260524 0.01 0.01
0 0.355724 0.259193 0.01 0.01
0 0.369502 0.267175 0.01 0.01
0 0.377057 0.254316 0.01 0.01
0 0.378391 0.262297 0.01 0.01
0 0.382391 0.257863 0.01 0.01
0 0.390835 0.259193 0.01 0.01
0 0.397502 0.261411 0.01 0.01
0 0.389057 0.271166 0.01 0.01
0 0.405946 0.273151 0.01 0.01
0 0.410391 0.280689 0.01 0.01
0 0.414391 0.293991 0.01 0.01
0 0.419280 0.307294 0.01 0.01
0 0.408613 0.313502 0.01 0.01
0 0.395280 0.315719 0.01 0.01
0 0.418835 0.327691 0.01 0.01
0 0.427280 0.341880 0.01 0.01
0 0.419724 0.351636 0.01 0.01
0 0.448168 0.348975 0.01 0.01
0 0.446835 0.319710 0.01 0.01
0 0.435724 0.317049 0.01 0.01
0 0.431724 0.307294 0.01 0.01
0 0.426391 0.298869 0.01 0.01
0 0.435724 0.290444 0.01 0.01
0 0.437057 0.298869 0.01 0.01
0 0.430835 0.275368 0.01 0.01
0 0.422835 0.285123 0.01 0.01
0 0.420168 0.275368 0.01 0.01
0 0.418391 0.260735 0.01 0.01
0 0.428168 0.260735 0.01 0.01
0 0.432168 0.260292 0.01 0.01
0 0.430391 0.248763 0.01 0.01
0 0.428613 0.242555 0.01 0.01
0 0.425502 0.238121 0.01 0.01
0 0.417502 0.242998 0.01 0.01
0 0.416613 0.256301 0.01 0.01
0 0.408613 0.247432 0.01 0.01
0 0.423724 0.234130 0.01 0.01
0 0.419724 0.230139 0.01 0.01
0 0.423724 0.221271 0.01 0.01
0 0.428168 0.215506 0.01 0.01
0 0.433502 0.231026 0.01 0.01
0 0.437502 0.240781 0.01 0.01
0 0.444168 0.247876 0.01 0.01
0 0.445057 0.259405 0.01 0.01
0 0.451724 0.249206 0.01 0.01
0 0.445502 0.237677 0.01 0.01
0 0.451724 0.235904 0.01 0.01
0 0.450391 0.218167 0.01 0.01
0 0.446391 0.210629 0.01 0.01
0 0.438391 0.211516 0.01 0.01
0 0.432168 0.211959 0.01 0.01
0 0.455280 0.210629 0.01 0.01
0 0.464613 0.212402 0.01 0.01
0 0.470835 0.208855 0.01 0.01
0 0.475724 0.211959 0.01 0.01
0 0.481057 0.212846 0.01 0.01
0 0.463280 0.240338 0.01 0.01
0 0.468168 0.240338 0.01 0.01
0 0.472168 0.229252 0.01 0.01
0 0.466391 0.221271 0.01 0.01
0 0.473057 0.245215 0.01 0.01
0 0.462835 0.256744 0.01 0.01
0 0.463280 0.267830 0.01 0.01
0 0.446835 0.270934 0.01 0.01
0 0.435724 0.273594 0.01 0.01
0 0.451280 0.281132 0.01 0.01
0 0.441946 0.279802 0.01 0.01
0 0.450391 0.291774 0.01 0.01
0 0.445057 0.301973 0.01 0.01
0 0.459280 0.291774 0.01 0.01
0 0.463724 0.284236 0.01 0.01
0 0.470835 0.280245 0.01 0.01
0 0.456613 0.278472 0.01 0.01
0 0.470835 0.273151 0.01 0.01
0 0.474391 0.265169 0.01 0.01
0 0.466391 0.296652 0.01 0.01
0 0.465502 0.307294 0.01 0.01
0 0.460168 0.310841 0.01 0.01
0 0.464613 0.321040 0.01 0.01
0 0.457057 0.325917 0.01 0.01
0 0.459280 0.341437 0.01 0.01
0 0.479724 0.339220 0.01 0.01
0 0.483724 0.322814 0.01 0.01
0 0.477946 0.293548 0.01 0.01
0 0.483724 0.277585 0.01 0.01
0 0.478391 0.281576 0.01 0.01
0 0.490835 0.297095 0.01 0.01
0 0.485057 0.301086 0.01 0.01
0 0.476168 0.307737 0.01 0.01
0 0.499724 0.321040 0.01 0.01
0 0.492613 0.336559 0.01 0.01
0 0.485946 0.348088 0.01 0.01
0 0.497502 0.354296 0.01 0.01
0 0.476613 0.352523 0.01 0.01
0 0.520613 0.344984 0.01 0.01
0 0.504168 0.308624 0.01 0.01
0 0.504168 0.298426 0.01 0.01
0 0.504613 0.285566 0.01 0.01
0 0.502835 0.274924 0.01 0.01
0 0.479280 0.266056 0.01 0.01
0 0.490835 0.270490 0.01 0.01
0 0.497057 0.270934 0.01 0.01
0 0.489502 0.255857 0.01 0.01
0 0.489946 0.237677 0.01 0.01
0 0.481946 0.232800 0.01 0.01
0 0.479280 0.225705 0.01 0.01
0 0.488168 0.211959 0.01 0.01
0 0.497502 0.212402 0.01 0.01
0 0.502835 0.213289 0.01 0.01
0 0.507280 0.215506 0.01 0.01
0 0.516168 0.214176 0.01 0.01
0 0.522391 0.211072 0.01 0.01
0 0.525502 0.213289 0.01 0.01
0 0.533502 0.214620 0.01 0.01
0 0.539280 0.215063 0.01 0.01
0 0.514391 0.235904 0.01 0.01
0 0.509057 0.239008 0.01 0.01
0 0.497502 0.235904 0.01 0.01
0 0.490391 0.231026 0.01 0.01
0 0.506391 0.223931 0.01 0.01
0 0.507724 0.251423 0.01 0.01
0 0.511724 0.265169 0.01 0.01
0 0.495280 0.262952 0.01 0.01
0 0.514835 0.270490 0.01 0.01
0 0.518391 0.261622 0.01 0.01
0 0.516168 0.248319 0.01 0.01
0 0.525057 0.236347 0.01 0.01
0 0.530391 0.231469 0.01 0.01
0 0.533502 0.241225 0.01 0.01
0 0.537057 0.231026 0.01 0.01
0 0.545946 0.239451 0.01 0.01
0 0.543724 0.229252 0.01 0.01
0 0.551724 0.226148 0.01 0.01
0 0.556168 0.215506 0.01 0.01
0 0.544168 0.213289 0.01 0.01
0 0.567724 0.212846 0.01 0.01
0 0.573946 0.215063 0.01 0.01
0 0.580168 0.214620 0.01 0.01
0 0.587724 0.213733 0.01 0.01
0 0.594835 0.214176 0.01 0.01
0 0.602835 0.214176 0.01 0.01
0 0.609057 0.213733 0.01 0.01
0 0.619280 0.213289 0.01 0.01
0 0.625502 0.213289 0.01 0.01
0 0.635280 0.212846 0.01 0.01
0 0.643280 0.215506 0.01 0.01
0 0.653057 0.215063 0.01 0.01
0 0.661946 0.213289 0.01 0.01
0 0.670835 0.212846 0.01 0.01
0 0.680613 0.212402 0.01 0.01
0 0.559280 0.226592 0.01 0.01
0 0.569502 0.227922 0.01 0.01
0 0.578391 0.228809 0.01 0.01
0 0.584168 0.230583 0.01 0.01
0 0.593946 0.233243 0.01 0.01
0 0.605057 0.229252 0.01 0.01
0 0.612168 0.232356 0.01 0.01
0 0.616613 0.225262 0.01 0.01
0 0.622835 0.231026 0.01 0.01
0 0.627280 0.228365 0.01 0.01
0 0.631280 0.226148 0.01 0.01
0 0.634391 0.228365 0.01 0.01
0 0.644168 0.227479 0.01 0.01
0 0.652168 0.230583 0.01 0.01
0 0.660613 0.229252 0.01 0.01
0 0.665946 0.228809 0.01 0.01
0 0.673057 0.227922 0.01 0.01
0 0.680168 0.227479 0.01 0.01
0 0.687724 0.226592 0.01 0.01
0 0.525502 0.246546 0.01 0.01
0 0.525946 0.258074 0.01 0.01
0 0.530391 0.250980 0.01 0.01
0 0.534835 0.246989 0.01 0.01
0 0.543724 0.252310 0.01 0.01
0 0.548168 0.261622 0.01 0.01
0 0.549057 0.270490 0.01 0.01
0 0.538835 0.262952 0.01 0.01
0 0.529057 0.274038 0.01 0.01
0 0.529057 0.280689 0.01 0.01
0 0.534391 0.291331 0.01 0.01
0 0.517502 0.285566 0.01 0.01
0 0.522391 0.273594 0.01 0.01
0 0.528613 0.262952 0.01 0.01
0 0.551280 0.276698 0.01 0.01
0 0.558391 0.273594 0.01 0.01
0 0.558835 0.264282 0.01 0.01
0 0.566391 0.272707 0.01 0.01
0 0.557057 0.257631 0.01 0.01
0 0.569057 0.253640 0.01 0.01
0 0.569946 0.262952 0.01 0.01
0 0.574391 0.254084 0.01 0.01
0 0.568168 0.242555 0.01 0.01
0 0.580613 0.246989 0.01 0.01
0 0.583724 0.255857 0.01 0.01
0 0.585057 0.247432 0.01 0.01
0 0.592168 0.252753 0.01 0.01
0 0.594391 0.245659 0.01 0.01
0 0.601946 0.258961 0.01 0.01
0 0.599280 0.249206 0.01 0.01
0 0.609057 0.249206 0.01 0.01
0 0.612168 0.245215 0.01 0.01
0 0.614391 0.241225 0.01 0.01
0 0.625946 0.258518 0.01 0.01
0 0.625946 0.248319 0.01 0.01
0 0.637057 0.241668 0.01 0.01
0 0.643280 0.252753 0.01 0.01
0 0.637946 0.251867 0.01 0.01
0 0.653057 0.244772 0.01 0.01
0 0.665502 0.242998 0.01 0.01
0 0.659724 0.258074 0.01 0.01
0 0.659724 0.250980 0.01 0.01
0 0.665502 0.255857 0.01 0.01
0 0.665946 0.266056 0.01 0.01
0 0.671280 0.269160 0.01 0.01
0 0.659280 0.266943 0.01 0.01
0 0.682391 0.260735 0.01 0.01
0 0.672168 0.246989 0.01 0.01
0 0.681057 0.246102 0.01 0.01
0 0.677057 0.240781 0.01 0.01
0 0.671724 0.237234 0.01 0.01
0 0.692168 0.258074 0.01 0.01
0 0.697057 0.274038 0.01 0.01
0 0.711724 0.265613 0.01 0.01
0 0.698835 0.272264 0.01 0.01
0 0.678391 0.277585 0.01 0.01
0 0.670835 0.285123 0.01 0.01
0 0.673057 0.279802 0.01 0.01
0 0.645502 0.272264 0.01 0.01
0 0.658835 0.278915 0.01 0.01
0 0.646391 0.280245 0.01 0.01
0 0.625946 0.293105 0.01 0.01
0 0.619280 0.286010 0.01 0.01
0 0.612168 0.264282 0.01 0.01
0 0.594835 0.271820 0.01 0.01
0 0.588613 0.271377 0.01 0.01
0 0.581502 0.274481 0.01 0.01
0 0.569502 0.275811 0.01 0.01
0 0.565946 0.281132 0.01 0.01
0 0.556168 0.287783 0.01 0.01
0 0.541057 0.297539 0.01 0.01
0 0.553057 0.299756 0.01 0.01
0 0.541057 0.307737 0.01 0.01
0 0.547280 0.312615 0.01 0.01
0 0.517946 0.296652 0.01 0.01
0 0.524168 0.293991 0.01 0.01
0 0.530835 0.298426 0.01 0.01
0 0.530391 0.289557 0.01 0.01
0 0.533946 0.285123 0.01 0.01
0 0.537946 0.280245 0.01 0.01
0 0.522835 0.309511 0.01 0.01
0 0.531280 0.305964 0.01 0.01
0 0.527280 0.318823 0.01 0.01
0 0.536168 0.327691 0.01 0.01
0 0.513502 0.328135 0.01 0.01
0 0.524613 0.332569 0.01 0.01
0 0.539724 0.353853 0.01 0.01
0 0.530835 0.358287 0.01 0.01
0 0.562391 0.338333 0.01 0.01
0 0.561057 0.323257 0.01 0.01
0 0.573502 0.325031 0.01 0.01
0 0.569057 0.311728 0.01 0.01
0 0.560613 0.309511 0.01 0.01
0 0.585946 0.325917 0.01 0.01
0 0.581946 0.313058 0.01 0.01
0 0.570835 0.298426 0.01 0.01
0 0.579280 0.299756 0.01 0.01
0 0.577057 0.288227 0.01 0.01
0 0.585946 0.286897 0.01 0.01
0 0.599280 0.295322 0.01 0.01
0 0.605946 0.315719 0.01 0.01
0 0.594835 0.305964 0.01 0.01
0 0.597946 0.286453 0.01 0.01
0 0.609946 0.283349 0.01 0.01
0 0.617946 0.296652 0.01 0.01
0 0.608613 0.293548 0.01 0.01
0 0.611280 0.310398 0.01 0.01
0 0.620168 0.308624 0.01 0.01
0 0.612613 0.325474 0.01 0.01
0 0.607280 0.331238 0.01 0.01
0 0.604613 0.349419 0.01 0.01
0 0.608613 0.344098 0.01 0.01
0 0.623280 0.343211 0.01 0.01
0 0.627724 0.325031 0.01 0.01
0 0.630835 0.304633 0.01 0.01
0 0.636168 0.326361 0.01 0.01
0 0.640168 0.311728 0.01 0.01
0 0.647724 0.308624 0.01 0.01
0 0.649502 0.336116 0.01 0.01
0 0.626391 0.331682 0.01 0.01
0 0.670835 0.337446 0.01 0.01
0 0.655724 0.328578 0.01 0.01
0 0.665502 0.322370 0.01 0.01
0 0.653502 0.315275 0.01 0.01
0 0.657946 0.309511 0.01 0.01
0 0.660168 0.304633 0.01 0.01
0 0.664613 0.294435 0.01 0.01
0 0.649946 0.297539 0.01 0.01
0 0.654391 0.285123 0.01 0.01
0 0.634835 0.262509 0.01 0.01
0 0.637946 0.271377 0.01 0.01
0 0.685502 0.296652 0.01 0.01
0 0.684168 0.287340 0.01 0.01
0 0.689057 0.281132 0.01 0.01
0 0.698835 0.299312 0.01 0.01
0 0.692613 0.302416 0.01 0.01
0 0.695724 0.311728 0.01 0.01
0 0.686835 0.315719 0.01 0.01
0 0.684168 0.328135 0.01 0.01
0 0.683280 0.344541 0.01 0.01
0 0.669946 0.360947 0.01 0.01
0 0.706391 0.329465 0.01 0.01
0 0.707724 0.314832 0.01 0.01
0 0.709946 0.310841 0.01 0.01
0 0.706391 0.257325 0.01 0.01
0 0.713946 0.255108 0.01 0.01
0 0.728613 0.326942 0.01 0.01
0 0.729057 0.336697 0.01 0.01
0 0.730391 0.307875 0.01 0.01
0 0.721057 0.314082 0.01 0.01
0 0.714391 0.299893 0.01 0.01
0 0.712613 0.291468 0.01 0.01
0 0.749946 0.302997 0.01 0.01
0 0.759280 0.310092 0.01 0.01
0 0.760613 0.322507 0.01 0.01
0 0.748613 0.313639 0.01 0.01
0 0.748613 0.325611 0.01 0.01
0 0.745946 0.336253 0.01 0.01
0 0.741502 0.346895 0.01 0.01
0 0.732613 0.356207 0.01 0.01
0 0.754835 0.356651 0.01 0.01
0 0.756613 0.340688 0.01 0.01
0 0.765057 0.335810 0.01 0.01
0 0.772613 0.326055 0.01 0.01
0 0.772613 0.314082 0.01 0.01
0 0.768613 0.302554 0.01 0.01
0 0.765502 0.293685 0.01 0.01
0 0.756613 0.282600 0.01 0.01
0 0.756613 0.270184 0.01 0.01
0 0.723724 0.265306 0.01 0.01
0 0.728168 0.256438 0.01 0.01
0 0.723280 0.215644 0.01 0.01
0 0.713946 0.217417 0.01 0.01
0 0.707280 0.216974 0.01 0.01
0 0.687280 0.236041 0.01 0.01
0 0.724613 0.232494 0.01 0.01
0 0.733057 0.232937 0.01 0.01
0 0.739280 0.222295 0.01 0.01
0 0.733502 0.219191 0.01 0.01
0 0.748168 0.220965 0.01 0.01
0 0.757057 0.221408 0.01 0.01
0 0.767724 0.218748 0.01 0.01
0 0.775280 0.230720 0.01 0.01
0 0.762391 0.235154 0.01 0.01
0 0.764168 0.231163 0.01 0.01
0 0.754391 0.260429 0.01 0.01
0 0.744613 0.261316 0.01 0.01
0 0.761057 0.261316 0.01 0.01
0 0.771280 0.266193 0.01 0.01
0 0.777502 0.265306 0.01 0.01
0 0.773057 0.256882 0.01 0.01
0 0.748168 0.275949 0.01 0.01
0 0.748168 0.268410 0.01 0.01
0 0.742391 0.271071 0.01 0.01
0 0.734391 0.272401 0.01 0.01
0 0.728613 0.269741 0.01 0.01
0 0.772168 0.289251 0.01 0.01
0 0.777502 0.279496 0.01 0.01
0 0.769946 0.280826 0.01 0.01
0 0.763280 0.272845 0.01 0.01
0 0.785502 0.276392 0.01 0.01
0 0.777946 0.293242 0.01 0.01
0 0.776613 0.305658 0.01 0.01
0 0.783280 0.322064 0.01 0.01
0 0.797502 0.343791 0.01 0.01
0 0.793057 0.334480 0.01 0.01
0 0.797057 0.327828 0.01 0.01
0 0.795280 0.316743 0.01 0.01
0 0.787724 0.303884 0.01 0.01
0 0.787724 0.292798 0.01 0.01
0 0.795724 0.281270 0.01 0.01
0 0.805946 0.293242 0.01 0.01
0 0.796613 0.294129 0.01 0.01
0 0.801946 0.315413 0.01 0.01
0 0.810835 0.331376 0.01 0.01
0 0.823724 0.341131 0.01 0.01
0 0.816613 0.356651 0.01 0.01
0 0.820613 0.326942 0.01 0.01
0 0.825946 0.313196 0.01 0.01
0 0.818391 0.305214 0.01 0.01
0 0.814835 0.295459 0.01 0.01
0 0.829502 0.297233 0.01 0.01
0 0.837946 0.298119 0.01 0.01
0 0.840168 0.309205 0.01 0.01
0 0.843280 0.322064 0.01 0.01
0 0.846391 0.304327 0.01 0.01
0 0.847280 0.296346 0.01 0.01
0 0.843280 0.286591 0.01 0.01
0 0.833502 0.280826 0.01 0.01
0 0.819724 0.280826 0.01 0.01
0 0.813946 0.279939 0.01 0.01
0 0.809057 0.269741 0.01 0.01
0 0.802835 0.275062 0.01 0.01
0 0.793502 0.270184 0.01 0.01
0 0.789946 0.259542 0.01 0.01
0 0.802835 0.262203 0.01 0.01
0 0.805502 0.248457 0.01 0.01
0 0.804168 0.244466 0.01 0.01
0 0.801057 0.232494 0.01 0.01
0 0.795280 0.219634 0.01 0.01
0 0.786835 0.218748 0.01 0.01
0 0.779280 0.219191 0.01 0.01
0 0.775724 0.219191 0.01 0.01
0 0.846835 0.347339 0.01 0.01
0 0.865502 0.346009 0.01 0.01
0 0.860168 0.328272 0.01 0.01
0 0.861057 0.315856 0.01 0.01
0 0.864168 0.303440 0.01 0.01
0 0.844613 0.275949 0.01 0.01
0 0.841502 0.267524 0.01 0.01
0 0.839280 0.259542 0.01 0.01
0 0.829946 0.257768 0.01 0.01
0 0.822835 0.248900 0.01 0.01
0 0.813946 0.256882 0.01 0.01
0 0.808168 0.232494 0.01 0.01
0 0.811724 0.228503 0.01 0.01
0 0.801057 0.218304 0.01 0.01
0 0.811280 0.218304 0.01 0.01
0 0.817946 0.216531 0.01 0.01
0 0.813946 0.213870 0.01 0.01
0 0.824613 0.216087 0.01 0.01
0 0.827724 0.226729 0.01 0.01
0 0.818835 0.227173 0.01 0.01
0 0.835280 0.228059 0.01 0.01
0 0.831280 0.217417 0.01 0.01
0 0.836168 0.216531 0.01 0.01
0 0.841502 0.216531 0.01 0.01
0 0.847724 0.217861 0.01 0.01
0 0.845502 0.232937 0.01 0.01
0 0.840168 0.235597 0.01 0.01
0 0.833057 0.242692 0.01 0.01
0 0.837946 0.246240 0.01 0.01
0 0.858391 0.243136 0.01 0.01
0 0.858391 0.235154 0.01 0.01
0 0.850835 0.231607 0.01 0.01
0 0.845057 0.244466 0.01 0.01
0 0.854391 0.273731 0.01 0.01
0 0.853946 0.268410 0.01 0.01
0 0.857502 0.283487 0.01 0.01
0 0.867724 0.281713 0.01 0.01
0 0.871724 0.289694 0.01 0.01
0 0.866391 0.296346 0.01 0.01
0 0.857502 0.291025 0.01 0.01
0 0.869057 0.274175 0.01 0.01
0 0.876613 0.272845 0.01 0.01
0 0.884168 0.272845 0.01 0.01
0 0.883724 0.262646 0.01 0.01
0 0.875280 0.255995 0.01 0.01
0 0.876613 0.244022 0.01 0.01
0 0.868168 0.240032 0.01 0.01
0 0.871280 0.231163 0.01 0.01
0 0.861057 0.223182 0.01 0.01
0 0.858835 0.215200 0.01 0.01
0 0.864613 0.215644 0.01 0.01
0 0.867724 0.211209 0.01 0.01
0 0.874835 0.211653 0.01 0.01
0 0.877946 0.217417 0.01 0.01
0 0.879280 0.226286 0.01 0.01
0 0.884613 0.226286 0.01 0.01
0 0.889946 0.226286 0.01 0.01
0 0.885502 0.215644 0.01 0.01
0 0.887724 0.209436 0.01 0.01
0 0.897502 0.207219 0.01 0.01
0 0.899724 0.216974 0.01 0.01
0 0.900168 0.232937 0.01 0.01
0 0.895724 0.223182 0.01 0.01
0 0.893946 0.218748 0.01 0.01
0 0.905502 0.215200 0.01 0.01
0 0.907280 0.220965 0.01 0.01
0 0.911280 0.210323 0.01 0.01
0 0.915724 0.214313 0.01 0.01
0 0.921502 0.215644 0.01 0.01
0 0.919724 0.226286 0.01 0.01
0 0.920168 0.233380 0.01 0.01
0 0.904613 0.242249 0.01 0.01
0 0.928168 0.223182 0.01 0.01
0 0.934835 0.224069 0.01 0.01
0 0.912168 0.231163 0.01 0.01
0 0.913502 0.258655 0.01 0.01
0 0.874835 0.251117 0.01 0.01
0 0.885057 0.252004 0.01 0.01
0 0.888613 0.248013 0.01 0.01
0 0.896168 0.269297 0.01 0.01
0 0.896613 0.273731 0.01 0.01
0 0.893946 0.280826 0.01 0.01
0 0.882835 0.282600 0.01 0.01
0 0.878391 0.296346 0.01 0.01
0 0.897057 0.295902 0.01 0.01
0 0.901946 0.302997 0.01 0.01
0 0.894391 0.309205 0.01 0.01
0 0.876613 0.312752 0.01 0.01
0 0.872613 0.326055 0.01 0.01
0 0.881057 0.343791 0.01 0.01
0 0.897946 0.343348 0.01 0.01
0 0.898391 0.328715 0.01 0.01
0 0.908168 0.316300 0.01 0.01
0 0.916613 0.305214 0.01 0.01
0 0.899280 0.318960 0.01 0.01
0 0.925057 0.323838 0.01 0.01
0 0.912613 0.321177 0.01 0.01
0 0.933057 0.307875 0.01 0.01
0 0.917057 0.289694 0.01 0.01
0 0.915724 0.279052 0.01 0.01
0 0.905946 0.271514 0.01 0.01
0 0.913057 0.271958 0.01 0.01
0 0.925946 0.265306 0.01 0.01
0 0.936168 0.283043 0.01 0.01
0 0.933502 0.294129 0.01 0.01
0 0.929057 0.289251 0.01 0.01
0 0.944168 0.300780 0.01 0.01
0 0.944168 0.291468 0.01 0.01
0 0.947724 0.275949 0.01 0.01
0 0.944613 0.264420 0.01 0.01
0 0.936613 0.250674 0.01 0.01
0 0.936168 0.237371 0.01 0.01
0 0.940168 0.228059 0.01 0.01
0 0.944168 0.217861 0.01 0.01
0 0.948613 0.225399 0.01 0.01
0 0.934391 0.216087 0.01 0.01
0 0.944168 0.211209 0.01 0.01
0 0.927280 0.212983 0.01 0.01
0 0.955280 0.218304 0.01 0.01
0 0.952168 0.212983 0.01 0.01
0 0.958835 0.213870 0.01 0.01
0 0.955280 0.211653 0.01 0.01
0 0.951280 0.236041 0.01 0.01
0 0.948613 0.248457 0.01 0.01
0 0.959724 0.238701 0.01 0.01
0 0.961946 0.229390 0.01 0.01
0 0.966391 0.237815 0.01 0.01
0 0.973946 0.239145 0.01 0.01
0 0.970391 0.227616 0.01 0.01
0 0.968168 0.215644 0.01 0.01
0 0.975724 0.212540 0.01 0.01
0 0.981946 0.219191 0.01 0.01
0 0.985502 0.231163 0.01 0.01
0 0.975280 0.232937 0.01 0.01
0 0.989946 0.216974 0.01 0.01
0 0.982835 0.244909 0.01 0.01
0 0.989946 0.246240 0.01 0.01
0 0.980168 0.255108 0.01 0.01
0 0.969946 0.252004 0.01 0.01
0 0.968168 0.273731 0.01 0.01
0 0.951280 0.264863 0.01 0.01
0 0.950835 0.255995 0.01 0.01
0 0.964168 0.263533 0.01 0.01
0 0.976168 0.278166 0.01 0.01
0 0.953057 0.285260 0.01 0.01
0 0.954835 0.291025 0.01 0.01
0 0.958391 0.297676 0.01 0.01
0 0.958391 0.306988 0.01 0.01
0 0.969057 0.306101 0.01 0.01
0 0.973057 0.297233 0.01 0.01
0 0.978835 0.299450 0.01 0.01
0 0.985057 0.292355 0.01 0.01
0 0.983724 0.278166 0.01 0.01
0 0.983724 0.269297 0.01 0.01
0 0.980168 0.314526 0.01 0.01
0 0.976168 0.328272 0.01 0.01
0 0.976168 0.339801 0.01 0.01
0 0.957502 0.346009 0.01 0.01
0 0.975724 0.353990 0.01 0.01
0 0.988168 0.356651 0.01 0.01
0 0.989057 0.340688 0.01 0.01
0 0.991280 0.330489 0.01 0.01
0 0.901057 0.279052 0.01 0.01
0 0.898835 0.284817 0.01 0.01
0 0.817946 0.267967 0.01 0.01
0 0.803724 0.372860 0.01 0.01
0 0.819280 0.373303 0.01 0.01
0 0.826835 0.362218 0.01 0.01
0 0.828168 0.393701 0.01 0.01
0 0.842391 0.398135 0.01 0.01
0 0.800613 0.393257 0.01 0.01
0 0.871724 0.406116 0.01 0.01
0 0.892168 0.387049 0.01 0.01
0 0.886391 0.360888 0.01 0.01
0 0.908168 0.376407 0.01 0.01
0 0.917946 0.359557 0.01 0.01
0 0.917502 0.342264 0.01 0.01
0 0.933057 0.342708 0.01 0.01
0 0.944613 0.338717 0.01 0.01
0 0.940168 0.322754 0.01 0.01
0 0.953057 0.324527 0.01 0.01
0 0.949057 0.367096 0.01 0.01
0 0.930391 0.364435 0.01 0.01
0 0.917946 0.391927 0.01 0.01
0 0.937502 0.396805 0.01 0.01
0 0.932168 0.418975 0.01 0.01
0 0.951724 0.426514 0.01 0.01
0 0.972168 0.407890 0.01 0.01
0 0.969946 0.387049 0.01 0.01
0 0.969946 0.372860 0.01 0.01
0 0.992613 0.379068 0.01 0.01
0 0.989057 0.418532 0.01 0.01
0 0.977057 0.439816 0.01 0.01
0 0.873057 0.439816 0.01 0.01
0 0.808168 0.445229 0.01 0.01
0 0.843724 0.447446 0.01 0.01
0 0.856613 0.482476 0.01 0.01
0 0.856168 0.503761 0.01 0.01
0 0.826391 0.506421 0.01 0.01
0 0.878835 0.503317 0.01 0.01
0 0.906391 0.510412 0.01 0.01
0 0.930835 0.504647 0.01 0.01
0 0.947724 0.487354 0.01 0.01
0 0.919724 0.457645 0.01 0.01
0 0.996168 0.499326 0.01 0.01
0 0.968613 0.513516 0.01 0.01
0 0.999724 0.454985 0.01 0.01
0 1.005057 0.411530 0.01 0.01
0 1.020613 0.405765 0.01 0.01
0 1.008613 0.375169 0.01 0.01
0 1.015280 0.365414 0.01 0.01
0 0.785502 0.580427 0.01 0.01
0 0.817946 0.539189 0.01 0.01
0 0.865946 0.579983 0.01 0.01
0 0.946835 0.555152 0.01 0.01
0 1.013057 0.558256 0.01 0.01
0 1.037946 0.514357 0.01 0.01
0 1.089057 0.541239 0.01 0.01
0 1.041502 0.442800 0.01 0.01
0 1.046835 0.413534 0.01 0.01
0 1.061502 0.431271 0.01 0.01
0 1.067724 0.449451 0.01 0.01
0 1.089502 0.463640 0.01 0.01
0 1.050835 0.481377 0.01 0.01
0 1.111724 0.472952 0.01 0.01
0 1.108613 0.497340 0.01 0.01
0 1.130835 0.519511 0.01 0.01
0 1.176168 0.492463 0.01 0.01
0 1.175280 0.525719 0.01 0.01
0 1.148168 0.470735 0.01 0.01
0 1.126835 0.442800 0.01 0.01
0 1.101946 0.439252 0.01 0.01
0 1.141057 0.453885 0.01 0.01
0 1.145502 0.429054 0.01 0.01
0 1.157057 0.409543 0.01 0.01
0 1.183724 0.435705 0.01 0.01
0 1.199280 0.452998 0.01 0.01
0 1.193502 0.475169 0.01 0.01
0 1.237502 0.485811 0.01 0.01
0 1.233057 0.516851 0.01 0.01
0 1.236168 0.463640 0.01 0.01
0 1.213502 0.423289 0.01 0.01
0 1.236613 0.428167 0.01 0.01
0 1.264168 0.430384 0.01 0.01
0 1.269057 0.468518 0.01 0.01
0 1.280168 0.442800 0.01 0.01
0 1.241057 0.398901 0.01 0.01
0 1.177946 0.413091 0.01 0.01
0 1.014391 0.349084 0.01 0.01
0 1.041502 0.353962 0.01 0.01
0 1.034391 0.347754 0.01 0.01
0 1.032613 0.333564 0.01 0.01
0 1.024168 0.329130 0.01 0.01
0 1.004168 0.331347 0.01 0.01
0 1.005502 0.340659 0.01 0.01
0 1.036613 0.377463 0.01 0.01
0 1.052613 0.373029 0.01 0.01
0 1.054391 0.385888 0.01 0.01
0 1.072613 0.373029 0.01 0.01
0 1.067280 0.403624 0.01 0.01
0 1.081057 0.393869 0.01 0.01
0 1.100168 0.380567 0.01 0.01
0 1.077057 0.360613 0.01 0.01
0 1.077502 0.348641 0.01 0.01
0 1.067724 0.347754 0.01 0.01
0 1.056168 0.355292 0.01 0.01
0 1.054835 0.336225 0.01 0.01
0 1.060613 0.331791 0.01 0.01
0 1.064168 0.326026 0.01 0.01
0 1.070391 0.322479 0.01 0.01
0 1.044613 0.322479 0.01 0.01
0 1.079280 0.330904 0.01 0.01
0 1.089057 0.325139 0.01 0.01
0 1.095724 0.348197 0.01 0.01
0 1.106391 0.340216 0.01 0.01
0 1.115724 0.330904 0.01 0.01
0 1.122391 0.335781 0.01 0.01
0 1.122835 0.345537 0.01 0.01
0 1.111724 0.358839 0.01 0.01
0 1.132168 0.373472 0.01 0.01
0 1.130835 0.358839 0.01 0.01
0 1.112168 0.394756 0.01 0.01
0 1.105057 0.412936 0.01 0.01
0 1.136613 0.389878 0.01 0.01
0 1.162835 0.383227 0.01 0.01
0 1.158835 0.361056 0.01 0.01
0 1.153946 0.347310 0.01 0.01
0 1.149502 0.331791 0.01 0.01
0 1.136613 0.335338 0.01 0.01
0 1.160613 0.327356 0.01 0.01
0 1.173502 0.334008 0.01 0.01
0 1.181946 0.329574 0.01 0.01
0 1.185502 0.339329 0.01 0.01
0 1.197502 0.335781 0.01 0.01
0 1.195280 0.346867 0.01 0.01
0 1.185502 0.369481 0.01 0.01
0 1.175724 0.365047 0.01 0.01
0 1.201057 0.376132 0.01 0.01
0 1.201502 0.356622 0.01 0.01
0 1.177946 0.390765 0.01 0.01
0 1.225502 0.348197 0.01 0.01
0 1.238391 0.354848 0.01 0.01
0 1.239724 0.376576 0.01 0.01
0 1.258835 0.381010 0.01 0.01
0 1.269502 0.341546 0.01 0.01
0 1.303724 0.377019 0.01 0.01
0 1.287280 0.412049 0.01 0.01
0 1.321946 0.437768 0.01 0.01
0 1.324613 0.458608 0.01 0.01
0 1.307280 0.421804 0.01 0.01
0 1.333946 0.400077 0.01 0.01
0 1.316613 0.381010 0.01 0.01
0 1.329946 0.381453 0.01 0.01
0 1.305946 0.349971 0.01 0.01
0 1.294835 0.344206 0.01 0.01
0 1.280613 0.346423 0.01 0.01
0 1.285946 0.328243 0.01 0.01
0 1.254835 0.348197 0.01 0.01
0 1.244613 0.344206 0.01 0.01
0 1.218391 0.334895 0.01 0.01
0 1.210835 0.328687 0.01 0.01
0 1.003280 0.294330 0.01 0.01
0 0.994835 0.287679 0.01 0.01
0 1.005502 0.284132 0.01 0.01
0 1.015280 0.303642 0.01 0.01
0 1.006391 0.303642 0.01 0.01
0 1.000168 0.316058 0.01 0.01
0 1.030835 0.310737 0.01 0.01
0 1.022391 0.303199 0.01 0.01
0 1.035724 0.298764 0.01 0.01
0 1.040168 0.309407 0.01 0.01
0 1.035724 0.319605 0.01 0.01
0 1.063724 0.313397 0.01 0.01
0 1.055280 0.302312 0.01 0.01
0 1.046391 0.301425 0.01 0.01
0 1.047280 0.286349 0.01 0.01
0 1.063280 0.296991 0.01 0.01
0 1.031280 0.284575 0.01 0.01
0 1.029057 0.273490 0.01 0.01
0 1.022391 0.273046 0.01 0.01
0 1.013502 0.273933 0.01 0.01
0 1.006391 0.270829 0.01 0.01
0 1.001057 0.278811 0.01 0.01
0 0.993502 0.273490 0.01 0.01
0 0.989946 0.266395 0.01 0.01
0 0.987280 0.277924 0.01 0.01
0 1.017502 0.265065 0.01 0.01
0 1.008168 0.261517 0.01 0.01
0 1.008613 0.249989 0.01 0.01
0 1.005057 0.243781 0.01 0.01
0 0.991724 0.239790 0.01 0.01
0 0.997057 0.221166 0.01 0.01
0 1.005057 0.230922 0.01 0.01
0 1.013946 0.234469 0.01 0.01
0 1.021502 0.249102 0.01 0.01
0 1.021946 0.234469 0.01 0.01
0 1.032613 0.241564 0.01 0.01
0 1.039280 0.270829 0.01 0.01
0 1.044168 0.261074 0.01 0.01
0 1.048168 0.275707 0.01 0.01
0 1.064168 0.287679 0.01 0.01
0 1.058391 0.263734 0.01 0.01
0 1.075280 0.301868 0.01 0.01
0 1.096168 0.312067 0.01 0.01
0 1.105057 0.312067 0.01 0.01
0 1.119280 0.311180 0.01 0.01
0 1.127280 0.312510 0.01 0.01
0 1.152168 0.308520 0.01 0.01
0 1.139280 0.310737 0.01 0.01
0 1.159724 0.313841 0.01 0.01
0 1.134835 0.317831 0.01 0.01
0 1.169502 0.305416 0.01 0.01
0 1.162391 0.299651 0.01 0.01
0 1.166835 0.290340 0.01 0.01
0 1.178391 0.294330 0.01 0.01
0 1.188168 0.298321 0.01 0.01
0 1.177946 0.306303 0.01 0.01
0 1.194391 0.311624 0.01 0.01
0 1.205946 0.302755 0.01 0.01
0 1.216168 0.285462 0.01 0.01
0 1.199280 0.298764 0.01 0.01
0 1.220613 0.318275 0.01 0.01
0 1.207724 0.316945 0.01 0.01
0 1.238835 0.317388 0.01 0.01
0 1.226391 0.314284 0.01 0.01
0 1.221946 0.303199 0.01 0.01
0 1.229502 0.289896 0.01 0.01
0 1.236613 0.286349 0.01 0.01
0 1.235280 0.303642 0.01 0.01
0 1.249502 0.304972 0.01 0.01
0 1.246835 0.287679 0.01 0.01
0 1.262835 0.284132 0.01 0.01
0 1.269946 0.281028 0.01 0.01
0 1.278391 0.285905 0.01 0.01
0 1.285057 0.289009 0.01 0.01
0 1.273502 0.294774 0.01 0.01
0 1.265502 0.313841 0.01 0.01
0 1.253502 0.320049 0.01 0.01
0 1.269057 0.301868 0.01 0.01
0 1.283280 0.303642 0.01 0.01
0 1.298391 0.309407 0.01 0.01
0 1.305057 0.314728 0.01 0.01
0 1.309502 0.292557 0.01 0.01
0 1.296613 0.324483 0.01 0.01
0 1.297946 0.329804 0.01 0.01
0 1.319280 0.327143 0.01 0.01
0 1.325946 0.313841 0.01 0.01
0 1.297946 0.289009 0.01 0.01
0 1.302835 0.286792 0.01 0.01
0 1.286391 0.266838 0.01 0.01
0 1.289502 0.276150 0.01 0.01
0 1.281057 0.258413 0.01 0.01
0 1.254835 0.265508 0.01 0.01
0 1.235724 0.262404 0.01 0.01
0 1.212168 0.273490 0.01 0.01
0 1.191724 0.285905 0.01 0.01
0 1.064946 0.281915 0.01 0.01
0 1.078502 0.295882 0.01 0.01
0 1.085613 0.298986 0.01 0.01
0 1.094946 0.291226 0.01 0.01
0 1.089613 0.281471 0.01 0.01
0 1.082057 0.273490 0.01 0.01
0 1.085835 0.269721 0.01 0.01
0 1.095613 0.275928 0.01 0.01
0 1.091835 0.270386 0.01 0.01
0 1.105168 0.289231 0.01 0.01
0 1.102724 0.283245 0.01 0.01
0 1.113391 0.278367 0.01 0.01
0 1.123168 0.293000 0.01 0.01
0 1.132057 0.297656 0.01 0.01
0 1.139613 0.296547 0.01 0.01
0 1.143391 0.289453 0.01 0.01
0 1.140280 0.276594 0.01 0.01
0 1.125168 0.276150 0.01 0.01
0 1.116502 0.271494 0.01 0.01
0 1.101835 0.266173 0.01 0.01
0 1.114724 0.260409 0.01 0.01
0 1.127835 0.263291 0.01 0.01
0 1.123835 0.267504 0.01 0.01
0 1.138502 0.261739 0.01 0.01
0 1.151168 0.272603 0.01 0.01
0 1.146502 0.266617 0.01 0.01
0 1.135835 0.281471 0.01 0.01
0 1.158057 0.267725 0.01 0.01
0 1.174057 0.269721 0.01 0.01
0 1.178724 0.280806 0.01 0.01
0 1.170280 0.293222 0.01 0.01
0 1.185613 0.258857 0.01 0.01
0 1.176946 0.260631 0.01 0.01
0 1.195613 0.272381 0.01 0.01
0 1.199168 0.269721 0.01 0.01
0 1.066280 0.250430 0.01 0.01
0 1.061613 0.240453 0.01 0.01
0 1.039391 0.246882 0.01 0.01
0 1.044057 0.238457 0.01 0.01
0 1.040280 0.225155 0.01 0.01
0 1.032280 0.230032 0.01 0.01
0 1.038057 0.216730 0.01 0.01
0 1.054502 0.236240 0.01 0.01
0 1.081613 0.235132 0.01 0.01
0 1.068724 0.236240 0.01 0.01
0 1.055613 0.211409 0.01 0.01
0 1.069168 0.223824 0.01 0.01
0 1.109168 0.229811 0.01 0.01
0 1.094280 0.228924 0.01 0.01
0 1.089391 0.240896 0.01 0.01
0 1.080502 0.251760 0.01 0.01
0 1.097168 0.256859 0.01 0.01
0 1.122946 0.241118 0.01 0.01
0 1.114280 0.245109 0.01 0.01
0 1.127168 0.249543 0.01 0.01
0 1.103613 0.246439 0.01 0.01
0 1.119391 0.225820 0.01 0.01
0 1.102946 0.214734 0.01 0.01
0 1.094502 0.213404 0.01 0.01
0 1.112724 0.214513 0.01 0.01
0 1.067613 0.208724 0.01 0.01
0 1.063613 0.209833 0.01 0.01
0 1.071613 0.209389 0.01 0.01
0 1.076946 0.210054 0.01 0.01
0 1.041391 0.208502 0.01 0.01
0 1.036724 0.206729 0.01 0.01
0 1.033613 0.210498 0.01 0.01
0 1.030502 0.210276 0.01 0.01
0 1.024724 0.208059 0.01 0.01
0 1.082724 0.210054 0.01 0.01
0 1.092057 0.207837 0.01 0.01
0 1.101835 0.206064 0.01 0.01
0 1.106502 0.206950 0.01 0.01
0 1.110280 0.208946 0.01 0.01
0 1.115835 0.210054 0.01 0.01
0 1.120724 0.205398 0.01 0.01
0 1.121613 0.210498 0.01 0.01
0 1.126946 0.207172 0.01 0.01
0 1.132057 0.208059 0.01 0.01
0 1.136057 0.208502 0.01 0.01
0 1.144280 0.204290 0.01 0.01
0 1.145835 0.211828 0.01 0.01
0 1.157168 0.209168 0.01 0.01
0 1.169168 0.204512 0.01 0.01
0 1.160502 0.205620 0.01 0.01
0 1.153391 0.221140 0.01 0.01
0 1.143168 0.228234 0.01 0.01
0 1.136724 0.226239 0.01 0.01
0 1.129391 0.230230 0.01 0.01
0 1.129613 0.238655 0.01 0.01
0 1.102502 0.226461 0.01 0.01
0 1.088280 0.221805 0.01 0.01
0 1.079835 0.228900 0.01 0.01
0 1.069391 0.228013 0.01 0.01
0 1.046946 0.224244 0.01 0.01
0 1.052057 0.215597 0.01 0.01
0 1.047835 0.211163 0.01 0.01
0 1.058946 0.222913 0.01 0.01
0 1.133835 0.252844 0.01 0.01
0 1.141168 0.251957 0.01 0.01
0 1.145391 0.238877 0.01 0.01
0 1.155835 0.242424 0.01 0.01
0 1.146280 0.255061 0.01 0.01
0 1.154280 0.256170 0.01 0.01
0 1.161613 0.252179 0.01 0.01
0 1.170057 0.255061 0.01 0.01
0 1.174057 0.247745 0.01 0.01
0 1.165613 0.245971 0.01 0.01
0 1.175391 0.237990 0.01 0.01
0 1.170724 0.231117 0.01 0.01
0 1.165835 0.226017 0.01 0.01
0 1.187613 0.235994 0.01 0.01
0 1.182502 0.228013 0.01 0.01
0 1.176057 0.206285 0.01 0.01
0 1.182502 0.213823 0.01 0.01
0 1.188280 0.223579 0.01 0.01
0 1.200502 0.228456 0.01 0.01
0 1.203168 0.237546 0.01 0.01
0 1.191835 0.241537 0.01 0.01
0 1.190280 0.257057 0.01 0.01
0 1.184724 0.248410 0.01 0.01
0 1.204502 0.257943 0.01 0.01
0 1.213835 0.258609 0.01 0.01
0 1.210280 0.249075 0.01 0.01
0 1.214724 0.238655 0.01 0.01
0 1.198057 0.204512 0.01 0.01
0 1.188502 0.206729 0.01 0.01
0 1.193168 0.208281 0.01 0.01
0 1.208502 0.205177 0.01 0.01
0 1.215391 0.206285 0.01 0.01
0 1.132946 0.228456 0.01 0.01
0 1.137613 0.237325 0.01 0.01
0 1.148502 0.235994 0.01 0.01
0 1.156502 0.235994 0.01 0.01
0 1.219435 0.247912 0.01 0.01
0 1.218875 0.240642 0.01 0.01
0 1.231394 0.245675 0.01 0.01
0 1.231020 0.237100 0.01 0.01
0 1.226162 0.260030 0.01 0.01
0 1.220183 0.256302 0.01 0.01
0 1.250640 0.258166 0.01 0.01
0 1.249332 0.251082 0.01 0.01
0 1.239989 0.246048 0.01 0.01
0 1.258675 0.246235 0.01 0.01
0 1.270073 0.246421 0.01 0.01
0 1.276053 0.246794 0.01 0.01
0 1.288198 0.241574 0.01 0.01
0 1.292870 0.246421 0.01 0.01
0 1.285582 0.233931 0.01 0.01
0 1.309687 0.242320 0.01 0.01
0 1.311368 0.249590 0.01 0.01
0 1.302213 0.255742 0.01 0.01
0 1.294365 0.254810 0.01 0.01
0 1.285769 0.255556 0.01 0.01
0 1.301091 0.275876 0.01 0.01
0 1.311182 0.271775 0.01 0.01
0 1.326317 0.287434 0.01 0.01
0 1.326317 0.276249 0.01 0.01
0 1.325570 0.248845 0.01 0.01
0 1.319030 0.249217 0.01 0.01
0 1.259049 0.285943 0.01 0.01
0 1.316694 0.285757 0.01 0.01
0 1.341359 0.299925 0.01 0.01
0 1.335753 0.307382 0.01 0.01
0 1.351823 0.305518 0.01 0.01
0 1.344722 0.314093 0.01 0.01
0 1.369014 0.315957 0.01 0.01
0 1.371256 0.297315 0.01 0.01
0 1.356681 0.277181 0.01 0.01
0 1.341733 0.248099 0.01 0.01
0 1.335006 0.258911 0.01 0.01
0 1.330895 0.226474 0.01 0.01
0 1.321926 0.227592 0.01 0.01
0 1.312957 0.222745 0.01 0.01
0 1.322673 0.220135 0.01 0.01
0 1.318936 0.210068 0.01 0.01
0 1.307725 0.205967 0.01 0.01
0 1.300251 0.203730 0.01 0.01
0 1.290908 0.203357 0.01 0.01
0 1.328653 0.211187 0.01 0.01
0 1.333885 0.207831 0.01 0.01
0 1.329026 0.201120 0.01 0.01
0 1.340238 0.224609 0.01 0.01
0 1.346965 0.221254 0.01 0.01
0 1.352570 0.223118 0.01 0.01
0 1.339864 0.208577 0.01 0.01
0 1.346217 0.208950 0.01 0.01
0 1.339864 0.200374 0.01 0.01
0 1.350702 0.202984 0.01 0.01
0 1.355186 0.210814 0.01 0.01
0 1.360044 0.211932 0.01 0.01
0 1.364529 0.221999 0.01 0.01
0 1.370508 0.221627 0.01 0.01
0 1.377983 0.223118 0.01 0.01
0 1.368640 0.207458 0.01 0.01
0 1.367519 0.199256 0.01 0.01
0 1.356307 0.199628 0.01 0.01
0 1.375740 0.216034 0.01 0.01
0 1.382467 0.214542 0.01 0.01
0 1.392931 0.223118 0.01 0.01
0 1.382467 0.241015 0.01 0.01
0 1.375740 0.246980 0.01 0.01
0 1.366771 0.251082 0.01 0.01
0 1.353691 0.253319 0.01 0.01
0 1.346217 0.242506 0.01 0.01
0 1.359297 0.239150 0.01 0.01
0 1.360792 0.235049 0.01 0.01
0 1.390689 0.241760 0.01 0.01
0 1.399284 0.239150 0.01 0.01
0 1.406758 0.248845 0.01 0.01
0 1.382467 0.256302 0.01 0.01
0 1.374993 0.271961 0.01 0.01
0 1.387699 0.268233 0.01 0.01
0 1.382467 0.282401 0.01 0.01
0 1.392931 0.286502 0.01 0.01
0 1.400405 0.279045 0.01 0.01
0 1.403395 0.269351 0.01 0.01
0 1.406385 0.259284 0.01 0.01
0 1.413112 0.262267 0.01 0.01
0 1.407506 0.310737 0.01 0.01
0 1.398163 0.299925 0.01 0.01
0 1.388073 0.323414 0.01 0.01
0 1.378730 0.332736 0.01 0.01
0 1.391436 0.314466 0.01 0.01
0 1.397789 0.329380 0.01 0.01
0 1.418437 0.251102 0.01 0.01
0 1.425351 0.254457 0.01 0.01
0 1.429275 0.241035 0.01 0.01
0 1.422921 0.233391 0.01 0.01
0 1.418250 0.231900 0.01 0.01
0 1.412644 0.223138 0.01 0.01
0 1.407786 0.225934 0.01 0.01
0 1.401620 0.205987 0.01 0.01
0 1.421053 0.210834 0.01 0.01
0 1.424790 0.216613 0.01 0.01
0 1.427032 0.223697 0.01 0.01
0 1.430769 0.226494 0.01 0.01
0 1.433385 0.234324 0.01 0.01
0 1.439365 0.247933 0.01 0.01
0 1.455808 0.257067 0.01 0.01
0 1.447400 0.247187 0.01 0.01
0 1.444410 0.238984 0.01 0.01
0 1.456742 0.247187 0.01 0.01
0 1.460480 0.236747 0.01 0.01
0 1.464217 0.244577 0.01 0.01
0 1.470757 0.248305 0.01 0.01
0 1.475241 0.239730 0.01 0.01
0 1.481968 0.238052 0.01 0.01
0 1.487947 0.248492 0.01 0.01
0 1.501027 0.249051 0.01 0.01
0 1.497664 0.240476 0.01 0.01
0 1.459732 0.221647 0.01 0.01
0 1.450763 0.216986 0.01 0.01
0 1.439178 0.225375 0.01 0.01
0 1.427406 0.208783 0.01 0.01
0 1.433199 0.200954 0.01 0.01
0 1.464030 0.209529 0.01 0.01
0 1.469075 0.215122 0.01 0.01
0 1.476549 0.215867 0.01 0.01
0 1.481221 0.214190 0.01 0.01
0 1.483089 0.209902 0.01 0.01
0 1.488882 0.210461 0.01 0.01
0 1.492058 0.204123 0.01 0.01
0 1.498224 0.205428 0.01 0.01
0 1.501775 0.224629 0.01 0.01
0 1.385924 0.215867 0.01 0.01
0 1.368920 0.194333 0.01 0.01
0 1.363128 0.196570 0.01 0.01
0 1.381066 0.203468 0.01 0.01
0 1.378076 0.196384 0.01 0.01
0 1.385924 0.197316 0.01 0.01
0 1.386858 0.190977 0.01 0.01
0 1.390409 0.196757 0.01 0.01
0 1.398257 0.197316 0.01 0.01
0 1.392090 0.205705 0.01 0.01
0 1.390222 0.216518 0.01 0.01
0 1.397883 0.213535 0.01 0.01
0 1.403302 0.194706 0.01 0.01
0 1.406665 0.195824 0.01 0.01
0 1.410402 0.195638 0.01 0.01
0 1.414887 0.194706 0.01 0.01
0 1.425724 0.194520 0.01 0.01
0 1.413766 0.207196 0.01 0.01
0 1.406665 0.207569 0.01 0.01
0 1.397509 0.225093 0.01 0.01
0 1.441047 0.192469 0.01 0.01
0 1.441047 0.198807 0.01 0.01
0 1.443663 0.204214 0.01 0.01
0 1.445157 0.209806 0.01 0.01
0 1.450202 0.192282 0.01 0.01
0 1.454687 0.191537 0.01 0.01
0 1.457303 0.191537 0.01 0.01
0 1.463656 0.193215 0.01 0.01
0 1.468888 0.192282 0.01 0.01
0 1.459172 0.210552 0.01 0.01
0 1.455808 0.207196 0.01 0.01
0 1.449455 0.202163 0.01 0.01
0 1.475989 0.189672 0.01 0.01
0 1.481407 0.189486 0.01 0.01
0 1.485892 0.191350 0.01 0.01
0 1.491311 0.191537 0.01 0.01
0 1.417876 0.295629 0.01 0.01
0 1.417129 0.285189 0.01 0.01
0 1.416195 0.276986 0.01 0.01
0 1.408534 0.285375 0.01 0.01
0 1.427780 0.269902 0.01 0.01
0 1.434133 0.264309 0.01 0.01
0 1.439178 0.270088 0.01 0.01
0 1.431330 0.291154 0.01 0.01
0 1.445531 0.274749 0.01 0.01
0 1.453005 0.285375 0.01 0.01
0 1.455995 0.266360 0.01 0.01
0 1.462348 0.278850 0.01 0.01
0 1.468888 0.271207 0.01 0.01
0 1.471504 0.282206 0.01 0.01
0 1.478231 0.283138 0.01 0.01
0 1.489816 0.293019 0.01 0.01
0 1.486826 0.271393 0.01 0.01
0 1.492245 0.253870 0.01 0.01
0 1.506820 0.260767 0.01 0.01
0 1.518218 0.259089 0.01 0.01
0 1.500280 0.280155 0.01 0.01
0 1.512239 0.289104 0.01 0.01
0 1.519713 0.283511 0.01 0.01
0 1.510744 0.276054 0.01 0.01
0 1.406852 0.304391 0.01 0.01
0 1.430583 0.317578 0.01 0.01
0 1.439365 0.329882 0.01 0.01
0 1.418998 0.344982 0.01 0.01
0 1.443663 0.306952 0.01 0.01
0 1.449642 0.292038 0.01 0.01
0 1.459545 0.302851 0.01 0.01
0 1.452632 0.313290 0.01 0.01
0 1.465151 0.339017 0.01 0.01
0 1.463656 0.324849 0.01 0.01
0 1.472625 0.306393 0.01 0.01
0 1.486453 0.311240 0.01 0.01
0 1.500280 0.304342 0.01 0.01
0 1.508502 0.317764 0.01 0.01
0 1.491311 0.338458 0.01 0.01
0 1.510931 0.341068 0.01 0.01
0 1.519526 0.312731 0.01 0.01
0 1.538025 0.318697 0.01 0.01
0 1.414887 0.366256 0.01 0.01
0 1.388727 0.348173 0.01 0.01
0 1.439552 0.358986 0.01 0.01
0 1.454500 0.362341 0.01 0.01
0 1.467580 0.364019 0.01 0.01
0 1.494487 0.350969 0.01 0.01
0 1.501401 0.372222 0.01 0.01
0 1.490190 0.389186 0.01 0.01
0 1.445157 0.399440 0.01 0.01
0 1.419558 0.397203 0.01 0.01
0 1.382561 0.386390 0.01 0.01
0 1.520273 0.377255 0.01 0.01
0 1.527935 0.393474 0.01 0.01
0 1.427967 0.431868 0.01 0.01
0 1.416382 0.418631 0.01 0.01
0 1.464777 0.433732 0.01 0.01
0 1.444410 0.418631 0.01 0.01
0 1.498038 0.415276 0.01 0.01
0 1.557694 0.382438 0.01 0.01
0 1.591889 0.347390 0.01 0.01
0 1.574137 0.344780 0.01 0.01
0 1.535271 0.339560 0.01 0.01
0 1.556012 0.290805 0.01 0.01
0 1.541251 0.286331 0.01 0.01
0 1.575819 0.309821 0.01 0.01
0 1.597308 0.315041 0.01 0.01
0 1.576006 0.333124 0.01 0.01
0 1.510980 0.240334 0.01 0.01
0 1.517894 0.247418 0.01 0.01
0 1.516025 0.244808 0.01 0.01
0 1.534150 0.239961 0.01 0.01
0 1.550033 0.241452 0.01 0.01
0 1.569279 0.248350 0.01 0.01
0 1.568905 0.238656 0.01 0.01
0 1.547043 0.220014 0.01 0.01
0 1.541438 0.225793 0.01 0.01
0 1.535271 0.223183 0.01 0.01
0 1.553583 0.220573 0.01 0.01
0 1.556760 0.214607 0.01 0.01
0 1.563673 0.215539 0.01 0.01
0 1.569653 0.212370 0.01 0.01
0 1.577127 0.213489 0.01 0.01
0 1.574324 0.242012 0.01 0.01
0 1.590207 0.240520 0.01 0.01
0 1.587965 0.227657 0.01 0.01
0 1.592449 0.232690 0.01 0.01
0 1.587778 0.215167 0.01 0.01
0 1.598989 0.222064 0.01 0.01
0 1.500142 0.188628 0.01 0.01
0 1.505748 0.188628 0.01 0.01
0 1.509672 0.189374 0.01 0.01
0 1.514157 0.191798 0.01 0.01
0 1.519389 0.191425 0.01 0.01
0 1.524994 0.187510 0.01 0.01
0 1.527984 0.187883 0.01 0.01
0 1.530413 0.190679 0.01 0.01
0 1.534337 0.182849 0.01 0.01
0 1.538448 0.188255 0.01 0.01
0 1.507056 0.201678 0.01 0.01
0 1.502758 0.204474 0.01 0.01
0 1.510793 0.217897 0.01 0.01
0 1.506682 0.225168 0.01 0.01
0 1.514530 0.202610 0.01 0.01
0 1.519202 0.202424 0.01 0.01
0 1.524434 0.204661 0.01 0.01
0 1.531160 0.199814 0.01 0.01
0 1.533216 0.210813 0.01 0.01
0 1.539382 0.201305 0.01 0.01
0 1.544614 0.203356 0.01 0.01
0 1.547791 0.189001 0.01 0.01
0 1.541811 0.186578 0.01 0.01
0 1.553396 0.182290 0.01 0.01
0 1.559936 0.185832 0.01 0.01
0 1.565542 0.186205 0.01 0.01
0 1.571148 0.185273 0.01 0.01
0 1.576566 0.186205 0.01 0.01
0 1.583106 0.184527 0.01 0.01
0 1.585536 0.186578 0.01 0.01
0 1.592823 0.185646 0.01 0.01
0 1.576753 0.208762 0.01 0.01
0 1.582546 0.206711 0.01 0.01
0 1.584601 0.201864 0.01 0.01
0 1.591141 0.199814 0.01 0.01
0 1.594131 0.212677 0.01 0.01
0 1.597681 0.194967 0.01 0.01
0 1.522378 0.229269 0.01 0.01
0 1.518828 0.227591 0.01 0.01
0 0.134613 0.564920 0.01 0.01
0 0.435057 0.644735 0.01 0.01
0 0.515057 0.646509 0.01 0.01
0 1.343502 0.573788 0.01 0.01
0 1.300835 0.499294 0.01 0.01
0 1.345280 0.493973 0.01 0.01
0 1.384391 0.474462 0.01 0.01
0 1.352391 0.421252 0.01 0.01
0 1.377280 0.417705 0.01 0.01
0 1.345280 0.359174 0.01 0.01
0 1.339946 0.332569 0.01 0.01
0 1.439502 0.506389 0.01 0.01
0 1.544391 0.508162 0.01 0.01
0 1.592391 0.508162 0.01 0.01
0 0.321724 0.615721 0.01 0.01
0 0.430168 0.384256 0.01 0.01
0 0.451502 0.370067 0.01 0.01
0 0.455946 0.388691 0.01 0.01
0 0.896835 0.448744 0.01 0.01
