0 0.200834 0.959597 0.01 0.01
0 0.119735 0.966937 0.01 0.01
0 0.051538 0.970607 0.01 0.01
0 0.099460 1.036669 0.01 0.01
0 0.272717 1.001803 0.01 0.01
0 0.351973 0.985288 0.01 0.01
0 0.322482 1.045845 0.01 0.01
0 0.313266 0.928401 0.01 0.01
0 0.313266 0.873349 0.01 0.01
0 0.248756 0.851328 0.01 0.01
0 0.184245 0.867844 0.01 0.01
0 0.046009 0.840318 0.01 0.01
0 0.108676 0.882524 0.01 0.01
0 0.058911 0.895370 0.01 0.01
0 0.049695 0.785266 0.01 0.01
0 0.022048 0.754070 0.01 0.01
0 0.071813 0.728379 0.01 0.01
0 0.114206 0.744895 0.01 0.01
0 0.147382 0.746730 0.01 0.01
0 0.180559 0.774256 0.01 0.01
0 0.226638 0.750400 0.01 0.01
0 0.235854 0.787101 0.01 0.01
0 0.272717 0.798112 0.01 0.01
0 0.316953 0.820132 0.01 0.01
0 0.311423 0.768751 0.01 0.01
0 0.289305 0.737555 0.01 0.01
0 0.337227 0.737555 0.01 0.01
0 0.370404 0.746730 0.01 0.01
0 0.386993 0.765080 0.01 0.01
0 0.388836 0.820132 0.01 0.01
0 0.385150 0.895370 0.01 0.01
0 0.451503 0.888030 0.01 0.01
0 0.492053 0.908215 0.01 0.01
0 0.453346 0.966937 0.01 0.01
0 0.516014 1.020154 0.01 0.01
0 0.558406 0.906380 0.01 0.01
0 0.488366 0.788936 0.01 0.01
0 0.457033 0.792606 0.01 0.01
0 0.556563 0.829308 0.01 0.01
0 0.545504 0.788936 0.01 0.01
0 0.567622 0.658647 0.01 0.01
0 0.582367 0.772421 0.01 0.01
0 0.654250 0.823802 0.01 0.01
0 0.678211 0.875184 0.01 0.01
0 0.656093 0.924731 0.01 0.01
0 0.643191 0.970607 0.01 0.01
0 0.551034 1.003638 0.01 0.01
0 0.774055 0.915555 0.01 0.01
0 0.801703 0.998133 0.01 0.01
0 0.842252 1.049515 0.01 0.01
0 0.700329 1.009144 0.01 0.01
0 0.869900 0.968772 0.01 0.01
0 0.875429 0.873349 0.01 0.01
0 0.930724 0.882524 0.01 0.01
0 1.002607 0.908215 0.01 0.01
0 0.963901 1.003638 0.01 0.01
0 0.971273 1.045845 0.01 0.01
0 1.103980 1.032999 0.01 0.01
0 1.094765 0.924731 0.01 0.01
0 1.162961 0.899040 0.01 0.01
0 1.273551 0.954092 0.01 0.01
0 1.376768 0.998133 0.01 0.01
0 1.315943 0.856834 0.01 0.01
0 1.489200 0.869679 0.01 0.01
0 1.566613 0.941246 0.01 0.01
0 1.579515 1.007308 0.01 0.01
0 1.422847 1.040340 0.01 0.01
0 1.207197 0.880689 0.01 0.01
0 0.814605 0.792606 0.01 0.01
0 0.809075 0.726544 0.01 0.01
0 0.140435 0.714616 0.01 0.01
0 0.130298 0.690761 0.01 0.01
0 0.139514 0.660482 0.01 0.01
0 0.087905 0.677915 0.01 0.01
0 0.073160 0.657729 0.01 0.01
0 0.041827 0.636626 0.01 0.01
0 0.014179 0.662317 0.01 0.01
0 0.013258 0.712781 0.01 0.01
0 0.005885 0.683420 0.01 0.01
0 0.063944 0.618276 0.01 0.01
0 0.041827 0.587997 0.01 0.01
0 0.080533 0.567811 0.01 0.01
0 0.090670 0.601760 0.01 0.01
0 0.108180 0.576987 0.01 0.01
0 0.126612 0.565976 0.01 0.01
0 0.122004 0.630204 0.01 0.01
0 0.095278 0.631121 0.01 0.01
0 0.145043 0.618276 0.01 0.01
0 0.158867 0.623781 0.01 0.01
0 0.138592 0.592585 0.01 0.01
0 0.153338 0.579739 0.01 0.01
0 0.165318 0.560471 0.01 0.01
0 0.183750 0.566894 0.01 0.01
0 0.183750 0.618276 0.01 0.01
0 0.168083 0.650389 0.01 0.01
0 0.164396 0.690761 0.01 0.01
0 0.192044 0.669657 0.01 0.01
0 0.229829 0.643049 0.01 0.01
0 0.212319 0.615523 0.01 0.01
0 0.238123 0.620111 0.01 0.01
0 0.255633 0.625616 0.01 0.01
0 0.253790 0.654977 0.01 0.01
0 0.232593 0.672410 0.01 0.01
0 0.198495 0.692596 0.01 0.01
0 0.202181 0.721957 0.01 0.01
0 0.232593 0.720122 0.01 0.01
0 0.252868 0.698101 0.01 0.01
0 0.286966 0.670575 0.01 0.01
0 0.326594 0.687090 0.01 0.01
0 0.318300 0.713699 0.01 0.01
0 0.354242 0.699018 0.01 0.01
0 0.347791 0.653142 0.01 0.01
0 0.396634 0.682503 0.01 0.01
0 0.415066 0.698101 0.01 0.01
0 0.444556 0.719204 0.01 0.01
0 0.399399 0.727462 0.01 0.01
0 0.484184 0.694431 0.01 0.01
0 0.485106 0.728379 0.01 0.01
0 0.438105 0.749482 0.01 0.01
0 0.506302 0.743060 0.01 0.01
0 0.506302 0.668740 0.01 0.01
0 0.530263 0.655894 0.01 0.01
0 0.445478 0.674245 0.01 0.01
0 0.467596 0.627451 0.01 0.01
0 0.489714 0.618276 0.01 0.01
0 0.494321 0.640296 0.01 0.01
0 0.594773 0.677915 0.01 0.01
0 0.637166 0.748565 0.01 0.01
0 0.617813 0.696266 0.01 0.01
0 0.627029 0.652224 0.01 0.01
0 0.639931 0.680668 0.01 0.01
0 0.664813 0.710946 0.01 0.01
0 0.691539 0.716451 0.01 0.01
0 0.669421 0.675163 0.01 0.01
0 0.669421 0.649472 0.01 0.01
0 0.692461 0.646719 0.01 0.01
0 0.730245 0.653142 0.01 0.01
0 0.715500 0.699018 0.01 0.01
0 0.759736 0.717369 0.01 0.01
0 0.765265 0.688008 0.01 0.01
0 0.752363 0.671492 0.01 0.01
0 0.774481 0.671492 0.01 0.01
0 0.785540 0.648554 0.01 0.01
0 0.789226 0.612770 0.01 0.01
0 0.791070 0.699018 0.01 0.01
0 0.793834 0.728379 0.01 0.01
0 0.392026 0.632039 0.01 0.01
0 0.415066 0.635709 0.01 0.01
0 0.377281 0.612770 0.01 0.01
0 0.403085 0.597172 0.01 0.01
0 0.409536 0.572399 0.01 0.01
0 0.445478 0.574234 0.01 0.01
0 0.448243 0.553131 0.01 0.01
0 0.467596 0.545791 0.01 0.01
0 0.483262 0.573317 0.01 0.01
0 0.510910 0.587997 0.01 0.01
0 0.488792 0.555884 0.01 0.01
0 0.521969 0.551296 0.01 0.01
0 0.552381 0.546708 0.01 0.01
0 0.540400 0.529275 0.01 0.01
0 0.562518 0.524688 0.01 0.01
0 0.595695 0.530193 0.01 0.01
0 0.538557 0.594420 0.01 0.01
0 0.560675 0.576069 0.01 0.01
0 0.568969 0.588915 0.01 0.01
0 0.575420 0.571482 0.01 0.01
0 0.627029 0.565976 0.01 0.01
0 0.596617 0.597172 0.01 0.01
0 0.598460 0.578822 0.01 0.01
0 0.650068 0.569647 0.01 0.01
0 0.647303 0.543038 0.01 0.01
0 0.629793 0.535698 0.01 0.01
0 0.607676 0.506337 0.01 0.01
0 0.606754 0.483399 0.01 0.01
0 0.592009 0.473306 0.01 0.01
0 0.623342 0.456790 0.01 0.01
0 0.646382 0.487069 0.01 0.01
0 0.642696 0.465048 0.01 0.01
0 0.675872 0.459543 0.01 0.01
0 0.668500 0.518265 0.01 0.01
0 0.682323 0.530193 0.01 0.01
0 0.677715 0.498079 0.01 0.01
0 0.707206 0.464131 0.01 0.01
0 0.691539 0.451285 0.01 0.01
0 0.697069 0.428347 0.01 0.01
0 0.726559 0.442110 0.01 0.01
0 0.730245 0.459543 0.01 0.01
0 0.724716 0.484316 0.01 0.01
0 0.723794 0.511842 0.01 0.01
0 0.708128 0.509090 0.01 0.01
0 0.705363 0.533863 0.01 0.01
0 0.701677 0.554049 0.01 0.01
0 0.709049 0.595337 0.01 0.01
0 0.686010 0.618276 0.01 0.01
0 0.662049 0.615523 0.01 0.01
0 0.621499 0.614606 0.01 0.01
0 0.744069 0.604513 0.01 0.01
0 0.757893 0.522853 0.01 0.01
0 0.769873 0.560471 0.01 0.01
0 0.784619 0.522853 0.01 0.01
0 0.776324 0.497162 0.01 0.01
0 0.745912 0.495327 0.01 0.01
0 0.789226 0.456790 0.01 0.01
0 0.794756 0.489821 0.01 0.01
0 0.010493 0.557719 0.01 0.01
0 0.013258 0.527440 0.01 0.01
0 0.025238 0.509090 0.01 0.01
0 0.051964 0.488904 0.01 0.01
0 0.027081 0.463213 0.01 0.01
0 0.041827 0.432935 0.01 0.01
0 0.033532 0.432935 0.01 0.01
0 0.072239 0.461378 0.01 0.01
0 0.094357 0.448533 0.01 0.01
0 0.093435 0.493492 0.01 0.01
0 0.080533 0.496244 0.01 0.01
0 0.114631 0.485234 0.01 0.01
0 0.096200 0.512760 0.01 0.01
0 0.085141 0.538451 0.01 0.01
0 0.103572 0.538451 0.01 0.01
0 0.126612 0.537533 0.01 0.01
0 0.144122 0.504502 0.01 0.01
0 0.122004 0.508172 0.01 0.01
0 0.141357 0.472388 0.01 0.01
0 0.122004 0.459543 0.01 0.01
0 0.154259 0.455873 0.01 0.01
0 0.146886 0.441192 0.01 0.01
0 0.154259 0.434770 0.01 0.01
0 0.173612 0.450368 0.01 0.01
0 0.180063 0.485234 0.01 0.01
0 0.201260 0.532028 0.01 0.01
0 0.170848 0.531110 0.01 0.01
0 0.145043 0.539368 0.01 0.01
0 0.169004 0.519182 0.01 0.01
0 0.180063 0.506337 0.01 0.01
0 0.214162 0.479729 0.01 0.01
0 0.216005 0.458625 0.01 0.01
0 0.239966 0.469636 0.01 0.01
0 0.234436 0.495327 0.01 0.01
0 0.254711 0.499914 0.01 0.01
0 0.265770 0.454955 0.01 0.01
0 0.286966 0.454955 0.01 0.01
0 0.282358 0.477894 0.01 0.01
0 0.303555 0.444862 0.01 0.01
0 0.249182 0.437522 0.01 0.01
0 0.226142 0.432935 0.01 0.01
0 0.207711 0.437522 0.01 0.01
0 0.310006 0.510925 0.01 0.01
0 0.267613 0.524688 0.01 0.01
0 0.247338 0.554049 0.01 0.01
0 0.220613 0.575152 0.01 0.01
0 0.229829 0.595337 0.01 0.01
0 0.269456 0.597172 0.01 0.01
0 0.285123 0.571482 0.01 0.01
0 0.339496 0.587997 0.01 0.01
0 0.309084 0.584327 0.01 0.01
0 0.310927 0.605430 0.01 0.01
0 0.330281 0.554966 0.01 0.01
0 0.370830 0.528358 0.01 0.01
0 0.400320 0.525605 0.01 0.01
0 0.357928 0.560471 0.01 0.01
0 0.374516 0.551296 0.01 0.01
0 0.326594 0.623781 0.01 0.01
0 0.302633 0.641214 0.01 0.01
0 0.420595 0.537533 0.01 0.01
0 0.447321 0.531110 0.01 0.01
0 0.478655 0.530193 0.01 0.01
0 0.483262 0.504502 0.01 0.01
0 0.476811 0.474223 0.01 0.01
0 0.442713 0.468718 0.01 0.01
0 0.417830 0.450368 0.01 0.01
0 0.421517 0.520100 0.01 0.01
0 0.364379 0.472388 0.01 0.01
0 0.345026 0.474223 0.01 0.01
0 0.330281 0.486151 0.01 0.01
0 0.345026 0.458625 0.01 0.01
0 0.354242 0.443945 0.01 0.01
0 0.361614 0.433852 0.01 0.01
0 0.380967 0.439357 0.01 0.01
0 0.391105 0.437522 0.01 0.01
0 0.407693 0.432017 0.01 0.01
0 0.402164 0.454038 0.01 0.01
0 0.436262 0.438440 0.01 0.01
0 0.440870 0.447615 0.01 0.01
0 0.458380 0.454955 0.01 0.01
0 0.481419 0.437522 0.01 0.01
0 0.495243 0.463213 0.01 0.01
0 0.509067 0.450368 0.01 0.01
0 0.533949 0.459543 0.01 0.01
0 0.527498 0.484316 0.01 0.01
0 0.566205 0.489821 0.01 0.01
0 0.558832 0.458625 0.01 0.01
0 0.547773 0.443945 0.01 0.01
0 0.616891 0.428347 0.01 0.01
0 0.579107 0.437522 0.01 0.01
0 0.668500 0.437522 0.01 0.01
0 0.682323 0.429264 0.01 0.01
0 0.004963 0.632039 0.01 0.01
0 0.029846 0.554966 0.01 0.01
0 0.051964 0.520100 0.01 0.01
0 0.063944 0.509090 0.01 0.01
0 0.079611 0.477894 0.01 0.01
0 0.062101 0.421007 0.01 0.01
0 0.025238 0.414584 0.01 0.01
0 0.032611 0.391646 0.01 0.01
0 0.012336 0.387058 0.01 0.01
0 0.006807 0.402656 0.01 0.01
0 0.002199 0.439357 0.01 0.01
0 0.034454 0.369625 0.01 0.01
0 0.018787 0.364120 0.01 0.01
0 0.005885 0.359532 0.01 0.01
0 0.024317 0.326501 0.01 0.01
0 0.016022 0.328336 0.01 0.01
0 0.004963 0.328336 0.01 0.01
0 0.028003 0.282460 0.01 0.01
0 0.051964 0.287965 0.01 0.01
0 0.031689 0.300810 0.01 0.01
0 0.075925 0.297140 0.01 0.01
0 0.045513 0.334759 0.01 0.01
0 0.057493 0.357697 0.01 0.01
0 0.064866 0.387058 0.01 0.01
0 0.057493 0.395316 0.01 0.01
0 0.083298 0.408161 0.01 0.01
0 0.075003 0.396233 0.01 0.01
0 0.091592 0.382470 0.01 0.01
0 0.093435 0.326501 0.01 0.01
0 0.071317 0.327419 0.01 0.01
0 0.060258 0.333841 0.01 0.01
0 0.109102 0.354027 0.01 0.01
0 0.116474 0.375130 0.01 0.01
0 0.131220 0.398068 0.01 0.01
0 0.104494 0.415501 0.01 0.01
0 0.148730 0.375130 0.01 0.01
0 0.137671 0.347604 0.01 0.01
0 0.128455 0.357697 0.01 0.01
0 0.120161 0.318243 0.01 0.01
0 0.143200 0.330171 0.01 0.01
0 0.159789 0.339346 0.01 0.01
0 0.173612 0.321913 0.01 0.01
0 0.153338 0.306315 0.01 0.01
0 0.122925 0.284295 0.01 0.01
0 0.121082 0.293470 0.01 0.01
0 0.166240 0.415501 0.01 0.01
0 0.159789 0.404491 0.01 0.01
0 0.189279 0.405409 0.01 0.01
0 0.180985 0.368707 0.01 0.01
0 0.168083 0.356780 0.01 0.01
0 0.217848 0.379718 0.01 0.01
0 0.224299 0.346687 0.01 0.01
0 0.209554 0.359532 0.01 0.01
0 0.209554 0.329254 0.01 0.01
0 0.203103 0.333841 0.01 0.01
0 0.186514 0.296223 0.01 0.01
0 0.198495 0.312738 0.01 0.01
0 0.210475 0.299893 0.01 0.01
0 0.225221 0.324666 0.01 0.01
0 0.237201 0.292552 0.01 0.01
0 0.265770 0.333841 0.01 0.01
0 0.246417 0.346687 0.01 0.01
0 0.258397 0.368707 0.01 0.01
0 0.243652 0.382470 0.01 0.01
0 0.223377 0.408161 0.01 0.01
0 0.257476 0.408161 0.01 0.01
0 0.253790 0.388893 0.01 0.01
0 0.280515 0.377883 0.01 0.01
0 0.277751 0.402656 0.01 0.01
0 0.290653 0.415501 0.01 0.01
0 0.306319 0.379718 0.01 0.01
0 0.291574 0.363202 0.01 0.01
0 0.310927 0.364120 0.01 0.01
0 0.324751 0.343017 0.01 0.01
0 0.334888 0.381553 0.01 0.01
0 0.325673 0.393481 0.01 0.01
0 0.321986 0.421007 0.01 0.01
0 0.366222 0.410914 0.01 0.01
0 0.350555 0.387976 0.01 0.01
0 0.352398 0.352192 0.01 0.01
0 0.373595 0.346687 0.01 0.01
0 0.380046 0.380635 0.01 0.01
0 0.386497 0.353109 0.01 0.01
0 0.406772 0.358615 0.01 0.01
0 0.404007 0.384305 0.01 0.01
0 0.415987 0.391646 0.01 0.01
0 0.441791 0.405409 0.01 0.01
0 0.427046 0.411831 0.01 0.01
0 0.444556 0.385223 0.01 0.01
0 0.431654 0.377883 0.01 0.01
0 0.439027 0.347604 0.01 0.01
0 0.425203 0.334759 0.01 0.01
0 0.408615 0.340264 0.01 0.01
0 0.383732 0.337511 0.01 0.01
0 0.369908 0.315491 0.01 0.01
0 0.357006 0.335676 0.01 0.01
0 0.335810 0.328336 0.01 0.01
0 0.328437 0.320078 0.01 0.01
0 0.343183 0.326501 0.01 0.01
0 0.357006 0.309068 0.01 0.01
0 0.360693 0.297140 0.01 0.01
0 0.382810 0.303563 0.01 0.01
0 0.391105 0.287965 0.01 0.01
0 0.411379 0.287965 0.01 0.01
0 0.422438 0.298975 0.01 0.01
0 0.404928 0.309986 0.01 0.01
0 0.447321 0.288882 0.01 0.01
0 0.447321 0.303563 0.01 0.01
0 0.464831 0.300810 0.01 0.01
0 0.449164 0.333841 0.01 0.01
0 0.468517 0.317326 0.01 0.01
0 0.478655 0.291635 0.01 0.01
0 0.497086 0.289800 0.01 0.01
0 0.505380 0.302645 0.01 0.01
0 0.498929 0.323748 0.01 0.01
0 0.486027 0.320996 0.01 0.01
0 0.485106 0.310903 0.01 0.01
0 0.466674 0.341182 0.01 0.01
0 0.487870 0.339346 0.01 0.01
0 0.478655 0.368707 0.01 0.01
0 0.469439 0.387058 0.01 0.01
0 0.486949 0.398068 0.01 0.01
0 0.482341 0.421007 0.01 0.01
0 0.515518 0.424677 0.01 0.01
0 0.509988 0.404491 0.01 0.01
0 0.494321 0.384305 0.01 0.01
0 0.500772 0.368707 0.01 0.01
0 0.521047 0.368707 0.01 0.01
0 0.515518 0.361367 0.01 0.01
0 0.527498 0.352192 0.01 0.01
0 0.521047 0.339346 0.01 0.01
0 0.536714 0.312738 0.01 0.01
0 0.524734 0.310903 0.01 0.01
0 0.542243 0.424677 0.01 0.01
0 0.556067 0.418254 0.01 0.01
0 0.574499 0.408161 0.01 0.01
0 0.556067 0.403574 0.01 0.01
0 0.535792 0.390728 0.01 0.01
0 0.546851 0.364120 0.01 0.01
0 0.562518 0.373295 0.01 0.01
0 0.556989 0.341182 0.01 0.01
0 0.566205 0.355862 0.01 0.01
0 0.585558 0.358615 0.01 0.01
0 0.580950 0.323748 0.01 0.01
0 0.560675 0.323748 0.01 0.01
0 0.556989 0.311821 0.01 0.01
0 0.570812 0.304480 0.01 0.01
0 0.591087 0.301728 0.01 0.01
0 0.601224 0.329254 0.01 0.01
0 0.619656 0.320996 0.01 0.01
0 0.622421 0.302645 0.01 0.01
0 0.595695 0.285212 0.01 0.01
0 0.568969 0.283377 0.01 0.01
0 0.607676 0.375130 0.01 0.01
0 0.618734 0.388893 0.01 0.01
0 0.615970 0.359532 0.01 0.01
0 0.642696 0.361367 0.01 0.01
0 0.640852 0.323748 0.01 0.01
0 0.652833 0.343934 0.01 0.01
0 0.662970 0.327419 0.01 0.01
0 0.678637 0.328336 0.01 0.01
0 0.666657 0.365037 0.01 0.01
0 0.653754 0.406326 0.01 0.01
0 0.662970 0.393481 0.01 0.01
0 0.671264 0.412749 0.01 0.01
0 0.701677 0.395316 0.01 0.01
0 0.701677 0.409079 0.01 0.01
0 0.712735 0.411831 0.01 0.01
0 0.721951 0.386141 0.01 0.01
0 0.709971 0.375130 0.01 0.01
0 0.690618 0.373295 0.01 0.01
0 0.703520 0.345769 0.01 0.01
0 0.736696 0.329254 0.01 0.01
0 0.726559 0.315491 0.01 0.01
0 0.740383 0.309068 0.01 0.01
0 0.725638 0.296223 0.01 0.01
0 0.697990 0.280625 0.01 0.01
0 0.687853 0.306315 0.01 0.01
0 0.673108 0.280625 0.01 0.01
0 0.669421 0.313656 0.01 0.01
0 0.646382 0.303563 0.01 0.01
0 0.721030 0.265944 0.01 0.01
0 0.710892 0.263191 0.01 0.01
0 0.743148 0.255851 0.01 0.01
0 0.748677 0.267779 0.01 0.01
0 0.758814 0.280625 0.01 0.01
0 0.769873 0.254016 0.01 0.01
0 0.772638 0.279707 0.01 0.01
0 0.798442 0.276037 0.01 0.01
0 0.793834 0.266862 0.01 0.01
0 0.748677 0.326501 0.01 0.01
0 0.752363 0.353109 0.01 0.01
0 0.743148 0.349439 0.01 0.01
0 0.751442 0.379718 0.01 0.01
0 0.774481 0.394398 0.01 0.01
0 0.743148 0.421007 0.01 0.01
0 0.722873 0.424677 0.01 0.01
0 0.755128 0.421007 0.01 0.01
0 0.776324 0.427429 0.01 0.01
0 0.771716 0.414584 0.01 0.01
0 0.791070 0.375130 0.01 0.01
0 0.784619 0.343934 0.01 0.01
0 0.773560 0.452203 0.01 0.01
0 0.767109 0.456790 0.01 0.01
0 0.041827 0.273284 0.01 0.01
0 0.033532 0.249429 0.01 0.01
0 0.022473 0.272367 0.01 0.01
0 0.012336 0.265027 0.01 0.01
0 0.010493 0.231078 0.01 0.01
0 0.029846 0.225573 0.01 0.01
0 0.023395 0.212727 0.01 0.01
0 0.048278 0.215480 0.01 0.01
0 0.063023 0.232913 0.01 0.01
0 0.065788 0.220985 0.01 0.01
0 0.070395 0.246676 0.01 0.01
0 0.071317 0.264109 0.01 0.01
0 0.079611 0.273284 0.01 0.01
0 0.059337 0.268697 0.01 0.01
0 0.098043 0.269614 0.01 0.01
0 0.115553 0.273284 0.01 0.01
0 0.125690 0.269614 0.01 0.01
0 0.131220 0.255851 0.01 0.01
0 0.148730 0.265944 0.01 0.01
0 0.139514 0.232913 0.01 0.01
0 0.109102 0.230160 0.01 0.01
0 0.096200 0.240253 0.01 0.01
0 0.086062 0.213645 0.01 0.01
0 0.102651 0.215480 0.01 0.01
0 0.129376 0.212727 0.01 0.01
0 0.144122 0.201717 0.01 0.01
0 0.153338 0.195294 0.01 0.01
0 0.158867 0.165933 0.01 0.01
0 0.143200 0.176944 0.01 0.01
0 0.133984 0.180614 0.01 0.01
0 0.126612 0.171438 0.01 0.01
0 0.126612 0.158593 0.01 0.01
0 0.112788 0.151253 0.01 0.01
0 0.094357 0.153088 0.01 0.01
0 0.097121 0.183366 0.01 0.01
0 0.085141 0.169603 0.01 0.01
0 0.090670 0.198047 0.01 0.01
0 0.051964 0.173274 0.01 0.01
0 0.057493 0.189789 0.01 0.01
0 0.072239 0.205387 0.01 0.01
0 0.034454 0.196212 0.01 0.01
0 0.023395 0.184284 0.01 0.01
0 0.011414 0.156758 0.01 0.01
0 0.020630 0.167768 0.01 0.01
0 0.008650 0.200799 0.01 0.01
0 0.028003 0.149418 0.01 0.01
0 0.024317 0.144830 0.01 0.01
0 0.022473 0.118222 0.01 0.01
0 0.014179 0.114552 0.01 0.01
0 0.006807 0.116387 0.01 0.01
0 0.005885 0.131985 0.01 0.01
0 0.045513 0.118222 0.01 0.01
0 0.028924 0.064087 0.01 0.01
0 0.028003 0.072345 0.01 0.01
0 0.028924 0.092531 0.01 0.01
0 0.003120 0.087026 0.01 0.01
0 0.010493 0.065922 0.01 0.01
0 0.020630 0.034726 0.01 0.01
0 0.039062 0.029221 0.01 0.01
0 0.050121 0.070510 0.01 0.01
0 0.061180 0.100789 0.01 0.01
0 0.065788 0.117304 0.01 0.01
0 0.074082 0.131985 0.01 0.01
0 0.081454 0.036561 0.01 0.01
0 0.086062 0.079685 0.01 0.01
0 0.110945 0.065922 0.01 0.01
0 0.110945 0.034726 0.01 0.01
0 0.131220 0.045737 0.01 0.01
0 0.109102 0.108129 0.01 0.01
0 0.097121 0.120057 0.01 0.01
0 0.083298 0.120974 0.01 0.01
0 0.051255 0.150794 0.01 0.01
0 0.046187 0.135196 0.01 0.01
0 0.054942 0.138407 0.01 0.01
0 0.067383 0.149418 0.01 0.01
0 0.062775 0.169145 0.01 0.01
0 0.075677 0.157675 0.01 0.01
0 0.085814 0.138407 0.01 0.01
0 0.104707 0.135196 0.01 0.01
0 0.150786 0.104917 0.01 0.01
0 0.137884 0.119139 0.01 0.01
0 0.140187 0.137031 0.01 0.01
0 0.163227 0.231078 0.01 0.01
0 0.172904 0.216397 0.01 0.01
0 0.195943 0.221444 0.01 0.01
0 0.202394 0.243923 0.01 0.01
0 0.195021 0.254934 0.01 0.01
0 0.179815 0.266862 0.01 0.01
0 0.209306 0.275578 0.01 0.01
0 0.225433 0.277872 0.01 0.01
0 0.171769 0.174650 0.01 0.01
0 0.190201 0.165474 0.01 0.01
0 0.188357 0.150794 0.01 0.01
0 0.168083 0.140701 0.01 0.01
0 0.155181 0.124186 0.01 0.01
0 0.169926 0.110423 0.01 0.01
0 0.165318 0.104000 0.01 0.01
0 0.189279 0.074639 0.01 0.01
0 0.210475 0.087484 0.01 0.01
0 0.165318 0.030598 0.01 0.01
0 0.200338 0.008577 0.01 0.01
0 0.239044 0.034268 0.01 0.01
0 0.227064 0.030598 0.01 0.01
0 0.249182 0.075557 0.01 0.01
0 0.271300 0.068216 0.01 0.01
0 0.251025 0.031515 0.01 0.01
0 0.274986 0.033350 0.01 0.01
0 0.296182 0.029680 0.01 0.01
0 0.296182 0.076474 0.01 0.01
0 0.288810 0.055371 0.01 0.01
0 0.321986 0.008577 0.01 0.01
0 0.357006 0.045278 0.01 0.01
0 0.323829 0.087484 0.01 0.01
0 0.298947 0.111340 0.01 0.01
0 0.269456 0.111340 0.01 0.01
0 0.257476 0.107670 0.01 0.01
0 0.244574 0.106753 0.01 0.01
0 0.231672 0.104000 0.01 0.01
0 0.211397 0.110423 0.01 0.01
0 0.189279 0.109505 0.01 0.01
0 0.183750 0.125103 0.01 0.01
0 0.210475 0.140701 0.01 0.01
0 0.229829 0.136114 0.01 0.01
0 0.226142 0.155382 0.01 0.01
0 0.219691 0.185660 0.01 0.01
0 0.195730 0.182908 0.01 0.01
0 0.210475 0.176485 0.01 0.01
0 0.246417 0.163639 0.01 0.01
0 0.244574 0.142536 0.01 0.01
0 0.259319 0.147124 0.01 0.01
0 0.241809 0.126021 0.01 0.01
0 0.262084 0.126938 0.01 0.01
0 0.279594 0.143454 0.01 0.01
0 0.293417 0.131526 0.01 0.01
0 0.305398 0.150794 0.01 0.01
0 0.283280 0.168227 0.01 0.01
0 0.273143 0.165474 0.01 0.01
0 0.251946 0.190248 0.01 0.01
0 0.234436 0.195753 0.01 0.01
0 0.243652 0.176485 0.01 0.01
0 0.248260 0.215939 0.01 0.01
0 0.232593 0.231537 0.01 0.01
0 0.217848 0.223279 0.01 0.01
0 0.212319 0.212269 0.01 0.01
0 0.264848 0.201258 0.01 0.01
0 0.264848 0.218691 0.01 0.01
0 0.239966 0.248052 0.01 0.01
0 0.239044 0.262733 0.01 0.01
0 0.240887 0.272826 0.01 0.01
0 0.258397 0.277413 0.01 0.01
0 0.254711 0.261815 0.01 0.01
0 0.251946 0.242547 0.01 0.01
0 0.264848 0.247135 0.01 0.01
0 0.274986 0.254475 0.01 0.01
0 0.268535 0.298516 0.01 0.01
0 0.277751 0.322372 0.01 0.01
0 0.284202 0.297599 0.01 0.01
0 0.297104 0.287506 0.01 0.01
0 0.289731 0.260898 0.01 0.01
0 0.290653 0.245300 0.01 0.01
0 0.290653 0.235207 0.01 0.01
0 0.276829 0.222361 0.01 0.01
0 0.287888 0.214104 0.01 0.01
0 0.297104 0.204928 0.01 0.01
0 0.310006 0.224196 0.01 0.01
0 0.306319 0.258145 0.01 0.01
0 0.316457 0.247135 0.01 0.01
0 0.322908 0.230619 0.01 0.01
0 0.337653 0.235207 0.01 0.01
0 0.334888 0.210433 0.01 0.01
0 0.342261 0.213186 0.01 0.01
0 0.333967 0.188413 0.01 0.01
0 0.325673 0.181990 0.01 0.01
0 0.311849 0.180155 0.01 0.01
0 0.286966 0.182908 0.01 0.01
0 0.322908 0.133361 0.01 0.01
0 0.336732 0.158134 0.01 0.01
0 0.330281 0.169145 0.01 0.01
0 0.334888 0.140701 0.01 0.01
0 0.376359 0.053536 0.01 0.01
0 0.386497 0.015917 0.01 0.01
0 0.367144 0.122351 0.01 0.01
0 0.363457 0.103082 0.01 0.01
0 0.382810 0.112258 0.01 0.01
0 0.374516 0.099412 0.01 0.01
0 0.351477 0.139784 0.01 0.01
0 0.357006 0.196671 0.01 0.01
0 0.347791 0.228784 0.01 0.01
0 0.345026 0.251722 0.01 0.01
0 0.350555 0.263650 0.01 0.01
0 0.328437 0.289341 0.01 0.01
0 0.345947 0.282001 0.01 0.01
0 0.366222 0.270990 0.01 0.01
0 0.365300 0.250805 0.01 0.01
0 0.389262 0.239794 0.01 0.01
0 0.388340 0.266403 0.01 0.01
0 0.381889 0.253557 0.01 0.01
0 0.390183 0.275578 0.01 0.01
0 0.416909 0.269155 0.01 0.01
0 0.400320 0.253557 0.01 0.01
0 0.375438 0.203093 0.01 0.01
0 0.375438 0.217774 0.01 0.01
0 0.397556 0.217774 0.01 0.01
0 0.383732 0.189330 0.01 0.01
0 0.393869 0.170980 0.01 0.01
0 0.370830 0.169145 0.01 0.01
0 0.388340 0.155382 0.01 0.01
0 0.378203 0.153547 0.01 0.01
0 0.379124 0.144371 0.01 0.01
0 0.361614 0.136114 0.01 0.01
0 0.409536 0.092990 0.01 0.01
0 0.418752 0.111340 0.01 0.01
0 0.425203 0.076474 0.01 0.01
0 0.423360 0.035185 0.01 0.01
0 0.450086 0.037938 0.01 0.01
0 0.454694 0.068216 0.01 0.01
0 0.440870 0.093907 0.01 0.01
0 0.464831 0.100330 0.01 0.01
0 0.475890 0.056288 0.01 0.01
0 0.464831 0.061794 0.01 0.01
0 0.458380 0.005824 0.01 0.01
0 0.476811 0.024175 0.01 0.01
0 0.503537 0.011329 0.01 0.01
0 0.523812 0.005824 0.01 0.01
0 0.528420 0.045278 0.01 0.01
0 0.504459 0.061794 0.01 0.01
0 0.486027 0.071886 0.01 0.01
0 0.497086 0.100330 0.01 0.01
0 0.515518 0.104000 0.01 0.01
0 0.530263 0.071886 0.01 0.01
0 0.548695 0.043443 0.01 0.01
0 0.546851 0.009494 0.01 0.01
0 0.535792 0.104917 0.01 0.01
0 0.560675 0.074639 0.01 0.01
0 0.472204 0.138866 0.01 0.01
0 0.458380 0.141619 0.01 0.01
0 0.409536 0.159969 0.01 0.01
0 0.411379 0.204011 0.01 0.01
0 0.427968 0.158134 0.01 0.01
0 0.428889 0.208598 0.01 0.01
0 0.430733 0.236124 0.01 0.01
0 0.424281 0.255392 0.01 0.01
0 0.438105 0.210433 0.01 0.01
0 0.466674 0.213186 0.01 0.01
0 0.481419 0.230619 0.01 0.01
0 0.454694 0.259063 0.01 0.01
0 0.440870 0.265485 0.01 0.01
0 0.445478 0.252640 0.01 0.01
0 0.466674 0.270073 0.01 0.01
0 0.486949 0.269155 0.01 0.01
0 0.493400 0.277413 0.01 0.01
0 0.502616 0.261815 0.01 0.01
0 0.495243 0.232454 0.01 0.01
0 0.498008 0.215021 0.01 0.01
0 0.503537 0.205846 0.01 0.01
0 0.482341 0.195753 0.01 0.01
0 0.464831 0.194835 0.01 0.01
0 0.497086 0.194835 0.01 0.01
0 0.501694 0.166392 0.01 0.01
0 0.490635 0.155382 0.01 0.01
0 0.478655 0.165474 0.01 0.01
0 0.467596 0.174650 0.01 0.01
0 0.461145 0.162722 0.01 0.01
0 0.508145 0.145289 0.01 0.01
0 0.517361 0.140701 0.01 0.01
0 0.523812 0.136114 0.01 0.01
0 0.538557 0.143454 0.01 0.01
0 0.517361 0.160887 0.01 0.01
0 0.525655 0.181990 0.01 0.01
0 0.514596 0.193918 0.01 0.01
0 0.521047 0.221444 0.01 0.01
0 0.534871 0.228784 0.01 0.01
0 0.520126 0.252640 0.01 0.01
0 0.544087 0.185660 0.01 0.01
0 0.553302 0.173732 0.01 0.01
0 0.541322 0.170980 0.01 0.01
0 0.560675 0.151712 0.01 0.01
0 0.546851 0.154464 0.01 0.01
0 0.571734 0.137031 0.01 0.01
0 0.579107 0.143454 0.01 0.01
0 0.585558 0.159969 0.01 0.01
0 0.580950 0.172815 0.01 0.01
0 0.585558 0.184743 0.01 0.01
0 0.598460 0.185660 0.01 0.01
0 0.565283 0.230619 0.01 0.01
0 0.571734 0.198506 0.01 0.01
0 0.551459 0.231537 0.01 0.01
0 0.546851 0.253557 0.01 0.01
0 0.559753 0.262733 0.01 0.01
0 0.579107 0.254475 0.01 0.01
0 0.518282 0.290259 0.01 0.01
0 0.535792 0.282001 0.01 0.01
0 0.530263 0.269155 0.01 0.01
0 0.599381 0.265485 0.01 0.01
0 0.615970 0.204011 0.01 0.01
0 0.617813 0.175567 0.01 0.01
0 0.610440 0.152629 0.01 0.01
0 0.609519 0.134278 0.01 0.01
0 0.596617 0.137949 0.01 0.01
0 0.586479 0.108588 0.01 0.01
0 0.562518 0.105835 0.01 0.01
0 0.585558 0.037938 0.01 0.01
0 0.590166 0.006742 0.01 0.01
0 0.565283 0.014082 0.01 0.01
0 0.603989 0.041608 0.01 0.01
0 0.604911 0.076474 0.01 0.01
0 0.622421 0.020505 0.01 0.01
0 0.610440 0.008577 0.01 0.01
0 0.650990 0.018670 0.01 0.01
0 0.657441 0.080144 0.01 0.01
0 0.621499 0.099412 0.01 0.01
0 0.606754 0.107670 0.01 0.01
0 0.632558 0.115928 0.01 0.01
0 0.649147 0.123268 0.01 0.01
0 0.651911 0.101247 0.01 0.01
0 0.676794 0.095742 0.01 0.01
0 0.615048 0.247135 0.01 0.01
0 0.639009 0.219609 0.01 0.01
0 0.655598 0.233372 0.01 0.01
0 0.674029 0.249887 0.01 0.01
0 0.642696 0.250805 0.01 0.01
0 0.627029 0.253557 0.01 0.01
0 0.672186 0.208598 0.01 0.01
0 0.667578 0.178320 0.01 0.01
0 0.650990 0.177402 0.01 0.01
0 0.638088 0.159969 0.01 0.01
0 0.626107 0.152629 0.01 0.01
0 0.641774 0.139784 0.01 0.01
0 0.665735 0.142536 0.01 0.01
0 0.697069 0.081979 0.01 0.01
0 0.684167 0.042525 0.01 0.01
0 0.673108 0.025092 0.01 0.01
0 0.692461 0.023257 0.01 0.01
0 0.722873 0.015917 0.01 0.01
0 0.730245 0.064546 0.01 0.01
0 0.735775 0.043443 0.01 0.01
0 0.757893 0.057206 0.01 0.01
0 0.760658 0.028762 0.01 0.01
0 0.779089 0.056288 0.01 0.01
0 0.780932 0.102165 0.01 0.01
0 0.753285 0.103082 0.01 0.01
0 0.733932 0.090237 0.01 0.01
0 0.733010 0.107670 0.01 0.01
0 0.713657 0.107670 0.01 0.01
0 0.709049 0.124186 0.01 0.01
0 0.694304 0.124186 0.01 0.01
0 0.724716 0.133361 0.01 0.01
0 0.736696 0.147124 0.01 0.01
0 0.714579 0.159052 0.01 0.01
0 0.697990 0.160887 0.01 0.01
0 0.680480 0.154464 0.01 0.01
0 0.733010 0.172815 0.01 0.01
0 0.710892 0.208598 0.01 0.01
0 0.696147 0.205846 0.01 0.01
0 0.687853 0.209516 0.01 0.01
0 0.681402 0.193918 0.01 0.01
0 0.682323 0.240712 0.01 0.01
0 0.670343 0.230619 0.01 0.01
0 0.685088 0.221444 0.01 0.01
0 0.712735 0.236124 0.01 0.01
0 0.712735 0.253557 0.01 0.01
0 0.734853 0.240712 0.01 0.01
0 0.722873 0.231537 0.01 0.01
0 0.709971 0.221444 0.01 0.01
0 0.727481 0.213186 0.01 0.01
0 0.734853 0.203093 0.01 0.01
0 0.760658 0.200341 0.01 0.01
0 0.765265 0.219609 0.01 0.01
0 0.767109 0.193000 0.01 0.01
0 0.757893 0.179237 0.01 0.01
0 0.757893 0.165474 0.01 0.01
0 0.752363 0.155382 0.01 0.01
0 0.763422 0.154464 0.01 0.01
0 0.768952 0.147124 0.01 0.01
0 0.780011 0.156299 0.01 0.01
0 0.785540 0.140701 0.01 0.01
0 0.796599 0.159052 0.01 0.01
0 0.794756 0.191165 0.01 0.01
0 0.791070 0.212269 0.01 0.01
0 0.789226 0.249887 0.01 0.01
0 0.817585 0.460002 0.01 0.01
0 0.837860 0.471930 0.01 0.01
0 0.851684 0.485693 0.01 0.01
0 0.838781 0.521476 0.01 0.01
0 0.811134 0.508631 0.01 0.01
0 0.857213 0.509548 0.01 0.01
0 0.874723 0.519641 0.01 0.01
0 0.872880 0.477435 0.01 0.01
0 0.893155 0.474682 0.01 0.01
0 0.909743 0.500373 0.01 0.01
0 0.898684 0.512301 0.01 0.01
0 0.890390 0.557260 0.01 0.01
0 0.864586 0.546250 0.01 0.01
0 0.859978 0.526064 0.01 0.01
0 0.812977 0.562765 0.01 0.01
0 0.828644 0.582033 0.01 0.01
0 0.789016 0.580198 0.01 0.01
0 0.773349 0.597631 0.01 0.01
0 0.812056 0.605889 0.01 0.01
0 0.817585 0.649930 0.01 0.01
0 0.821271 0.678374 0.01 0.01
0 0.847076 0.693972 0.01 0.01
0 0.865507 0.700395 0.01 0.01
0 0.878409 0.736178 0.01 0.01
0 0.879331 0.639838 0.01 0.01
0 0.901449 0.626075 0.01 0.01
0 0.913429 0.637085 0.01 0.01
0 0.916194 0.688467 0.01 0.01
0 0.913429 0.714158 0.01 0.01
0 0.946606 0.703147 0.01 0.01
0 0.936469 0.738013 0.01 0.01
0 0.938312 0.672869 0.01 0.01
0 0.929096 0.639838 0.01 0.01
0 0.954900 0.621487 0.01 0.01
0 0.958587 0.638003 0.01 0.01
0 0.965038 0.660941 0.01 0.01
0 0.923567 0.607724 0.01 0.01
0 0.914351 0.567353 0.01 0.01
0 0.922645 0.526981 0.01 0.01
0 0.944763 0.561848 0.01 0.01
0 0.954900 0.534322 0.01 0.01
0 0.959508 0.515971 0.01 0.01
0 0.941077 0.475600 0.01 0.01
0 0.938312 0.454497 0.01 0.01
0 0.921724 0.446239 0.01 0.01
0 0.979783 0.448074 0.01 0.01
0 1.004666 0.471930 0.01 0.01
0 0.994528 0.467342 0.01 0.01
0 1.007430 0.516889 0.01 0.01
0 0.976097 0.504043 0.01 0.01
0 0.978861 0.533404 0.01 0.01
0 0.972410 0.560930 0.01 0.01
0 0.975175 0.603136 0.01 0.01
0 0.990842 0.643508 0.01 0.01
0 0.999136 0.682962 0.01 0.01
0 0.977940 0.680209 0.01 0.01
0 0.982548 0.717828 0.01 0.01
0 0.998214 0.735261 0.01 0.01
0 0.976097 0.757281 0.01 0.01
0 0.993607 0.803158 0.01 0.01
0 0.945685 0.795818 0.01 0.01
0 0.891311 0.813251 0.01 0.01
0 0.901449 0.850870 0.01 0.01
0 0.856291 0.825179 0.01 0.01
0 1.026783 0.809581 0.01 0.01
0 0.976097 0.852705 0.01 0.01
0 1.078392 0.844447 0.01 0.01
0 1.013881 0.859127 0.01 0.01
0 1.141059 0.796735 0.01 0.01
0 1.084843 0.816003 0.01 0.01
0 1.059960 0.696724 0.01 0.01
0 1.026783 0.699477 0.01 0.01
0 1.063647 0.735261 0.01 0.01
0 1.034156 0.653601 0.01 0.01
0 1.017568 0.650848 0.01 0.01
0 1.027705 0.633415 0.01 0.01
0 1.010195 0.593044 0.01 0.01
0 1.024940 0.556342 0.01 0.01
0 1.000058 0.549002 0.01 0.01
0 1.024019 0.531569 0.01 0.01
0 1.059039 0.587538 0.01 0.01
0 1.046137 0.618734 0.01 0.01
0 1.066411 0.615064 0.01 0.01
0 1.057195 0.629745 0.01 0.01
0 1.092215 0.614147 0.01 0.01
0 1.078392 0.585703 0.01 0.01
0 1.109725 0.535239 0.01 0.01
0 1.075627 0.547167 0.01 0.01
0 1.120784 0.581116 0.01 0.01
0 1.142902 0.578363 0.01 0.01
0 1.175158 0.590291 0.01 0.01
0 1.164099 0.549920 0.01 0.01
0 1.209256 0.570105 0.01 0.01
0 1.167785 0.620569 0.01 0.01
0 1.192667 0.607724 0.01 0.01
0 1.187138 0.641673 0.01 0.01
0 1.133686 0.663693 0.01 0.01
0 1.106961 0.727921 0.01 0.01
0 1.128157 0.687549 0.01 0.01
0 1.159491 0.665528 0.01 0.01
0 1.185295 0.693972 0.01 0.01
0 1.211099 0.724250 0.01 0.01
0 1.214785 0.681126 0.01 0.01
0 1.238746 0.681126 0.01 0.01
0 1.253492 0.650848 0.01 0.01
0 1.265472 0.601301 0.01 0.01
0 1.235982 0.599466 0.01 0.01
0 1.224001 0.640755 0.01 0.01
0 1.225844 0.621487 0.01 0.01
0 1.282061 0.582033 0.01 0.01
0 1.300492 0.574693 0.01 0.01
0 1.232295 0.554507 0.01 0.01
0 1.201883 0.515054 0.01 0.01
0 1.175158 0.527899 0.01 0.01
0 1.175158 0.492115 0.01 0.01
0 1.149353 0.489363 0.01 0.01
0 1.127235 0.476517 0.01 0.01
0 1.266394 0.723333 0.01 0.01
0 1.238746 0.758199 0.01 0.01
0 1.264551 0.750859 0.01 0.01
0 1.248884 0.782055 0.01 0.01
0 1.233217 0.823344 0.01 0.01
0 1.182530 0.821509 0.01 0.01
0 1.155804 0.839859 0.01 0.01
0 1.219393 0.792148 0.01 0.01
0 1.209256 0.773797 0.01 0.01
0 1.302335 0.864633 0.01 0.01
0 1.280217 0.807746 0.01 0.01
0 1.317081 0.803158 0.01 0.01
0 1.350257 0.893993 0.01 0.01
0 1.341042 0.849035 0.01 0.01
0 1.352101 0.781137 0.01 0.01
0 1.384356 0.824261 0.01 0.01
0 1.373297 0.951798 0.01 0.01
0 1.435043 0.823344 0.01 0.01
0 1.435043 0.759117 0.01 0.01
0 1.387120 0.748106 0.01 0.01
0 1.353022 0.733426 0.01 0.01
0 1.297727 0.749024 0.01 0.01
0 1.328139 0.733426 0.01 0.01
0 1.301414 0.710487 0.01 0.01
0 1.284825 0.704982 0.01 0.01
0 1.318924 0.665528 0.01 0.01
0 1.338277 0.699477 0.01 0.01
0 1.396336 0.685714 0.01 0.01
0 1.413846 0.727003 0.01 0.01
0 1.437807 0.711405 0.01 0.01
0 1.485729 0.698560 0.01 0.01
0 1.487572 0.714158 0.01 0.01
0 1.504161 0.735261 0.01 0.01
0 1.496788 0.781137 0.01 0.01
0 1.490337 0.681126 0.01 0.01
0 1.485729 0.659106 0.01 0.01
0 1.438729 0.661858 0.01 0.01
0 1.419376 0.659106 0.01 0.01
0 1.379748 0.621487 0.01 0.01
0 1.348414 0.585703 0.01 0.01
0 1.324453 0.571940 0.01 0.01
0 1.344728 0.549002 0.01 0.01
0 1.344728 0.533404 0.01 0.01
0 1.321688 0.550837 0.01 0.01
0 1.320767 0.530652 0.01 0.01
0 1.268237 0.505878 0.01 0.01
0 1.232295 0.495785 0.01 0.01
0 1.225844 0.462754 0.01 0.01
0 1.237825 0.441651 0.01 0.01
0 1.246119 0.489363 0.01 0.01
0 1.246119 0.515054 0.01 0.01
0 1.259021 0.472847 0.01 0.01
0 1.274688 0.481105 0.01 0.01
0 1.221236 0.520559 0.01 0.01
0 1.284825 0.467342 0.01 0.01
0 1.286668 0.453579 0.01 0.01
0 1.303257 0.453579 0.01 0.01
0 1.304178 0.484775 0.01 0.01
0 1.324453 0.468259 0.01 0.01
0 1.323532 0.480187 0.01 0.01
0 1.383434 0.475600 0.01 0.01
0 1.388964 0.512301 0.01 0.01
0 1.381591 0.550837 0.01 0.01
0 1.372375 0.589373 0.01 0.01
0 1.429513 0.577446 0.01 0.01
0 1.412925 0.532487 0.01 0.01
0 1.398179 0.526064 0.01 0.01
0 1.413846 0.494868 0.01 0.01
0 1.414768 0.464589 0.01 0.01
0 1.426748 0.498538 0.01 0.01
0 1.439650 0.475600 0.01 0.01
0 1.448866 0.468259 0.01 0.01
0 1.466376 0.485693 0.01 0.01
0 1.476514 0.461837 0.01 0.01
0 1.492180 0.482940 0.01 0.01
0 1.457160 0.507713 0.01 0.01
0 1.446101 0.522394 0.01 0.01
0 1.441494 0.550837 0.01 0.01
0 1.476514 0.554507 0.01 0.01
0 1.448866 0.533404 0.01 0.01
0 1.467298 0.595796 0.01 0.01
0 1.433199 0.613229 0.01 0.01
0 1.433199 0.643508 0.01 0.01
0 1.448866 0.580198 0.01 0.01
0 1.519828 0.562765 0.01 0.01
0 1.526279 0.535239 0.01 0.01
0 1.508769 0.504043 0.01 0.01
0 1.484808 0.515054 0.01 0.01
0 1.509690 0.478352 0.01 0.01
0 1.523514 0.504961 0.01 0.01
0 1.517985 0.655436 0.01 0.01
0 1.496788 0.641673 0.01 0.01
0 1.178203 1.041716 0.01 0.01
0 1.263909 1.051809 0.01 0.01
0 1.328420 1.027953 0.01 0.01
0 1.563422 0.856375 0.01 0.01
0 1.550520 0.831601 0.01 0.01
0 1.544991 0.764622 0.01 0.01
0 1.552363 0.716910 0.01 0.01
0 1.520108 0.679291 0.01 0.01
0 1.561579 0.656353 0.01 0.01
0 1.564344 0.675621 0.01 0.01
0 1.591991 0.665528 0.01 0.01
0 1.538540 0.629745 0.01 0.01
0 1.543148 0.609559 0.01 0.01
0 1.546834 0.588456 0.01 0.01
0 1.547755 0.554507 0.01 0.01
0 1.579089 0.592126 0.01 0.01
0 1.594756 0.603136 0.01 0.01
0 1.590148 0.568270 0.01 0.01
0 1.579089 0.754529 0.01 0.01
0 1.400303 0.798570 0.01 0.01
0 1.564344 0.882983 0.01 0.01
0 1.595677 0.906839 0.01 0.01
0 0.836965 0.325125 0.01 0.01
0 0.850788 0.346228 0.01 0.01
0 0.838808 0.359073 0.01 0.01
0 0.848024 0.371001 0.01 0.01
0 0.818533 0.356321 0.01 0.01
0 0.806553 0.393940 0.01 0.01
0 0.815768 0.416878 0.01 0.01
0 0.805631 0.444404 0.01 0.01
0 0.821298 0.442569 0.01 0.01
0 0.852632 0.401280 0.01 0.01
0 0.864612 0.442569 0.01 0.01
0 0.893181 0.414125 0.01 0.01
0 0.883044 0.384764 0.01 0.01
0 0.862769 0.371001 0.01 0.01
0 0.869220 0.314114 0.01 0.01
0 0.853553 0.308609 0.01 0.01
0 0.849867 0.288424 0.01 0.01
0 0.841573 0.270073 0.01 0.01
0 0.860004 0.276496 0.01 0.01
0 0.826827 0.248052 0.01 0.01
0 0.809317 0.249887 0.01 0.01
0 0.850788 0.247135 0.01 0.01
0 0.868298 0.254475 0.01 0.01
0 0.846181 0.213186 0.01 0.01
0 0.817612 0.214104 0.01 0.01
0 0.813004 0.198506 0.01 0.01
0 0.828671 0.163639 0.01 0.01
0 0.814847 0.167310 0.01 0.01
0 0.808396 0.146206 0.01 0.01
0 0.834200 0.133361 0.01 0.01
0 0.818533 0.137949 0.01 0.01
0 0.860926 0.138866 0.01 0.01
0 0.853553 0.127856 0.01 0.01
0 0.859083 0.165474 0.01 0.01
0 0.845259 0.170980 0.01 0.01
0 0.839729 0.196671 0.01 0.01
0 0.889495 0.190248 0.01 0.01
0 0.871985 0.214104 0.01 0.01
0 0.885808 0.224196 0.01 0.01
0 0.895024 0.240712 0.01 0.01
0 0.891338 0.298516 0.01 0.01
0 0.884887 0.285671 0.01 0.01
0 0.882122 0.261815 0.01 0.01
0 0.905162 0.269155 0.01 0.01
0 0.918985 0.289341 0.01 0.01
0 0.906083 0.318702 0.01 0.01
0 0.903318 0.333383 0.01 0.01
0 0.890416 0.349898 0.01 0.01
0 0.899632 0.375589 0.01 0.01
0 0.918064 0.387517 0.01 0.01
0 0.922671 0.405867 0.01 0.01
0 0.951240 0.418713 0.01 0.01
0 0.919907 0.430641 0.01 0.01
0 0.888573 0.444404 0.01 0.01
0 0.953084 0.391187 0.01 0.01
0 0.943868 0.380177 0.01 0.01
0 0.943868 0.364579 0.01 0.01
0 0.940181 0.347145 0.01 0.01
0 0.954005 0.344393 0.01 0.01
0 0.962299 0.329712 0.01 0.01
0 0.974280 0.348981 0.01 0.01
0 0.984417 0.331547 0.01 0.01
0 0.965064 0.380177 0.01 0.01
0 0.969672 0.402197 0.01 0.01
0 0.985339 0.415043 0.01 0.01
0 1.000084 0.423300 0.01 0.01
0 1.058143 0.436146 0.01 0.01
0 1.037869 0.415043 0.01 0.01
0 0.991790 0.383847 0.01 0.01
0 1.012065 0.356321 0.01 0.01
0 1.036026 0.378342 0.01 0.01
0 1.031418 0.361826 0.01 0.01
0 1.042477 0.359991 0.01 0.01
0 1.052614 0.382929 0.01 0.01
0 1.081183 0.382929 0.01 0.01
0 1.067359 0.409538 0.01 0.01
0 1.079340 0.400362 0.01 0.01
0 1.084869 0.359991 0.01 0.01
0 1.097771 0.363661 0.01 0.01
0 1.108830 0.381094 0.01 0.01
0 1.107909 0.427888 0.01 0.01
0 1.108830 0.456332 0.01 0.01
0 1.077497 0.461837 0.01 0.01
0 1.061830 0.486610 0.01 0.01
0 1.066438 0.505878 0.01 0.01
0 1.032339 0.509548 0.01 0.01
0 1.014829 0.492115 0.01 0.01
0 0.957691 0.473765 0.01 0.01
0 1.099615 0.484775 0.01 0.01
0 1.130027 0.437981 0.01 0.01
0 1.147537 0.420548 0.01 0.01
0 1.153988 0.438899 0.01 0.01
0 1.149380 0.395775 0.01 0.01
0 1.139242 0.370084 0.01 0.01
0 1.166890 0.373754 0.01 0.01
0 1.191772 0.384764 0.01 0.01
0 1.170576 0.419630 0.01 0.01
0 1.174262 0.438899 0.01 0.01
0 1.193615 0.415960 0.01 0.01
0 1.212047 0.426053 0.01 0.01
0 1.206518 0.397610 0.01 0.01
0 1.229557 0.392104 0.01 0.01
0 1.234165 0.415043 0.01 0.01
0 1.265499 0.406785 0.01 0.01
0 1.248910 0.417795 0.01 0.01
0 1.278401 0.432476 0.01 0.01
0 1.262734 0.453579 0.01 0.01
0 1.304205 0.392104 0.01 0.01
0 1.234165 0.369166 0.01 0.01
0 1.236008 0.348063 0.01 0.01
0 1.216655 0.338888 0.01 0.01
0 1.191772 0.348981 0.01 0.01
0 1.155831 0.349898 0.01 0.01
0 1.152144 0.336135 0.01 0.01
0 1.130948 0.333383 0.01 0.01
0 1.110673 0.326042 0.01 0.01
0 1.069202 0.315949 0.01 0.01
0 1.058143 0.331547 0.01 0.01
0 1.074732 0.345310 0.01 0.01
0 1.094085 0.336135 0.01 0.01
0 0.933730 0.308609 0.01 0.01
0 0.935574 0.290259 0.01 0.01
0 0.931887 0.269155 0.01 0.01
0 0.929123 0.245300 0.01 0.01
0 0.920828 0.234289 0.01 0.01
0 0.900554 0.204928 0.01 0.01
0 0.898710 0.189330 0.01 0.01
0 0.888573 0.148959 0.01 0.01
0 0.875671 0.151712 0.01 0.01
0 0.881200 0.136114 0.01 0.01
0 0.905162 0.133361 0.01 0.01
0 0.886730 0.170980 0.01 0.01
0 0.885808 0.182908 0.01 0.01
0 0.912534 0.165474 0.01 0.01
0 0.915299 0.173732 0.01 0.01
0 0.911613 0.194835 0.01 0.01
0 0.934652 0.190248 0.01 0.01
0 0.934652 0.168227 0.01 0.01
0 0.920828 0.156299 0.01 0.01
0 0.923593 0.137031 0.01 0.01
0 0.946633 0.127856 0.01 0.01
0 0.954005 0.152629 0.01 0.01
0 0.977966 0.153547 0.01 0.01
0 0.971515 0.192083 0.01 0.01
0 0.976123 0.175567 0.01 0.01
0 0.958613 0.208598 0.01 0.01
0 0.945711 0.209516 0.01 0.01
0 0.954005 0.230619 0.01 0.01
0 0.945711 0.237042 0.01 0.01
0 0.942946 0.254475 0.01 0.01
0 0.956770 0.258145 0.01 0.01
0 0.968750 0.280166 0.01 0.01
0 0.954927 0.302186 0.01 0.01
0 0.972437 0.315949 0.01 0.01
0 0.985339 0.291176 0.01 0.01
0 0.986260 0.270990 0.01 0.01
0 0.971515 0.269155 0.01 0.01
0 0.978888 0.237042 0.01 0.01
0 1.000084 0.268238 0.01 0.01
0 1.001927 0.253557 0.01 0.01
0 1.015751 0.252640 0.01 0.01
0 1.018516 0.237042 0.01 0.01
0 0.980731 0.204928 0.01 0.01
0 0.991790 0.198506 0.01 0.01
0 0.975201 0.221444 0.01 0.01
0 1.021280 0.214104 0.01 0.01
0 1.011143 0.197588 0.01 0.01
0 0.994555 0.175567 0.01 0.01
0 0.987182 0.156299 0.01 0.01
0 1.018516 0.156299 0.01 0.01
0 1.008378 0.137031 0.01 0.01
0 1.025888 0.137031 0.01 0.01
0 1.037869 0.149876 0.01 0.01
0 1.037869 0.134278 0.01 0.01
0 1.066438 0.139784 0.01 0.01
0 1.073810 0.159969 0.01 0.01
0 1.055379 0.162722 0.01 0.01
0 1.049849 0.176485 0.01 0.01
0 1.062751 0.176485 0.01 0.01
0 1.053536 0.196671 0.01 0.01
0 1.048928 0.224196 0.01 0.01
0 1.036026 0.215939 0.01 0.01
0 1.048928 0.234289 0.01 0.01
0 1.038790 0.245300 0.01 0.01
0 1.036947 0.260898 0.01 0.01
0 1.034182 0.282918 0.01 0.01
0 1.027731 0.276496 0.01 0.01
0 1.027731 0.301269 0.01 0.01
0 1.001927 0.294846 0.01 0.01
0 1.044320 0.315949 0.01 0.01
0 1.006535 0.326042 0.01 0.01
0 1.068281 0.292094 0.01 0.01
0 1.052614 0.281083 0.01 0.01
0 1.059987 0.268238 0.01 0.01
0 1.063673 0.245300 0.01 0.01
0 1.082105 0.244382 0.01 0.01
0 1.089477 0.230619 0.01 0.01
0 1.083026 0.213186 0.01 0.01
0 1.074732 0.199423 0.01 0.01
0 1.059987 0.211351 0.01 0.01
0 1.087634 0.176485 0.01 0.01
0 1.102379 0.193918 0.01 0.01
0 1.124497 0.226949 0.01 0.01
0 1.131870 0.210433 0.01 0.01
0 1.106987 0.217774 0.01 0.01
0 1.114360 0.213186 0.01 0.01
0 1.126340 0.182908 0.01 0.01
0 1.111595 0.191165 0.01 0.01
0 1.116203 0.173732 0.01 0.01
0 1.112517 0.157217 0.01 0.01
0 1.100536 0.152629 0.01 0.01
0 1.143850 0.170062 0.01 0.01
0 1.159517 0.251722 0.01 0.01
0 1.153988 0.230619 0.01 0.01
0 1.129105 0.245300 0.01 0.01
0 1.107909 0.246217 0.01 0.01
0 1.107909 0.259980 0.01 0.01
0 1.087634 0.284753 0.01 0.01
0 1.111595 0.283836 0.01 0.01
0 1.117124 0.270990 0.01 0.01
0 1.127262 0.275578 0.01 0.01
0 1.129105 0.297599 0.01 0.01
0 1.094085 0.314114 0.01 0.01
0 1.100536 0.300351 0.01 0.01
0 1.143850 0.290259 0.01 0.01
0 1.166890 0.274661 0.01 0.01
0 1.174262 0.301269 0.01 0.01
0 1.166890 0.326960 0.01 0.01
0 1.152144 0.315949 0.01 0.01
0 1.187164 0.281083 0.01 0.01
0 1.177027 0.262733 0.01 0.01
0 1.177949 0.234289 0.01 0.01
0 1.201910 0.215021 0.01 0.01
0 1.204674 0.266403 0.01 0.01
0 1.209282 0.249887 0.01 0.01
0 1.223106 0.258145 0.01 0.01
0 1.240616 0.259063 0.01 0.01
0 1.216655 0.310444 0.01 0.01
0 1.197302 0.310444 0.01 0.01
0 1.187164 0.340723 0.01 0.01
0 1.177949 0.363661 0.01 0.01
0 1.240616 0.293011 0.01 0.01
0 1.270106 0.303104 0.01 0.01
0 1.254440 0.307692 0.01 0.01
0 1.260891 0.326960 0.01 0.01
0 1.279322 0.332465 0.01 0.01
0 1.313421 0.312279 0.01 0.01
0 1.179792 0.208598 0.01 0.01
0 1.186243 0.190248 0.01 0.01
0 1.186243 0.170980 0.01 0.01
0 1.176105 0.145289 0.01 0.01
0 1.157674 0.152629 0.01 0.01
0 1.146615 0.144371 0.01 0.01
0 1.103301 0.137031 0.01 0.01
0 1.085791 0.137031 0.01 0.01
0 1.005614 0.117763 0.01 0.01
0 1.016672 0.114093 0.01 0.01
0 0.990868 0.125103 0.01 0.01
0 0.983496 0.136114 0.01 0.01
0 0.766925 0.125103 0.01 0.01
0 1.271950 0.348063 0.01 0.01
0 1.279322 0.288424 0.01 0.01
0 1.268263 0.279248 0.01 0.01
0 1.273793 0.257228 0.01 0.01
0 1.306970 0.267320 0.01 0.01
0 1.308813 0.282001 0.01 0.01
0 1.347519 0.387517 0.01 0.01
0 1.334617 0.438899 0.01 0.01
0 1.362264 0.388434 0.01 0.01
0 1.339225 0.393940 0.01 0.01
0 1.373323 0.404032 0.01 0.01
0 1.378853 0.433393 0.01 0.01
0 1.405578 0.424218 0.01 0.01
0 1.409265 0.448991 0.01 0.01
0 1.420324 0.444404 0.01 0.01
0 1.444285 0.441651 0.01 0.01
0 1.408343 0.362743 0.01 0.01
0 1.383461 0.365496 0.01 0.01
0 1.353048 0.368249 0.01 0.01
0 1.322636 0.359991 0.01 0.01
0 1.330931 0.342558 0.01 0.01
0 1.344754 0.337053 0.01 0.01
0 1.344754 0.316867 0.01 0.01
0 1.347519 0.306774 0.01 0.01
0 1.338303 0.300351 0.01 0.01
0 1.368715 0.322372 0.01 0.01
0 1.383461 0.324207 0.01 0.01
0 1.391755 0.297599 0.01 0.01
0 1.404657 0.307692 0.01 0.01
0 1.414794 0.312279 0.01 0.01
0 1.423088 0.311362 0.01 0.01
0 1.429539 0.296681 0.01 0.01
0 1.429539 0.284753 0.01 0.01
0 1.459952 0.289341 0.01 0.01
0 1.471932 0.297599 0.01 0.01
0 1.454422 0.325125 0.01 0.01
0 1.444285 0.317785 0.01 0.01
0 1.392676 0.348063 0.01 0.01
0 1.412951 0.351733 0.01 0.01
0 1.404657 0.344393 0.01 0.01
0 1.424010 0.341640 0.01 0.01
0 1.442442 0.399445 0.01 0.01
0 1.435069 0.379259 0.01 0.01
0 1.448893 0.361826 0.01 0.01
0 1.470089 0.355403 0.01 0.01
0 1.481148 0.400362 0.01 0.01
0 1.490364 0.439816 0.01 0.01
0 1.501423 0.407702 0.01 0.01
0 1.506030 0.434311 0.01 0.01
0 1.486677 0.367331 0.01 0.01
0 1.503266 0.363661 0.01 0.01
0 1.485756 0.350816 0.01 0.01
0 1.505109 0.316867 0.01 0.01
0 1.502344 0.285671 0.01 0.01
0 1.495893 0.310444 0.01 0.01
0 1.471932 0.270990 0.01 0.01
0 1.444285 0.276496 0.01 0.01
0 1.393598 0.232454 0.01 0.01
0 1.365029 0.235207 0.01 0.01
0 1.349362 0.242547 0.01 0.01
0 1.343833 0.290259 0.01 0.01
0 1.344754 0.275578 0.01 0.01
0 1.350284 0.261815 0.01 0.01
0 1.320793 0.234289 0.01 0.01
0 1.301440 0.249887 0.01 0.01
0 1.283009 0.224196 0.01 0.01
0 1.268263 0.227867 0.01 0.01
0 1.251675 0.228784 0.01 0.01
0 1.259048 0.194835 0.01 0.01
0 1.283930 0.197588 0.01 0.01
0 1.273793 0.182908 0.01 0.01
0 1.294989 0.190248 0.01 0.01
0 1.306048 0.187495 0.01 0.01
0 1.318950 0.183825 0.01 0.01
0 1.312499 0.163639 0.01 0.01
0 1.339225 0.147124 0.01 0.01
0 1.339225 0.175567 0.01 0.01
0 1.340146 0.202176 0.01 0.01
0 1.335539 0.185660 0.01 0.01
0 1.359500 0.179237 0.01 0.01
0 1.375166 0.186578 0.01 0.01
0 1.369637 0.200341 0.01 0.01
0 1.348441 0.206763 0.01 0.01
0 1.341990 0.222361 0.01 0.01
0 1.406500 0.204011 0.01 0.01
0 1.399127 0.190248 0.01 0.01
0 1.419402 0.181073 0.01 0.01
0 1.406500 0.170980 0.01 0.01
0 1.440598 0.155382 0.01 0.01
0 1.454422 0.170980 0.01 0.01
0 1.450736 0.150794 0.01 0.01
0 1.469167 0.186578 0.01 0.01
0 1.452579 0.201258 0.01 0.01
0 1.439677 0.202176 0.01 0.01
0 1.441520 0.212269 0.01 0.01
0 1.433226 0.225114 0.01 0.01
0 1.424010 0.229702 0.01 0.01
0 1.435069 0.249887 0.01 0.01
0 1.411108 0.269155 0.01 0.01
0 1.426775 0.259980 0.01 0.01
0 1.457187 0.232454 0.01 0.01
0 1.472854 0.244382 0.01 0.01
0 1.481148 0.215021 0.01 0.01
0 1.486677 0.242547 0.01 0.01
0 1.464559 0.217774 0.01 0.01
0 1.501423 0.238877 0.01 0.01
0 1.494972 0.177402 0.01 0.01
0 1.505109 0.181990 0.01 0.01
0 1.480226 0.172815 0.01 0.01
0 1.464559 0.148041 0.01 0.01
0 1.379774 0.163639 0.01 0.01
0 1.392676 0.148041 0.01 0.01
0 1.377010 0.140701 0.01 0.01
0 1.363186 0.126938 0.01 0.01
0 1.354892 0.144371 0.01 0.01
0 1.404657 0.145289 0.01 0.01
0 1.413873 0.126938 0.01 0.01
0 1.431383 0.131526 0.01 0.01
0 1.234165 0.328795 0.01 0.01
0 1.212969 0.216856 0.01 0.01
0 1.200067 0.193918 0.01 0.01
0 1.213890 0.189330 0.01 0.01
0 1.206518 0.178320 0.01 0.01
0 1.215733 0.162722 0.01 0.01
0 1.222184 0.176485 0.01 0.01
0 1.235086 0.185660 0.01 0.01
0 1.235086 0.165474 0.01 0.01
0 1.235086 0.150794 0.01 0.01
0 1.221263 0.153547 0.01 0.01
0 1.211125 0.143454 0.01 0.01
0 1.222184 0.128773 0.01 0.01
0 1.236930 0.118680 0.01 0.01
0 1.242459 0.142536 0.01 0.01
0 1.256283 0.140701 0.01 0.01
0 1.256283 0.151712 0.01 0.01
0 1.255361 0.171897 0.01 0.01
0 1.284852 0.145289 0.01 0.01
0 1.271950 0.135196 0.01 0.01
0 1.273793 0.152629 0.01 0.01
0 1.286695 0.160887 0.01 0.01
0 1.296832 0.176485 0.01 0.01
0 1.309734 0.143454 0.01 0.01
0 1.306970 0.130608 0.01 0.01
0 1.271950 0.115010 0.01 0.01
0 1.248910 0.108588 0.01 0.01
0 1.291303 0.114093 0.01 0.01
0 1.333695 0.115928 0.01 0.01
0 0.797357 0.043443 0.01 0.01
0 0.778004 0.005824 0.01 0.01
0 0.817632 0.023257 0.01 0.01
0 0.825004 0.007659 0.01 0.01
0 0.797357 0.011329 0.01 0.01
0 0.839750 0.019587 0.01 0.01
0 0.851730 0.011329 0.01 0.01
0 0.865554 0.018670 0.01 0.01
0 0.822240 0.071886 0.01 0.01
0 0.813945 0.095742 0.01 0.01
0 0.793671 0.092990 0.01 0.01
0 0.836063 0.093907 0.01 0.01
0 0.855416 0.102165 0.01 0.01
0 0.852652 0.090237 0.01 0.01
0 0.852652 0.064546 0.01 0.01
0 0.863711 0.072804 0.01 0.01
0 0.883985 0.053536 0.01 0.01
0 0.909790 0.019587 0.01 0.01
0 0.884907 0.003989 0.01 0.01
0 0.866475 0.090237 0.01 0.01
0 0.899652 0.082897 0.01 0.01
0 0.898731 0.117763 0.01 0.01
0 0.884907 0.117763 0.01 0.01
0 0.754043 0.133361 0.01 0.01
0 0.800122 0.128773 0.01 0.01
0 0.921770 0.111340 0.01 0.01
0 0.933751 0.112258 0.01 0.01
0 0.937437 0.061794 0.01 0.01
0 0.926378 0.022340 0.01 0.01
0 0.945731 0.021422 0.01 0.01
0 0.968771 0.017752 0.01 0.01
0 0.954025 0.057206 0.01 0.01
0 0.948496 0.075557 0.01 0.01
0 0.982594 0.049866 0.01 0.01
0 0.961398 0.088402 0.01 0.01
0 0.952182 0.112258 0.01 0.01
0 0.964163 0.126938 0.01 0.01
0 0.979829 0.114093 0.01 0.01
0 0.984437 0.085649 0.01 0.01
0 0.988124 0.067299 0.01 0.01
0 0.988124 0.034268 0.01 0.01
0 1.009320 0.028762 0.01 0.01
0 1.022222 0.027845 0.01 0.01
0 1.017614 0.048031 0.01 0.01
0 1.008398 0.071886 0.01 0.01
0 1.013006 0.058123 0.01 0.01
0 1.027752 0.070051 0.01 0.01
0 1.018536 0.091155 0.01 0.01
0 1.023144 0.106753 0.01 0.01
0 1.036046 0.095742 0.01 0.01
0 1.050791 0.096660 0.01 0.01
0 1.052634 0.063629 0.01 0.01
0 1.036967 0.051701 0.01 0.01
0 1.049869 0.048031 0.01 0.01
0 1.044340 0.037938 0.01 0.01
0 1.055399 0.020505 0.01 0.01
0 1.058164 0.038855 0.01 0.01
0 1.078438 0.043443 0.01 0.01
0 1.081203 0.074639 0.01 0.01
0 1.072909 0.088402 0.01 0.01
0 1.071987 0.125103 0.01 0.01
0 1.047105 0.117763 0.01 0.01
0 1.083046 0.108588 0.01 0.01
0 1.095027 0.094825 0.01 0.01
0 1.101478 0.123268 0.01 0.01
0 1.101478 0.107670 0.01 0.01
0 1.107929 0.072804 0.01 0.01
0 1.106086 0.040690 0.01 0.01
0 1.102399 0.018670 0.01 0.01
0 1.044340 0.012247 0.01 0.01
0 1.122674 0.017752 0.01 0.01
0 1.130968 0.031515 0.01 0.01
0 1.122674 0.071886 0.01 0.01
0 1.122674 0.101247 0.01 0.01
0 1.132811 0.093907 0.01 0.01
0 1.137419 0.120516 0.01 0.01
0 1.126360 0.139784 0.01 0.01
0 1.154008 0.095742 0.01 0.01
0 1.172439 0.084732 0.01 0.01
0 1.154929 0.073721 0.01 0.01
0 1.150321 0.026010 0.01 0.01
0 1.170596 0.023257 0.01 0.01
0 1.154929 0.054453 0.01 0.01
0 1.175204 0.055371 0.01 0.01
0 1.187185 0.028762 0.01 0.01
0 1.182577 0.009494 0.01 0.01
0 1.202851 0.007659 0.01 0.01
0 1.227734 0.028762 0.01 0.01
0 1.232342 0.012247 0.01 0.01
0 1.248930 0.032433 0.01 0.01
0 1.273813 0.029680 0.01 0.01
0 1.233263 0.059041 0.01 0.01
0 1.196400 0.096660 0.01 0.01
0 1.195479 0.070969 0.01 0.01
0 1.165067 0.116845 0.01 0.01
0 1.154929 0.108588 0.01 0.01
0 1.201930 0.120516 0.01 0.01
0 1.228656 0.088402 0.01 0.01
0 1.249852 0.094825 0.01 0.01
0 1.213910 0.084732 0.01 0.01
0 1.250773 0.068216 0.01 0.01
0 1.287637 0.069134 0.01 0.01
0 1.296852 0.038855 0.01 0.01
0 1.315284 0.042525 0.01 0.01
0 1.312519 0.060876 0.01 0.01
0 1.316205 0.091155 0.01 0.01
0 1.300539 0.103082 0.01 0.01
0 1.335559 0.089319 0.01 0.01
0 1.334637 0.074639 0.01 0.01
0 1.343853 0.045278 0.01 0.01
0 1.341088 0.010412 0.01 0.01
0 1.318970 0.016835 0.01 0.01
0 1.301460 0.016835 0.01 0.01
0 1.368735 0.015000 0.01 0.01
0 1.365049 0.082897 0.01 0.01
0 1.380716 0.105835 0.01 0.01
0 1.361363 0.115010 0.01 0.01
0 1.381638 0.059041 0.01 0.01
0 1.413893 0.040690 0.01 0.01
0 1.452599 0.041608 0.01 0.01
0 1.413893 0.014082 0.01 0.01
0 1.451677 0.082897 0.01 0.01
0 1.429560 0.096660 0.01 0.01
0 1.391775 0.096660 0.01 0.01
0 1.413893 0.118680 0.01 0.01
0 1.433246 0.124186 0.01 0.01
0 1.447991 0.121433 0.01 0.01
0 1.179812 0.131526 0.01 0.01
0 1.182577 0.104917 0.01 0.01
0 1.236950 0.218691 0.01 0.01
0 1.537618 0.381094 0.01 0.01
0 1.530245 0.369166 0.01 0.01
0 1.519187 0.342558 0.01 0.01
0 1.530245 0.322372 0.01 0.01
0 1.528402 0.270990 0.01 0.01
0 1.530245 0.247135 0.01 0.01
0 1.527481 0.226949 0.01 0.01
0 1.519187 0.196671 0.01 0.01
0 1.506284 0.213186 0.01 0.01
0 1.497990 0.196671 0.01 0.01
0 1.515500 0.117763 0.01 0.01
0 1.476794 0.062711 0.01 0.01
0 1.474029 0.034268 0.01 0.01
0 1.497990 0.036103 0.01 0.01
0 1.529324 0.037020 0.01 0.01
0 1.546834 0.032433 0.01 0.01
0 1.585540 0.034268 0.01 0.01
0 1.542226 0.059041 0.01 0.01
0 1.545912 0.081062 0.01 0.01
0 1.520108 0.084732 0.01 0.01
0 1.494304 0.071886 0.01 0.01
0 1.487853 0.096660 0.01 0.01
0 1.590148 0.075557 0.01 0.01
0 1.537618 0.099412 0.01 0.01
0 1.529324 0.114093 0.01 0.01
0 1.546834 0.108588 0.01 0.01
0 1.540383 0.128773 0.01 0.01
0 1.531167 0.131526 0.01 0.01
0 1.519187 0.155382 0.01 0.01
0 1.539461 0.198506 0.01 0.01
0 1.541304 0.191165 0.01 0.01
0 1.555128 0.145289 0.01 0.01
0 1.569873 0.141619 0.01 0.01
0 1.559736 0.119598 0.01 0.01
0 1.571716 0.110423 0.01 0.01
0 1.591991 0.114093 0.01 0.01
0 1.586462 0.141619 0.01 0.01
0 1.569873 0.186578 0.01 0.01
0 1.553285 0.170980 0.01 0.01
0 1.574481 0.172815 0.01 0.01
0 1.591070 0.203093 0.01 0.01
0 1.556971 0.256310 0.01 0.01
0 1.555128 0.230619 0.01 0.01
0 1.571716 0.249887 0.01 0.01
0 1.564344 0.284753 0.01 0.01
0 1.582775 0.291176 0.01 0.01
0 1.591070 0.337053 0.01 0.01
0 1.561579 0.323290 0.01 0.01
0 1.547755 0.322372 0.01 0.01
0 1.560658 0.346228 0.01 0.01
0 1.571716 0.359991 0.01 0.01
0 1.568952 0.387517 0.01 0.01
0 1.541304 0.402197 0.01 0.01
0 1.556050 0.415043 0.01 0.01
0 1.529324 0.434311 0.01 0.01
0 1.544991 0.449909 0.01 0.01
0 1.544069 0.429723 0.01 0.01
0 1.579089 0.433393 0.01 0.01
0 1.568030 0.462754 0.01 0.01
0 1.554206 0.493033 0.01 0.01
0 1.591070 0.504961 0.01 0.01
0 1.591070 0.451744 0.01 0.01
0 1.585540 0.401280 0.01 0.01
0 1.525638 0.528816 0.01 0.01
0 1.535775 0.338888 0.01 0.01
0 1.477715 0.333383 0.01 0.01
0 1.472186 0.320537 0.01 0.01
0 1.530245 0.207681 0.01 0.01
0 1.461127 0.127856 0.01 0.01
0 1.476794 0.131526 0.01 0.01
0 1.474029 0.114093 0.01 0.01
0 1.492461 0.142536 0.01 0.01
0 1.490618 0.118680 0.01 0.01
0 1.514579 0.131526 0.01 0.01
0 1.507206 0.104917 0.01 0.01
0 1.596599 0.128773 0.01 0.01
0 1.531167 0.170062 0.01 0.01
0 1.535775 0.143454 0.01 0.01
0 1.537618 0.158134 0.01 0.01
0 1.388322 0.125103 0.01 0.01
0 1.390166 0.112258 0.01 0.01
0 1.381871 0.260898 0.01 0.01
0 1.377263 0.301269 0.01 0.01
0 1.405832 0.224196 0.01 0.01
0 1.374499 0.349898 0.01 0.01
0 1.356067 0.350816 0.01 0.01
0 1.381871 0.385682 0.01 0.01
0 1.560658 0.212269 0.01 0.01
0 1.580011 0.215939 0.01 0.01
0 1.571716 0.204928 0.01 0.01
0 1.594756 0.235207 0.01 0.01
