0 0.247543 0.669823 0.01 0.01
0 0.317491 0.605056 0.01 0.01
0 0.254020 0.542880 0.01 0.01
0 0.037698 0.504020 0.01 0.01
0 0.084330 0.453501 0.01 0.01
0 0.053242 0.355056 0.01 0.01
0 0.027336 0.339512 0.01 0.01
0 0.023450 0.682776 0.01 0.01
0 0.105056 0.570082 0.01 0.01
0 0.088216 0.637439 0.01 0.01
0 0.138735 0.443139 0.01 0.01
0 0.225522 0.470341 0.01 0.01
0 0.203501 0.445729 0.01 0.01
0 0.238476 0.365419 0.01 0.01
0 0.287698 0.377077 0.01 0.01
0 0.301947 0.338216 0.01 0.01
0 0.355056 0.347284 0.01 0.01
0 0.487180 0.690548 0.01 0.01
0 0.554538 0.602465 0.01 0.01
0 0.509201 0.515678 0.01 0.01
0 0.447025 0.520859 0.01 0.01
0 0.470341 0.484590 0.01 0.01
0 0.408165 0.459978 0.01 0.01
0 0.361533 0.479408 0.01 0.01
0 0.335626 0.513087 0.01 0.01
0 0.316196 0.515678 0.01 0.01
0 0.299356 0.472932 0.01 0.01
0 0.169823 0.487180 0.01 0.01
0 0.099875 0.352465 0.01 0.01
0 0.084330 0.349875 0.01 0.01
0 0.048385 0.326558 0.01 0.01
0 0.084654 0.340159 0.01 0.01
0 0.120924 0.347284 0.01 0.01
0 0.146183 0.347932 0.01 0.01
0 0.163022 0.361533 0.01 0.01
0 0.163670 0.342750 0.01 0.01
0 0.122219 0.330444 0.01 0.01
0 0.106027 0.323320 0.01 0.01
0 0.076235 0.322025 0.01 0.01
0 0.066520 0.325911 0.01 0.01
0 0.146183 0.329797 0.01 0.01
0 0.138411 0.330444 0.01 0.01
0 0.151364 0.482647 0.01 0.01
0 0.201235 0.359590 0.01 0.01
0 0.182452 0.327854 0.01 0.01
0 0.172090 0.331092 0.01 0.01
0 0.200587 0.341455 0.01 0.01
0 0.221312 0.340807 0.01 0.01
0 0.220665 0.323968 0.01 0.01
0 0.243981 0.342102 0.01 0.01
0 0.265354 0.335626 0.01 0.01
0 0.289965 0.349227 0.01 0.01
0 0.278955 0.334978 0.01 0.01
0 0.332711 0.335626 0.01 0.01
0 0.374162 0.339512 0.01 0.01
0 0.391001 0.353113 0.01 0.01
0 0.385820 0.331092 0.01 0.01
0 0.397478 0.332387 0.01 0.01
0 0.317815 0.420470 0.01 0.01
0 0.330121 0.454149 0.01 0.01
0 0.287375 0.442491 0.01 0.01
0 0.322349 0.480704 0.01 0.01
0 0.343074 0.430833 0.01 0.01
0 0.329473 0.415937 0.01 0.01
0 0.412375 0.415937 0.01 0.01
0 0.427919 0.425004 0.01 0.01
0 0.435691 0.438605 0.01 0.01
0 0.409784 0.490419 0.01 0.01
0 0.381934 0.507258 0.01 0.01
0 0.442815 0.415289 0.01 0.01
0 0.469369 0.436014 0.01 0.01
0 0.444110 0.356351 0.01 0.01
0 0.410432 0.358294 0.01 0.01
0 0.411079 0.339512 0.01 0.01
0 0.430509 0.342102 0.01 0.01
0 0.439577 0.342750 0.01 0.01
0 0.433748 0.333035 0.01 0.01
0 0.420794 0.330444 0.01 0.01
0 0.413670 0.327854 0.01 0.01
0 0.444758 0.329797 0.01 0.01
0 0.461597 0.345989 0.01 0.01
0 0.474551 0.344045 0.01 0.01
0 0.468074 0.332387 0.01 0.01
0 0.481675 0.337569 0.01 0.01
0 0.490095 0.335626 0.01 0.01
0 0.503845 0.423709 0.01 0.01
0 0.520037 0.450263 0.01 0.01
0 0.514208 0.476170 0.01 0.01
0 0.492187 0.397154 0.01 0.01
0 0.481177 0.400393 0.01 0.01
0 0.507084 0.381610 0.01 0.01
0 0.508379 0.397802 0.01 0.01
0 0.518742 0.408165 0.01 0.01
0 0.538820 0.408812 0.01 0.01
0 0.528457 0.393268 0.01 0.01
0 0.521980 0.379667 0.01 0.01
0 0.529752 0.379020 0.01 0.01
0 0.534286 0.371895 0.01 0.01
0 0.505141 0.333683 0.01 0.01
0 0.515503 0.334978 0.01 0.01
0 0.565374 0.339512 0.01 0.01
0 0.561488 0.385496 0.01 0.01
0 0.556307 0.392621 0.01 0.01
0 0.569908 0.412698 0.01 0.01
0 0.586099 0.402983 0.01 0.01
0 0.582213 0.434071 0.01 0.01
0 0.573794 0.467750 0.01 0.01
0 0.597110 0.488476 0.01 0.01
0 0.621721 0.456740 0.01 0.01
0 0.613949 0.439253 0.01 0.01
0 0.600996 0.422413 0.01 0.01
0 0.588690 0.423061 0.01 0.01
0 0.605529 0.412051 0.01 0.01
0 0.597110 0.394564 0.01 0.01
0 0.588690 0.380963 0.01 0.01
0 0.575737 0.390678 0.01 0.01
0 0.595814 0.370600 0.01 0.01
0 0.599700 0.381610 0.01 0.01
0 0.610711 0.382258 0.01 0.01
0 0.609415 0.370600 0.01 0.01
0 0.604234 0.362828 0.01 0.01
0 0.597110 0.344693 0.01 0.01
0 0.589338 0.357647 0.01 0.01
0 0.501255 0.293527 0.01 0.01
0 0.512913 0.302595 0.01 0.01
0 0.525218 0.306481 0.01 0.01
0 0.534934 0.310367 0.01 0.01
0 0.557602 0.306481 0.01 0.01
0 0.571851 0.312310 0.01 0.01
0 0.581566 0.303242 0.01 0.01
0 0.590633 0.303890 0.01 0.01
0 0.600996 0.302595 0.01 0.01
0 0.547239 0.308424 0.01 0.01
0 0.550478 0.326558 0.01 0.01
0 0.536877 0.328501 0.01 0.01
0 0.528457 0.328501 0.01 0.01
0 0.554364 0.337569 0.01 0.01
0 0.585452 0.333035 0.01 0.01
0 0.597110 0.333035 0.01 0.01
0 0.604882 0.333035 0.01 0.01
0 0.612654 0.338216 0.01 0.01
0 0.623016 0.348579 0.01 0.01
0 0.623016 0.341455 0.01 0.01
0 0.618483 0.333035 0.01 0.01
0 0.628845 0.332387 0.01 0.01
0 0.634674 0.340807 0.01 0.01
0 0.636617 0.349875 0.01 0.01
0 0.643094 0.344045 0.01 0.01
0 0.641799 0.333035 0.01 0.01
0 0.648923 0.334978 0.01 0.01
0 0.648275 0.340159 0.01 0.01
0 0.656048 0.349875 0.01 0.01
0 0.658638 0.329149 0.01 0.01
0 0.670296 0.333683 0.01 0.01
0 0.675478 0.337569 0.01 0.01
0 0.681307 0.337569 0.01 0.01
0 0.687783 0.338864 0.01 0.01
0 0.699441 0.347284 0.01 0.01
0 0.706566 0.349227 0.01 0.01
0 0.712395 0.361533 0.01 0.01
0 0.620426 0.370600 0.01 0.01
0 0.608768 0.356999 0.01 0.01
0 0.626902 0.393916 0.01 0.01
0 0.610063 0.398450 0.01 0.01
0 0.635970 0.383553 0.01 0.01
0 0.645037 0.373191 0.01 0.01
0 0.651514 0.368657 0.01 0.01
0 0.656048 0.364123 0.01 0.01
0 0.643094 0.358294 0.01 0.01
0 0.636617 0.366066 0.01 0.01
0 0.646980 0.405574 0.01 0.01
0 0.657991 0.438605 0.01 0.01
0 0.668353 0.405574 0.01 0.01
0 0.667706 0.390678 0.01 0.01
0 0.667706 0.382906 0.01 0.01
0 0.667058 0.374486 0.01 0.01
0 0.676773 0.429538 0.01 0.01
0 0.703975 0.562310 0.01 0.01
0 0.657343 0.582387 0.01 0.01
0 0.593224 0.532517 0.01 0.01
0 0.732472 0.496248 0.01 0.01
0 0.756436 0.530574 0.01 0.01
0 0.708509 0.476170 0.01 0.01
0 0.700737 0.464512 0.01 0.01
0 0.684545 0.404926 0.01 0.01
0 0.701384 0.337569 0.01 0.01
0 0.714338 0.345341 0.01 0.01
0 0.719519 0.355056 0.01 0.01
0 0.727939 0.368657 0.01 0.01
0 0.728586 0.356999 0.01 0.01
0 0.725348 0.346636 0.01 0.01
0 0.722110 0.336273 0.01 0.01
0 0.727291 0.332387 0.01 0.01
0 0.734415 0.341455 0.01 0.01
0 0.738301 0.351818 0.01 0.01
0 0.744130 0.363476 0.01 0.01
0 0.754493 0.373838 0.01 0.01
0 0.756436 0.362828 0.01 0.01
0 0.755788 0.355056 0.01 0.01
0 0.750607 0.345989 0.01 0.01
0 0.746721 0.340159 0.01 0.01
0 0.759674 0.339512 0.01 0.01
0 0.766151 0.349875 0.01 0.01
0 0.774571 0.362180 0.01 0.01
0 0.782343 0.362828 0.01 0.01
0 0.792706 0.362828 0.01 0.01
0 0.801773 0.358942 0.01 0.01
0 0.790763 0.346636 0.01 0.01
0 0.784934 0.339512 0.01 0.01
0 0.773275 0.336921 0.01 0.01
0 0.765503 0.335626 0.01 0.01
0 0.791410 0.336273 0.01 0.01
0 0.802421 0.336921 0.01 0.01
0 0.803068 0.352465 0.01 0.01
0 0.814726 0.348579 0.01 0.01
0 0.810840 0.337569 0.01 0.01
0 0.571851 0.498191 0.01 0.01
0 0.706566 0.432128 0.01 0.01
0 0.733120 0.464512 0.01 0.01
0 0.825089 0.557128 0.01 0.01
0 0.878048 0.626429 0.01 0.01
0 0.860561 0.573968 0.01 0.01
0 0.827530 0.374486 0.01 0.01
0 0.819110 0.399745 0.01 0.01
0 0.911727 0.370600 0.01 0.01
0 0.897478 0.344693 0.01 0.01
0 0.889058 0.340159 0.01 0.01
0 0.879991 0.338216 0.01 0.01
0 0.863152 0.342102 0.01 0.01
0 0.847608 0.337569 0.01 0.01
0 0.835950 0.335626 0.01 0.01
0 0.824939 0.338864 0.01 0.01
0 0.922737 0.338864 0.01 0.01
0 0.939577 0.344045 0.01 0.01
0 0.951235 0.338216 0.01 0.01
0 0.964188 0.344693 0.01 0.01
0 0.977789 0.345989 0.01 0.01
0 0.990742 0.351818 0.01 0.01
0 0.995276 0.494305 0.01 0.01
0 0.534784 0.668851 0.01 0.01
0 0.714188 0.674033 0.01 0.01
0 0.721960 0.620276 0.01 0.01
0 0.674680 0.536727 0.01 0.01
0 0.676623 0.497219 0.01 0.01
0 0.703825 0.534784 0.01 0.01
0 0.824292 0.596960 0.01 0.01
0 0.962245 0.662375 0.01 0.01
0 0.675976 0.466131 0.01 0.01
