0 0.017503 0.920972 0.01 0.01
0 0.027635 0.986117 0.01 0.01
0 0.124354 0.999880 0.01 0.01
0 0.145539 0.990704 0.01 0.01
0 0.073691 0.847570 0.01 0.01
0 0.046058 0.847570 0.01 0.01
0 0.028556 0.839312 0.01 0.01
0 0.011976 0.787930 0.01 0.01
0 0.025793 0.764074 0.01 0.01
0 0.050663 0.748476 0.01 0.01
0 0.058953 0.764074 0.01 0.01
0 0.060796 0.799858 0.01 0.01
0 0.082903 0.818209 0.01 0.01
0 0.083824 0.775085 0.01 0.01
0 0.109615 0.814539 0.01 0.01
0 0.110537 0.765910 0.01 0.01
0 0.099483 0.764074 0.01 0.01
0 0.083824 0.730126 0.01 0.01
0 0.054348 0.705353 0.01 0.01
0 0.041452 0.722786 0.01 0.01
0 0.070007 0.694342 0.01 0.01
0 0.485436 0.840229 0.01 0.01
0 0.184227 0.893446 0.01 0.01
0 0.137249 0.853075 0.01 0.01
0 0.160278 0.815456 0.01 0.01
0 0.186069 0.779673 0.01 0.01
0 0.160278 0.782425 0.01 0.01
0 0.187911 0.842065 0.01 0.01
0 0.227520 0.876013 0.01 0.01
0 0.231204 0.906292 0.01 0.01
0 0.385954 0.880601 0.01 0.01
0 0.382269 0.850322 0.01 0.01
0 0.327002 0.840229 0.01 0.01
0 0.303052 0.832889 0.01 0.01
0 0.266207 0.848487 0.01 0.01
0 0.254233 0.883353 0.01 0.01
0 0.250548 0.806281 0.01 0.01
0 0.243179 0.784260 0.01 0.01
0 0.268050 0.751229 0.01 0.01
0 0.276340 0.773250 0.01 0.01
0 0.283709 0.792518 0.01 0.01
0 0.322396 0.756734 0.01 0.01
0 0.335292 0.770497 0.01 0.01
0 0.336213 0.792518 0.01 0.01
0 0.366610 0.780590 0.01 0.01
0 0.375822 0.761322 0.01 0.01
0 0.372137 0.746641 0.01 0.01
0 0.366610 0.721868 0.01 0.01
0 0.341740 0.728291 0.01 0.01
0 0.320554 0.723703 0.01 0.01
0 0.298447 0.712693 0.01 0.01
0 0.283709 0.705353 0.01 0.01
0 0.319633 0.682414 0.01 0.01
0 0.367531 0.677827 0.01 0.01
0 0.377664 0.705353 0.01 0.01
0 0.430168 0.714528 0.01 0.01
0 0.405298 0.702600 0.01 0.01
0 0.455039 0.689755 0.01 0.01
0 0.364768 0.821879 0.01 0.01
0 0.415430 0.797106 0.01 0.01
0 0.424641 0.775085 0.01 0.01
0 0.431089 0.748476 0.01 0.01
0 0.463329 0.758569 0.01 0.01
0 0.457802 0.728291 0.01 0.01
0 0.488199 0.711775 0.01 0.01
0 0.481751 0.751229 0.01 0.01
0 0.495568 0.737466 0.01 0.01
0 0.515833 0.737466 0.01 0.01
0 0.525044 0.773250 0.01 0.01
0 0.503858 0.799858 0.01 0.01
0 0.509385 0.893446 0.01 0.01
0 0.434774 0.865003 0.01 0.01
0 0.532413 0.895281 0.01 0.01
0 0.573864 0.869590 0.01 0.01
0 0.548994 0.849405 0.01 0.01
0 0.572943 0.903539 0.01 0.01
0 0.535177 0.933818 0.01 0.01
0 0.509385 0.987034 0.01 0.01
0 0.527808 1.022818 0.01 0.01
0 0.593208 1.017313 0.01 0.01
0 0.579391 0.955838 0.01 0.01
0 0.608867 0.921890 0.01 0.01
0 0.665056 0.942993 0.01 0.01
0 0.672425 0.911797 0.01 0.01
0 0.657687 1.030158 0.01 0.01
0 0.747036 1.004467 0.01 0.01
0 0.742431 0.861333 0.01 0.01
0 0.727693 0.819126 0.01 0.01
0 0.668740 0.847570 0.01 0.01
0 0.637422 0.837477 0.01 0.01
0 0.607025 0.847570 0.01 0.01
0 0.117906 0.893446 0.01 0.01
0 0.076455 0.908127 0.01 0.01
0 0.007370 0.753064 0.01 0.01
0 0.034083 0.684249 0.01 0.01
0 0.027635 0.654888 0.01 0.01
0 0.019345 0.631950 0.01 0.01
0 0.013818 0.607177 0.01 0.01
0 0.023029 0.595249 0.01 0.01
0 0.047900 0.622775 0.01 0.01
0 0.025793 0.619105 0.01 0.01
0 0.008291 0.667734 0.01 0.01
0 0.006449 0.648466 0.01 0.01
0 0.004607 0.699847 0.01 0.01
0 0.016582 0.738384 0.01 0.01
0 0.030398 0.743889 0.01 0.01
0 0.102246 0.710858 0.01 0.01
0 0.094877 0.685167 0.01 0.01
0 0.051584 0.685167 0.01 0.01
0 0.046058 0.663146 0.01 0.01
0 0.061717 0.642043 0.01 0.01
0 0.059875 0.607177 0.01 0.01
0 0.046058 0.607177 0.01 0.01
0 0.079218 0.603507 0.01 0.01
0 0.065401 0.622775 0.01 0.01
0 0.081060 0.628280 0.01 0.01
0 0.082903 0.650301 0.01 0.01
0 0.070007 0.642960 0.01 0.01
0 0.098562 0.633785 0.01 0.01
0 0.098562 0.606259 0.01 0.01
0 0.123432 0.615435 0.01 0.01
0 0.123432 0.627362 0.01 0.01
0 0.116985 0.641125 0.01 0.01
0 0.128959 0.646631 0.01 0.01
0 0.106852 0.671404 0.01 0.01
0 0.065056 0.670486 0.01 0.01
0 0.021763 0.698012 0.01 0.01
0 0.013012 0.686543 0.01 0.01
0 0.058608 0.598002 0.01 0.01
0 0.118481 0.602130 0.01 0.01
0 0.140588 0.603507 0.01 0.01
0 0.150260 0.641584 0.01 0.01
0 0.148879 0.670486 0.01 0.01
0 0.162695 0.656265 0.01 0.01
0 0.123548 0.696636 0.01 0.01
0 0.138746 0.692966 0.01 0.01
0 0.135522 0.721868 0.01 0.01
0 0.114336 0.721409 0.01 0.01
0 0.152563 0.703976 0.01 0.01
0 0.168222 0.712234 0.01 0.01
0 0.186645 0.697554 0.01 0.01
0 0.147036 0.758569 0.01 0.01
0 0.175131 0.726915 0.01 0.01
0 0.178355 0.753982 0.01 0.01
0 0.196317 0.747100 0.01 0.01
0 0.216582 0.704435 0.01 0.01
0 0.196777 0.677827 0.01 0.01
0 0.174670 0.682873 0.01 0.01
0 0.159472 0.684708 0.01 0.01
0 0.200922 0.656265 0.01 0.01
0 0.211976 0.640208 0.01 0.01
0 0.182960 0.625527 0.01 0.01
0 0.169143 0.629198 0.01 0.01
0 0.160393 0.595708 0.01 0.01
0 0.176973 0.608094 0.01 0.01
0 0.167762 0.604424 0.01 0.01
0 0.185263 0.590203 0.01 0.01
0 0.212436 0.582404 0.01 0.01
0 0.214279 0.607177 0.01 0.01
0 0.227635 0.605801 0.01 0.01
0 0.235925 0.584697 0.01 0.01
0 0.243294 0.602130 0.01 0.01
0 0.233622 0.620481 0.01 0.01
0 0.247900 0.623692 0.01 0.01
0 0.245597 0.650760 0.01 0.01
0 0.226253 0.664522 0.01 0.01
0 0.237767 0.681956 0.01 0.01
0 0.239610 0.698471 0.01 0.01
0 0.252966 0.682414 0.01 0.01
0 0.249742 0.691131 0.01 0.01
0 0.282442 0.669569 0.01 0.01
0 0.245136 0.710399 0.01 0.01
0 0.273691 0.629198 0.01 0.01
0 0.274152 0.599378 0.01 0.01
0 0.271389 0.583780 0.01 0.01
0 0.251584 0.587450 0.01 0.01
0 0.289811 0.579651 0.01 0.01
0 0.283824 0.612223 0.01 0.01
0 0.292114 0.631033 0.01 0.01
0 0.304089 0.620022 0.01 0.01
0 0.308694 0.597543 0.01 0.01
0 0.322051 0.645254 0.01 0.01
0 0.334025 0.631950 0.01 0.01
0 0.330801 0.617728 0.01 0.01
0 0.339552 0.602130 0.01 0.01
0 0.357975 0.602589 0.01 0.01
0 0.331723 0.609471 0.01 0.01
0 0.359817 0.636997 0.01 0.01
0 0.356593 0.625527 0.01 0.01
0 0.379161 0.624610 0.01 0.01
0 0.389754 0.621399 0.01 0.01
0 0.386990 0.646631 0.01 0.01
0 0.369028 0.648007 0.01 0.01
0 0.355211 0.658100 0.01 0.01
0 0.342776 0.684249 0.01 0.01
0 0.352448 0.687002 0.01 0.01
0 0.326656 0.706729 0.01 0.01
0 0.390214 0.669569 0.01 0.01
0 0.340013 0.584239 0.01 0.01
0 0.372252 0.586532 0.01 0.01
0 0.389293 0.578275 0.01 0.01
0 0.267559 0.564053 0.01 0.01
0 0.240846 0.569558 0.01 0.01
0 0.275849 0.541115 0.01 0.01
0 0.297035 0.523682 0.01 0.01
0 0.322827 0.515424 0.01 0.01
0 0.347237 0.515883 0.01 0.01
0 0.363817 0.516341 0.01 0.01
0 0.354606 0.520011 0.01 0.01
0 0.326972 0.565888 0.01 0.01
0 0.297496 0.565429 0.01 0.01
0 0.286903 0.566347 0.01 0.01
0 0.348158 0.564053 0.01 0.01
0 0.341249 0.570017 0.01 0.01
0 0.373949 0.568641 0.01 0.01
0 0.369344 0.559006 0.01 0.01
0 0.387306 0.564970 0.01 0.01
0 0.385924 0.553043 0.01 0.01
0 0.398820 0.557171 0.01 0.01
0 0.428296 0.550749 0.01 0.01
0 0.423690 0.561300 0.01 0.01
0 0.411255 0.581945 0.01 0.01
0 0.430599 0.575522 0.01 0.01
0 0.423690 0.598460 0.01 0.01
0 0.405728 0.603048 0.01 0.01
0 0.387306 0.601213 0.01 0.01
0 0.442573 0.606718 0.01 0.01
0 0.449021 0.552125 0.01 0.01
0 0.463759 0.543867 0.01 0.01
0 0.460996 0.567264 0.01 0.01
0 0.477576 0.560842 0.01 0.01
0 0.450864 0.507625 0.01 0.01
0 0.437968 0.520011 0.01 0.01
0 0.455930 0.494321 0.01 0.01
0 0.478497 0.617728 0.01 0.01
0 0.467444 0.598002 0.01 0.01
0 0.452245 0.590661 0.01 0.01
0 0.485406 0.606718 0.01 0.01
0 0.486327 0.636079 0.01 0.01
0 0.461917 0.647089 0.01 0.01
0 0.443955 0.645254 0.01 0.01
0 0.417242 0.666358 0.01 0.01
0 0.407110 0.646172 0.01 0.01
0 0.431059 0.692966 0.01 0.01
0 0.457312 0.668651 0.01 0.01
0 0.472971 0.637455 0.01 0.01
0 0.211278 0.775544 0.01 0.01
0 0.205862 1.037728 0.01 0.01
0 0.288303 1.040480 0.01 0.01
0 0.324227 1.029470 0.01 0.01
0 0.323306 0.978088 0.01 0.01
0 0.380876 0.980841 0.01 0.01
0 0.350940 0.872572 0.01 0.01
0 0.336662 1.052867 0.01 0.01
0 0.449961 1.049197 0.01 0.01
0 0.268215 0.915696 0.01 0.01
0 0.587847 1.012496 0.01 0.01
0 0.445533 0.836789 0.01 0.01
0 0.572648 0.815227 0.01 0.01
0 0.832809 1.002862 0.01 0.01
0 0.813466 0.833577 0.01 0.01
0 0.851232 0.812933 0.01 0.01
0 0.771094 1.055620 0.01 0.01
0 0.707536 0.815227 0.01 0.01
0 0.913779 0.950563 0.01 0.01
0 0.873249 0.876701 0.01 0.01
0 0.921148 0.849634 0.01 0.01
0 0.917924 0.826696 0.01 0.01
0 0.882461 0.805134 0.01 0.01
0 0.966744 0.814309 0.01 0.01
0 0.928978 1.042316 0.01 0.01
0 0.963980 1.038645 0.01 0.01
0 0.996681 0.975795 0.01 0.01
0 1.055633 0.875784 0.01 0.01
0 1.037671 0.812015 0.01 0.01
0 1.069910 0.810180 0.01 0.01
0 1.018788 1.054243 0.01 0.01
0 1.157351 0.946892 0.01 0.01
0 1.161956 0.917990 0.01 0.01
0 1.136625 0.862021 0.01 0.01
0 1.128796 0.836330 0.01 0.01
0 1.193275 0.873949 0.01 0.01
0 1.231501 0.856057 0.01 0.01
0 1.281703 0.927165 0.01 0.01
0 1.256372 0.999650 0.01 0.01
0 1.202025 0.991393 0.01 0.01
0 1.314403 1.004238 0.01 0.01
0 1.321772 0.897805 0.01 0.01
0 1.375198 0.843670 0.01 0.01
0 1.365526 0.819814 0.01 0.01
0 1.409740 0.901475 0.01 0.01
0 1.441979 0.872572 0.01 0.01
0 1.437374 0.804675 0.01 0.01
0 1.487969 0.994604 0.01 0.01
0 1.508234 0.954691 0.01 0.01
0 1.485666 0.845047 0.01 0.01
0 1.486587 0.954691 0.01 0.01
0 1.269871 0.804675 0.01 0.01
0 1.239934 0.812015 0.01 0.01
0 1.252370 0.784490 0.01 0.01
0 1.283227 0.763386 0.01 0.01
0 1.349088 0.779443 0.01 0.01
0 1.371656 0.780361 0.01 0.01
0 1.414488 0.776232 0.01 0.01
0 1.412646 0.751917 0.01 0.01
0 1.459624 0.749165 0.01 0.01
0 1.492784 0.773938 0.01 0.01
0 1.533774 0.754211 0.01 0.01
0 0.529890 0.695030 0.01 0.01
0 0.528508 0.674845 0.01 0.01
0 0.508243 0.645942 0.01 0.01
0 0.528508 0.634932 0.01 0.01
0 0.512849 0.609700 0.01 0.01
0 0.505019 0.598231 0.01 0.01
0 0.511928 0.576210 0.01 0.01
0 0.523902 0.568870 0.01 0.01
0 0.564892 0.571623 0.01 0.01
0 0.547391 0.578504 0.01 0.01
0 0.542325 0.590891 0.01 0.01
0 0.565353 0.598231 0.01 0.01
0 0.546009 0.609241 0.01 0.01
0 0.547852 0.624381 0.01 0.01
0 0.559826 0.640437 0.01 0.01
0 0.595750 0.636308 0.01 0.01
0 0.613712 0.631262 0.01 0.01
0 0.605422 0.597313 0.01 0.01
0 0.628911 0.615664 0.01 0.01
0 0.637662 0.602360 0.01 0.01
0 0.608185 0.675762 0.01 0.01
0 0.595750 0.668422 0.01 0.01
0 0.587921 0.660164 0.01 0.01
0 0.574564 0.708335 0.01 0.01
0 0.557063 0.735402 0.01 0.01
0 0.545088 0.722097 0.01 0.01
0 0.539101 0.708793 0.01 0.01
0 0.510085 0.710628 0.01 0.01
0 0.602659 0.754211 0.01 0.01
0 0.580552 0.763386 0.01 0.01
0 0.628450 0.712005 0.01 0.01
0 0.668980 0.716592 0.01 0.01
0 0.669440 0.699159 0.01 0.01
0 0.697535 0.691360 0.01 0.01
0 0.678191 0.686773 0.01 0.01
0 0.717339 0.676221 0.01 0.01
0 0.733919 0.662917 0.01 0.01
0 0.739907 0.628968 0.01 0.01
0 0.715497 0.645025 0.01 0.01
0 0.704904 0.617040 0.01 0.01
0 0.675428 0.631262 0.01 0.01
0 0.645031 0.623463 0.01 0.01
0 0.673125 0.611076 0.01 0.01
0 0.654242 0.600983 0.01 0.01
0 0.651939 0.581715 0.01 0.01
0 0.634438 0.578963 0.01 0.01
0 0.659769 0.573458 0.01 0.01
0 0.678191 0.569787 0.01 0.01
0 0.694771 0.570705 0.01 0.01
0 0.718721 0.587221 0.01 0.01
0 0.736222 0.602819 0.01 0.01
0 0.752803 0.601901 0.01 0.01
0 0.766159 0.582633 0.01 0.01
0 0.663453 0.769350 0.01 0.01
0 0.639504 0.792289 0.01 0.01
0 0.644570 0.756505 0.01 0.01
0 0.635359 0.764763 0.01 0.01
0 0.691548 0.765221 0.01 0.01
0 0.743591 0.759257 0.01 0.01
0 0.762935 0.754211 0.01 0.01
0 0.785503 0.746871 0.01 0.01
0 0.752803 0.793206 0.01 0.01
0 0.475635 0.501431 0.01 0.01
0 0.490834 0.498679 0.01 0.01
0 0.512480 0.517488 0.01 0.01
0 0.509256 0.542720 0.01 0.01
0 0.494979 0.550061 0.01 0.01
0 0.497282 0.561988 0.01 0.01
0 0.496360 0.579880 0.01 0.01
0 0.532284 0.566117 0.01 0.01
0 0.536430 0.554648 0.01 0.01
0 0.538272 0.539968 0.01 0.01
0 0.549325 0.533545 0.01 0.01
0 0.535048 0.522993 0.01 0.01
0 0.526297 0.506478 0.01 0.01
0 0.539193 0.506478 0.01 0.01
0 0.548404 0.506019 0.01 0.01
0 0.559458 0.503725 0.01 0.01
0 0.569590 0.506937 0.01 0.01
0 0.576038 0.484457 0.01 0.01
0 0.582025 0.500973 0.01 0.01
0 0.591237 0.492256 0.01 0.01
0 0.611962 0.498679 0.01 0.01
0 0.631766 0.503725 0.01 0.01
0 0.575577 0.547767 0.01 0.01
0 0.553931 0.566117 0.01 0.01
0 0.563142 0.552813 0.01 0.01
0 0.587092 0.532169 0.01 0.01
0 0.563142 0.521617 0.01 0.01
0 0.609659 0.532169 0.01 0.01
0 0.611041 0.550978 0.01 0.01
0 0.620713 0.535380 0.01 0.01
0 0.629003 0.549143 0.01 0.01
0 0.630845 0.561530 0.01 0.01
0 0.644662 0.543638 0.01 0.01
0 0.658940 0.531710 0.01 0.01
0 0.646504 0.515194 0.01 0.01
0 0.655716 0.511524 0.01 0.01
0 0.650649 0.494550 0.01 0.01
0 0.641438 0.492256 0.01 0.01
0 0.617489 0.474364 0.01 0.01
0 0.621173 0.462895 0.01 0.01
0 0.635911 0.455555 0.01 0.01
0 0.645123 0.462895 0.01 0.01
0 0.650649 0.478952 0.01 0.01
0 0.670454 0.460143 0.01 0.01
0 0.664006 0.438122 0.01 0.01
0 0.702693 0.496844 0.01 0.01
0 0.545180 0.464271 0.01 0.01
0 0.434184 0.493632 0.01 0.01
0 0.474253 0.467024 0.01 0.01
0 0.464121 0.461519 0.01 0.01
0 0.489913 0.469777 0.01 0.01
0 0.680126 0.505102 0.01 0.01
0 0.662624 0.518865 0.01 0.01
0 0.672757 0.546849 0.01 0.01
0 0.663545 0.561530 0.01 0.01
0 0.697627 0.555107 0.01 0.01
0 0.717892 0.552354 0.01 0.01
0 0.703614 0.521158 0.01 0.01
0 0.717892 0.510148 0.01 0.01
0 0.723879 0.489504 0.01 0.01
0 0.722497 0.477576 0.01 0.01
0 0.472411 0.489045 0.01 0.01
0 0.500045 0.486751 0.01 0.01
0 0.513401 0.462436 0.01 0.01
0 0.745420 0.518406 0.01 0.01
0 0.747262 0.500055 0.01 0.01
0 0.742196 0.468859 0.01 0.01
0 0.763842 0.480787 0.01 0.01
0 0.779501 0.490421 0.01 0.01
0 0.808056 0.486292 0.01 0.01
0 0.831545 0.494091 0.01 0.01
0 0.808978 0.516112 0.01 0.01
0 0.797003 0.522993 0.01 0.01
0 0.789173 0.535380 0.01 0.01
0 0.772132 0.530334 0.01 0.01
0 0.776278 0.517029 0.01 0.01
0 0.750025 0.561530 0.01 0.01
0 0.776278 0.568411 0.01 0.01
0 0.790094 0.561071 0.01 0.01
0 0.806675 0.558777 0.01 0.01
0 0.796082 0.548226 0.01 0.01
0 0.822334 0.518865 0.01 0.01
0 0.826018 0.536756 0.01 0.01
0 0.809899 0.533545 0.01 0.01
0 0.847204 0.543638 0.01 0.01
0 0.843520 0.517488 0.01 0.01
0 0.850428 0.525746 0.01 0.01
0 0.866548 0.514277 0.01 0.01
0 0.886352 0.498220 0.01 0.01
0 0.868851 0.527122 0.01 0.01
0 0.882207 0.520700 0.01 0.01
0 0.901090 0.524828 0.01 0.01
0 0.839375 0.563824 0.01 0.01
0 0.861021 0.565659 0.01 0.01
0 0.866548 0.540426 0.01 0.01
0 0.879444 0.532169 0.01 0.01
0 0.884510 0.546849 0.01 0.01
0 0.895564 0.537674 0.01 0.01
0 0.891419 0.558318 0.01 0.01
0 0.865627 0.594561 0.01 0.01
0 0.850889 0.589514 0.01 0.01
0 0.797463 0.609700 0.01 0.01
0 0.785949 0.589514 0.01 0.01
0 0.831085 0.645942 0.01 0.01
0 0.838454 0.669798 0.01 0.01
0 0.788713 0.674845 0.01 0.01
0 0.758776 0.660164 0.01 0.01
0 0.784568 0.660164 0.01 0.01
0 0.861021 0.628509 0.01 0.01
0 0.867469 0.677597 0.01 0.01
0 0.878983 0.678974 0.01 0.01
0 0.705496 0.718427 0.01 0.01
0 0.688915 0.718427 0.01 0.01
0 0.703193 0.736319 0.01 0.01
0 0.755697 0.706958 0.01 0.01
0 0.766751 0.692737 0.01 0.01
0 0.778725 0.721180 0.01 0.01
0 0.798990 0.711087 0.01 0.01
0 0.829848 0.749623 0.01 0.01
0 0.842283 0.732190 0.01 0.01
0 0.857482 0.746871 0.01 0.01
0 0.827085 0.787242 0.01 0.01
0 0.868535 0.718427 0.01 0.01
0 0.845047 0.699159 0.01 0.01
0 0.899854 0.686773 0.01 0.01
0 0.915974 0.714757 0.01 0.01
0 0.929330 0.702829 0.01 0.01
0 0.926567 0.653741 0.01 0.01
0 0.950516 0.652824 0.01 0.01
0 0.972623 0.628509 0.01 0.01
0 0.954200 0.573458 0.01 0.01
0 0.919658 0.587679 0.01 0.01
0 0.913210 0.607406 0.01 0.01
0 0.963872 0.706958 0.01 0.01
0 0.979531 0.722097 0.01 0.01
0 0.958806 0.763845 0.01 0.01
0 0.904920 0.760175 0.01 0.01
0 0.926106 0.789536 0.01 0.01
0 0.904459 0.806969 0.01 0.01
0 0.821498 0.806969 0.01 0.01
0 0.854659 0.797794 0.01 0.01
0 0.971181 0.792289 0.01 0.01
0 1.004342 0.760175 0.01 0.01
0 1.032897 0.739531 0.01 0.01
0 1.034279 0.765680 0.01 0.01
0 1.032897 0.810180 0.01 0.01
0 1.014474 0.713381 0.01 0.01
0 0.995591 0.706958 0.01 0.01
0 1.019080 0.661082 0.01 0.01
0 0.943548 0.676221 0.01 0.01
0 1.111347 0.760175 0.01 0.01
0 1.108584 0.793665 0.01 0.01
0 1.127006 0.713840 0.01 0.01
0 1.157404 0.726226 0.01 0.01
0 1.181353 0.734943 0.01 0.01
0 1.192867 0.704664 0.01 0.01
0 1.222343 0.747788 0.01 0.01
0 1.208066 0.801005 0.01 0.01
0 1.148192 0.820732 0.01 0.01
0 1.184577 0.832660 0.01 0.01
0 1.255504 0.695948 0.01 0.01
0 1.305705 0.683102 0.01 0.01
0 1.294652 0.711546 0.01 0.01
0 1.315838 0.724391 0.01 0.01
0 1.345314 0.746871 0.01 0.01
0 1.359591 0.644107 0.01 0.01
0 1.391370 0.655118 0.01 0.01
0 1.396436 0.695948 0.01 0.01
0 1.454468 0.634473 0.01 0.01
0 1.418083 0.605112 0.01 0.01
0 1.399660 0.627592 0.01 0.01
0 1.483944 0.663834 0.01 0.01
0 1.498101 0.747330 0.01 0.01
0 1.501786 0.718427 0.01 0.01
0 1.505931 0.671633 0.01 0.01
0 1.396317 0.765221 0.01 0.01
0 1.433162 0.736778 0.01 0.01
0 1.471389 0.606947 0.01 0.01
0 1.493956 0.621628 0.01 0.01
0 1.519287 0.639061 0.01 0.01
0 1.516985 0.576669 0.01 0.01
0 1.546921 0.580339 0.01 0.01
0 1.558435 0.611076 0.01 0.01
0 1.574094 0.617499 0.01 0.01
0 1.316639 0.534463 0.01 0.01
0 1.356708 0.536298 0.01 0.01
0 1.230053 0.538133 0.01 0.01
0 1.212091 0.516571 0.01 0.01
0 1.219921 0.499596 0.01 0.01
0 1.209328 0.505560 0.01 0.01
0 1.249857 0.492715 0.01 0.01
0 1.243870 0.511524 0.01 0.01
0 1.259069 0.511524 0.01 0.01
0 1.265977 0.522535 0.01 0.01
0 1.273807 0.509230 0.01 0.01
0 1.266438 0.497303 0.01 0.01
0 1.274728 0.482163 0.01 0.01
0 1.304204 0.503267 0.01 0.01
0 1.324469 0.517947 0.01 0.01
0 1.318481 0.512901 0.01 0.01
0 1.324008 0.493174 0.01 0.01
0 1.337825 0.506478 0.01 0.01
0 1.347957 0.517029 0.01 0.01
0 1.335522 0.487669 0.01 0.01
0 1.348879 0.496844 0.01 0.01
0 1.358090 0.493632 0.01 0.01
0 1.368222 0.498220 0.01 0.01
0 1.365459 0.518406 0.01 0.01
0 1.357629 0.504184 0.01 0.01
0 1.376973 0.509230 0.01 0.01
0 1.385263 0.495926 0.01 0.01
0 1.391711 0.502808 0.01 0.01
0 1.402765 0.494091 0.01 0.01
0 1.405989 0.506478 0.01 0.01
0 1.416121 0.514736 0.01 0.01
0 1.407370 0.525746 0.01 0.01
0 1.395396 0.559236 0.01 0.01
0 1.438689 0.564282 0.01 0.01
0 1.427635 0.517029 0.01 0.01
0 1.425332 0.499596 0.01 0.01
0 1.416121 0.491797 0.01 0.01
0 1.437307 0.500973 0.01 0.01
0 1.441913 0.513818 0.01 0.01
0 1.456190 0.506937 0.01 0.01
0 1.458493 0.497303 0.01 0.01
0 1.454808 0.488127 0.01 0.01
0 1.474152 0.498679 0.01 0.01
0 1.458493 0.534463 0.01 0.01
0 1.476455 0.565659 0.01 0.01
0 1.487969 0.549602 0.01 0.01
0 1.477376 0.539968 0.01 0.01
0 1.499944 0.507854 0.01 0.01
0 1.489351 0.507854 0.01 0.01
0 1.535868 0.536298 0.01 0.01
0 1.544618 0.549602 0.01 0.01
0 1.574555 0.565200 0.01 0.01
0 1.584227 0.556025 0.01 0.01
0 1.584687 0.546390 0.01 0.01
0 1.580542 0.537215 0.01 0.01
0 1.481694 0.504643 0.01 0.01
0 1.495741 0.485145 0.01 0.01
0 1.516466 0.491568 0.01 0.01
0 1.531665 0.497532 0.01 0.01
0 1.530974 0.520700 0.01 0.01
0 1.539034 0.522535 0.01 0.01
0 1.544100 0.514965 0.01 0.01
0 1.538573 0.501431 0.01 0.01
0 1.551700 0.498449 0.01 0.01
0 1.560681 0.510377 0.01 0.01
0 1.564135 0.497303 0.01 0.01
0 1.544331 0.488586 0.01 0.01
0 1.581636 0.499138 0.01 0.01
0 1.580945 0.516571 0.01 0.01
0 1.591538 0.514506 0.01 0.01
0 1.530514 0.473906 0.01 0.01
0 1.505873 0.557401 0.01 0.01
0 1.462811 0.515194 0.01 0.01
0 1.468107 0.478723 0.01 0.01
0 1.495511 0.409449 0.01 0.01
0 1.496432 0.444545 0.01 0.01
0 1.489754 0.461748 0.01 0.01
0 1.518309 0.478952 0.01 0.01
0 1.528671 0.460372 0.01 0.01
0 1.523835 0.444545 0.01 0.01
0 1.518539 0.408073 0.01 0.01
0 1.509558 0.429405 0.01 0.01
0 1.543640 0.431011 0.01 0.01
0 1.568050 0.428947 0.01 0.01
0 1.564595 0.451426 0.01 0.01
0 1.584169 0.466795 0.01 0.01
0 1.577491 0.478952 0.01 0.01
0 1.591308 0.492944 0.01 0.01
0 1.564365 0.410137 0.01 0.01
0 1.540876 0.409220 0.01 0.01
0 1.585321 0.414495 0.01 0.01
0 1.503340 0.396374 0.01 0.01
0 1.530283 0.395227 0.01 0.01
0 1.532126 0.358297 0.01 0.01
0 1.556075 0.377794 0.01 0.01
0 1.555845 0.363573 0.01 0.01
0 1.565516 0.356462 0.01 0.01
0 1.584860 0.376647 0.01 0.01
0 1.562753 0.394080 0.01 0.01
0 1.592920 0.394080 0.01 0.01
0 1.513933 0.314026 0.01 0.01
0 1.498274 0.294299 0.01 0.01
0 1.482845 0.310585 0.01 0.01
0 1.455902 0.313567 0.01 0.01
0 1.449224 0.292235 0.01 0.01
0 1.469719 0.292693 0.01 0.01
0 1.452909 0.358526 0.01 0.01
0 1.434256 0.358526 0.01 0.01
0 1.418136 0.373895 0.01 0.01
0 1.419978 0.392475 0.01 0.01
0 1.421130 0.410137 0.01 0.01
0 1.567589 0.295446 0.01 0.01
0 1.591308 0.311044 0.01 0.01
0 1.595453 0.293611 0.01 0.01
0 1.428959 0.299804 0.01 0.01
0 1.426656 0.319072 0.01 0.01
0 1.405701 0.310585 0.01 0.01
0 1.408925 0.292005 0.01 0.01
0 1.422511 0.279389 0.01 0.01
0 1.433335 0.264709 0.01 0.01
0 1.431032 0.247964 0.01 0.01
0 1.443467 0.234430 0.01 0.01
0 1.461659 0.235806 0.01 0.01
0 1.451987 0.264709 0.01 0.01
0 1.446230 0.282830 0.01 0.01
0 1.462811 0.277325 0.01 0.01
0 1.476628 0.267002 0.01 0.01
0 1.482385 0.249569 0.01 0.01
0 1.512782 0.266773 0.01 0.01
0 1.487911 0.283977 0.01 0.01
0 1.408004 0.329624 0.01 0.01
0 1.437940 0.337652 0.01 0.01
0 1.422281 0.342469 0.01 0.01
0 1.462350 0.339258 0.01 0.01
0 1.476628 0.333753 0.01 0.01
0 1.520151 0.252093 0.01 0.01
0 1.529362 0.235577 0.01 0.01
0 1.587854 0.244752 0.01 0.01
0 1.588545 0.253698 0.01 0.01
0 1.585781 0.266544 0.01 0.01
0 1.584400 0.288794 0.01 0.01
0 1.426426 0.221585 0.01 0.01
0 1.415603 0.240623 0.01 0.01
0 1.411227 0.264709 0.01 0.01
0 1.404319 0.249340 0.01 0.01
0 1.411688 0.211951 0.01 0.01
0 1.435868 0.207592 0.01 0.01
0 1.431492 0.192453 0.01 0.01
0 1.435407 0.177314 0.01 0.01
0 1.464883 0.189930 0.01 0.01
0 1.460047 0.208739 0.01 0.01
0 1.448303 0.224337 0.01 0.01
0 1.477088 0.221814 0.01 0.01
0 1.485839 0.204381 0.01 0.01
0 1.495971 0.192683 0.01 0.01
0 1.490905 0.177085 0.01 0.01
0 1.469259 0.162863 0.01 0.01
0 1.499656 0.164698 0.01 0.01
0 1.514394 0.178920 0.01 0.01
0 1.520611 0.164239 0.01 0.01
0 1.543640 0.164010 0.01 0.01
0 1.536271 0.189701 0.01 0.01
0 1.558147 0.174561 0.01 0.01
0 1.568740 0.169974 0.01 0.01
0 1.586702 0.162175 0.01 0.01
0 1.536961 0.206675 0.01 0.01
0 1.527980 0.217226 0.01 0.01
0 1.501728 0.223879 0.01 0.01
0 1.508176 0.213098 0.01 0.01
0 1.547094 0.224337 0.01 0.01
0 1.465113 0.176855 0.01 0.01
0 1.395173 0.011126 0.01 0.01
0 1.465344 0.120083 0.01 0.01
0 1.458896 0.146921 0.01 0.01
0 1.478240 0.127194 0.01 0.01
0 1.485148 0.114578 0.01 0.01
0 1.504492 0.115725 0.01 0.01
0 1.507025 0.128111 0.01 0.01
0 1.513012 0.113890 0.01 0.01
0 1.521302 0.117560 0.01 0.01
0 1.539495 0.116872 0.01 0.01
0 1.551700 0.109761 0.01 0.01
0 1.563214 0.108843 0.01 0.01
0 1.581636 0.123753 0.01 0.01
0 1.585781 0.116183 0.01 0.01
0 1.590157 0.105861 0.01 0.01
0 1.542488 0.133617 0.01 0.01
0 1.432413 0.149215 0.01 0.01
0 1.422742 0.113890 0.01 0.01
0 1.410767 0.114578 0.01 0.01
0 1.437480 0.118248 0.01 0.01
0 1.408925 0.152197 0.01 0.01
0 1.407543 0.164813 0.01 0.01
0 1.426196 0.169859 0.01 0.01
0 1.436328 0.167565 0.01 0.01
0 1.405701 0.193485 0.01 0.01
0 1.564595 0.200596 0.01 0.01
0 1.515545 0.201284 0.01 0.01
0 1.391507 0.112513 0.01 0.01
0 1.400488 0.115495 0.01 0.01
0 1.379763 0.119165 0.01 0.01
0 1.360419 0.123524 0.01 0.01
0 1.385750 0.149215 0.01 0.01
0 1.393580 0.165501 0.01 0.01
0 1.390126 0.180411 0.01 0.01
0 1.375387 0.173300 0.01 0.01
0 1.371703 0.162978 0.01 0.01
0 1.358577 0.165730 0.01 0.01
0 1.367097 0.178346 0.01 0.01
0 1.363413 0.193027 0.01 0.01
0 1.382757 0.192109 0.01 0.01
0 1.390816 0.204955 0.01 0.01
0 1.397264 0.219406 0.01 0.01
0 1.371242 0.222617 0.01 0.01
0 1.360649 0.213900 0.01 0.01
0 1.344990 0.180640 0.01 0.01
0 1.344069 0.152426 0.01 0.01
0 1.344990 0.164354 0.01 0.01
0 1.354202 0.150820 0.01 0.01
0 1.336700 0.122147 0.01 0.01
0 1.345911 0.120542 0.01 0.01
0 1.320580 0.117101 0.01 0.01
0 1.305151 0.116413 0.01 0.01
0 1.317356 0.145544 0.01 0.01
0 1.322883 0.151967 0.01 0.01
0 1.327489 0.164813 0.01 0.01
0 1.321501 0.174676 0.01 0.01
0 1.329331 0.211607 0.01 0.01
0 1.333246 0.190274 0.01 0.01
0 1.314132 0.206101 0.01 0.01
0 1.326568 0.226287 0.01 0.01
0 1.273521 0.112972 0.01 0.01
0 1.262007 0.120083 0.01 0.01
0 1.279048 0.122606 0.01 0.01
0 1.267534 0.150132 0.01 0.01
0 1.267534 0.163895 0.01 0.01
0 1.262007 0.184539 0.01 0.01
0 1.282502 0.193485 0.01 0.01
0 1.272600 0.205643 0.01 0.01
0 1.290101 0.203119 0.01 0.01
0 1.299543 0.176970 0.01 0.01
0 1.291944 0.166648 0.01 0.01
0 1.304609 0.155637 0.01 0.01
0 1.305761 0.167106 0.01 0.01
0 1.307373 0.193485 0.01 0.01
0 1.300234 0.221699 0.01 0.01
0 1.275363 0.221699 0.01 0.01
0 1.283653 0.234086 0.01 0.01
0 1.306451 0.234774 0.01 0.01
0 1.325335 0.237756 0.01 0.01
0 1.230826 0.131323 0.01 0.01
0 1.217239 0.151967 0.01 0.01
0 1.220693 0.169171 0.01 0.01
0 1.214015 0.177887 0.01 0.01
0 1.211712 0.193944 0.01 0.01
0 1.233589 0.192109 0.01 0.01
0 1.227141 0.203808 0.01 0.01
0 1.216318 0.218947 0.01 0.01
0 1.203422 0.204955 0.01 0.01
0 1.236122 0.179264 0.01 0.01
0 1.242800 0.164124 0.01 0.01
0 1.244643 0.149673 0.01 0.01
0 1.255005 0.205643 0.01 0.01
0 1.253854 0.192568 0.01 0.01
0 1.255466 0.218259 0.01 0.01
0 1.254084 0.234315 0.01 0.01
0 1.231286 0.235462 0.01 0.01
0 1.246485 0.251060 0.01 0.01
0 1.276652 0.248078 0.01 0.01
0 1.172631 0.116642 0.01 0.01
0 1.199344 0.112743 0.01 0.01
0 1.199574 0.124900 0.01 0.01
0 1.224214 0.119165 0.01 0.01
0 1.241485 0.121459 0.01 0.01
0 1.234807 0.122147 0.01 0.01
0 1.198883 0.168024 0.01 0.01
0 1.190132 0.155637 0.01 0.01
0 1.170558 0.157243 0.01 0.01
0 1.153748 0.163436 0.01 0.01
0 1.144997 0.154032 0.01 0.01
0 1.155130 0.174217 0.01 0.01
0 1.177928 0.169630 0.01 0.01
0 1.186909 0.178805 0.01 0.01
0 1.190593 0.195320 0.01 0.01
0 1.181382 0.205643 0.01 0.01
0 1.169637 0.197156 0.01 0.01
0 1.151675 0.204955 0.01 0.01
0 1.147070 0.193027 0.01 0.01
0 1.109774 0.118936 0.01 0.01
0 1.118295 0.119854 0.01 0.01
0 1.135105 0.121918 0.01 0.01
0 1.150995 0.118019 0.01 0.01
0 1.166884 0.112513 0.01 0.01
0 1.091352 0.116413 0.01 0.01
0 1.087898 0.131552 0.01 0.01
0 1.073850 0.123524 0.01 0.01
0 1.081680 0.151508 0.01 0.01
0 1.075693 0.166877 0.01 0.01
0 1.080529 0.175594 0.01 0.01
0 1.092043 0.165959 0.01 0.01
0 1.099872 0.179722 0.01 0.01
0 1.112538 0.165501 0.01 0.01
0 1.128427 0.151967 0.01 0.01
0 1.133954 0.183163 0.01 0.01
0 1.116453 0.187521 0.01 0.01
0 1.106320 0.197385 0.01 0.01
0 1.107241 0.208854 0.01 0.01
0 1.085134 0.207707 0.01 0.01
0 1.127506 0.205872 0.01 0.01
0 1.119446 0.197844 0.01 0.01
0 1.306506 0.464157 0.01 0.01
0 1.329994 0.477232 0.01 0.01
0 1.328152 0.463927 0.01 0.01
0 1.336672 0.432502 0.01 0.01
0 1.351871 0.445577 0.01 0.01
0 1.355095 0.464845 0.01 0.01
0 1.347265 0.479067 0.01 0.01
0 1.384341 0.472873 0.01 0.01
0 1.379275 0.458193 0.01 0.01
0 1.370524 0.435255 0.01 0.01
0 1.382959 0.409793 0.01 0.01
0 1.398158 0.422409 0.01 0.01
0 1.379966 0.388919 0.01 0.01
0 1.344963 0.412087 0.01 0.01
0 1.350489 0.379515 0.01 0.01
0 1.318480 0.394424 0.01 0.01
0 1.322395 0.412546 0.01 0.01
0 1.281174 0.408646 0.01 0.01
0 1.279563 0.462092 0.01 0.01
0 1.283708 0.376074 0.01 0.01
0 1.272193 0.389607 0.01 0.01
0 1.309960 0.379973 0.01 0.01
0 1.234093 0.463698 0.01 0.01
0 1.236396 0.478149 0.01 0.01
0 1.257812 0.466221 0.01 0.01
0 1.288900 0.478608 0.01 0.01
0 1.265872 0.420345 0.01 0.01
0 1.249292 0.411169 0.01 0.01
0 1.243765 0.391901 0.01 0.01
0 1.232021 0.405435 0.01 0.01
0 1.223270 0.399242 0.01 0.01
0 1.203926 0.412316 0.01 0.01
0 1.202775 0.443054 0.01 0.01
0 1.201854 0.393278 0.01 0.01
0 1.253667 0.377680 0.01 0.01
0 1.283162 0.360017 0.01 0.01
0 1.298821 0.328821 0.01 0.01
0 1.294906 0.310700 0.01 0.01
0 1.325764 0.309782 0.01 0.01
0 1.335206 0.326757 0.01 0.01
0 1.313789 0.347172 0.01 0.01
0 1.307572 0.359100 0.01 0.01
0 1.334284 0.369881 0.01 0.01
0 1.342114 0.358641 0.01 0.01
0 1.358234 0.359100 0.01 0.01
0 1.371130 0.345795 0.01 0.01
0 1.393237 0.346254 0.01 0.01
0 1.382644 0.313682 0.01 0.01
0 1.368596 0.329968 0.01 0.01
0 1.359846 0.313682 0.01 0.01
0 1.343726 0.311159 0.01 0.01
0 1.330830 0.296937 0.01 0.01
0 1.351095 0.296708 0.01 0.01
0 1.375505 0.298084 0.01 0.01
0 1.331985 0.262530 0.01 0.01
0 1.346493 0.261383 0.01 0.01
0 1.364225 0.265053 0.01 0.01
0 1.363303 0.281798 0.01 0.01
0 1.365376 0.246932 0.01 0.01
0 1.398306 0.281568 0.01 0.01
0 1.378272 0.284550 0.01 0.01
0 1.383108 0.269411 0.01 0.01
0 1.299976 0.279045 0.01 0.01
0 1.278560 0.299460 0.01 0.01
0 1.287771 0.259777 0.01 0.01
0 1.299746 0.248767 0.01 0.01
0 1.259216 0.265741 0.01 0.01
0 1.257143 0.284091 0.01 0.01
0 1.349375 0.223993 0.01 0.01
0 1.350987 0.238674 0.01 0.01
0 1.371021 0.236380 0.01 0.01
0 1.394050 0.237068 0.01 0.01
0 1.305852 0.262071 0.01 0.01
0 1.317366 0.284780 0.01 0.01
0 1.314142 0.294643 0.01 0.01
0 1.279369 0.282945 0.01 0.01
0 1.146592 0.444201 0.01 0.01
0 1.145671 0.421262 0.01 0.01
0 1.126788 0.457963 0.01 0.01
0 1.155573 0.461404 0.01 0.01
0 1.186891 0.460028 0.01 0.01
0 1.172844 0.445118 0.01 0.01
0 1.186661 0.429291 0.01 0.01
0 1.181134 0.387314 0.01 0.01
0 1.174226 0.411399 0.01 0.01
0 1.213604 0.378597 0.01 0.01
0 1.209459 0.361164 0.01 0.01
0 1.232487 0.359558 0.01 0.01
0 1.261963 0.362540 0.01 0.01
0 1.158106 0.374927 0.01 0.01
0 1.144519 0.390525 0.01 0.01
0 1.134617 0.375845 0.01 0.01
0 1.133466 0.354971 0.01 0.01
0 1.162942 0.354741 0.01 0.01
0 1.175120 0.312764 0.01 0.01
0 1.162685 0.327904 0.01 0.01
0 1.158079 0.343960 0.01 0.01
0 1.203445 0.331115 0.01 0.01
0 1.205287 0.311159 0.01 0.01
0 1.208051 0.296478 0.01 0.01
0 1.233382 0.296249 0.01 0.01
0 1.222098 0.326527 0.01 0.01
0 1.241442 0.316664 0.01 0.01
0 1.214038 0.344648 0.01 0.01
0 1.219832 0.263906 0.01 0.01
0 1.214305 0.251519 0.01 0.01
0 1.201409 0.236839 0.01 0.01
0 1.186441 0.229040 0.01 0.01
0 1.173545 0.232710 0.01 0.01
0 1.183217 0.251060 0.01 0.01
0 1.166867 0.273769 0.01 0.01
0 1.165946 0.284550 0.01 0.01
0 1.181605 0.282027 0.01 0.01
0 1.187592 0.272164 0.01 0.01
0 1.197264 0.264594 0.01 0.01
0 1.193810 0.273769 0.01 0.01
0 1.239866 0.264135 0.01 0.01
0 1.230425 0.278128 0.01 0.01
0 1.162492 0.225370 0.01 0.01
0 1.149596 0.235462 0.01 0.01
0 1.092618 0.627248 0.01 0.01
0 1.089855 0.595364 0.01 0.01
0 1.067518 0.621284 0.01 0.01
0 1.073275 0.665325 0.01 0.01
0 1.117719 0.623807 0.01 0.01
0 1.137293 0.641699 0.01 0.01
0 1.147886 0.657985 0.01 0.01
0 1.127391 0.664408 0.01 0.01
0 1.188876 0.577242 0.01 0.01
0 1.173217 0.559121 0.01 0.01
0 1.063917 0.481360 0.01 0.01
0 1.086485 0.480672 0.01 0.01
0 1.085103 0.501546 0.01 0.01
0 1.073128 0.508198 0.01 0.01
0 1.081188 0.520814 0.01 0.01
0 1.088788 0.540082 0.01 0.01
0 1.094084 0.554304 0.01 0.01
0 1.112507 0.552469 0.01 0.01
0 1.111586 0.528843 0.01 0.01
0 1.099611 0.521732 0.01 0.01
0 1.093163 0.524026 0.01 0.01
0 1.101223 0.508886 0.01 0.01
0 1.092933 0.507739 0.01 0.01
0 1.121718 0.502464 0.01 0.01
0 1.130008 0.518750 0.01 0.01
0 1.133462 0.539853 0.01 0.01
0 1.141522 0.521044 0.01 0.01
0 1.151424 0.512557 0.01 0.01
0 1.156030 0.525173 0.01 0.01
0 1.149352 0.552928 0.01 0.01
0 1.173992 0.524484 0.01 0.01
0 1.189421 0.522649 0.01 0.01
0 1.185506 0.506593 0.01 0.01
0 1.171919 0.496041 0.01 0.01
0 1.196099 0.505904 0.01 0.01
0 1.205310 0.542606 0.01 0.01
0 1.063226 0.551093 0.01 0.01
0 1.048949 0.560268 0.01 0.01
0 1.056088 0.522191 0.01 0.01
0 1.052403 0.509345 0.01 0.01
0 1.112814 0.476314 0.01 0.01
0 1.099227 0.458422 0.01 0.01
0 1.074357 0.451770 0.01 0.01
0 1.064455 0.439842 0.01 0.01
0 1.063994 0.425391 0.01 0.01
0 1.103833 0.420345 0.01 0.01
0 1.091398 0.438695 0.01 0.01
0 1.112814 0.439383 0.01 0.01
0 1.121335 0.424244 0.01 0.01
0 1.179366 0.479525 0.01 0.01
0 1.150580 0.478608 0.01 0.01
0 0.906336 0.538018 0.01 0.01
0 0.919462 0.531366 0.01 0.01
0 0.918081 0.513245 0.01 0.01
0 0.931437 0.517832 0.01 0.01
0 0.928443 0.549258 0.01 0.01
0 0.968743 0.554763 0.01 0.01
0 0.963677 0.531366 0.01 0.01
0 0.952162 0.545129 0.01 0.01
0 0.954926 0.532513 0.01 0.01
0 0.954235 0.519897 0.01 0.01
0 0.959531 0.506822 0.01 0.01
0 0.973809 0.500399 0.01 0.01
0 0.965288 0.489618 0.01 0.01
0 0.948248 0.483884 0.01 0.01
0 0.935352 0.479525 0.01 0.01
0 0.900119 0.488013 0.01 0.01
0 1.012727 0.533889 0.01 0.01
0 0.999370 0.523567 0.01 0.01
0 0.980027 0.519897 0.01 0.01
0 1.012727 0.514162 0.01 0.01
0 1.040591 0.523108 0.01 0.01
0 1.003515 0.555222 0.01 0.01
0 0.998679 0.535954 0.01 0.01
0 1.018253 0.582977 0.01 0.01
0 0.985553 0.566920 0.01 0.01
0 1.035755 0.584583 0.01 0.01
0 1.038288 0.511180 0.01 0.01
0 1.040591 0.496959 0.01 0.01
0 1.002134 0.504758 0.01 0.01
0 1.015490 0.506134 0.01 0.01
0 0.990620 0.506134 0.01 0.01
0 0.909790 0.552469 0.01 0.01
0 0.837839 0.539394 0.01 0.01
0 0.910608 0.573802 0.01 0.01
0 0.833335 0.654315 0.01 0.01
0 0.962877 0.440530 0.01 0.01
0 0.968174 0.453605 0.01 0.01
0 0.968865 0.474938 0.01 0.01
0 0.996268 0.463010 0.01 0.01
0 1.009394 0.436860 0.01 0.01
0 1.011697 0.424932 0.01 0.01
0 0.980609 0.421262 0.01 0.01
0 0.983373 0.405435 0.01 0.01
0 0.970937 0.403829 0.01 0.01
0 0.995808 0.377909 0.01 0.01
0 1.006861 0.372404 0.01 0.01
0 1.036568 0.373780 0.01 0.01
0 1.031041 0.389149 0.01 0.01
0 1.029429 0.405205 0.01 0.01
0 1.036568 0.421950 0.01 0.01
0 1.033113 0.442824 0.01 0.01
0 1.022981 0.455440 0.01 0.01
0 1.042555 0.455670 0.01 0.01
0 1.028278 0.478149 0.01 0.01
0 1.056833 0.474938 0.01 0.01
0 1.057984 0.404517 0.01 0.01
0 1.062590 0.392819 0.01 0.01
0 1.084697 0.392360 0.01 0.01
0 1.081242 0.369422 0.01 0.01
0 1.105652 0.370339 0.01 0.01
0 1.061438 0.376991 0.01 0.01
0 1.090914 0.407958 0.01 0.01
0 1.142921 0.407499 0.01 0.01
0 0.936193 0.365522 0.01 0.01
0 0.929285 0.384332 0.01 0.01
0 0.924679 0.398553 0.01 0.01
0 0.918462 0.392131 0.01 0.01
0 0.908560 0.378138 0.01 0.01
0 0.915929 0.405435 0.01 0.01
0 0.918922 0.423327 0.01 0.01
0 0.945865 0.414381 0.01 0.01
0 0.948629 0.389378 0.01 0.01
0 0.955537 0.374927 0.01 0.01
0 0.955077 0.362999 0.01 0.01
0 0.991922 0.362082 0.01 0.01
0 0.926061 0.437778 0.01 0.01
0 0.916620 0.457963 0.01 0.01
0 0.901651 0.444659 0.01 0.01
0 0.894743 0.424015 0.01 0.01
0 0.881386 0.439154 0.01 0.01
0 0.885071 0.454064 0.01 0.01
0 0.882077 0.404288 0.01 0.01
0 0.877472 0.389378 0.01 0.01
0 0.829945 0.362311 0.01 0.01
0 0.824418 0.374239 0.01 0.01
0 0.835011 0.390066 0.01 0.01
0 0.830175 0.409334 0.01 0.01
0 0.813595 0.423327 0.01 0.01
0 0.800238 0.402224 0.01 0.01
0 0.800699 0.446953 0.01 0.01
0 0.811292 0.434108 0.01 0.01
0 0.814516 0.451541 0.01 0.01
0 0.832478 0.437778 0.01 0.01
0 0.839156 0.455211 0.01 0.01
0 0.817510 0.472185 0.01 0.01
0 0.869553 0.461404 0.01 0.01
0 0.857579 0.442365 0.01 0.01
0 0.859191 0.404288 0.01 0.01
0 0.854355 0.373780 0.01 0.01
0 0.855046 0.360017 0.01 0.01
0 0.876922 0.357035 0.01 0.01
0 0.878074 0.375615 0.01 0.01
0 0.945633 0.439613 0.01 0.01
0 0.953693 0.426538 0.01 0.01
0 0.003168 0.263447 0.01 0.01
0 0.008694 0.276063 0.01 0.01
0 0.007543 0.299690 0.01 0.01
0 0.006622 0.321022 0.01 0.01
0 0.022742 0.315288 0.01 0.01
0 0.028729 0.303589 0.01 0.01
0 0.021130 0.247620 0.01 0.01
0 0.044618 0.245785 0.01 0.01
0 0.046230 0.258859 0.01 0.01
0 0.054751 0.273769 0.01 0.01
0 0.035868 0.286385 0.01 0.01
0 0.029420 0.286844 0.01 0.01
0 0.030111 0.274687 0.01 0.01
0 0.065113 0.290285 0.01 0.01
0 0.076397 0.275146 0.01 0.01
0 0.065344 0.261383 0.01 0.01
0 0.062350 0.248308 0.01 0.01
0 0.061659 0.240738 0.01 0.01
0 0.085609 0.229957 0.01 0.01
0 0.086760 0.249455 0.01 0.01
0 0.086299 0.260924 0.01 0.01
0 0.098274 0.270329 0.01 0.01
0 0.079391 0.289367 0.01 0.01
0 0.054520 0.304507 0.01 0.01
0 0.070410 0.304048 0.01 0.01
0 0.078009 0.314599 0.01 0.01
0 0.072713 0.328133 0.01 0.01
0 0.091826 0.329280 0.01 0.01
0 0.100116 0.303589 0.01 0.01
0 0.100807 0.293267 0.01 0.01
0 0.117848 0.285238 0.01 0.01
0 0.123375 0.299919 0.01 0.01
0 0.133047 0.291661 0.01 0.01
0 0.135350 0.276292 0.01 0.01
0 0.129592 0.264823 0.01 0.01
0 0.111630 0.260694 0.01 0.01
0 0.107716 0.244179 0.01 0.01
0 0.108176 0.235233 0.01 0.01
0 0.130283 0.232939 0.01 0.01
0 0.136271 0.244408 0.01 0.01
0 0.143409 0.263218 0.01 0.01
0 0.162753 0.270787 0.01 0.01
0 0.153772 0.287762 0.01 0.01
0 0.140416 0.327904 0.01 0.01
0 0.123375 0.342584 0.01 0.01
0 0.114394 0.330656 0.01 0.01
0 0.069489 0.353136 0.01 0.01
0 0.079161 0.349924 0.01 0.01
0 0.061429 0.347630 0.01 0.01
0 0.042316 0.344648 0.01 0.01
0 0.022742 0.343502 0.01 0.01
0 0.020439 0.355659 0.01 0.01
0 0.002937 0.345107 0.01 0.01
0 0.012371 0.385020 0.01 0.01
0 0.027339 0.387314 0.01 0.01
0 0.038162 0.404747 0.01 0.01
0 0.050367 0.386396 0.01 0.01
0 0.057276 0.381808 0.01 0.01
0 0.055894 0.372404 0.01 0.01
0 0.043229 0.360476 0.01 0.01
0 0.086752 0.367357 0.01 0.01
0 0.099648 0.367357 0.01 0.01
0 0.114616 0.364375 0.01 0.01
0 0.123136 0.372174 0.01 0.01
0 0.145474 0.344648 0.01 0.01
0 0.162515 0.330656 0.01 0.01
0 0.193603 0.360246 0.01 0.01
0 0.197748 0.338226 0.01 0.01
0 0.184852 0.374009 0.01 0.01
0 0.172187 0.382497 0.01 0.01
0 0.175411 0.418739 0.01 0.01
0 0.152613 0.422180 0.01 0.01
0 0.138105 0.432043 0.01 0.01
0 0.126591 0.429291 0.01 0.01
0 0.108859 0.432273 0.01 0.01
0 0.146856 0.318958 0.01 0.01
0 0.169884 0.322857 0.01 0.01
0 0.060960 0.405664 0.01 0.01
0 0.195445 0.436172 0.01 0.01
0 0.197287 0.420345 0.01 0.01
0 0.152613 0.436631 0.01 0.01
0 0.043928 0.455899 0.01 0.01
0 0.061429 0.464616 0.01 0.01
0 0.066035 0.473791 0.01 0.01
0 0.069489 0.499482 0.01 0.01
0 0.063501 0.497417 0.01 0.01
0 0.073404 0.508198 0.01 0.01
0 0.055672 0.506134 0.01 0.01
0 0.043467 0.515309 0.01 0.01
0 0.042776 0.505216 0.01 0.01
0 0.122223 0.472185 0.01 0.01
0 0.118078 0.469203 0.01 0.01
0 0.105413 0.457734 0.01 0.01
0 0.094129 0.468286 0.01 0.01
0 0.085378 0.484801 0.01 0.01
0 0.097583 0.475397 0.01 0.01
0 0.101037 0.488471 0.01 0.01
0 0.106795 0.496270 0.01 0.01
0 0.088142 0.515309 0.01 0.01
0 0.098044 0.515309 0.01 0.01
0 0.107485 0.510721 0.01 0.01
0 0.113703 0.518520 0.01 0.01
0 0.126138 0.512557 0.01 0.01
0 0.129362 0.502464 0.01 0.01
0 0.136501 0.514621 0.01 0.01
0 0.145482 0.498564 0.01 0.01
0 0.137422 0.489389 0.01 0.01
0 0.146173 0.472644 0.01 0.01
0 0.138804 0.465762 0.01 0.01
0 0.121993 0.462551 0.01 0.01
0 0.152160 0.458193 0.01 0.01
0 0.168740 0.459799 0.01 0.01
0 0.176570 0.442595 0.01 0.01
0 0.183018 0.435713 0.01 0.01
0 0.185090 0.480672 0.01 0.01
0 0.179794 0.500629 0.01 0.01
0 0.165977 0.500858 0.01 0.01
0 0.167589 0.515997 0.01 0.01
0 0.179103 0.518062 0.01 0.01
0 0.156996 0.515309 0.01 0.01
0 0.206047 0.502005 0.01 0.01
0 0.198678 0.494206 0.01 0.01
0 0.192921 0.488930 0.01 0.01
0 0.209271 0.476314 0.01 0.01
0 0.217101 0.502464 0.01 0.01
0 0.230918 0.499023 0.01 0.01
0 0.241511 0.496500 0.01 0.01
0 0.242202 0.481360 0.01 0.01
0 0.239668 0.471956 0.01 0.01
0 0.280659 0.481590 0.01 0.01
0 0.288488 0.465762 0.01 0.01
0 0.296548 0.494894 0.01 0.01
0 0.192493 0.384561 0.01 0.01
0 0.189039 0.401077 0.01 0.01
0 0.214370 0.405435 0.01 0.01
0 0.221508 0.423327 0.01 0.01
0 0.237168 0.449935 0.01 0.01
0 0.220357 0.456587 0.01 0.01
0 0.209764 0.460028 0.01 0.01
0 0.267565 0.419657 0.01 0.01
0 0.261347 0.434796 0.01 0.01
0 0.242925 0.419657 0.01 0.01
0 0.245688 0.387543 0.01 0.01
0 0.273552 0.385479 0.01 0.01
0 0.271940 0.401535 0.01 0.01
0 0.287599 0.420574 0.01 0.01
0 0.291054 0.437090 0.01 0.01
0 0.279539 0.453376 0.01 0.01
0 0.273782 0.457046 0.01 0.01
0 0.272861 0.449018 0.01 0.01
0 0.061219 0.206560 0.01 0.01
0 0.057305 0.216653 0.01 0.01
0 0.079642 0.210460 0.01 0.01
0 0.078721 0.197385 0.01 0.01
0 0.077569 0.176511 0.01 0.01
0 0.098525 0.178805 0.01 0.01
0 0.090695 0.175135 0.01 0.01
0 0.107506 0.169630 0.01 0.01
0 0.116257 0.183393 0.01 0.01
0 0.118560 0.193027 0.01 0.01
0 0.098065 0.209542 0.01 0.01
0 0.097834 0.220553 0.01 0.01
0 0.115566 0.221699 0.01 0.01
0 0.128231 0.212524 0.01 0.01
0 0.128001 0.188668 0.01 0.01
0 0.130074 0.175823 0.01 0.01
0 0.146654 0.202431 0.01 0.01
0 0.158859 0.198761 0.01 0.01
0 0.146654 0.192109 0.01 0.01
0 0.137443 0.194174 0.01 0.01
0 0.167840 0.178576 0.01 0.01
0 0.175209 0.193256 0.01 0.01
0 0.167149 0.201973 0.01 0.01
0 0.168070 0.223993 0.01 0.01
0 0.174979 0.230187 0.01 0.01
0 0.169452 0.257483 0.01 0.01
0 0.157708 0.244179 0.01 0.01
0 0.162313 0.230187 0.01 0.01
0 0.188105 0.245096 0.01 0.01
0 0.193862 0.255189 0.01 0.01
0 0.197086 0.230187 0.01 0.01
0 0.182578 0.223076 0.01 0.01
0 0.198237 0.207707 0.01 0.01
0 0.197777 0.193715 0.01 0.01
0 0.186953 0.181787 0.01 0.01
0 0.183499 0.168712 0.01 0.01
0 0.198928 0.167336 0.01 0.01
0 0.040656 0.127653 0.01 0.01
0 0.046874 0.140957 0.01 0.01
0 0.055164 0.133846 0.01 0.01
0 0.070132 0.138434 0.01 0.01
0 0.063454 0.132470 0.01 0.01
0 0.077501 0.135222 0.01 0.01
0 0.077271 0.124671 0.01 0.01
0 0.107899 0.138434 0.01 0.01
0 0.099839 0.147609 0.01 0.01
0 0.119873 0.133387 0.01 0.01
0 0.130006 0.138663 0.01 0.01
0 0.177904 0.136828 0.01 0.01
0 0.176062 0.126735 0.01 0.01
0 0.194945 0.134993 0.01 0.01
0 0.015142 0.130864 0.01 0.01
0 0.010306 0.150361 0.01 0.01
0 0.016524 0.146691 0.01 0.01
0 0.020208 0.136599 0.01 0.01
0 0.025966 0.145315 0.01 0.01
0 0.166616 0.297625 0.01 0.01
0 0.174446 0.287762 0.01 0.01
0 0.191487 0.289367 0.01 0.01
0 0.200007 0.301066 0.01 0.01
0 0.217969 0.286615 0.01 0.01
0 0.230634 0.267347 0.01 0.01
0 0.218199 0.246702 0.01 0.01
0 0.215896 0.231563 0.01 0.01
0 0.241918 0.242344 0.01 0.01
0 0.251130 0.284321 0.01 0.01
0 0.255735 0.244867 0.01 0.01
0 0.258729 0.233857 0.01 0.01
0 0.259880 0.202202 0.01 0.01
0 0.278994 0.193485 0.01 0.01
0 0.282218 0.242344 0.01 0.01
0 0.245373 0.313682 0.01 0.01
0 0.270934 0.302671 0.01 0.01
0 0.295344 0.300378 0.01 0.01
0 0.283139 0.286615 0.01 0.01
0 0.294192 0.271246 0.01 0.01
0 0.300410 0.282256 0.01 0.01
0 0.318372 0.284321 0.01 0.01
0 0.316990 0.271017 0.01 0.01
0 0.208269 0.375386 0.01 0.01
0 0.215639 0.356347 0.01 0.01
0 0.214948 0.345107 0.01 0.01
0 0.243272 0.343502 0.01 0.01
0 0.231989 0.333179 0.01 0.01
0 0.256629 0.329509 0.01 0.01
0 0.263767 0.343272 0.01 0.01
0 0.272058 0.329509 0.01 0.01
0 0.277584 0.316893 0.01 0.01
0 0.298079 0.317123 0.01 0.01
0 0.296007 0.328592 0.01 0.01
0 0.278275 0.355888 0.01 0.01
0 0.297158 0.387772 0.01 0.01
0 0.288408 0.377450 0.01 0.01
0 0.299461 0.355659 0.01 0.01
0 0.318114 0.341667 0.01 0.01
0 0.329398 0.314829 0.01 0.01
0 0.337688 0.348089 0.01 0.01
0 0.346439 0.327904 0.01 0.01
0 0.343215 0.372863 0.01 0.01
0 0.317423 0.390525 0.01 0.01
0 0.322029 0.374239 0.01 0.01
0 0.300152 0.407729 0.01 0.01
0 0.329628 0.403141 0.01 0.01
0 0.344827 0.392589 0.01 0.01
0 0.346439 0.408417 0.01 0.01
0 0.206092 0.183622 0.01 0.01
0 0.229120 0.180411 0.01 0.01
0 0.218527 0.176511 0.01 0.01
0 0.243858 0.188898 0.01 0.01
0 0.239253 0.200826 0.01 0.01
0 0.257445 0.168941 0.01 0.01
0 0.258366 0.148068 0.01 0.01
0 0.280704 0.136828 0.01 0.01
0 0.276789 0.167336 0.01 0.01
0 0.274947 0.183163 0.01 0.01
0 0.267808 0.187292 0.01 0.01
0 0.287612 0.168253 0.01 0.01
0 0.296593 0.178805 0.01 0.01
0 0.293830 0.189586 0.01 0.01
0 0.300968 0.138892 0.01 0.01
0 0.325839 0.138204 0.01 0.01
0 0.334359 0.134993 0.01 0.01
0 0.324918 0.166648 0.01 0.01
0 0.317088 0.181328 0.01 0.01
0 0.332287 0.187751 0.01 0.01
0 0.320542 0.191192 0.01 0.01
0 0.343801 0.163207 0.01 0.01
0 0.291675 0.221699 0.01 0.01
0 0.307565 0.226287 0.01 0.01
0 0.313552 0.207478 0.01 0.01
0 0.339113 0.214589 0.01 0.01
0 0.339574 0.227434 0.01 0.01
0 0.340035 0.247620 0.01 0.01
0 0.340495 0.271246 0.01 0.01
0 0.352930 0.260694 0.01 0.01
0 0.362602 0.246932 0.01 0.01
0 0.365366 0.231792 0.01 0.01
0 0.353852 0.218259 0.01 0.01
0 0.374577 0.217571 0.01 0.01
0 0.367438 0.202431 0.01 0.01
0 0.357997 0.186375 0.01 0.01
0 0.376419 0.187751 0.01 0.01
0 0.364214 0.271934 0.01 0.01
0 0.346713 0.286385 0.01 0.01
0 0.342798 0.301066 0.01 0.01
0 0.336580 0.290744 0.01 0.01
0 0.367548 0.300148 0.01 0.01
0 0.363402 0.312535 0.01 0.01
0 0.367778 0.332950 0.01 0.01
0 0.359948 0.340978 0.01 0.01
0 0.357185 0.354053 0.01 0.01
0 0.391497 0.331115 0.01 0.01
0 0.388733 0.311159 0.01 0.01
0 0.385740 0.301754 0.01 0.01
0 0.386431 0.290285 0.01 0.01
0 0.379522 0.261612 0.01 0.01
0 0.379062 0.248308 0.01 0.01
0 0.379522 0.235004 0.01 0.01
0 0.395412 0.243720 0.01 0.01
0 0.389194 0.260694 0.01 0.01
0 0.394951 0.271934 0.01 0.01
0 0.418440 0.258859 0.01 0.01
0 0.415216 0.242114 0.01 0.01
0 0.428112 0.228581 0.01 0.01
0 0.430875 0.251290 0.01 0.01
0 0.440086 0.269870 0.01 0.01
0 0.446304 0.254272 0.01 0.01
0 0.414525 0.283403 0.01 0.01
0 0.405544 0.311847 0.01 0.01
0 0.403472 0.298772 0.01 0.01
0 0.423276 0.300836 0.01 0.01
0 0.429033 0.319416 0.01 0.01
0 0.412222 0.327215 0.01 0.01
0 0.429954 0.334097 0.01 0.01
0 0.440086 0.343043 0.01 0.01
0 0.447455 0.333409 0.01 0.01
0 0.417979 0.343502 0.01 0.01
0 0.409459 0.354971 0.01 0.01
0 0.397024 0.342125 0.01 0.01
0 0.458739 0.313223 0.01 0.01
0 0.450910 0.298313 0.01 0.01
0 0.449758 0.280880 0.01 0.01
0 0.454134 0.242573 0.01 0.01
0 0.463115 0.256795 0.01 0.01
0 0.463575 0.269640 0.01 0.01
0 0.471174 0.300607 0.01 0.01
0 0.472556 0.328133 0.01 0.01
0 0.466339 0.343043 0.01 0.01
0 0.353470 0.134075 0.01 0.01
0 0.364294 0.131781 0.01 0.01
0 0.363373 0.144398 0.01 0.01
0 0.349325 0.133846 0.01 0.01
0 0.393309 0.126735 0.01 0.01
0 0.384098 0.136369 0.01 0.01
0 0.399066 0.123524 0.01 0.01
0 0.416798 0.127423 0.01 0.01
0 0.416337 0.142333 0.01 0.01
0 0.430385 0.132470 0.01 0.01
0 0.440287 0.122377 0.01 0.01
0 0.445814 0.131323 0.01 0.01
0 0.413113 0.166189 0.01 0.01
0 0.399527 0.174905 0.01 0.01
0 0.416798 0.175364 0.01 0.01
0 0.382716 0.183393 0.01 0.01
0 0.392618 0.191192 0.01 0.01
0 0.390316 0.200367 0.01 0.01
0 0.424397 0.188439 0.01 0.01
0 0.410120 0.196009 0.01 0.01
0 0.434299 0.178346 0.01 0.01
0 0.430845 0.164354 0.01 0.01
0 0.452492 0.165042 0.01 0.01
0 0.465848 0.128111 0.01 0.01
0 0.475980 0.130405 0.01 0.01
0 0.466539 0.161142 0.01 0.01
0 0.467690 0.174217 0.01 0.01
0 0.484501 0.162748 0.01 0.01
0 0.480816 0.175135 0.01 0.01
0 0.474599 0.186604 0.01 0.01
0 0.460782 0.201514 0.01 0.01
0 0.438905 0.201973 0.01 0.01
0 0.442820 0.214359 0.01 0.01
0 0.424858 0.216424 0.01 0.01
0 0.502233 0.172841 0.01 0.01
0 0.500390 0.162748 0.01 0.01
0 0.476671 0.219635 0.01 0.01
0 0.394461 0.213212 0.01 0.01
0 0.399987 0.224911 0.01 0.01
0 0.507145 0.129258 0.01 0.01
0 0.519119 0.159766 0.01 0.01
0 0.516356 0.173529 0.01 0.01
0 0.512671 0.188439 0.01 0.01
0 0.508987 0.204725 0.01 0.01
0 0.515665 0.215506 0.01 0.01
0 0.529942 0.206331 0.01 0.01
0 0.530403 0.188439 0.01 0.01
0 0.530633 0.171006 0.01 0.01
0 0.535009 0.159996 0.01 0.01
0 0.537312 0.126964 0.01 0.01
0 0.524646 0.134305 0.01 0.01
0 0.550898 0.128341 0.01 0.01
0 0.571854 0.126964 0.01 0.01
0 0.584289 0.127423 0.01 0.01
0 0.598797 0.134075 0.01 0.01
0 0.602021 0.126276 0.01 0.01
0 0.604093 0.120083 0.01 0.01
0 0.618371 0.133846 0.01 0.01
0 0.621364 0.121689 0.01 0.01
0 0.576920 0.173758 0.01 0.01
0 0.573466 0.160684 0.01 0.01
0 0.556195 0.174447 0.01 0.01
0 0.550207 0.160454 0.01 0.01
0 0.554583 0.184769 0.01 0.01
0 0.554813 0.198302 0.01 0.01
0 0.537312 0.212295 0.01 0.01
0 0.558958 0.212983 0.01 0.01
0 0.570702 0.200596 0.01 0.01
0 0.579453 0.190274 0.01 0.01
0 0.602251 0.172382 0.01 0.01
0 0.607087 0.164354 0.01 0.01
0 0.589586 0.196926 0.01 0.01
0 0.590276 0.215735 0.01 0.01
0 0.576920 0.215277 0.01 0.01
0 0.606166 0.190274 0.01 0.01
0 0.616298 0.196467 0.01 0.01
0 0.619062 0.185228 0.01 0.01
0 0.616068 0.173300 0.01 0.01
0 0.527644 0.230875 0.01 0.01
0 0.492641 0.242803 0.01 0.01
0 0.492411 0.255189 0.01 0.01
0 0.492411 0.268035 0.01 0.01
0 0.485042 0.230187 0.01 0.01
0 0.480897 0.201284 0.01 0.01
0 0.490799 0.183393 0.01 0.01
0 0.508761 0.257024 0.01 0.01
0 0.513367 0.272164 0.01 0.01
0 0.523729 0.282256 0.01 0.01
0 0.535013 0.259777 0.01 0.01
0 0.541461 0.234545 0.01 0.01
0 0.558732 0.255877 0.01 0.01
0 0.573010 0.243950 0.01 0.01
0 0.568174 0.226975 0.01 0.01
0 0.590511 0.226746 0.01 0.01
0 0.592584 0.239362 0.01 0.01
0 0.585445 0.253125 0.01 0.01
0 0.574392 0.269411 0.01 0.01
0 0.605480 0.256795 0.01 0.01
0 0.619066 0.235004 0.01 0.01
0 0.619527 0.213212 0.01 0.01
0 0.622751 0.224911 0.01 0.01
0 0.643476 0.223534 0.01 0.01
0 0.634035 0.194403 0.01 0.01
0 0.633574 0.209083 0.01 0.01
0 0.640943 0.186145 0.01 0.01
0 0.643937 0.174905 0.01 0.01
0 0.660747 0.169630 0.01 0.01
0 0.660056 0.185228 0.01 0.01
0 0.657063 0.199449 0.01 0.01
0 0.652918 0.212065 0.01 0.01
0 0.670649 0.209083 0.01 0.01
0 0.675485 0.195550 0.01 0.01
0 0.641864 0.237986 0.01 0.01
0 0.649694 0.253813 0.01 0.01
0 0.624363 0.255877 0.01 0.01
0 0.641404 0.276522 0.01 0.01
0 0.567321 0.285468 0.01 0.01
0 0.547286 0.298543 0.01 0.01
0 0.542681 0.290055 0.01 0.01
0 0.531397 0.298772 0.01 0.01
0 0.535312 0.310241 0.01 0.01
0 0.526331 0.327215 0.01 0.01
0 0.555807 0.333179 0.01 0.01
0 0.567551 0.310241 0.01 0.01
0 0.582059 0.316434 0.01 0.01
0 0.581598 0.297854 0.01 0.01
0 0.585513 0.282486 0.01 0.01
0 0.608541 0.279504 0.01 0.01
0 0.596567 0.267805 0.01 0.01
0 0.581828 0.332491 0.01 0.01
0 0.574690 0.347172 0.01 0.01
0 0.565018 0.337996 0.01 0.01
0 0.595415 0.359329 0.01 0.01
0 0.597257 0.344648 0.01 0.01
0 0.619825 0.330197 0.01 0.01
0 0.629497 0.324233 0.01 0.01
0 0.612456 0.312076 0.01 0.01
0 0.646998 0.293496 0.01 0.01
0 0.604166 0.304965 0.01 0.01
0 0.664730 0.281339 0.01 0.01
0 0.627885 0.357953 0.01 0.01
0 0.643544 0.339373 0.01 0.01
0 0.655519 0.312994 0.01 0.01
0 0.669566 0.297625 0.01 0.01
0 0.674172 0.255419 0.01 0.01
0 0.668875 0.265970 0.01 0.01
0 0.683153 0.265970 0.01 0.01
0 0.688910 0.254731 0.01 0.01
0 0.688910 0.281339 0.01 0.01
0 0.680620 0.309324 0.01 0.01
0 0.678317 0.329509 0.01 0.01
0 0.677396 0.342125 0.01 0.01
0 0.703648 0.357953 0.01 0.01
0 0.705951 0.341667 0.01 0.01
0 0.671178 0.359100 0.01 0.01
0 0.655288 0.357035 0.01 0.01
0 0.641767 0.127423 0.01 0.01
0 0.633708 0.141416 0.01 0.01
0 0.648676 0.144627 0.01 0.01
0 0.648446 0.124441 0.01 0.01
0 0.665256 0.116413 0.01 0.01
0 0.672395 0.120083 0.01 0.01
0 0.668710 0.141645 0.01 0.01
0 0.688745 0.145544 0.01 0.01
0 0.687363 0.123294 0.01 0.01
0 0.703253 0.123065 0.01 0.01
0 0.713846 0.131781 0.01 0.01
0 0.727432 0.115266 0.01 0.01
0 0.721445 0.184310 0.01 0.01
0 0.701411 0.187292 0.01 0.01
0 0.696114 0.174447 0.01 0.01
0 0.681376 0.184769 0.01 0.01
0 0.697265 0.197844 0.01 0.01
0 0.704634 0.210001 0.01 0.01
0 0.719833 0.200367 0.01 0.01
0 0.736183 0.196238 0.01 0.01
0 0.739177 0.205184 0.01 0.01
0 0.719142 0.216424 0.01 0.01
0 0.721675 0.226975 0.01 0.01
0 0.744013 0.226516 0.01 0.01
0 0.756448 0.216424 0.01 0.01
0 0.761284 0.199908 0.01 0.01
0 0.747467 0.186375 0.01 0.01
0 0.747928 0.168024 0.01 0.01
0 0.762666 0.119624 0.01 0.01
0 0.768653 0.120542 0.01 0.01
0 0.739637 0.139122 0.01 0.01
0 0.763356 0.171235 0.01 0.01
0 0.766120 0.187751 0.01 0.01
0 0.789876 0.132699 0.01 0.01
0 0.799317 0.124441 0.01 0.01
0 0.807377 0.125588 0.01 0.01
0 0.830405 0.123524 0.01 0.01
0 0.840768 0.121918 0.01 0.01
0 0.844222 0.134993 0.01 0.01
0 0.855967 0.127423 0.01 0.01
0 0.862875 0.124212 0.01 0.01
0 0.882910 0.124441 0.01 0.01
0 0.855506 0.158390 0.01 0.01
0 0.835932 0.155637 0.01 0.01
0 0.841459 0.164354 0.01 0.01
0 0.773756 0.158160 0.01 0.01
0 0.793100 0.169859 0.01 0.01
0 0.795633 0.158849 0.01 0.01
0 0.792409 0.183393 0.01 0.01
0 0.782507 0.195091 0.01 0.01
0 0.776750 0.207248 0.01 0.01
0 0.771683 0.225828 0.01 0.01
0 0.789415 0.225828 0.01 0.01
0 0.806686 0.212065 0.01 0.01
0 0.807838 0.196697 0.01 0.01
0 0.815898 0.184539 0.01 0.01
0 0.805535 0.176282 0.01 0.01
0 0.815898 0.163895 0.01 0.01
0 0.826260 0.177887 0.01 0.01
0 0.842610 0.182704 0.01 0.01
0 0.859191 0.173758 0.01 0.01
0 0.864717 0.184310 0.01 0.01
0 0.875771 0.161142 0.01 0.01
0 0.885673 0.169171 0.01 0.01
0 0.887746 0.183393 0.01 0.01
0 0.869323 0.199908 0.01 0.01
0 0.837544 0.209772 0.01 0.01
0 0.835702 0.202202 0.01 0.01
0 0.813134 0.224452 0.01 0.01
0 0.798166 0.238444 0.01 0.01
0 0.827872 0.235004 0.01 0.01
0 0.873929 0.213442 0.01 0.01
0 0.874850 0.220553 0.01 0.01
0 0.882910 0.204266 0.01 0.01
0 0.889127 0.207936 0.01 0.01
0 0.896957 0.195320 0.01 0.01
0 0.899490 0.199679 0.01 0.01
0 0.676568 0.225370 0.01 0.01
0 0.684397 0.218947 0.01 0.01
0 0.669890 0.236839 0.01 0.01
0 0.689233 0.239133 0.01 0.01
0 0.703971 0.227434 0.01 0.01
0 0.712031 0.243032 0.01 0.01
0 0.717328 0.254960 0.01 0.01
0 0.708347 0.261612 0.01 0.01
0 0.712722 0.288909 0.01 0.01
0 0.707886 0.299690 0.01 0.01
0 0.727460 0.298772 0.01 0.01
0 0.735290 0.262530 0.01 0.01
0 0.743119 0.255419 0.01 0.01
0 0.737132 0.239821 0.01 0.01
0 0.767299 0.238444 0.01 0.01
0 0.773056 0.251290 0.01 0.01
0 0.775128 0.270558 0.01 0.01
0 0.758548 0.290744 0.01 0.01
0 0.734599 0.314141 0.01 0.01
0 0.764305 0.310929 0.01 0.01
0 0.753942 0.321022 0.01 0.01
0 0.779964 0.299690 0.01 0.01
0 0.792400 0.284321 0.01 0.01
0 0.801150 0.267117 0.01 0.01
0 0.796775 0.254272 0.01 0.01
0 0.792169 0.242344 0.01 0.01
0 0.826481 0.251749 0.01 0.01
0 0.846516 0.226746 0.01 0.01
0 0.833390 0.268035 0.01 0.01
0 0.810822 0.283174 0.01 0.01
0 0.801150 0.297166 0.01 0.01
0 0.796775 0.317352 0.01 0.01
0 0.730629 0.285009 0.01 0.01
0 0.781982 0.324692 0.01 0.01
0 0.769777 0.338685 0.01 0.01
0 0.763559 0.360935 0.01 0.01
0 0.742373 0.338685 0.01 0.01
0 0.746288 0.361164 0.01 0.01
0 0.741913 0.373092 0.01 0.01
0 0.714048 0.373551 0.01 0.01
0 0.731550 0.389149 0.01 0.01
0 0.707831 0.391443 0.01 0.01
0 0.772079 0.393966 0.01 0.01
0 0.787508 0.391901 0.01 0.01
0 0.482307 0.314370 0.01 0.01
0 0.493131 0.331574 0.01 0.01
0 0.493822 0.344648 0.01 0.01
0 0.496355 0.358870 0.01 0.01
0 0.467569 0.372174 0.01 0.01
0 0.478393 0.390754 0.01 0.01
0 0.457437 0.404976 0.01 0.01
0 0.451219 0.416216 0.01 0.01
0 0.473326 0.417822 0.01 0.01
0 0.484841 0.406582 0.01 0.01
0 0.501651 0.388461 0.01 0.01
0 0.494052 0.373092 0.01 0.01
0 0.513856 0.343502 0.01 0.01
0 0.506948 0.328362 0.01 0.01
0 0.520074 0.369881 0.01 0.01
0 0.521686 0.385708 0.01 0.01
0 0.503033 0.403141 0.01 0.01
0 0.503493 0.415757 0.01 0.01
0 0.525601 0.404517 0.01 0.01
0 0.528824 0.419657 0.01 0.01
0 0.544714 0.391213 0.01 0.01
0 0.547708 0.374927 0.01 0.01
0 0.562215 0.357723 0.01 0.01
0 0.572117 0.373321 0.01 0.01
0 0.568663 0.388231 0.01 0.01
0 0.557149 0.420115 0.01 0.01
0 0.557840 0.405205 0.01 0.01
0 0.586625 0.399242 0.01 0.01
0 0.596067 0.370798 0.01 0.01
0 0.605278 0.386167 0.01 0.01
0 0.615411 0.374468 0.01 0.01
0 0.579026 0.423556 0.01 0.01
0 0.597679 0.420345 0.01 0.01
0 0.480602 0.434796 0.01 0.01
0 0.475536 0.447871 0.01 0.01
0 0.460798 0.455440 0.01 0.01
0 0.454811 0.449476 0.01 0.01
0 0.460798 0.434108 0.01 0.01
0 0.505933 0.435484 0.01 0.01
0 0.504782 0.450623 0.01 0.01
0 0.527580 0.452458 0.01 0.01
0 0.528731 0.438925 0.01 0.01
0 0.557286 0.438925 0.01 0.01
0 0.554293 0.453835 0.01 0.01
0 0.563504 0.464386 0.01 0.01
0 0.585381 0.465762 0.01 0.01
0 0.590447 0.433878 0.01 0.01
0 0.583308 0.437090 0.01 0.01
0 0.612093 0.435943 0.01 0.01
0 0.625450 0.416904 0.01 0.01
0 0.633740 0.436172 0.01 0.01
0 0.617850 0.454064 0.01 0.01
0 0.558438 0.393507 0.01 0.01
0 0.378157 0.421950 0.01 0.01
0 0.368255 0.402912 0.01 0.01
0 0.413620 0.406582 0.01 0.01
0 0.395888 0.419427 0.01 0.01
0 0.393816 0.402682 0.01 0.01
0 0.378157 0.436631 0.01 0.01
0 0.376775 0.458422 0.01 0.01
0 0.386677 0.449476 0.01 0.01
0 0.400955 0.471497 0.01 0.01
0 0.406712 0.457734 0.01 0.01
0 0.409014 0.446494 0.01 0.01
0 0.405790 0.435943 0.01 0.01
0 0.437800 0.436631 0.01 0.01
0 0.425364 0.421262 0.01 0.01
0 0.430891 0.459569 0.01 0.01
0 0.441714 0.459569 0.01 0.01
0 0.448623 0.390525 0.01 0.01
0 0.429049 0.388690 0.01 0.01
0 0.339136 0.441677 0.01 0.01
0 0.319102 0.441677 0.01 0.01
0 0.323938 0.460945 0.01 0.01
0 0.311272 0.457275 0.01 0.01
0 0.307818 0.468974 0.01 0.01
0 0.334301 0.483654 0.01 0.01
0 0.342360 0.469662 0.01 0.01
0 0.335913 0.467139 0.01 0.01
0 0.361013 0.444889 0.01 0.01
0 0.358480 0.418739 0.01 0.01
0 0.350651 0.478837 0.01 0.01
0 0.342591 0.492141 0.01 0.01
0 0.364928 0.480672 0.01 0.01
0 0.355947 0.468056 0.01 0.01
0 0.330155 0.495353 0.01 0.01
0 0.320484 0.502693 0.01 0.01
0 0.372440 0.377680 0.01 0.01
0 0.365992 0.389149 0.01 0.01
0 0.392244 0.374927 0.01 0.01
0 0.380960 0.355200 0.01 0.01
0 0.418496 0.372404 0.01 0.01
0 0.435077 0.357265 0.01 0.01
0 0.444518 0.377450 0.01 0.01
0 0.436919 0.404517 0.01 0.01
0 0.498364 0.296937 0.01 0.01
0 0.490534 0.284091 0.01 0.01
0 0.508266 0.296019 0.01 0.01
0 0.689338 0.404517 0.01 0.01
0 0.704997 0.420345 0.01 0.01
0 0.676903 0.419198 0.01 0.01
0 0.684732 0.440530 0.01 0.01
0 0.727335 0.443054 0.01 0.01
0 0.756811 0.455211 0.01 0.01
0 0.694865 0.478379 0.01 0.01
0 0.631537 0.389607 0.01 0.01
0 0.858940 0.319416 0.01 0.01
0 0.832457 0.344419 0.01 0.01
0 0.884271 0.330886 0.01 0.01
0 0.881968 0.312535 0.01 0.01
0 0.887955 0.294184 0.01 0.01
0 0.912826 0.287991 0.01 0.01
0 0.923879 0.292120 0.01 0.01
0 0.928945 0.308177 0.01 0.01
0 0.923649 0.326757 0.01 0.01
0 0.912826 0.320334 0.01 0.01
0 0.910753 0.332491 0.01 0.01
0 0.899930 0.326068 0.01 0.01
0 0.894633 0.342125 0.01 0.01
0 0.954751 0.205872 0.01 0.01
0 0.963271 0.234086 0.01 0.01
0 0.945770 0.234315 0.01 0.01
0 0.953830 0.257712 0.01 0.01
0 0.922972 0.250602 0.01 0.01
0 0.910767 0.247849 0.01 0.01
0 0.915142 0.266200 0.01 0.01
0 0.935868 0.275146 0.01 0.01
0 0.939552 0.265741 0.01 0.01
0 0.954981 0.291661 0.01 0.01
0 0.956363 0.311388 0.01 0.01
0 0.981463 0.314141 0.01 0.01
0 1.002880 0.280192 0.01 0.01
0 1.022454 0.279504 0.01 0.01
0 1.021993 0.266658 0.01 0.01
0 1.009328 0.251978 0.01 0.01
0 1.005183 0.234086 0.01 0.01
0 1.007716 0.219176 0.01 0.01
0 1.003801 0.205643 0.01 0.01
0 0.985609 0.216882 0.01 0.01
0 0.978930 0.210001 0.01 0.01
0 0.947382 0.203578 0.01 0.01
0 0.944175 0.347630 0.01 0.01
0 0.964210 0.346025 0.01 0.01
0 0.966052 0.328133 0.01 0.01
0 1.002897 0.333638 0.01 0.01
0 1.014641 0.342125 0.01 0.01
0 1.026386 0.356347 0.01 0.01
0 1.022932 0.327904 0.01 0.01
0 1.031452 0.308406 0.01 0.01
0 1.042966 0.313452 0.01 0.01
0 1.044578 0.293267 0.01 0.01
0 1.043427 0.325610 0.01 0.01
0 1.054941 0.342125 0.01 0.01
0 1.061849 0.314141 0.01 0.01
0 0.985845 0.237068 0.01 0.01
0 0.988608 0.255419 0.01 0.01
0 0.992523 0.201743 0.01 0.01
0 0.973409 0.195779 0.01 0.01
0 0.960053 0.196926 0.01 0.01
0 1.024532 0.194862 0.01 0.01
0 1.009564 0.197614 0.01 0.01
0 1.024993 0.209313 0.01 0.01
0 1.029368 0.207248 0.01 0.01
0 1.064831 0.206331 0.01 0.01
0 1.049402 0.224681 0.01 0.01
0 1.073122 0.223076 0.01 0.01
0 1.092005 0.221929 0.01 0.01
0 1.078418 0.237068 0.01 0.01
0 1.075885 0.257254 0.01 0.01
0 1.080030 0.266429 0.01 0.01
0 1.056311 0.251290 0.01 0.01
0 1.056311 0.266200 0.01 0.01
0 1.037888 0.248767 0.01 0.01
0 1.100065 0.254042 0.01 0.01
0 1.099604 0.239591 0.01 0.01
0 1.111809 0.222158 0.01 0.01
0 1.105361 0.269640 0.01 0.01
0 1.089932 0.274916 0.01 0.01
0 1.079569 0.293726 0.01 0.01
0 1.099604 0.298543 0.01 0.01
0 1.114803 0.310012 0.01 0.01
0 1.118948 0.251290 0.01 0.01
0 0.910919 0.164583 0.01 0.01
0 0.905162 0.134534 0.01 0.01
0 0.924275 0.131093 0.01 0.01
0 0.935789 0.147838 0.01 0.01
0 0.927729 0.148068 0.01 0.01
0 0.955594 0.159766 0.01 0.01
0 0.952370 0.125588 0.01 0.01
0 0.967568 0.122836 0.01 0.01
0 0.976549 0.133846 0.01 0.01
0 0.974937 0.143480 0.01 0.01
0 0.994281 0.137516 0.01 0.01
0 0.976089 0.185916 0.01 0.01
0 1.001650 0.123982 0.01 0.01
0 1.017079 0.124212 0.01 0.01
0 1.023297 0.127194 0.01 0.01
0 1.029975 0.128111 0.01 0.01
0 1.015006 0.153802 0.01 0.01
0 1.021454 0.162060 0.01 0.01
0 1.004644 0.174905 0.01 0.01
0 0.994742 0.169171 0.01 0.01
0 0.985991 0.178117 0.01 0.01
0 1.038299 0.118936 0.01 0.01
0 1.031391 0.184081 0.01 0.01
0 1.038299 0.156096 0.01 0.01
0 1.038760 0.167565 0.01 0.01
0 1.050274 0.176511 0.01 0.01
0 1.056492 0.164813 0.01 0.01
0 1.061558 0.151508 0.01 0.01
0 1.060867 0.117560 0.01 0.01
0 1.063170 0.175823 0.01 0.01
0 1.013659 0.127194 0.01 0.01
0 0.957970 0.276522 0.01 0.01
0 1.011626 0.306342 0.01 0.01
0 1.042253 0.281339 0.01 0.01
0 1.063900 0.282027 0.01 0.01
0 1.067354 0.326757 0.01 0.01
0 1.093293 0.324463 0.01 0.01
0 1.117242 0.327215 0.01 0.01
0 1.103656 0.354971 0.01 0.01
0 1.102044 0.341208 0.01 0.01
0 1.126223 0.341437 0.01 0.01
0 1.121618 0.297854 0.01 0.01
0 1.142113 0.281339 0.01 0.01
0 1.147870 0.295102 0.01 0.01
0 1.147409 0.314141 0.01 0.01
0 1.129869 0.224911 0.01 0.01
0 1.146219 0.267805 0.01 0.01
0 1.137008 0.256336 0.01 0.01
0 1.130099 0.263906 0.01 0.01
0 1.072801 0.351301 0.01 0.01
0 1.122082 0.405435 0.01 0.01
0 1.119779 0.392131 0.01 0.01
0 1.186100 0.376303 0.01 0.01
0 1.190936 0.358182 0.01 0.01
0 1.336584 0.402453 0.01 0.01
0 1.378035 0.362311 0.01 0.01
0 1.407741 0.356347 0.01 0.01
0 1.236864 0.449247 0.01 0.01
0 1.397601 0.439613 0.01 0.01
0 0.004549 0.406696 0.01 0.01
0 1.099598 0.691131 0.01 0.01
0 1.134601 0.691131 0.01 0.01
