0 1.502336 1.069175 0.01 0.01
0 1.547932 1.050522 0.01 0.01
0 1.581092 1.050522 0.01 0.01
0 1.469175 0.951040 0.01 0.01
0 1.417362 0.928242 0.01 0.01
0 1.388346 0.940678 0.01 0.01
0 1.322025 0.936533 0.01 0.01
0 1.293009 0.944823 0.01 0.01
0 1.257776 0.913735 0.01 0.01
0 1.203890 0.917880 0.01 0.01
0 1.214253 0.953113 0.01 0.01
0 1.162439 1.004926 0.01 0.01
0 1.139641 0.934460 0.01 0.01
0 1.098191 0.907517 0.01 0.01
0 1.094045 1.002854 0.01 0.01
0 1.176947 1.083683 0.01 0.01
0 1.514771 1.091973 0.01 0.01
0 0.124097 1.096118 0.01 0.01
0 0.041196 1.102336 0.01 0.01
0 0.202854 0.834978 0.01 0.01
0 0.265030 0.837051 0.01 0.01
0 0.291973 0.837051 0.01 0.01
0 0.374875 0.843268 0.01 0.01
0 0.930315 0.880574 0.01 0.01
0 0.955185 0.868139 0.01 0.01
0 1.145859 0.857776 0.01 0.01
0 1.201818 0.863994 0.01 0.01
0 1.330315 0.911662 0.01 0.01
0 1.263994 0.863994 0.01 0.01
0 1.245341 0.851558 0.01 0.01
0 1.315807 0.818398 0.01 0.01
0 0.439123 0.880574 0.01 0.01
0 0.459849 0.870211 0.01 0.01
0 0.534460 0.870211 0.01 0.01
0 0.596636 0.859849 0.01 0.01
0 0.457776 0.812180 0.01 0.01
0 0.383165 0.795600 0.01 0.01
0 0.502854 0.803890 0.01 0.01
0 0.427206 0.753113 0.01 0.01
0 0.401299 0.847413 0.01 0.01
0 0.427206 0.842232 0.01 0.01
0 0.513216 0.810108 0.01 0.01
0 0.536014 0.798709 0.01 0.01
0 0.462439 0.776947 0.01 0.01
0 0.433424 0.775911 0.01 0.01
0 0.168139 0.780056 0.01 0.01
0 0.137051 0.872284 0.01 0.01
0 0.113216 0.878501 0.01 0.01
0 0.093527 0.872284 0.01 0.01
0 0.171248 0.930315 0.01 0.01
0 0.214771 0.876429 0.01 0.01
0 0.228242 0.866066 0.01 0.01
0 0.242750 0.880574 0.01 0.01
0 0.377465 0.980056 0.01 0.01
0 0.425134 1.008035 0.01 0.01
0 0.171248 1.030833 0.01 0.01
0 1.204408 1.080574 0.01 0.01
0 1.238605 1.089900 0.01 0.01
0 1.242750 1.070211 0.01 0.01
0 1.239641 1.000781 0.01 0.01
0 1.208553 0.994564 0.01 0.01
0 1.279020 0.914771 0.01 0.01
0 1.309071 0.906481 0.01 0.01
0 1.366066 0.914771 0.01 0.01
0 1.440678 0.905444 0.01 0.01
0 1.481092 0.857776 0.01 0.01
0 1.484201 0.944823 0.01 0.01
0 1.480056 0.919952 0.01 0.01
0 1.553631 0.896118 0.01 0.01
0 1.438605 0.856740 0.01 0.01
0 1.408553 0.798709 0.01 0.01
0 1.372284 0.828761 0.01 0.01
0 1.127724 0.829797 0.01 0.01
0 1.079020 0.905444 0.01 0.01
0 1.000263 0.905444 0.01 0.01
0 0.953631 0.895082 0.01 0.01
0 0.994045 0.874356 0.01 0.01
0 0.924615 0.829797 0.01 0.01
0 0.961921 0.821507 0.01 0.01
0 1.046895 0.837051 0.01 0.01
0 1.055185 0.861921 0.01 0.01
0 1.065548 0.823579 0.01 0.01
0 1.147413 0.840159 0.01 0.01
0 1.150522 0.809071 0.01 0.01
0 1.180574 0.814253 0.01 0.01
0 1.165030 0.823579 0.01 0.01
0 1.293527 0.845341 0.01 0.01
0 1.344305 0.886792 0.01 0.01
0 1.332906 0.794564 0.01 0.01
0 1.258294 0.779020 0.01 0.01
0 1.231351 0.775911 0.01 0.01
0 1.477983 0.776947 0.01 0.01
0 1.461403 0.760367 0.01 0.01
0 1.443786 0.754149 0.01 0.01
0 1.445859 0.774875 0.01 0.01
0 1.562957 0.812180 0.01 0.01
0 1.531869 0.764512 0.01 0.01
0 1.522543 0.751040 0.01 0.01
0 1.557776 0.751040 0.01 0.01
0 1.574356 0.770729 0.01 0.01
0 1.537051 0.729279 0.01 0.01
0 1.454149 0.736533 0.01 0.01
0 1.439641 0.733424 0.01 0.01
0 1.393009 0.723061 0.01 0.01
0 1.407517 0.730315 0.01 0.01
0 1.373320 0.762439 0.01 0.01
0 1.372284 0.730315 0.01 0.01
0 1.339123 0.731351 0.01 0.01
0 1.291455 0.760367 0.01 0.01
0 1.265548 0.731351 0.01 0.01
0 1.253113 0.712698 0.01 0.01
0 1.260367 0.695082 0.01 0.01
0 1.271766 0.713735 0.01 0.01
0 1.284201 0.728242 0.01 0.01
0 1.296636 0.735496 0.01 0.01
0 1.337051 0.696118 0.01 0.01
0 1.316325 0.672284 0.01 0.01
0 1.300781 0.670211 0.01 0.01
0 1.413735 0.689900 0.01 0.01
0 1.445859 0.675393 0.01 0.01
0 1.480056 0.703372 0.01 0.01
0 1.508035 0.730315 0.01 0.01
0 1.541196 0.707517 0.01 0.01
0 1.512180 0.709590 0.01 0.01
0 1.523579 0.680574 0.01 0.01
0 1.549486 0.690937 0.01 0.01
0 1.563994 0.668139 0.01 0.01
0 1.572284 0.680574 0.01 0.01
0 1.484201 0.661921 0.01 0.01
0 1.454149 0.650522 0.01 0.01
0 1.423061 0.658812 0.01 0.01
0 1.331869 0.638087 0.01 0.01
0 1.317362 0.630833 0.01 0.01
0 1.284201 0.638087 0.01 0.01
0 1.275911 0.626688 0.01 0.01
0 1.294564 0.697154 0.01 0.01
0 1.297672 0.688864 0.01 0.01
0 1.227206 0.683683 0.01 0.01
0 1.209590 0.658812 0.01 0.01
0 1.243786 0.663994 0.01 0.01
0 1.193009 0.727206 0.01 0.01
0 1.186792 0.707517 0.01 0.01
0 1.177465 0.708553 0.01 0.01
0 1.162957 0.750004 0.01 0.01
0 1.183683 0.761403 0.01 0.01
0 1.096636 0.824615 0.01 0.01
0 1.072802 0.790419 0.01 0.01
0 1.095600 0.748968 0.01 0.01
0 1.075911 0.745859 0.01 0.01
0 1.017880 0.712698 0.01 0.01
0 1.043786 0.750004 0.01 0.01
0 1.038605 0.725134 0.01 0.01
0 1.004408 0.791455 0.01 0.01
0 0.979538 0.802854 0.01 0.01
0 0.987828 0.755185 0.01 0.01
0 1.000263 0.747932 0.01 0.01
0 1.020989 0.764512 0.01 0.01
0 1.016843 0.745859 0.01 0.01
0 1.027206 0.732387 0.01 0.01
0 0.947413 0.734460 0.01 0.01
0 0.920470 0.754149 0.01 0.01
0 0.930833 0.799745 0.01 0.01
0 0.952595 0.808035 0.01 0.01
0 0.909071 0.792491 0.01 0.01
0 0.892491 0.795600 0.01 0.01
0 0.883165 0.724097 0.01 0.01
0 0.859330 0.747932 0.01 0.01
0 0.859330 0.718916 0.01 0.01
0 0.885237 0.703372 0.01 0.01
0 0.880056 0.680574 0.01 0.01
0 0.865548 0.701299 0.01 0.01
0 0.856222 0.671248 0.01 0.01
0 0.850004 0.658812 0.01 0.01
0 0.824097 0.690937 0.01 0.01
0 0.846895 0.651558 0.01 0.01
0 0.932906 0.691973 0.01 0.01
0 0.931869 0.658812 0.01 0.01
0 0.911144 0.665030 0.01 0.01
0 0.971248 0.665030 0.01 0.01
0 0.989900 0.643268 0.01 0.01
0 0.996118 0.620470 0.01 0.01
0 1.019952 0.651558 0.01 0.01
0 1.036533 0.656740 0.01 0.01
0 1.063476 0.656740 0.01 0.01
0 1.080056 0.646377 0.01 0.01
0 1.090419 0.627724 0.01 0.01
0 1.105963 0.612180 0.01 0.01
0 1.131869 0.627724 0.01 0.01
0 1.130833 0.652595 0.01 0.01
0 1.136014 0.668139 0.01 0.01
0 1.122543 0.687828 0.01 0.01
0 1.101818 0.680574 0.01 0.01
0 1.066584 0.679538 0.01 0.01
0 1.035496 0.680574 0.01 0.01
0 1.082128 0.703372 0.01 0.01
0 1.160885 0.666066 0.01 0.01
0 1.187828 0.626688 0.01 0.01
0 1.239641 0.628761 0.01 0.01
0 1.239641 0.612180 0.01 0.01
0 1.295600 0.574875 0.01 0.01
0 1.287310 0.598709 0.01 0.01
0 1.274875 0.589382 0.01 0.01
0 1.304926 0.594564 0.01 0.01
0 1.360885 0.572802 0.01 0.01
0 1.429279 0.572802 0.01 0.01
0 1.452077 0.581092 0.01 0.01
0 1.472802 0.584201 0.01 0.01
0 1.494564 0.633942 0.01 0.01
0 1.488346 0.620470 0.01 0.01
0 1.493527 0.606999 0.01 0.01
0 1.498709 0.594564 0.01 0.01
0 1.510108 0.604926 0.01 0.01
0 1.544305 0.654667 0.01 0.01
0 1.554667 0.618398 0.01 0.01
0 1.506999 0.564512 0.01 0.01
0 1.481092 0.567621 0.01 0.01
0 1.540159 0.530315 0.01 0.01
0 1.560885 0.545859 0.01 0.01
0 1.529797 0.554149 0.01 0.01
0 1.394045 0.563476 0.01 0.01
0 1.124615 0.602854 0.01 0.01
0 1.203372 0.559330 0.01 0.01
0 1.242750 0.551040 0.01 0.01
0 1.254149 0.541714 0.01 0.01
0 1.297672 0.540678 0.01 0.01
0 1.370211 0.548968 0.01 0.01
0 1.391973 0.530315 0.01 0.01
0 1.408553 0.530315 0.01 0.01
0 1.430315 0.524097 0.01 0.01
0 1.445859 0.497154 0.01 0.01
0 1.464512 0.460885 0.01 0.01
0 0.936014 0.570729 0.01 0.01
0 0.930833 0.594564 0.01 0.01
0 0.931869 0.619434 0.01 0.01
0 0.868657 0.581092 0.01 0.01
0 1.045859 0.490937 0.01 0.01
0 1.062439 0.487828 0.01 0.01
0 1.017880 0.506481 0.01 0.01
0 1.087310 0.484719 0.01 0.01
0 1.126688 0.499227 0.01 0.01
0 1.117362 0.479538 0.01 0.01
0 1.167102 0.569693 0.01 0.01
0 0.609861 0.789382 0.01 0.01
0 0.584991 0.777983 0.01 0.01
0 0.593281 0.764512 0.01 0.01
0 0.459602 0.744823 0.01 0.01
0 0.543540 0.744823 0.01 0.01
0 0.568410 0.767621 0.01 0.01
0 0.552866 0.720989 0.01 0.01
0 0.501053 0.757258 0.01 0.01
0 0.514524 0.754149 0.01 0.01
0 0.714524 0.708553 0.01 0.01
0 0.693799 0.698191 0.01 0.01
0 0.676183 0.704408 0.01 0.01
0 0.722815 0.687828 0.01 0.01
0 0.740431 0.676429 0.01 0.01
0 0.519706 0.727206 0.01 0.01
0 0.530069 0.709590 0.01 0.01
0 0.775664 0.645341 0.01 0.01
0 0.689654 0.650522 0.01 0.01
0 0.708307 0.612180 0.01 0.01
0 0.746649 0.639123 0.01 0.01
0 0.706234 0.591455 0.01 0.01
0 0.715561 0.581092 0.01 0.01
0 0.703126 0.572802 0.01 0.01
0 0.701053 0.555185 0.01 0.01
0 0.717633 0.554149 0.01 0.01
0 0.663747 0.570729 0.01 0.01
0 0.635768 0.565548 0.01 0.01
0 0.800535 0.599745 0.01 0.01
0 0.783955 0.551040 0.01 0.01
0 0.800535 0.579020 0.01 0.01
0 0.810898 0.710626 0.01 0.01
0 0.559084 0.690937 0.01 0.01
0 0.412970 0.734460 0.01 0.01
0 0.446131 0.743786 0.01 0.01
0 0.491727 0.690937 0.01 0.01
0 0.509343 0.699227 0.01 0.01
0 0.518670 0.687828 0.01 0.01
0 0.508307 0.676429 0.01 0.01
0 0.612970 0.626688 0.01 0.01
0 0.620224 0.568657 0.01 0.01
0 0.601571 0.558294 0.01 0.01
0 0.578773 0.542750 0.01 0.01
0 0.529032 0.581092 0.01 0.01
0 0.586027 0.626688 0.01 0.01
0 0.125652 0.777983 0.01 0.01
0 0.154667 0.744823 0.01 0.01
0 0.225134 0.779020 0.01 0.01
0 0.246895 0.741714 0.01 0.01
0 0.248968 0.817362 0.01 0.01
0 0.355704 0.818398 0.01 0.01
0 0.388864 0.722025 0.01 0.01
0 0.367102 0.733424 0.01 0.01
0 0.028242 0.761403 0.01 0.01
0 0.015807 0.754149 0.01 0.01
0 0.057258 0.758294 0.01 0.01
0 1.058812 0.461921 0.01 0.01
0 0.551040 0.358294 0.01 0.01
0 0.395600 0.447413 0.01 0.01
0 0.399745 0.395600 0.01 0.01
0 0.430833 0.575911 0.01 0.01
0 0.445341 0.542750 0.01 0.01
0 0.575911 0.590419 0.01 0.01
0 0.246377 0.546895 0.01 0.01
0 0.279538 0.559330 0.01 0.01
0 0.285755 0.594564 0.01 0.01
0 0.122025 0.573838 0.01 0.01
0 0.306481 0.677465 0.01 0.01
0 0.356222 0.671248 0.01 0.01
0 0.316843 0.704408 0.01 0.01
0 0.128242 0.723061 0.01 0.01
0 0.200781 0.410108 0.01 0.01
0 0.217362 0.410108 0.01 0.01
0 0.182128 0.588346 0.01 0.01
0 0.198709 0.602854 0.01 0.01
0 0.223579 0.577983 0.01 0.01
0 0.209071 0.592491 0.01 0.01
0 0.304408 0.548968 0.01 0.01
0 0.393527 0.532387 0.01 0.01
0 0.393527 0.551040 0.01 0.01
0 0.430833 0.553113 0.01 0.01
0 0.283683 0.631869 0.01 0.01
0 0.262957 0.592491 0.01 0.01
0 0.080574 0.658812 0.01 0.01
0 0.928242 0.486792 0.01 0.01
0 1.059330 0.386273 0.01 0.01
0 1.074875 0.384201 0.01 0.01
0 1.059330 0.449486 0.01 0.01
0 0.941196 0.440159 0.01 0.01
0 0.893527 0.419434 0.01 0.01
0 0.879020 0.420470 0.01 0.01
0 0.945341 0.399745 0.01 0.01
0 0.989900 0.409071 0.01 0.01
0 1.004408 0.386273 0.01 0.01
0 1.033424 0.383165 0.01 0.01
0 1.019952 0.391455 0.01 0.01
0 1.035496 0.401818 0.01 0.01
0 1.051040 0.413216 0.01 0.01
0 1.104926 0.455704 0.01 0.01
0 1.119434 0.461921 0.01 0.01
0 1.157776 0.520989 0.01 0.01
0 1.145341 0.541714 0.01 0.01
0 1.215807 0.383165 0.01 0.01
0 1.179538 0.367621 0.01 0.01
0 1.066584 0.357258 0.01 0.01
0 1.038605 0.355185 0.01 0.01
0 1.069693 0.393527 0.01 0.01
0 1.175393 0.459849 0.01 0.01
0 1.197154 0.469175 0.01 0.01
0 1.405444 0.453631 0.01 0.01
0 1.412698 0.436014 0.01 0.01
0 1.395082 0.375911 0.01 0.01
0 1.529797 0.498191 0.01 0.01
0 1.519434 0.448450 0.01 0.01
0 1.594045 0.404926 0.01 0.01
0 1.572284 0.405963 0.01 0.01
0 1.446895 0.327206 0.01 0.01
0 1.430315 0.311662 0.01 0.01
0 1.491455 0.356222 0.01 0.01
0 1.469693 0.359330 0.01 0.01
0 1.474875 0.340678 0.01 0.01
0 1.464512 0.329279 0.01 0.01
0 1.441714 0.361403 0.01 0.01
0 1.424097 0.384201 0.01 0.01
0 1.444823 0.442232 0.01 0.01
0 1.444823 0.400781 0.01 0.01
0 1.433424 0.421507 0.01 0.01
0 1.433424 0.404926 0.01 0.01
0 1.385755 0.446377 0.01 0.01
0 1.391973 0.427724 0.01 0.01
0 1.370211 0.447413 0.01 0.01
0 1.331869 0.463994 0.01 0.01
0 1.322543 0.456740 0.01 0.01
0 1.305963 0.456740 0.01 0.01
0 1.285237 0.460885 0.01 0.01
0 1.274875 0.458812 0.01 0.01
0 1.259330 0.454667 0.01 0.01
0 1.372284 0.529279 0.01 0.01
0 1.501818 0.499227 0.01 0.01
0 1.568139 0.524097 0.01 0.01
0 1.549486 0.431869 0.01 0.01
0 1.566066 0.437051 0.01 0.01
0 1.374356 0.497154 0.01 0.01
0 1.399227 0.498191 0.01 0.01
0 1.240678 0.415289 0.01 0.01
0 1.262439 0.414253 0.01 0.01
0 1.282128 0.406999 0.01 0.01
0 1.211662 0.368657 0.01 0.01
0 1.201299 0.377983 0.01 0.01
0 1.191973 0.366584 0.01 0.01
0 1.252077 0.366584 0.01 0.01
0 1.236533 0.370729 0.01 0.01
0 1.265548 0.367621 0.01 0.01
0 1.276947 0.367621 0.01 0.01
0 1.286273 0.365548 0.01 0.01
0 1.297672 0.368657 0.01 0.01
0 1.308035 0.368657 0.01 0.01
0 1.276947 0.484719 0.01 0.01
0 1.261403 0.484719 0.01 0.01
0 1.248968 0.481610 0.01 0.01
0 1.388864 0.598709 0.01 0.01
0 1.404408 0.605963 0.01 0.01
0 1.360885 0.627724 0.01 0.01
0 1.344305 0.627724 0.01 0.01
0 1.358812 0.600781 0.01 0.01
0 1.376429 0.606999 0.01 0.01
0 1.377465 0.621507 0.01 0.01
0 1.395082 0.653631 0.01 0.01
0 1.412698 0.641196 0.01 0.01
0 1.434460 0.618398 0.01 0.01
0 1.468657 0.618398 0.01 0.01
0 1.537051 0.611144 0.01 0.01
0 1.597154 0.620470 0.01 0.01
0 1.088346 0.392491 0.01 0.01
0 0.726306 0.462957 0.01 0.01
0 0.700399 0.442232 0.01 0.01
0 0.737705 0.438087 0.01 0.01
0 0.584337 0.423579 0.01 0.01
0 0.599881 0.457776 0.01 0.01
0 0.608171 0.403890 0.01 0.01
0 0.495218 0.473320 0.01 0.01
0 0.415425 0.431869 0.01 0.01
0 0.425788 0.413216 0.01 0.01
0 0.436150 0.416325 0.01 0.01
0 0.530451 0.427724 0.01 0.01
0 0.502472 0.394564 0.01 0.01
0 0.512834 0.369693 0.01 0.01
0 0.503508 0.441196 0.01 0.01
0 0.512834 0.441196 0.01 0.01
0 0.489000 0.441196 0.01 0.01
0 0.590554 0.475393 0.01 0.01
0 0.555321 0.478501 0.01 0.01
0 0.539777 0.476429 0.01 0.01
0 0.527342 0.476429 0.01 0.01
0 0.398845 0.482647 0.01 0.01
0 0.385373 0.486792 0.01 0.01
0 0.414389 0.480574 0.01 0.01
0 0.368793 0.485755 0.01 0.01
0 0.430969 0.484719 0.01 0.01
0 0.469311 0.561403 0.01 0.01
0 0.501435 0.542750 0.01 0.01
0 0.537705 0.554149 0.01 0.01
0 0.559466 0.565548 0.01 0.01
0 0.482782 0.630833 0.01 0.01
0 0.227206 0.409071 0.01 0.01
0 0.318398 0.403890 0.01 0.01
0 0.350522 0.402854 0.01 0.01
0 0.332906 0.405963 0.01 0.01
0 0.301818 0.450522 0.01 0.01
0 0.235496 0.482647 0.01 0.01
0 0.062439 0.409071 0.01 0.01
0 0.068657 0.400781 0.01 0.01
0 0.157776 0.430833 0.01 0.01
0 0.050004 0.445341 0.01 0.01
0 0.075911 0.455704 0.01 0.01
0 0.069693 0.433942 0.01 0.01
0 0.080056 0.443268 0.01 0.01
0 0.091455 0.442232 0.01 0.01
0 0.062439 0.516843 0.01 0.01
0 0.053113 0.507517 0.01 0.01
0 0.715224 0.662893 0.01 0.01
0 0.095406 0.850976 0.01 0.01
0 0.089706 0.822478 0.01 0.01
0 0.115354 0.831027 0.01 0.01
0 0.109654 0.809654 0.01 0.01
0 0.102530 0.826753 0.01 0.01
0 0.064058 0.774033 0.01 0.01
0 0.061209 0.802530 0.01 0.01
0 0.039836 0.741261 0.01 0.01
0 0.055509 0.701364 0.01 0.01
0 0.025587 0.699939 0.01 0.01
0 0.035561 0.672867 0.01 0.01
0 0.017038 0.665742 0.01 0.01
0 0.210820 0.634395 0.01 0.01
0 0.199421 0.632970 0.01 0.01
0 0.196571 0.617297 0.01 0.01
0 0.163799 0.605898 0.01 0.01
0 0.183748 0.627271 0.01 0.01
0 0.178048 0.608748 0.01 0.01
0 0.141001 0.566001 0.01 0.01
0 0.132452 0.581675 0.01 0.01
0 0.102530 0.578825 0.01 0.01
0 0.074033 0.581675 0.01 0.01
0 0.064058 0.575976 0.01 0.01
0 0.024162 0.585950 0.01 0.01
0 0.036986 0.575976 0.01 0.01
0 0.142426 0.479084 0.01 0.01
0 0.162375 0.480509 0.01 0.01
0 0.170924 0.480509 0.01 0.01
0 0.210820 0.464836 0.01 0.01
0 0.192297 0.476235 0.01 0.01
0 0.188022 0.460561 0.01 0.01
0 0.156675 0.456286 0.01 0.01
0 0.146701 0.450587 0.01 0.01
0 0.128178 0.459136 0.01 0.01
0 0.132452 0.444887 0.01 0.01
0 0.121053 0.446312 0.01 0.01
0 0.113929 0.433489 0.01 0.01
0 0.029862 0.442038 0.01 0.01
0 0.012763 0.386468 0.01 0.01
0 0.106805 0.357970 0.01 0.01
0 0.113929 0.369369 0.01 0.01
0 0.131027 0.373644 0.01 0.01
0 0.123903 0.367944 0.01 0.01
0 0.129602 0.360820 0.01 0.01
0 0.116779 0.350846 0.01 0.01
0 0.341908 0.571701 0.01 0.01
0 0.317685 0.556027 0.01 0.01
0 0.671053 0.414965 0.01 0.01
0 0.659654 0.432064 0.01 0.01
0 0.646830 0.439188 0.01 0.01
0 0.642556 0.417815 0.01 0.01
0 0.629732 0.414965 0.01 0.01
0 0.636856 0.400716 0.01 0.01
0 0.626882 0.399292 0.01 0.01
0 0.616908 0.396442 0.01 0.01
0 0.601235 0.383618 0.01 0.01
0 0.564188 0.356545 0.01 0.01
0 0.501494 0.366520 0.01 0.01
0 0.500069 0.355121 0.01 0.01
0 0.776494 0.412115 0.01 0.01
0 0.763670 0.407841 0.01 0.01
0 0.750846 0.400716 0.01 0.01
0 0.736597 0.414965 0.01 0.01
0 0.729473 0.410691 0.01 0.01
0 0.720924 0.409266 0.01 0.01
0 0.716649 0.427789 0.01 0.01
0 0.800716 0.407841 0.01 0.01
0 0.800716 0.387893 0.01 0.01
0 0.752271 0.457711 0.01 0.01
0 0.759395 0.440613 0.01 0.01
0 0.676753 0.469110 0.01 0.01
0 0.695276 0.471960 0.01 0.01
0 0.686727 0.453437 0.01 0.01
0 0.941779 0.749810 0.01 0.01
0 0.947478 0.678566 0.01 0.01
0 0.901882 0.684266 0.01 0.01
0 0.896183 0.697090 0.01 0.01
0 0.384654 0.671442 0.01 0.01
0 0.373255 0.671442 0.01 0.01
0 0.356157 0.652919 0.01 0.01
0 0.337634 0.635820 0.01 0.01
0 0.327659 0.637245 0.01 0.01
0 0.313411 0.637245 0.01 0.01
0 0.316261 0.627271 0.01 0.01
0 0.356157 0.614447 0.01 0.01
0 0.340483 0.618722 0.01 0.01
0 0.390354 0.604473 0.01 0.01
0 0.380380 0.618722 0.01 0.01
0 0.336209 0.675716 0.01 0.01
0 0.347608 0.682841 0.01 0.01
0 0.321960 0.657193 0.01 0.01
0 0.232193 0.678566 0.01 0.01
0 0.213670 0.660043 0.01 0.01
0 0.136727 0.698514 0.01 0.01
0 0.128178 0.709913 0.01 0.01
0 0.155250 0.694240 0.01 0.01
0 0.182323 0.685691 0.01 0.01
0 0.156675 0.672867 0.01 0.01
0 0.152400 0.652919 0.01 0.01
0 0.133877 0.642944 0.01 0.01
0 0.113929 0.640095 0.01 0.01
0 0.129602 0.627271 0.01 0.01
0 0.146701 0.632970 0.01 0.01
0 0.111079 0.655768 0.01 0.01
0 0.093981 0.670017 0.01 0.01
0 0.089706 0.648644 0.01 0.01
0 0.081157 0.688540 0.01 0.01
0 0.115354 0.689965 0.01 0.01
0 0.162375 0.826753 0.01 0.01
0 0.189447 0.803955 0.01 0.01
0 0.146701 0.776882 0.01 0.01
0 0.138152 0.742685 0.01 0.01
0 0.121053 0.749810 0.01 0.01
0 0.103955 0.736986 0.01 0.01
0 0.098255 0.758359 0.01 0.01
0 0.313411 0.748385 0.01 0.01
0 0.326235 0.741261 0.01 0.01
0 0.297737 0.748385 0.01 0.01
0 0.309136 0.734136 0.01 0.01
0 0.290613 0.711338 0.01 0.01
0 0.274939 0.731286 0.01 0.01
0 0.235043 0.711338 0.01 0.01
0 0.245017 0.727012 0.01 0.01
0 0.274939 0.697090 0.01 0.01
0 0.306286 0.695665 0.01 0.01
0 0.313411 0.688540 0.01 0.01
0 0.272090 0.674292 0.01 0.01
0 0.279214 0.660043 0.01 0.01
0 0.686727 0.670017 0.01 0.01
0 0.661079 0.647219 0.01 0.01
0 0.652530 0.637245 0.01 0.01
0 0.904732 0.613022 0.01 0.01
0 0.889058 0.590224 0.01 0.01
0 0.853437 0.554602 0.01 0.01
0 0.843463 0.547478 0.01 0.01
0 0.827789 0.547478 0.01 0.01
0 0.757970 0.506157 0.01 0.01
0 0.782193 0.499033 0.01 0.01
0 0.772219 0.518981 0.01 0.01
0 0.641131 0.456286 0.01 0.01
0 0.618333 0.456286 0.01 0.01
0 0.614058 0.430639 0.01 0.01
0 0.569887 0.449162 0.01 0.01
0 0.542815 0.389318 0.01 0.01
0 0.529991 0.373644 0.01 0.01
0 0.545665 0.409266 0.01 0.01
0 0.256416 0.407841 0.01 0.01
0 0.245017 0.407841 0.01 0.01
0 0.269240 0.413540 0.01 0.01
0 0.153825 0.349421 0.01 0.01
0 0.142426 0.367944 0.01 0.01
0 0.135302 0.409266 0.01 0.01
0 0.122478 0.397867 0.01 0.01
0 0.109654 0.409266 0.01 0.01
0 0.121053 0.414965 0.01 0.01
0 0.136727 0.424939 0.01 0.01
0 0.260691 0.453437 0.01 0.01
0 0.276364 0.484784 0.01 0.01
0 0.302012 0.479084 0.01 0.01
0 0.454473 0.410691 0.01 0.01
0 0.491520 0.399292 0.01 0.01
0 0.558489 0.621571 0.01 0.01
0 0.527141 0.637245 0.01 0.01
0 0.541390 0.638670 0.01 0.01
0 0.515742 0.627271 0.01 0.01
0 0.494369 0.620147 0.01 0.01
0 0.495794 0.601623 0.01 0.01
0 0.510043 0.597349 0.01 0.01
0 0.511468 0.580250 0.01 0.01
0 0.488670 0.567426 0.01 0.01
0 0.497219 0.557452 0.01 0.01
0 0.602659 0.585950 0.01 0.01
0 0.555639 0.583100 0.01 0.01
0 0.584136 0.575976 0.01 0.01
0 0.747996 0.575976 0.01 0.01
0 0.730898 0.567426 0.01 0.01
0 0.967426 0.614447 0.01 0.01
0 0.852012 0.614447 0.01 0.01
0 0.571312 0.803955 0.01 0.01
0 0.569887 0.793981 0.01 0.01
0 0.326235 0.803955 0.01 0.01
0 0.346183 0.781157 0.01 0.01
0 0.209395 0.806805 0.01 0.01
0 0.229343 0.811079 0.01 0.01
0 0.217944 0.738411 0.01 0.01
0 0.227919 0.940742 0.01 0.01
0 0.202271 0.937893 0.01 0.01
0 0.192297 0.930768 0.01 0.01
0 0.262115 0.932193 0.01 0.01
0 0.283489 0.942167 0.01 0.01
0 0.609784 0.875198 0.01 0.01
0 0.937504 0.927919 0.01 0.01
0 0.946053 0.905121 0.01 0.01
0 0.814965 0.574551 0.01 0.01
0 0.832064 0.568851 0.01 0.01
0 0.806416 0.564577 0.01 0.01
0 0.795017 0.551753 0.01 0.01
0 0.913281 0.528955 0.01 0.01
0 0.896183 0.510432 0.01 0.01
0 0.883359 0.490483 0.01 0.01
0 0.897608 0.490483 0.01 0.01
0 0.874810 0.487634 0.01 0.01
0 0.870535 0.449162 0.01 0.01
0 0.861986 0.459136 0.01 0.01
0 0.860561 0.440613 0.01 0.01
0 0.881934 0.447737 0.01 0.01
0 0.893333 0.442038 0.01 0.01
0 0.903307 0.436338 0.01 0.01
0 0.901882 0.410691 0.01 0.01
0 0.913281 0.406416 0.01 0.01
0 0.890483 0.406416 0.01 0.01
0 0.863411 0.416390 0.01 0.01
0 0.977400 0.390742 0.01 0.01
0 0.961727 0.393592 0.01 0.01
0 0.954602 0.393592 0.01 0.01
0 0.936079 0.390742 0.01 0.01
0 0.926105 0.393592 0.01 0.01
0 0.980250 0.573126 0.01 0.01
0 0.968851 0.570276 0.01 0.01
0 0.994499 0.574551 0.01 0.01
0 0.766520 0.632970 0.01 0.01
0 0.645406 0.588799 0.01 0.01
0 0.658229 0.595924 0.01 0.01
0 0.655380 0.554602 0.01 0.01
0 0.639706 0.556027 0.01 0.01
0 0.609784 0.531805 0.01 0.01
0 0.636856 0.538929 0.01 0.01
0 0.260691 0.624421 0.01 0.01
0 0.830639 0.662893 0.01 0.01
0 0.914706 0.570276 0.01 0.01
0 0.897608 0.561727 0.01 0.01
0 0.890483 0.553178 0.01 0.01
0 0.960302 0.528955 0.01 0.01
0 0.960302 0.474810 0.01 0.01
0 0.950328 0.463411 0.01 0.01
0 0.944628 0.460561 0.01 0.01
0 0.933229 0.456286 0.01 0.01
0 0.985950 0.467685 0.01 0.01
0 0.983100 0.454862 0.01 0.01
0 0.966001 0.449162 0.01 0.01
0 0.967426 0.432064 0.01 0.01
0 0.904732 0.396442 0.01 0.01
0 0.653955 0.664318 0.01 0.01
0 0.629732 0.660043 0.01 0.01
0 0.626882 0.645794 0.01 0.01
0 0.634007 0.648644 0.01 0.01
0 0.641131 0.644369 0.01 0.01
0 0.609784 0.655768 0.01 0.01
0 0.591261 0.652919 0.01 0.01
0 0.577012 0.640095 0.01 0.01
0 0.558489 0.642944 0.01 0.01
0 0.551364 0.613022 0.01 0.01
0 0.544240 0.607323 0.01 0.01
0 0.527141 0.614447 0.01 0.01
0 0.505768 0.630121 0.01 0.01
0 0.478696 0.607323 0.01 0.01
0 0.461597 0.617297 0.01 0.01
0 0.451623 0.615872 0.01 0.01
0 0.443074 0.625846 0.01 0.01
0 0.444499 0.638670 0.01 0.01
0 0.450198 0.660043 0.01 0.01
0 0.465872 0.670017 0.01 0.01
0 0.451623 0.678566 0.01 0.01
0 0.431675 0.668592 0.01 0.01
0 0.407452 0.662893 0.01 0.01
0 0.397478 0.667167 0.01 0.01
0 0.408877 0.642944 0.01 0.01
0 0.407452 0.628696 0.01 0.01
0 0.397478 0.628696 0.01 0.01
0 0.428825 0.621571 0.01 0.01
0 0.437375 0.595924 0.01 0.01
0 0.434525 0.583100 0.01 0.01
0 0.371830 0.583100 0.01 0.01
0 0.371830 0.558877 0.01 0.01
0 0.361856 0.554602 0.01 0.01
0 0.351882 0.546053 0.01 0.01
0 0.327659 0.563152 0.01 0.01
0 0.299162 0.567426 0.01 0.01
0 0.235043 0.568851 0.01 0.01
0 0.205121 0.558877 0.01 0.01
0 0.193722 0.534654 0.01 0.01
0 0.169499 0.561727 0.01 0.01
0 0.142426 0.587375 0.01 0.01
0 0.121053 0.620147 0.01 0.01
0 0.095406 0.624421 0.01 0.01
0 0.079732 0.632970 0.01 0.01
0 0.048385 0.652919 0.01 0.01
0 0.009913 0.650069 0.01 0.01
0 0.041261 0.556027 0.01 0.01
0 0.032711 0.530380 0.01 0.01
0 0.103955 0.471960 0.01 0.01
0 0.075457 0.476235 0.01 0.01
0 0.088281 0.463411 0.01 0.01
0 0.088281 0.420665 0.01 0.01
0 0.096830 0.406416 0.01 0.01
0 0.084007 0.403566 0.01 0.01
0 0.039836 0.402141 0.01 0.01
0 0.012763 0.430639 0.01 0.01
0 0.021312 0.423514 0.01 0.01
0 0.149551 0.402141 0.01 0.01
0 0.158100 0.407841 0.01 0.01
0 0.175198 0.406416 0.01 0.01
0 0.169499 0.400716 0.01 0.01
0 0.366131 0.395017 0.01 0.01
0 0.276364 0.424939 0.01 0.01
0 0.257841 0.476235 0.01 0.01
0 0.249292 0.481934 0.01 0.01
0 0.235043 0.471960 0.01 0.01
0 0.236468 0.464836 0.01 0.01
0 0.484395 0.459136 0.01 0.01
0 0.475846 0.454862 0.01 0.01
0 0.461597 0.464836 0.01 0.01
0 0.443074 0.460561 0.01 0.01
0 0.427400 0.460561 0.01 0.01
0 0.418851 0.457711 0.01 0.01
0 0.423126 0.443463 0.01 0.01
0 0.416001 0.423514 0.01 0.01
0 0.474421 0.404991 0.01 0.01
0 0.480121 0.413540 0.01 0.01
0 0.505768 0.404991 0.01 0.01
0 0.505768 0.416390 0.01 0.01
0 0.510043 0.427789 0.01 0.01
0 0.534266 0.404991 0.01 0.01
0 0.520017 0.386468 0.01 0.01
0 0.564188 0.392167 0.01 0.01
0 0.445924 0.727012 0.01 0.01
0 0.477271 0.739836 0.01 0.01
0 0.461597 0.711338 0.01 0.01
0 0.431675 0.709913 0.01 0.01
0 0.411727 0.715613 0.01 0.01
0 0.396053 0.715613 0.01 0.01
0 0.484395 0.785432 0.01 0.01
0 0.585561 0.722737 0.01 0.01
0 0.572737 0.744110 0.01 0.01
0 0.548514 0.695665 0.01 0.01
0 0.532841 0.684266 0.01 0.01
0 0.524292 0.665742 0.01 0.01
0 0.510043 0.657193 0.01 0.01
0 0.795017 0.692815 0.01 0.01
0 0.760820 0.689965 0.01 0.01
0 0.957452 0.698514 0.01 0.01
0 0.957452 0.679991 0.01 0.01
0 0.980250 0.688540 0.01 0.01
0 0.988799 0.798255 0.01 0.01
0 0.966001 0.805380 0.01 0.01
0 0.941779 0.803955 0.01 0.01
0 0.903307 0.803955 0.01 0.01
0 0.946053 0.835302 0.01 0.01
0 0.881934 0.829602 0.01 0.01
0 0.598385 0.848126 0.01 0.01
0 0.474421 0.873773 0.01 0.01
0 0.492944 0.869499 0.01 0.01
0 0.185172 0.707064 0.01 0.01
0 0.163799 0.714188 0.01 0.01
0 0.086856 0.722737 0.01 0.01
0 0.081157 0.745535 0.01 0.01
0 0.066908 0.731286 0.01 0.01
0 0.048385 0.724162 0.01 0.01
0 0.024162 0.724162 0.01 0.01
0 0.521442 0.510432 0.01 0.01
0 0.492944 0.509007 0.01 0.01
0 0.712375 0.540354 0.01 0.01
0 0.671053 0.594499 0.01 0.01
0 0.678178 0.554602 0.01 0.01
0 0.638281 0.617297 0.01 0.01
0 0.638281 0.605898 0.01 0.01
0 0.608359 0.605898 0.01 0.01
0 0.595535 0.603048 0.01 0.01
0 0.953178 0.481934 0.01 0.01
0 0.367556 0.429214 0.01 0.01
0 0.353307 0.427789 0.01 0.01
0 0.340483 0.426364 0.01 0.01
0 0.324810 0.436338 0.01 0.01
0 0.309136 0.426364 0.01 0.01
0 0.311986 0.436338 0.01 0.01
0 0.297737 0.410691 0.01 0.01
0 0.307711 0.395017 0.01 0.01
0 0.317685 0.393592 0.01 0.01
0 0.005639 0.574551 0.01 0.01
0 0.290613 0.689965 0.01 0.01
0 0.199421 0.667167 0.01 0.01
0 0.169499 0.637245 0.01 0.01
0 0.658229 0.622996 0.01 0.01
0 0.648255 0.617297 0.01 0.01
0 0.762245 0.625846 0.01 0.01
0 0.736597 0.622996 0.01 0.01
0 0.730898 0.615872 0.01 0.01
0 0.722349 0.604473 0.01 0.01
0 0.747996 0.591649 0.01 0.01
0 0.406027 0.816779 0.01 0.01
0 0.383229 0.756934 0.01 0.01
0 0.398903 0.731286 0.01 0.01
0 0.341908 0.724162 0.01 0.01
0 0.404602 0.574551 0.01 0.01
0 0.343333 0.474810 0.01 0.01
0 0.329084 0.473385 0.01 0.01
0 0.691001 0.724162 0.01 0.01
0 0.636856 0.674292 0.01 0.01
0 0.698126 0.622996 0.01 0.01
0 0.762245 0.575976 0.01 0.01
0 0.558489 0.872349 0.01 0.01
0 0.567038 0.821053 0.01 0.01
0 0.491520 0.722737 0.01 0.01
0 0.472996 0.698514 0.01 0.01
0 0.314836 0.613022 0.01 0.01
0 0.135302 0.788281 0.01 0.01
0 0.096830 0.784007 0.01 0.01
0 0.084007 0.766908 0.01 0.01
0 0.046960 0.839577 0.01 0.01
0 0.065483 0.853825 0.01 0.01
0 0.014188 0.845276 0.01 0.01
0 0.012763 0.815354 0.01 0.01
0 0.032711 0.818204 0.01 0.01
0 0.029862 0.791131 0.01 0.01
0 0.414577 0.754084 0.01 0.01
0 0.624033 0.685691 0.01 0.01
0 0.608359 0.695665 0.01 0.01
0 0.663929 0.745535 0.01 0.01
0 0.474421 0.533229 0.01 0.01
0 0.460172 0.558877 0.01 0.01
0 0.453048 0.554602 0.01 0.01
0 0.451623 0.570276 0.01 0.01
0 0.438799 0.561727 0.01 0.01
0 0.411727 0.501882 0.01 0.01
0 0.398903 0.497608 0.01 0.01
0 0.287763 0.432064 0.01 0.01
0 0.336209 0.453437 0.01 0.01
0 0.299162 0.503307 0.01 0.01
0 0.510043 0.466261 0.01 0.01
0 0.445924 0.419240 0.01 0.01
0 0.478696 0.424939 0.01 0.01
0 0.471571 0.414965 0.01 0.01
0 0.460172 0.426364 0.01 0.01
0 0.203696 0.695665 0.01 0.01
0 0.606934 0.728437 0.01 0.01
0 0.582711 0.681416 0.01 0.01
0 0.601235 0.671442 0.01 0.01
0 0.431675 0.822478 0.01 0.01
0 0.347608 0.670017 0.01 0.01
0 0.333359 0.658618 0.01 0.01
0 0.310561 0.670017 0.01 0.01
0 0.253566 0.580250 0.01 0.01
0 0.156675 0.577400 0.01 0.01
0 0.624033 0.742685 0.01 0.01
0 0.636856 0.761209 0.01 0.01
0 0.671053 0.655768 0.01 0.01
0 0.719499 0.645794 0.01 0.01
0 1.214058 0.823903 0.01 0.01
0 1.090095 0.930768 0.01 0.01
0 1.102919 0.929343 0.01 0.01
0 1.110043 0.923644 0.01 0.01
0 1.091520 0.859525 0.01 0.01
0 1.071571 0.872349 0.01 0.01
0 1.068722 0.853825 0.01 0.01
0 1.011727 0.842426 0.01 0.01
0 1.027400 0.835302 0.01 0.01
0 1.033100 0.825328 0.01 0.01
0 1.013152 0.813929 0.01 0.01
0 0.874939 0.658618 0.01 0.01
0 0.856416 0.651494 0.01 0.01
0 0.850716 0.644369 0.01 0.01
0 0.766649 0.699939 0.01 0.01
0 1.177012 0.665742 0.01 0.01
0 1.148514 0.620147 0.01 0.01
0 1.192685 0.607323 0.01 0.01
0 1.141390 0.511856 0.01 0.01
0 1.084395 0.511856 0.01 0.01
0 1.063022 0.520406 0.01 0.01
0 1.050198 0.518981 0.01 0.01
0 1.030250 0.516131 0.01 0.01
0 1.031675 0.490483 0.01 0.01
0 1.016001 0.460561 0.01 0.01
0 1.024551 0.460561 0.01 0.01
0 1.018851 0.449162 0.01 0.01
0 1.047349 0.444887 0.01 0.01
0 1.074421 0.446312 0.01 0.01
0 1.091520 0.442038 0.01 0.01
0 1.114318 0.439188 0.01 0.01
0 1.122867 0.440613 0.01 0.01
0 1.132841 0.442038 0.01 0.01
0 1.139965 0.446312 0.01 0.01
0 1.155639 0.443463 0.01 0.01
0 1.171312 0.443463 0.01 0.01
0 1.186986 0.395017 0.01 0.01
0 1.540354 0.774033 0.01 0.01
0 1.557452 0.766908 0.01 0.01
0 1.343722 0.774033 0.01 0.01
0 1.340872 0.756934 0.01 0.01
0 1.319499 0.714188 0.01 0.01
0 1.299551 0.717038 0.01 0.01
0 1.339447 0.717038 0.01 0.01
0 1.343722 0.727012 0.01 0.01
0 1.326623 0.662893 0.01 0.01
0 1.286727 0.654343 0.01 0.01
0 1.144240 0.736986 0.01 0.01
0 1.131416 0.728437 0.01 0.01
0 1.115742 0.739836 0.01 0.01
0 1.149939 0.701364 0.01 0.01
0 1.051623 0.637245 0.01 0.01
0 1.038799 0.641520 0.01 0.01
0 1.018851 0.634395 0.01 0.01
0 1.016001 0.573126 0.01 0.01
0 0.819369 0.638670 0.01 0.01
0 0.812245 0.624421 0.01 0.01
0 1.494758 0.919369 0.01 0.01
0 1.499033 0.910820 0.01 0.01
0 1.597349 0.793981 0.01 0.01
0 1.588799 0.761209 0.01 0.01
0 1.595924 0.729862 0.01 0.01
0 1.564577 0.732711 0.01 0.01
0 1.568851 0.718463 0.01 0.01
0 1.560302 0.699939 0.01 0.01
0 1.568851 0.704214 0.01 0.01
0 1.546053 0.675716 0.01 0.01
0 1.518981 0.632970 0.01 0.01
0 1.517556 0.594499 0.01 0.01
0 1.474810 0.487634 0.01 0.01
0 1.407841 0.518981 0.01 0.01
0 1.318074 0.366520 0.01 0.01
0 1.202659 0.395017 0.01 0.01
0 1.215483 0.396442 0.01 0.01
0 1.225457 0.395017 0.01 0.01
0 1.238281 0.453437 0.01 0.01
0 1.208359 0.446312 0.01 0.01
0 1.189836 0.446312 0.01 0.01
0 1.147090 0.471960 0.01 0.01
0 1.000328 0.536079 0.01 0.01
0 0.976105 0.534654 0.01 0.01
0 0.996053 0.503307 0.01 0.01
0 1.078696 0.474810 0.01 0.01
0 1.161338 0.489058 0.01 0.01
0 1.158489 0.459136 0.01 0.01
0 1.541779 0.885172 0.01 0.01
0 1.577400 0.917944 0.01 0.01
0 1.537504 0.947867 0.01 0.01
0 1.491908 0.956416 0.01 0.01
0 1.517556 0.919369 0.01 0.01
0 1.413540 1.019110 0.01 0.01
0 1.105768 0.838152 0.01 0.01
0 0.913411 0.741261 0.01 0.01
0 0.920535 0.735561 0.01 0.01
0 0.924810 0.725587 0.01 0.01
0 0.765224 0.509007 0.01 0.01
0 0.729602 0.440613 0.01 0.01
0 0.733877 0.390742 0.01 0.01
0 0.699680 0.400716 0.01 0.01
0 0.866390 0.385043 0.01 0.01
0 1.496183 0.481934 0.01 0.01
0 1.540354 0.450587 0.01 0.01
0 1.494758 0.386468 0.01 0.01
0 1.510432 0.383618 0.01 0.01
0 1.537504 0.360820 0.01 0.01
0 1.520406 0.339447 0.01 0.01
0 1.499033 0.333748 0.01 0.01
0 1.481934 0.325198 0.01 0.01
0 1.469110 0.308100 0.01 0.01
0 1.566001 0.335172 0.01 0.01
0 1.578825 0.375069 0.01 0.01
0 1.557452 0.383618 0.01 0.01
0 1.544628 0.377919 0.01 0.01
0 1.527530 0.412115 0.01 0.01
0 1.521830 0.420665 0.01 0.01
0 1.594499 0.493333 0.01 0.01
0 1.591649 0.538929 0.01 0.01
0 1.567426 0.591649 0.01 0.01
0 1.544628 0.587375 0.01 0.01
0 1.319499 0.523255 0.01 0.01
0 1.338022 0.523255 0.01 0.01
0 1.346571 0.510432 0.01 0.01
0 1.347996 0.524680 0.01 0.01
0 1.345147 0.442038 0.01 0.01
0 1.333748 0.443463 0.01 0.01
0 1.318074 0.442038 0.01 0.01
0 1.295276 0.437763 0.01 0.01
0 1.291001 0.423514 0.01 0.01
0 1.310950 0.414965 0.01 0.01
0 1.333748 0.422090 0.01 0.01
0 1.303825 0.926494 0.01 0.01
0 1.470535 0.956416 0.01 0.01
0 1.466261 0.940742 0.01 0.01
0 1.499033 0.821053 0.01 0.01
0 1.497608 0.808229 0.01 0.01
0 1.483359 0.816779 0.01 0.01
0 1.477659 0.718463 0.01 0.01
0 1.447737 0.692815 0.01 0.01
0 1.460561 0.688540 0.01 0.01
0 1.347996 0.675716 0.01 0.01
0 1.333748 0.679991 0.01 0.01
