0 1.266066 1.081610 0.01 0.01
0 1.280574 1.023579 0.01 0.01
0 1.359330 1.000781 0.01 0.01
0 1.322025 1.067102 0.01 0.01
0 1.427724 1.102336 0.01 0.01
0 1.348968 1.174875 0.01 0.01
0 1.234978 1.187310 0.01 0.01
0 1.158294 1.116843 0.01 0.01
0 1.189382 1.106481 0.01 0.01
0 1.125134 1.104408 0.01 0.01
0 1.100263 1.077465 0.01 0.01
0 1.091973 1.021507 0.01 0.01
0 1.044305 0.942750 0.01 0.01
0 1.048450 1.091973 0.01 0.01
0 1.038087 0.990419 0.01 0.01
0 1.125134 0.936533 0.01 0.01
0 1.083683 0.942750 0.01 0.01
0 1.133424 0.913735 0.01 0.01
0 1.141714 0.837051 0.01 0.01
0 1.199745 0.876429 0.01 0.01
0 1.164512 0.785237 0.01 0.01
0 1.369693 0.955185 0.01 0.01
0 1.409071 0.953113 0.01 0.01
0 1.469175 0.957258 0.01 0.01
0 1.433942 0.998709 0.01 0.01
0 1.512698 1.011144 0.01 0.01
0 1.317880 0.874356 0.01 0.01
0 1.415289 0.880574 0.01 0.01
0 1.442232 0.812180 0.01 0.01
0 1.500263 0.808035 0.01 0.01
0 1.554149 0.808035 0.01 0.01
0 1.508553 0.779020 0.01 0.01
0 1.489900 0.785237 0.01 0.01
0 1.475393 0.787310 0.01 0.01
0 1.491973 0.716843 0.01 0.01
0 1.537569 0.708553 0.01 0.01
0 1.516843 0.687828 0.01 0.01
0 1.535496 0.669175 0.01 0.01
0 1.564512 0.658812 0.01 0.01
0 1.572802 0.698191 0.01 0.01
0 1.317880 0.656740 0.01 0.01
0 1.340678 0.745859 0.01 0.01
0 1.377983 0.716843 0.01 0.01
0 1.251558 0.694045 0.01 0.01
0 1.344823 0.783165 0.01 0.01
0 1.255704 0.739641 0.01 0.01
0 1.239123 0.766584 0.01 0.01
0 1.191455 0.768657 0.01 0.01
0 1.261921 0.810108 0.01 0.01
0 1.222543 0.797672 0.01 0.01
0 1.158294 1.067102 0.01 0.01
0 1.203890 0.975911 0.01 0.01
0 1.176947 0.955185 0.01 0.01
0 1.152077 0.973838 0.01 0.01
0 1.125134 1.019434 0.01 0.01
0 1.056740 1.176947 0.01 0.01
0 1.015289 1.040159 0.01 0.01
0 0.963476 1.118916 0.01 0.01
0 1.011144 1.110626 0.01 0.01
0 0.946895 1.172802 0.01 0.01
0 0.872284 1.137569 0.01 0.01
0 0.913735 1.071248 0.01 0.01
0 0.901299 1.025652 0.01 0.01
0 0.922025 1.006999 0.01 0.01
0 0.955185 0.986273 0.01 0.01
0 0.969693 0.880574 0.01 0.01
0 1.015289 0.861921 0.01 0.01
0 1.050522 0.880574 0.01 0.01
0 1.083683 0.874356 0.01 0.01
0 1.104408 0.801818 0.01 0.01
0 1.280574 0.609071 0.01 0.01
0 1.259849 0.613216 0.01 0.01
0 1.245341 0.563476 0.01 0.01
0 1.232906 0.553113 0.01 0.01
0 1.268139 0.557258 0.01 0.01
0 1.388346 0.590419 0.01 0.01
0 1.363476 0.573838 0.01 0.01
0 1.334460 0.580056 0.01 0.01
0 1.396636 0.557258 0.01 0.01
0 1.425652 0.565548 0.01 0.01
0 1.433942 0.515807 0.01 0.01
0 1.518916 0.584201 0.01 0.01
0 1.539641 0.596636 0.01 0.01
0 1.446377 0.590419 0.01 0.01
0 1.465030 0.553113 0.01 0.01
0 1.491973 0.540678 0.01 0.01
0 1.518916 0.509590 0.01 0.01
0 1.539641 0.536533 0.01 0.01
0 1.525134 0.482647 0.01 0.01
0 1.545859 0.486792 0.01 0.01
0 1.552077 0.472284 0.01 0.01
0 1.576947 0.405963 0.01 0.01
0 1.579020 0.548968 0.01 0.01
0 1.543786 1.019434 0.01 0.01
0 1.570729 1.060885 0.01 0.01
0 1.440159 0.488864 0.01 0.01
0 1.406999 0.505444 0.01 0.01
0 1.436014 0.426688 0.01 0.01
0 1.475393 0.395600 0.01 0.01
0 1.508553 0.412180 0.01 0.01
0 1.477465 0.437051 0.01 0.01
0 1.531351 0.408035 0.01 0.01
0 1.527206 0.350004 0.01 0.01
0 1.518916 0.387310 0.01 0.01
0 1.288864 0.519952 0.01 0.01
0 1.278501 0.484719 0.01 0.01
0 1.162439 0.619434 0.01 0.01
0 1.170729 0.555185 0.01 0.01
0 1.147932 0.553113 0.01 0.01
0 1.116843 0.542750 0.01 0.01
0 1.114771 0.588346 0.01 0.01
0 1.104408 0.606999 0.01 0.01
0 1.079538 0.586273 0.01 0.01
0 1.081610 0.561403 0.01 0.01
0 1.046377 0.590419 0.01 0.01
0 1.027724 0.575911 0.01 0.01
0 1.065030 0.559330 0.01 0.01
0 0.961403 0.843268 0.01 0.01
0 0.994564 0.830833 0.01 0.01
0 0.990419 0.805963 0.01 0.01
0 1.033942 0.818398 0.01 0.01
0 1.052595 0.816325 0.01 0.01
0 0.965548 0.729279 0.01 0.01
0 1.002854 0.716843 0.01 0.01
0 0.944823 0.702336 0.01 0.01
0 0.924097 0.704408 0.01 0.01
0 0.977983 0.677465 0.01 0.01
0 0.951040 0.627724 0.01 0.01
0 0.990419 0.648450 0.01 0.01
0 1.000781 0.580056 0.01 0.01
0 0.973838 0.575911 0.01 0.01
0 0.988346 0.565548 0.01 0.01
0 0.934460 0.911662 0.01 0.01
0 0.899227 0.903372 0.01 0.01
0 0.890937 0.855704 0.01 0.01
0 0.878501 0.890937 0.01 0.01
0 0.849486 1.029797 0.01 0.01
0 0.839123 0.986273 0.01 0.01
0 0.878501 0.988346 0.01 0.01
0 0.812180 0.980056 0.01 0.01
0 0.793527 0.953113 0.01 0.01
0 0.789382 0.988346 0.01 0.01
0 0.758294 0.996636 0.01 0.01
0 0.685755 1.013216 0.01 0.01
0 0.723061 1.031869 0.01 0.01
0 0.683683 1.040159 0.01 0.01
0 0.648450 1.038087 0.01 0.01
0 0.640159 1.077465 0.01 0.01
0 0.602854 1.089900 0.01 0.01
0 0.783165 1.123061 0.01 0.01
0 0.747932 1.118916 0.01 0.01
0 0.758294 1.096118 0.01 0.01
0 0.710626 1.079538 0.01 0.01
0 0.803890 1.081610 0.01 0.01
0 0.857776 1.087828 0.01 0.01
0 0.895082 1.102336 0.01 0.01
0 0.818398 1.150004 0.01 0.01
0 0.768657 1.143786 0.01 0.01
0 0.756222 1.174875 0.01 0.01
0 0.793527 1.174875 0.01 0.01
0 0.681610 1.181092 0.01 0.01
0 0.631869 1.174875 0.01 0.01
0 0.604926 1.166584 0.01 0.01
0 0.582128 1.152077 0.01 0.01
0 0.426688 1.143786 0.01 0.01
0 0.463994 1.120989 0.01 0.01
0 0.495082 1.135496 0.01 0.01
0 0.872284 0.791455 0.01 0.01
0 0.845341 0.779020 0.01 0.01
0 0.895082 0.766584 0.01 0.01
0 0.859849 0.760367 0.01 0.01
0 0.115807 1.073320 0.01 0.01
0 0.453631 0.971766 0.01 0.01
0 0.434978 0.955185 0.01 0.01
0 0.327206 0.824615 0.01 0.01
0 0.828761 0.756222 0.01 0.01
0 0.863994 0.723061 0.01 0.01
0 0.772802 0.810108 0.01 0.01
0 0.720989 0.818398 0.01 0.01
0 0.731351 0.857776 0.01 0.01
0 0.602854 0.878501 0.01 0.01
0 0.660885 0.870211 0.01 0.01
0 0.505444 0.932387 0.01 0.01
0 0.548968 0.893009 0.01 0.01
0 0.534460 0.866066 0.01 0.01
0 0.526170 0.847413 0.01 0.01
0 0.507517 0.822543 0.01 0.01
0 0.424615 0.919952 0.01 0.01
0 0.242232 0.967621 0.01 0.01
0 0.202854 1.023579 0.01 0.01
0 0.231869 1.038087 0.01 0.01
0 0.291973 1.094045 0.01 0.01
0 0.644305 0.679538 0.01 0.01
0 0.932387 0.586273 0.01 0.01
0 0.890937 0.677465 0.01 0.01
0 0.397672 0.725134 0.01 0.01
0 0.422543 0.718916 0.01 0.01
0 0.401818 0.702336 0.01 0.01
0 0.412180 0.665030 0.01 0.01
0 0.461921 0.859849 0.01 0.01
0 0.470211 0.837051 0.01 0.01
0 1.139641 0.405963 0.01 0.01
0 1.346895 0.368657 0.01 0.01
0 1.363476 0.347932 0.01 0.01
0 1.239123 0.472284 0.01 0.01
0 1.162439 0.443268 0.01 0.01
0 1.114771 0.437051 0.01 0.01
0 1.089900 0.412180 0.01 0.01
0 0.055704 0.957258 0.01 0.01
0 0.577983 0.691973 0.01 0.01
0 0.430315 1.106999 0.01 0.01
0 0.443786 1.095600 0.01 0.01
0 0.404408 1.096636 0.01 0.01
0 0.379538 1.124615 0.01 0.01
0 0.425134 1.058294 0.01 0.01
0 0.425134 1.026170 0.01 0.01
0 0.473838 1.001299 0.01 0.01
0 0.480056 0.960885 0.01 0.01
0 0.336014 1.063476 0.01 0.01
0 0.319434 1.055185 0.01 0.01
0 0.366066 1.076947 0.01 0.01
0 0.373320 1.050004 0.01 0.01
0 0.291455 1.178501 0.01 0.01
0 0.287310 1.150522 0.01 0.01
0 0.232387 1.112180 0.01 0.01
0 0.256222 1.171248 0.01 0.01
0 0.342232 1.043786 0.01 0.01
0 0.352595 1.028242 0.01 0.01
0 0.272802 0.968139 0.01 0.01
0 0.277983 1.010626 0.01 0.01
0 0.256222 1.012698 0.01 0.01
0 0.242750 1.012698 0.01 0.01
0 0.370211 0.971248 0.01 0.01
0 0.337051 0.984719 0.01 0.01
0 0.340159 0.917362 0.01 0.01
0 0.329797 0.905963 0.01 0.01
0 0.308035 0.906999 0.01 0.01
0 0.309071 0.939123 0.01 0.01
0 0.242750 0.760885 0.01 0.01
0 0.263476 0.717362 0.01 0.01
0 0.251040 0.704926 0.01 0.01
0 0.268657 0.754667 0.01 0.01
0 0.310108 0.748450 0.01 0.01
0 0.304926 0.710108 0.01 0.01
0 0.306999 0.689382 0.01 0.01
0 0.327724 0.693527 0.01 0.01
0 0.343268 0.706999 0.01 0.01
0 0.350522 0.692491 0.01 0.01
0 0.367102 0.686273 0.01 0.01
0 0.391973 0.682128 0.01 0.01
0 0.404408 0.755704 0.01 0.01
0 0.397154 0.766066 0.01 0.01
0 0.418916 0.746377 0.01 0.01
0 0.460367 0.733942 0.01 0.01
0 0.472802 0.798191 0.01 0.01
0 0.482128 0.779538 0.01 0.01
0 0.500781 0.799227 0.01 0.01
0 0.487310 0.817880 0.01 0.01
0 0.614771 0.828242 0.01 0.01
0 0.565030 0.819952 0.01 0.01
0 0.487310 0.897672 0.01 0.01
0 0.501818 0.882128 0.01 0.01
0 0.516325 0.904926 0.01 0.01
0 0.310108 0.861403 0.01 0.01
0 0.381610 0.829279 0.01 0.01
0 0.357776 0.883165 0.01 0.01
0 0.366066 0.909071 0.01 0.01
0 0.130833 0.842750 0.01 0.01
0 0.117362 0.862439 0.01 0.01
0 0.114253 0.880056 0.01 0.01
0 0.162957 0.877983 0.01 0.01
0 0.158812 0.825134 0.01 0.01
0 0.172284 0.806481 0.01 0.01
0 0.197154 0.913216 0.01 0.01
0 0.222025 0.902854 0.01 0.01
0 0.238605 0.877983 0.01 0.01
0 0.181610 0.960885 0.01 0.01
0 0.159849 1.003372 0.01 0.01
0 0.100781 1.009590 0.01 0.01
0 0.128761 0.972284 0.01 0.01
0 0.112180 0.929797 0.01 0.01
0 0.157776 0.909071 0.01 0.01
0 0.166066 0.893527 0.01 0.01
0 0.273838 0.811662 0.01 0.01
0 0.224097 0.804408 0.01 0.01
0 0.274875 0.784719 0.01 0.01
0 0.331869 0.748450 0.01 0.01
0 0.555704 0.783683 0.01 0.01
0 0.562957 0.768139 0.01 0.01
0 0.548450 0.754667 0.01 0.01
0 0.563994 0.749486 0.01 0.01
0 0.641714 0.831351 0.01 0.01
0 0.628242 0.814771 0.01 0.01
0 0.594045 0.799227 0.01 0.01
0 0.701818 0.802336 0.01 0.01
0 0.724615 0.796118 0.01 0.01
0 0.737051 0.783683 0.01 0.01
0 0.766066 0.777465 0.01 0.01
0 0.761921 0.796118 0.01 0.01
0 0.746377 0.755704 0.01 0.01
0 0.682128 0.768139 0.01 0.01
0 0.671766 0.759849 0.01 0.01
0 0.655185 0.756740 0.01 0.01
0 0.630315 0.753631 0.01 0.01
0 0.582647 0.727724 0.01 0.01
0 0.545341 0.718398 0.01 0.01
0 0.554667 0.697672 0.01 0.01
0 0.591973 0.705963 0.01 0.01
0 0.606481 0.725652 0.01 0.01
0 0.642750 0.708035 0.01 0.01
0 0.760885 0.837569 0.01 0.01
0 0.773320 0.851040 0.01 0.01
0 0.805444 0.841714 0.01 0.01
0 0.807517 0.866584 0.01 0.01
0 0.823061 0.830315 0.01 0.01
0 0.834460 0.855185 0.01 0.01
0 0.864512 0.852077 0.01 0.01
0 0.824097 0.910108 0.01 0.01
0 0.771248 0.919434 0.01 0.01
0 0.752595 0.921507 0.01 0.01
0 0.859330 0.933942 0.01 0.01
0 0.500781 0.724615 0.01 0.01
0 0.462439 0.719434 0.01 0.01
0 0.129797 0.808553 0.01 0.01
0 0.128761 0.756740 0.01 0.01
0 0.120470 0.739123 0.01 0.01
0 0.095600 0.734978 0.01 0.01
0 0.207517 0.726688 0.01 0.01
0 0.180574 0.717362 0.01 0.01
0 0.228242 0.669693 0.01 0.01
0 0.251040 0.669693 0.01 0.01
0 0.266584 0.665548 0.01 0.01
0 0.274875 0.652077 0.01 0.01
0 0.292491 0.633424 0.01 0.01
0 0.305963 0.650004 0.01 0.01
0 0.334978 0.644823 0.01 0.01
0 0.373320 0.656222 0.01 0.01
0 0.317362 0.668657 0.01 0.01
0 0.307805 0.628242 0.01 0.01
0 0.319204 0.615807 0.01 0.01
0 0.318168 0.593009 0.01 0.01
0 0.305732 0.576429 0.01 0.01
0 0.303660 0.541196 0.01 0.01
0 0.315059 0.525652 0.01 0.01
0 0.241484 0.638605 0.01 0.01
0 0.241484 0.617880 0.01 0.01
0 0.241484 0.603372 0.01 0.01
0 0.254955 0.648968 0.01 0.01
0 0.192779 0.655185 0.01 0.01
0 0.445629 0.639641 0.01 0.01
0 0.461173 0.617880 0.01 0.01
0 0.494333 0.634460 0.01 0.01
0 0.545111 0.658294 0.01 0.01
0 0.562727 0.660367 0.01 0.01
0 0.554437 0.642750 0.01 0.01
0 0.592779 0.657258 0.01 0.01
0 0.587598 0.650004 0.01 0.01
0 0.615577 0.661403 0.01 0.01
0 0.596924 0.632387 0.01 0.01
0 0.619722 0.641714 0.01 0.01
0 0.854955 0.672802 0.01 0.01
0 0.859100 0.702854 0.01 0.01
0 0.839411 0.634460 0.01 0.01
0 0.848737 0.616843 0.01 0.01
0 0.879826 0.628242 0.01 0.01
0 0.895370 0.612698 0.01 0.01
0 0.882934 0.580574 0.01 0.01
0 0.838375 0.574356 0.01 0.01
0 0.830085 0.585755 0.01 0.01
0 0.794851 0.597154 0.01 0.01
0 0.795888 0.550522 0.01 0.01
0 0.818686 0.546377 0.01 0.01
0 0.681898 0.630315 0.01 0.01
0 0.694333 0.623061 0.01 0.01
0 0.687079 0.560885 0.01 0.01
0 0.671535 0.558812 0.01 0.01
0 0.636302 0.595082 0.01 0.01
0 0.383453 0.454149 0.01 0.01
0 0.404178 0.446895 0.01 0.01
0 0.417649 0.470729 0.01 0.01
0 0.432157 0.445859 0.01 0.01
0 0.453919 0.405444 0.01 0.01
0 0.479826 0.422025 0.01 0.01
0 0.446665 0.426170 0.01 0.01
0 0.559618 0.406481 0.01 0.01
0 0.536820 0.422025 0.01 0.01
0 0.518168 0.422025 0.01 0.01
0 0.505732 0.427206 0.01 0.01
0 0.529567 0.389900 0.01 0.01
0 0.798997 0.753631 0.01 0.01
0 0.785525 0.737051 0.01 0.01
0 0.765836 0.738087 0.01 0.01
0 0.775162 0.493527 0.01 0.01
0 0.895370 0.542232 0.01 0.01
0 0.903660 0.534978 0.01 0.01
0 0.920240 0.539123 0.01 0.01
0 0.924385 0.557776 0.01 0.01
0 0.926458 0.582647 0.01 0.01
0 0.905732 0.575393 0.01 0.01
0 0.882934 0.558812 0.01 0.01
0 0.945111 0.553631 0.01 0.01
0 0.946147 0.533942 0.01 0.01
0 0.917131 0.652077 0.01 0.01
0 0.901587 0.638605 0.01 0.01
0 0.968945 0.653113 0.01 0.01
0 0.542002 0.598191 0.01 0.01
0 0.673608 0.713216 0.01 0.01
0 0.690188 0.734978 0.01 0.01
0 1.109071 0.326688 0.01 0.01
0 1.159849 0.383683 0.01 0.01
0 1.225134 0.450004 0.01 0.01
0 1.206481 0.378501 0.01 0.01
0 1.243786 0.371248 0.01 0.01
0 1.250004 0.304926 0.01 0.01
0 1.232387 0.223061 0.01 0.01
0 1.244823 0.216843 0.01 0.01
0 1.444823 0.345341 0.01 0.01
0 1.520470 0.319434 0.01 0.01
0 1.072802 0.390937 0.01 0.01
0 1.097672 0.381610 0.01 0.01
0 1.122543 0.391973 0.01 0.01
0 0.966066 0.299745 0.01 0.01
0 0.945341 0.308035 0.01 0.01
0 0.968139 0.390937 0.01 0.01
0 1.001299 0.382647 0.01 0.01
0 1.034460 0.412698 0.01 0.01
0 1.041714 0.438605 0.01 0.01
0 1.010626 0.446895 0.01 0.01
0 1.025134 0.459330 0.01 0.01
0 0.984719 0.452077 0.01 0.01
0 0.971248 0.437569 0.01 0.01
0 1.052077 0.482128 0.01 0.01
0 1.030315 0.496636 0.01 0.01
0 1.045859 0.469693 0.01 0.01
0 1.072802 0.460367 0.01 0.01
0 1.075911 0.486273 0.01 0.01
0 1.112180 0.484201 0.01 0.01
0 1.165030 0.339123 0.01 0.01
0 1.138087 0.357776 0.01 0.01
0 1.148450 0.343268 0.01 0.01
0 1.129797 0.296636 0.01 0.01
0 1.113216 0.301818 0.01 0.01
0 1.103890 0.290419 0.01 0.01
0 1.146377 0.254149 0.01 0.01
0 1.209590 0.253113 0.01 0.01
0 1.224097 0.273838 0.01 0.01
0 1.253113 0.296636 0.01 0.01
0 1.277983 0.351558 0.01 0.01
0 1.292491 0.332906 0.01 0.01
0 1.341196 0.325652 0.01 0.01
0 1.484201 0.291455 0.01 0.01
0 1.498709 0.322543 0.01 0.01
0 1.519434 0.275911 0.01 0.01
0 1.582647 0.340159 0.01 0.01
0 1.561921 0.313216 0.01 0.01
0 1.581610 0.482128 0.01 0.01
0 1.591973 0.504926 0.01 0.01
0 1.193009 0.214771 0.01 0.01
0 1.169175 0.187828 0.01 0.01
0 1.155704 0.174356 0.01 0.01
0 0.996118 0.264512 0.01 0.01
0 1.004408 0.326688 0.01 0.01
0 1.030315 0.353631 0.01 0.01
0 1.051040 0.363994 0.01 0.01
0 0.996118 0.352595 0.01 0.01
0 0.982647 0.344305 0.01 0.01
0 0.937051 0.371248 0.01 0.01
0 0.880056 0.401299 0.01 0.01
0 0.896636 0.425134 0.01 0.01
0 0.894564 0.451040 0.01 0.01
0 0.911144 0.453113 0.01 0.01
0 0.822025 0.487310 0.01 0.01
0 0.806481 0.492491 0.01 0.01
0 0.875911 0.472802 0.01 0.01
0 0.871766 0.457258 0.01 0.01
0 0.891455 0.473838 0.01 0.01
0 0.891455 0.493527 0.01 0.01
0 0.909071 0.482128 0.01 0.01
0 0.924615 0.502854 0.01 0.01
0 0.933942 0.492491 0.01 0.01
0 0.978501 0.493527 0.01 0.01
0 1.001299 0.511144 0.01 0.01
0 1.367102 0.217880 0.01 0.01
0 1.403372 0.226170 0.01 0.01
0 1.404408 0.248968 0.01 0.01
0 1.368139 0.243786 0.01 0.01
0 1.281092 0.268657 0.01 0.01
0 1.293527 0.208553 0.01 0.01
0 1.091455 0.183683 0.01 0.01
0 1.113216 0.186792 0.01 0.01
0 1.141196 0.191973 0.01 0.01
0 1.131869 0.194045 0.01 0.01
0 1.137051 0.229279 0.01 0.01
0 1.083165 0.206481 0.01 0.01
0 1.060367 0.230315 0.01 0.01
0 1.075911 0.233424 0.01 0.01
0 1.076947 0.250004 0.01 0.01
0 1.048968 0.254149 0.01 0.01
0 1.059330 0.271766 0.01 0.01
0 1.058294 0.263476 0.01 0.01
0 1.063476 0.291455 0.01 0.01
0 1.080056 0.275911 0.01 0.01
0 1.086273 0.302854 0.01 0.01
0 1.159849 0.276947 0.01 0.01
0 1.538087 0.227206 0.01 0.01
0 1.546377 0.260367 0.01 0.01
0 1.547413 0.248968 0.01 0.01
0 1.589900 0.279020 0.01 0.01
0 1.378501 0.321507 0.01 0.01
0 1.367102 0.308035 0.01 0.01
0 1.351558 0.302854 0.01 0.01
0 1.337051 0.265548 0.01 0.01
0 1.385755 0.275911 0.01 0.01
0 1.438605 0.294564 0.01 0.01
0 1.456222 0.308035 0.01 0.01
0 1.388864 0.371248 0.01 0.01
0 1.204408 0.316325 0.01 0.01
0 1.195082 0.264512 0.01 0.01
0 1.161921 0.222025 0.01 0.01
0 1.160885 0.207517 0.01 0.01
0 1.206481 0.187828 0.01 0.01
0 1.216843 0.191973 0.01 0.01
0 1.259330 0.194045 0.01 0.01
0 1.269693 0.218916 0.01 0.01
0 1.084201 0.166066 0.01 0.01
0 1.060367 0.161921 0.01 0.01
0 1.039641 0.207517 0.01 0.01
0 1.193009 0.140159 0.01 0.01
0 1.298709 0.136014 0.01 0.01
0 1.312180 0.147413 0.01 0.01
0 1.368139 0.170211 0.01 0.01
0 1.404408 0.173320 0.01 0.01
0 1.471766 0.173320 0.01 0.01
0 1.461403 0.174356 0.01 0.01
0 1.472802 0.191973 0.01 0.01
0 1.460367 0.200263 0.01 0.01
0 1.500781 0.186792 0.01 0.01
0 1.466584 0.229279 0.01 0.01
0 1.485237 0.247932 0.01 0.01
0 1.579538 0.227206 0.01 0.01
0 1.575393 0.260367 0.01 0.01
0 1.344305 0.641714 0.01 0.01
0 1.426170 0.624097 0.01 0.01
0 1.416843 0.660367 0.01 0.01
0 1.174356 0.122543 0.01 0.01
0 0.774875 0.631869 0.01 0.01
0 0.805963 0.689900 0.01 0.01
0 0.799745 0.716843 0.01 0.01
0 0.739641 0.609071 0.01 0.01
0 0.710626 0.600781 0.01 0.01
0 0.754149 0.691973 0.01 0.01
0 0.731351 0.665030 0.01 0.01
0 0.799745 0.660885 0.01 0.01
0 0.812180 0.673320 0.01 0.01
0 0.389382 0.553113 0.01 0.01
0 0.379020 0.559330 0.01 0.01
0 0.360367 0.590419 0.01 0.01
0 0.391455 0.590419 0.01 0.01
0 0.497154 0.443268 0.01 0.01
0 0.609071 0.391455 0.01 0.01
0 0.627724 0.399745 0.01 0.01
0 0.752077 0.389382 0.01 0.01
0 0.924097 0.287828 0.01 0.01
0 0.758294 0.294045 0.01 0.01
0 0.847413 0.360367 0.01 0.01
0 0.924097 0.244305 0.01 0.01
0 0.907517 0.265030 0.01 0.01
0 0.899227 0.238087 0.01 0.01
0 0.586273 0.575911 0.01 0.01
0 0.606999 0.594564 0.01 0.01
0 0.741714 0.517880 0.01 0.01
0 0.596636 0.555185 0.01 0.01
0 0.619434 0.484719 0.01 0.01
0 0.613216 0.466066 0.01 0.01
0 0.683683 0.461921 0.01 0.01
0 0.781092 0.366584 0.01 0.01
0 0.774875 0.418398 0.01 0.01
0 0.834978 0.287828 0.01 0.01
0 0.763994 0.272802 0.01 0.01
0 0.752595 0.273838 0.01 0.01
0 0.753631 0.257258 0.01 0.01
0 0.703890 0.327724 0.01 0.01
0 0.720470 0.329797 0.01 0.01
0 0.756740 0.366066 0.01 0.01
0 0.747413 0.349486 0.01 0.01
0 0.736014 0.356740 0.01 0.01
0 0.627206 0.385755 0.01 0.01
0 0.652077 0.404408 0.01 0.01
0 0.757776 0.475911 0.01 0.01
0 0.704926 0.480056 0.01 0.01
0 0.694564 0.480056 0.01 0.01
0 0.670729 0.467621 0.01 0.01
0 0.919434 0.212698 0.01 0.01
0 0.938087 0.177465 0.01 0.01
0 0.922543 0.181610 0.01 0.01
0 0.835496 0.223061 0.01 0.01
0 0.717362 0.273838 0.01 0.01
0 0.667621 0.232387 0.01 0.01
0 0.726688 0.154667 0.01 0.01
0 0.766066 0.170211 0.01 0.01
0 0.857258 0.268657 0.01 0.01
0 0.865548 0.275911 0.01 0.01
0 0.853113 0.285237 0.01 0.01
0 0.874356 0.296636 0.01 0.01
0 0.567929 0.558812 0.01 0.01
0 0.581401 0.553631 0.01 0.01
0 0.551349 0.483165 0.01 0.01
0 0.538914 0.472802 0.01 0.01
0 0.554458 0.446895 0.01 0.01
0 0.548240 0.428242 0.01 0.01
0 0.568965 0.435496 0.01 0.01
0 0.605235 0.432387 0.01 0.01
0 0.593836 0.420989 0.01 0.01
0 0.657048 0.494564 0.01 0.01
0 0.641504 0.505963 0.01 0.01
0 0.725442 0.501818 0.01 0.01
0 0.707826 0.520470 0.01 0.01
0 0.772074 0.522543 0.01 0.01
0 0.752385 0.458294 0.01 0.01
0 0.543059 0.541196 0.01 0.01
0 0.562748 0.516325 0.01 0.01
0 0.518188 0.511144 0.01 0.01
0 0.537877 0.510108 0.01 0.01
0 0.453940 0.466584 0.01 0.01
0 0.846686 0.418916 0.01 0.01
0 0.792800 0.395082 0.01 0.01
0 0.807307 0.399227 0.01 0.01
0 0.828033 0.356740 0.01 0.01
0 0.743059 0.430315 0.01 0.01
0 0.720261 0.415807 0.01 0.01
0 0.458085 0.520470 0.01 0.01
0 0.500572 0.584719 0.01 0.01
0 0.509898 0.604408 0.01 0.01
0 0.037051 0.861921 0.01 0.01
0 0.072284 0.884719 0.01 0.01
0 0.074356 0.826688 0.01 0.01
0 0.049486 0.779020 0.01 0.01
0 0.084719 0.791455 0.01 0.01
0 0.032906 0.704408 0.01 0.01
0 0.047413 0.681610 0.01 0.01
0 0.086792 0.683683 0.01 0.01
0 0.165548 0.698191 0.01 0.01
0 0.124097 0.704408 0.01 0.01
0 0.173838 0.617362 0.01 0.01
0 0.117880 0.648450 0.01 0.01
0 0.078501 0.652595 0.01 0.01
0 0.209071 0.604926 0.01 0.01
0 0.279538 0.555185 0.01 0.01
0 0.260885 0.548968 0.01 0.01
0 0.155185 1.052595 0.01 0.01
0 0.045341 1.094045 0.01 0.01
0 0.090937 1.158294 0.01 0.01
0 0.086792 1.125134 0.01 0.01
0 0.028761 1.179020 0.01 0.01
0 0.198709 1.162439 0.01 0.01
0 0.030833 0.932387 0.01 0.01
0 0.047413 1.019434 0.01 0.01
0 0.028761 1.054667 0.01 0.01
0 0.022543 0.770729 0.01 0.01
0 0.010108 0.716843 0.01 0.01
0 0.658294 0.386273 0.01 0.01
0 0.670729 0.367621 0.01 0.01
0 0.666584 0.335496 0.01 0.01
0 0.686273 0.343786 0.01 0.01
0 0.701818 0.348968 0.01 0.01
0 0.672802 0.324097 0.01 0.01
0 0.644823 0.289900 0.01 0.01
0 0.634460 0.307517 0.01 0.01
0 0.656222 0.261921 0.01 0.01
0 0.688346 0.278501 0.01 0.01
0 0.659330 0.289900 0.01 0.01
0 0.717362 0.243268 0.01 0.01
0 0.699745 0.228761 0.01 0.01
0 0.683165 0.218398 0.01 0.01
0 0.702854 0.189382 0.01 0.01
0 0.757776 0.201818 0.01 0.01
0 0.745341 0.189382 0.01 0.01
0 0.781610 0.221507 0.01 0.01
0 0.779538 0.233942 0.01 0.01
0 0.795082 0.259849 0.01 0.01
0 0.799227 0.290937 0.01 0.01
0 0.785755 0.322025 0.01 0.01
0 0.774356 0.308553 0.01 0.01
0 0.805444 0.241196 0.01 0.01
0 0.796118 0.233942 0.01 0.01
0 0.809590 0.231869 0.01 0.01
0 0.822025 0.239123 0.01 0.01
0 0.771248 0.195600 0.01 0.01
0 0.787828 0.206999 0.01 0.01
0 0.803372 0.202854 0.01 0.01
0 0.788864 0.148968 0.01 0.01
0 0.730833 0.140678 0.01 0.01
0 0.742232 0.133424 0.01 0.01
0 0.703890 0.151040 0.01 0.01
0 0.718398 0.130315 0.01 0.01
0 0.856222 0.229797 0.01 0.01
0 0.850004 0.217362 0.01 0.01
0 0.812698 0.191455 0.01 0.01
0 0.800263 0.190419 0.01 0.01
0 0.823061 0.174875 0.01 0.01
0 0.807517 0.173838 0.01 0.01
0 0.838605 0.171766 0.01 0.01
0 0.856222 0.168657 0.01 0.01
0 0.870729 0.165548 0.01 0.01
0 0.870729 0.202854 0.01 0.01
0 0.875911 0.217362 0.01 0.01
0 0.889382 0.193527 0.01 0.01
0 0.897672 0.181092 0.01 0.01
0 0.958812 0.212180 0.01 0.01
0 0.945341 0.216325 0.01 0.01
0 0.948450 0.193527 0.01 0.01
0 0.960885 0.182128 0.01 0.01
0 0.978501 0.202854 0.01 0.01
0 0.995082 0.192491 0.01 0.01
0 1.008553 0.197672 0.01 0.01
0 1.006481 0.164512 0.01 0.01
0 1.015807 0.176947 0.01 0.01
0 1.028242 0.165548 0.01 0.01
0 1.051040 0.192491 0.01 0.01
0 1.037569 0.146895 0.01 0.01
0 1.019952 0.143786 0.01 0.01
0 0.939123 0.151040 0.01 0.01
0 0.914253 0.152077 0.01 0.01
0 0.832387 0.161403 0.01 0.01
0 0.781610 0.126170 0.01 0.01
0 0.802336 0.134460 0.01 0.01
0 0.820989 0.142750 0.01 0.01
0 0.816843 0.118916 0.01 0.01
0 0.848968 0.138605 0.01 0.01
0 0.841714 0.115807 0.01 0.01
0 0.513216 0.400781 0.01 0.01
0 0.707160 0.132906 0.01 0.01
0 0.768300 0.105963 0.01 0.01
0 0.762082 0.085237 0.01 0.01
0 0.753792 0.069693 0.01 0.01
0 0.740321 0.071766 0.01 0.01
0 0.734103 0.088346 0.01 0.01
0 0.718559 0.072802 0.01 0.01
0 0.705088 0.070729 0.01 0.01
0 0.661564 0.035496 0.01 0.01
0 0.676072 0.048968 0.01 0.01
0 0.675036 0.035496 0.01 0.01
0 0.687471 0.037569 0.01 0.01
0 0.682290 0.027206 0.01 0.01
0 0.693689 0.030315 0.01 0.01
0 0.704051 0.041714 0.01 0.01
0 0.706124 0.033424 0.01 0.01
0 0.716486 0.041714 0.01 0.01
0 0.722704 0.043786 0.01 0.01
0 0.736176 0.047932 0.01 0.01
0 0.729958 0.036533 0.01 0.01
0 0.737212 0.031351 0.01 0.01
0 0.748611 0.038605 0.01 0.01
0 0.752756 0.051040 0.01 0.01
0 0.761046 0.051040 0.01 0.01
0 0.753792 0.036533 0.01 0.01
0 0.770372 0.035496 0.01 0.01
0 0.780735 0.034460 0.01 0.01
0 0.770372 0.053113 0.01 0.01
0 0.785917 0.053113 0.01 0.01
0 0.796279 0.054149 0.01 0.01
0 0.787989 0.070729 0.01 0.01
0 0.792134 0.088346 0.01 0.01
0 0.806642 0.084201 0.01 0.01
0 0.804569 0.069693 0.01 0.01
0 0.821150 0.080056 0.01 0.01
0 0.832549 0.083165 0.01 0.01
0 0.822186 0.069693 0.01 0.01
0 0.812860 0.056222 0.01 0.01
0 0.808714 0.047932 0.01 0.01
0 0.802497 0.035496 0.01 0.01
0 0.815968 0.035496 0.01 0.01
0 0.828404 0.042750 0.01 0.01
0 0.836694 0.048968 0.01 0.01
0 0.840839 0.061403 0.01 0.01
0 0.848093 0.073838 0.01 0.01
0 0.855347 0.067621 0.01 0.01
0 0.851202 0.057258 0.01 0.01
0 0.848093 0.046895 0.01 0.01
0 0.844984 0.037569 0.01 0.01
0 0.861564 0.040678 0.01 0.01
0 0.870891 0.035496 0.01 0.01
0 0.885398 0.036533 0.01 0.01
0 0.897834 0.037569 0.01 0.01
0 0.909233 0.039641 0.01 0.01
0 0.924777 0.040678 0.01 0.01
0 0.936176 0.032387 0.01 0.01
0 0.956901 0.027206 0.01 0.01
0 0.972445 0.028242 0.01 0.01
0 0.982808 0.024097 0.01 0.01
0 1.000424 0.028242 0.01 0.01
0 0.864673 0.077983 0.01 0.01
0 0.868818 0.064512 0.01 0.01
0 0.879181 0.073838 0.01 0.01
0 0.879181 0.091455 0.01 0.01
0 0.879181 0.104926 0.01 0.01
0 0.830476 0.102854 0.01 0.01
0 0.879181 0.134978 0.01 0.01
0 0.893689 0.124615 0.01 0.01
0 0.903015 0.101818 0.01 0.01
0 0.903015 0.086273 0.01 0.01
0 0.896797 0.073838 0.01 0.01
0 0.921668 0.080056 0.01 0.01
0 0.921668 0.104926 0.01 0.01
0 0.930994 0.070729 0.01 0.01
0 0.938248 0.081092 0.01 0.01
0 0.928922 0.132906 0.01 0.01
0 0.910269 0.122543 0.01 0.01
0 0.891616 0.115289 0.01 0.01
0 0.934103 0.120470 0.01 0.01
0 0.940321 0.103890 0.01 0.01
0 0.937212 0.093527 0.01 0.01
0 0.953792 0.090419 0.01 0.01
0 0.960010 0.102854 0.01 0.01
0 0.957937 0.080056 0.01 0.01
0 0.941357 0.069693 0.01 0.01
0 0.957937 0.070729 0.01 0.01
0 0.972445 0.068657 0.01 0.01
0 0.975554 0.081092 0.01 0.01
0 0.982808 0.108035 0.01 0.01
0 0.981771 0.145341 0.01 0.01
0 0.969336 0.129797 0.01 0.01
0 0.995243 0.111144 0.01 0.01
0 1.004569 0.128761 0.01 0.01
0 0.994207 0.097672 0.01 0.01
0 0.987989 0.082128 0.01 0.01
0 0.983844 0.069693 0.01 0.01
0 0.997316 0.067621 0.01 0.01
0 0.994207 0.061403 0.01 0.01
0 1.005606 0.067621 0.01 0.01
0 1.010787 0.079020 0.01 0.01
0 1.010787 0.089382 0.01 0.01
0 1.013896 0.100781 0.01 0.01
0 1.020113 0.117362 0.01 0.01
0 1.008714 0.116325 0.01 0.01
0 1.030476 0.112180 0.01 0.01
0 1.032549 0.101818 0.01 0.01
0 1.035657 0.091455 0.01 0.01
0 1.023222 0.083165 0.01 0.01
0 1.023222 0.071766 0.01 0.01
0 1.012860 0.064512 0.01 0.01
0 1.033585 0.063476 0.01 0.01
0 1.038766 0.075911 0.01 0.01
0 1.047056 0.089382 0.01 0.01
0 1.053274 0.104926 0.01 0.01
0 1.055347 0.119434 0.01 0.01
0 1.075036 0.122543 0.01 0.01
0 1.088507 0.122543 0.01 0.01
0 1.097834 0.127724 0.01 0.01
0 1.053274 0.133942 0.01 0.01
0 1.067782 0.142232 0.01 0.01
0 1.075036 0.154667 0.01 0.01
0 1.097834 0.149486 0.01 0.01
0 1.062600 0.091455 0.01 0.01
0 1.056383 0.081092 0.01 0.01
0 1.051202 0.071766 0.01 0.01
0 1.069854 0.069693 0.01 0.01
0 1.076072 0.083165 0.01 0.01
0 1.083326 0.088346 0.01 0.01
0 1.085398 0.076947 0.01 0.01
0 1.075036 0.067621 0.01 0.01
0 1.090580 0.070729 0.01 0.01
0 1.097834 0.088346 0.01 0.01
0 1.103015 0.101818 0.01 0.01
0 1.118559 0.110108 0.01 0.01
0 1.083326 0.103890 0.01 0.01
0 1.068818 0.108035 0.01 0.01
0 1.127885 0.095600 0.01 0.01
0 1.115450 0.084201 0.01 0.01
0 1.111305 0.072802 0.01 0.01
0 1.117523 0.061403 0.01 0.01
0 1.126849 0.072802 0.01 0.01
0 1.137212 0.082128 0.01 0.01
0 1.152756 0.091455 0.01 0.01
0 1.143429 0.072802 0.01 0.01
0 1.134103 0.067621 0.01 0.01
0 1.154828 0.073838 0.01 0.01
0 1.164155 0.085237 0.01 0.01
0 1.166227 0.098709 0.01 0.01
0 1.170372 0.087310 0.01 0.01
0 1.163119 0.073838 0.01 0.01
0 1.172445 0.074875 0.01 0.01
0 1.181771 0.082128 0.01 0.01
0 1.180735 0.101818 0.01 0.01
0 1.184880 0.108035 0.01 0.01
0 1.193170 0.102854 0.01 0.01
0 1.190062 0.086273 0.01 0.01
0 1.184880 0.075911 0.01 0.01
0 1.195243 0.073838 0.01 0.01
0 1.205606 0.094564 0.01 0.01
0 1.212860 0.105963 0.01 0.01
0 1.212860 0.120470 0.01 0.01
0 1.204569 0.134978 0.01 0.01
0 1.207678 0.148450 0.01 0.01
0 1.228404 0.121507 0.01 0.01
0 1.233585 0.105963 0.01 0.01
0 1.223222 0.094564 0.01 0.01
0 1.213896 0.082128 0.01 0.01
0 1.230476 0.074875 0.01 0.01
0 1.238766 0.090419 0.01 0.01
0 1.246020 0.103890 0.01 0.01
0 1.259492 0.112180 0.01 0.01
0 1.253274 0.157776 0.01 0.01
0 1.242911 0.165030 0.01 0.01
0 1.220113 0.161921 0.01 0.01
0 1.268818 0.167102 0.01 0.01
0 1.266746 0.178501 0.01 0.01
0 1.275036 0.157776 0.01 0.01
0 1.269854 0.145341 0.01 0.01
0 1.277108 0.125652 0.01 0.01
0 1.269854 0.115289 0.01 0.01
0 1.281253 0.174356 0.01 0.01
0 1.288507 0.190937 0.01 0.01
0 1.286435 0.199227 0.01 0.01
0 1.304051 0.191973 0.01 0.01
0 1.290580 0.119434 0.01 0.01
0 1.279181 0.115289 0.01 0.01
