0 0.026792 0.034848 0.01 0.01
0 0.052644 0.033963 0.01 0.01
0 0.052644 0.010064 0.01 0.01
0 0.078496 0.009178 0.01 0.01
0 0.080279 0.032192 0.01 0.01
0 0.105239 0.032192 0.01 0.01
0 0.165858 0.034848 0.01 0.01
0 0.129309 0.031307 0.01 0.01
0 0.181904 0.032192 0.01 0.01
0 0.207756 0.038388 0.01 0.01
0 0.236283 0.033077 0.01 0.01
0 0.255895 0.040159 0.01 0.01
0 0.287095 0.035733 0.01 0.01
0 0.311165 0.033963 0.01 0.01
0 0.333451 0.034848 0.01 0.01
0 0.360194 0.033963 0.01 0.01
0 0.414573 0.030422 0.01 0.01
0 0.435076 0.030422 0.01 0.01
0 0.383372 0.009178 0.01 0.01
0 0.359303 0.009178 0.01 0.01
0 0.333451 0.008293 0.01 0.01
0 0.309382 0.010064 0.01 0.01
0 0.280855 0.008293 0.01 0.01
0 0.462711 0.008293 0.01 0.01
0 0.462711 0.033963 0.01 0.01
0 0.484106 0.037503 0.01 0.01
0 0.510849 0.015374 0.01 0.01
0 0.534919 0.012719 0.01 0.01
0 0.567011 0.032192 0.01 0.01
0 0.491238 0.052551 0.01 0.01
0 0.583948 0.034848 0.01 0.01
0 0.589297 0.053436 0.01 0.01
0 0.540267 0.054321 0.01 0.01
0 0.514415 0.050780 0.01 0.01
0 0.642784 0.030422 0.01 0.01
0 0.620498 0.028652 0.01 0.01
0 0.665070 0.038388 0.01 0.01
0 0.690923 0.038388 0.01 0.01
0 0.717666 0.028652 0.01 0.01
0 0.740844 0.025996 0.01 0.01
0 0.764022 0.043699 0.01 0.01
0 0.745301 0.053436 0.01 0.01
0 0.723015 0.063172 0.01 0.01
0 0.689140 0.056976 0.01 0.01
0 0.671311 0.073794 0.01 0.01
0 0.645459 0.077335 0.01 0.01
0 0.624064 0.073794 0.01 0.01
0 0.568794 0.083531 0.01 0.01
0 0.522438 0.095038 0.01 0.01
0 0.511741 0.079105 0.01 0.01
0 0.488563 0.102119 0.01 0.01
0 0.465385 0.103004 0.01 0.01
0 0.442208 0.123362 0.01 0.01
0 0.412790 0.101234 0.01 0.01
0 0.387829 0.087956 0.01 0.01
0 0.356628 0.056976 0.01 0.01
0 0.386938 0.054321 0.01 0.01
0 0.335234 0.052551 0.01 0.01
0 0.283530 0.057861 0.01 0.01
0 0.309382 0.062287 0.01 0.01
0 0.284421 0.084416 0.01 0.01
0 0.235391 0.079990 0.01 0.01
0 0.236283 0.053436 0.01 0.01
0 0.207756 0.056976 0.01 0.01
0 0.182796 0.058747 0.01 0.01
0 0.160509 0.058747 0.01 0.01
0 0.130200 0.053436 0.01 0.01
0 0.107022 0.079990 0.01 0.01
0 0.080279 0.079105 0.01 0.01
0 0.029466 0.084416 0.01 0.01
0 0.028575 0.056091 0.01 0.01
0 0.055318 0.057861 0.01 0.01
0 0.081170 0.058747 0.01 0.01
0 0.105239 0.056091 0.01 0.01
0 0.027683 0.150802 0.01 0.01
0 0.051752 0.149917 0.01 0.01
0 0.079387 0.149917 0.01 0.01
0 0.107022 0.103889 0.01 0.01
0 0.131091 0.101234 0.01 0.01
0 0.160509 0.099463 0.01 0.01
0 0.211322 0.084416 0.01 0.01
0 0.264809 0.097693 0.01 0.01
0 0.312056 0.098578 0.01 0.01
0 0.312056 0.083531 0.01 0.01
0 0.338799 0.123362 0.01 0.01
0 0.316513 0.129558 0.01 0.01
0 0.287095 0.124247 0.01 0.01
0 0.263026 0.153457 0.01 0.01
0 0.263026 0.133984 0.01 0.01
0 0.237174 0.151687 0.01 0.01
0 0.234500 0.127788 0.01 0.01
0 0.212213 0.127788 0.01 0.01
0 0.188144 0.143721 0.01 0.01
0 0.109697 0.149032 0.01 0.01
0 0.082062 0.180897 0.01 0.01
0 0.027683 0.196830 0.01 0.01
0 0.056210 0.202140 0.01 0.01
0 0.025009 0.170275 0.01 0.01
0 0.055318 0.171160 0.01 0.01
0 0.106131 0.179127 0.01 0.01
0 0.131091 0.179127 0.01 0.01
0 0.157835 0.149032 0.01 0.01
0 0.190819 0.176471 0.01 0.01
0 0.156944 0.174701 0.01 0.01
0 0.214888 0.182667 0.01 0.01
0 0.213105 0.148146 0.01 0.01
0 0.238957 0.181782 0.01 0.01
0 0.294227 0.141950 0.01 0.01
0 0.263918 0.173816 0.01 0.01
0 0.319188 0.149917 0.01 0.01
0 0.338799 0.148146 0.01 0.01
0 0.367326 0.147261 0.01 0.01
0 0.394069 0.147261 0.01 0.01
0 0.390504 0.125133 0.01 0.01
0 0.418139 0.128673 0.01 0.01
0 0.418139 0.150802 0.01 0.01
0 0.445774 0.149917 0.01 0.01
0 0.466277 0.126018 0.01 0.01
0 0.464494 0.153457 0.01 0.01
0 0.493912 0.126903 0.01 0.01
0 0.493912 0.152572 0.01 0.01
0 0.520655 0.148146 0.01 0.01
0 0.547399 0.143721 0.01 0.01
0 0.574142 0.126018 0.01 0.01
0 0.575925 0.149917 0.01 0.01
0 0.599103 0.103004 0.01 0.01
0 0.598212 0.127788 0.01 0.01
0 0.606235 0.146376 0.01 0.01
0 0.624064 0.101234 0.01 0.01
0 0.650807 0.118937 0.01 0.01
0 0.649916 0.095923 0.01 0.01
0 0.729255 0.118937 0.01 0.01
0 0.698054 0.117166 0.01 0.01
0 0.723015 0.104774 0.01 0.01
0 0.761347 0.122477 0.01 0.01
0 0.764022 0.141065 0.01 0.01
0 0.738169 0.141065 0.01 0.01
0 0.698946 0.141065 0.01 0.01
0 0.676659 0.147261 0.01 0.01
0 0.623172 0.141950 0.01 0.01
0 0.656156 0.145491 0.01 0.01
0 0.620498 0.121592 0.01 0.01
0 0.317405 0.173816 0.01 0.01
0 0.344148 0.178241 0.01 0.01
0 0.369109 0.172931 0.01 0.01
0 0.395852 0.177356 0.01 0.01
0 0.423487 0.165849 0.01 0.01
0 0.444882 0.188863 0.01 0.01
0 0.466277 0.172045 0.01 0.01
0 0.501044 0.177356 0.01 0.01
0 0.527787 0.173816 0.01 0.01
0 0.602669 0.168505 0.01 0.01
0 0.764913 0.167620 0.01 0.01
0 0.705186 0.165849 0.01 0.01
0 0.737278 0.171160 0.01 0.01
0 0.766696 0.191519 0.01 0.01
0 0.733712 0.190634 0.01 0.01
0 0.710534 0.190634 0.01 0.01
0 0.685574 0.190634 0.01 0.01
0 0.661505 0.193289 0.01 0.01
0 0.634761 0.193289 0.01 0.01
0 0.601777 0.192404 0.01 0.01
0 0.553639 0.192404 0.01 0.01
0 0.575034 0.168505 0.01 0.01
0 0.629412 0.168505 0.01 0.01
0 0.681117 0.172931 0.01 0.01
0 0.532244 0.220729 0.01 0.01
0 0.505501 0.218958 0.01 0.01
0 0.476083 0.214532 0.01 0.01
0 0.451122 0.217188 0.01 0.01
0 0.427053 0.228695 0.01 0.01
0 0.397635 0.223384 0.01 0.01
0 0.372675 0.221614 0.01 0.01
0 0.348605 0.221614 0.01 0.01
0 0.317405 0.222499 0.01 0.01
0 0.287095 0.221614 0.01 0.01
0 0.291553 0.195944 0.01 0.01
0 0.263918 0.200370 0.01 0.01
0 0.272832 0.246398 0.01 0.01
0 0.263918 0.223384 0.01 0.01
0 0.240740 0.223384 0.01 0.01
0 0.214888 0.197715 0.01 0.01
0 0.217562 0.230465 0.01 0.01
0 0.184578 0.197715 0.01 0.01
0 0.184578 0.225154 0.01 0.01
0 0.157835 0.204796 0.01 0.01
0 0.160509 0.243742 0.01 0.01
0 0.157835 0.226039 0.01 0.01
0 0.136440 0.220729 0.01 0.01
0 0.131983 0.202140 0.01 0.01
0 0.135549 0.248168 0.01 0.01
0 0.108805 0.206566 0.01 0.01
0 0.105239 0.249053 0.01 0.01
0 0.078496 0.250823 0.01 0.01
0 0.080279 0.282689 0.01 0.01
0 0.053535 0.227810 0.01 0.01
0 0.051752 0.278263 0.01 0.01
0 0.023226 0.219843 0.01 0.01
0 0.024117 0.278263 0.01 0.01
0 0.020552 0.304817 0.01 0.01
0 0.020552 0.332257 0.01 0.01
0 0.019660 0.357041 0.01 0.01
0 0.017877 0.388906 0.01 0.01
0 0.017877 0.419001 0.01 0.01
0 0.016094 0.437589 0.01 0.01
0 0.021443 0.470340 0.01 0.01
0 0.044621 0.465914 0.01 0.01
0 0.047295 0.414576 0.01 0.01
0 0.044621 0.442015 0.01 0.01
0 0.047295 0.384481 0.01 0.01
0 0.049078 0.358811 0.01 0.01
0 0.049078 0.327831 0.01 0.01
0 0.051752 0.301277 0.01 0.01
0 0.077604 0.330487 0.01 0.01
0 0.077604 0.359697 0.01 0.01
0 0.074039 0.381825 0.01 0.01
0 0.079387 0.407494 0.01 0.01
0 0.078496 0.435819 0.01 0.01
0 0.084736 0.467684 0.01 0.01
0 0.075822 0.496009 0.01 0.01
0 0.049969 0.485387 0.01 0.01
0 0.104348 0.491583 0.01 0.01
0 0.105239 0.458833 0.01 0.01
0 0.101674 0.437589 0.01 0.01
0 0.104348 0.416346 0.01 0.01
0 0.104348 0.384481 0.01 0.01
0 0.107022 0.355271 0.01 0.01
0 0.106131 0.304817 0.01 0.01
0 0.106131 0.274722 0.01 0.01
0 0.136440 0.272952 0.01 0.01
0 0.134657 0.348190 0.01 0.01
0 0.132874 0.388906 0.01 0.01
0 0.134657 0.419887 0.01 0.01
0 0.134657 0.466799 0.01 0.01
0 0.158726 0.466799 0.01 0.01
0 0.159618 0.409265 0.01 0.01
0 0.161401 0.436704 0.01 0.01
0 0.133766 0.298621 0.01 0.01
0 0.163184 0.268526 0.01 0.01
0 0.162292 0.300392 0.01 0.01
0 0.189036 0.246398 0.01 0.01
0 0.190819 0.282689 0.01 0.01
0 0.189036 0.296851 0.01 0.01
0 0.190819 0.360582 0.01 0.01
0 0.189927 0.322520 0.01 0.01
0 0.189036 0.398643 0.01 0.01
0 0.189036 0.444671 0.01 0.01
0 0.192602 0.488928 0.01 0.01
0 0.210431 0.251709 0.01 0.01
0 0.214888 0.297736 0.01 0.01
0 0.214888 0.367663 0.01 0.01
0 0.217562 0.404839 0.01 0.01
0 0.217562 0.435819 0.01 0.01
0 0.220237 0.463259 0.01 0.01
0 0.214888 0.485387 0.01 0.01
0 0.246980 0.465914 0.01 0.01
0 0.270158 0.375629 0.01 0.01
0 0.239848 0.329602 0.01 0.01
0 0.272832 0.318980 0.01 0.01
0 0.243414 0.300392 0.01 0.01
0 0.214888 0.280918 0.01 0.01
0 0.243414 0.276493 0.01 0.01
0 0.243414 0.249938 0.01 0.01
0 0.299576 0.302162 0.01 0.01
0 0.323645 0.271182 0.01 0.01
0 0.349497 0.273837 0.01 0.01
0 0.370892 0.244627 0.01 0.01
0 0.347714 0.245513 0.01 0.01
0 0.401201 0.247283 0.01 0.01
0 0.423487 0.247283 0.01 0.01
0 0.403875 0.279148 0.01 0.01
0 0.377132 0.274722 0.01 0.01
0 0.431510 0.283574 0.01 0.01
0 0.453797 0.280918 0.01 0.01
0 0.482323 0.284459 0.01 0.01
0 0.480540 0.249053 0.01 0.01
0 0.510849 0.272067 0.01 0.01
0 0.539376 0.280033 0.01 0.01
0 0.558096 0.280033 0.01 0.01
0 0.586623 0.278263 0.01 0.01
0 0.587514 0.240202 0.01 0.01
0 0.632087 0.218958 0.01 0.01
0 0.610692 0.245513 0.01 0.01
0 0.690031 0.219843 0.01 0.01
0 0.664179 0.210107 0.01 0.01
0 0.712317 0.219843 0.01 0.01
0 0.743518 0.216303 0.01 0.01
0 0.747975 0.243742 0.01 0.01
0 0.717666 0.243742 0.01 0.01
0 0.772045 0.217188 0.01 0.01
0 0.692705 0.244627 0.01 0.01
0 0.665962 0.241972 0.01 0.01
0 0.641001 0.243742 0.01 0.01
0 0.558988 0.223384 0.01 0.01
0 0.581274 0.217188 0.01 0.01
0 0.616932 0.268526 0.01 0.01
0 0.648133 0.272067 0.01 0.01
0 0.671311 0.269412 0.01 0.01
0 0.698054 0.265871 0.01 0.01
0 0.731038 0.295966 0.01 0.01
0 0.756890 0.272067 0.01 0.01
0 0.762239 0.295081 0.01 0.01
0 0.759564 0.316324 0.01 0.01
0 0.732821 0.327831 0.01 0.01
0 0.705186 0.326946 0.01 0.01
0 0.632978 0.322520 0.01 0.01
0 0.617824 0.297736 0.01 0.01
0 0.592863 0.300392 0.01 0.01
0 0.567011 0.301277 0.01 0.01
0 0.541159 0.298621 0.01 0.01
0 0.509067 0.296851 0.01 0.01
0 0.482323 0.307473 0.01 0.01
0 0.465385 0.325176 0.01 0.01
0 0.401201 0.316324 0.01 0.01
0 0.377132 0.322520 0.01 0.01
0 0.348605 0.298621 0.01 0.01
0 0.352171 0.356156 0.01 0.01
0 0.327211 0.380940 0.01 0.01
0 0.299576 0.380055 0.01 0.01
0 0.300467 0.353501 0.01 0.01
0 0.326319 0.321635 0.01 0.01
0 0.277289 0.466799 0.01 0.01
0 0.247872 0.426968 0.01 0.01
0 0.272832 0.428738 0.01 0.01
0 0.302250 0.432279 0.01 0.01
0 0.243414 0.395102 0.01 0.01
0 0.304924 0.460603 0.01 0.01
0 0.333451 0.480077 0.01 0.01
0 0.361086 0.488043 0.01 0.01
0 0.357520 0.454407 0.01 0.01
0 0.330776 0.431393 0.01 0.01
0 0.350388 0.404839 0.01 0.01
0 0.353954 0.374744 0.01 0.01
0 0.376240 0.349075 0.01 0.01
0 0.381589 0.401298 0.01 0.01
0 0.384263 0.458833 0.01 0.01
0 0.412790 0.484502 0.01 0.01
0 0.417247 0.456178 0.01 0.01
0 0.415464 0.436704 0.01 0.01
0 0.411898 0.403954 0.01 0.01
0 0.406550 0.358811 0.01 0.01
0 0.427053 0.316324 0.01 0.01
0 0.430619 0.358811 0.01 0.01
0 0.440425 0.401298 0.01 0.01
0 0.442208 0.435819 0.01 0.01
0 0.449339 0.486273 0.01 0.01
0 0.476974 0.483617 0.01 0.01
0 0.463603 0.403954 0.01 0.01
0 0.468060 0.437589 0.01 0.01
0 0.460928 0.365007 0.01 0.01
0 0.487672 0.322520 0.01 0.01
0 0.517981 0.350845 0.01 0.01
0 0.494803 0.355271 0.01 0.01
0 0.477866 0.370318 0.01 0.01
0 0.496586 0.403954 0.01 0.01
0 0.523330 0.399528 0.01 0.01
0 0.494803 0.434934 0.01 0.01
0 0.504609 0.466799 0.01 0.01
0 0.526004 0.459718 0.01 0.01
0 0.558988 0.457948 0.01 0.01
0 0.553639 0.437589 0.01 0.01
0 0.550965 0.409265 0.01 0.01
0 0.577708 0.400413 0.01 0.01
0 0.546508 0.378285 0.01 0.01
0 0.545616 0.345534 0.01 0.01
0 0.577708 0.373859 0.01 0.01
0 0.571468 0.350845 0.01 0.01
0 0.569685 0.326946 0.01 0.01
0 0.595537 0.314554 0.01 0.01
0 0.600886 0.351730 0.01 0.01
0 0.632978 0.351730 0.01 0.01
0 0.658830 0.354386 0.01 0.01
0 0.684682 0.350845 0.01 0.01
0 0.714992 0.351730 0.01 0.01
0 0.601777 0.405724 0.01 0.01
0 0.633870 0.388906 0.01 0.01
0 0.657939 0.378285 0.01 0.01
0 0.687357 0.373859 0.01 0.01
0 0.711426 0.374744 0.01 0.01
0 0.743518 0.372089 0.01 0.01
0 0.748867 0.399528 0.01 0.01
0 0.724798 0.429623 0.01 0.01
0 0.753324 0.427853 0.01 0.01
0 0.672202 0.436704 0.01 0.01
0 0.640110 0.439360 0.01 0.01
0 0.581274 0.428738 0.01 0.01
0 0.612475 0.461488 0.01 0.01
0 0.645459 0.464144 0.01 0.01
0 0.671311 0.461488 0.01 0.01
0 0.701620 0.458833 0.01 0.01
0 0.729255 0.467684 0.01 0.01
0 0.761347 0.453522 0.01 0.01
0 0.645459 0.300392 0.01 0.01
0 0.082953 0.100349 0.01 0.01
0 0.049969 0.095038 0.01 0.01
0 0.664179 0.404839 0.01 0.01
0 0.722123 0.268526 0.01 0.01
0 0.341486 0.096004 0.01 0.01
0 0.456471 0.080875 0.01 0.01
0 0.130200 0.497779 0.01 0.01
0 0.163184 0.493354 0.01 0.01
0 0.166749 0.358811 0.01 0.01
0 0.053535 0.249053 0.01 0.01
0 0.364652 0.080875 0.01 0.01
0 0.673985 0.123362 0.01 0.01
0 0.370892 0.197715 0.01 0.01
0 0.364652 0.128673 0.01 0.01
0 0.537593 0.099463 0.01 0.01
0 0.641893 0.049895 0.01 0.01
0 0.616041 0.049010 0.01 0.01
0 0.669528 0.061402 0.01 0.01
0 0.185470 0.123362 0.01 0.01
0 0.452014 0.243742 0.01 0.01
0 0.530461 0.245513 0.01 0.01
0 0.509958 0.250823 0.01 0.01
0 0.731929 0.486273 0.01 0.01
0 0.767587 0.486273 0.01 0.01
0 0.702511 0.488928 0.01 0.01
0 0.673094 0.487158 0.01 0.01
0 0.646350 0.487158 0.01 0.01
0 0.612475 0.489813 0.01 0.01
0 0.586623 0.489813 0.01 0.01
0 0.558096 0.489813 0.01 0.01
0 0.530461 0.496894 0.01 0.01
0 0.501044 0.492469 0.01 0.01
0 0.305816 0.495124 0.01 0.01
0 0.275506 0.492469 0.01 0.01
0 0.249654 0.492469 0.01 0.01
0 0.296901 0.329602 0.01 0.01
0 0.688248 0.005638 0.01 0.01
0 0.481432 0.006523 0.01 0.01
0 0.406550 0.011834 0.01 0.01
0 0.153378 0.010949 0.01 0.01
0 0.181904 0.010949 0.01 0.01
0 0.201516 0.011834 0.01 0.01
0 0.751541 0.074679 0.01 0.01
0 0.274615 0.409265 0.01 0.01
0 0.567902 0.102119 0.01 0.01
0 0.714100 0.403069 0.01 0.01
0 0.131983 0.141950 0.01 0.01
