0 1.342278 0.933987 0.01 0.01
0 1.383728 0.880101 0.01 0.01
0 1.392018 0.842796 0.01 0.01
0 1.323625 0.861449 0.01 0.01
0 1.402381 1.060412 0.01 0.01
0 1.383728 1.035542 0.01 0.01
0 1.356785 1.012744 0.01 0.01
0 1.460412 1.106008 0.01 0.01
0 1.483210 1.139169 0.01 0.01
0 1.539169 1.106008 0.01 0.01
0 1.547459 1.064557 0.01 0.01
0 1.512226 0.875956 0.01 0.01
0 1.503936 0.780620 0.01 0.01
0 1.454195 0.755749 0.01 0.01
0 1.545386 0.730879 0.01 0.01
0 1.582692 0.846941 0.01 0.01
0 1.522588 0.842796 0.01 0.01
0 1.586837 0.973366 0.01 0.01
0 1.209635 0.793055 0.01 0.01
0 1.238651 0.764039 0.01 0.01
0 1.263521 0.851086 0.01 0.01
0 1.251086 0.826215 0.01 0.01
0 1.224143 0.882174 0.01 0.01
0 1.182692 0.973366 0.01 0.01
0 1.207563 0.998236 0.01 0.01
0 1.120516 1.016889 0.01 0.01
0 1.085283 0.998236 0.01 0.01
0 1.118443 0.940205 0.01 0.01
0 1.174402 1.050050 0.01 0.01
0 1.176474 1.085283 0.01 0.01
0 1.234506 1.089428 0.01 0.01
0 1.182692 1.164039 0.01 0.01
0 1.298754 1.170257 0.01 0.01
0 1.265594 0.780620 0.01 0.01
0 1.321552 0.764039 0.01 0.01
0 1.321552 0.660412 0.01 0.01
0 1.360930 0.652122 0.01 0.01
0 1.414816 0.583728 0.01 0.01
0 1.381656 0.577511 0.01 0.01
0 1.329842 0.577511 0.01 0.01
0 1.454195 0.525697 0.01 0.01
0 1.460412 0.560930 0.01 0.01
0 1.493573 0.569221 0.01 0.01
0 1.516371 0.523625 0.01 0.01
0 1.524661 0.550568 0.01 0.01
0 1.545386 0.463521 0.01 0.01
0 1.495645 0.455231 0.01 0.01
0 1.452122 0.449013 0.01 0.01
0 1.427252 0.473884 0.01 0.01
0 1.545386 0.399272 0.01 0.01
0 1.561967 0.569221 0.01 0.01
0 1.549531 0.610671 0.01 0.01
0 1.572329 0.631397 0.01 0.01
0 1.559894 0.658340 0.01 0.01
0 1.423107 0.621034 0.01 0.01
0 1.483210 0.635542 0.01 0.01
0 1.211708 0.618961 0.01 0.01
0 1.199272 0.596164 0.01 0.01
0 1.201345 0.565075 0.01 0.01
0 1.226215 0.525697 0.01 0.01
0 1.106008 0.627252 0.01 0.01
0 1.112226 0.587873 0.01 0.01
0 1.149531 0.645904 0.01 0.01
0 1.101863 0.674920 0.01 0.01
0 1.068702 0.670775 0.01 0.01
0 1.141241 0.697718 0.01 0.01
0 1.101863 0.703936 0.01 0.01
0 1.170257 0.676993 0.01 0.01
0 1.083210 0.737096 0.01 0.01
0 1.112226 0.811708 0.01 0.01
0 1.178547 0.780620 0.01 0.01
0 1.186837 0.724661 0.01 0.01
0 1.255231 0.699791 0.01 0.01
0 1.217925 0.737096 0.01 0.01
0 1.124661 0.867666 0.01 0.01
0 1.170257 0.857303 0.01 0.01
0 0.925697 0.981656 0.01 0.01
0 0.766112 0.817925 0.01 0.01
0 0.712226 0.805490 0.01 0.01
0 0.772329 0.770257 0.01 0.01
0 0.753677 0.755749 0.01 0.01
0 0.784765 0.741241 0.01 0.01
0 0.855231 0.737096 0.01 0.01
0 0.886319 0.706008 0.01 0.01
0 0.927770 0.743314 0.01 0.01
0 0.950568 0.697718 0.01 0.01
0 0.894609 0.759894 0.01 0.01
0 0.863521 0.761967 0.01 0.01
0 0.923625 0.786837 0.01 0.01
0 0.911189 0.826215 0.01 0.01
0 0.940205 0.869739 0.01 0.01
0 0.948495 0.844868 0.01 0.01
0 0.548495 1.012744 0.01 0.01
0 0.488392 1.027252 0.01 0.01
0 0.546423 0.933987 0.01 0.01
0 0.633469 0.838651 0.01 0.01
0 0.683210 0.799272 0.01 0.01
0 0.699791 0.836578 0.01 0.01
0 0.654195 0.878029 0.01 0.01
0 0.718443 0.890464 0.01 0.01
0 0.788910 0.940205 0.01 0.01
0 0.838651 0.946423 0.01 0.01
0 0.803417 0.960930 0.01 0.01
0 0.718443 1.074920 0.01 0.01
0 0.612744 1.062485 0.01 0.01
0 0.706008 1.128806 0.01 0.01
0 0.730879 1.008599 0.01 0.01
0 0.782692 1.106008 0.01 0.01
0 0.589946 0.979583 0.01 0.01
0 0.026215 1.018961 0.01 0.01
0 0.049013 1.122588 0.01 0.01
0 0.080101 1.153677 0.01 0.01
0 0.100827 1.116371 0.01 0.01
0 0.131915 1.124661 0.01 0.01
0 0.129842 1.176474 0.01 0.01
0 0.133987 0.809635 0.01 0.01
0 0.150568 0.822070 0.01 0.01
0 0.196164 0.797200 0.01 0.01
0 0.239687 0.743314 0.01 0.01
0 0.283210 0.726734 0.01 0.01
0 0.322588 0.764039 0.01 0.01
0 0.283210 0.782692 0.01 0.01
0 0.332951 0.730879 0.01 0.01
0 0.364039 0.726734 0.01 0.01
0 0.276993 0.679065 0.01 0.01
0 0.245904 0.683210 0.01 0.01
0 0.223107 0.708081 0.01 0.01
0 0.206526 0.724661 0.01 0.01
0 0.185801 0.699791 0.01 0.01
0 0.192018 0.679065 0.01 0.01
0 0.208599 0.691500 0.01 0.01
0 0.225179 0.660412 0.01 0.01
0 0.264557 0.618961 0.01 0.01
0 0.202381 0.612744 0.01 0.01
0 0.065594 0.679065 0.01 0.01
0 0.096682 0.689428 0.01 0.01
0 0.071811 0.766112 0.01 0.01
0 0.090464 0.809635 0.01 0.01
0 0.069739 0.730879 0.01 0.01
0 0.022070 0.594091 0.01 0.01
0 0.107044 0.641759 0.01 0.01
0 0.098754 0.604454 0.01 0.01
0 0.430360 0.697718 0.01 0.01
0 0.457303 0.639687 0.01 0.01
0 0.486319 0.656267 0.01 0.01
0 0.465594 0.612744 0.01 0.01
0 0.478029 0.571293 0.01 0.01
0 0.504972 0.575438 0.01 0.01
0 0.525697 0.575438 0.01 0.01
0 0.571293 0.596164 0.01 0.01
0 0.556785 0.550568 0.01 0.01
0 0.577511 0.573366 0.01 0.01
0 0.602381 0.573366 0.01 0.01
0 0.606526 0.625179 0.01 0.01
0 0.546423 0.691500 0.01 0.01
0 0.560930 0.732951 0.01 0.01
0 0.538132 0.749531 0.01 0.01
0 0.560930 0.790982 0.01 0.01
0 0.610671 0.730879 0.01 0.01
0 0.589946 0.724661 0.01 0.01
0 0.633469 0.730879 0.01 0.01
0 0.658340 0.776474 0.01 0.01
0 0.701863 0.741241 0.01 0.01
0 0.718443 0.718443 0.01 0.01
0 0.741241 0.728806 0.01 0.01
0 0.656267 0.650050 0.01 0.01
0 0.637614 0.697718 0.01 0.01
0 0.633469 0.643832 0.01 0.01
0 0.716371 0.633469 0.01 0.01
0 0.722588 0.662485 0.01 0.01
0 0.751604 0.631397 0.01 0.01
0 0.724661 0.602381 0.01 0.01
0 0.703936 0.548495 0.01 0.01
0 0.254195 0.589946 0.01 0.01
0 0.231397 0.575438 0.01 0.01
0 0.247977 0.546423 0.01 0.01
0 0.312226 0.577511 0.01 0.01
0 0.378547 0.550568 0.01 0.01
0 0.424143 0.583728 0.01 0.01
0 0.376474 0.598236 0.01 0.01
0 0.370257 0.627252 0.01 0.01
0 0.388910 0.606526 0.01 0.01
0 0.411708 0.654195 0.01 0.01
0 0.463521 0.672848 0.01 0.01
0 0.438651 0.662485 0.01 0.01
0 0.463521 0.695645 0.01 0.01
0 0.351604 0.907044 0.01 0.01
0 0.270775 0.898754 0.01 0.01
0 0.480101 0.795127 0.01 0.01
0 0.507044 0.807563 0.01 0.01
0 0.461449 0.826215 0.01 0.01
0 0.685283 0.527770 0.01 0.01
0 0.749531 0.571293 0.01 0.01
0 0.759894 0.581656 0.01 0.01
0 0.803417 0.531915 0.01 0.01
0 0.761967 0.515335 0.01 0.01
0 0.745386 0.542278 0.01 0.01
0 0.747459 0.500827 0.01 0.01
0 0.801345 0.498754 0.01 0.01
0 0.819998 0.502899 0.01 0.01
0 0.880101 0.519480 0.01 0.01
0 0.923625 0.621034 0.01 0.01
0 0.898754 0.604454 0.01 0.01
0 0.895127 0.915335 0.01 0.01
0 0.681656 0.901863 0.01 0.01
0 0.730360 0.847977 0.01 0.01
0 0.356267 0.814816 0.01 0.01
0 0.355231 0.785801 0.01 0.01
0 0.334506 0.788910 0.01 0.01
0 0.859894 0.687355 0.01 0.01
0 0.934506 0.663521 0.01 0.01
0 0.521034 0.614816 0.01 0.01
0 0.687873 0.607563 0.01 0.01
0 0.678547 0.567148 0.01 0.01
0 0.636060 0.578547 0.01 0.01
0 0.618443 0.523625 0.01 0.01
0 0.640205 0.522588 0.01 0.01
0 0.669221 0.500827 0.01 0.01
0 0.725179 0.515335 0.01 0.01
0 0.734506 0.489428 0.01 0.01
0 0.761449 0.481138 0.01 0.01
0 0.858858 0.487355 0.01 0.01
0 0.903417 0.489428 0.01 0.01
0 0.892018 0.478029 0.01 0.01
0 0.952122 0.496682 0.01 0.01
0 0.929324 0.525697 0.01 0.01
0 0.902381 0.531915 0.01 0.01
0 0.947977 0.543314 0.01 0.01
0 0.854713 0.584765 0.01 0.01
0 0.974920 0.533987 0.01 0.01
0 0.972848 0.471811 0.01 0.01
0 0.318961 0.652122 0.01 0.01
0 0.329324 0.666630 0.01 0.01
0 0.352122 0.671811 0.01 0.01
0 0.340723 0.692537 0.01 0.01
0 0.361449 0.696682 0.01 0.01
0 0.315853 0.726734 0.01 0.01
0 0.312744 0.703936 0.01 0.01
0 0.314816 0.629324 0.01 0.01
0 0.318961 0.612744 0.01 0.01
0 0.297200 0.613780 0.01 0.01
0 0.334506 0.597200 0.01 0.01
0 0.359376 0.527770 0.01 0.01
0 0.349013 0.493573 0.01 0.01
0 0.313780 0.492537 0.01 0.01
0 0.441241 0.509117 0.01 0.01
0 0.426734 0.540205 0.01 0.01
0 0.460930 0.520516 0.01 0.01
0 0.463003 0.496682 0.01 0.01
0 0.474402 0.538132 0.01 0.01
0 0.494091 0.539169 0.01 0.01
0 0.489946 0.499791 0.01 0.01
0 0.526215 0.527770 0.01 0.01
0 0.543832 0.509117 0.01 0.01
0 0.536578 0.476993 0.01 0.01
0 0.519998 0.472848 0.01 0.01
0 0.566630 0.496682 0.01 0.01
0 0.578029 0.486319 0.01 0.01
0 0.609117 0.501863 0.01 0.01
0 0.618443 0.484246 0.01 0.01
0 0.664039 0.469739 0.01 0.01
0 0.160739 0.972848 0.01 0.01
0 0.210480 1.064039 0.01 0.01
0 0.260221 1.058858 0.01 0.01
0 0.272656 1.104454 0.01 0.01
0 0.306853 1.126215 0.01 0.01
0 0.302708 1.169739 0.01 0.01
0 0.406335 1.056785 0.01 0.01
0 0.605299 1.099272 0.01 0.01
0 0.623952 1.111708 0.01 0.01
0 0.703744 0.955231 0.01 0.01
0 0.799081 1.063003 0.01 0.01
0 0.537941 0.963521 0.01 0.01
0 0.426024 0.985283 0.01 0.01
0 1.360412 1.130360 0.01 0.01
0 1.479583 1.014298 0.01 0.01
0 1.547977 0.905490 0.01 0.01
0 1.578029 0.889946 0.01 0.01
0 1.152122 1.030879 0.01 0.01
0 1.057822 0.951086 0.01 0.01
0 1.101345 0.853677 0.01 0.01
0 1.133469 0.789428 0.01 0.01
0 1.025697 0.786319 0.01 0.01
0 1.360412 0.746941 0.01 0.01
0 1.402899 0.655749 0.01 0.01
0 1.501345 0.700309 0.01 0.01
0 1.469221 0.713780 0.01 0.01
0 1.431915 0.827770 0.01 0.01
0 1.464039 0.871293 0.01 0.01
0 1.441241 0.902381 0.01 0.01
0 1.402899 0.917925 0.01 0.01
0 1.400827 0.994609 0.01 0.01
0 1.458858 1.171811 0.01 0.01
0 1.544868 1.164557 0.01 0.01
0 1.368702 0.625697 0.01 0.01
0 1.470257 0.606008 0.01 0.01
0 1.316889 0.631915 0.01 0.01
0 1.210153 0.665075 0.01 0.01
0 1.468184 0.417407 0.01 0.01
0 1.589428 0.471293 0.01 0.01
0 1.396682 0.502381 0.01 0.01
0 1.324143 0.505490 0.01 0.01
0 1.275438 0.533469 0.01 0.01
0 1.086837 0.648495 0.01 0.01
0 1.191500 0.516889 0.01 0.01
0 1.164557 0.494091 0.01 0.01
0 1.140723 0.498236 0.01 0.01
0 1.110671 0.535542 0.01 0.01
0 1.249531 0.490982 0.01 0.01
0 1.255749 0.440205 0.01 0.01
0 1.228806 0.440205 0.01 0.01
0 1.212226 0.409117 0.01 0.01
0 1.137614 0.452640 0.01 0.01
0 1.105490 0.480620 0.01 0.01
0 1.057822 0.461967 0.01 0.01
0 1.089946 0.428806 0.01 0.01
0 1.097200 0.451604 0.01 0.01
0 1.118961 0.427770 0.01 0.01
0 1.130360 0.409117 0.01 0.01
0 1.139687 0.360412 0.01 0.01
0 1.147977 0.403936 0.01 0.01
0 1.204972 0.374920 0.01 0.01
0 1.240205 0.347977 0.01 0.01
0 1.214298 0.349013 0.01 0.01
0 1.269221 0.347977 0.01 0.01
0 1.270257 0.375956 0.01 0.01
0 1.254713 0.381138 0.01 0.01
0 1.249531 0.411189 0.01 0.01
0 1.278547 0.421552 0.01 0.01
0 1.335542 0.394609 0.01 0.01
0 1.349013 0.378029 0.01 0.01
0 1.371811 0.397718 0.01 0.01
0 1.370775 0.364557 0.01 0.01
0 1.407044 0.343832 0.01 0.01
0 1.409117 0.373884 0.01 0.01
0 1.400827 0.411189 0.01 0.01
0 1.431915 0.378029 0.01 0.01
0 1.445386 0.353158 0.01 0.01
0 1.480620 0.338651 0.01 0.01
0 1.530360 0.316889 0.01 0.01
0 1.552122 0.317925 0.01 0.01
0 1.489946 0.296164 0.01 0.01
0 1.468184 0.301345 0.01 0.01
0 1.368702 0.301345 0.01 0.01
0 1.367666 0.332433 0.01 0.01
0 1.341759 0.342796 0.01 0.01
0 1.591500 0.296164 0.01 0.01
0 1.237096 0.310671 0.01 0.01
0 1.204972 0.294091 0.01 0.01
0 1.206008 0.317925 0.01 0.01
0 1.185283 0.314816 0.01 0.01
0 1.182174 0.333469 0.01 0.01
0 1.141759 0.317925 0.01 0.01
0 1.117925 0.321034 0.01 0.01
0 1.122070 0.296164 0.01 0.01
0 1.090982 0.304454 0.01 0.01
0 1.084765 0.349013 0.01 0.01
0 1.072329 0.341759 0.01 0.01
0 1.049531 0.357303 0.01 0.01
0 1.048495 0.335542 0.01 0.01
0 1.068184 0.317925 0.01 0.01
0 1.051604 0.311708 0.01 0.01
0 1.162485 0.296164 0.01 0.01
0 1.258858 0.290982 0.01 0.01
0 0.919998 0.467148 0.01 0.01
0 0.917925 0.449531 0.01 0.01
0 0.951086 0.452640 0.01 0.01
0 0.880620 0.436060 0.01 0.01
0 0.922070 0.396682 0.01 0.01
0 0.992537 0.414298 0.01 0.01
0 0.974920 0.396682 0.01 0.01
0 0.968702 0.375956 0.01 0.01
0 0.925179 0.382174 0.01 0.01
0 0.949013 0.356267 0.01 0.01
0 0.966630 0.337614 0.01 0.01
0 0.880620 0.409117 0.01 0.01
0 0.056785 0.664039 0.01 0.01
0 0.044350 0.590464 0.01 0.01
0 0.149013 0.568702 0.01 0.01
0 0.202899 0.537614 0.01 0.01
0 0.226734 0.561449 0.01 0.01
0 0.219480 0.546941 0.01 0.01
0 0.263003 0.525179 0.01 0.01
0 0.247459 0.517925 0.01 0.01
0 0.347977 0.459894 0.01 0.01
0 0.371811 0.465075 0.01 0.01
0 0.388392 0.448495 0.01 0.01
0 0.471293 0.452640 0.01 0.01
0 0.516889 0.422588 0.01 0.01
0 0.498236 0.397718 0.01 0.01
0 0.502381 0.413262 0.01 0.01
0 0.477511 0.399791 0.01 0.01
0 0.579065 0.444350 0.01 0.01
0 0.559376 0.447459 0.01 0.01
0 0.535542 0.457822 0.01 0.01
0 0.569739 0.396682 0.01 0.01
0 0.586319 0.402899 0.01 0.01
0 0.644350 0.404972 0.01 0.01
0 0.647459 0.387355 0.01 0.01
0 0.649531 0.350050 0.01 0.01
0 0.675438 0.363521 0.01 0.01
0 0.661967 0.354195 0.01 0.01
0 0.680620 0.393573 0.01 0.01
0 0.690982 0.406008 0.01 0.01
0 0.687873 0.439169 0.01 0.01
0 0.675438 0.443314 0.01 0.01
0 0.642278 0.467148 0.01 0.01
0 0.624661 0.463003 0.01 0.01
0 0.448495 0.554195 0.01 0.01
0 0.580101 0.687873 0.01 0.01
0 0.225697 0.803936 0.01 0.01
0 0.175956 0.585283 0.01 0.01
0 0.214298 0.480620 0.01 0.01
0 0.014298 0.527252 0.01 0.01
0 0.097200 0.479583 0.01 0.01
0 0.171811 0.449531 0.01 0.01
0 0.109635 0.478547 0.01 0.01
0 0.019480 0.472329 0.01 0.01
0 0.043314 0.459894 0.01 0.01
0 0.070257 0.443314 0.01 0.01
0 0.186319 0.414298 0.01 0.01
0 0.190464 0.387355 0.01 0.01
0 0.206008 0.387355 0.01 0.01
0 0.218443 0.406008 0.01 0.01
0 0.220516 0.444350 0.01 0.01
0 0.247459 0.412226 0.01 0.01
0 0.293055 0.411189 0.01 0.01
0 0.290982 0.390464 0.01 0.01
0 0.286837 0.368702 0.01 0.01
0 0.256785 0.372848 0.01 0.01
0 0.240205 0.373884 0.01 0.01
0 0.253677 0.362485 0.01 0.01
0 0.265075 0.357303 0.01 0.01
0 0.315853 0.399791 0.01 0.01
0 0.294091 0.573884 0.01 0.01
0 0.721034 0.380101 0.01 0.01
0 0.693055 0.375956 0.01 0.01
0 0.739687 0.366630 0.01 0.01
0 0.754195 0.394609 0.01 0.01
0 0.730360 0.424661 0.01 0.01
0 0.716889 0.403936 0.01 0.01
0 0.751086 0.420516 0.01 0.01
0 0.781138 0.413262 0.01 0.01
0 0.775956 0.387355 0.01 0.01
0 0.764557 0.369739 0.01 0.01
0 0.758340 0.441241 0.01 0.01
0 0.785283 0.466112 0.01 0.01
0 0.021552 0.193573 0.01 0.01
0 0.025697 0.178029 0.01 0.01
0 0.071293 0.169739 0.01 0.01
0 0.066112 0.186319 0.01 0.01
0 0.075438 0.197718 0.01 0.01
0 0.116889 0.196682 0.01 0.01
0 0.061967 0.101345 0.01 0.01
0 0.073366 0.044350 0.01 0.01
0 0.029842 0.059894 0.01 0.01
0 0.102381 0.035024 0.01 0.01
0 0.129324 0.037096 0.01 0.01
0 0.122070 0.045386 0.01 0.01
0 0.113780 0.059894 0.01 0.01
0 0.143832 0.039169 0.01 0.01
0 0.031138 0.079842 0.01 0.01
0 0.079842 0.069998 0.01 0.01
0 0.082951 0.083987 0.01 0.01
0 0.077770 0.109376 0.01 0.01
0 0.077770 0.094350 0.01 0.01
0 0.093832 0.123366 0.01 0.01
0 0.110412 0.114039 0.01 0.01
0 0.095904 0.101086 0.01 0.01
0 0.130620 0.110930 0.01 0.01
0 0.143573 0.112485 0.01 0.01
0 0.152381 0.102122 0.01 0.01
0 0.155490 0.113521 0.01 0.01
0 0.148236 0.072588 0.01 0.01
0 0.140982 0.077770 0.01 0.01
0 0.124920 0.067925 0.01 0.01
0 0.108340 0.069998 0.01 0.01
0 0.142537 0.048754 0.01 0.01
0 0.152381 0.054454 0.01 0.01
0 0.161189 0.055490 0.01 0.01
0 0.160153 0.040464 0.01 0.01
0 0.169480 0.045127 0.01 0.01
0 0.181915 0.049791 0.01 0.01
0 0.182433 0.035801 0.01 0.01
0 0.196941 0.036837 0.01 0.01
0 0.205749 0.035283 0.01 0.01
0 0.217148 0.036319 0.01 0.01
0 0.209376 0.054972 0.01 0.01
0 0.185542 0.063262 0.01 0.01
0 0.169998 0.066889 0.01 0.01
0 0.168443 0.081397 0.01 0.01
0 0.159117 0.089687 0.01 0.01
0 0.143573 0.089687 0.01 0.01
0 0.178806 0.103158 0.01 0.01
0 0.235801 0.056526 0.01 0.01
0 0.257044 0.050309 0.01 0.01
0 0.248236 0.064816 0.01 0.01
0 0.235283 0.093314 0.01 0.01
0 0.251345 0.098495 0.01 0.01
0 0.266889 0.110930 0.01 0.01
0 0.282951 0.118184 0.01 0.01
0 0.163262 0.107303 0.01 0.01
0 0.176734 0.117666 0.01 0.01
0 0.189687 0.117148 0.01 0.01
0 0.189169 0.136319 0.01 0.01
0 0.165335 0.137355 0.01 0.01
0 0.159117 0.126474 0.01 0.01
0 0.087096 0.160153 0.01 0.01
0 0.061708 0.160153 0.01 0.01
0 0.051863 0.168961 0.01 0.01
0 0.050827 0.125438 0.01 0.01
0 0.044609 0.105749 0.01 0.01
0 0.053417 0.089169 0.01 0.01
0 0.004195 0.102122 0.01 0.01
0 0.013003 0.092796 0.01 0.01
0 0.016112 0.064816 0.01 0.01
0 0.103677 0.164816 0.01 0.01
0 0.077252 0.214039 0.01 0.01
0 0.096423 0.201086 0.01 0.01
0 0.151863 0.188651 0.01 0.01
0 0.172588 0.225438 0.01 0.01
0 0.157563 0.225438 0.01 0.01
0 0.162744 0.244091 0.01 0.01
0 0.171034 0.211449 0.01 0.01
0 0.186060 0.163262 0.01 0.01
0 0.184506 0.147718 0.01 0.01
0 0.202640 0.134246 0.01 0.01
0 0.213521 0.106267 0.01 0.01
0 0.202122 0.110930 0.01 0.01
0 0.191241 0.103677 0.01 0.01
0 0.239428 0.040464 0.01 0.01
0 0.260671 0.071552 0.01 0.01
0 0.250827 0.125438 0.01 0.01
0 0.262226 0.128029 0.01 0.01
0 0.256008 0.145127 0.01 0.01
0 0.210930 0.130620 0.01 0.01
0 0.251345 0.185024 0.01 0.01
0 0.310412 0.115075 0.01 0.01
0 0.321293 0.110412 0.01 0.01
0 0.316630 0.090723 0.01 0.01
0 0.319221 0.076734 0.01 0.01
0 0.334765 0.035801 0.01 0.01
0 0.351863 0.068961 0.01 0.01
0 0.356008 0.089169 0.01 0.01
0 0.339946 0.097459 0.01 0.01
0 0.331656 0.074661 0.01 0.01
0 0.303677 0.043055 0.01 0.01
0 0.357563 0.025956 0.01 0.01
0 0.361708 0.034246 0.01 0.01
0 0.351863 0.038392 0.01 0.01
0 0.363780 0.050309 0.01 0.01
0 0.373625 0.061708 0.01 0.01
0 0.371552 0.087096 0.01 0.01
0 0.381915 0.096941 0.01 0.01
0 0.392796 0.075179 0.01 0.01
0 0.381397 0.053417 0.01 0.01
0 0.380879 0.043573 0.01 0.01
0 0.394868 0.030620 0.01 0.01
0 0.395386 0.020775 0.01 0.01
0 0.362226 0.126993 0.01 0.01
0 0.341500 0.124402 0.01 0.01
0 0.354972 0.138392 0.01 0.01
0 0.377252 0.128029 0.01 0.01
0 0.391241 0.122329 0.01 0.01
0 0.399531 0.126993 0.01 0.01
0 0.353936 0.178288 0.01 0.01
0 0.363262 0.164298 0.01 0.01
0 0.373625 0.150827 0.01 0.01
0 0.309894 0.163780 0.01 0.01
0 0.320257 0.171034 0.01 0.01
0 0.314039 0.187614 0.01 0.01
0 0.180879 0.246682 0.01 0.01
0 0.172070 0.256526 0.01 0.01
0 0.217666 0.269998 0.01 0.01
0 0.236837 0.213521 0.01 0.01
0 0.360153 0.190723 0.01 0.01
0 0.391759 0.170516 0.01 0.01
0 0.210412 0.239946 0.01 0.01
0 0.029065 0.209894 0.01 0.01
0 0.023884 0.271552 0.01 0.01
0 0.026474 0.300568 0.01 0.01
0 0.041500 0.317666 0.01 0.01
0 0.033210 0.318184 0.01 0.01
0 0.048754 0.305231 0.01 0.01
0 0.079842 0.304195 0.01 0.01
0 0.094350 0.296941 0.01 0.01
0 0.052899 0.320775 0.01 0.01
0 0.069998 0.328029 0.01 0.01
0 0.087096 0.325438 0.01 0.01
0 0.099013 0.319221 0.01 0.01
0 0.103158 0.303158 0.01 0.01
0 0.198495 0.323884 0.01 0.01
0 0.178806 0.328547 0.01 0.01
0 0.214557 0.325438 0.01 0.01
0 0.227511 0.327511 0.01 0.01
0 0.256526 0.387096 0.01 0.01
0 0.249791 0.333728 0.01 0.01
0 0.264298 0.340982 0.01 0.01
0 0.279842 0.324920 0.01 0.01
0 0.279324 0.338392 0.01 0.01
0 0.302640 0.339946 0.01 0.01
0 0.339428 0.343573 0.01 0.01
0 0.328547 0.316112 0.01 0.01
0 0.316112 0.315594 0.01 0.01
0 0.368961 0.302122 0.01 0.01
0 0.386060 0.303677 0.01 0.01
0 0.383469 0.320775 0.01 0.01
0 0.394350 0.273107 0.01 0.01
0 0.388132 0.260671 0.01 0.01
0 0.226993 0.287614 0.01 0.01
0 0.250827 0.286578 0.01 0.01
0 0.253936 0.269480 0.01 0.01
0 0.265335 0.282433 0.01 0.01
0 0.294868 0.262744 0.01 0.01
0 0.301604 0.250309 0.01 0.01
0 0.318702 0.247200 0.01 0.01
0 0.301604 0.234765 0.01 0.01
0 0.336319 0.244609 0.01 0.01
0 0.348236 0.255490 0.01 0.01
0 0.306785 0.281915 0.01 0.01
0 0.052381 0.370516 0.01 0.01
0 0.081397 0.366889 0.01 0.01
0 0.069998 0.367407 0.01 0.01
0 0.092278 0.367925 0.01 0.01
0 0.094868 0.380360 0.01 0.01
0 0.108858 0.349791 0.01 0.01
0 0.199013 0.306267 0.01 0.01
0 0.213003 0.295386 0.01 0.01
0 0.226474 0.303677 0.01 0.01
0 0.235801 0.294350 0.01 0.01
0 0.087096 0.240982 0.01 0.01
0 0.069781 0.428547 0.01 0.01
0 0.116413 0.431656 0.01 0.01
0 0.115895 0.450827 0.01 0.01
0 0.143875 0.441500 0.01 0.01
0 0.179626 0.425956 0.01 0.01
0 0.187398 0.439428 0.01 0.01
0 0.224185 0.421293 0.01 0.01
0 0.213823 0.431138 0.01 0.01
0 0.262527 0.441500 0.01 0.01
0 0.272890 0.429065 0.01 0.01
0 0.264082 0.415075 0.01 0.01
0 0.337657 0.453417 0.01 0.01
0 0.323149 0.466371 0.01 0.01
0 0.383771 0.482433 0.01 0.01
0 0.393097 0.495904 0.01 0.01
0 0.070299 0.501086 0.01 0.01
0 0.310196 0.302640 0.01 0.01
0 0.071552 0.610930 0.01 0.01
0 0.281915 0.541500 0.01 0.01
0 0.296423 0.547200 0.01 0.01
0 0.244609 0.613003 0.01 0.01
0 0.228547 0.628029 0.01 0.01
0 0.191759 0.616112 0.01 0.01
0 0.022329 0.487614 0.01 0.01
0 0.338392 0.386578 0.01 0.01
0 0.356008 0.396423 0.01 0.01
0 0.474758 0.836837 0.01 0.01
0 0.576830 0.790205 0.01 0.01
0 0.634861 0.691241 0.01 0.01
0 0.527089 0.689169 0.01 0.01
0 0.510509 0.703158 0.01 0.01
0 0.459732 0.771034 0.01 0.01
0 0.195990 0.880360 0.01 0.01
0 0.162829 0.851863 0.01 0.01
0 0.246249 0.924920 0.01 0.01
0 0.288218 0.832174 0.01 0.01
0 0.464902 1.061708 0.01 0.01
0 0.397026 0.994350 0.01 0.01
0 0.197784 1.034246 0.01 0.01
0 0.236126 1.063262 0.01 0.01
0 0.463069 1.154972 0.01 0.01
0 0.524727 1.188132 0.01 0.01
0 0.627412 1.188651 0.01 0.01
0 0.760054 1.137355 0.01 0.01
0 0.646583 1.092796 0.01 0.01
0 0.610313 0.947718 0.01 0.01
0 0.683888 0.995904 0.01 0.01
0 1.028991 0.695386 0.01 0.01
0 1.156453 0.558081 0.01 0.01
0 1.155416 0.611449 0.01 0.01
0 1.052307 0.609894 0.01 0.01
0 0.964225 0.751345 0.01 0.01
0 0.959043 0.721293 0.01 0.01
0 1.527511 0.583987 0.01 0.01
0 1.234246 0.601604 0.01 0.01
0 1.453417 0.207822 0.01 0.01
0 1.402122 0.222329 0.01 0.01
0 1.418184 0.249272 0.01 0.01
0 1.349791 0.230620 0.01 0.01
0 1.333210 0.259635 0.01 0.01
0 1.336837 0.285542 0.01 0.01
0 1.287096 0.275697 0.01 0.01
0 1.273625 0.253417 0.01 0.01
0 1.254454 0.254454 0.01 0.01
0 1.262226 0.313521 0.01 0.01
0 1.283987 0.334246 0.01 0.01
0 1.478288 0.214557 0.01 0.01
0 1.495386 0.201086 0.01 0.01
0 1.498495 0.222848 0.01 0.01
0 1.522329 0.228029 0.01 0.01
0 1.469998 0.171552 0.01 0.01
0 1.458081 0.183987 0.01 0.01
0 1.340982 0.180879 0.01 0.01
0 1.361189 0.179842 0.01 0.01
0 1.292796 0.200050 0.01 0.01
0 1.295386 0.175697 0.01 0.01
0 1.294868 0.139428 0.01 0.01
0 1.236837 0.213521 0.01 0.01
0 1.223884 0.173107 0.01 0.01
0 1.257044 0.206785 0.01 0.01
0 1.226993 0.200050 0.01 0.01
0 1.207303 0.134246 0.01 0.01
0 1.306267 0.128547 0.01 0.01
0 1.350309 0.119739 0.01 0.01
0 1.327511 0.149791 0.01 0.01
0 1.364816 0.143573 0.01 0.01
0 1.229065 0.146682 0.01 0.01
0 1.253417 0.144609 0.01 0.01
0 1.541500 0.112485 0.01 0.01
0 1.459635 0.157044 0.01 0.01
0 1.534246 0.159635 0.01 0.01
0 1.559117 0.154972 0.01 0.01
0 1.551345 0.219221 0.01 0.01
0 1.589687 0.229583 0.01 0.01
0 1.551863 0.287096 0.01 0.01
0 1.443573 0.340464 0.01 0.01
0 1.388651 0.317666 0.01 0.01
0 1.425438 0.279842 0.01 0.01
0 1.438392 0.263780 0.01 0.01
0 1.451863 0.281915 0.01 0.01
0 1.354972 0.265335 0.01 0.01
0 1.240464 0.233728 0.01 0.01
0 1.207303 0.251863 0.01 0.01
0 1.272588 0.173625 0.01 0.01
0 1.552381 0.141500 0.01 0.01
0 1.574143 0.136837 0.01 0.01
0 1.592278 0.149272 0.01 0.01
0 1.586578 0.166371 0.01 0.01
0 1.428029 0.183469 0.01 0.01
0 1.443573 0.169480 0.01 0.01
0 1.210930 0.046164 0.01 0.01
0 1.239428 0.035801 0.01 0.01
0 1.217666 0.015594 0.01 0.01
0 1.294868 0.008340 0.01 0.01
0 1.211449 0.097459 0.01 0.01
0 1.243573 0.085024 0.01 0.01
0 1.303677 0.060153 0.01 0.01
0 1.333728 0.048236 0.01 0.01
0 1.406267 0.031656 0.01 0.01
0 1.387614 0.036319 0.01 0.01
0 1.393832 0.054972 0.01 0.01
0 1.406785 0.050827 0.01 0.01
0 1.382433 0.075697 0.01 0.01
0 1.390723 0.080360 0.01 0.01
0 1.406267 0.092278 0.01 0.01
0 1.415075 0.079324 0.01 0.01
0 1.451345 0.062744 0.01 0.01
0 1.470516 0.062226 0.01 0.01
0 1.488132 0.075179 0.01 0.01
0 1.486060 0.047200 0.01 0.01
0 1.499013 0.022848 0.01 0.01
0 1.490205 0.029583 0.01 0.01
0 1.514039 0.027511 0.01 0.01
0 1.574143 0.015075 0.01 0.01
0 1.554454 0.018702 0.01 0.01
0 1.534765 0.019739 0.01 0.01
0 1.529583 0.067407 0.01 0.01
0 1.532174 0.046682 0.01 0.01
0 1.510412 0.056008 0.01 0.01
0 1.594868 0.042018 0.01 0.01
0 1.561708 0.077252 0.01 0.01
0 1.524402 0.103158 0.01 0.01
0 1.490205 0.101086 0.01 0.01
0 1.444091 0.101086 0.01 0.01
0 1.450309 0.110412 0.01 0.01
0 1.321293 0.005231 0.01 0.01
0 1.082244 0.080360 0.01 0.01
0 1.058410 0.075179 0.01 0.01
0 1.123177 0.081397 0.01 0.01
0 1.136648 0.061189 0.01 0.01
0 1.072918 0.191241 0.01 0.01
0 1.077063 0.163262 0.01 0.01
0 1.077581 0.144609 0.01 0.01
0 1.106596 0.133728 0.01 0.01
0 1.123177 0.160153 0.01 0.01
0 1.115923 0.148236 0.01 0.01
0 1.150120 0.130101 0.01 0.01
0 1.148565 0.151345 0.01 0.01
0 1.136648 0.150309 0.01 0.01
0 1.152710 0.166371 0.01 0.01
0 1.186907 0.165853 0.01 0.01
0 1.172918 0.172070 0.01 0.01
0 1.206596 0.175179 0.01 0.01
0 1.197788 0.143055 0.01 0.01
0 1.182762 0.142537 0.01 0.01
0 1.182244 0.122329 0.01 0.01
0 1.192607 0.092796 0.01 0.01
0 1.199861 0.221811 0.01 0.01
0 1.194679 0.200050 0.01 0.01
0 1.113332 0.250827 0.01 0.01
0 1.097788 0.247718 0.01 0.01
0 1.076027 0.257044 0.01 0.01
0 1.069809 0.228547 0.01 0.01
0 1.067218 0.273625 0.01 0.01
0 1.082244 0.275179 0.01 0.01
0 1.117995 0.275697 0.01 0.01
0 1.138721 0.275179 0.01 0.01
0 1.158410 0.241500 0.01 0.01
0 1.055819 0.061708 0.01 0.01
0 1.049602 0.352381 0.01 0.01
0 0.803865 0.397459 0.01 0.01
0 0.801275 0.362226 0.01 0.01
0 0.777959 0.361189 0.01 0.01
0 0.823554 0.358599 0.01 0.01
0 0.815264 0.426474 0.01 0.01
0 0.789876 0.444609 0.01 0.01
0 0.827181 0.411449 0.01 0.01
0 0.829772 0.375697 0.01 0.01
0 0.894539 0.378806 0.01 0.01
0 0.898684 0.394868 0.01 0.01
0 0.912674 0.378288 0.01 0.01
0 1.072777 0.404195 0.01 0.01
0 1.065005 0.386060 0.01 0.01
0 1.092466 0.380879 0.01 0.01
0 1.109565 0.359117 0.01 0.01
0 1.040135 0.439946 0.01 0.01
0 0.907492 0.325438 0.01 0.01
0 0.890912 0.325438 0.01 0.01
0 0.935472 0.290723 0.01 0.01
0 0.987803 0.295904 0.01 0.01
0 0.955679 0.264816 0.01 0.01
0 0.972777 0.307822 0.01 0.01
0 1.006456 0.298495 0.01 0.01
0 0.914746 0.431656 0.01 0.01
0 0.813192 0.456526 0.01 0.01
0 0.816301 0.474661 0.01 0.01
0 0.806456 0.292278 0.01 0.01
0 0.777440 0.295904 0.01 0.01
0 0.816301 0.268961 0.01 0.01
0 0.820964 0.278806 0.01 0.01
0 0.835472 0.277252 0.01 0.01
0 0.836508 0.260153 0.01 0.01
0 0.764487 0.264816 0.01 0.01
0 0.762415 0.216112 0.01 0.01
0 0.762415 0.199013 0.01 0.01
0 0.809047 0.194350 0.01 0.01
0 0.787803 0.197977 0.01 0.01
0 0.796093 0.201086 0.01 0.01
0 0.837544 0.201086 0.01 0.01
0 0.829772 0.195904 0.01 0.01
0 0.915782 0.227511 0.01 0.01
0 0.918373 0.260153 0.01 0.01
0 0.999720 0.246164 0.01 0.01
0 0.983658 0.278806 0.01 0.01
0 0.912156 0.204713 0.01 0.01
0 0.915782 0.195904 0.01 0.01
0 0.923036 0.210930 0.01 0.01
0 0.820964 0.341500 0.01 0.01
0 0.812674 0.312485 0.01 0.01
0 0.961896 0.357044 0.01 0.01
0 0.583426 0.281397 0.01 0.01
0 0.565291 0.283987 0.01 0.01
0 0.635757 0.345127 0.01 0.01
0 0.632648 0.257563 0.01 0.01
0 0.598451 0.264816 0.01 0.01
0 0.609850 0.255490 0.01 0.01
0 0.622804 0.249272 0.01 0.01
0 0.621767 0.229065 0.01 0.01
0 0.647674 0.244091 0.01 0.01
0 0.665809 0.246682 0.01 0.01
0 0.657519 0.220775 0.01 0.01
0 0.674617 0.207303 0.01 0.01
0 0.688089 0.220257 0.01 0.01
0 0.709332 0.227511 0.01 0.01
0 0.713477 0.209894 0.01 0.01
0 0.732130 0.215075 0.01 0.01
0 0.730576 0.233210 0.01 0.01
0 0.730576 0.261708 0.01 0.01
0 0.720731 0.278288 0.01 0.01
0 0.742493 0.288651 0.01 0.01
0 0.735239 0.302122 0.01 0.01
0 0.704669 0.313521 0.01 0.01
0 0.675653 0.300568 0.01 0.01
0 0.709850 0.339946 0.01 0.01
0 0.694824 0.337873 0.01 0.01
0 0.736275 0.343573 0.01 0.01
0 0.725913 0.338392 0.01 0.01
0 0.647156 0.372070 0.01 0.01
0 0.633166 0.371034 0.01 0.01
0 0.605187 0.438910 0.01 0.01
0 0.634721 0.438910 0.01 0.01
0 0.549747 0.219739 0.01 0.01
0 0.558555 0.201086 0.01 0.01
0 0.548710 0.264298 0.01 0.01
0 0.566327 0.264816 0.01 0.01
0 0.553374 0.298495 0.01 0.01
0 0.736275 0.410412 0.01 0.01
0 0.665809 0.266371 0.01 0.01
0 0.473726 0.308858 0.01 0.01
0 0.486161 0.328547 0.01 0.01
0 0.488234 0.268443 0.01 0.01
0 0.471653 0.251345 0.01 0.01
0 0.512068 0.249791 0.01 0.01
0 0.521913 0.226993 0.01 0.01
0 0.493933 0.229065 0.01 0.01
0 0.470099 0.228029 0.01 0.01
0 0.438493 0.237355 0.01 0.01
0 0.542120 0.236319 0.01 0.01
0 0.503260 0.317148 0.01 0.01
0 0.530203 0.323884 0.01 0.01
0 0.537457 0.301086 0.01 0.01
0 0.542638 0.362226 0.01 0.01
0 0.548337 0.279324 0.01 0.01
0 0.662845 0.196941 0.01 0.01
0 0.635902 0.187096 0.01 0.01
0 0.646265 0.174143 0.01 0.01
0 0.658182 0.174143 0.01 0.01
0 0.673726 0.179324 0.01 0.01
0 0.679426 0.163780 0.01 0.01
0 0.723467 0.183987 0.01 0.01
0 0.696006 0.199531 0.01 0.01
0 0.357664 0.349791 0.01 0.01
0 0.375280 0.362226 0.01 0.01
0 0.621263 0.150827 0.01 0.01
0 0.631108 0.152899 0.01 0.01
0 0.630590 0.168443 0.01 0.01
0 0.676185 0.152381 0.01 0.01
0 0.704683 0.145645 0.01 0.01
0 0.716082 0.131138 0.01 0.01
0 0.750797 0.143055 0.01 0.01
0 0.734217 0.153417 0.01 0.01
0 0.755978 0.132692 0.01 0.01
0 0.772040 0.140464 0.01 0.01
0 0.790175 0.139428 0.01 0.01
0 0.797947 0.118702 0.01 0.01
0 0.805201 0.135801 0.01 0.01
0 0.785998 0.082951 0.01 0.01
0 0.809314 0.074143 0.01 0.01
0 0.820195 0.068961 0.01 0.01
0 0.811386 0.107822 0.01 0.01
0 0.819158 0.094868 0.01 0.01
0 0.828485 0.087096 0.01 0.01
0 0.891179 0.123366 0.01 0.01
0 0.868899 0.133728 0.01 0.01
0 0.858537 0.122329 0.01 0.01
0 0.822785 0.150827 0.01 0.01
0 0.748692 0.173107 0.01 0.01
0 0.964236 0.172070 0.01 0.01
0 0.931075 0.163262 0.01 0.01
0 0.906205 0.147200 0.01 0.01
0 0.916050 0.123366 0.01 0.01
0 0.926930 0.132692 0.01 0.01
0 0.892734 0.110412 0.01 0.01
0 0.884961 0.098495 0.01 0.01
0 0.946620 0.126993 0.01 0.01
0 0.976153 0.114039 0.01 0.01
0 0.968381 0.126993 0.01 0.01
0 1.001024 0.118702 0.01 0.01
0 1.013977 0.108858 0.01 0.01
0 1.024340 0.089169 0.01 0.01
0 1.008796 0.088132 0.01 0.01
0 1.044029 0.075179 0.01 0.01
0 1.028485 0.072070 0.01 0.01
0 1.013977 0.073107 0.01 0.01
0 1.084961 0.065335 0.01 0.01
0 1.089107 0.046164 0.01 0.01
0 1.085480 0.034765 0.01 0.01
0 1.104651 0.057044 0.01 0.01
0 1.085998 0.020257 0.01 0.01
0 1.111904 0.038910 0.01 0.01
0 0.991179 0.057044 0.01 0.01
0 1.030557 0.043573 0.01 0.01
0 1.009832 0.028029 0.01 0.01
0 0.999469 0.020257 0.01 0.01
0 0.857500 0.063780 0.01 0.01
0 0.860609 0.048754 0.01 0.01
0 0.875117 0.042018 0.01 0.01
0 0.881853 0.061189 0.01 0.01
0 0.893770 0.058599 0.01 0.01
0 0.846101 0.034765 0.01 0.01
0 0.842993 0.049791 0.01 0.01
0 0.830039 0.051863 0.01 0.01
0 0.884443 0.030101 0.01 0.01
0 0.881853 0.018702 0.01 0.01
0 0.894806 0.014039 0.01 0.01
0 0.945065 0.110412 0.01 0.01
0 0.761127 0.160671 0.01 0.01
0 1.031594 0.024920 0.01 0.01
0 1.018640 0.012485 0.01 0.01
0 1.055428 0.019739 0.01 0.01
0 1.063200 0.010412 0.01 0.01
0 1.077189 0.007822 0.01 0.01
0 0.894601 0.072070 0.01 0.01
0 0.903928 0.082433 0.01 0.01
0 1.158332 0.047200 0.01 0.01
0 1.188902 0.037873 0.01 0.01
0 1.182684 0.013521 0.01 0.01
0 1.164031 0.015594 0.01 0.01
0 1.199264 0.020257 0.01 0.01
0 1.198228 0.239946 0.01 0.01
0 1.033461 0.006785 0.01 0.01
0 1.052114 0.045645 0.01 0.01
0 1.046415 0.062226 0.01 0.01
0 0.961959 0.027511 0.01 0.01
0 0.976466 0.010930 0.01 0.01
0 0.996674 0.009894 0.01 0.01
0 0.952632 0.088132 0.01 0.01
0 0.992529 0.078288 0.01 0.01
0 0.670742 0.091759 0.01 0.01
0 0.703384 0.078806 0.01 0.01
0 0.691467 0.080879 0.01 0.01
0 0.664524 0.075697 0.01 0.01
0 0.719964 0.099013 0.01 0.01
0 0.719964 0.084506 0.01 0.01
0 0.727218 0.081397 0.01 0.01
0 0.733954 0.076734 0.01 0.01
0 0.749498 0.057044 0.01 0.01
0 0.793539 0.054454 0.01 0.01
0 0.517374 0.079842 0.01 0.01
0 0.486286 0.078806 0.01 0.01
0 0.411804 0.125956 0.01 0.01
0 0.439006 0.119739 0.01 0.01
0 0.455845 0.135542 0.01 0.01
0 0.480716 0.099013 0.01 0.01
0 0.489524 0.093314 0.01 0.01
0 0.498850 0.093314 0.01 0.01
0 0.384084 0.068184 0.01 0.01
0 0.440042 0.062485 0.01 0.01
0 0.428125 0.059376 0.01 0.01
0 0.382400 0.183987 0.01 0.01
0 0.598980 0.053417 0.01 0.01
0 0.606234 0.072588 0.01 0.01
0 0.634213 0.031138 0.01 0.01
0 0.283047 0.164039 0.01 0.01
0 0.493539 0.210930 0.01 0.01
0 1.302899 0.933987 0.01 0.01
