0 0.012059 0.007415 0.01 0.01
0 0.011168 0.027773 0.01 0.01
0 0.044118 0.019807 0.01 0.01
0 0.029870 0.033970 0.01 0.01
0 0.019183 0.045476 0.01 0.01
0 0.032541 0.051672 0.01 0.01
0 0.006716 0.059639 0.01 0.01
0 0.006716 0.087963 0.01 0.01
0 0.021855 0.079112 0.01 0.01
0 0.036103 0.068490 0.01 0.01
0 0.057477 0.067605 0.01 0.01
0 0.062820 0.051672 0.01 0.01
0 0.062820 0.033084 0.01 0.01
0 0.068163 0.019807 0.01 0.01
0 0.057477 0.011841 0.01 0.01
0 0.097551 0.035740 0.01 0.01
0 0.100223 0.064950 0.01 0.01
0 0.117143 0.079112 0.01 0.01
0 0.116252 0.061409 0.01 0.01
0 0.102894 0.101241 0.01 0.01
0 0.105566 0.087963 0.01 0.01
0 0.117143 0.102126 0.01 0.01
0 0.065491 0.115403 0.01 0.01
0 0.071725 0.105666 0.01 0.01
0 0.057477 0.094160 0.01 0.01
0 0.057477 0.133991 0.01 0.01
0 0.064601 0.133106 0.01 0.01
0 0.035213 0.109207 0.01 0.01
0 0.023636 0.127795 0.01 0.01
0 0.026307 0.169397 0.01 0.01
0 0.044118 0.158775 0.01 0.01
0 0.006716 0.162316 0.01 0.01
0 0.051243 0.185330 0.01 0.01
0 0.027198 0.195951 0.01 0.01
0 0.043228 0.201262 0.01 0.01
0 0.049462 0.210114 0.01 0.01
0 0.060148 0.204803 0.01 0.01
0 0.084193 0.192411 0.01 0.01
0 0.075287 0.160546 0.01 0.01
0 0.107347 0.157005 0.01 0.01
0 0.109128 0.186215 0.01 0.01
0 0.131392 0.176478 0.01 0.01
0 0.135844 0.139302 0.01 0.01
0 0.126939 0.120714 0.01 0.01
0 0.148312 0.129565 0.01 0.01
0 0.147421 0.144613 0.01 0.01
0 0.149203 0.158775 0.01 0.01
0 0.167904 0.138417 0.01 0.01
0 0.176809 0.116288 0.01 0.01
0 0.158108 0.075571 0.01 0.01
0 0.138516 0.069375 0.01 0.01
0 0.138516 0.058754 0.01 0.01
0 0.118034 0.048132 0.01 0.01
0 0.124267 0.033084 0.01 0.01
0 0.125158 0.021577 0.01 0.01
0 0.127830 0.015381 0.01 0.01
0 0.116252 0.010956 0.01 0.01
0 0.100223 0.011841 0.01 0.01
0 0.153655 0.030429 0.01 0.01
0 0.164342 0.007415 0.01 0.01
0 0.171466 0.021577 0.01 0.01
0 0.177700 0.034855 0.01 0.01
0 0.189277 0.022463 0.01 0.01
0 0.197292 0.013611 0.01 0.01
0 0.226680 0.007415 0.01 0.01
0 0.242710 0.010956 0.01 0.01
0 0.224008 0.024233 0.01 0.01
0 0.213322 0.026003 0.01 0.01
0 0.203526 0.047247 0.01 0.01
0 0.196401 0.062294 0.01 0.01
0 0.175028 0.061409 0.01 0.01
0 0.222227 0.069375 0.01 0.01
0 0.214212 0.086193 0.01 0.01
0 0.235585 0.063179 0.01 0.01
0 0.255177 0.067605 0.01 0.01
0 0.264083 0.054328 0.01 0.01
0 0.252506 0.043706 0.01 0.01
0 0.257849 0.026003 0.01 0.01
0 0.287237 0.032199 0.01 0.01
0 0.298814 0.026003 0.01 0.01
0 0.298814 0.039280 0.01 0.01
0 0.291690 0.065835 0.01 0.01
0 0.278331 0.065835 0.01 0.01
0 0.253396 0.092389 0.01 0.01
0 0.258739 0.079112 0.01 0.01
0 0.253396 0.110977 0.01 0.01
0 0.243600 0.126910 0.01 0.01
0 0.252506 0.140187 0.01 0.01
0 0.264973 0.134876 0.01 0.01
0 0.276550 0.106552 0.01 0.01
0 0.291690 0.102126 0.01 0.01
0 0.319296 0.094160 0.01 0.01
0 0.333545 0.112748 0.01 0.01
0 0.352247 0.112748 0.01 0.01
0 0.344232 0.084423 0.01 0.01
0 0.331764 0.079997 0.01 0.01
0 0.335326 0.063179 0.01 0.01
0 0.312172 0.065835 0.01 0.01
0 0.313063 0.051672 0.01 0.01
0 0.319296 0.033970 0.01 0.01
0 0.321968 0.022463 0.01 0.01
0 0.348684 0.027773 0.01 0.01
0 0.358480 0.055213 0.01 0.01
0 0.384306 0.049902 0.01 0.01
0 0.372729 0.078227 0.01 0.01
0 0.373620 0.102126 0.01 0.01
0 0.360261 0.099470 0.01 0.01
0 0.355809 0.142843 0.01 0.01
0 0.327311 0.137532 0.01 0.01
0 0.323749 0.144613 0.01 0.01
0 0.312172 0.133106 0.01 0.01
0 0.289018 0.141957 0.01 0.01
0 0.257849 0.160546 0.01 0.01
0 0.228461 0.154349 0.01 0.01
0 0.222227 0.140187 0.01 0.01
0 0.208869 0.156120 0.01 0.01
0 0.195511 0.151694 0.01 0.01
0 0.191058 0.166742 0.01 0.01
0 0.161670 0.174708 0.01 0.01
0 0.146531 0.188870 0.01 0.01
0 0.167904 0.216310 0.01 0.01
0 0.151874 0.208343 0.01 0.01
0 0.142078 0.224276 0.01 0.01
0 0.150984 0.236668 0.01 0.01
0 0.185715 0.233128 0.01 0.01
0 0.190168 0.241094 0.01 0.01
0 0.191949 0.221621 0.01 0.01
0 0.212431 0.201262 0.01 0.01
0 0.222227 0.191526 0.01 0.01
0 0.244491 0.174708 0.01 0.01
0 0.260521 0.184444 0.01 0.01
0 0.273879 0.199492 0.01 0.01
0 0.288127 0.180019 0.01 0.01
0 0.276550 0.173823 0.01 0.01
0 0.081521 0.234013 0.01 0.01
0 0.117143 0.220735 0.01 0.01
0 0.090427 0.222506 0.01 0.01
0 0.061929 0.236668 0.01 0.01
0 0.048571 0.257912 0.01 0.01
0 0.042337 0.246405 0.01 0.01
0 0.019183 0.236668 0.01 0.01
0 0.018293 0.277385 0.01 0.01
0 0.028089 0.290662 0.01 0.01
0 0.037885 0.334034 0.01 0.01
0 0.021855 0.329609 0.01 0.01
0 0.051243 0.354393 0.01 0.01
0 0.016511 0.376521 0.01 0.01
0 0.025417 0.413697 0.01 0.01
0 0.018293 0.457955 0.01 0.01
0 0.021855 0.482739 0.01 0.01
0 0.079740 0.464151 0.01 0.01
0 0.050352 0.470347 0.01 0.01
0 0.051243 0.446448 0.01 0.01
0 0.060148 0.427860 0.01 0.01
0 0.050352 0.387143 0.01 0.01
0 0.061929 0.385373 0.01 0.01
0 0.085083 0.357933 0.01 0.01
0 0.069944 0.343771 0.01 0.01
0 0.073506 0.321642 0.01 0.01
0 0.087755 0.306595 0.01 0.01
0 0.102004 0.305710 0.01 0.01
0 0.109128 0.323413 0.01 0.01
0 0.110019 0.345541 0.01 0.01
0 0.131392 0.388028 0.01 0.01
0 0.114471 0.403076 0.01 0.01
0 0.090427 0.450874 0.01 0.01
0 0.109128 0.449989 0.01 0.01
0 0.148312 0.421664 0.01 0.01
0 0.145640 0.489820 0.01 0.01
0 0.117143 0.492476 0.01 0.01
0 0.168795 0.448218 0.01 0.01
0 0.183934 0.448218 0.01 0.01
0 0.189277 0.434941 0.01 0.01
0 0.190168 0.415468 0.01 0.01
0 0.173247 0.395995 0.01 0.01
0 0.147421 0.360589 0.01 0.01
0 0.136735 0.316331 0.01 0.01
0 0.159889 0.319872 0.01 0.01
0 0.139407 0.297743 0.01 0.01
0 0.122486 0.268533 0.01 0.01
0 0.100223 0.281811 0.01 0.01
0 0.087755 0.262337 0.01 0.01
0 0.093989 0.247290 0.01 0.01
0 0.168795 0.285351 0.01 0.01
0 0.191058 0.303939 0.01 0.01
0 0.193730 0.288892 0.01 0.01
0 0.182153 0.338460 0.01 0.01
0 0.196401 0.331379 0.01 0.01
0 0.200854 0.374751 0.01 0.01
0 0.231133 0.357933 0.01 0.01
0 0.254287 0.360589 0.01 0.01
0 0.276550 0.347311 0.01 0.01
0 0.238257 0.335805 0.01 0.01
0 0.228461 0.311020 0.01 0.01
0 0.253396 0.312791 0.01 0.01
0 0.247162 0.299514 0.01 0.01
0 0.221337 0.277385 0.01 0.01
0 0.239148 0.234898 0.01 0.01
0 0.272098 0.227817 0.01 0.01
0 0.256958 0.211884 0.01 0.01
0 0.278331 0.254371 0.01 0.01
0 0.296142 0.249060 0.01 0.01
0 0.318406 0.248175 0.01 0.01
0 0.311282 0.220735 0.01 0.01
0 0.328202 0.220735 0.01 0.01
0 0.345122 0.230472 0.01 0.01
0 0.335326 0.194181 0.01 0.01
0 0.305048 0.197722 0.01 0.01
0 0.346013 0.209229 0.01 0.01
0 0.346903 0.179134 0.01 0.01
0 0.339779 0.158775 0.01 0.01
0 0.367386 0.180904 0.01 0.01
0 0.373620 0.166742 0.01 0.01
0 0.366495 0.259682 0.01 0.01
0 0.328202 0.266763 0.01 0.01
0 0.298814 0.282696 0.01 0.01
0 0.260521 0.294203 0.01 0.01
0 0.249834 0.264993 0.01 0.01
0 0.291690 0.405731 0.01 0.01
0 0.275660 0.433171 0.01 0.01
0 0.247162 0.419008 0.01 0.01
0 0.242710 0.457070 0.01 0.01
0 0.217774 0.485394 0.01 0.01
0 0.190168 0.479198 0.01 0.01
0 0.304157 0.469462 0.01 0.01
0 0.289909 0.436711 0.01 0.01
0 0.323749 0.437596 0.01 0.01
0 0.327311 0.416353 0.01 0.01
0 0.354918 0.395109 0.01 0.01
0 0.314844 0.381832 0.01 0.01
0 0.358480 0.372981 0.01 0.01
0 0.338888 0.356163 0.01 0.01
0 0.387868 0.357933 0.01 0.01
0 0.373620 0.357048 0.01 0.01
0 0.378963 0.335805 0.01 0.01
0 0.340670 0.321642 0.01 0.01
0 0.346903 0.306595 0.01 0.01
0 0.358480 0.288007 0.01 0.01
0 0.382525 0.288007 0.01 0.01
0 0.409241 0.263223 0.01 0.01
0 0.388759 0.251716 0.01 0.01
0 0.429724 0.244634 0.01 0.01
0 0.419037 0.235783 0.01 0.01
0 0.409241 0.225161 0.01 0.01
0 0.405679 0.216310 0.01 0.01
0 0.409241 0.185330 0.01 0.01
0 0.392321 0.161431 0.01 0.01
0 0.411023 0.161431 0.01 0.01
0 0.432396 0.149039 0.01 0.01
0 0.405679 0.138417 0.01 0.01
0 0.406570 0.115403 0.01 0.01
0 0.392321 0.119829 0.01 0.01
0 0.387868 0.088849 0.01 0.01
0 0.419037 0.081767 0.01 0.01
0 0.409241 0.064065 0.01 0.01
0 0.443082 0.053443 0.01 0.01
0 0.470689 0.078227 0.01 0.01
0 0.471580 0.110977 0.01 0.01
0 0.495624 0.102126 0.01 0.01
0 0.484938 0.096815 0.01 0.01
0 0.476032 0.047247 0.01 0.01
0 0.447535 0.041936 0.01 0.01
0 0.411913 0.012726 0.01 0.01
0 0.372729 0.012726 0.01 0.01
0 0.382525 0.007415 0.01 0.01
0 0.446644 0.136647 0.01 0.01
0 0.454659 0.149924 0.01 0.01
0 0.468017 0.186215 0.01 0.01
0 0.491171 0.195066 0.01 0.01
0 0.456440 0.190641 0.01 0.01
0 0.439520 0.206573 0.01 0.01
0 0.457331 0.226046 0.01 0.01
0 0.492062 0.217195 0.01 0.01
0 0.493843 0.250830 0.01 0.01
0 0.446644 0.272959 0.01 0.01
0 0.426162 0.278270 0.01 0.01
0 0.425271 0.300399 0.01 0.01
0 0.425271 0.319872 0.01 0.01
0 0.424381 0.363244 0.01 0.01
0 0.418147 0.380062 0.01 0.01
0 0.390540 0.397765 0.01 0.01
0 0.366495 0.433171 0.01 0.01
0 0.362043 0.448218 0.01 0.01
0 0.409241 0.472117 0.01 0.01
0 0.454659 0.465921 0.01 0.01
0 0.448425 0.447333 0.01 0.01
0 0.412804 0.434056 0.01 0.01
0 0.428833 0.406616 0.01 0.01
0 0.484938 0.389799 0.01 0.01
0 0.478704 0.416353 0.01 0.01
0 0.497405 0.477428 0.01 0.01
0 0.520559 0.473887 0.01 0.01
0 0.532136 0.494246 0.01 0.01
0 0.565977 0.488050 0.01 0.01
0 0.548166 0.429630 0.01 0.01
0 0.539261 0.405731 0.01 0.01
0 0.533918 0.380062 0.01 0.01
0 0.499186 0.376521 0.01 0.01
0 0.516107 0.348197 0.01 0.01
0 0.488500 0.334034 0.01 0.01
0 0.482266 0.299514 0.01 0.01
0 0.497405 0.307480 0.01 0.01
0 0.514326 0.271189 0.01 0.01
0 0.525903 0.253486 0.01 0.01
0 0.520559 0.222506 0.01 0.01
0 0.530355 0.207458 0.01 0.01
0 0.527684 0.180904 0.01 0.01
0 0.536589 0.175593 0.01 0.01
0 0.510763 0.167627 0.01 0.01
0 0.502749 0.155235 0.01 0.01
0 0.484047 0.157005 0.01 0.01
0 0.491171 0.124254 0.01 0.01
0 0.539261 0.118058 0.01 0.01
0 0.523231 0.133991 0.01 0.01
0 0.548166 0.142843 0.01 0.01
0 0.540151 0.156120 0.01 0.01
0 0.561524 0.181789 0.01 0.01
0 0.568649 0.239324 0.01 0.01
0 0.594475 0.206573 0.01 0.01
0 0.589131 0.298628 0.01 0.01
0 0.547276 0.304824 0.01 0.01
0 0.580226 0.344656 0.01 0.01
0 0.577554 0.398650 0.01 0.01
0 0.545495 0.357933 0.01 0.01
0 0.567758 0.463266 0.01 0.01
0 0.582898 0.464151 0.01 0.01
0 0.594475 0.494246 0.01 0.01
0 0.621191 0.495131 0.01 0.01
0 0.642564 0.436711 0.01 0.01
0 0.635440 0.417238 0.01 0.01
0 0.665718 0.485394 0.01 0.01
0 0.664828 0.465036 0.01 0.01
0 0.657703 0.448218 0.01 0.01
0 0.689763 0.419008 0.01 0.01
0 0.711136 0.442022 0.01 0.01
0 0.722713 0.473002 0.01 0.01
0 0.752991 0.478313 0.01 0.01
0 0.693325 0.395109 0.01 0.01
0 0.648798 0.366785 0.01 0.01
0 0.677295 0.384488 0.01 0.01
0 0.695997 0.384488 0.01 0.01
0 0.706683 0.379177 0.01 0.01
0 0.703121 0.367670 0.01 0.01
0 0.698668 0.340230 0.01 0.01
0 0.675514 0.348197 0.01 0.01
0 0.647907 0.336690 0.01 0.01
0 0.633659 0.311020 0.01 0.01
0 0.620300 0.336690 0.01 0.01
0 0.614067 0.288007 0.01 0.01
0 0.618519 0.275615 0.01 0.01
0 0.615848 0.225161 0.01 0.01
0 0.639002 0.229587 0.01 0.01
0 0.651469 0.242864 0.01 0.01
0 0.660375 0.297743 0.01 0.01
0 0.689763 0.309250 0.01 0.01
0 0.676405 0.322527 0.01 0.01
0 0.696887 0.275615 0.01 0.01
0 0.688872 0.251716 0.01 0.01
0 0.679076 0.217195 0.01 0.01
0 0.666609 0.182674 0.01 0.01
0 0.637221 0.175593 0.01 0.01
0 0.612285 0.175593 0.01 0.01
0 0.603380 0.145498 0.01 0.01
0 0.591803 0.153464 0.01 0.01
0 0.572211 0.167627 0.01 0.01
0 0.576664 0.123369 0.01 0.01
0 0.518778 0.106552 0.01 0.01
0 0.538370 0.072031 0.01 0.01
0 0.547276 0.047247 0.01 0.01
0 0.533027 0.027773 0.01 0.01
0 0.508982 0.081767 0.01 0.01
0 0.508982 0.066720 0.01 0.01
0 0.477813 0.029544 0.01 0.01
0 0.460893 0.016267 0.01 0.01
0 0.495624 0.010071 0.01 0.01
0 0.556181 0.024233 0.01 0.01
0 0.580226 0.025118 0.01 0.01
0 0.582898 0.010956 0.01 0.01
0 0.579335 0.055213 0.01 0.01
0 0.583788 0.073801 0.01 0.01
0 0.558853 0.047247 0.01 0.01
0 0.571320 0.098585 0.01 0.01
0 0.594475 0.112748 0.01 0.01
0 0.620300 0.128680 0.01 0.01
0 0.630096 0.121599 0.01 0.01
0 0.612285 0.109207 0.01 0.01
0 0.606942 0.080882 0.01 0.01
0 0.622081 0.084423 0.01 0.01
0 0.629206 0.070261 0.01 0.01
0 0.615848 0.047247 0.01 0.01
0 0.630987 0.017152 0.01 0.01
0 0.638111 0.041936 0.01 0.01
0 0.654141 0.020692 0.01 0.01
0 0.676405 0.014496 0.01 0.01
0 0.689763 0.022463 0.01 0.01
0 0.712917 0.028659 0.01 0.01
0 0.703121 0.046362 0.01 0.01
0 0.677295 0.042821 0.01 0.01
0 0.654141 0.035740 0.01 0.01
0 0.658594 0.057868 0.01 0.01
0 0.671952 0.062294 0.01 0.01
0 0.686201 0.077342 0.01 0.01
0 0.711136 0.072031 0.01 0.01
0 0.651469 0.093274 0.01 0.01
0 0.696887 0.100356 0.01 0.01
0 0.644345 0.129565 0.01 0.01
0 0.663046 0.113633 0.01 0.01
0 0.663046 0.149924 0.01 0.01
0 0.693325 0.177363 0.01 0.01
0 0.711136 0.171167 0.01 0.01
0 0.714698 0.153464 0.01 0.01
0 0.701340 0.142843 0.01 0.01
0 0.687091 0.133991 0.01 0.01
0 0.734290 0.118058 0.01 0.01
0 0.717370 0.056098 0.01 0.01
0 0.741414 0.047247 0.01 0.01
0 0.745867 0.028659 0.01 0.01
0 0.768131 0.026003 0.01 0.01
0 0.771693 0.049017 0.01 0.01
0 0.771693 0.006530 0.01 0.01
0 0.758335 0.162316 0.01 0.01
0 0.753882 0.114518 0.01 0.01
0 0.776146 0.120714 0.01 0.01
0 0.783270 0.130451 0.01 0.01
0 0.758335 0.132221 0.01 0.01
0 0.785051 0.081767 0.01 0.01
0 0.753882 0.081767 0.01 0.01
0 0.702230 0.226046 0.01 0.01
0 0.722713 0.226046 0.01 0.01
0 0.722713 0.247290 0.01 0.01
0 0.717370 0.192411 0.01 0.01
0 0.703121 0.203918 0.01 0.01
0 0.735181 0.190641 0.01 0.01
0 0.748539 0.229587 0.01 0.01
0 0.783270 0.221621 0.01 0.01
0 0.783270 0.242864 0.01 0.01
0 0.777036 0.256141 0.01 0.01
0 0.756554 0.276500 0.01 0.01
0 0.719151 0.290662 0.01 0.01
0 0.728947 0.311906 0.01 0.01
0 0.752101 0.315446 0.01 0.01
0 0.755663 0.336690 0.01 0.01
0 0.733399 0.366785 0.01 0.01
0 0.752991 0.369440 0.01 0.01
0 0.769912 0.378292 0.01 0.01
0 0.765459 0.355278 0.01 0.01
0 0.794847 0.377406 0.01 0.01
0 0.734290 0.408387 0.01 0.01
0 0.776146 0.430515 0.01 0.01
0 0.747648 0.454414 0.01 0.01
0 0.775255 0.475658 0.01 0.01
0 0.777036 0.288007 0.01 0.01
0 0.792175 0.181789 0.01 0.01
0 0.785051 0.165856 0.01 0.01
0 0.790394 0.064950 0.01 0.01
0 0.452878 0.500442 0.01 0.01
0 0.803456 0.046362 0.01 0.01
0 0.833735 0.033970 0.01 0.01
0 0.831063 0.056098 0.01 0.01
0 0.805237 0.064065 0.01 0.01
0 0.812362 0.081767 0.01 0.01
0 0.831063 0.081767 0.01 0.01
0 0.819486 0.118058 0.01 0.01
0 0.803456 0.116288 0.01 0.01
0 0.832844 0.165856 0.01 0.01
0 0.832844 0.137532 0.01 0.01
0 0.847093 0.113633 0.01 0.01
0 0.855998 0.091504 0.01 0.01
0 0.808799 0.212769 0.01 0.01
0 0.814143 0.238438 0.01 0.01
0 0.821267 0.182674 0.01 0.01
0 0.831954 0.205688 0.01 0.01
0 0.805237 0.279155 0.01 0.01
0 0.824829 0.295973 0.01 0.01
0 0.784755 0.313676 0.01 0.01
0 0.797222 0.338460 0.01 0.01
0 0.836406 0.314561 0.01 0.01
0 0.869356 0.297743 0.01 0.01
0 0.837297 0.280040 0.01 0.01
0 0.858670 0.242864 0.01 0.01
0 0.885386 0.241979 0.01 0.01
0 0.855998 0.213654 0.01 0.01
0 0.863123 0.198607 0.01 0.01
0 0.912993 0.203033 0.01 0.01
0 0.935257 0.240209 0.01 0.01
0 0.904088 0.237553 0.01 0.01
0 0.931695 0.218080 0.01 0.01
0 0.912103 0.182674 0.01 0.01
0 0.872919 0.173823 0.01 0.01
0 0.856889 0.154349 0.01 0.01
0 0.858670 0.133106 0.01 0.01
0 0.894292 0.085308 0.01 0.01
0 0.908540 0.118944 0.01 0.01
0 0.922789 0.107437 0.01 0.01
0 0.901416 0.139302 0.01 0.01
0 0.934366 0.134876 0.01 0.01
0 0.959301 0.127795 0.01 0.01
0 0.987799 0.122484 0.01 0.01
0 0.976222 0.146383 0.01 0.01
0 0.994923 0.156120 0.01 0.01
0 1.008281 0.129565 0.01 0.01
0 0.978003 0.102126 0.01 0.01
0 0.987799 0.083538 0.01 0.01
0 0.969097 0.065835 0.01 0.01
0 0.912993 0.079997 0.01 0.01
0 0.905869 0.060524 0.01 0.01
0 0.917446 0.056098 0.01 0.01
0 0.887167 0.039280 0.01 0.01
0 0.861342 0.024233 0.01 0.01
0 0.849765 0.011841 0.01 0.01
0 0.945943 0.030429 0.01 0.01
0 0.912103 0.027773 0.01 0.01
0 0.897854 0.022463 0.01 0.01
0 0.961973 0.041936 0.01 0.01
0 0.989580 0.038395 0.01 0.01
0 1.007391 0.041051 0.01 0.01
0 0.995814 0.016267 0.01 0.01
0 1.010062 0.014496 0.01 0.01
0 1.026092 0.008300 0.01 0.01
0 1.036779 0.031314 0.01 0.01
0 1.041231 0.059639 0.01 0.01
0 1.041231 0.048132 0.01 0.01
0 1.018077 0.081767 0.01 0.01
0 1.023421 0.121599 0.01 0.01
0 1.020749 0.164971 0.01 0.01
0 1.034107 0.162316 0.01 0.01
0 0.994033 0.191526 0.01 0.01
0 1.004719 0.184444 0.01 0.01
0 0.968207 0.195951 0.01 0.01
0 0.962864 0.229587 0.01 0.01
0 0.954849 0.252601 0.01 0.01
0 0.936147 0.284466 0.01 0.01
0 0.895182 0.270304 0.01 0.01
0 0.916555 0.298628 0.01 0.01
0 0.897854 0.298628 0.01 0.01
0 0.882715 0.314561 0.01 0.01
0 0.854217 0.325183 0.01 0.01
0 0.833735 0.350852 0.01 0.01
0 0.870247 0.382717 0.01 0.01
0 0.845312 0.367670 0.01 0.01
0 0.895182 0.352622 0.01 0.01
0 0.876481 0.352622 0.01 0.01
0 0.907650 0.391569 0.01 0.01
0 0.929913 0.366785 0.01 0.01
0 0.914774 0.348197 0.01 0.01
0 0.934366 0.347311 0.01 0.01
0 0.964645 0.336690 0.01 0.01
0 0.957520 0.308365 0.01 0.01
0 0.965535 0.290662 0.01 0.01
0 0.991361 0.299514 0.01 0.01
0 0.992252 0.328723 0.01 0.01
0 0.964645 0.388028 0.01 0.01
0 0.975331 0.378292 0.01 0.01
0 0.961083 0.360589 0.01 0.01
0 0.921899 0.387143 0.01 0.01
0 0.896073 0.422549 0.01 0.01
0 0.889839 0.450874 0.01 0.01
0 0.897854 0.461495 0.01 0.01
0 0.905869 0.472117 0.01 0.01
0 0.912103 0.486280 0.01 0.01
0 0.934366 0.502212 0.01 0.01
0 0.880043 0.483624 0.01 0.01
0 0.874700 0.462381 0.01 0.01
0 0.844421 0.401305 0.01 0.01
0 0.823939 0.365014 0.01 0.01
0 0.805237 0.432286 0.01 0.01
0 0.803456 0.461495 0.01 0.01
0 0.851546 0.414583 0.01 0.01
0 1.081306 0.393339 0.01 0.01
0 1.074182 0.360589 0.01 0.01
0 1.050137 0.352622 0.01 0.01
0 1.050137 0.323413 0.01 0.01
0 1.017187 0.340230 0.01 0.01
0 1.055480 0.288892 0.01 0.01
0 1.010953 0.283581 0.01 0.01
0 1.036779 0.240209 0.01 0.01
0 1.017187 0.237553 0.01 0.01
0 1.056371 0.255256 0.01 0.01
0 1.034107 0.226046 0.01 0.01
0 1.020749 0.209229 0.01 0.01
0 1.002048 0.228702 0.01 0.01
0 0.989580 0.261452 0.01 0.01
0 1.017187 0.366785 0.01 0.01
0 1.039450 0.419008 0.01 0.01
0 1.031436 0.400420 0.01 0.01
0 1.065276 0.416353 0.01 0.01
0 1.075963 0.487165 0.01 0.01
0 1.040341 0.480969 0.01 0.01
0 1.007391 0.501327 0.01 0.01
0 1.004719 0.467691 0.01 0.01
0 0.954849 0.464151 0.01 0.01
0 0.991361 0.486280 0.01 0.01
0 0.942381 0.421664 0.01 0.01
0 0.918336 0.437596 0.01 0.01
0 1.136520 0.417238 0.01 0.01
0 1.118709 0.373866 0.01 0.01
0 1.108913 0.339345 0.01 0.01
0 1.101788 0.308365 0.01 0.01
0 1.091102 0.327838 0.01 0.01
0 1.089321 0.277385 0.01 0.01
0 1.099117 0.262337 0.01 0.01
0 1.117818 0.248175 0.01 0.01
0 1.119599 0.218080 0.01 0.01
0 1.078634 0.216310 0.01 0.01
0 1.096445 0.198607 0.01 0.01
0 1.114256 0.146383 0.01 0.01
0 1.089321 0.143728 0.01 0.01
0 1.089321 0.103896 0.01 0.01
0 1.078634 0.133106 0.01 0.01
0 1.136520 0.095930 0.01 0.01
0 1.138301 0.121599 0.01 0.01
0 1.148987 0.146383 0.01 0.01
0 1.170360 0.173823 0.01 0.01
0 1.154331 0.192411 0.01 0.01
0 1.154331 0.212769 0.01 0.01
0 1.163236 0.236668 0.01 0.01
0 1.185500 0.234898 0.01 0.01
0 1.151659 0.255256 0.01 0.01
0 1.169470 0.288007 0.01 0.01
0 1.149878 0.300399 0.01 0.01
0 1.127614 0.313676 0.01 0.01
0 1.139191 0.325183 0.01 0.01
0 1.134739 0.345541 0.01 0.01
0 1.173923 0.335805 0.01 0.01
0 1.189952 0.318102 0.01 0.01
0 1.216669 0.312791 0.01 0.01
0 1.168579 0.359704 0.01 0.01
0 1.168579 0.380947 0.01 0.01
0 1.168579 0.406616 0.01 0.01
0 1.165908 0.455299 0.01 0.01
0 1.197077 0.434941 0.01 0.01
0 1.222902 0.487165 0.01 0.01
0 1.196186 0.503982 0.01 0.01
0 1.179266 0.474773 0.01 0.01
0 1.139191 0.504868 0.01 0.01
0 1.128505 0.479198 0.01 0.01
0 1.107132 0.018922 0.01 0.01
0 1.078634 0.045476 0.01 0.01
0 1.057261 0.030429 0.01 0.01
0 1.055480 0.015381 0.01 0.01
0 1.081306 0.013611 0.01 0.01
0 1.140082 0.017152 0.01 0.01
0 1.143644 0.038395 0.01 0.01
0 1.153440 0.046362 0.01 0.01
0 1.181047 0.024233 0.01 0.01
0 1.154331 0.014496 0.01 0.01
0 1.193515 0.032199 0.01 0.01
0 1.184609 0.058754 0.01 0.01
0 1.176594 0.072916 0.01 0.01
0 1.173032 0.107437 0.01 0.01
0 1.177485 0.147268 0.01 0.01
0 1.201529 0.105666 0.01 0.01
0 1.220231 0.101241 0.01 0.01
0 1.239823 0.095930 0.01 0.01
0 1.195296 0.083538 0.01 0.01
0 1.218450 0.074686 0.01 0.01
0 1.214888 0.062294 0.01 0.01
0 1.232698 0.053443 0.01 0.01
0 1.298599 0.078227 0.01 0.01
0 1.324424 0.055213 0.01 0.01
0 1.273663 0.048132 0.01 0.01
0 1.252290 0.042821 0.01 0.01
0 1.287912 0.040166 0.01 0.01
0 1.234480 0.017152 0.01 0.01
0 1.304833 0.027773 0.01 0.01
0 1.289693 0.119829 0.01 0.01
0 1.280788 0.100356 0.01 0.01
0 1.261196 0.112748 0.01 0.01
0 1.251400 0.135761 0.01 0.01
0 1.239823 0.156120 0.01 0.01
0 1.208654 0.177363 0.01 0.01
0 1.225574 0.186215 0.01 0.01
0 1.274554 0.179134 0.01 0.01
0 1.258524 0.206573 0.01 0.01
0 1.304833 0.195951 0.01 0.01
0 1.314629 0.183559 0.01 0.01
0 1.293255 0.159660 0.01 0.01
0 1.315519 0.153464 0.01 0.01
0 1.328877 0.135761 0.01 0.01
0 1.319972 0.111862 0.01 0.01
0 1.350250 0.125140 0.01 0.01
0 1.348469 0.161431 0.01 0.01
0 1.351141 0.098585 0.01 0.01
0 1.327096 0.080882 0.01 0.01
0 1.385872 0.105666 0.01 0.01
0 1.383200 0.064065 0.01 0.01
0 1.364499 0.043706 0.01 0.01
0 1.351141 0.040166 0.01 0.01
0 1.327987 0.023348 0.01 0.01
0 1.278116 0.227817 0.01 0.01
0 1.184609 0.199492 0.01 0.01
0 1.205092 0.200377 0.01 0.01
0 1.230917 0.232242 0.01 0.01
0 1.212216 0.249060 0.01 0.01
0 1.230027 0.249060 0.01 0.01
0 1.256743 0.264993 0.01 0.01
0 1.213997 0.265878 0.01 0.01
0 1.221121 0.288892 0.01 0.01
0 1.250509 0.329609 0.01 0.01
0 1.227355 0.342886 0.01 0.01
0 1.189062 0.339345 0.01 0.01
0 1.206873 0.350852 0.01 0.01
0 1.236261 0.360589 0.01 0.01
0 1.262086 0.403076 0.01 0.01
0 1.226465 0.420779 0.01 0.01
0 1.237151 0.453529 0.01 0.01
0 1.267430 0.480084 0.01 0.01
0 1.299489 0.479198 0.01 0.01
0 1.305723 0.510179 0.01 0.01
0 1.275445 0.447333 0.01 0.01
0 1.270992 0.429630 0.01 0.01
0 1.288803 0.409272 0.01 0.01
0 1.284350 0.376521 0.01 0.01
0 1.283459 0.347311 0.01 0.01
0 1.303051 0.330494 0.01 0.01
0 1.281678 0.307480 0.01 0.01
0 1.305723 0.297743 0.01 0.01
0 1.288803 0.273844 0.01 0.01
0 1.340454 0.312791 0.01 0.01
0 1.359156 0.349082 0.01 0.01
0 1.353812 0.370325 0.01 0.01
0 1.341345 0.402191 0.01 0.01
0 1.337783 0.429630 0.01 0.01
0 1.406355 0.492476 0.01 0.01
0 1.388544 0.452644 0.01 0.01
0 1.424165 0.465921 0.01 0.01
0 1.401902 0.429630 0.01 0.01
0 1.367171 0.415468 0.01 0.01
0 1.405464 0.408387 0.01 0.01
0 1.403683 0.385373 0.01 0.01
0 1.406355 0.355278 0.01 0.01
0 1.404573 0.273844 0.01 0.01
0 1.364499 0.249945 0.01 0.01
0 1.317300 0.280040 0.01 0.01
0 1.352031 0.210114 0.01 0.01
0 1.356484 0.192411 0.01 0.01
0 1.386763 0.193296 0.01 0.01
0 1.382310 0.174708 0.01 0.01
0 1.408136 0.155235 0.01 0.01
0 1.401902 0.125140 0.01 0.01
0 1.409026 0.095045 0.01 0.01
0 1.390325 0.080882 0.01 0.01
0 1.386763 0.031314 0.01 0.01
0 1.403683 0.011841 0.01 0.01
0 1.420603 0.026003 0.01 0.01
0 1.410807 0.235783 0.01 0.01
0 1.412588 0.216310 0.01 0.01
0 1.060823 0.238438 0.01 0.01
0 1.057261 0.214539 0.01 0.01
0 1.046575 0.197722 0.01 0.01
0 1.052809 0.170282 0.01 0.01
0 1.075072 0.191526 0.01 0.01
0 1.115147 0.169397 0.01 0.01
0 1.057261 0.129565 0.01 0.01
0 1.046575 0.104781 0.01 0.01
0 1.409614 0.309250 0.01 0.01
0 1.418519 0.297743 0.01 0.01
0 1.405161 0.288892 0.01 0.01
0 1.454141 0.036625 0.01 0.01
0 1.496887 0.025118 0.01 0.01
0 1.482638 0.012726 0.01 0.01
0 1.517370 0.027773 0.01 0.01
0 1.536962 0.032199 0.01 0.01
0 1.549429 0.044591 0.01 0.01
0 1.542305 0.017152 0.01 0.01
0 1.516479 0.054328 0.01 0.01
0 1.531618 0.060524 0.01 0.01
0 1.497778 0.078227 0.01 0.01
0 1.471061 0.083538 0.01 0.01
0 1.440783 0.067605 0.01 0.01
0 1.447907 0.104781 0.01 0.01
0 1.477295 0.103896 0.01 0.01
0 1.515589 0.130451 0.01 0.01
0 1.527166 0.112748 0.01 0.01
0 1.522713 0.095930 0.01 0.01
0 1.549429 0.100356 0.01 0.01
0 1.546758 0.075571 0.01 0.01
0 1.561897 0.064950 0.01 0.01
0 1.570802 0.051672 0.01 0.01
0 1.552101 0.037510 0.01 0.01
0 1.583270 0.020692 0.01 0.01
0 1.581489 0.105666 0.01 0.01
0 1.558335 0.094160 0.01 0.01
0 1.577036 0.137532 0.01 0.01
0 1.548539 0.143728 0.01 0.01
0 1.527166 0.146383 0.01 0.01
0 1.495106 0.144613 0.01 0.01
0 1.489763 0.126025 0.01 0.01
0 1.455032 0.143728 0.01 0.01
0 1.447907 0.164086 0.01 0.01
0 1.468390 0.187100 0.01 0.01
0 1.483529 0.175593 0.01 0.01
0 1.504011 0.164971 0.01 0.01
0 1.452360 0.203033 0.01 0.01
0 1.446126 0.221621 0.01 0.01
0 1.436330 0.241094 0.01 0.01
0 1.430987 0.265878 0.01 0.01
0 1.463937 0.270304 0.01 0.01
0 1.469280 0.249945 0.01 0.01
0 1.481748 0.218965 0.01 0.01
0 1.509355 0.214539 0.01 0.01
0 1.517370 0.187100 0.01 0.01
0 1.555663 0.198607 0.01 0.01
0 1.568131 0.172938 0.01 0.01
0 1.587723 0.176478 0.01 0.01
0 1.550320 0.234898 0.01 0.01
0 1.539633 0.209229 0.01 0.01
0 1.519151 0.254371 0.01 0.01
0 1.500449 0.254371 0.01 0.01
0 1.571693 0.247290 0.01 0.01
0 1.526275 0.288007 0.01 0.01
0 1.504902 0.281811 0.01 0.01
0 1.464828 0.297743 0.01 0.01
0 1.442564 0.328723 0.01 0.01
0 1.430096 0.357048 0.01 0.01
0 1.444345 0.386258 0.01 0.01
0 1.461265 0.367670 0.01 0.01
0 1.474624 0.392454 0.01 0.01
0 1.436330 0.419894 0.01 0.01
0 1.428315 0.450874 0.01 0.01
0 1.455922 0.441137 0.01 0.01
0 1.464828 0.426975 0.01 0.01
0 1.492434 0.403076 0.01 0.01
0 1.493325 0.360589 0.01 0.01
0 1.529837 0.322527 0.01 0.01
0 1.570802 0.303939 0.01 0.01
0 1.565459 0.270304 0.01 0.01
0 1.536071 0.372096 0.01 0.01
0 1.583270 0.368555 0.01 0.01
0 1.565459 0.329609 0.01 0.01
0 1.545867 0.403076 0.01 0.01
0 1.512917 0.426090 0.01 0.01
0 1.531618 0.433171 0.01 0.01
0 1.505793 0.465921 0.01 0.01
0 1.486201 0.447333 0.01 0.01
0 1.525385 0.482739 0.01 0.01
0 1.524494 0.461495 0.01 0.01
0 1.447017 0.484509 0.01 0.01
0 1.579708 0.440252 0.01 0.01
0 1.578817 0.197722 0.01 0.01
0 1.534290 0.343771 0.01 0.01
0 1.368649 0.117173 0.01 0.01
0 1.260893 0.354393 0.01 0.01
0 1.559225 0.458840 0.01 0.01
0 0.026898 0.523898 0.01 0.01
0 0.069645 0.559304 0.01 0.01
0 0.057177 0.591169 0.01 0.01
0 0.050053 0.624805 0.01 0.01
0 0.021555 0.614183 0.01 0.01
0 0.032242 0.679684 0.01 0.01
0 0.016212 0.798294 0.01 0.01
0 0.007606 0.591612 0.01 0.01
0 0.014730 0.656228 0.01 0.01
0 0.098442 0.650917 0.01 0.01
0 0.091317 0.708451 0.01 0.01
0 0.121596 0.723499 0.01 0.01
0 0.169685 0.632329 0.01 0.01
0 0.142078 0.614626 0.01 0.01
0 0.202635 0.599578 0.01 0.01
0 0.209760 0.640295 0.01 0.01
0 0.209760 0.663309 0.01 0.01
0 0.240929 0.660653 0.01 0.01
0 0.234695 0.695174 0.01 0.01
0 0.230242 0.681012 0.01 0.01
0 0.190168 0.731465 0.01 0.01
0 0.240038 0.732350 0.01 0.01
0 0.272988 0.748283 0.01 0.01
0 0.286346 0.715533 0.01 0.01
0 0.330874 0.724384 0.01 0.01
0 0.329092 0.692519 0.01 0.01
0 0.296142 0.625248 0.01 0.01
0 0.258739 0.588071 0.01 0.01
0 0.255177 0.621707 0.01 0.01
0 0.287237 0.579220 0.01 0.01
0 0.300595 0.604004 0.01 0.01
0 0.275660 0.539388 0.01 0.01
0 0.257849 0.534963 0.01 0.01
0 0.254287 0.552666 0.01 0.01
0 0.267645 0.508408 0.01 0.01
0 0.196401 0.513719 0.01 0.01
0 0.153655 0.502212 0.01 0.01
0 0.359371 0.542929 0.01 0.01
0 0.317515 0.537618 0.01 0.01
0 0.297923 0.490705 0.01 0.01
0 0.373620 0.505753 0.01 0.01
0 0.400336 0.540273 0.01 0.01
0 0.386087 0.548240 0.01 0.01
0 0.382525 0.588071 0.01 0.01
0 0.347794 0.584531 0.01 0.01
0 0.316625 0.574794 0.01 0.01
0 0.327311 0.622592 0.01 0.01
0 0.426162 0.612856 0.01 0.01
0 0.427943 0.551780 0.01 0.01
0 0.385197 0.676586 0.01 0.01
0 0.362043 0.744742 0.01 0.01
0 0.414585 0.734121 0.01 0.01
0 0.465346 0.671275 0.01 0.01
0 0.478704 0.567713 0.01 0.01
0 0.492062 0.543814 0.01 0.01
0 0.478704 0.527881 0.01 0.01
0 0.463565 0.525226 0.01 0.01
0 0.537480 0.535848 0.01 0.01
0 0.582898 0.543814 0.01 0.01
0 0.599818 0.554436 0.01 0.01
0 0.532136 0.588957 0.01 0.01
0 0.541042 0.664194 0.01 0.01
0 0.497405 0.686323 0.01 0.01
0 0.492953 0.712877 0.01 0.01
0 0.426162 0.756249 0.01 0.01
0 0.373620 0.807588 0.01 0.01
0 0.308610 0.765101 0.01 0.01
0 0.304157 0.833257 0.01 0.01
0 0.257849 0.800507 0.01 0.01
0 0.219556 0.768641 0.01 0.01
0 0.163451 0.847419 0.01 0.01
0 0.114471 0.844764 0.01 0.01
0 0.173247 0.889021 0.01 0.01
0 0.209760 0.920887 0.01 0.01
0 0.232023 0.824406 0.01 0.01
0 0.333545 0.858041 0.01 0.01
0 0.427052 0.846534 0.01 0.01
0 0.445754 0.890792 0.01 0.01
0 0.460002 0.804932 0.01 0.01
0 0.502749 0.776608 0.01 0.01
0 0.515216 0.801392 0.01 0.01
0 0.523231 0.845649 0.01 0.01
0 0.572211 0.840338 0.01 0.01
0 0.633659 0.853615 0.01 0.01
0 0.617629 0.847419 0.01 0.01
0 0.606942 0.814669 0.01 0.01
0 0.603380 0.758905 0.01 0.01
0 0.582898 0.750053 0.01 0.01
0 0.591803 0.730580 0.01 0.01
0 0.558853 0.676586 0.01 0.01
0 0.471580 0.611085 0.01 0.01
0 0.330874 0.649147 0.01 0.01
0 0.594475 0.653572 0.01 0.01
0 0.561524 0.619937 0.01 0.01
0 0.632768 0.618166 0.01 0.01
0 0.631877 0.594267 0.01 0.01
0 0.662156 0.553551 0.01 0.01
0 0.667499 0.574794 0.01 0.01
0 0.660375 0.613741 0.01 0.01
0 0.624753 0.698715 0.01 0.01
0 0.679967 0.824406 0.01 0.01
0 0.693325 0.865122 0.01 0.01
0 0.760116 0.900528 0.01 0.01
0 0.741414 0.869548 0.01 0.01
0 0.695106 0.802277 0.01 0.01
0 0.709355 0.740317 0.01 0.01
0 0.687091 0.712877 0.01 0.01
0 0.666609 0.689863 0.01 0.01
0 0.639002 0.655343 0.01 0.01
0 0.655922 0.658883 0.01 0.01
0 0.709355 0.679242 0.01 0.01
0 0.739633 0.673046 0.01 0.01
0 0.777927 0.706681 0.01 0.01
0 0.800190 0.679242 0.01 0.01
0 0.777927 0.657113 0.01 0.01
0 0.745867 0.628788 0.01 0.01
0 0.721822 0.579220 0.01 0.01
0 0.757444 0.586301 0.01 0.01
0 0.785051 0.600463 0.01 0.01
0 0.772583 0.546470 0.01 0.01
0 0.781489 0.524341 0.01 0.01
0 0.757444 0.523456 0.01 0.01
0 0.729837 0.519915 0.01 0.01
0 0.743195 0.504868 0.01 0.01
0 0.752101 0.496016 0.01 0.01
0 0.687982 0.509293 0.01 0.01
0 0.702230 0.527881 0.01 0.01
0 0.624753 0.524341 0.01 0.01
0 0.626534 0.505753 0.01 0.01
0 0.605161 0.584531 0.01 0.01
0 0.769912 0.781033 0.01 0.01
0 0.796628 0.750053 0.01 0.01
0 0.718260 0.777493 0.01 0.01
0 0.067273 0.973110 0.01 0.01
0 0.048571 0.889021 0.01 0.01
0 0.202635 0.955407 0.01 0.01
0 0.250725 0.979306 0.01 0.01
0 0.266754 0.966029 0.01 0.01
0 0.321078 1.001435 0.01 0.01
0 0.145640 0.999665 0.01 0.01
0 0.109128 0.989928 0.01 0.01
0 0.370948 0.981077 0.01 0.01
0 0.413694 0.997009 0.01 0.01
0 0.451097 0.950096 0.01 0.01
0 0.499186 0.968685 0.01 0.01
0 0.493843 1.003205 0.01 0.01
0 0.518778 1.016482 0.01 0.01
0 0.548166 0.983732 0.01 0.01
0 0.573102 0.937704 0.01 0.01
0 0.544604 0.919116 0.01 0.01
0 0.593584 0.991698 0.01 0.01
0 0.650579 1.003205 0.01 0.01
0 0.666609 0.979306 0.01 0.01
0 0.679967 0.998780 0.01 0.01
0 0.709355 1.010286 0.01 0.01
0 0.744977 0.938590 0.01 0.01
0 0.756554 0.993469 0.01 0.01
0 0.143859 0.745628 0.01 0.01
0 0.259630 0.679242 0.01 0.01
0 0.704902 0.599578 0.01 0.01
0 0.683529 0.580105 0.01 0.01
0 0.688872 0.600463 0.01 0.01
0 0.821231 0.511064 0.01 0.01
0 0.823902 0.533192 0.01 0.01
0 0.834589 0.563287 0.01 0.01
0 0.813216 0.599578 0.01 0.01
0 0.859524 0.612856 0.01 0.01
0 0.869320 0.604004 0.01 0.01
0 0.861305 0.580105 0.01 0.01
0 0.859524 0.529652 0.01 0.01
0 0.905832 0.517260 0.01 0.01
0 0.917409 0.542929 0.01 0.01
0 0.931658 0.553551 0.01 0.01
0 0.967280 0.549125 0.01 0.01
0 0.961937 0.507523 0.01 0.01
0 1.008245 0.538503 0.01 0.01
0 1.020713 0.528767 0.01 0.01
0 1.083051 0.541159 0.01 0.01
0 1.093737 0.510179 0.01 0.01
0 1.126687 0.513719 0.01 0.01
0 1.162309 0.519030 0.01 0.01
0 1.237115 0.501327 0.01 0.01
0 1.287876 0.543814 0.01 0.01
0 1.312811 0.542929 0.01 0.01
0 1.338637 0.449103 0.01 0.01
0 1.335075 0.466806 0.01 0.01
0 1.390288 0.545584 0.01 0.01
0 1.366244 0.519915 0.01 0.01
0 1.347542 0.518145 0.01 0.01
0 1.413442 0.524341 0.01 0.01
0 1.408990 0.572139 0.01 0.01
0 1.441049 0.594267 0.01 0.01
0 1.381383 0.607545 0.01 0.01
0 1.351104 0.588071 0.01 0.01
0 1.331512 0.565943 0.01 0.01
0 1.286985 0.574794 0.01 0.01
0 1.241567 0.575679 0.01 0.01
0 1.238005 0.553551 0.01 0.01
0 1.254035 0.544699 0.01 0.01
0 1.194369 0.568598 0.01 0.01
0 1.175667 0.549125 0.01 0.01
0 1.156075 0.554436 0.01 0.01
0 1.143608 0.573909 0.01 0.01
0 1.122235 0.573909 0.01 0.01
0 1.084832 0.569483 0.01 0.01
0 1.075036 0.579220 0.01 0.01
0 1.073255 0.604004 0.01 0.01
0 1.044757 0.565058 0.01 0.01
0 1.039414 0.588071 0.01 0.01
0 1.014479 0.593382 0.01 0.01
0 0.974404 0.606660 0.01 0.01
0 0.945907 0.629673 0.01 0.01
0 0.918300 0.621707 0.01 0.01
0 0.884459 0.628788 0.01 0.01
0 0.863086 0.683667 0.01 0.01
0 0.836370 0.673046 0.01 0.01
0 0.829246 0.711107 0.01 0.01
0 0.858634 0.717303 0.01 0.01
0 0.928987 0.727925 0.01 0.01
0 0.936111 0.750938 0.01 0.01
0 0.865758 0.789885 0.01 0.01
0 0.936111 0.813784 0.01 0.01
0 0.981529 0.785459 0.01 0.01
0 0.985091 0.750053 0.01 0.01
0 1.002011 0.721729 0.01 0.01
0 0.954812 0.708451 0.01 0.01
0 0.974404 0.661539 0.01 0.01
0 1.002902 0.673046 0.01 0.01
0 1.019822 0.642065 0.01 0.01
0 1.024275 0.627903 0.01 0.01
0 1.064349 0.646491 0.01 0.01
0 1.087503 0.628788 0.01 0.01
0 1.139155 0.607545 0.01 0.01
0 1.150732 0.674816 0.01 0.01
0 1.057225 0.695174 0.01 0.01
0 1.059006 0.679242 0.01 0.01
0 1.063459 0.735006 0.01 0.01
0 1.026056 0.728810 0.01 0.01
0 1.097299 0.773952 0.01 0.01
0 1.119563 0.759790 0.01 0.01
0 1.126687 0.776608 0.01 0.01
0 1.107986 0.812899 0.01 0.01
0 1.150732 0.801392 0.01 0.01
0 1.076817 0.819980 0.01 0.01
0 0.993106 0.825291 0.01 0.01
0 1.200602 0.702255 0.01 0.01
0 1.214851 0.694289 0.01 0.01
0 1.216632 0.677471 0.01 0.01
0 1.216632 0.636754 0.01 0.01
0 1.250473 0.604004 0.01 0.01
0 1.197931 0.606660 0.01 0.01
0 1.314592 0.606660 0.01 0.01
0 1.334184 0.642951 0.01 0.01
0 1.298562 0.636754 0.01 0.01
0 1.281642 0.657113 0.01 0.01
0 1.266503 0.690748 0.01 0.01
0 1.295000 0.704911 0.01 0.01
0 1.319935 0.689863 0.01 0.01
0 1.256707 0.735891 0.01 0.01
0 1.296781 0.788115 0.01 0.01
0 1.263831 0.773067 0.01 0.01
0 1.246020 0.797851 0.01 0.01
0 1.352885 0.758905 0.01 0.01
0 1.372477 0.744742 0.01 0.01
0 1.414333 0.776608 0.01 0.01
0 1.418786 0.735006 0.01 0.01
0 1.405428 0.685438 0.01 0.01
0 1.372477 0.704911 0.01 0.01
0 1.379602 0.679242 0.01 0.01
0 1.448174 0.677471 0.01 0.01
0 1.029618 0.798736 0.01 0.01
0 1.146279 0.654457 0.01 0.01
0 0.930768 0.579220 0.01 0.01
0 0.902270 0.579220 0.01 0.01
0 0.822178 0.825291 0.01 0.01
0 0.815053 0.853615 0.01 0.01
0 0.875610 0.894332 0.01 0.01
0 0.861361 0.875744 0.01 0.01
0 0.907670 0.851845 0.01 0.01
0 0.904108 0.832372 0.01 0.01
0 0.954869 0.851845 0.01 0.01
0 0.858690 0.915576 0.01 0.01
0 0.855128 0.956292 0.01 0.01
0 0.824849 1.007631 0.01 0.01
0 0.889859 0.995239 0.01 0.01
0 0.868486 1.016482 0.01 0.01
0 0.923700 1.012057 0.01 0.01
0 1.000286 0.974881 0.01 0.01
0 1.002067 0.889021 0.01 0.01
0 1.026112 0.881940 0.01 0.01
0 1.062624 0.863352 0.01 0.01
0 1.075983 0.902299 0.01 0.01
0 1.104480 0.884596 0.01 0.01
0 1.067077 0.973995 0.01 0.01
0 1.100918 0.999665 0.01 0.01
0 1.151679 0.901413 0.01 0.01
0 1.154350 0.844764 0.01 0.01
0 1.133868 0.857156 0.01 0.01
0 1.169490 0.789000 0.01 0.01
0 1.210455 0.862467 0.01 0.01
0 1.216689 0.888136 0.01 0.01
0 1.226485 0.912035 0.01 0.01
0 1.222032 0.937704 0.01 0.01
0 1.267450 0.972225 0.01 0.01
0 1.265668 0.947441 0.01 0.01
0 1.241624 0.989043 0.01 0.01
0 1.282589 0.915576 0.01 0.01
0 1.291494 0.894332 0.01 0.01
0 1.321773 0.928853 0.01 0.01
0 1.330678 0.954522 0.01 0.01
0 1.357394 0.958063 0.01 0.01
0 1.400141 0.932394 0.01 0.01
0 1.379658 0.911150 0.01 0.01
0 1.351161 0.885481 0.01 0.01
0 1.302181 0.832372 0.01 0.01
0 1.361847 0.844764 0.01 0.01
0 1.382330 0.827946 0.01 0.01
0 1.439002 0.942130 0.01 0.01
0 1.453250 0.876629 0.01 0.01
0 1.423863 0.881940 0.01 0.01
0 1.443455 0.861582 0.01 0.01
0 1.449688 0.839453 0.01 0.01
0 1.448798 0.813784 0.01 0.01
0 1.506683 0.802277 0.01 0.01
0 1.527166 0.840338 0.01 0.01
0 1.585051 0.839453 0.01 0.01
0 1.557444 0.821750 0.01 0.01
0 1.549429 0.791655 0.01 0.01
0 1.511136 0.766871 0.01 0.01
0 1.533399 0.758020 0.01 0.01
0 1.460375 0.724384 0.01 0.01
0 1.472842 0.698715 0.01 0.01
0 1.479076 0.661539 0.01 0.01
0 1.444345 0.657998 0.01 0.01
0 1.521822 0.670390 0.01 0.01
0 1.528947 0.645606 0.01 0.01
0 1.527166 0.600463 0.01 0.01
0 1.547648 0.611085 0.01 0.01
0 1.584160 0.666849 0.01 0.01
0 1.585051 0.626133 0.01 0.01
0 1.582379 0.594267 0.01 0.01
0 1.555663 0.580990 0.01 0.01
0 1.557444 0.523456 0.01 0.01
0 1.515589 0.552666 0.01 0.01
0 1.486201 0.557976 0.01 0.01
0 1.470171 0.530537 0.01 0.01
0 1.587723 0.495131 0.01 0.01
0 1.476405 0.596038 0.01 0.01
0 1.464828 0.573909 0.01 0.01
0 1.502230 0.530537 0.01 0.01
0 1.506683 0.506638 0.01 0.01
0 1.495106 0.496901 0.01 0.01
0 1.461265 0.481854 0.01 0.01
0 1.524794 0.890349 0.01 0.01
0 1.558634 0.708009 0.01 0.01
0 1.585351 0.736334 0.01 0.01
0 1.592475 0.238881 0.01 0.01
0 0.098142 0.803605 0.01 0.01
0 0.112391 0.784131 0.01 0.01
0 1.243382 0.389356 0.01 0.01
0 1.184606 0.396437 0.01 0.01
0 0.139107 0.523898 0.01 0.01
0 0.181853 0.548682 0.01 0.01
0 0.167604 0.534520 0.01 0.01
0 0.082112 0.539831 0.01 0.01
0 0.115953 0.534520 0.01 0.01
0 0.203226 0.173380 0.01 0.01
0 0.183634 0.201705 0.01 0.01
0 0.446075 0.294763 0.01 0.01
0 0.458661 0.317509 0.01 0.01
0 0.441498 0.323195 0.01 0.01
0 0.756157 0.049111 0.01 0.01
0 0.431200 0.034326 0.01 0.01
0 0.690937 0.449433 0.01 0.01
0 0.216088 0.244723 0.01 0.01
0 0.227530 0.229938 0.01 0.01
0 0.222953 0.216291 0.01 0.01
0 0.677206 0.143505 0.01 0.01
0 0.478113 0.434649 0.01 0.01
0 0.518160 0.425550 0.01 0.01
0 0.475824 0.498336 0.01 0.01
0 0.495276 0.511984 0.01 0.01
0 0.138281 0.099151 0.01 0.01
0 0.205790 0.100288 0.01 0.01
0 0.090224 0.427825 0.01 0.01
0 0.085647 0.395981 0.01 0.01
0 0.433489 0.573397 0.01 0.01
0 0.639447 0.491513 0.01 0.01
0 1.111581 0.037068 0.01 0.01
0 1.113362 0.058311 0.01 0.01
0 1.068835 0.077784 0.01 0.01
0 1.501639 0.334477 0.01 0.01
0 1.489172 0.313233 0.01 0.01
0 0.532727 0.736334 0.01 0.01
0 0.630687 0.741644 0.01 0.01
0 0.924567 0.672603 0.01 0.01
0 0.833731 0.467249 0.01 0.01
0 1.339560 0.244192 0.01 0.01
0 1.430396 0.120271 0.01 0.01
0 1.471361 0.054770 0.01 0.01
0 0.636031 0.384045 0.01 0.01
0 0.372430 0.116731 0.01 0.01
0 0.550538 0.086636 0.01 0.01
0 0.384897 0.934606 0.01 0.01
0 0.219256 0.387586 0.01 0.01
0 0.242410 0.385815 0.01 0.01
0 0.525603 0.322085 0.01 0.01
0 0.530946 0.291990 0.01 0.01
0 0.831950 0.226489 0.01 0.01
0 0.767831 0.199935 0.01 0.01
0 0.960189 0.152137 0.01 0.01
0 0.953064 0.095487 0.01 0.01
0 1.223790 0.134434 0.01 0.01
0 1.202417 0.136204 0.01 0.01
0 1.213103 0.150366 0.01 0.01
0 1.343123 0.268976 0.01 0.01
0 0.440111 0.077784 0.01 0.01
0 0.087455 0.137974 0.01 0.01
0 0.105266 0.118501 0.01 0.01
0 0.074988 0.084865 0.01 0.01
0 0.087455 0.072473 0.01 0.01
0 0.221037 0.113190 0.01 0.01
0 0.205007 0.120271 0.01 0.01
0 0.188977 0.125582 0.01 0.01
0 1.551510 0.260125 0.01 0.01
0 1.264755 0.159218 0.01 0.01
0 1.280784 0.146826 0.01 0.01
0 1.262974 0.076014 0.01 0.01
0 1.255849 0.060081 0.01 0.01
0 1.261193 0.024675 0.01 0.01
0 1.353809 0.024675 0.01 0.01
0 1.460674 0.019365 0.01 0.01
0 0.278032 0.313233 0.01 0.01
0 0.290500 0.299071 0.01 0.01
0 0.317216 0.316774 0.01 0.01
0 0.050053 0.300841 0.01 0.01
0 0.060739 0.286679 0.01 0.01
0 0.586160 0.323855 0.01 0.01
0 0.995810 0.446005 0.01 0.01
0 0.986905 0.412370 0.01 0.01
