0 0.018555 0.135632 0.01 0.01
0 0.043268 0.126932 0.01 0.01
0 0.053955 0.100161 0.01 0.01
0 0.063306 0.092130 0.01 0.01
0 0.044604 0.171772 0.01 0.01
0 0.055291 0.171103 0.01 0.01
0 0.120079 0.129609 0.01 0.01
0 0.130766 0.127601 0.01 0.01
0 0.156146 0.130278 0.01 0.01
0 0.236965 0.097484 0.01 0.01
0 0.243644 0.092799 0.01 0.01
0 0.279711 0.062014 0.01 0.01
0 0.256334 0.039928 0.01 0.01
0 0.293738 0.064691 0.01 0.01
0 0.295074 0.053313 0.01 0.01
0 0.316447 0.020520 0.01 0.01
0 0.319119 0.045282 0.01 0.01
0 0.373220 0.044613 0.01 0.01
0 0.330473 0.062014 0.01 0.01
0 0.444019 0.016504 0.01 0.01
0 0.422646 0.017173 0.01 0.01
0 0.414631 0.017843 0.01 0.01
0 0.406616 0.025874 0.01 0.01
0 0.399937 0.031897 0.01 0.01
0 0.393258 0.039928 0.01 0.01
0 0.459606 0.007804 0.01 0.01
0 0.464281 0.015166 0.01 0.01
0 0.470292 0.003788 0.01 0.01
0 0.480311 0.008473 0.01 0.01
0 0.517715 0.013827 0.01 0.01
0 0.479643 0.026543 0.01 0.01
0 0.490998 0.039259 0.01 0.01
0 0.499681 0.043944 0.01 0.01
0 0.513707 0.090122 0.01 0.01
0 0.517047 0.068037 0.01 0.01
0 0.509700 0.063352 0.01 0.01
0 0.539088 0.030559 0.01 0.01
0 0.548439 0.030559 0.01 0.01
0 0.577159 0.009142 0.01 0.01
0 0.542428 0.040597 0.01 0.01
0 0.591186 0.019850 0.01 0.01
0 0.597865 0.010481 0.01 0.01
0 0.607216 0.030559 0.01 0.01
0 0.613895 0.041936 0.01 0.01
0 0.637940 0.024535 0.01 0.01
0 0.643951 0.018512 0.01 0.01
0 0.565137 0.050636 0.01 0.01
0 0.557790 0.065360 0.01 0.01
0 0.546435 0.080084 0.01 0.01
0 0.534413 0.088784 0.01 0.01
0 0.542428 0.104177 0.01 0.01
0 0.580499 0.073391 0.01 0.01
0 0.587178 0.077407 0.01 0.01
0 0.605880 0.084768 0.01 0.01
0 0.553782 0.114885 0.01 0.01
0 0.626585 0.105515 0.01 0.01
0 0.597197 0.109531 0.01 0.01
0 0.599869 0.101500 0.01 0.01
0 0.608552 0.118231 0.01 0.01
0 0.610555 0.104846 0.01 0.01
0 0.615231 0.128939 0.01 0.01
0 0.626585 0.124924 0.01 0.01
0 0.707404 0.108192 0.01 0.01
0 0.562465 0.121578 0.01 0.01
0 0.575156 0.134963 0.01 0.01
0 0.576492 0.147009 0.01 0.01
0 0.564469 0.142994 0.01 0.01
0 0.591854 0.163741 0.01 0.01
0 0.785550 0.165748 0.01 0.01
0 0.793565 0.181811 0.01 0.01
0 0.785550 0.193188 0.01 0.01
0 0.611891 0.185826 0.01 0.01
0 0.621910 0.197873 0.01 0.01
0 0.605212 0.201888 0.01 0.01
0 0.595193 0.198542 0.01 0.01
0 0.565805 0.192519 0.01 0.01
0 0.565137 0.203227 0.01 0.01
0 0.575824 0.203896 0.01 0.01
0 0.580499 0.213266 0.01 0.01
0 0.648627 0.220628 0.01 0.01
0 0.656642 0.221966 0.01 0.01
0 0.708072 0.245390 0.01 0.01
0 0.716087 0.243382 0.01 0.01
0 0.597865 0.258775 0.01 0.01
0 0.537084 0.219958 0.01 0.01
0 0.519051 0.223305 0.01 0.01
0 0.493670 0.238028 0.01 0.01
0 0.480311 0.240705 0.01 0.01
0 0.474300 0.246729 0.01 0.01
0 0.465617 0.252083 0.01 0.01
0 0.515043 0.274837 0.01 0.01
0 0.634601 0.269483 0.01 0.01
0 0.643283 0.290230 0.01 0.01
0 0.619238 0.298931 0.01 0.01
0 0.611223 0.300269 0.01 0.01
0 0.427546 0.265468 0.01 0.01
0 0.438900 0.262791 0.01 0.01
0 0.448919 0.257437 0.01 0.01
0 0.394150 0.275507 0.01 0.01
0 0.376784 0.282869 0.01 0.01
0 0.348063 0.296254 0.01 0.01
0 0.340716 0.296923 0.01 0.01
0 0.327358 0.304954 0.01 0.01
0 0.336709 0.306293 0.01 0.01
0 0.360086 0.325032 0.01 0.01
0 0.342720 0.319678 0.01 0.01
0 0.368769 0.320347 0.01 0.01
0 0.375448 0.310308 0.01 0.01
0 0.385467 0.312316 0.01 0.01
0 0.398157 0.302946 0.01 0.01
0 0.398825 0.294246 0.01 0.01
0 0.334037 0.337748 0.01 0.01
0 0.329362 0.332394 0.01 0.01
0 0.328694 0.346448 0.01 0.01
0 0.283275 0.325701 0.01 0.01
0 0.273256 0.329047 0.01 0.01
0 0.295298 0.367864 0.01 0.01
0 0.308656 0.379911 0.01 0.01
0 0.331365 0.381919 0.01 0.01
0 0.364093 0.377903 0.01 0.01
0 0.388138 0.375895 0.01 0.01
0 0.395486 0.370541 0.01 0.01
0 0.406172 0.365187 0.01 0.01
0 0.439568 0.353141 0.01 0.01
0 0.465617 0.328378 0.01 0.01
0 0.472296 0.324362 0.01 0.01
0 0.496341 0.327709 0.01 0.01
0 0.507696 0.333732 0.01 0.01
0 0.543096 0.320347 0.01 0.01
0 0.553782 0.313654 0.01 0.01
0 0.587846 0.317001 0.01 0.01
0 0.665993 0.299600 0.01 0.01
0 0.659314 0.315662 0.01 0.01
0 0.661317 0.326370 0.01 0.01
0 0.670668 0.337748 0.01 0.01
0 0.678015 0.325032 0.01 0.01
0 0.709407 0.311647 0.01 0.01
0 0.704064 0.329047 0.01 0.01
0 0.694713 0.342432 0.01 0.01
0 0.719426 0.333063 0.01 0.01
0 0.726105 0.314324 0.01 0.01
0 0.633265 0.323024 0.01 0.01
0 0.871648 0.238698 0.01 0.01
0 0.881667 0.240705 0.01 0.01
0 0.925082 0.106854 0.01 0.01
0 0.987198 0.363849 0.01 0.01
0 0.977847 0.365187 0.01 0.01
0 0.919070 0.221966 0.01 0.01
0 0.995881 0.198542 0.01 0.01
0 0.482331 0.351802 0.01 0.01
0 0.485671 0.342432 0.01 0.01
0 0.472980 0.357156 0.01 0.01
0 0.466301 0.361841 0.01 0.01
0 0.458954 0.373218 0.01 0.01
0 0.450271 0.380580 0.01 0.01
0 0.455614 0.384596 0.01 0.01
0 0.444260 0.385265 0.01 0.01
0 0.438916 0.389950 0.01 0.01
0 0.432237 0.392627 0.01 0.01
0 0.478991 0.386603 0.01 0.01
0 0.495689 0.362510 0.01 0.01
0 0.495689 0.377234 0.01 0.01
0 0.509048 0.356487 0.01 0.01
0 0.526414 0.353810 0.01 0.01
0 0.537100 0.348456 0.01 0.01
0 0.560478 0.328378 0.01 0.01
0 0.586526 0.345109 0.01 0.01
0 0.579847 0.351802 0.01 0.01
0 0.568493 0.339086 0.01 0.01
0 0.562481 0.343102 0.01 0.01
0 0.552463 0.351802 0.01 0.01
0 0.549123 0.357825 0.01 0.01
0 0.557806 0.365856 0.01 0.01
0 0.551127 0.376565 0.01 0.01
0 0.525746 0.381249 0.01 0.01
0 0.512387 0.388611 0.01 0.01
0 0.501033 0.393965 0.01 0.01
0 0.473648 0.405343 0.01 0.01
0 0.477656 0.415381 0.01 0.01
0 0.486339 0.397981 0.01 0.01
0 0.489010 0.408689 0.01 0.01
0 0.482331 0.436128 0.01 0.01
0 0.501701 0.419397 0.01 0.01
0 0.513723 0.418728 0.01 0.01
0 0.533093 0.416051 0.01 0.01
0 0.526414 0.405343 0.01 0.01
0 0.534429 0.405343 0.01 0.01
0 0.539104 0.392627 0.01 0.01
0 0.543780 0.404004 0.01 0.01
0 0.579179 0.365856 0.01 0.01
0 0.574504 0.375895 0.01 0.01
0 0.591202 0.375226 0.01 0.01
0 0.600553 0.367864 0.01 0.01
0 0.602556 0.357156 0.01 0.01
0 0.608568 0.355148 0.01 0.01
0 0.611239 0.342432 0.01 0.01
0 0.618587 0.337748 0.01 0.01
0 0.639292 0.341094 0.01 0.01
0 0.645303 0.345109 0.01 0.01
0 0.659330 0.353141 0.01 0.01
0 0.625934 0.349794 0.01 0.01
0 0.633281 0.362510 0.01 0.01
0 0.647307 0.367864 0.01 0.01
0 0.652650 0.381249 0.01 0.01
0 0.676695 0.373218 0.01 0.01
0 0.688050 0.366526 0.01 0.01
0 0.679367 0.357825 0.01 0.01
0 0.672020 0.360502 0.01 0.01
0 0.676695 0.385265 0.01 0.01
0 0.664005 0.389280 0.01 0.01
0 0.635284 0.377234 0.01 0.01
0 0.624598 0.372549 0.01 0.01
0 0.605896 0.377234 0.01 0.01
0 0.614579 0.390619 0.01 0.01
0 0.629941 0.385934 0.01 0.01
0 0.629941 0.396642 0.01 0.01
0 0.615247 0.409358 0.01 0.01
0 0.607232 0.399319 0.01 0.01
0 0.647307 0.401996 0.01 0.01
0 0.698737 0.391288 0.01 0.01
0 0.708088 0.381919 0.01 0.01
0 0.658662 0.412704 0.01 0.01
0 0.676028 0.410697 0.01 0.01
0 0.589866 0.392627 0.01 0.01
0 0.584523 0.385265 0.01 0.01
0 0.582519 0.397981 0.01 0.01
0 0.573836 0.392627 0.01 0.01
0 0.565821 0.387273 0.01 0.01
0 0.555802 0.406681 0.01 0.01
0 0.561813 0.396642 0.01 0.01
0 0.570496 0.400658 0.01 0.01
0 0.580515 0.410697 0.01 0.01
0 0.569828 0.413374 0.01 0.01
0 0.560478 0.416051 0.01 0.01
0 0.575840 0.426090 0.01 0.01
0 0.602556 0.418059 0.01 0.01
0 0.592538 0.424751 0.01 0.01
0 0.601889 0.429436 0.01 0.01
0 0.358098 0.398650 0.01 0.01
0 0.345408 0.394634 0.01 0.01
0 0.330714 0.397981 0.01 0.01
0 0.362774 0.387273 0.01 0.01
0 0.372792 0.404673 0.01 0.01
0 0.386819 0.407350 0.01 0.01
0 0.398841 0.404673 0.01 0.01
0 0.396837 0.414712 0.01 0.01
0 0.376800 0.426090 0.01 0.01
0 0.376800 0.432113 0.01 0.01
0 0.360102 0.422743 0.01 0.01
0 0.364777 0.434790 0.01 0.01
0 0.368117 0.452191 0.01 0.01
0 0.386819 0.444160 0.01 0.01
0 0.388822 0.436798 0.01 0.01
0 0.393498 0.451521 0.01 0.01
0 0.400845 0.439475 0.01 0.01
0 0.406188 0.436128 0.01 0.01
0 0.413535 0.432113 0.01 0.01
0 0.412200 0.447506 0.01 0.01
0 0.403517 0.456206 0.01 0.01
0 0.424222 0.426090 0.01 0.01
0 0.424222 0.440144 0.01 0.01
0 0.430233 0.425420 0.01 0.01
0 0.438248 0.424082 0.01 0.01
0 0.446263 0.418059 0.01 0.01
0 0.449603 0.422743 0.01 0.01
0 0.448935 0.433451 0.01 0.01
0 0.441588 0.436128 0.01 0.01
0 0.440920 0.450852 0.01 0.01
0 0.449603 0.443490 0.01 0.01
0 0.456950 0.444160 0.01 0.01
0 0.466301 0.441483 0.01 0.01
0 0.316019 0.505062 0.01 0.01
0 0.329378 0.498369 0.01 0.01
0 0.338729 0.493685 0.01 0.01
0 0.352755 0.489669 0.01 0.01
0 0.358766 0.488331 0.01 0.01
0 0.368785 0.475615 0.01 0.01
0 0.374796 0.484984 0.01 0.01
0 0.392162 0.476953 0.01 0.01
0 0.366781 0.494354 0.01 0.01
0 0.315351 0.526478 0.01 0.01
0 0.324034 0.557264 0.01 0.01
0 0.354091 0.525140 0.01 0.01
0 0.372124 0.502385 0.01 0.01
0 0.379472 0.511085 0.01 0.01
0 0.393498 0.503723 0.01 0.01
0 0.366781 0.535848 0.01 0.01
0 0.353423 0.562618 0.01 0.01
0 0.357430 0.574665 0.01 0.01
0 0.367449 0.584034 0.01 0.01
0 0.377468 0.535179 0.01 0.01
0 0.386151 0.543879 0.01 0.01
0 0.392830 0.525140 0.01 0.01
0 0.408860 0.509078 0.01 0.01
0 0.402849 0.528486 0.01 0.01
0 0.392830 0.546556 0.01 0.01
0 0.410196 0.534509 0.01 0.01
0 0.410196 0.519116 0.01 0.01
0 0.418211 0.513762 0.01 0.01
0 0.423554 0.521793 0.01 0.01
0 0.428230 0.533171 0.01 0.01
0 0.412868 0.468253 0.01 0.01
0 0.424890 0.476953 0.01 0.01
0 0.431569 0.462899 0.01 0.01
0 0.442924 0.465576 0.01 0.01
0 0.432905 0.496362 0.01 0.01
0 0.442256 0.489000 0.01 0.01
0 0.460958 0.477622 0.01 0.01
0 0.457618 0.458883 0.01 0.01
0 0.468973 0.454198 0.01 0.01
0 0.469641 0.464907 0.01 0.01
0 0.480327 0.474945 0.01 0.01
0 0.485671 0.449514 0.01 0.01
0 0.493686 0.438136 0.01 0.01
0 0.493686 0.466245 0.01 0.01
0 0.497693 0.448844 0.01 0.01
0 0.504372 0.470261 0.01 0.01
0 0.503704 0.489669 0.01 0.01
0 0.523742 0.463568 0.01 0.01
0 0.517063 0.454868 0.01 0.01
0 0.516395 0.444829 0.01 0.01
0 0.523074 0.438805 0.01 0.01
0 0.523074 0.430774 0.01 0.01
0 0.513055 0.428767 0.01 0.01
0 0.540440 0.442821 0.01 0.01
0 0.537768 0.461560 0.01 0.01
0 0.555134 0.466914 0.01 0.01
0 0.546451 0.458883 0.01 0.01
0 0.551795 0.444160 0.01 0.01
0 0.561146 0.436798 0.01 0.01
0 0.556470 0.428097 0.01 0.01
0 0.551127 0.420736 0.01 0.01
0 0.567157 0.427428 0.01 0.01
0 0.570496 0.444829 0.01 0.01
0 0.565821 0.457545 0.01 0.01
0 0.557806 0.453529 0.01 0.01
0 0.581183 0.454868 0.01 0.01
0 0.591870 0.444829 0.01 0.01
0 0.618587 0.426090 0.01 0.01
0 0.432905 0.521124 0.01 0.01
0 0.449603 0.509747 0.01 0.01
0 0.635284 0.428097 0.01 0.01
0 0.647975 0.431444 0.01 0.01
0 0.687382 0.419397 0.01 0.01
0 0.692058 0.429436 0.01 0.01
0 0.699405 0.437467 0.01 0.01
0 0.707420 0.445498 0.01 0.01
0 0.716103 0.456875 0.01 0.01
0 0.672020 0.432113 0.01 0.01
0 0.672020 0.423413 0.01 0.01
0 0.676028 0.439475 0.01 0.01
0 0.681371 0.445498 0.01 0.01
0 0.687382 0.448844 0.01 0.01
0 0.694061 0.454868 0.01 0.01
0 0.701408 0.463568 0.01 0.01
0 0.653986 0.428097 0.01 0.01
0 0.660665 0.435459 0.01 0.01
0 0.661333 0.446837 0.01 0.01
0 0.684043 0.476284 0.01 0.01
0 0.678699 0.465576 0.01 0.01
0 0.675360 0.457545 0.01 0.01
0 0.643967 0.453529 0.01 0.01
0 0.651315 0.457545 0.01 0.01
0 0.657994 0.463568 0.01 0.01
0 0.659997 0.470261 0.01 0.01
0 0.660665 0.476284 0.01 0.01
0 0.668013 0.487661 0.01 0.01
0 0.621926 0.445498 0.01 0.01
0 0.600553 0.450183 0.01 0.01
0 0.617251 0.450852 0.01 0.01
0 0.629273 0.456206 0.01 0.01
0 0.633281 0.462229 0.01 0.01
0 0.638624 0.464907 0.01 0.01
0 0.642632 0.475615 0.01 0.01
0 0.651315 0.483646 0.01 0.01
0 0.638624 0.496362 0.01 0.01
0 0.629273 0.493015 0.01 0.01
0 0.623930 0.482976 0.01 0.01
0 0.621258 0.476953 0.01 0.01
0 0.617251 0.466914 0.01 0.01
0 0.613243 0.462899 0.01 0.01
0 0.590534 0.461560 0.01 0.01
0 0.595209 0.470930 0.01 0.01
0 0.602556 0.482307 0.01 0.01
0 0.611907 0.493685 0.01 0.01
0 0.618587 0.500377 0.01 0.01
0 0.734804 0.355148 0.01 0.01
0 0.746827 0.346448 0.01 0.01
0 0.569161 0.467584 0.01 0.01
0 0.582519 0.474945 0.01 0.01
0 0.585859 0.484315 0.01 0.01
0 0.592538 0.490338 0.01 0.01
0 0.593206 0.495692 0.01 0.01
0 0.597881 0.505062 0.01 0.01
0 0.604560 0.505062 0.01 0.01
0 0.564485 0.476953 0.01 0.01
0 0.567157 0.487661 0.01 0.01
0 0.569828 0.494354 0.01 0.01
0 0.575840 0.498369 0.01 0.01
0 0.581183 0.502385 0.01 0.01
0 0.584523 0.511085 0.01 0.01
0 0.589866 0.516439 0.01 0.01
0 0.516395 0.489669 0.01 0.01
0 0.527750 0.476953 0.01 0.01
0 0.532425 0.470261 0.01 0.01
0 0.553130 0.484315 0.01 0.01
0 0.555134 0.491008 0.01 0.01
0 0.555802 0.496362 0.01 0.01
0 0.559810 0.508408 0.01 0.01
0 0.565153 0.511755 0.01 0.01
0 0.573836 0.515101 0.01 0.01
0 0.575172 0.525809 0.01 0.01
0 0.534429 0.490338 0.01 0.01
0 0.539772 0.499708 0.01 0.01
0 0.541776 0.505062 0.01 0.01
0 0.545115 0.513093 0.01 0.01
0 0.552463 0.519116 0.01 0.01
0 0.557138 0.529824 0.01 0.01
0 0.566489 0.533840 0.01 0.01
0 0.518399 0.499708 0.01 0.01
0 0.520402 0.507739 0.01 0.01
0 0.396699 0.486992 0.01 0.01
0 0.536294 0.533171 0.01 0.01
0 0.532954 0.526478 0.01 0.01
0 0.532286 0.517109 0.01 0.01
0 0.523604 0.544548 0.01 0.01
0 0.515588 0.526478 0.01 0.01
0 0.487536 0.483646 0.01 0.01
0 0.466162 0.487661 0.01 0.01
0 0.466830 0.510416 0.01 0.01
0 0.464827 0.503054 0.01 0.01
0 0.489540 0.499039 0.01 0.01
0 0.479521 0.495692 0.01 0.01
0 0.500226 0.502385 0.01 0.01
0 0.474845 0.513762 0.01 0.01
0 0.463491 0.527817 0.01 0.01
0 0.448129 0.529824 0.01 0.01
0 0.485532 0.518447 0.01 0.01
0 0.456144 0.525140 0.01 0.01
0 0.496887 0.529155 0.01 0.01
0 0.477517 0.538525 0.01 0.01
0 0.479521 0.531832 0.01 0.01
0 0.491543 0.541202 0.01 0.01
0 0.506906 0.542540 0.01 0.01
0 0.508909 0.565964 0.01 0.01
0 0.491543 0.556595 0.01 0.01
0 0.480189 0.561949 0.01 0.01
0 0.479521 0.551910 0.01 0.01
0 0.466830 0.545217 0.01 0.01
0 0.494215 0.516439 0.01 0.01
0 0.545645 0.541202 0.01 0.01
0 0.518260 0.563957 0.01 0.01
0 0.522268 0.569980 0.01 0.01
0 0.530283 0.564626 0.01 0.01
0 0.530283 0.557933 0.01 0.01
0 0.580377 0.535179 0.01 0.01
0 0.599746 0.532502 0.01 0.01
0 0.611769 0.523132 0.01 0.01
0 0.627131 0.517109 0.01 0.01
0 0.644497 0.507739 0.01 0.01
0 0.657187 0.498369 0.01 0.01
0 0.662531 0.505731 0.01 0.01
0 0.667874 0.504393 0.01 0.01
0 0.674553 0.497700 0.01 0.01
0 0.685240 0.496362 0.01 0.01
0 0.693255 0.490338 0.01 0.01
0 0.701938 0.491008 0.01 0.01
0 0.725315 0.470930 0.01 0.01
0 0.729990 0.473607 0.01 0.01
0 0.737338 0.480299 0.01 0.01
0 0.738005 0.488331 0.01 0.01
0 0.744017 0.486323 0.01 0.01
0 0.743349 0.500377 0.01 0.01
0 0.748692 0.497031 0.01 0.01
0 0.751364 0.506400 0.01 0.01
0 0.760715 0.510416 0.01 0.01
0 0.764054 0.519786 0.01 0.01
0 0.774073 0.525809 0.01 0.01
0 0.787431 0.515770 0.01 0.01
0 0.800122 0.517109 0.01 0.01
0 0.804797 0.505731 0.01 0.01
0 0.792775 0.527147 0.01 0.01
0 0.797450 0.533840 0.01 0.01
0 0.804129 0.524470 0.01 0.01
0 0.815484 0.525140 0.01 0.01
0 0.822163 0.529824 0.01 0.01
0 0.829510 0.533840 0.01 0.01
0 0.837525 0.531163 0.01 0.01
0 0.847544 0.537856 0.01 0.01
0 0.854223 0.546556 0.01 0.01
0 0.854891 0.553248 0.01 0.01
0 0.810809 0.536517 0.01 0.01
0 0.826839 0.543879 0.01 0.01
0 0.836190 0.556595 0.01 0.01
0 0.872257 0.564626 0.01 0.01
0 0.872925 0.545887 0.01 0.01
0 0.881608 0.551241 0.01 0.01
0 0.882276 0.568641 0.01 0.01
0 0.928362 0.567972 0.01 0.01
0 0.916340 0.581357 0.01 0.01
0 0.848212 0.573326 0.01 0.01
0 0.838193 0.577342 0.01 0.01
0 0.828175 0.565295 0.01 0.01
0 0.818824 0.547225 0.01 0.01
0 0.782088 0.537856 0.01 0.01
0 0.792775 0.540533 0.01 0.01
0 0.798786 0.550571 0.01 0.01
0 0.806133 0.549902 0.01 0.01
0 0.800790 0.577342 0.01 0.01
0 0.707281 0.476953 0.01 0.01
0 0.713292 0.477622 0.01 0.01
0 0.715296 0.486992 0.01 0.01
0 0.720640 0.493015 0.01 0.01
0 0.734666 0.503723 0.01 0.01
0 0.727319 0.499039 0.01 0.01
0 0.737338 0.511085 0.01 0.01
0 0.746020 0.520455 0.01 0.01
0 0.701270 0.503054 0.01 0.01
0 0.715296 0.509747 0.01 0.01
0 0.721975 0.518447 0.01 0.01
0 0.683236 0.509078 0.01 0.01
0 0.692587 0.512424 0.01 0.01
0 0.697930 0.519786 0.01 0.01
0 0.711957 0.539194 0.01 0.01
0 0.672549 0.514432 0.01 0.01
0 0.675221 0.524470 0.01 0.01
0 0.683236 0.533171 0.01 0.01
0 0.689915 0.544548 0.01 0.01
0 0.647836 0.519116 0.01 0.01
0 0.653848 0.527147 0.01 0.01
0 0.660527 0.531163 0.01 0.01
0 0.668542 0.541202 0.01 0.01
0 0.673217 0.546556 0.01 0.01
0 0.633142 0.522463 0.01 0.01
0 0.635146 0.527817 0.01 0.01
0 0.642493 0.531163 0.01 0.01
0 0.647836 0.535848 0.01 0.01
0 0.653848 0.541871 0.01 0.01
0 0.619116 0.529824 0.01 0.01
0 0.622456 0.534509 0.01 0.01
0 0.628467 0.541202 0.01 0.01
0 0.633810 0.552579 0.01 0.01
0 0.637818 0.557933 0.01 0.01
0 0.645833 0.565295 0.01 0.01
0 0.749360 0.531163 0.01 0.01
0 0.713292 0.547894 0.01 0.01
0 0.731326 0.547894 0.01 0.01
0 0.754703 0.539863 0.01 0.01
0 0.777413 0.551241 0.01 0.01
0 0.782756 0.555926 0.01 0.01
0 0.786096 0.563957 0.01 0.01
0 0.802794 0.566634 0.01 0.01
0 0.808805 0.579350 0.01 0.01
0 0.825503 0.582027 0.01 0.01
0 0.744017 0.551241 0.01 0.01
0 0.758711 0.556595 0.01 0.01
0 0.753368 0.562618 0.01 0.01
0 0.742013 0.561949 0.01 0.01
0 0.729990 0.562618 0.01 0.01
0 0.721975 0.562618 0.01 0.01
0 0.714628 0.565295 0.01 0.01
0 0.699266 0.568641 0.01 0.01
0 0.764722 0.573995 0.01 0.01
0 0.778081 0.576672 0.01 0.01
0 0.789435 0.582696 0.01 0.01
0 0.706613 0.576003 0.01 0.01
0 0.724647 0.578011 0.01 0.01
0 0.737338 0.583365 0.01 0.01
0 0.749360 0.598089 0.01 0.01
0 0.758043 0.607458 0.01 0.01
0 0.766058 0.604781 0.01 0.01
0 0.773405 0.611474 0.01 0.01
0 0.784760 0.601435 0.01 0.01
0 0.789435 0.609466 0.01 0.01
0 0.782756 0.631552 0.01 0.01
0 0.855559 0.600766 0.01 0.01
0 0.866246 0.594073 0.01 0.01
0 0.910996 0.558603 0.01 0.01
0 0.913668 0.565295 0.01 0.01
0 0.908325 0.594073 0.01 0.01
0 0.906989 0.608797 0.01 0.01
0 0.923019 0.616828 0.01 0.01
0 0.942389 0.618836 0.01 0.01
0 0.946396 0.602774 0.01 0.01
0 0.915004 0.627536 0.01 0.01
0 0.918344 0.636906 0.01 0.01
0 0.898974 0.634898 0.01 0.01
0 0.883612 0.632890 0.01 0.01
0 0.859567 0.634898 0.01 0.01
0 0.836190 0.612143 0.01 0.01
0 0.830846 0.613482 0.01 0.01
0 0.834186 0.629544 0.01 0.01
0 0.812144 0.605451 0.01 0.01
0 0.819492 0.617497 0.01 0.01
0 0.882276 0.653637 0.01 0.01
0 0.906989 0.665014 0.01 0.01
0 0.858231 0.663676 0.01 0.01
0 0.848880 0.668361 0.01 0.01
0 0.816152 0.660330 0.01 0.01
0 0.829510 0.671038 0.01 0.01
0 0.807469 0.663676 0.01 0.01
0 0.792107 0.653637 0.01 0.01
0 0.796782 0.669699 0.01 0.01
0 0.786764 0.675053 0.01 0.01
0 0.807469 0.693123 0.01 0.01
0 0.773405 0.685092 0.01 0.01
0 0.749360 0.640252 0.01 0.01
0 0.755371 0.659660 0.01 0.01
0 0.761383 0.628875 0.01 0.01
0 0.735334 0.608797 0.01 0.01
0 0.727319 0.602774 0.01 0.01
0 0.711957 0.586042 0.01 0.01
0 0.718636 0.592735 0.01 0.01
0 0.724647 0.651629 0.01 0.01
0 0.733998 0.660330 0.01 0.01
0 0.740677 0.693793 0.01 0.01
0 0.715296 0.697139 0.01 0.01
0 0.752700 0.707847 0.01 0.01
0 0.747356 0.713201 0.01 0.01
0 0.700602 0.664345 0.01 0.01
0 0.710621 0.664345 0.01 0.01
0 0.734666 0.626198 0.01 0.01
0 0.727987 0.631552 0.01 0.01
0 0.691919 0.573326 0.01 0.01
0 0.693923 0.580688 0.01 0.01
0 0.702606 0.593404 0.01 0.01
0 0.703942 0.602104 0.01 0.01
0 0.709953 0.611474 0.01 0.01
0 0.720640 0.615489 0.01 0.01
0 0.710621 0.621513 0.01 0.01
0 0.705277 0.636906 0.01 0.01
0 0.712625 0.641590 0.01 0.01
0 0.688579 0.664345 0.01 0.01
0 0.679229 0.662337 0.01 0.01
0 0.667206 0.654976 0.01 0.01
0 0.671881 0.677061 0.01 0.01
0 0.663199 0.675053 0.01 0.01
0 0.653180 0.656983 0.01 0.01
0 0.644497 0.654976 0.01 0.01
0 0.609097 0.535179 0.01 0.01
0 0.608429 0.546556 0.01 0.01
0 0.625795 0.557933 0.01 0.01
0 0.617780 0.561280 0.01 0.01
0 0.621788 0.567972 0.01 0.01
0 0.633810 0.565295 0.01 0.01
0 0.638486 0.575334 0.01 0.01
0 0.648504 0.576672 0.01 0.01
0 0.653848 0.569980 0.01 0.01
0 0.671214 0.572657 0.01 0.01
0 0.677225 0.576003 0.01 0.01
0 0.657187 0.586042 0.01 0.01
0 0.653180 0.592735 0.01 0.01
0 0.675221 0.591396 0.01 0.01
0 0.686576 0.598758 0.01 0.01
0 0.675221 0.606789 0.01 0.01
0 0.659191 0.598089 0.01 0.01
0 0.666538 0.616159 0.01 0.01
0 0.657855 0.612143 0.01 0.01
0 0.685908 0.615489 0.01 0.01
0 0.668542 0.633559 0.01 0.01
0 0.656519 0.626198 0.01 0.01
0 0.650508 0.624190 0.01 0.01
0 0.591063 0.551910 0.01 0.01
0 0.597075 0.556595 0.01 0.01
0 0.600414 0.563287 0.01 0.01
0 0.603754 0.567972 0.01 0.01
0 0.607761 0.575334 0.01 0.01
0 0.587056 0.544548 0.01 0.01
0 0.566350 0.542540 0.01 0.01
0 0.571026 0.549902 0.01 0.01
0 0.578373 0.558603 0.01 0.01
0 0.583716 0.569311 0.01 0.01
0 0.589727 0.572657 0.01 0.01
0 0.592399 0.582027 0.01 0.01
0 0.597075 0.587381 0.01 0.01
0 0.604422 0.590727 0.01 0.01
0 0.613105 0.593404 0.01 0.01
0 0.621120 0.593404 0.01 0.01
0 0.627799 0.590727 0.01 0.01
0 0.627799 0.601435 0.01 0.01
0 0.636482 0.602774 0.01 0.01
0 0.641157 0.610135 0.01 0.01
0 0.635146 0.623521 0.01 0.01
0 0.619116 0.612143 0.01 0.01
0 0.609097 0.604112 0.01 0.01
0 0.623791 0.628875 0.01 0.01
0 0.633810 0.634898 0.01 0.01
0 0.635814 0.644267 0.01 0.01
0 0.617112 0.640252 0.01 0.01
0 0.604422 0.634229 0.01 0.01
0 0.599078 0.605451 0.01 0.01
0 0.552992 0.551910 0.01 0.01
0 0.555664 0.557264 0.01 0.01
0 0.555664 0.564626 0.01 0.01
0 0.559671 0.569980 0.01 0.01
0 0.565682 0.576672 0.01 0.01
0 0.568354 0.583365 0.01 0.01
0 0.575033 0.577342 0.01 0.01
0 0.575033 0.590058 0.01 0.01
0 0.572362 0.596750 0.01 0.01
0 0.577705 0.601435 0.01 0.01
0 0.585720 0.591396 0.01 0.01
0 0.589727 0.596750 0.01 0.01
0 0.585720 0.608128 0.01 0.01
0 0.589727 0.614151 0.01 0.01
0 0.536294 0.568641 0.01 0.01
0 0.540969 0.574665 0.01 0.01
0 0.550320 0.580688 0.01 0.01
0 0.548317 0.573326 0.01 0.01
0 0.554328 0.593404 0.01 0.01
0 0.568354 0.604781 0.01 0.01
0 0.556332 0.604781 0.01 0.01
0 0.573030 0.610805 0.01 0.01
0 0.577705 0.613482 0.01 0.01
0 0.580377 0.621513 0.01 0.01
0 0.581712 0.628875 0.01 0.01
0 0.584384 0.638244 0.01 0.01
0 0.607093 0.659660 0.01 0.01
0 0.589060 0.648283 0.01 0.01
0 0.614440 0.678400 0.01 0.01
0 0.637150 0.680407 0.01 0.01
0 0.534290 0.591396 0.01 0.01
0 0.540969 0.600766 0.01 0.01
0 0.544977 0.608128 0.01 0.01
0 0.544309 0.620174 0.01 0.01
0 0.486868 0.569980 0.01 0.01
0 0.481525 0.577342 0.01 0.01
0 0.493547 0.580688 0.01 0.01
0 0.502230 0.584034 0.01 0.01
0 0.488204 0.589388 0.01 0.01
0 0.495551 0.593404 0.01 0.01
0 0.490875 0.602774 0.01 0.01
0 0.498891 0.607458 0.01 0.01
0 0.512917 0.586042 0.01 0.01
0 0.516256 0.595412 0.01 0.01
0 0.524939 0.596750 0.01 0.01
0 0.520932 0.601435 0.01 0.01
0 0.512917 0.605451 0.01 0.01
0 0.514253 0.614820 0.01 0.01
0 0.523604 0.609466 0.01 0.01
0 0.525607 0.614820 0.01 0.01
0 0.530951 0.620843 0.01 0.01
0 0.526943 0.630882 0.01 0.01
0 0.534958 0.652968 0.01 0.01
0 0.558335 0.653637 0.01 0.01
0 0.560339 0.639583 0.01 0.01
0 0.557667 0.628875 0.01 0.01
0 0.566350 0.623521 0.01 0.01
0 0.571026 0.633559 0.01 0.01
0 0.575033 0.684423 0.01 0.01
0 0.565014 0.673715 0.01 0.01
0 0.551656 0.685761 0.01 0.01
0 0.541637 0.679738 0.01 0.01
0 0.637150 0.702493 0.01 0.01
0 0.643829 0.708516 0.01 0.01
0 0.822163 0.680407 0.01 0.01
0 0.730658 0.728594 0.01 0.01
0 0.755371 0.726586 0.01 0.01
0 0.448797 0.553918 0.01 0.01
0 0.438110 0.541202 0.01 0.01
0 0.459483 0.557264 0.01 0.01
0 0.448797 0.567972 0.01 0.01
0 0.452804 0.578680 0.01 0.01
0 0.459483 0.584704 0.01 0.01
0 0.471506 0.588719 0.01 0.01
0 0.467498 0.602104 0.01 0.01
0 0.474845 0.607458 0.01 0.01
0 0.447461 0.586042 0.01 0.01
0 0.436106 0.589388 0.01 0.01
0 0.425419 0.590727 0.01 0.01
0 0.447461 0.606789 0.01 0.01
0 0.450132 0.600097 0.01 0.01
0 0.450800 0.620843 0.01 0.01
0 0.461487 0.631552 0.01 0.01
0 0.427423 0.611474 0.01 0.01
0 0.416737 0.602774 0.01 0.01
0 0.410057 0.596081 0.01 0.01
0 0.392691 0.613482 0.01 0.01
0 0.403378 0.616159 0.01 0.01
0 0.403378 0.631552 0.01 0.01
0 0.375993 0.638913 0.01 0.01
0 0.370650 0.600097 0.01 0.01
0 0.424084 0.630213 0.01 0.01
0 0.406718 0.650291 0.01 0.01
0 0.448797 0.633559 0.01 0.01
0 0.476849 0.640252 0.01 0.01
0 0.486200 0.635567 0.01 0.01
0 0.495551 0.634898 0.01 0.01
0 0.501562 0.648283 0.01 0.01
0 0.480857 0.651629 0.01 0.01
0 0.484196 0.663007 0.01 0.01
0 0.425419 0.649622 0.01 0.01
0 0.407386 0.673715 0.01 0.01
0 0.426087 0.670369 0.01 0.01
0 0.436774 0.665014 0.01 0.01
0 0.446125 0.654306 0.01 0.01
0 0.470838 0.674384 0.01 0.01
0 0.458147 0.695800 0.01 0.01
0 0.421412 0.706508 0.01 0.01
0 0.403378 0.705170 0.01 0.01
0 0.508241 0.675723 0.01 0.01
0 0.503566 0.680407 0.01 0.01
0 0.491543 0.685092 0.01 0.01
0 0.520932 0.699816 0.01 0.01
0 0.518928 0.679738 0.01 0.01
0 0.472174 0.711193 0.01 0.01
0 0.487536 0.723909 0.01 0.01
0 0.541637 0.712532 0.01 0.01
0 0.577705 0.716547 0.01 0.01
0 0.591063 0.718555 0.01 0.01
0 0.572362 0.723240 0.01 0.01
0 0.466604 0.733279 0.01 0.01
0 0.460593 0.743318 0.01 0.01
0 0.492653 0.758041 0.01 0.01
0 0.562785 0.745995 0.01 0.01
0 0.575475 0.754695 0.01 0.01
0 0.589501 0.753356 0.01 0.01
0 0.580150 0.739971 0.01 0.01
0 0.629576 0.762726 0.01 0.01
0 0.636256 0.756703 0.01 0.01
0 0.441891 0.756033 0.01 0.01
0 0.433208 0.757372 0.01 0.01
0 0.374431 0.731940 0.01 0.01
0 0.358401 0.654306 0.01 0.01
0 0.363745 0.639583 0.01 0.01
0 0.359069 0.608128 0.01 0.01
0 0.389126 0.758710 0.01 0.01
0 0.546087 0.698477 0.01 0.01
0 0.269841 0.509078 0.01 0.01
0 0.304573 0.502385 0.01 0.01
0 0.269841 0.545217 0.01 0.01
0 0.242457 0.564626 0.01 0.01
0 0.243792 0.580019 0.01 0.01
0 0.277856 0.582696 0.01 0.01
0 0.280528 0.572657 0.01 0.01
0 0.279860 0.615489 0.01 0.01
0 0.277856 0.620843 0.01 0.01
0 0.276520 0.627536 0.01 0.01
0 0.324611 0.619505 0.01 0.01
0 0.327282 0.609466 0.01 0.01
0 0.329954 0.655645 0.01 0.01
0 0.320603 0.656314 0.01 0.01
0 0.338637 0.671707 0.01 0.01
0 0.302569 0.674384 0.01 0.01
0 0.287207 0.714540 0.01 0.01
0 0.292550 0.729263 0.01 0.01
0 0.344648 0.694462 0.01 0.01
0 0.338637 0.764065 0.01 0.01
0 0.219747 0.766072 0.01 0.01
0 0.143605 0.752018 0.01 0.01
0 0.142269 0.763395 0.01 0.01
0 0.090171 0.769419 0.01 0.01
0 0.196370 0.658991 0.01 0.01
0 0.215740 0.639583 0.01 0.01
0 0.211732 0.627536 0.01 0.01
0 0.234442 0.638913 0.01 0.01
0 0.235777 0.646275 0.01 0.01
0 0.243124 0.625528 0.01 0.01
0 0.249136 0.611474 0.01 0.01
0 0.251139 0.602774 0.01 0.01
0 0.223087 0.624859 0.01 0.01
0 0.213736 0.696470 0.01 0.01
0 0.224423 0.695800 0.01 0.01
0 0.229766 0.687100 0.01 0.01
0 0.238449 0.679738 0.01 0.01
0 0.244460 0.671038 0.01 0.01
0 0.259155 0.661668 0.01 0.01
0 0.270509 0.644937 0.01 0.01
0 0.253143 0.723240 0.01 0.01
0 0.258487 0.727255 0.01 0.01
0 0.382052 0.652299 0.01 0.01
0 0.281864 0.604781 0.01 0.01
0 0.283868 0.596081 0.01 0.01
0 0.212400 0.559941 0.01 0.01
0 0.199710 0.565295 0.01 0.01
0 0.246464 0.596081 0.01 0.01
0 0.247800 0.589388 0.01 0.01
0 0.221083 0.663007 0.01 0.01
0 0.222419 0.654306 0.01 0.01
0 0.953802 0.493015 0.01 0.01
0 0.965825 0.452860 0.01 0.01
0 0.984526 0.446167 0.01 0.01
0 0.991206 0.436128 0.01 0.01
0 1.035956 0.426090 0.01 0.01
0 1.031949 0.415381 0.01 0.01
0 1.106088 0.415381 0.01 0.01
0 1.062673 0.483646 0.01 0.01
0 0.971836 0.473607 0.01 0.01
0 0.989870 0.472268 0.01 0.01
0 0.983191 0.458214 0.01 0.01
0 0.999221 0.473607 0.01 0.01
0 1.002560 0.491008 0.01 0.01
0 1.014583 0.489669 0.01 0.01
0 0.972504 0.510416 0.01 0.01
0 0.939108 0.517778 0.01 0.01
0 0.990538 0.507739 0.01 0.01
0 1.025269 0.510416 0.01 0.01
0 1.021930 0.535179 0.01 0.01
0 1.041300 0.524470 0.01 0.01
0 1.049315 0.527147 0.01 0.01
0 1.068016 0.527817 0.01 0.01
0 1.076031 0.515101 0.01 0.01
0 1.088054 0.495023 0.01 0.01
0 1.096069 0.499708 0.01 0.01
0 1.112767 0.495023 0.01 0.01
0 1.121450 0.497700 0.01 0.01
0 1.132136 0.503054 0.01 0.01
0 1.035956 0.547894 0.01 0.01
0 0.993877 0.553918 0.01 0.01
0 0.973840 0.549233 0.01 0.01
0 0.955806 0.587381 0.01 0.01
0 0.979183 0.568641 0.01 0.01
0 0.985194 0.601435 0.01 0.01
0 1.001892 0.578680 0.01 0.01
0 1.011911 0.578680 0.01 0.01
0 1.025937 0.570649 0.01 0.01
0 1.045307 0.562618 0.01 0.01
0 1.087386 0.560610 0.01 0.01
0 1.085382 0.551241 0.01 0.01
0 1.080707 0.644937 0.01 0.01
0 1.057997 0.634229 0.01 0.01
0 1.118110 0.606789 0.01 0.01
0 1.160189 0.646275 0.01 0.01
0 1.130801 0.696470 0.01 0.01
0 1.103416 0.726586 0.01 0.01
0 1.091393 0.747333 0.01 0.01
0 1.051986 0.438136 0.01 0.01
0 1.043971 0.427428 0.01 0.01
0 1.066013 0.440813 0.01 0.01
0 1.157103 0.397646 0.01 0.01
0 0.161904 0.763061 0.01 0.01
0 0.234039 0.741644 0.01 0.01
0 0.801770 0.194192 0.01 0.01
0 0.820472 0.207577 0.01 0.01
0 0.828487 0.215608 0.01 0.01
0 0.839174 0.218285 0.01 0.01
0 0.847189 0.233009 0.01 0.01
0 0.861883 0.254425 0.01 0.01
0 0.014962 0.187499 0.01 0.01
0 0.641470 0.163406 0.01 0.01
0 0.093776 0.403000 0.01 0.01
0 0.105799 0.401662 0.01 0.01
0 0.113814 0.431109 0.01 0.01
0 0.224688 0.348121 0.01 0.01
0 0.211330 0.356152 0.01 0.01
0 0.298159 0.324028 0.01 0.01
0 0.335563 0.463233 0.01 0.01
