0 0.042878 0.016837 0.01 0.01
0 0.233086 0.478355 0.01 0.01
0 0.159575 0.147126 0.01 0.01
0 1.045031 0.928862 0.01 0.01
0 1.117623 0.930697 0.01 0.01
0 1.145189 0.981161 0.01 0.01
0 1.150702 0.948130 0.01 0.01
0 1.136919 0.942625 0.01 0.01
0 1.133244 0.958223 0.01 0.01
0 1.173674 0.951800 0.01 0.01
0 1.181944 0.928862 0.01 0.01
0 1.202160 0.962811 0.01 0.01
0 1.215024 0.989419 0.01 0.01
0 1.225132 0.960058 0.01 0.01
0 1.235239 0.995842 0.01 0.01
0 1.245347 0.980244 0.01 0.01
0 1.263724 0.914181 0.01 0.01
0 1.278427 1.013275 0.01 0.01
0 1.239834 1.016945 0.01 0.01
0 1.247185 0.857295 0.01 0.01
0 1.286696 0.860047 0.01 0.01
0 0.041959 1.024285 0.01 0.01
0 0.012555 1.036213 0.01 0.01
0 0.024500 1.005934 0.01 0.01
0 0.058499 0.995842 0.01 0.01
0 0.092497 0.991254 0.01 0.01
0 0.030013 0.934367 0.01 0.01
0 0.041040 0.940790 0.01 0.01
0 0.016230 0.960058 0.01 0.01
0 0.012555 0.975656 0.01 0.01
0 0.055742 0.954553 0.01 0.01
0 0.074120 0.937120 0.01 0.01
0 0.131090 0.978409 0.01 0.01
0 0.166008 1.031625 0.01 0.01
0 0.179791 1.029790 0.01 0.01
0 0.012555 0.888491 0.01 0.01
0 0.060336 0.882985 0.01 0.01
0 0.026338 0.880233 0.01 0.01
0 0.041959 0.888491 0.01 0.01
0 0.080552 0.869222 0.01 0.01
0 0.007041 0.836191 0.01 0.01
0 0.021743 0.819676 0.01 0.01
0 0.025419 0.837109 0.01 0.01
0 0.039202 0.827016 0.01 0.01
0 0.106280 0.922439 0.01 0.01
0 0.721011 0.980244 0.01 0.01
0 0.561126 1.011440 0.01 0.01
0 0.481183 1.024285 0.01 0.01
0 0.498642 1.018780 0.01 0.01
0 0.519776 1.016945 0.01 0.01
0 0.532640 1.008687 0.01 0.01
0 0.544586 1.007770 0.01 0.01
0 0.562963 1.001347 0.01 0.01
0 0.579503 0.990336 0.01 0.01
0 0.593287 0.983914 0.01 0.01
0 0.607989 0.978409 0.01 0.01
0 0.635555 0.966481 0.01 0.01
0 0.446266 1.045388 0.01 0.01
0 0.279030 1.040801 0.01 0.01
0 0.209195 1.012357 0.01 0.01
0 0.137522 0.967398 0.01 0.01
0 0.162332 0.965563 0.01 0.01
0 0.190817 0.951800 0.01 0.01
0 0.188061 0.936202 0.01 0.01
0 0.216546 0.948130 0.01 0.01
0 0.231248 0.941707 0.01 0.01
0 0.238599 1.007770 0.01 0.01
0 0.264328 0.990336 0.01 0.01
0 0.275354 0.983914 0.01 0.01
0 0.288219 0.985749 0.01 0.01
0 0.301083 0.973821 0.01 0.01
0 0.316704 0.970151 0.01 0.01
0 0.326811 0.968316 0.01 0.01
0 0.343351 0.945377 0.01 0.01
0 0.323136 0.914181 0.01 0.01
0 0.293732 0.922439 0.01 0.01
0 0.242275 0.931615 0.01 0.01
0 0.260652 0.928862 0.01 0.01
0 0.325893 1.032543 0.01 0.01
0 0.340595 1.027038 0.01 0.01
0 0.369080 1.015110 0.01 0.01
0 0.403078 0.991254 0.01 0.01
0 0.432483 1.004099 0.01 0.01
0 0.448104 0.985749 0.01 0.01
0 0.456373 1.031625 0.01 0.01
0 0.481183 0.975656 0.01 0.01
0 0.497723 0.957305 0.01 0.01
0 0.516101 0.960058 0.01 0.01
0 0.530803 0.953635 0.01 0.01
0 0.551018 0.954553 0.01 0.01
0 0.561126 0.952718 0.01 0.01
0 0.574909 0.938955 0.01 0.01
0 0.583179 0.929779 0.01 0.01
0 0.590530 0.935285 0.01 0.01
0 0.612583 0.925192 0.01 0.01
0 0.622691 0.921522 0.01 0.01
0 0.649338 0.950883 0.01 0.01
0 0.689769 0.952718 0.01 0.01
0 0.675986 0.948130 0.01 0.01
0 0.647500 0.911429 0.01 0.01
0 0.666797 0.905006 0.01 0.01
0 0.673229 0.902254 0.01 0.01
0 0.693444 0.904089 0.01 0.01
0 0.701714 0.900418 0.01 0.01
0 0.721011 0.900418 0.01 0.01
0 0.709065 0.956388 0.01 0.01
0 0.734794 0.935285 0.01 0.01
0 0.766036 0.935285 0.01 0.01
0 0.761441 1.016027 0.01 0.01
0 0.786251 0.933450 0.01 0.01
0 0.766036 0.987584 0.01 0.01
0 0.776144 0.998594 0.01 0.01
0 0.796359 0.985749 0.01 0.01
0 0.664959 1.042636 0.01 0.01
0 0.688850 1.052729 0.01 0.01
0 0.700795 1.029790 0.01 0.01
0 0.337838 0.906841 0.01 0.01
0 0.346108 0.900418 0.01 0.01
0 0.357134 0.899501 0.01 0.01
0 0.392052 0.887573 0.01 0.01
0 0.397565 0.901336 0.01 0.01
0 0.413186 0.886656 0.01 0.01
0 0.434320 0.885738 0.01 0.01
0 0.436158 0.871975 0.01 0.01
0 0.461887 0.875645 0.01 0.01
0 0.485778 0.863717 0.01 0.01
0 0.374593 0.948130 0.01 0.01
0 0.390214 0.951800 0.01 0.01
0 0.394809 0.937120 0.01 0.01
0 0.409511 0.939872 0.01 0.01
0 0.420537 0.927944 0.01 0.01
0 0.437996 0.939872 0.01 0.01
0 0.453617 0.926109 0.01 0.01
0 0.466481 0.921522 0.01 0.01
0 0.481183 0.919687 0.01 0.01
0 0.499561 0.904089 0.01 0.01
0 0.513344 0.877480 0.01 0.01
0 0.541829 0.901336 0.01 0.01
0 0.561126 0.893078 0.01 0.01
0 0.576747 0.891243 0.01 0.01
0 0.615340 0.884820 0.01 0.01
0 0.623610 0.883903 0.01 0.01
0 0.654851 0.891243 0.01 0.01
0 0.661284 0.872893 0.01 0.01
0 0.679661 0.868305 0.01 0.01
0 0.683337 0.828851 0.01 0.01
0 0.718254 0.804995 0.01 0.01
0 0.743064 0.800408 0.01 0.01
0 0.758685 0.814171 0.01 0.01
0 0.709065 0.857295 0.01 0.01
0 0.733875 0.840779 0.01 0.01
0 0.743064 0.849954 0.01 0.01
0 0.746739 0.902254 0.01 0.01
0 0.778900 0.880233 0.01 0.01
0 0.763279 0.892161 0.01 0.01
0 0.756847 0.845367 0.01 0.01
0 0.769711 0.852707 0.01 0.01
0 0.013474 0.738933 0.01 0.01
0 0.028176 0.726088 0.01 0.01
0 0.033689 0.783892 0.01 0.01
0 0.051148 0.771047 0.01 0.01
0 0.063093 0.769212 0.01 0.01
0 0.084227 0.760954 0.01 0.01
0 0.058499 0.715995 0.01 0.01
0 0.082389 0.721500 0.01 0.01
0 0.100767 0.760954 0.01 0.01
0 0.112713 0.764624 0.01 0.01
0 0.131090 0.754531 0.01 0.01
0 0.117307 0.812336 0.01 0.01
0 0.085146 0.812336 0.01 0.01
0 0.069525 0.819676 0.01 0.01
0 0.095254 0.805913 0.01 0.01
0 0.111794 0.831604 0.01 0.01
0 0.109037 0.852707 0.01 0.01
0 0.153143 0.850872 0.01 0.01
0 0.140279 0.911429 0.01 0.01
0 0.164170 0.907759 0.01 0.01
0 0.186223 0.905924 0.01 0.01
0 0.196331 0.882985 0.01 0.01
0 0.190817 0.838026 0.01 0.01
0 0.211952 0.891243 0.01 0.01
0 0.235842 0.882068 0.01 0.01
0 0.006122 0.679294 0.01 0.01
0 0.030932 0.696727 0.01 0.01
0 0.041959 0.692139 0.01 0.01
0 0.068606 0.681129 0.01 0.01
0 0.095254 0.685716 0.01 0.01
0 0.082389 0.645345 0.01 0.01
0 0.124658 0.636170 0.01 0.01
0 0.113631 0.667366 0.01 0.01
0 0.125577 0.680211 0.01 0.01
0 0.147630 0.674706 0.01 0.01
0 0.175196 0.672871 0.01 0.01
0 0.157738 0.642592 0.01 0.01
0 0.034608 0.604974 0.01 0.01
0 0.100767 0.609561 0.01 0.01
0 0.147630 0.597634 0.01 0.01
0 0.170602 0.588458 0.01 0.01
0 0.095254 0.564602 0.01 0.01
0 0.067687 0.567355 0.01 0.01
0 0.051148 0.570108 0.01 0.01
0 0.018987 0.577448 0.01 0.01
0 0.007960 0.580200 0.01 0.01
0 0.013474 0.607726 0.01 0.01
0 0.023581 0.599469 0.01 0.01
0 0.216546 0.647180 0.01 0.01
0 0.187142 0.592128 0.01 0.01
0 0.200006 0.588458 0.01 0.01
0 0.228491 0.585706 0.01 0.01
0 0.219303 0.584788 0.01 0.01
0 0.180710 0.560932 0.01 0.01
0 0.126496 0.558180 0.01 0.01
0 0.109037 0.559097 0.01 0.01
0 0.179791 0.549004 0.01 0.01
0 0.207357 0.550839 0.01 0.01
0 0.225735 0.550839 0.01 0.01
0 0.244112 0.574695 0.01 0.01
0 0.254220 0.580200 0.01 0.01
0 0.280867 0.588458 0.01 0.01
0 0.283624 0.573778 0.01 0.01
0 0.300164 0.574695 0.01 0.01
0 0.297407 0.616902 0.01 0.01
0 0.272598 0.660026 0.01 0.01
0 0.238599 0.658191 0.01 0.01
0 0.309353 0.645345 0.01 0.01
0 0.272598 0.627912 0.01 0.01
0 0.156819 0.706820 0.01 0.01
0 0.170602 0.715995 0.01 0.01
0 0.165089 0.694892 0.01 0.01
0 0.194493 0.708655 0.01 0.01
0 0.229410 0.693057 0.01 0.01
0 0.218384 0.694892 0.01 0.01
0 0.246869 0.701314 0.01 0.01
0 0.276273 0.692139 0.01 0.01
0 0.294651 0.693057 0.01 0.01
0 0.330487 0.689387 0.01 0.01
0 0.335081 0.598551 0.01 0.01
0 0.351621 0.613232 0.01 0.01
0 0.347946 0.576530 0.01 0.01
0 0.330487 0.571025 0.01 0.01
0 0.239518 0.539829 0.01 0.01
0 0.371837 0.568273 0.01 0.01
0 0.374593 0.599469 0.01 0.01
0 0.391133 0.593963 0.01 0.01
0 0.407673 0.593963 0.01 0.01
0 0.336919 0.637087 0.01 0.01
0 0.237680 0.737098 0.01 0.01
0 0.220221 0.738016 0.01 0.01
0 0.195412 0.748108 0.01 0.01
0 0.181628 0.736181 0.01 0.01
0 0.158656 0.749944 0.01 0.01
0 0.221140 0.787562 0.01 0.01
0 0.201844 0.797655 0.01 0.01
0 0.174277 0.789397 0.01 0.01
0 0.180710 0.810501 0.01 0.01
0 0.230329 0.829769 0.01 0.01
0 0.242275 0.831604 0.01 0.01
0 0.238599 0.798573 0.01 0.01
0 0.264328 0.773799 0.01 0.01
0 0.247788 0.770129 0.01 0.01
0 0.271679 0.738016 0.01 0.01
0 0.305677 0.724253 0.01 0.01
0 0.324055 0.724253 0.01 0.01
0 0.314866 0.770129 0.01 0.01
0 0.291894 0.769212 0.01 0.01
0 0.275354 0.825181 0.01 0.01
0 0.318542 0.804995 0.01 0.01
0 0.309353 0.832521 0.01 0.01
0 0.335081 0.805913 0.01 0.01
0 0.343351 0.771047 0.01 0.01
0 0.358053 0.809583 0.01 0.01
0 0.364486 0.792150 0.01 0.01
0 0.278111 0.870140 0.01 0.01
0 0.300164 0.867387 0.01 0.01
0 0.316704 0.869222 0.01 0.01
0 0.340595 0.858212 0.01 0.01
0 0.357134 0.845367 0.01 0.01
0 0.403997 0.827934 0.01 0.01
0 0.408592 0.803160 0.01 0.01
0 0.398484 0.762789 0.01 0.01
0 0.424213 0.790315 0.01 0.01
0 0.434320 0.836191 0.01 0.01
0 0.426050 0.838944 0.01 0.01
0 0.437077 0.783892 0.01 0.01
0 0.453617 0.787562 0.01 0.01
0 0.343351 0.685716 0.01 0.01
0 0.362648 0.693057 0.01 0.01
0 0.377350 0.724253 0.01 0.01
0 0.358972 0.733428 0.01 0.01
0 0.391133 0.712325 0.01 0.01
0 0.408592 0.719665 0.01 0.01
0 0.394809 0.664613 0.01 0.01
0 0.373674 0.641675 0.01 0.01
0 0.426050 0.673789 0.01 0.01
0 0.403997 0.640757 0.01 0.01
0 0.398484 0.627912 0.01 0.01
0 0.435239 0.659108 0.01 0.01
0 0.448104 0.698562 0.01 0.01
0 0.437077 0.705902 0.01 0.01
0 0.491291 0.784810 0.01 0.01
0 0.466481 0.774717 0.01 0.01
0 0.578584 0.778387 0.01 0.01
0 0.749496 1.049058 0.01 0.01
0 0.013474 0.514138 0.01 0.01
0 0.034608 0.530654 0.01 0.01
0 0.047472 0.528819 0.01 0.01
0 0.085146 0.526984 0.01 0.01
0 0.152224 0.517808 0.01 0.01
0 0.136603 0.529736 0.01 0.01
0 0.116388 0.516891 0.01 0.01
0 0.033689 0.456334 0.01 0.01
0 0.062174 0.463674 0.01 0.01
0 0.064931 0.436148 0.01 0.01
0 0.020825 0.497623 0.01 0.01
0 0.078714 0.441653 0.01 0.01
0 0.096173 0.496705 0.01 0.01
0 0.115469 0.485695 0.01 0.01
0 0.127415 0.482942 0.01 0.01
0 0.177034 0.515056 0.01 0.01
0 0.163251 0.517808 0.01 0.01
0 0.204600 0.515056 0.01 0.01
0 0.242275 0.514138 0.01 0.01
0 0.256058 0.509551 0.01 0.01
0 0.271679 0.508633 0.01 0.01
0 0.245031 0.474684 0.01 0.01
0 0.207357 0.478355 0.01 0.01
0 0.184385 0.478355 0.01 0.01
0 0.052066 0.420550 0.01 0.01
0 0.019906 0.426055 0.01 0.01
0 0.027257 0.366416 0.01 0.01
0 0.025419 0.334302 0.01 0.01
0 0.034608 0.354488 0.01 0.01
0 0.052985 0.364581 0.01 0.01
0 0.057580 0.379261 0.01 0.01
0 0.081471 0.370086 0.01 0.01
0 0.088822 0.396694 0.01 0.01
0 0.098929 0.394859 0.01 0.01
0 0.116388 0.397612 0.01 0.01
0 0.118226 0.417798 0.01 0.01
0 0.142117 0.426973 0.01 0.01
0 0.158656 0.448994 0.01 0.01
0 0.129252 0.460004 0.01 0.01
0 0.177034 0.466427 0.01 0.01
0 0.186223 0.450829 0.01 0.01
0 0.193574 0.447159 0.01 0.01
0 0.214708 0.453581 0.01 0.01
0 0.224816 0.447159 0.01 0.01
0 0.221140 0.481107 0.01 0.01
0 0.261571 0.479272 0.01 0.01
0 0.256977 0.462757 0.01 0.01
0 0.292813 0.481107 0.01 0.01
0 0.282705 0.473767 0.01 0.01
0 0.007960 0.276498 0.01 0.01
0 0.010717 0.259982 0.01 0.01
0 0.007041 0.180157 0.01 0.01
0 0.022662 0.173735 0.01 0.01
0 0.022662 0.159972 0.01 0.01
0 0.041040 0.161807 0.01 0.01
0 0.036446 0.173735 0.01 0.01
0 0.041959 0.189333 0.01 0.01
0 0.055742 0.192085 0.01 0.01
0 0.048391 0.213188 0.01 0.01
0 0.052066 0.231539 0.01 0.01
0 0.070444 0.252642 0.01 0.01
0 0.055742 0.250807 0.01 0.01
0 0.041040 0.249890 0.01 0.01
0 0.072282 0.303106 0.01 0.01
0 0.058499 0.275580 0.01 0.01
0 0.029094 0.281086 0.01 0.01
0 0.103524 0.270993 0.01 0.01
0 0.070444 0.268240 0.01 0.01
0 0.082389 0.304024 0.01 0.01
0 0.091578 0.320539 0.01 0.01
0 0.105361 0.330632 0.01 0.01
0 0.110875 0.301271 0.01 0.01
0 0.120982 0.333385 0.01 0.01
0 0.133847 0.302189 0.01 0.01
0 0.128333 0.339808 0.01 0.01
0 0.150387 0.335220 0.01 0.01
0 0.167845 0.363663 0.01 0.01
0 0.185304 0.359993 0.01 0.01
0 0.205519 0.359076 0.01 0.01
0 0.227572 0.359993 0.01 0.01
0 0.080552 0.193920 0.01 0.01
0 0.091578 0.170064 0.01 0.01
0 0.052066 0.166394 0.01 0.01
0 0.169683 0.327880 0.01 0.01
0 0.176115 0.274663 0.01 0.01
0 0.163251 0.243467 0.01 0.01
0 0.175196 0.250807 0.01 0.01
0 0.189898 0.253560 0.01 0.01
0 0.145792 0.268240 0.01 0.01
0 0.122820 0.225116 0.01 0.01
0 0.089741 0.226034 0.01 0.01
0 0.075038 0.218694 0.01 0.01
0 0.098010 0.216858 0.01 0.01
0 0.109037 0.252642 0.01 0.01
0 0.180710 0.304941 0.01 0.01
0 0.192655 0.300354 0.01 0.01
0 0.204600 0.250807 0.01 0.01
0 0.229410 0.228786 0.01 0.01
0 0.186223 0.171899 0.01 0.01
0 0.164170 0.174652 0.01 0.01
0 0.137522 0.161807 0.01 0.01
0 0.192655 0.163642 0.01 0.01
0 0.216546 0.170982 0.01 0.01
0 0.193574 0.202178 0.01 0.01
0 0.172440 0.203096 0.01 0.01
0 0.218384 0.196673 0.01 0.01
0 0.253301 0.248972 0.01 0.01
0 0.213789 0.270075 0.01 0.01
0 0.196331 0.282003 0.01 0.01
0 0.224816 0.303106 0.01 0.01
0 0.249626 0.315034 0.01 0.01
0 0.247788 0.289343 0.01 0.01
0 0.255139 0.270993 0.01 0.01
0 0.242275 0.267323 0.01 0.01
0 0.242275 0.389354 0.01 0.01
0 0.038283 0.117765 0.01 0.01
0 0.028176 0.117765 0.01 0.01
0 0.018068 0.121435 0.01 0.01
0 0.059418 0.121435 0.01 0.01
0 0.068606 0.115013 0.01 0.01
0 0.011636 0.095744 0.01 0.01
0 0.028176 0.097580 0.01 0.01
0 0.039202 0.070054 0.01 0.01
0 0.019906 0.070054 0.01 0.01
0 0.020825 0.019589 0.01 0.01
0 0.029094 0.013167 0.01 0.01
0 0.086065 0.069136 0.01 0.01
0 0.074120 0.103085 0.01 0.01
0 0.056661 0.092074 0.01 0.01
0 0.047472 0.092992 0.01 0.01
0 0.057580 0.144374 0.01 0.01
0 0.014392 0.140703 0.01 0.01
0 0.108118 0.147126 0.01 0.01
0 0.096173 0.144374 0.01 0.01
0 0.115469 0.119600 0.01 0.01
0 0.100767 0.118683 0.01 0.01
0 0.120982 0.107672 0.01 0.01
0 0.120982 0.077394 0.01 0.01
0 0.089741 0.008579 0.01 0.01
0 0.143954 0.051703 0.01 0.01
0 0.120064 0.048033 0.01 0.01
0 0.194493 0.072806 0.01 0.01
0 0.166008 0.067301 0.01 0.01
0 0.142117 0.083817 0.01 0.01
0 0.162332 0.084734 0.01 0.01
0 0.138441 0.125105 0.01 0.01
0 0.141198 0.115930 0.01 0.01
0 0.207357 0.104920 0.01 0.01
0 0.211033 0.129693 0.01 0.01
0 0.190817 0.123270 0.01 0.01
0 0.172440 0.123270 0.01 0.01
0 0.181628 0.100332 0.01 0.01
0 0.214708 0.057208 0.01 0.01
0 0.200925 0.030600 0.01 0.01
0 0.192655 0.031517 0.01 0.01
0 0.161413 0.032435 0.01 0.01
0 0.142117 0.017754 0.01 0.01
0 0.125577 0.031517 0.01 0.01
0 0.078714 0.026012 0.01 0.01
0 0.067687 0.024177 0.01 0.01
0 0.110875 0.012249 0.01 0.01
0 0.238599 0.147126 0.01 0.01
0 0.257895 0.153549 0.01 0.01
0 0.271679 0.181075 0.01 0.01
0 0.266165 0.170064 0.01 0.01
0 0.211952 0.076476 0.01 0.01
0 0.288219 0.081064 0.01 0.01
0 0.278111 0.076476 0.01 0.01
0 0.249626 0.075559 0.01 0.01
0 0.247788 0.124188 0.01 0.01
0 0.266165 0.126023 0.01 0.01
0 0.245031 0.097580 0.01 0.01
0 0.262490 0.106755 0.01 0.01
0 0.297407 0.104920 0.01 0.01
0 0.306596 0.174652 0.01 0.01
0 0.313947 0.154466 0.01 0.01
0 0.289137 0.140703 0.01 0.01
0 0.268922 0.142539 0.01 0.01
0 0.322217 0.135198 0.01 0.01
0 0.321298 0.109507 0.01 0.01
0 0.309353 0.095744 0.01 0.01
0 0.245950 0.037940 0.01 0.01
0 0.261571 0.054456 0.01 0.01
0 0.253301 0.054456 0.01 0.01
0 0.272598 0.031517 0.01 0.01
0 0.260652 0.021425 0.01 0.01
0 0.240437 0.016837 0.01 0.01
0 0.284543 0.224199 0.01 0.01
0 0.266165 0.193920 0.01 0.01
0 0.288219 0.201260 0.01 0.01
0 0.289137 0.170982 0.01 0.01
0 0.347946 0.121435 0.01 0.01
0 0.335081 0.126941 0.01 0.01
0 0.328649 0.096662 0.01 0.01
0 0.345189 0.103085 0.01 0.01
0 0.358972 0.097580 0.01 0.01
0 0.369999 0.088404 0.01 0.01
0 0.331406 0.078311 0.01 0.01
0 0.352540 0.083817 0.01 0.01
0 0.366323 0.076476 0.01 0.01
0 0.358972 0.069136 0.01 0.01
0 0.318542 0.059043 0.01 0.01
0 0.287300 0.059043 0.01 0.01
0 0.276273 0.058126 0.01 0.01
0 0.298326 0.073724 0.01 0.01
0 0.338757 0.196673 0.01 0.01
0 0.325893 0.204013 0.01 0.01
0 0.351621 0.157219 0.01 0.01
0 0.338757 0.149879 0.01 0.01
0 0.373674 0.126023 0.01 0.01
0 0.391133 0.128776 0.01 0.01
0 0.386539 0.139786 0.01 0.01
0 0.293732 0.252642 0.01 0.01
0 0.303839 0.256312 0.01 0.01
0 0.305677 0.228786 0.01 0.01
0 0.322217 0.217776 0.01 0.01
0 0.288219 0.281086 0.01 0.01
0 0.304758 0.273745 0.01 0.01
0 0.313028 0.280168 0.01 0.01
0 0.322217 0.267323 0.01 0.01
0 0.344270 0.269158 0.01 0.01
0 0.350702 0.279251 0.01 0.01
0 0.360810 0.292096 0.01 0.01
0 0.354378 0.255395 0.01 0.01
0 0.382863 0.268240 0.01 0.01
0 0.365404 0.275580 0.01 0.01
0 0.389295 0.298519 0.01 0.01
0 0.391133 0.268240 0.01 0.01
0 0.405835 0.289343 0.01 0.01
0 0.418699 0.284756 0.01 0.01
0 0.274435 0.329715 0.01 0.01
0 0.294651 0.300354 0.01 0.01
0 0.297407 0.332467 0.01 0.01
0 0.311190 0.330632 0.01 0.01
0 0.323136 0.334302 0.01 0.01
0 0.308434 0.360911 0.01 0.01
0 0.216546 0.389354 0.01 0.01
0 0.198168 0.384767 0.01 0.01
0 0.234005 0.408622 0.01 0.01
0 0.156819 0.420550 0.01 0.01
0 0.175196 0.416880 0.01 0.01
0 0.259733 0.390272 0.01 0.01
0 0.274435 0.387519 0.01 0.01
0 0.257895 0.413210 0.01 0.01
0 0.268922 0.421468 0.01 0.01
0 0.272598 0.409540 0.01 0.01
0 0.294651 0.415045 0.01 0.01
0 0.290056 0.462757 0.01 0.01
0 0.280867 0.446241 0.01 0.01
0 0.313947 0.409540 0.01 0.01
0 0.316704 0.435231 0.01 0.01
0 0.330487 0.443488 0.01 0.01
0 0.303839 0.442571 0.01 0.01
0 0.331406 0.471932 0.01 0.01
0 0.322217 0.462757 0.01 0.01
0 0.190817 0.509551 0.01 0.01
0 0.320379 0.510468 0.01 0.01
0 0.307515 0.507716 0.01 0.01
0 0.344270 0.470097 0.01 0.01
0 0.345189 0.438901 0.01 0.01
0 0.364486 0.443488 0.01 0.01
0 0.361729 0.471932 0.01 0.01
0 0.340595 0.498540 0.01 0.01
0 0.354378 0.509551 0.01 0.01
0 0.384701 0.504963 0.01 0.01
0 0.396646 0.474684 0.01 0.01
0 0.405835 0.498540 0.01 0.01
0 0.393890 0.502210 0.01 0.01
0 0.429726 0.502210 0.01 0.01
0 0.436158 0.489365 0.01 0.01
0 0.447185 0.506798 0.01 0.01
0 0.451779 0.468262 0.01 0.01
0 0.470157 0.528819 0.01 0.01
0 0.437077 0.528819 0.01 0.01
0 0.486696 0.510468 0.01 0.01
0 0.394809 0.412292 0.01 0.01
0 0.350702 0.382014 0.01 0.01
0 0.331406 0.373756 0.01 0.01
0 0.379188 0.383849 0.01 0.01
0 0.392971 0.375591 0.01 0.01
0 0.403997 0.389354 0.01 0.01
0 0.359891 0.322374 0.01 0.01
0 0.336919 0.322374 0.01 0.01
0 0.382863 0.325127 0.01 0.01
0 0.341514 0.298519 0.01 0.01
0 0.407673 0.319622 0.01 0.01
0 0.437077 0.336137 0.01 0.01
0 0.415943 0.333385 0.01 0.01
0 0.445347 0.354488 0.01 0.01
0 0.447185 0.345313 0.01 0.01
0 0.460049 0.348983 0.01 0.01
0 0.477508 0.371921 0.01 0.01
0 0.460049 0.399447 0.01 0.01
0 0.440753 0.402200 0.01 0.01
0 0.418699 0.386602 0.01 0.01
0 0.421456 0.406787 0.01 0.01
0 0.429726 0.414127 0.01 0.01
0 0.439834 0.442571 0.01 0.01
0 0.424213 0.441653 0.01 0.01
0 0.501399 0.453581 0.01 0.01
0 0.486696 0.472849 0.01 0.01
0 0.470157 0.487530 0.01 0.01
0 0.462806 0.501293 0.01 0.01
0 0.527127 0.493953 0.01 0.01
0 0.504155 0.483860 0.01 0.01
0 0.547343 0.484777 0.01 0.01
0 0.543667 0.458169 0.01 0.01
0 0.558369 0.459086 0.01 0.01
0 0.562963 0.480190 0.01 0.01
0 0.582260 0.478355 0.01 0.01
0 0.569396 0.521479 0.01 0.01
0 0.537235 0.516891 0.01 0.01
0 0.578584 0.510468 0.01 0.01
0 0.596962 0.504963 0.01 0.01
0 0.594205 0.485695 0.01 0.01
0 0.613502 0.487530 0.01 0.01
0 0.621772 0.515973 0.01 0.01
0 0.607989 0.504963 0.01 0.01
0 0.476589 0.441653 0.01 0.01
0 0.483021 0.432478 0.01 0.01
0 0.362648 0.348983 0.01 0.01
0 0.350702 0.349900 0.01 0.01
0 0.375512 0.351735 0.01 0.01
0 0.336000 0.352653 0.01 0.01
0 0.324055 0.351735 0.01 0.01
0 0.602475 0.440736 0.01 0.01
0 0.572152 0.433396 0.01 0.01
0 0.629123 0.455416 0.01 0.01
0 0.616259 0.455416 0.01 0.01
0 0.633717 0.424220 0.01 0.01
0 0.653933 0.454499 0.01 0.01
0 0.641068 0.453581 0.01 0.01
0 0.667716 0.486612 0.01 0.01
0 0.641068 0.482942 0.01 0.01
0 0.633717 0.474684 0.01 0.01
0 0.647500 0.512303 0.01 0.01
0 0.655770 0.509551 0.01 0.01
0 0.337838 0.175570 0.01 0.01
0 0.355297 0.173735 0.01 0.01
0 0.358972 0.222364 0.01 0.01
0 0.382863 0.215941 0.01 0.01
0 0.398484 0.229704 0.01 0.01
0 0.377350 0.248054 0.01 0.01
0 0.401241 0.244384 0.01 0.01
0 0.432483 0.227869 0.01 0.01
0 0.421456 0.264570 0.01 0.01
0 0.445347 0.276498 0.01 0.01
0 0.456373 0.250807 0.01 0.01
0 0.496804 0.292096 0.01 0.01
0 0.493129 0.270993 0.01 0.01
0 0.481183 0.270075 0.01 0.01
0 0.477508 0.251725 0.01 0.01
0 0.489453 0.249890 0.01 0.01
0 0.486696 0.219611 0.01 0.01
0 0.464643 0.226951 0.01 0.01
0 0.505993 0.202178 0.01 0.01
0 0.515182 0.181075 0.01 0.01
0 0.503236 0.173735 0.01 0.01
0 0.429726 0.151714 0.01 0.01
0 0.405835 0.170064 0.01 0.01
0 0.377350 0.174652 0.01 0.01
0 0.405835 0.127858 0.01 0.01
0 0.425132 0.127858 0.01 0.01
0 0.426969 0.111342 0.01 0.01
0 0.443509 0.125105 0.01 0.01
0 0.452698 0.131528 0.01 0.01
0 0.438915 0.172817 0.01 0.01
0 0.436158 0.198508 0.01 0.01
0 0.454536 0.195755 0.01 0.01
0 0.467400 0.178322 0.01 0.01
0 0.533559 0.293013 0.01 0.01
0 0.545505 0.293931 0.01 0.01
0 0.562963 0.246219 0.01 0.01
0 0.529884 0.248972 0.01 0.01
0 0.538154 0.222364 0.01 0.01
0 0.528046 0.198508 0.01 0.01
0 0.557450 0.194838 0.01 0.01
0 0.449022 0.326962 0.01 0.01
0 0.437077 0.325127 0.01 0.01
0 0.424213 0.322374 0.01 0.01
0 0.438915 0.304024 0.01 0.01
0 0.422375 0.297601 0.01 0.01
0 0.473832 0.360911 0.01 0.01
0 0.486696 0.350818 0.01 0.01
0 0.498642 0.379261 0.01 0.01
0 0.503236 0.371004 0.01 0.01
0 0.517020 0.371004 0.01 0.01
0 0.528046 0.373756 0.01 0.01
0 0.546424 0.376509 0.01 0.01
0 0.551937 0.406787 0.01 0.01
0 0.562963 0.402200 0.01 0.01
0 0.574909 0.397612 0.01 0.01
0 0.561126 0.371921 0.01 0.01
0 0.572152 0.376509 0.01 0.01
0 0.615340 0.401282 0.01 0.01
0 0.599719 0.399447 0.01 0.01
0 0.607070 0.423303 0.01 0.01
0 0.678742 0.480190 0.01 0.01
0 0.669554 0.460004 0.01 0.01
0 0.708146 0.429725 0.01 0.01
0 0.702633 0.474684 0.01 0.01
0 0.712741 0.471932 0.01 0.01
0 0.693444 0.504963 0.01 0.01
0 0.733875 0.499458 0.01 0.01
0 0.735713 0.479272 0.01 0.01
0 0.728362 0.471932 0.01 0.01
0 0.764198 0.472849 0.01 0.01
0 0.759604 0.495788 0.01 0.01
0 0.744902 0.495788 0.01 0.01
0 0.764198 0.522396 0.01 0.01
0 0.767874 0.509551 0.01 0.01
0 0.724686 0.446241 0.01 0.01
0 0.437996 0.081982 0.01 0.01
0 0.361729 0.059043 0.01 0.01
0 0.348865 0.037023 0.01 0.01
0 0.336000 0.037940 0.01 0.01
0 0.313947 0.015919 0.01 0.01
0 0.364486 0.030600 0.01 0.01
0 0.397565 0.037023 0.01 0.01
0 0.381944 0.053538 0.01 0.01
0 0.403997 0.062713 0.01 0.01
0 0.392052 0.053538 0.01 0.01
0 0.400322 0.109507 0.01 0.01
0 0.445347 0.107672 0.01 0.01
0 0.454536 0.085652 0.01 0.01
0 0.461887 0.099415 0.01 0.01
0 0.481183 0.096662 0.01 0.01
0 0.492210 0.126941 0.01 0.01
0 0.507831 0.124188 0.01 0.01
0 0.524371 0.126941 0.01 0.01
0 0.545505 0.127858 0.01 0.01
0 0.583179 0.103085 0.01 0.01
0 0.596962 0.087487 0.01 0.01
0 0.592368 0.113178 0.01 0.01
0 0.612583 0.095744 0.01 0.01
0 0.632798 0.110425 0.01 0.01
0 0.641068 0.103085 0.01 0.01
0 0.653933 0.105837 0.01 0.01
0 0.633717 0.087487 0.01 0.01
0 0.589611 0.292096 0.01 0.01
0 0.599719 0.289343 0.01 0.01
0 0.610745 0.296684 0.01 0.01
0 0.585935 0.225116 0.01 0.01
0 0.549180 0.177405 0.01 0.01
0 0.571233 0.180157 0.01 0.01
0 0.514263 0.158137 0.01 0.01
0 0.533559 0.158137 0.01 0.01
0 0.577666 0.064548 0.01 0.01
0 0.546424 0.063631 0.01 0.01
0 0.532640 0.061796 0.01 0.01
0 0.418699 0.039775 0.01 0.01
0 0.428807 0.043445 0.01 0.01
0 0.430645 0.015002 0.01 0.01
0 0.450860 0.019589 0.01 0.01
0 0.340595 0.014084 0.01 0.01
0 0.351621 0.018672 0.01 0.01
0 0.371837 0.014084 0.01 0.01
0 0.446266 0.060878 0.01 0.01
0 0.428807 0.031517 0.01 0.01
0 0.458211 0.043445 0.01 0.01
0 0.447185 0.041610 0.01 0.01
0 0.478427 0.032435 0.01 0.01
0 0.492210 0.034270 0.01 0.01
0 0.468319 0.066384 0.01 0.01
0 0.478427 0.080146 0.01 0.01
0 0.488534 0.070971 0.01 0.01
0 0.499561 0.102167 0.01 0.01
0 0.486696 0.151714 0.01 0.01
0 0.379188 0.196673 0.01 0.01
0 0.608907 0.239797 0.01 0.01
0 0.599719 0.265488 0.01 0.01
0 0.591449 0.322374 0.01 0.01
0 0.572152 0.316869 0.01 0.01
0 0.535397 0.316869 0.01 0.01
0 0.557450 0.331550 0.01 0.01
0 0.687931 0.415045 0.01 0.01
0 0.697120 0.422385 0.01 0.01
0 0.653933 0.349900 0.01 0.01
0 0.574909 0.344395 0.01 0.01
0 0.595124 0.347148 0.01 0.01
0 0.606151 0.347148 0.01 0.01
0 0.619015 0.318704 0.01 0.01
0 0.621772 0.361828 0.01 0.01
0 0.631879 0.371004 0.01 0.01
0 0.654851 0.374674 0.01 0.01
0 0.659446 0.366416 0.01 0.01
0 0.703552 0.362746 0.01 0.01
0 0.682418 0.364581 0.01 0.01
0 0.671391 0.391189 0.01 0.01
0 0.684256 0.395777 0.01 0.01
0 0.703552 0.393942 0.01 0.01
0 0.720092 0.396694 0.01 0.01
0 0.739388 0.394859 0.01 0.01
0 0.711822 0.414127 0.01 0.01
0 0.730200 0.414127 0.01 0.01
0 0.751334 0.415963 0.01 0.01
0 0.752253 0.442571 0.01 0.01
0 0.736632 0.441653 0.01 0.01
0 0.736632 0.427890 0.01 0.01
0 0.761441 0.432478 0.01 0.01
0 0.781657 0.445323 0.01 0.01
0 0.776144 0.414127 0.01 0.01
0 0.766955 0.415963 0.01 0.01
0 0.620853 0.284756 0.01 0.01
0 0.624528 0.299436 0.01 0.01
0 0.701714 0.315034 0.01 0.01
0 0.690688 0.316869 0.01 0.01
0 0.697120 0.290261 0.01 0.01
0 0.709065 0.293931 0.01 0.01
0 0.732956 0.316869 0.01 0.01
0 0.727443 0.295766 0.01 0.01
0 0.749496 0.289343 0.01 0.01
0 0.759604 0.284756 0.01 0.01
0 0.766036 0.259065 0.01 0.01
0 0.774306 0.288426 0.01 0.01
0 0.765117 0.335220 0.01 0.01
0 0.748577 0.348065 0.01 0.01
0 0.754090 0.360911 0.01 0.01
0 0.762360 0.353570 0.01 0.01
0 0.783495 0.336137 0.01 0.01
0 0.792683 0.345313 0.01 0.01
0 0.777981 0.355406 0.01 0.01
0 0.794521 0.306776 0.01 0.01
0 0.678742 0.292096 0.01 0.01
0 0.659446 0.291178 0.01 0.01
0 0.650257 0.296684 0.01 0.01
0 0.614421 0.263653 0.01 0.01
0 0.624528 0.264570 0.01 0.01
0 0.585017 0.268240 0.01 0.01
0 0.509668 0.293013 0.01 0.01
0 0.507831 0.259065 0.01 0.01
0 0.568477 0.219611 0.01 0.01
0 0.632798 0.242549 0.01 0.01
0 0.667716 0.240714 0.01 0.01
0 0.662202 0.266405 0.01 0.01
0 0.654851 0.279251 0.01 0.01
0 0.639230 0.275580 0.01 0.01
0 0.706309 0.219611 0.01 0.01
0 0.683337 0.219611 0.01 0.01
0 0.679661 0.237044 0.01 0.01
0 0.705390 0.246219 0.01 0.01
0 0.725605 0.253560 0.01 0.01
0 0.731118 0.224199 0.01 0.01
0 0.718254 0.222364 0.01 0.01
0 0.721011 0.193920 0.01 0.01
0 0.702633 0.195755 0.01 0.01
0 0.743983 0.150796 0.01 0.01
0 0.632798 0.126941 0.01 0.01
0 0.644744 0.123270 0.01 0.01
0 0.574909 0.148961 0.01 0.01
0 0.558369 0.150796 0.01 0.01
0 0.598800 0.149879 0.01 0.01
0 0.610745 0.149879 0.01 0.01
0 0.621772 0.145291 0.01 0.01
0 0.649338 0.147126 0.01 0.01
0 0.563882 0.175570 0.01 0.01
0 0.577666 0.176487 0.01 0.01
0 0.603394 0.177405 0.01 0.01
0 0.596043 0.164559 0.01 0.01
0 0.623610 0.183827 0.01 0.01
0 0.663121 0.055373 0.01 0.01
0 0.699877 0.060878 0.01 0.01
0 0.687012 0.086569 0.01 0.01
0 0.661284 0.087487 0.01 0.01
0 0.666797 0.105837 0.01 0.01
0 0.677823 0.103085 0.01 0.01
0 0.691607 0.104002 0.01 0.01
0 0.707228 0.087487 0.01 0.01
0 0.733875 0.101250 0.01 0.01
0 0.687012 0.151714 0.01 0.01
0 0.643825 0.173735 0.01 0.01
0 0.631879 0.204931 0.01 0.01
0 0.640149 0.199425 0.01 0.01
0 0.658527 0.200343 0.01 0.01
0 0.664959 0.171899 0.01 0.01
0 0.686093 0.182910 0.01 0.01
0 0.671391 0.193003 0.01 0.01
0 0.744902 0.193920 0.01 0.01
0 0.772468 0.200343 0.01 0.01
0 0.765117 0.173735 0.01 0.01
0 0.717335 0.164559 0.01 0.01
0 0.716416 0.148961 0.01 0.01
0 0.729281 0.135198 0.01 0.01
0 0.732037 0.086569 0.01 0.01
0 0.732037 0.066384 0.01 0.01
0 0.743064 0.088404 0.01 0.01
0 0.766955 0.103085 0.01 0.01
0 0.749496 0.107672 0.01 0.01
0 0.782576 0.102167 0.01 0.01
0 0.608907 0.048950 0.01 0.01
0 0.530803 0.092074 0.01 0.01
0 0.540910 0.107672 0.01 0.01
0 0.528046 0.104920 0.01 0.01
0 0.562963 0.082899 0.01 0.01
0 0.711081 0.064548 0.01 0.01
0 0.728540 0.050786 0.01 0.01
0 0.668813 0.036105 0.01 0.01
0 0.675245 0.045280 0.01 0.01
0 0.668813 0.019589 0.01 0.01
0 0.606329 0.022342 0.01 0.01
0 0.594384 0.043445 0.01 0.01
0 0.554872 0.019589 0.01 0.01
0 0.543845 0.020507 0.01 0.01
0 0.572331 0.014084 0.01 0.01
0 0.499739 0.014084 0.01 0.01
0 0.761620 0.043445 0.01 0.01
0 0.714757 0.016837 0.01 0.01
0 0.696379 0.021425 0.01 0.01
0 0.771727 0.239797 0.01 0.01
0 0.746918 0.242549 0.01 0.01
0 0.779997 0.170982 0.01 0.01
0 0.786429 0.136116 0.01 0.01
0 0.819509 0.107672 0.01 0.01
0 0.791024 0.059961 0.01 0.01
0 0.776322 0.059961 0.01 0.01
0 0.800213 0.104920 0.01 0.01
0 0.784592 0.149879 0.01 0.01
0 0.763457 0.148044 0.01 0.01
0 0.804807 0.148044 0.01 0.01
0 0.797456 0.180157 0.01 0.01
0 0.799294 0.195755 0.01 0.01
0 0.771727 0.215023 0.01 0.01
0 0.755188 0.220529 0.01 0.01
0 0.786429 0.216858 0.01 0.01
0 0.788267 0.241632 0.01 0.01
0 0.628382 0.014084 0.01 0.01
0 0.617356 0.014084 0.01 0.01
0 0.632977 0.035187 0.01 0.01
0 0.649516 0.041610 0.01 0.01
0 0.642165 0.067301 0.01 0.01
0 0.789186 0.042528 0.01 0.01
0 0.812158 0.038858 0.01 0.01
0 0.846157 0.023260 0.01 0.01
0 0.835130 0.081982 0.01 0.01
0 0.785511 0.080146 0.01 0.01
0 0.795618 0.080146 0.01 0.01
0 0.834211 0.064548 0.01 0.01
0 0.850751 0.068219 0.01 0.01
0 0.873723 0.037023 0.01 0.01
0 0.905884 0.037940 0.01 0.01
0 0.912316 0.045280 0.01 0.01
0 0.890263 0.052621 0.01 0.01
0 0.892101 0.066384 0.01 0.01
0 0.846157 0.100332 0.01 0.01
0 0.889344 0.104920 0.01 0.01
0 0.886587 0.079229 0.01 0.01
0 0.869129 0.097580 0.01 0.01
0 0.870048 0.123270 0.01 0.01
0 0.835130 0.125105 0.01 0.01
0 0.825941 0.127858 0.01 0.01
0 0.803888 0.127858 0.01 0.01
0 0.837887 0.148044 0.01 0.01
0 0.854427 0.144374 0.01 0.01
0 0.869129 0.151714 0.01 0.01
0 0.889344 0.134281 0.01 0.01
0 0.908640 0.143456 0.01 0.01
0 0.914154 0.152631 0.01 0.01
0 0.929775 0.150796 0.01 0.01
0 0.919667 0.104002 0.01 0.01
0 0.904965 0.099415 0.01 0.01
0 0.919667 0.083817 0.01 0.01
0 0.932531 0.037940 0.01 0.01
0 0.947233 0.100332 0.01 0.01
0 0.931612 0.102167 0.01 0.01
0 0.954584 0.092992 0.01 0.01
0 0.955503 0.122353 0.01 0.01
0 0.939882 0.126941 0.01 0.01
0 0.943558 0.152631 0.01 0.01
0 0.884750 0.170064 0.01 0.01
0 0.817671 0.196673 0.01 0.01
0 0.833292 0.195755 0.01 0.01
0 0.840643 0.183827 0.01 0.01
0 0.829617 0.174652 0.01 0.01
0 0.805726 0.213188 0.01 0.01
0 0.813996 0.241632 0.01 0.01
0 0.828698 0.220529 0.01 0.01
0 0.847994 0.224199 0.01 0.01
0 0.859940 0.215941 0.01 0.01
0 0.848913 0.203096 0.01 0.01
0 0.871885 0.214106 0.01 0.01
0 0.896695 0.219611 0.01 0.01
0 0.899452 0.172817 0.01 0.01
0 0.897614 0.190250 0.01 0.01
0 0.877399 0.197590 0.01 0.01
0 0.917829 0.206766 0.01 0.01
0 0.888425 0.204013 0.01 0.01
0 0.865453 0.244384 0.01 0.01
0 0.834211 0.259982 0.01 0.01
0 0.818590 0.268240 0.01 0.01
0 0.809401 0.262735 0.01 0.01
0 0.802050 0.292096 0.01 0.01
0 0.788267 0.266405 0.01 0.01
0 0.828698 0.312282 0.01 0.01
0 0.827779 0.282921 0.01 0.01
0 0.813077 0.282921 0.01 0.01
0 0.806645 0.015002 0.01 0.01
0 0.821347 0.020507 0.01 0.01
0 0.739567 0.019589 0.01 0.01
0 0.783673 0.015919 0.01 0.01
0 0.839724 0.045280 0.01 0.01
0 0.868210 0.078311 0.01 0.01
0 0.926099 0.065466 0.01 0.01
0 0.949990 0.062713 0.01 0.01
0 0.962854 0.071889 0.01 0.01
0 0.917829 0.018672 0.01 0.01
0 0.930694 0.025095 0.01 0.01
0 0.959179 0.019589 0.01 0.01
0 0.991340 0.046198 0.01 0.01
0 0.965611 0.034270 0.01 0.01
0 1.017068 0.073724 0.01 0.01
0 1.023500 0.059961 0.01 0.01
0 0.994096 0.126941 0.01 0.01
0 0.988583 0.105837 0.01 0.01
0 0.983989 0.091157 0.01 0.01
0 0.995934 0.155384 0.01 0.01
0 0.980313 0.149879 0.01 0.01
0 1.003285 0.190250 0.01 0.01
0 0.972043 0.172817 0.01 0.01
0 0.951828 0.171899 0.01 0.01
0 0.959179 0.211353 0.01 0.01
0 0.949990 0.209518 0.01 0.01
0 0.941720 0.217776 0.01 0.01
0 0.929775 0.240714 0.01 0.01
0 0.906803 0.243467 0.01 0.01
0 0.884750 0.243467 0.01 0.01
0 0.909559 0.287508 0.01 0.01
0 0.881074 0.286591 0.01 0.01
0 0.870966 0.282921 0.01 0.01
0 0.858102 0.285673 0.01 0.01
0 0.850751 0.284756 0.01 0.01
0 0.841562 0.282921 0.01 0.01
0 0.870966 0.307694 0.01 0.01
0 0.853508 0.307694 0.01 0.01
0 0.885668 0.297601 0.01 0.01
0 0.886587 0.313199 0.01 0.01
0 0.880155 0.321457 0.01 0.01
0 0.869129 0.335220 0.01 0.01
0 0.898533 0.306776 0.01 0.01
0 0.911397 0.324210 0.01 0.01
0 0.916910 0.344395 0.01 0.01
0 0.926099 0.334302 0.01 0.01
0 0.939882 0.354488 0.01 0.01
0 0.919667 0.364581 0.01 0.01
0 0.821347 0.359076 0.01 0.01
0 0.840643 0.357241 0.01 0.01
0 0.818590 0.383849 0.01 0.01
0 0.832373 0.362746 0.01 0.01
0 0.805726 0.380179 0.01 0.01
0 0.830536 0.393942 0.01 0.01
0 0.843400 0.382014 0.01 0.01
0 0.855345 0.380179 0.01 0.01
0 0.861778 0.387519 0.01 0.01
0 0.836968 0.418715 0.01 0.01
0 0.853508 0.418715 0.01 0.01
0 0.802050 0.445323 0.01 0.01
0 0.813996 0.451746 0.01 0.01
0 0.828698 0.470097 0.01 0.01
0 0.846157 0.460922 0.01 0.01
0 0.860859 0.467344 0.01 0.01
0 0.872804 0.467344 0.01 0.01
0 0.872804 0.492118 0.01 0.01
0 0.864534 0.495788 0.01 0.01
0 0.851670 0.493035 0.01 0.01
0 0.842481 0.494870 0.01 0.01
0 0.826860 0.499458 0.01 0.01
0 0.815834 0.500375 0.01 0.01
0 0.800213 0.498540 0.01 0.01
0 0.814915 0.521479 0.01 0.01
0 0.797456 0.524231 0.01 0.01
0 0.840643 0.526984 0.01 0.01
0 0.870048 0.519643 0.01 0.01
0 0.890263 0.522396 0.01 0.01
0 0.888425 0.493953 0.01 0.01
0 0.905884 0.488447 0.01 0.01
0 0.916910 0.494870 0.01 0.01
0 0.918748 0.514138 0.01 0.01
0 0.908640 0.510468 0.01 0.01
0 0.903127 0.522396 0.01 0.01
0 0.942639 0.523314 0.01 0.01
0 0.935288 0.519643 0.01 0.01
0 0.935288 0.482025 0.01 0.01
0 0.959179 0.483860 0.01 0.01
0 0.954584 0.514138 0.01 0.01
0 0.991340 0.524231 0.01 0.01
0 0.987664 0.493035 0.01 0.01
0 0.971124 0.473767 0.01 0.01
0 0.782754 0.370086 0.01 0.01
0 0.796537 0.379261 0.01 0.01
0 0.833292 0.383849 0.01 0.01
0 0.881993 0.416880 0.01 0.01
0 0.909559 0.411375 0.01 0.01
0 0.913235 0.394859 0.01 0.01
0 0.893938 0.448076 0.01 0.01
0 0.885668 0.433396 0.01 0.01
0 0.873723 0.436148 0.01 0.01
0 0.930694 0.434313 0.01 0.01
0 0.907722 0.434313 0.01 0.01
0 0.945396 0.427890 0.01 0.01
0 0.951828 0.437066 0.01 0.01
0 0.955503 0.425138 0.01 0.01
0 0.961935 0.431561 0.01 0.01
0 0.931612 0.460922 0.01 0.01
0 0.913235 0.459086 0.01 0.01
0 0.946315 0.453581 0.01 0.01
0 0.958260 0.462757 0.01 0.01
0 0.966530 0.463674 0.01 0.01
0 0.982151 0.455416 0.01 0.01
0 0.992259 0.449911 0.01 0.01
0 0.997772 0.480190 0.01 0.01
0 1.013393 0.478355 0.01 0.01
0 1.024419 0.480190 0.01 0.01
0 1.017068 0.466427 0.01 0.01
0 1.002366 0.460922 0.01 0.01
0 1.008798 0.451746 0.01 0.01
0 1.036365 0.516891 0.01 0.01
0 1.052905 0.505880 0.01 0.01
0 1.037284 0.469179 0.01 0.01
0 1.056580 0.494870 0.01 0.01
0 1.066688 0.504045 0.01 0.01
0 1.079552 0.501293 0.01 0.01
0 1.090579 0.505880 0.01 0.01
0 1.105281 0.502210 0.01 0.01
0 1.092416 0.521479 0.01 0.01
0 1.116307 0.526984 0.01 0.01
0 1.129172 0.514138 0.01 0.01
0 1.154900 0.499458 0.01 0.01
0 1.176034 0.490282 0.01 0.01
0 1.140198 0.476520 0.01 0.01
0 1.145711 0.470097 0.01 0.01
0 1.154900 0.460922 0.01 0.01
0 1.169602 0.472849 0.01 0.01
0 1.126415 0.474684 0.01 0.01
0 1.122739 0.449911 0.01 0.01
0 1.132847 0.443488 0.01 0.01
0 1.083228 0.443488 0.01 0.01
0 1.101605 0.449911 0.01 0.01
0 1.106200 0.439818 0.01 0.01
0 1.081390 0.472849 0.01 0.01
0 1.095173 0.465509 0.01 0.01
0 1.108956 0.473767 0.01 0.01
0 1.058418 0.442571 0.01 0.01
0 1.044635 0.456334 0.01 0.01
0 1.034527 0.453581 0.01 0.01
0 1.029014 0.431561 0.01 0.01
0 1.022582 0.428808 0.01 0.01
0 0.943558 0.333385 0.01 0.01
0 0.951828 0.358158 0.01 0.01
0 0.968368 0.360911 0.01 0.01
0 0.988583 0.368251 0.01 0.01
0 0.980313 0.388437 0.01 0.01
0 0.961017 0.383849 0.01 0.01
0 0.945396 0.376509 0.01 0.01
0 0.953666 0.382014 0.01 0.01
0 0.999610 0.404952 0.01 0.01
0 0.967449 0.415045 0.01 0.01
0 1.009717 0.393024 0.01 0.01
0 1.015230 0.377426 0.01 0.01
0 1.019825 0.395777 0.01 0.01
0 1.028095 0.406787 0.01 0.01
0 1.045554 0.395777 0.01 0.01
0 1.039121 0.426055 0.01 0.01
0 1.049229 0.416880 0.01 0.01
0 1.068526 0.416880 0.01 0.01
0 1.084146 0.421468 0.01 0.01
0 1.085065 0.404952 0.01 0.01
0 1.110794 0.422385 0.01 0.01
0 1.135604 0.421468 0.01 0.01
0 1.084146 0.373756 0.01 0.01
0 1.067607 0.359993 0.01 0.01
0 1.084146 0.346230 0.01 0.01
0 1.108037 0.351735 0.01 0.01
0 1.110794 0.371921 0.01 0.01
0 1.118145 0.397612 0.01 0.01
0 1.151225 0.392107 0.01 0.01
0 1.129172 0.377426 0.01 0.01
0 1.136523 0.367333 0.01 0.01
0 1.160413 0.378344 0.01 0.01
0 1.159495 0.388437 0.01 0.01
0 1.161332 0.423303 0.01 0.01
0 1.172359 0.418715 0.01 0.01
0 1.055661 0.355406 0.01 0.01
0 1.069444 0.349900 0.01 0.01
0 1.043716 0.348065 0.01 0.01
0 1.031770 0.336137 0.01 0.01
0 1.044635 0.326962 0.01 0.01
0 1.054742 0.321457 0.01 0.01
0 1.041878 0.315034 0.01 0.01
0 1.053823 0.300354 0.01 0.01
0 1.009717 0.333385 0.01 0.01
0 0.989502 0.285673 0.01 0.01
0 0.979394 0.304941 0.01 0.01
0 0.971124 0.303106 0.01 0.01
0 0.941720 0.284756 0.01 0.01
0 0.927018 0.283838 0.01 0.01
0 0.924261 0.259065 0.01 0.01
0 0.942639 0.259065 0.01 0.01
0 0.972043 0.276498 0.01 0.01
0 0.965611 0.271910 0.01 0.01
0 0.958260 0.265488 0.01 0.01
0 0.977556 0.265488 0.01 0.01
0 0.965611 0.255395 0.01 0.01
0 0.992259 0.259065 0.01 0.01
0 1.005123 0.273745 0.01 0.01
0 1.004204 0.283838 0.01 0.01
0 1.009717 0.327880 0.01 0.01
0 0.999610 0.320539 0.01 0.01
0 1.012474 0.296684 0.01 0.01
0 1.024419 0.303106 0.01 0.01
0 1.040959 0.306776 0.01 0.01
0 1.068526 0.315034 0.01 0.01
0 0.893020 0.337055 0.01 0.01
0 0.882912 0.330632 0.01 0.01
0 0.956422 0.186580 0.01 0.01
0 0.986745 0.215941 0.01 0.01
0 1.009717 0.202178 0.01 0.01
0 0.999610 0.239797 0.01 0.01
0 0.980313 0.234292 0.01 0.01
0 0.963773 0.239797 0.01 0.01
0 1.021663 0.255395 0.01 0.01
0 1.029014 0.234292 0.01 0.01
0 1.045554 0.235209 0.01 0.01
0 1.035446 0.187498 0.01 0.01
0 1.020744 0.168229 0.01 0.01
0 1.040040 0.170982 0.01 0.01
0 1.066688 0.166394 0.01 0.01
0 1.082309 0.203096 0.01 0.01
0 1.058418 0.201260 0.01 0.01
0 1.072201 0.248054 0.01 0.01
0 1.079552 0.227869 0.01 0.01
0 1.085065 0.277415 0.01 0.01
0 1.071282 0.279251 0.01 0.01
0 1.091497 0.256312 0.01 0.01
0 1.105281 0.242549 0.01 0.01
0 1.118145 0.250807 0.01 0.01
0 1.130090 0.253560 0.01 0.01
0 1.113551 0.296684 0.01 0.01
0 1.133766 0.295766 0.01 0.01
0 1.119983 0.289343 0.01 0.01
0 1.127334 0.289343 0.01 0.01
0 1.141117 0.304941 0.01 0.01
0 1.150306 0.315034 0.01 0.01
0 1.162251 0.312282 0.01 0.01
0 1.175116 0.312282 0.01 0.01
0 1.124577 0.272828 0.01 0.01
0 1.112632 0.271910 0.01 0.01
0 1.144793 0.266405 0.01 0.01
0 1.150306 0.279251 0.01 0.01
0 1.153981 0.291178 0.01 0.01
0 1.165927 0.296684 0.01 0.01
0 1.171440 0.293013 0.01 0.01
0 1.164089 0.275580 0.01 0.01
0 1.024419 0.140703 0.01 0.01
0 1.036365 0.143456 0.01 0.01
0 1.058418 0.142539 0.01 0.01
0 1.085984 0.126023 0.01 0.01
0 1.107118 0.125105 0.01 0.01
0 1.076795 0.156301 0.01 0.01
0 1.085984 0.160889 0.01 0.01
0 1.136523 0.178322 0.01 0.01
0 1.145711 0.192085 0.01 0.01
0 1.155819 0.181075 0.01 0.01
0 1.118145 0.200343 0.01 0.01
0 1.109875 0.218694 0.01 0.01
0 1.131928 0.228786 0.01 0.01
0 1.140198 0.217776 0.01 0.01
0 1.150306 0.223281 0.01 0.01
0 1.162251 0.256312 0.01 0.01
0 1.173278 0.229704 0.01 0.01
0 1.036365 0.079229 0.01 0.01
0 1.050148 0.105837 0.01 0.01
0 1.061174 0.065466 0.01 0.01
0 1.069444 0.078311 0.01 0.01
0 1.088741 0.087487 0.01 0.01
0 1.093335 0.070971 0.01 0.01
0 1.132847 0.099415 0.01 0.01
0 1.151225 0.106755 0.01 0.01
0 1.162251 0.119600 0.01 0.01
0 1.144793 0.126023 0.01 0.01
0 1.122739 0.123270 0.01 0.01
0 1.158576 0.138868 0.01 0.01
0 1.145711 0.141621 0.01 0.01
0 1.146630 0.155384 0.01 0.01
0 1.153981 0.161807 0.01 0.01
0 1.165008 0.161807 0.01 0.01
0 1.174197 0.188415 0.01 0.01
0 1.044635 0.060878 0.01 0.01
0 1.054742 0.059043 0.01 0.01
0 1.043716 0.046198 0.01 0.01
0 1.066688 0.044363 0.01 0.01
0 1.036365 0.022342 0.01 0.01
0 1.018906 0.030600 0.01 0.01
0 0.993177 0.017754 0.01 0.01
0 1.006961 0.019589 0.01 0.01
0 1.018906 0.021425 0.01 0.01
0 1.055661 0.024177 0.01 0.01
0 1.072201 0.024177 0.01 0.01
0 1.081390 0.042528 0.01 0.01
0 1.120902 0.019589 0.01 0.01
0 1.144793 0.040693 0.01 0.01
0 1.117226 0.040693 0.01 0.01
0 1.110794 0.064548 0.01 0.01
0 1.095173 0.057208 0.01 0.01
0 1.118145 0.081064 0.01 0.01
0 1.108037 0.081064 0.01 0.01
0 1.127334 0.055373 0.01 0.01
0 1.136523 0.062713 0.01 0.01
0 1.151225 0.060878 0.01 0.01
0 1.165927 0.064548 0.01 0.01
0 1.157657 0.040693 0.01 0.01
0 1.173278 0.041610 0.01 0.01
0 1.164089 0.024177 0.01 0.01
0 1.135604 0.020507 0.01 0.01
0 1.144793 0.012249 0.01 0.01
0 1.157657 0.008579 0.01 0.01
0 1.122739 0.318704 0.01 0.01
0 1.150306 0.328797 0.01 0.01
0 1.174197 0.336137 0.01 0.01
0 1.200322 0.038858 0.01 0.01
0 1.222375 0.038858 0.01 0.01
0 1.235239 0.040693 0.01 0.01
0 1.200322 0.079229 0.01 0.01
0 1.187457 0.080146 0.01 0.01
0 1.175512 0.100332 0.01 0.01
0 1.196646 0.133363 0.01 0.01
0 1.217781 0.123270 0.01 0.01
0 1.192052 0.154466 0.01 0.01
0 1.201241 0.204931 0.01 0.01
0 1.220537 0.139786 0.01 0.01
0 1.258211 0.174652 0.01 0.01
0 1.233401 0.154466 0.01 0.01
0 1.226969 0.226034 0.01 0.01
0 1.242590 0.202178 0.01 0.01
0 1.232483 0.200343 0.01 0.01
0 1.284859 0.200343 0.01 0.01
0 1.250860 0.249890 0.01 0.01
0 1.227888 0.270993 0.01 0.01
0 1.241671 0.286591 0.01 0.01
0 1.191133 0.312282 0.01 0.01
0 1.209511 0.312282 0.01 0.01
0 1.214105 0.333385 0.01 0.01
0 1.224213 0.359076 0.01 0.01
0 1.226969 0.336137 0.01 0.01
0 1.222375 0.329715 0.01 0.01
0 1.190214 0.340725 0.01 0.01
0 1.236158 0.364581 0.01 0.01
0 1.242590 0.350818 0.01 0.01
0 1.249941 0.386602 0.01 0.01
0 1.205835 0.411375 0.01 0.01
0 1.184701 0.389354 0.01 0.01
0 1.229726 0.431561 0.01 0.01
0 1.245347 0.430643 0.01 0.01
0 1.256373 0.412292 0.01 0.01
0 1.229726 0.412292 0.01 0.01
0 1.218699 0.408622 0.01 0.01
0 1.271076 0.383849 0.01 0.01
0 1.271076 0.356323 0.01 0.01
0 1.283021 0.358158 0.01 0.01
0 1.286696 0.378344 0.01 0.01
0 1.307831 0.377426 0.01 0.01
0 1.317020 0.382014 0.01 0.01
0 1.291291 0.403117 0.01 0.01
0 1.262806 0.432478 0.01 0.01
0 1.298642 0.410457 0.01 0.01
0 1.316101 0.402200 0.01 0.01
0 1.307831 0.426973 0.01 0.01
0 1.290372 0.426055 0.01 0.01
0 1.266481 0.460922 0.01 0.01
0 1.229726 0.491200 0.01 0.01
0 1.201241 0.489365 0.01 0.01
0 1.211348 0.484777 0.01 0.01
0 1.200322 0.520561 0.01 0.01
0 1.182863 0.515973 0.01 0.01
0 1.221456 0.508633 0.01 0.01
0 1.233401 0.514138 0.01 0.01
0 1.243509 0.478355 0.01 0.01
0 1.204916 0.459086 0.01 0.01
0 1.218699 0.459086 0.01 0.01
0 1.237996 0.460922 0.01 0.01
0 1.260049 0.485695 0.01 0.01
0 1.276589 0.509551 0.01 0.01
0 1.292210 0.477437 0.01 0.01
0 1.283940 0.455416 0.01 0.01
0 1.302317 0.470097 0.01 0.01
0 1.313344 0.471932 0.01 0.01
0 1.314263 0.510468 0.01 0.01
0 1.290372 0.503128 0.01 0.01
0 1.298642 0.503128 0.01 0.01
0 1.331722 0.501293 0.01 0.01
0 1.338154 0.497623 0.01 0.01
0 1.347343 0.504045 0.01 0.01
0 1.362045 0.502210 0.01 0.01
0 1.365720 0.523314 0.01 0.01
0 1.339991 0.525149 0.01 0.01
0 1.383179 0.484777 0.01 0.01
0 1.385017 0.522396 0.01 0.01
0 1.412583 0.492118 0.01 0.01
0 1.397881 0.518726 0.01 0.01
0 1.416259 0.520561 0.01 0.01
0 1.439230 0.490282 0.01 0.01
0 1.441987 0.515056 0.01 0.01
0 1.457608 0.515056 0.01 0.01
0 1.476905 0.518726 0.01 0.01
0 1.493444 0.509551 0.01 0.01
0 1.502633 0.515973 0.01 0.01
0 1.516416 0.527901 0.01 0.01
0 1.534794 0.502210 0.01 0.01
0 1.516416 0.502210 0.01 0.01
0 1.508146 0.502210 0.01 0.01
0 1.537551 0.482025 0.01 0.01
0 1.555009 0.475602 0.01 0.01
0 1.399719 0.476520 0.01 0.01
0 1.315182 0.426973 0.01 0.01
0 1.332640 0.422385 0.01 0.01
0 1.339073 0.433396 0.01 0.01
0 1.332640 0.446241 0.01 0.01
0 1.306912 0.451746 0.01 0.01
0 1.359288 0.449911 0.01 0.01
0 1.328046 0.394859 0.01 0.01
0 1.349180 0.395777 0.01 0.01
0 1.360207 0.379261 0.01 0.01
0 1.355612 0.425138 0.01 0.01
0 1.342748 0.422385 0.01 0.01
0 1.345505 0.448994 0.01 0.01
0 1.368477 0.441653 0.01 0.01
0 1.385935 0.451746 0.01 0.01
0 1.377666 0.471932 0.01 0.01
0 1.361126 0.476520 0.01 0.01
0 1.336316 0.479272 0.01 0.01
0 1.410745 0.460922 0.01 0.01
0 1.428204 0.467344 0.01 0.01
0 1.440149 0.462757 0.01 0.01
0 1.460365 0.490282 0.01 0.01
0 1.476905 0.486612 0.01 0.01
0 1.423610 0.447159 0.01 0.01
0 1.405232 0.421468 0.01 0.01
0 1.377666 0.413210 0.01 0.01
0 1.376747 0.430643 0.01 0.01
0 1.442906 0.442571 0.01 0.01
0 1.476905 0.458169 0.01 0.01
0 1.480580 0.432478 0.01 0.01
0 1.490688 0.440736 0.01 0.01
0 1.493444 0.423303 0.01 0.01
0 1.506309 0.453581 0.01 0.01
0 1.523767 0.452664 0.01 0.01
0 1.499877 0.485695 0.01 0.01
0 1.521011 0.482942 0.01 0.01
0 1.553172 0.448994 0.01 0.01
0 1.537551 0.453581 0.01 0.01
0 1.532037 0.437983 0.01 0.01
0 1.554090 0.439818 0.01 0.01
0 1.575225 0.462757 0.01 0.01
0 1.564198 0.444406 0.01 0.01
0 1.574306 0.482942 0.01 0.01
0 1.595440 0.506798 0.01 0.01
0 1.579819 0.502210 0.01 0.01
0 1.531118 0.527901 0.01 0.01
0 1.529281 0.517808 0.01 0.01
0 1.575225 0.524231 0.01 0.01
0 1.394205 0.384767 0.01 0.01
0 1.414421 0.400365 0.01 0.01
0 1.387773 0.353570 0.01 0.01
0 1.412583 0.349900 0.01 0.01
0 1.427285 0.347148 0.01 0.01
0 1.423610 0.371921 0.01 0.01
0 1.441068 0.359993 0.01 0.01
0 1.428204 0.393942 0.01 0.01
0 1.456689 0.398529 0.01 0.01
0 1.451176 0.374674 0.01 0.01
0 1.464959 0.368251 0.01 0.01
0 1.474148 0.399447 0.01 0.01
0 1.483337 0.391189 0.01 0.01
0 1.500795 0.402200 0.01 0.01
0 1.509984 0.415045 0.01 0.01
0 1.522849 0.410457 0.01 0.01
0 1.257292 0.291178 0.01 0.01
0 1.272913 0.295766 0.01 0.01
0 1.268319 0.269158 0.01 0.01
0 1.216862 0.243467 0.01 0.01
0 1.179188 0.265488 0.01 0.01
0 1.194809 0.277415 0.01 0.01
0 1.209511 0.295766 0.01 0.01
0 1.192052 0.293013 0.01 0.01
0 1.211348 0.264570 0.01 0.01
0 1.199403 0.259065 0.01 0.01
0 1.200322 0.246219 0.01 0.01
0 1.186539 0.251725 0.01 0.01
0 1.290372 0.290261 0.01 0.01
0 1.288534 0.312282 0.01 0.01
0 1.314263 0.316869 0.01 0.01
0 1.308750 0.296684 0.01 0.01
0 1.331722 0.333385 0.01 0.01
0 1.322533 0.331550 0.01 0.01
0 1.351937 0.332467 0.01 0.01
0 1.338154 0.314117 0.01 0.01
0 1.335397 0.287508 0.01 0.01
0 1.320695 0.270075 0.01 0.01
0 1.302317 0.266405 0.01 0.01
0 1.289453 0.266405 0.01 0.01
0 1.283940 0.245302 0.01 0.01
0 1.268319 0.255395 0.01 0.01
0 1.360207 0.323292 0.01 0.01
0 1.357450 0.352653 0.01 0.01
0 1.374909 0.349900 0.01 0.01
0 1.387773 0.323292 0.01 0.01
0 1.282102 0.223281 0.01 0.01
0 1.308750 0.226034 0.01 0.01
0 1.305074 0.244384 0.01 0.01
0 1.328965 0.241632 0.01 0.01
0 1.339991 0.268240 0.01 0.01
0 1.378584 0.257230 0.01 0.01
0 1.347343 0.243467 0.01 0.01
0 1.301399 0.202178 0.01 0.01
0 1.316101 0.205848 0.01 0.01
0 1.328046 0.193920 0.01 0.01
0 1.352856 0.220529 0.01 0.01
0 1.334478 0.216858 0.01 0.01
0 1.383179 0.237044 0.01 0.01
0 1.365720 0.218694 0.01 0.01
0 1.393287 0.260900 0.01 0.01
0 1.403394 0.263653 0.01 0.01
0 1.392368 0.283838 0.01 0.01
0 1.407989 0.276498 0.01 0.01
0 1.424528 0.255395 0.01 0.01
0 1.420853 0.282003 0.01 0.01
0 1.430961 0.315952 0.01 0.01
0 1.454851 0.273745 0.01 0.01
0 1.436474 0.285673 0.01 0.01
0 1.455770 0.300354 0.01 0.01
0 1.463121 0.304024 0.01 0.01
0 1.462202 0.319622 0.01 0.01
0 1.482418 0.297601 0.01 0.01
0 1.498039 0.299436 0.01 0.01
0 1.479661 0.321457 0.01 0.01
0 1.471391 0.337055 0.01 0.01
0 1.487931 0.329715 0.01 0.01
0 1.498039 0.322374 0.01 0.01
0 1.505390 0.312282 0.01 0.01
0 1.494363 0.343478 0.01 0.01
0 1.509984 0.339808 0.01 0.01
0 1.528362 0.318704 0.01 0.01
0 1.499877 0.365498 0.01 0.01
0 1.511822 0.363663 0.01 0.01
0 1.534794 0.362746 0.01 0.01
0 1.580738 0.366416 0.01 0.01
0 1.537551 0.384767 0.01 0.01
0 1.525605 0.374674 0.01 0.01
0 1.555009 0.362746 0.01 0.01
0 1.550415 0.382014 0.01 0.01
0 1.564198 0.393942 0.01 0.01
0 1.571549 0.401282 0.01 0.01
0 1.587170 0.383849 0.01 0.01
0 1.595440 0.396694 0.01 0.01
0 1.218699 0.098497 0.01 0.01
0 1.222375 0.081064 0.01 0.01
0 1.217781 0.062713 0.01 0.01
0 1.244428 0.063631 0.01 0.01
0 1.271076 0.077394 0.01 0.01
0 1.260968 0.039775 0.01 0.01
0 1.288534 0.040693 0.01 0.01
0 1.277508 0.037023 0.01 0.01
0 1.261887 0.020507 0.01 0.01
0 1.239834 0.017754 0.01 0.01
0 1.215024 0.017754 0.01 0.01
0 1.192971 0.017754 0.01 0.01
0 1.282102 0.014084 0.01 0.01
0 1.270157 0.012249 0.01 0.01
0 1.302317 0.012249 0.01 0.01
0 1.320695 0.018672 0.01 0.01
0 1.331722 0.013167 0.01 0.01
0 1.308750 0.039775 0.01 0.01
0 1.328046 0.036105 0.01 0.01
0 1.325289 0.059043 0.01 0.01
0 1.297723 0.056291 0.01 0.01
0 1.274751 0.055373 0.01 0.01
0 1.240753 0.095744 0.01 0.01
0 1.257292 0.079229 0.01 0.01
0 1.355612 0.017754 0.01 0.01
0 1.365720 0.037940 0.01 0.01
0 1.330803 0.078311 0.01 0.01
0 1.340910 0.059043 0.01 0.01
0 1.351018 0.049868 0.01 0.01
0 1.368477 0.052621 0.01 0.01
0 1.374909 0.070054 0.01 0.01
0 1.384098 0.059961 0.01 0.01
0 1.380422 0.019589 0.01 0.01
0 1.371233 0.023260 0.01 0.01
0 1.400638 0.019589 0.01 0.01
0 1.387773 0.034270 0.01 0.01
0 1.414421 0.027847 0.01 0.01
0 1.423610 0.032435 0.01 0.01
0 1.436474 0.037023 0.01 0.01
0 1.430961 0.060878 0.01 0.01
0 1.409826 0.056291 0.01 0.01
0 1.409826 0.077394 0.01 0.01
0 1.386854 0.077394 0.01 0.01
0 1.425447 0.070971 0.01 0.01
0 1.365720 0.101250 0.01 0.01
0 1.363882 0.084734 0.01 0.01
0 1.249022 0.092992 0.01 0.01
0 1.237996 0.135198 0.01 0.01
0 1.256373 0.126941 0.01 0.01
0 1.289453 0.142539 0.01 0.01
0 1.300480 0.118683 0.01 0.01
0 1.317020 0.118683 0.01 0.01
0 1.337235 0.125105 0.01 0.01
0 1.309668 0.138868 0.01 0.01
0 1.320695 0.159054 0.01 0.01
0 1.305074 0.159972 0.01 0.01
0 1.276589 0.153549 0.01 0.01
0 1.266481 0.158137 0.01 0.01
0 1.287615 0.156301 0.01 0.01
0 1.343667 0.163642 0.01 0.01
0 1.357450 0.154466 0.01 0.01
0 1.314263 0.179240 0.01 0.01
0 1.272913 0.182910 0.01 0.01
0 1.286696 0.180157 0.01 0.01
0 1.374909 0.182910 0.01 0.01
0 1.363882 0.200343 0.01 0.01
0 1.418096 0.119600 0.01 0.01
0 1.407070 0.114095 0.01 0.01
0 1.430961 0.107672 0.01 0.01
0 1.441987 0.100332 0.01 0.01
0 1.441068 0.090239 0.01 0.01
0 1.430042 0.088404 0.01 0.01
0 1.454851 0.076476 0.01 0.01
0 1.464040 0.056291 0.01 0.01
0 1.487931 0.052621 0.01 0.01
0 1.483337 0.039775 0.01 0.01
0 1.487931 0.028765 0.01 0.01
0 1.487012 0.133363 0.01 0.01
0 1.476905 0.096662 0.01 0.01
0 1.487931 0.089322 0.01 0.01
0 1.499877 0.082899 0.01 0.01
0 1.513660 0.051703 0.01 0.01
0 1.501714 0.046198 0.01 0.01
0 1.440149 0.022342 0.01 0.01
0 1.419015 0.017754 0.01 0.01
0 1.458527 0.128776 0.01 0.01
0 1.440149 0.126941 0.01 0.01
0 1.439230 0.147126 0.01 0.01
0 1.435555 0.162724 0.01 0.01
0 1.420853 0.150796 0.01 0.01
0 1.416259 0.168229 0.01 0.01
0 1.405232 0.178322 0.01 0.01
0 1.396962 0.174652 0.01 0.01
0 1.381341 0.220529 0.01 0.01
0 1.426366 0.223281 0.01 0.01
0 1.408907 0.215941 0.01 0.01
0 1.445663 0.194838 0.01 0.01
0 1.453933 0.233374 0.01 0.01
0 1.467716 0.211353 0.01 0.01
0 1.483337 0.207683 0.01 0.01
0 1.482418 0.236127 0.01 0.01
0 1.468635 0.229704 0.01 0.01
0 1.462202 0.279251 0.01 0.01
0 1.521011 0.194838 0.01 0.01
0 1.496201 0.187498 0.01 0.01
0 1.503552 0.259982 0.01 0.01
0 1.519173 0.247137 0.01 0.01
0 1.537551 0.252642 0.01 0.01
0 1.543983 0.277415 0.01 0.01
0 1.565117 0.269158 0.01 0.01
0 1.574306 0.298519 0.01 0.01
0 1.589927 0.284756 0.01 0.01
0 1.513660 0.227869 0.01 0.01
0 1.532956 0.235209 0.01 0.01
0 1.537551 0.145291 0.01 0.01
0 1.551334 0.126941 0.01 0.01
0 1.558685 0.114095 0.01 0.01
0 1.568793 0.104002 0.01 0.01
0 1.555009 0.166394 0.01 0.01
0 1.545821 0.166394 0.01 0.01
0 1.536632 0.171899 0.01 0.01
0 1.568793 0.169147 0.01 0.01
0 1.579819 0.167312 0.01 0.01
0 1.579819 0.148044 0.01 0.01
0 1.591764 0.148961 0.01 0.01
0 1.587170 0.167312 0.01 0.01
0 1.588089 0.189333 0.01 0.01
0 1.563279 0.183827 0.01 0.01
0 1.560523 0.202178 0.01 0.01
0 1.577062 0.215023 0.01 0.01
0 1.579819 0.226034 0.01 0.01
0 1.594521 0.231539 0.01 0.01
0 1.543983 0.209518 0.01 0.01
0 1.527443 0.213188 0.01 0.01
0 1.498039 0.126023 0.01 0.01
0 1.479661 0.169147 0.01 0.01
0 1.465878 0.168229 0.01 0.01
0 1.502633 0.168229 0.01 0.01
0 1.513660 0.183827 0.01 0.01
0 1.592683 0.052621 0.01 0.01
0 1.540307 0.079229 0.01 0.01
0 1.528362 0.070971 0.01 0.01
0 1.511822 0.067301 0.01 0.01
0 1.556847 0.070054 0.01 0.01
0 1.570630 0.081064 0.01 0.01
0 1.566036 0.093909 0.01 0.01
0 1.555928 0.093909 0.01 0.01
0 1.589008 0.090239 0.01 0.01
0 1.505390 0.029682 0.01 0.01
0 0.450943 0.827934 0.01 0.01
0 0.477591 0.823346 0.01 0.01
0 0.488618 0.819676 0.01 0.01
0 0.508833 0.818758 0.01 0.01
0 0.522616 0.816006 0.01 0.01
0 0.529048 0.801325 0.01 0.01
0 0.564885 0.808665 0.01 0.01
0 0.526292 0.851789 0.01 0.01
0 0.543750 0.845367 0.01 0.01
0 0.555696 0.841697 0.01 0.01
0 0.574992 0.835274 0.01 0.01
0 0.584181 0.838944 0.01 0.01
0 0.597045 0.839861 0.01 0.01
0 0.590613 0.874728 0.01 0.01
0 0.603477 0.886656 0.01 0.01
0 0.611747 0.834356 0.01 0.01
0 0.624612 0.838026 0.01 0.01
0 0.611747 0.803160 0.01 0.01
0 0.630125 0.814171 0.01 0.01
0 0.599802 0.793067 0.01 0.01
0 0.635638 0.785727 0.01 0.01
0 0.652178 0.793985 0.01 0.01
0 0.677907 0.786645 0.01 0.01
0 0.680663 0.778387 0.01 0.01
0 0.692609 0.746273 0.01 0.01
0 0.658610 0.752696 0.01 0.01
0 0.565803 0.705902 0.01 0.01
0 0.516184 0.733428 0.01 0.01
0 0.461970 0.745356 0.01 0.01
0 0.449106 0.748108 0.01 0.01
0 0.443592 0.752696 0.01 0.01
0 0.416026 0.752696 0.01 0.01
0 0.495050 0.692139 0.01 0.01
0 0.511590 0.699479 0.01 0.01
0 0.528129 0.691222 0.01 0.01
0 0.487699 0.712325 0.01 0.01
0 0.461051 0.703149 0.01 0.01
0 0.516184 0.626077 0.01 0.01
0 0.505157 0.622407 0.01 0.01
0 0.492293 0.621489 0.01 0.01
0 0.478510 0.626077 0.01 0.01
0 0.449106 0.627912 0.01 0.01
0 0.440836 0.602221 0.01 0.01
0 0.426134 0.591211 0.01 0.01
0 0.414188 0.571025 0.01 0.01
0 0.398567 0.568273 0.01 0.01
0 0.431647 0.566437 0.01 0.01
0 0.424296 0.558180 0.01 0.01
0 0.442674 0.553592 0.01 0.01
0 0.461051 0.560932 0.01 0.01
0 0.454619 0.596716 0.01 0.01
0 0.472078 0.592128 0.01 0.01
0 0.481267 0.588458 0.01 0.01
0 0.507914 0.588458 0.01 0.01
0 0.517103 0.564602 0.01 0.01
0 0.519859 0.589376 0.01 0.01
0 0.541913 0.592128 0.01 0.01
0 0.535480 0.650850 0.01 0.01
0 0.502401 0.665531 0.01 0.01
0 0.534562 0.671953 0.01 0.01
0 0.559371 0.660943 0.01 0.01
0 0.544669 0.626077 0.01 0.01
0 0.594289 0.613232 0.01 0.01
0 0.587857 0.652685 0.01 0.01
0 0.568560 0.618737 0.01 0.01
0 0.568560 0.579283 0.01 0.01
0 0.557534 0.585706 0.01 0.01
0 0.585100 0.582953 0.01 0.01
0 0.610829 0.591211 0.01 0.01
0 0.608991 0.577448 0.01 0.01
0 0.616342 0.611396 0.01 0.01
0 0.602559 0.602221 0.01 0.01
0 0.601640 0.553592 0.01 0.01
0 0.597964 0.546252 0.01 0.01
0 0.573154 0.550839 0.01 0.01
0 0.555696 0.555427 0.01 0.01
0 0.631044 0.594881 0.01 0.01
0 0.649421 0.593046 0.01 0.01
0 0.656772 0.601304 0.01 0.01
0 0.649421 0.638922 0.01 0.01
0 0.614504 0.639840 0.01 0.01
0 0.631044 0.629747 0.01 0.01
0 0.630125 0.647180 0.01 0.01
0 0.665042 0.623324 0.01 0.01
0 0.677907 0.627912 0.01 0.01
0 0.679744 0.604974 0.01 0.01
0 0.696284 0.607726 0.01 0.01
0 0.671475 0.593963 0.01 0.01
0 0.705473 0.594881 0.01 0.01
0 0.711905 0.593963 0.01 0.01
0 0.716500 0.586623 0.01 0.01
0 0.726607 0.593046 0.01 0.01
0 0.687096 0.568273 0.01 0.01
0 0.666880 0.571943 0.01 0.01
0 0.648503 0.572860 0.01 0.01
0 0.639314 0.546252 0.01 0.01
0 0.628287 0.545334 0.01 0.01
0 0.615423 0.538912 0.01 0.01
0 0.642989 0.665531 0.01 0.01
0 0.622774 0.679294 0.01 0.01
0 0.591532 0.680211 0.01 0.01
0 0.574073 0.721500 0.01 0.01
0 0.613585 0.704985 0.01 0.01
0 0.686177 0.707737 0.01 0.01
0 0.679744 0.671953 0.01 0.01
0 0.689852 0.674706 0.01 0.01
0 0.705473 0.672871 0.01 0.01
0 0.691690 0.630665 0.01 0.01
0 0.701798 0.633417 0.01 0.01
0 0.720175 0.646263 0.01 0.01
0 0.736715 0.655438 0.01 0.01
0 0.748660 0.651768 0.01 0.01
0 0.754174 0.660026 0.01 0.01
0 0.770714 0.651768 0.01 0.01
0 0.733039 0.625159 0.01 0.01
0 0.742228 0.625159 0.01 0.01
0 0.756011 0.630665 0.01 0.01
0 0.756930 0.601304 0.01 0.01
0 0.780821 0.633417 0.01 0.01
0 0.773470 0.612314 0.01 0.01
0 0.781740 0.599469 0.01 0.01
0 0.785416 0.555427 0.01 0.01
0 0.759687 0.560015 0.01 0.01
0 0.801037 0.560932 0.01 0.01
0 0.816658 0.554510 0.01 0.01
0 0.809307 0.663696 0.01 0.01
0 0.803793 0.627912 0.01 0.01
0 0.814820 0.622407 0.01 0.01
0 0.808388 0.610479 0.01 0.01
0 0.816658 0.610479 0.01 0.01
0 0.831360 0.617819 0.01 0.01
0 0.839630 0.621489 0.01 0.01
0 0.781740 0.696727 0.01 0.01
0 0.752336 0.700397 0.01 0.01
0 0.761525 0.677459 0.01 0.01
0 0.735796 0.691222 0.01 0.01
0 0.721094 0.739851 0.01 0.01
0 0.701798 0.731593 0.01 0.01
0 0.735796 0.729758 0.01 0.01
0 0.747742 0.727923 0.01 0.01
0 0.756011 0.723335 0.01 0.01
0 0.775308 0.722418 0.01 0.01
0 0.766119 0.720583 0.01 0.01
0 0.786335 0.762789 0.01 0.01
0 0.752336 0.763706 0.01 0.01
0 0.718337 0.754531 0.01 0.01
0 0.707311 0.771964 0.01 0.01
0 0.806550 0.793067 0.01 0.01
0 0.821252 0.783892 0.01 0.01
0 0.807469 0.751779 0.01 0.01
0 0.784497 0.746273 0.01 0.01
0 0.801955 0.739851 0.01 0.01
0 0.820333 0.737098 0.01 0.01
0 0.835954 0.748108 0.01 0.01
0 0.852494 0.754531 0.01 0.01
0 0.868115 0.753614 0.01 0.01
0 0.845143 0.784810 0.01 0.01
0 0.849737 0.820593 0.01 0.01
0 0.806550 0.824263 0.01 0.01
0 0.800118 0.876563 0.01 0.01
0 0.815739 0.874728 0.01 0.01
0 0.813901 0.905924 0.01 0.01
0 0.813901 0.924274 0.01 0.01
0 0.835954 0.904089 0.01 0.01
0 0.859845 0.849037 0.01 0.01
0 0.871790 0.817841 0.01 0.01
0 0.893843 0.809583 0.01 0.01
0 0.886492 0.932532 0.01 0.01
0 0.851575 0.977491 0.01 0.01
0 0.869953 0.976573 0.01 0.01
0 0.868115 0.960058 0.01 0.01
0 0.840548 0.974738 0.01 0.01
0 0.822171 0.976573 0.01 0.01
0 0.814820 1.029790 0.01 0.01
0 0.869953 1.000429 0.01 0.01
0 0.907627 0.953635 0.01 0.01
0 0.931517 0.919687 0.01 0.01
0 0.949895 0.912346 0.01 0.01
0 0.900276 0.923357 0.01 0.01
0 0.891087 0.855460 0.01 0.01
0 0.824009 0.676541 0.01 0.01
0 0.837792 0.693057 0.01 0.01
0 0.844224 0.650850 0.01 0.01
0 0.872709 0.654520 0.01 0.01
0 0.856169 0.611396 0.01 0.01
0 0.848818 0.608644 0.01 0.01
0 0.841467 0.582036 0.01 0.01
0 0.834116 0.553592 0.01 0.01
0 0.843305 0.556345 0.01 0.01
0 0.859845 0.576530 0.01 0.01
0 0.880979 0.605891 0.01 0.01
0 0.907627 0.601304 0.01 0.01
0 0.886492 0.577448 0.01 0.01
0 0.876385 0.545334 0.01 0.01
0 0.872709 0.556345 0.01 0.01
0 0.922329 0.600386 0.01 0.01
0 0.927842 0.632500 0.01 0.01
0 0.904870 0.643510 0.01 0.01
0 0.905789 0.707737 0.01 0.01
0 0.907627 0.670118 0.01 0.01
0 0.891087 0.669201 0.01 0.01
0 0.878222 0.671036 0.01 0.01
0 0.871790 0.695809 0.01 0.01
0 0.822171 0.715995 0.01 0.01
0 0.801037 0.713242 0.01 0.01
0 0.842386 0.717830 0.01 0.01
0 0.870871 0.720583 0.01 0.01
0 0.888330 0.731593 0.01 0.01
0 0.903032 0.748108 0.01 0.01
0 0.919572 0.741686 0.01 0.01
0 0.946220 0.702232 0.01 0.01
0 0.963678 0.732510 0.01 0.01
0 0.926923 0.764624 0.01 0.01
0 0.909464 0.780222 0.01 0.01
0 0.879141 0.781140 0.01 0.01
0 0.867196 0.776552 0.01 0.01
0 0.919572 0.816923 0.01 0.01
0 0.909464 0.803160 0.01 0.01
0 0.941625 0.806830 0.01 0.01
0 0.964597 0.793067 0.01 0.01
0 0.967354 0.700397 0.01 0.01
0 0.980218 0.710490 0.01 0.01
0 0.984812 0.650850 0.01 0.01
0 0.977461 0.658191 0.01 0.01
0 0.946220 0.661861 0.01 0.01
0 0.951733 0.645345 0.01 0.01
0 0.935193 0.600386 0.01 0.01
0 0.928761 0.575613 0.01 0.01
0 0.921410 0.563685 0.01 0.01
0 0.952652 0.548087 0.01 0.01
0 0.965516 0.542582 0.01 0.01
0 0.989407 0.548087 0.01 0.01
0 1.005028 0.600386 0.01 0.01
0 0.986650 0.596716 0.01 0.01
0 1.020649 0.593046 0.01 0.01
0 1.033513 0.585706 0.01 0.01
0 1.029838 0.555427 0.01 0.01
0 1.039026 0.560932 0.01 0.01
0 1.013298 0.569190 0.01 0.01
0 0.999515 0.565520 0.01 0.01
0 1.041783 0.602221 0.01 0.01
0 1.050972 0.588458 0.01 0.01
0 1.069349 0.578365 0.01 0.01
0 1.050053 0.616902 0.01 0.01
0 1.032594 0.615984 0.01 0.01
0 1.016054 0.631582 0.01 0.01
0 1.028919 0.656355 0.01 0.01
0 1.016054 0.648098 0.01 0.01
0 0.976543 0.681129 0.01 0.01
0 1.014217 0.727005 0.01 0.01
0 1.022487 0.706820 0.01 0.01
0 1.031675 0.678376 0.01 0.01
0 1.057404 0.677459 0.01 0.01
0 1.060161 0.652685 0.01 0.01
0 1.047296 0.723335 0.01 0.01
0 1.069349 0.699479 0.01 0.01
0 1.078538 0.708655 0.01 0.01
0 1.063836 0.746273 0.01 0.01
0 1.044540 0.754531 0.01 0.01
0 1.023405 0.749026 0.01 0.01
0 0.992164 0.746273 0.01 0.01
0 0.961841 0.770129 0.01 0.01
0 0.975624 0.785727 0.01 0.01
0 0.993082 0.800408 0.01 0.01
0 1.005947 0.787562 0.01 0.01
0 1.027081 0.787562 0.01 0.01
0 1.021568 0.771964 0.01 0.01
0 1.042702 0.782057 0.01 0.01
0 1.029838 0.823346 0.01 0.01
0 1.008703 0.818758 0.01 0.01
0 0.965516 0.812336 0.01 0.01
0 0.968273 0.850872 0.01 0.01
0 0.933355 0.842614 0.01 0.01
0 0.911302 0.843532 0.01 0.01
0 0.929680 0.851789 0.01 0.01
0 0.912221 0.874728 0.01 0.01
0 0.921410 0.890326 0.01 0.01
0 0.957246 0.892161 0.01 0.01
0 0.962759 0.873810 0.01 0.01
0 0.951733 0.873810 0.01 0.01
0 0.982056 0.866470 0.01 0.01
0 0.990326 0.871975 0.01 0.01
0 0.985731 0.908676 0.01 0.01
0 0.976543 0.894913 0.01 0.01
0 0.999515 0.900418 0.01 0.01
0 1.010541 0.890326 0.01 0.01
0 1.016054 0.880233 0.01 0.01
0 1.026162 0.865552 0.01 0.01
0 1.028919 0.882985 0.01 0.01
0 1.031675 0.903171 0.01 0.01
0 1.049134 0.913264 0.01 0.01
0 0.983894 0.966481 0.01 0.01
0 1.047296 0.890326 0.01 0.01
0 1.044540 0.827934 0.01 0.01
0 1.055566 0.831604 0.01 0.01
0 1.058323 0.821511 0.01 0.01
0 1.073944 0.814171 0.01 0.01
0 1.059242 0.802243 0.01 0.01
0 1.089565 0.782975 0.01 0.01
0 1.072106 0.774717 0.01 0.01
0 1.099672 0.808665 0.01 0.01
0 1.082214 0.672871 0.01 0.01
0 1.084970 0.648098 0.01 0.01
0 1.077619 0.608644 0.01 0.01
0 1.094159 0.618737 0.01 0.01
0 1.089565 0.610479 0.01 0.01
0 1.068431 0.559097 0.01 0.01
0 1.061079 0.561850 0.01 0.01
0 1.090484 0.556345 0.01 0.01
0 1.089565 0.579283 0.01 0.01
0 0.988488 0.840779 0.01 0.01
0 0.997677 0.845367 0.01 0.01
0 1.064755 0.842614 0.01 0.01
0 1.087727 0.849037 0.01 0.01
0 1.071187 0.866470 0.01 0.01
0 1.089565 0.895831 0.01 0.01
0 1.063836 0.908676 0.01 0.01
0 0.966435 0.978409 0.01 0.01
0 0.914059 0.998594 0.01 0.01
0 1.110272 0.584788 0.01 0.01
0 1.127730 0.586623 0.01 0.01
0 1.132325 0.623324 0.01 0.01
0 1.124055 0.642592 0.01 0.01
0 1.151621 0.606809 0.01 0.01
0 1.139676 0.581118 0.01 0.01
0 1.168161 0.571025 0.01 0.01
0 1.147027 0.558180 0.01 0.01
0 1.161729 0.543499 0.01 0.01
0 1.198484 0.561850 0.01 0.01
0 1.202160 0.537994 0.01 0.01
0 1.189295 0.547169 0.01 0.01
0 1.216862 0.546252 0.01 0.01
0 1.225132 0.542582 0.01 0.01
0 1.249941 0.539829 0.01 0.01
0 1.278427 0.540747 0.01 0.01
0 1.232483 0.629747 0.01 0.01
0 1.220537 0.622407 0.01 0.01
0 1.204916 0.635252 0.01 0.01
0 1.188376 0.629747 0.01 0.01
0 1.169999 0.612314 0.01 0.01
0 1.173674 0.666448 0.01 0.01
0 1.158972 0.666448 0.01 0.01
0 1.139676 0.672871 0.01 0.01
0 1.123136 0.678376 0.01 0.01
0 1.110272 0.672871 0.01 0.01
0 1.146108 0.639840 0.01 0.01
0 1.158053 0.637087 0.01 0.01
0 1.182863 0.669201 0.01 0.01
0 1.199403 0.661861 0.01 0.01
0 1.222375 0.663696 0.01 0.01
0 1.252698 0.622407 0.01 0.01
0 1.271994 0.621489 0.01 0.01
0 1.256373 0.654520 0.01 0.01
0 1.260049 0.683881 0.01 0.01
0 1.219618 0.689387 0.01 0.01
0 1.194809 0.728840 0.01 0.01
0 1.163567 0.699479 0.01 0.01
0 1.154378 0.713242 0.01 0.01
0 1.173674 0.716912 0.01 0.01
0 1.127730 0.724253 0.01 0.01
0 1.119460 0.708655 0.01 0.01
0 1.117623 0.741686 0.01 0.01
0 1.090975 0.745356 0.01 0.01
0 1.113947 0.773799 0.01 0.01
0 1.116704 0.805913 0.01 0.01
0 1.131406 0.804995 0.01 0.01
0 1.263724 0.582036 0.01 0.01
0 1.286696 0.601304 0.01 0.01
0 1.271076 0.563685 0.01 0.01
0 1.283021 0.562767 0.01 0.01
0 1.298642 0.591211 0.01 0.01
0 1.309668 0.559097 0.01 0.01
0 1.321614 0.584788 0.01 0.01
0 1.344586 0.589376 0.01 0.01
0 1.345505 0.558180 0.01 0.01
0 1.344586 0.611396 0.01 0.01
0 1.317938 0.615067 0.01 0.01
0 1.299561 0.611396 0.01 0.01
0 1.292210 0.634335 0.01 0.01
0 1.292210 0.652685 0.01 0.01
0 1.303236 0.682964 0.01 0.01
0 1.329884 0.638922 0.01 0.01
0 1.341829 0.636170 0.01 0.01
0 1.361126 0.640757 0.01 0.01
0 1.373071 0.635252 0.01 0.01
0 1.373990 0.611396 0.01 0.01
0 1.376747 0.581118 0.01 0.01
0 1.397881 0.578365 0.01 0.01
0 1.400638 0.561850 0.01 0.01
0 1.393287 0.546252 0.01 0.01
0 1.428204 0.557262 0.01 0.01
0 1.443825 0.548087 0.01 0.01
0 1.446582 0.579283 0.01 0.01
0 1.423610 0.599469 0.01 0.01
0 1.430961 0.606809 0.01 0.01
0 1.407989 0.584788 0.01 0.01
0 1.394205 0.615984 0.01 0.01
0 1.400638 0.632500 0.01 0.01
0 1.407070 0.651768 0.01 0.01
0 1.413502 0.665531 0.01 0.01
0 1.373990 0.672871 0.01 0.01
0 1.353775 0.667366 0.01 0.01
0 1.384098 0.699479 0.01 0.01
0 1.391449 0.685716 0.01 0.01
0 1.422691 0.691222 0.01 0.01
0 1.431879 0.662778 0.01 0.01
0 1.453014 0.636170 0.01 0.01
0 1.430042 0.630665 0.01 0.01
0 1.487012 0.562767 0.01 0.01
0 1.475986 0.593046 0.01 0.01
0 1.489769 0.630665 0.01 0.01
0 1.480580 0.621489 0.01 0.01
0 1.509065 0.615067 0.01 0.01
0 1.509984 0.590293 0.01 0.01
0 1.500795 0.580200 0.01 0.01
0 1.511822 0.562767 0.01 0.01
0 1.521011 0.555427 0.01 0.01
0 1.550415 0.587541 0.01 0.01
0 1.563279 0.554510 0.01 0.01
0 1.538469 0.562767 0.01 0.01
0 1.570630 0.605891 0.01 0.01
0 1.550415 0.614149 0.01 0.01
0 1.537551 0.616902 0.01 0.01
0 1.573387 0.582953 0.01 0.01
0 1.580738 0.568273 0.01 0.01
0 1.592683 0.558180 0.01 0.01
0 1.578900 0.634335 0.01 0.01
0 1.594521 0.630665 0.01 0.01
0 1.521930 0.644428 0.01 0.01
0 1.502633 0.639840 0.01 0.01
0 1.491607 0.673789 0.01 0.01
0 1.472310 0.704985 0.01 0.01
0 1.449338 0.682046 0.01 0.01
0 1.449338 0.660943 0.01 0.01
0 1.475986 0.673789 0.01 0.01
0 1.533875 0.661861 0.01 0.01
0 1.549496 0.667366 0.01 0.01
0 1.561441 0.666448 0.01 0.01
0 1.512741 0.684799 0.01 0.01
0 1.538469 0.704985 0.01 0.01
0 1.516416 0.705902 0.01 0.01
0 1.501714 0.704067 0.01 0.01
0 1.490688 0.705902 0.01 0.01
0 1.451176 0.718748 0.01 0.01
0 1.435555 0.708655 0.01 0.01
0 1.399719 0.715995 0.01 0.01
0 1.373990 0.723335 0.01 0.01
0 1.362045 0.726088 0.01 0.01
0 1.342748 0.708655 0.01 0.01
0 1.327127 0.704985 0.01 0.01
0 1.299561 0.700397 0.01 0.01
0 1.292210 0.716912 0.01 0.01
0 1.232483 0.719665 0.01 0.01
0 1.218699 0.723335 0.01 0.01
0 1.255455 0.706820 0.01 0.01
0 1.240753 0.707737 0.01 0.01
0 1.271076 0.708655 0.01 0.01
0 1.236158 0.744438 0.01 0.01
0 1.221456 0.751779 0.01 0.01
0 1.159891 0.761871 0.01 0.01
0 1.147027 0.765542 0.01 0.01
0 1.131406 0.762789 0.01 0.01
0 1.470472 0.733428 0.01 0.01
0 1.497120 0.734346 0.01 0.01
0 1.532956 0.730675 0.01 0.01
0 1.548577 0.739851 0.01 0.01
0 1.572468 0.727923 0.01 0.01
0 1.597278 0.722418 0.01 0.01
0 1.555928 0.703149 0.01 0.01
0 1.588089 0.695809 0.01 0.01
0 1.592683 0.669201 0.01 0.01
0 1.575225 0.654520 0.01 0.01
0 1.562360 0.649015 0.01 0.01
0 1.540307 0.649933 0.01 0.01
0 1.590846 0.748108 0.01 0.01
0 1.566036 0.748108 0.01 0.01
0 1.527443 0.760954 0.01 0.01
0 1.522849 0.747191 0.01 0.01
0 1.451176 0.765542 0.01 0.01
0 1.452095 0.741686 0.01 0.01
0 1.423610 0.754531 0.01 0.01
0 1.391449 0.760036 0.01 0.01
0 1.360207 0.765542 0.01 0.01
0 1.328046 0.733428 0.01 0.01
0 1.305993 0.741686 0.01 0.01
0 1.290372 0.777469 0.01 0.01
0 1.271994 0.771047 0.01 0.01
0 1.237077 0.771047 0.01 0.01
0 1.222375 0.791232 0.01 0.01
0 1.136000 0.861882 0.01 0.01
0 1.164486 0.857295 0.01 0.01
0 1.113947 0.834356 0.01 0.01
0 1.104758 0.843532 0.01 0.01
0 1.109353 0.876563 0.01 0.01
0 1.095570 0.873810 0.01 0.01
0 1.113028 0.888491 0.01 0.01
0 1.087300 0.908676 0.01 0.01
0 1.091894 0.935285 0.01 0.01
0 1.097407 0.927944 0.01 0.01
0 1.060652 0.938037 0.01 0.01
0 1.054220 0.978409 0.01 0.01
0 1.063409 0.969233 0.01 0.01
0 1.037680 0.982996 0.01 0.01
0 1.016546 0.996759 0.01 0.01
0 0.805204 0.984831 0.01 0.01
0 0.832770 1.029790 0.01 0.01
0 0.841959 1.015110 0.01 0.01
0 0.851148 1.010522 0.01 0.01
0 0.869525 1.042636 0.01 0.01
0 0.890659 1.031625 0.01 0.01
0 0.918226 1.020615 0.01 0.01
0 0.942117 1.034378 0.01 0.01
0 0.949468 1.049976 0.01 0.01
0 0.951305 1.017862 0.01 0.01
0 0.962332 1.037130 0.01 0.01
0 0.979791 1.048141 0.01 0.01
0 0.987142 1.036213 0.01 0.01
0 0.982547 1.017862 0.01 0.01
0 0.999087 1.005934 0.01 0.01
0 1.009195 1.037130 0.01 0.01
0 1.014708 1.022450 0.01 0.01
0 1.028491 1.015110 0.01 0.01
0 1.040437 1.016945 0.01 0.01
0 1.038599 1.033460 0.01 0.01
0 1.080867 1.010522 0.01 0.01
0 1.087300 1.042636 0.01 0.01
0 1.069841 1.056399 0.01 0.01
0 1.052382 1.049976 0.01 0.01
0 1.122217 1.029790 0.01 0.01
0 1.103839 1.043553 0.01 0.01
0 1.107515 1.027955 0.01 0.01
0 1.087300 1.030708 0.01 0.01
0 1.152540 1.016027 0.01 0.01
0 1.137838 0.987584 0.01 0.01
0 1.159891 0.986666 0.01 0.01
0 1.098326 0.960058 0.01 0.01
0 1.017465 0.918769 0.01 0.01
0 1.000006 0.920604 0.01 0.01
0 1.214105 1.031625 0.01 0.01
0 1.189295 1.013275 0.01 0.01
0 1.168161 1.049976 0.01 0.01
0 1.180106 1.049058 0.01 0.01
0 1.192971 1.041718 0.01 0.01
0 1.138757 0.893996 0.01 0.01
0 1.126811 0.885738 0.01 0.01
0 1.157134 0.878398 0.01 0.01
0 1.183782 0.899501 0.01 0.01
0 1.173674 0.882068 0.01 0.01
0 1.155297 0.919687 0.01 0.01
0 1.165404 0.922439 0.01 0.01
0 1.221456 0.882068 0.01 0.01
0 1.229726 0.867387 0.01 0.01
0 1.215943 0.865552 0.01 0.01
0 1.182863 0.816006 0.01 0.01
0 1.172755 0.825181 0.01 0.01
0 1.142432 0.820593 0.01 0.01
0 1.145189 0.838944 0.01 0.01
0 1.197565 0.817841 0.01 0.01
0 1.215024 0.824263 0.01 0.01
0 1.229726 0.827934 0.01 0.01
0 1.259130 0.804995 0.01 0.01
0 1.255455 0.838944 0.01 0.01
0 1.290372 0.798573 0.01 0.01
0 1.277508 0.837109 0.01 0.01
0 1.337235 0.811418 0.01 0.01
0 1.328965 0.816006 0.01 0.01
0 1.315182 0.827934 0.01 0.01
0 1.328965 0.874728 0.01 0.01
0 1.350099 0.873810 0.01 0.01
0 1.340910 0.863717 0.01 0.01
0 1.317938 0.906841 0.01 0.01
0 1.285778 0.909594 0.01 0.01
0 1.279345 0.920604 0.01 0.01
0 1.293129 0.939872 0.01 0.01
0 1.252698 0.939872 0.01 0.01
0 1.260049 0.933450 0.01 0.01
0 1.271076 0.942625 0.01 0.01
0 1.362963 0.911429 0.01 0.01
0 1.384098 0.908676 0.01 0.01
0 1.385935 0.859130 0.01 0.01
0 1.398800 0.803160 0.01 0.01
0 1.358369 0.816923 0.01 0.01
0 1.404313 0.853624 0.01 0.01
0 1.424528 0.851789 0.01 0.01
0 1.434636 0.851789 0.01 0.01
0 1.453014 0.877480 0.01 0.01
0 1.440149 0.866470 0.01 0.01
0 1.434636 0.940790 0.01 0.01
0 1.420853 0.940790 0.01 0.01
0 1.465878 0.933450 0.01 0.01
0 1.461284 0.889408 0.01 0.01
0 1.456689 0.893996 0.01 0.01
0 1.423610 0.910511 0.01 0.01
0 1.271994 0.863717 0.01 0.01
0 1.297723 0.813253 0.01 0.01
0 1.363882 1.007770 0.01 0.01
0 1.316101 0.958223 0.01 0.01
0 1.303236 0.962811 0.01 0.01
0 1.294966 0.977491 0.01 0.01
0 1.279345 0.967398 0.01 0.01
0 1.267400 0.980244 0.01 0.01
0 1.291291 0.995842 0.01 0.01
0 1.318857 0.994007 0.01 0.01
0 1.346424 0.982996 0.01 0.01
0 1.341829 0.950883 0.01 0.01
0 1.403394 0.960058 0.01 0.01
0 1.396043 0.930697 0.01 0.01
0 1.425447 0.922439 0.01 0.01
0 1.453014 0.980244 0.01 0.01
0 1.414421 0.999512 0.01 0.01
0 1.391449 0.997677 0.01 0.01
0 1.475067 1.039883 0.01 0.01
0 1.464040 1.004099 0.01 0.01
0 1.423610 1.040801 0.01 0.01
0 1.499877 0.971068 0.01 0.01
0 1.536632 0.962811 0.01 0.01
0 1.509984 0.926109 0.01 0.01
0 1.534794 0.897666 0.01 0.01
0 1.543983 0.928862 0.01 0.01
0 1.558685 0.791232 0.01 0.01
0 1.513660 0.786645 0.01 0.01
0 1.418096 0.798573 0.01 0.01
0 1.429123 0.800408 0.01 0.01
0 1.447500 0.823346 0.01 0.01
0 1.440149 0.816923 0.01 0.01
0 1.536632 0.911429 0.01 0.01
0 1.559604 0.916017 0.01 0.01
0 1.593602 0.905924 0.01 0.01
0 1.579819 0.884820 0.01 0.01
0 1.589927 0.942625 0.01 0.01
0 1.569711 0.928862 0.01 0.01
0 1.585332 0.983914 0.01 0.01
0 1.559604 1.025203 0.01 0.01
0 1.597278 1.023368 0.01 0.01
0 1.328965 0.676541 0.01 0.01
0 1.325289 0.660026 0.01 0.01
0 1.307831 0.659108 0.01 0.01
0 1.310587 0.678376 0.01 0.01
0 1.277508 0.676541 0.01 0.01
0 1.260049 0.858212 0.01 0.01
0 1.523767 0.822428 0.01 0.01
0 1.485174 0.828851 0.01 0.01
0 1.457608 0.838026 0.01 0.01
0 1.447500 0.837109 0.01 0.01
0 1.554090 0.845367 0.01 0.01
0 1.532037 0.847202 0.01 0.01
0 1.566036 0.875645 0.01 0.01
0 1.550415 0.870140 0.01 0.01
0 1.532037 0.871058 0.01 0.01
0 1.585332 0.823346 0.01 0.01
0 1.580738 0.804078 0.01 0.01
0 0.913803 0.621948 0.01 0.01
0 1.555181 0.056749 0.01 0.01
0 1.527615 0.032894 0.01 0.01
