0 0.019920 0.017378 0.01 0.01
0 0.010248 0.074049 0.01 0.01
0 0.016696 0.087812 0.01 0.01
0 0.040876 0.084573 0.01 0.01
0 0.049742 0.038427 0.01 0.01
0 0.069085 0.048142 0.01 0.01
0 0.079563 0.028712 0.01 0.01
0 0.103743 0.033569 0.01 0.01
0 0.115026 0.022235 0.01 0.01
0 0.145654 0.010091 0.01 0.01
0 0.144042 0.020616 0.01 0.01
0 0.138400 0.033569 0.01 0.01
0 0.113415 0.054619 0.01 0.01
0 0.111803 0.070001 0.01 0.01
0 0.086817 0.061095 0.01 0.01
0 0.101325 0.079716 0.01 0.01
0 0.109385 0.104813 0.01 0.01
0 0.073115 0.091860 0.01 0.01
0 0.065055 0.104003 0.01 0.01
0 0.052965 0.112099 0.01 0.01
0 0.065055 0.123433 0.01 0.01
0 0.031204 0.106432 0.01 0.01
0 0.022338 0.124243 0.01 0.01
0 0.043294 0.149340 0.01 0.01
0 0.014278 0.150150 0.01 0.01
0 0.012666 0.188200 0.01 0.01
0 0.036040 0.197915 0.01 0.01
0 0.054577 0.189010 0.01 0.01
0 0.060219 0.157436 0.01 0.01
0 0.073921 0.150959 0.01 0.01
0 0.075533 0.138816 0.01 0.01
0 0.098101 0.155817 0.01 0.01
0 0.109385 0.146911 0.01 0.01
0 0.115026 0.124243 0.01 0.01
0 0.102937 0.133148 0.01 0.01
0 0.126310 0.111290 0.01 0.01
0 0.138400 0.089431 0.01 0.01
0 0.143236 0.057857 0.01 0.01
0 0.156132 0.048142 0.01 0.01
0 0.168222 0.031141 0.01 0.01
0 0.175476 0.046523 0.01 0.01
0 0.181117 0.066762 0.01 0.01
0 0.161774 0.083764 0.01 0.01
0 0.154520 0.102384 0.01 0.01
0 0.145654 0.125862 0.01 0.01
0 0.116638 0.160674 0.01 0.01
0 0.125504 0.176866 0.01 0.01
0 0.091653 0.187391 0.01 0.01
0 0.075533 0.197106 0.01 0.01
0 0.052965 0.214917 0.01 0.01
0 0.033622 0.214917 0.01 0.01
0 0.024756 0.216536 0.01 0.01
0 0.066667 0.232727 0.01 0.01
0 0.073115 0.225441 0.01 0.01
0 0.102131 0.206821 0.01 0.01
0 0.098101 0.230299 0.01 0.01
0 0.110997 0.218155 0.01 0.01
0 0.107773 0.244871 0.01 0.01
0 0.091653 0.259444 0.01 0.01
0 0.083593 0.274826 0.01 0.01
0 0.068279 0.297494 0.01 0.01
0 0.045712 0.284541 0.01 0.01
0 0.035234 0.300733 0.01 0.01
0 0.037652 0.312876 0.01 0.01
0 0.032816 0.323401 0.01 0.01
0 0.031204 0.332307 0.01 0.01
0 0.014278 0.328259 0.01 0.01
0 0.011054 0.286160 0.01 0.01
0 0.011860 0.252158 0.01 0.01
0 0.015890 0.197915 0.01 0.01
0 0.020726 0.354165 0.01 0.01
0 0.052965 0.354165 0.01 0.01
0 0.068279 0.350927 0.01 0.01
0 0.076339 0.337164 0.01 0.01
0 0.067473 0.320972 0.01 0.01
0 0.077145 0.308019 0.01 0.01
0 0.103743 0.323401 0.01 0.01
0 0.097295 0.317734 0.01 0.01
0 0.123892 0.280493 0.01 0.01
0 0.144848 0.261873 0.01 0.01
0 0.139206 0.251348 0.01 0.01
0 0.127922 0.228680 0.01 0.01
0 0.157744 0.220584 0.01 0.01
0 0.149684 0.210869 0.01 0.01
0 0.155326 0.197106 0.01 0.01
0 0.160968 0.183343 0.01 0.01
0 0.155326 0.172818 0.01 0.01
0 0.160162 0.158246 0.01 0.01
0 0.169028 0.166341 0.01 0.01
0 0.181117 0.130720 0.01 0.01
0 0.198043 0.106432 0.01 0.01
0 0.176282 0.121814 0.01 0.01
0 0.208521 0.076477 0.01 0.01
0 0.204491 0.059476 0.01 0.01
0 0.192401 0.029522 0.01 0.01
0 0.196431 0.009282 0.01 0.01
0 0.223029 0.013330 0.01 0.01
0 0.235119 0.051380 0.01 0.01
0 0.235119 0.064334 0.01 0.01
0 0.225447 0.095908 0.01 0.01
0 0.243178 0.104813 0.01 0.01
0 0.248820 0.113718 0.01 0.01
0 0.220611 0.148531 0.01 0.01
0 0.240761 0.146102 0.01 0.01
0 0.185147 0.160674 0.01 0.01
0 0.190789 0.180104 0.01 0.01
0 0.181117 0.197915 0.01 0.01
0 0.197237 0.223822 0.01 0.01
0 0.198849 0.239204 0.01 0.01
0 0.170640 0.248110 0.01 0.01
0 0.160968 0.283731 0.01 0.01
0 0.172252 0.316115 0.01 0.01
0 0.195625 0.277255 0.01 0.01
0 0.210939 0.258634 0.01 0.01
0 0.233507 0.255396 0.01 0.01
0 0.222223 0.288589 0.01 0.01
0 0.227059 0.273207 0.01 0.01
0 0.258492 0.280493 0.01 0.01
0 0.284284 0.286160 0.01 0.01
0 0.272194 0.261873 0.01 0.01
0 0.274612 0.274016 0.01 0.01
0 0.280254 0.257825 0.01 0.01
0 0.242372 0.323401 0.01 0.01
0 0.210939 0.312876 0.01 0.01
0 0.210133 0.324211 0.01 0.01
0 0.206909 0.342831 0.01 0.01
0 0.191595 0.334735 0.01 0.01
0 0.169028 0.346879 0.01 0.01
0 0.154520 0.368738 0.01 0.01
0 0.119056 0.359023 0.01 0.01
0 0.114220 0.376834 0.01 0.01
0 0.098101 0.377643 0.01 0.01
0 0.096489 0.385739 0.01 0.01
0 0.090847 0.414884 0.01 0.01
0 0.063443 0.418123 0.01 0.01
0 0.040876 0.418123 0.01 0.01
0 0.025562 0.410027 0.01 0.01
0 0.036846 0.394645 0.01 0.01
0 0.019114 0.380882 0.01 0.01
0 0.031204 0.369547 0.01 0.01
0 0.002188 0.372786 0.01 0.01
0 0.017502 0.426218 0.01 0.01
0 0.073115 0.448077 0.01 0.01
0 0.113415 0.448887 0.01 0.01
0 0.086817 0.456983 0.01 0.01
0 0.135176 0.424599 0.01 0.01
0 0.143236 0.445648 0.01 0.01
0 0.129534 0.400312 0.01 0.01
0 0.137594 0.388977 0.01 0.01
0 0.164998 0.400312 0.01 0.01
0 0.173864 0.425409 0.01 0.01
0 0.166610 0.450506 0.01 0.01
0 0.152908 0.461031 0.01 0.01
0 0.145654 0.465888 0.01 0.01
0 0.198849 0.439172 0.01 0.01
0 0.190789 0.401931 0.01 0.01
0 0.198849 0.379262 0.01 0.01
0 0.197237 0.367119 0.01 0.01
0 0.233507 0.373595 0.01 0.01
0 0.244790 0.393025 0.01 0.01
0 0.253656 0.407598 0.01 0.01
0 0.227059 0.424599 0.01 0.01
0 0.235119 0.428647 0.01 0.01
0 0.246402 0.435933 0.01 0.01
0 0.236731 0.448887 0.01 0.01
0 0.249626 0.448887 0.01 0.01
0 0.265746 0.444839 0.01 0.01
0 0.266552 0.422170 0.01 0.01
0 0.277836 0.442410 0.01 0.01
0 0.291538 0.403550 0.01 0.01
0 0.277836 0.385739 0.01 0.01
0 0.261716 0.363880 0.01 0.01
0 0.244790 0.354975 0.01 0.01
0 0.264134 0.325830 0.01 0.01
0 0.268970 0.315305 0.01 0.01
0 0.293150 0.299114 0.01 0.01
0 0.292344 0.328259 0.01 0.01
0 0.317329 0.316924 0.01 0.01
0 0.317329 0.291827 0.01 0.01
0 0.333449 0.297494 0.01 0.01
0 0.333449 0.259444 0.01 0.01
0 0.315717 0.248110 0.01 0.01
0 0.277030 0.234347 0.01 0.01
0 0.268970 0.214917 0.01 0.01
0 0.252850 0.232727 0.01 0.01
0 0.232701 0.228680 0.01 0.01
0 0.252044 0.195487 0.01 0.01
0 0.248820 0.179295 0.01 0.01
0 0.270582 0.168770 0.01 0.01
0 0.284284 0.162294 0.01 0.01
0 0.295568 0.152579 0.01 0.01
0 0.327807 0.158246 0.01 0.01
0 0.319747 0.142864 0.01 0.01
0 0.305239 0.108051 0.01 0.01
0 0.279448 0.105623 0.01 0.01
0 0.271388 0.088621 0.01 0.01
0 0.268164 0.074858 0.01 0.01
0 0.303628 0.427838 0.01 0.01
0 0.321359 0.435124 0.01 0.01
0 0.317329 0.454554 0.01 0.01
0 0.392286 0.432695 0.01 0.01
0 0.372136 0.433505 0.01 0.01
0 0.339091 0.418123 0.01 0.01
0 0.364883 0.403550 0.01 0.01
0 0.330225 0.400312 0.01 0.01
0 0.368912 0.376024 0.01 0.01
0 0.332643 0.356594 0.01 0.01
0 0.306045 0.371976 0.01 0.01
0 0.366495 0.333116 0.01 0.01
0 0.349569 0.315305 0.01 0.01
0 0.378584 0.333116 0.01 0.01
0 0.385838 0.310448 0.01 0.01
0 0.365689 0.300733 0.01 0.01
0 0.351181 0.282922 0.01 0.01
0 0.364077 0.258634 0.01 0.01
0 0.349569 0.248919 0.01 0.01
0 0.346345 0.229489 0.01 0.01
0 0.322165 0.210059 0.01 0.01
0 0.384226 0.235966 0.01 0.01
0 0.369718 0.218965 0.01 0.01
0 0.353599 0.177676 0.01 0.01
0 0.358435 0.206011 0.01 0.01
0 0.322165 0.189819 0.01 0.01
0 0.382614 0.121814 0.01 0.01
0 0.383420 0.139625 0.01 0.01
0 0.380196 0.150959 0.01 0.01
0 0.328613 0.098336 0.01 0.01
0 0.300404 0.087812 0.01 0.01
0 0.331031 0.084573 0.01 0.01
0 0.300404 0.075668 0.01 0.01
0 0.308463 0.059476 0.01 0.01
0 0.288314 0.041665 0.01 0.01
0 0.255268 0.047332 0.01 0.01
0 0.250432 0.026283 0.01 0.01
0 0.285896 0.017378 0.01 0.01
0 0.374554 0.040856 0.01 0.01
0 0.401958 0.043284 0.01 0.01
0 0.429362 0.042475 0.01 0.01
0 0.388256 0.084573 0.01 0.01
0 0.405182 0.096717 0.01 0.01
0 0.421302 0.107242 0.01 0.01
0 0.389868 0.098336 0.01 0.01
0 0.436615 0.163103 0.01 0.01
0 0.406794 0.163103 0.01 0.01
0 0.401152 0.178485 0.01 0.01
0 0.408406 0.184152 0.01 0.01
0 0.400346 0.208440 0.01 0.01
0 0.426138 0.202773 0.01 0.01
0 0.418078 0.218155 0.01 0.01
0 0.409212 0.235966 0.01 0.01
0 0.405182 0.250538 0.01 0.01
0 0.406794 0.295066 0.01 0.01
0 0.417272 0.265111 0.01 0.01
0 0.438227 0.285351 0.01 0.01
0 0.426944 0.278064 0.01 0.01
0 0.439033 0.254586 0.01 0.01
0 0.467243 0.256205 0.01 0.01
0 0.449511 0.236775 0.01 0.01
0 0.451929 0.214917 0.01 0.01
0 0.451929 0.288589 0.01 0.01
0 0.425332 0.308019 0.01 0.01
0 0.412436 0.334735 0.01 0.01
0 0.405988 0.358213 0.01 0.01
0 0.399540 0.399502 0.01 0.01
0 0.423720 0.382501 0.01 0.01
0 0.427750 0.404360 0.01 0.01
0 0.430974 0.417313 0.01 0.01
0 0.407600 0.413265 0.01 0.01
0 0.402764 0.451316 0.01 0.01
0 0.422914 0.461840 0.01 0.01
0 0.454347 0.461031 0.01 0.01
0 0.456765 0.422980 0.01 0.01
0 0.474497 0.390597 0.01 0.01
0 0.466437 0.359023 0.01 0.01
0 0.448705 0.337164 0.01 0.01
0 0.461601 0.311257 0.01 0.01
0 0.501094 0.300733 0.01 0.01
0 0.498676 0.340402 0.01 0.01
0 0.478527 0.324211 0.01 0.01
0 0.513184 0.323401 0.01 0.01
0 0.530916 0.348498 0.01 0.01
0 0.518020 0.362261 0.01 0.01
0 0.512378 0.375215 0.01 0.01
0 0.497870 0.418932 0.01 0.01
0 0.480945 0.440791 0.01 0.01
0 0.496258 0.453744 0.01 0.01
0 0.519632 0.431886 0.01 0.01
0 0.530110 0.405979 0.01 0.01
0 0.538976 0.394645 0.01 0.01
0 0.555902 0.380072 0.01 0.01
0 0.580887 0.381691 0.01 0.01
0 0.592977 0.406788 0.01 0.01
0 0.566379 0.416503 0.01 0.01
0 0.555096 0.439172 0.01 0.01
0 0.533334 0.459411 0.01 0.01
0 0.602649 0.461031 0.01 0.01
0 0.595395 0.435933 0.01 0.01
0 0.616351 0.465888 0.01 0.01
0 0.638112 0.446458 0.01 0.01
0 0.638112 0.423790 0.01 0.01
0 0.627634 0.403550 0.01 0.01
0 0.610709 0.381691 0.01 0.01
0 0.599425 0.359023 0.01 0.01
0 0.570409 0.339593 0.01 0.01
0 0.547842 0.354165 0.01 0.01
0 0.552678 0.302352 0.01 0.01
0 0.539782 0.295066 0.01 0.01
0 0.541394 0.269968 0.01 0.01
0 0.505124 0.269159 0.01 0.01
0 0.501900 0.239204 0.01 0.01
0 0.484975 0.227060 0.01 0.01
0 0.464825 0.208440 0.01 0.01
0 0.464019 0.192248 0.01 0.01
0 0.465631 0.167151 0.01 0.01
0 0.447899 0.152579 0.01 0.01
0 0.452735 0.142864 0.01 0.01
0 0.443869 0.123433 0.01 0.01
0 0.454347 0.106432 0.01 0.01
0 0.469661 0.046523 0.01 0.01
0 0.497064 0.042475 0.01 0.01
0 0.499482 0.104003 0.01 0.01
0 0.510766 0.091860 0.01 0.01
0 0.518826 0.073239 0.01 0.01
0 0.522050 0.138006 0.01 0.01
0 0.499482 0.133958 0.01 0.01
0 0.518020 0.153388 0.01 0.01
0 0.501900 0.166341 0.01 0.01
0 0.548648 0.172818 0.01 0.01
0 0.497870 0.189819 0.01 0.01
0 0.515602 0.189819 0.01 0.01
0 0.545424 0.197915 0.01 0.01
0 0.527692 0.211678 0.01 0.01
0 0.501900 0.209250 0.01 0.01
0 0.550260 0.229489 0.01 0.01
0 0.536558 0.248919 0.01 0.01
0 0.563155 0.280493 0.01 0.01
0 0.576857 0.268349 0.01 0.01
0 0.584917 0.230299 0.01 0.01
0 0.596201 0.251348 0.01 0.01
0 0.593783 0.282112 0.01 0.01
0 0.583305 0.298304 0.01 0.01
0 0.621993 0.332307 0.01 0.01
0 0.609097 0.303161 0.01 0.01
0 0.627634 0.316115 0.01 0.01
0 0.646978 0.315305 0.01 0.01
0 0.630858 0.359832 0.01 0.01
0 0.665516 0.354165 0.01 0.01
0 0.650202 0.342831 0.01 0.01
0 0.675994 0.382501 0.01 0.01
0 0.653426 0.383310 0.01 0.01
0 0.648590 0.394645 0.01 0.01
0 0.685666 0.405979 0.01 0.01
0 0.676800 0.429457 0.01 0.01
0 0.696143 0.438362 0.01 0.01
0 0.687277 0.332307 0.01 0.01
0 0.696949 0.270778 0.01 0.01
0 0.669546 0.267540 0.01 0.01
0 0.651008 0.252967 0.01 0.01
0 0.638112 0.261063 0.01 0.01
0 0.620381 0.280493 0.01 0.01
0 0.618769 0.230299 0.01 0.01
0 0.627634 0.227060 0.01 0.01
0 0.597813 0.217345 0.01 0.01
0 0.603455 0.200344 0.01 0.01
0 0.588141 0.189010 0.01 0.01
0 0.572827 0.200344 0.01 0.01
0 0.677606 0.240823 0.01 0.01
0 0.695337 0.216536 0.01 0.01
0 0.675188 0.222203 0.01 0.01
0 0.658262 0.201963 0.01 0.01
0 0.638918 0.211678 0.01 0.01
0 0.623604 0.183343 0.01 0.01
0 0.634082 0.162294 0.01 0.01
0 0.621993 0.153388 0.01 0.01
0 0.616351 0.134768 0.01 0.01
0 0.594589 0.140435 0.01 0.01
0 0.547036 0.147721 0.01 0.01
0 0.555096 0.134768 0.01 0.01
0 0.572827 0.104813 0.01 0.01
0 0.548648 0.112099 0.01 0.01
0 0.617157 0.114528 0.01 0.01
0 0.597007 0.097527 0.01 0.01
0 0.586529 0.117766 0.01 0.01
0 0.651008 0.116147 0.01 0.01
0 0.682442 0.133958 0.01 0.01
0 0.683248 0.123433 0.01 0.01
0 0.669546 0.110480 0.01 0.01
0 0.655038 0.095908 0.01 0.01
0 0.700173 0.102384 0.01 0.01
0 0.689695 0.093479 0.01 0.01
0 0.684860 0.110480 0.01 0.01
0 0.667128 0.101575 0.01 0.01
0 0.663098 0.078906 0.01 0.01
0 0.696143 0.075668 0.01 0.01
0 0.662292 0.058667 0.01 0.01
0 0.630052 0.072430 0.01 0.01
0 0.599425 0.077287 0.01 0.01
0 0.602649 0.059476 0.01 0.01
0 0.658262 0.044094 0.01 0.01
0 0.688083 0.052190 0.01 0.01
0 0.447504 0.017378 0.01 0.01
0 0.491028 0.027093 0.01 0.01
0 0.473296 0.017378 0.01 0.01
0 0.491834 0.012520 0.01 0.01
0 0.526491 0.027093 0.01 0.01
0 0.541805 0.035189 0.01 0.01
0 0.550671 0.020616 0.01 0.01
0 0.574044 0.031141 0.01 0.01
0 0.631269 0.058667 0.01 0.01
0 0.391891 0.025474 0.01 0.01
0 0.376577 0.024664 0.01 0.01
0 0.427355 0.023045 0.01 0.01
0 0.479744 0.009282 0.01 0.01
0 0.557119 0.010901 0.01 0.01
0 0.599030 0.008472 0.01 0.01
0 0.661607 0.023045 0.01 0.01
0 0.668055 0.006853 0.01 0.01
0 0.665637 0.172818 0.01 0.01
0 0.653547 0.150959 0.01 0.01
0 0.646293 0.140435 0.01 0.01
0 0.681756 0.170389 0.01 0.01
0 0.677727 0.154198 0.01 0.01
0 0.706742 0.125053 0.01 0.01
0 0.714802 0.094288 0.01 0.01
0 0.703518 0.068382 0.01 0.01
0 0.730116 0.061905 0.01 0.01
0 0.707548 0.422170 0.01 0.01
0 0.733340 0.423790 0.01 0.01
0 0.718832 0.402740 0.01 0.01
0 0.712384 0.377643 0.01 0.01
0 0.718026 0.346069 0.01 0.01
0 0.734952 0.324211 0.01 0.01
0 0.723668 0.283731 0.01 0.01
0 0.691428 0.176057 0.01 0.01
0 0.704324 0.179295 0.01 0.01
0 0.710772 0.160674 0.01 0.01
0 0.744623 0.138816 0.01 0.01
0 0.730922 0.105623 0.01 0.01
0 0.759131 0.104813 0.01 0.01
0 0.741400 0.091050 0.01 0.01
0 0.763967 0.078906 0.01 0.01
0 0.753489 0.070810 0.01 0.01
0 0.737370 0.047332 0.01 0.01
0 0.726892 0.014949 0.01 0.01
0 0.761549 0.037617 0.01 0.01
0 0.819580 0.035189 0.01 0.01
0 0.784117 0.053809 0.01 0.01
0 0.788953 0.108861 0.01 0.01
0 0.803461 0.078097 0.01 0.01
0 0.818774 0.108861 0.01 0.01
0 0.801043 0.132339 0.01 0.01
0 0.779281 0.146102 0.01 0.01
0 0.774445 0.125862 0.01 0.01
0 0.752683 0.156626 0.01 0.01
0 0.765579 0.168770 0.01 0.01
0 0.772027 0.185772 0.01 0.01
0 0.781699 0.208440 0.01 0.01
0 0.785729 0.224632 0.01 0.01
0 0.812326 0.182533 0.01 0.01
0 0.800237 0.169580 0.01 0.01
0 0.805879 0.149340 0.01 0.01
0 0.830058 0.163913 0.01 0.01
0 0.857462 0.175247 0.01 0.01
0 0.836506 0.203582 0.01 0.01
0 0.836506 0.190629 0.01 0.01
0 0.819580 0.224632 0.01 0.01
0 0.836506 0.248110 0.01 0.01
0 0.834894 0.274826 0.01 0.01
0 0.747041 0.350927 0.01 0.01
0 0.777669 0.337974 0.01 0.01
0 0.792983 0.330687 0.01 0.01
0 0.809908 0.355784 0.01 0.01
0 0.784117 0.364690 0.01 0.01
0 0.769609 0.367928 0.01 0.01
0 0.790565 0.393025 0.01 0.01
0 0.763967 0.415694 0.01 0.01
0 0.831670 0.415694 0.01 0.01
0 0.837312 0.443220 0.01 0.01
0 0.802655 0.450506 0.01 0.01
0 0.736564 0.448887 0.01 0.01
0 0.714802 0.452935 0.01 0.01
0 0.881641 0.458602 0.01 0.01
0 0.859074 0.448077 0.01 0.01
0 0.926777 0.447268 0.01 0.01
0 0.975942 0.390597 0.01 0.01
0 0.941284 0.377643 0.01 0.01
0 0.925971 0.372786 0.01 0.01
0 0.910657 0.357404 0.01 0.01
0 0.898567 0.353356 0.01 0.01
0 0.873581 0.347689 0.01 0.01
0 0.867134 0.327449 0.01 0.01
0 0.837312 0.342022 0.01 0.01
0 0.817968 0.322591 0.01 0.01
0 0.866328 0.409217 0.01 0.01
0 0.884865 0.416503 0.01 0.01
0 0.888089 0.451316 0.01 0.01
0 0.811520 0.396264 0.01 0.01
0 0.891313 0.322591 0.01 0.01
0 0.875999 0.312067 0.01 0.01
0 0.863910 0.275636 0.01 0.01
0 0.904209 0.278874 0.01 0.01
0 0.909045 0.318544 0.01 0.01
0 0.930001 0.319353 0.01 0.01
0 0.952568 0.311257 0.01 0.01
0 0.960628 0.305590 0.01 0.01
0 0.984808 0.317734 0.01 0.01
0 0.933225 0.272397 0.01 0.01
0 0.876805 0.253777 0.01 0.01
0 0.886477 0.233537 0.01 0.01
0 0.892925 0.225441 0.01 0.01
0 0.896149 0.215726 0.01 0.01
0 0.876805 0.206821 0.01 0.01
0 0.802655 0.259444 0.01 0.01
0 0.767997 0.293446 0.01 0.01
0 0.790565 0.299114 0.01 0.01
0 0.755101 0.303971 0.01 0.01
0 0.961434 0.233537 0.01 0.01
0 0.963046 0.203582 0.01 0.01
0 0.954180 0.190629 0.01 0.01
0 0.954180 0.178485 0.01 0.01
0 0.933225 0.138006 0.01 0.01
0 0.918717 0.128291 0.01 0.01
0 0.880835 0.115338 0.01 0.01
0 0.883253 0.152579 0.01 0.01
0 0.857462 0.145292 0.01 0.01
0 0.895343 0.187391 0.01 0.01
0 0.868746 0.078906 0.01 0.01
0 0.860686 0.070001 0.01 0.01
0 0.855044 0.052190 0.01 0.01
0 0.832476 0.064334 0.01 0.01
0 0.826834 0.079716 0.01 0.01
0 0.839730 0.098336 0.01 0.01
0 0.815550 0.060286 0.01 0.01
0 0.793789 0.021426 0.01 0.01
0 0.879223 0.032760 0.01 0.01
0 0.836506 0.031950 0.01 0.01
0 0.886477 0.060286 0.01 0.01
0 0.886477 0.079716 0.01 0.01
0 0.932419 0.108861 0.01 0.01
0 0.912269 0.102384 0.01 0.01
0 0.935642 0.097527 0.01 0.01
0 0.951762 0.092669 0.01 0.01
0 0.952568 0.080525 0.01 0.01
0 0.946120 0.062715 0.01 0.01
0 0.941284 0.053000 0.01 0.01
0 0.918717 0.062715 0.01 0.01
0 0.911463 0.051380 0.01 0.01
0 0.912269 0.043284 0.01 0.01
0 0.877611 0.010091 0.01 0.01
0 0.896955 0.009282 0.01 0.01
0 0.921135 0.006044 0.01 0.01
0 1.010599 0.387358 0.01 0.01
0 1.047675 0.376024 0.01 0.01
0 1.063794 0.369547 0.01 0.01
0 1.085556 0.367928 0.01 0.01
0 1.038809 0.312067 0.01 0.01
0 1.056541 0.308019 0.01 0.01
0 1.081526 0.303161 0.01 0.01
0 1.069436 0.278874 0.01 0.01
0 1.032361 0.292637 0.01 0.01
0 1.025913 0.274826 0.01 0.01
0 1.014629 0.257825 0.01 0.01
0 0.997704 0.244871 0.01 0.01
0 0.988032 0.231918 0.01 0.01
0 0.979166 0.225441 0.01 0.01
0 1.001733 0.208440 0.01 0.01
0 1.013823 0.225441 0.01 0.01
0 1.044451 0.261873 0.01 0.01
0 1.033167 0.236775 0.01 0.01
0 1.050899 0.218965 0.01 0.01
0 1.099258 0.305590 0.01 0.01
0 1.095228 0.292637 0.01 0.01
0 1.091198 0.218965 0.01 0.01
0 1.038809 0.206011 0.01 0.01
0 1.038003 0.192248 0.01 0.01
0 1.022689 0.188200 0.01 0.01
0 1.010599 0.172818 0.01 0.01
0 1.036391 0.176057 0.01 0.01
0 1.050899 0.187391 0.01 0.01
0 1.058153 0.176866 0.01 0.01
0 1.069436 0.153388 0.01 0.01
0 1.052511 0.138006 0.01 0.01
0 1.033167 0.148531 0.01 0.01
0 1.007375 0.115338 0.01 0.01
0 0.984808 0.113718 0.01 0.01
0 0.967882 0.107242 0.01 0.01
0 0.976748 0.087002 0.01 0.01
0 0.967076 0.070001 0.01 0.01
0 0.963852 0.057857 0.01 0.01
0 0.944508 0.040046 0.01 0.01
0 0.953374 0.032760 0.01 0.01
0 0.983196 0.051380 0.01 0.01
0 0.976748 0.039237 0.01 0.01
0 0.982390 0.014949 0.01 0.01
0 0.999315 0.009282 0.01 0.01
0 1.025913 0.008472 0.01 0.01
0 1.013017 0.031950 0.01 0.01
0 1.036391 0.023045 0.01 0.01
0 1.057347 0.023045 0.01 0.01
0 1.030749 0.041665 0.01 0.01
0 1.009793 0.051380 0.01 0.01
0 1.001733 0.033569 0.01 0.01
0 1.046063 0.072430 0.01 0.01
0 1.017853 0.073239 0.01 0.01
0 1.061377 0.044904 0.01 0.01
0 1.065406 0.056238 0.01 0.01
0 1.075078 0.035998 0.01 0.01
0 1.111348 0.061905 0.01 0.01
0 1.099258 0.033569 0.01 0.01
0 1.154065 0.360642 0.01 0.01
0 1.114572 0.364690 0.01 0.01
0 1.139557 0.377643 0.01 0.01
0 1.175827 0.428647 0.01 0.01
0 1.132303 0.439172 0.01 0.01
0 1.152453 0.438362 0.01 0.01
0 1.104094 0.444029 0.01 0.01
0 1.092810 0.397073 0.01 0.01
0 1.220156 0.442410 0.01 0.01
0 1.231440 0.422980 0.01 0.01
0 1.220156 0.288589 0.01 0.01
0 1.192752 0.303161 0.01 0.01
0 1.202424 0.275636 0.01 0.01
0 1.188723 0.266730 0.01 0.01
0 1.220156 0.261063 0.01 0.01
0 1.218544 0.234347 0.01 0.01
0 1.182275 0.234347 0.01 0.01
0 1.236276 0.228680 0.01 0.01
0 1.161319 0.275636 0.01 0.01
0 1.148423 0.255396 0.01 0.01
0 1.137945 0.242443 0.01 0.01
0 1.129079 0.235966 0.01 0.01
0 1.124244 0.295875 0.01 0.01
0 1.137139 0.290208 0.01 0.01
0 1.162931 0.299114 0.01 0.01
0 1.168573 0.248110 0.01 0.01
0 1.152453 0.221393 0.01 0.01
0 1.115378 0.217345 0.01 0.01
0 1.133915 0.210869 0.01 0.01
0 1.113766 0.193058 0.01 0.01
0 1.098452 0.183343 0.01 0.01
0 1.114572 0.173628 0.01 0.01
0 1.107318 0.163913 0.01 0.01
0 1.095228 0.141244 0.01 0.01
0 1.082332 0.128291 0.01 0.01
0 1.081526 0.099146 0.01 0.01
0 1.066212 0.114528 0.01 0.01
0 1.033167 0.095098 0.01 0.01
0 1.067824 0.081335 0.01 0.01
0 1.119408 0.079716 0.01 0.01
0 1.166155 0.091050 0.01 0.01
0 1.184693 0.085383 0.01 0.01
0 1.179051 0.077287 0.01 0.01
0 1.154871 0.063524 0.01 0.01
0 1.182275 0.061095 0.01 0.01
0 1.175827 0.052190 0.01 0.01
0 1.187111 0.115338 0.01 0.01
0 1.206454 0.111290 0.01 0.01
0 1.207260 0.094288 0.01 0.01
0 1.225798 0.048142 0.01 0.01
0 1.241112 0.061095 0.01 0.01
0 1.240306 0.048142 0.01 0.01
0 1.242724 0.032760 0.01 0.01
0 1.222574 0.133148 0.01 0.01
0 1.199200 0.138006 0.01 0.01
0 1.179051 0.149340 0.01 0.01
0 1.157289 0.138816 0.01 0.01
0 1.169379 0.130720 0.01 0.01
0 1.195976 0.179295 0.01 0.01
0 1.214514 0.201963 0.01 0.01
0 1.235470 0.198725 0.01 0.01
0 1.230634 0.184152 0.01 0.01
0 1.219350 0.172818 0.01 0.01
0 1.247560 0.157436 0.01 0.01
0 1.247560 0.169580 0.01 0.01
0 1.248366 0.180914 0.01 0.01
0 1.121020 0.038427 0.01 0.01
0 1.047675 0.006853 0.01 0.01
0 1.067018 0.003615 0.01 0.01
0 1.112154 0.011711 0.01 0.01
0 0.985614 0.172009 0.01 0.01
0 1.051705 0.091860 0.01 0.01
0 1.171797 0.346069 0.01 0.01
0 1.159707 0.329878 0.01 0.01
0 1.191946 0.350927 0.01 0.01
0 1.243530 0.371167 0.01 0.01
0 1.243530 0.282922 0.01 0.01
0 1.021077 0.376024 0.01 0.01
0 0.964658 0.329878 0.01 0.01
0 0.932419 0.200344 0.01 0.01
0 1.206454 0.027093 0.01 0.01
0 1.220156 0.014949 0.01 0.01
0 1.228216 0.072430 0.01 0.01
0 1.150841 0.053809 0.01 0.01
0 0.953374 0.150150 0.01 0.01
0 1.035585 0.398693 0.01 0.01
0 1.267991 0.010901 0.01 0.01
0 1.292171 0.026283 0.01 0.01
0 1.302649 0.019807 0.01 0.01
0 1.326022 0.019807 0.01 0.01
0 1.345366 0.048142 0.01 0.01
0 1.366322 0.055428 0.01 0.01
0 1.365516 0.042475 0.01 0.01
0 1.392113 0.035998 0.01 0.01
0 1.392919 0.058667 0.01 0.01
0 1.385666 0.074858 0.01 0.01
0 1.297813 0.092669 0.01 0.01
0 1.269603 0.091860 0.01 0.01
0 1.272827 0.104813 0.01 0.01
0 1.283305 0.094288 0.01 0.01
0 1.257514 0.116957 0.01 0.01
0 1.260737 0.147721 0.01 0.01
0 1.259126 0.133148 0.01 0.01
0 1.269603 0.144483 0.01 0.01
0 1.289753 0.141244 0.01 0.01
0 1.302649 0.129910 0.01 0.01
0 1.313933 0.121814 0.01 0.01
0 1.314739 0.105623 0.01 0.01
0 1.375188 0.121005 0.01 0.01
0 1.359874 0.121005 0.01 0.01
0 1.343754 0.093479 0.01 0.01
0 1.398561 0.119386 0.01 0.01
0 1.395337 0.147721 0.01 0.01
0 1.384054 0.159055 0.01 0.01
0 1.353426 0.159055 0.01 0.01
0 1.332470 0.163913 0.01 0.01
0 1.324410 0.151769 0.01 0.01
0 1.311515 0.166341 0.01 0.01
0 1.290559 0.166341 0.01 0.01
0 1.272021 0.171199 0.01 0.01
0 1.245424 0.205202 0.01 0.01
0 1.280081 0.187391 0.01 0.01
0 1.304261 0.197915 0.01 0.01
0 1.338918 0.186581 0.01 0.01
0 1.375188 0.182533 0.01 0.01
0 1.359874 0.188200 0.01 0.01
0 1.365516 0.198725 0.01 0.01
0 1.394531 0.190629 0.01 0.01
0 1.388083 0.204392 0.01 0.01
0 1.367128 0.228680 0.01 0.01
0 1.344560 0.261063 0.01 0.01
0 1.367934 0.259444 0.01 0.01
0 1.392919 0.258634 0.01 0.01
0 1.390501 0.231108 0.01 0.01
0 1.337306 0.240823 0.01 0.01
0 1.272827 0.283731 0.01 0.01
0 1.287335 0.302352 0.01 0.01
0 1.300231 0.296685 0.01 0.01
0 1.305067 0.284541 0.01 0.01
0 1.318769 0.295875 0.01 0.01
0 1.319575 0.280493 0.01 0.01
0 1.332470 0.287779 0.01 0.01
0 1.361486 0.294256 0.01 0.01
0 1.351814 0.280493 0.01 0.01
0 1.363904 0.316115 0.01 0.01
0 1.388889 0.299923 0.01 0.01
0 1.392113 0.333926 0.01 0.01
0 1.361486 0.333926 0.01 0.01
0 1.347784 0.333926 0.01 0.01
0 1.330052 0.325020 0.01 0.01
0 1.258320 0.322591 0.01 0.01
0 1.260737 0.345260 0.01 0.01
0 1.229304 0.328259 0.01 0.01
0 1.276051 0.369547 0.01 0.01
0 1.304261 0.364690 0.01 0.01
0 1.309097 0.380072 0.01 0.01
0 1.316351 0.404360 0.01 0.01
0 1.316351 0.417313 0.01 0.01
0 1.284917 0.418123 0.01 0.01
0 1.279275 0.399502 0.01 0.01
0 1.252678 0.415694 0.01 0.01
0 1.254290 0.403550 0.01 0.01
0 1.242200 0.395454 0.01 0.01
0 1.257514 0.427838 0.01 0.01
0 1.254290 0.440791 0.01 0.01
0 1.263155 0.464269 0.01 0.01
0 1.288141 0.445648 0.01 0.01
0 1.299425 0.431886 0.01 0.01
0 1.331664 0.454554 0.01 0.01
0 1.302649 0.461840 0.01 0.01
0 1.001411 0.302757 0.01 0.01
0 1.344762 0.406384 0.01 0.01
0 1.349598 0.383715 0.01 0.01
0 0.071503 0.476008 0.01 0.01
0 0.041682 0.488152 0.01 0.01
0 0.023144 0.505153 0.01 0.01
0 0.005412 0.497057 0.01 0.01
0 0.091653 0.505963 0.01 0.01
0 0.069085 0.493819 0.01 0.01
0 0.127922 0.474389 0.01 0.01
0 0.136788 0.495438 0.01 0.01
0 0.164998 0.493009 0.01 0.01
0 0.164998 0.470341 0.01 0.01
0 0.102937 0.540775 0.01 0.01
0 0.040070 0.531869 0.01 0.01
0 0.023950 0.570729 0.01 0.01
0 0.036040 0.561014 0.01 0.01
0 0.060219 0.568301 0.01 0.01
0 0.018308 0.587731 0.01 0.01
0 0.012666 0.605542 0.01 0.01
0 0.018308 0.644402 0.01 0.01
0 0.032816 0.636306 0.01 0.01
0 0.046518 0.607161 0.01 0.01
0 0.073115 0.584492 0.01 0.01
0 0.086011 0.601494 0.01 0.01
0 0.114220 0.611209 0.01 0.01
0 0.115026 0.629829 0.01 0.01
0 0.106967 0.653307 0.01 0.01
0 0.082787 0.645211 0.01 0.01
0 0.065861 0.654926 0.01 0.01
0 0.031204 0.669499 0.01 0.01
0 0.007024 0.680833 0.01 0.01
0 0.027980 0.711597 0.01 0.01
0 0.023144 0.728599 0.01 0.01
0 0.014278 0.748838 0.01 0.01
0 0.015084 0.775555 0.01 0.01
0 0.028786 0.795794 0.01 0.01
0 0.027980 0.818463 0.01 0.01
0 0.019114 0.837083 0.01 0.01
0 0.015084 0.851656 0.01 0.01
0 0.044906 0.834654 0.01 0.01
0 0.051353 0.816034 0.01 0.01
0 0.061831 0.793365 0.01 0.01
0 0.078757 0.780412 0.01 0.01
0 0.057801 0.768268 0.01 0.01
0 0.062637 0.751267 0.01 0.01
0 0.062637 0.714026 0.01 0.01
0 0.078757 0.736694 0.01 0.01
0 0.099713 0.717264 0.01 0.01
0 0.099713 0.704311 0.01 0.01
0 0.098101 0.673547 0.01 0.01
0 0.134370 0.659784 0.01 0.01
0 0.152102 0.683262 0.01 0.01
0 0.175476 0.672737 0.01 0.01
0 0.173864 0.643592 0.01 0.01
0 0.155326 0.632258 0.01 0.01
0 0.134370 0.595827 0.01 0.01
0 0.142430 0.612828 0.01 0.01
0 0.138400 0.573158 0.01 0.01
0 0.144848 0.561824 0.01 0.01
0 0.173058 0.568301 0.01 0.01
0 0.166610 0.549680 0.01 0.01
0 0.179505 0.586921 0.01 0.01
0 0.182729 0.623352 0.01 0.01
0 0.159356 0.596636 0.01 0.01
0 0.204491 0.636306 0.01 0.01
0 0.206103 0.663022 0.01 0.01
0 0.216581 0.616066 0.01 0.01
0 0.201267 0.595827 0.01 0.01
0 0.207715 0.580444 0.01 0.01
0 0.204491 0.561014 0.01 0.01
0 0.184341 0.542394 0.01 0.01
0 0.184341 0.522154 0.01 0.01
0 0.206103 0.482485 0.01 0.01
0 0.229477 0.474389 0.01 0.01
0 0.243984 0.488152 0.01 0.01
0 0.231089 0.492200 0.01 0.01
0 0.251238 0.468722 0.01 0.01
0 0.261716 0.464674 0.01 0.01
0 0.264940 0.480056 0.01 0.01
0 0.282672 0.495438 0.01 0.01
0 0.264940 0.515678 0.01 0.01
0 0.293150 0.474389 0.01 0.01
0 0.300404 0.512439 0.01 0.01
0 0.297986 0.525393 0.01 0.01
0 0.319747 0.531869 0.01 0.01
0 0.309269 0.514868 0.01 0.01
0 0.265746 0.565872 0.01 0.01
0 0.256074 0.540775 0.01 0.01
0 0.239955 0.556157 0.01 0.01
0 0.244790 0.570729 0.01 0.01
0 0.245596 0.604732 0.01 0.01
0 0.237537 0.580444 0.01 0.01
0 0.247208 0.620114 0.01 0.01
0 0.232701 0.633877 0.01 0.01
0 0.238343 0.654117 0.01 0.01
0 0.263328 0.638735 0.01 0.01
0 0.289120 0.628210 0.01 0.01
0 0.285896 0.603113 0.01 0.01
0 0.297180 0.588540 0.01 0.01
0 0.266552 0.589350 0.01 0.01
0 0.322165 0.599065 0.01 0.01
0 0.316523 0.615257 0.01 0.01
0 0.311687 0.643592 0.01 0.01
0 0.293956 0.654117 0.01 0.01
0 0.308463 0.669499 0.01 0.01
0 0.316523 0.689739 0.01 0.01
0 0.304434 0.710788 0.01 0.01
0 0.293956 0.726979 0.01 0.01
0 0.260104 0.672737 0.01 0.01
0 0.194013 0.722932 0.01 0.01
0 0.173058 0.722932 0.01 0.01
0 0.157744 0.702692 0.01 0.01
0 0.141624 0.714026 0.01 0.01
0 0.132758 0.691358 0.01 0.01
0 0.128728 0.729408 0.01 0.01
0 0.135176 0.750457 0.01 0.01
0 0.131146 0.772316 0.01 0.01
0 0.094071 0.760172 0.01 0.01
0 0.098101 0.792556 0.01 0.01
0 0.091653 0.812795 0.01 0.01
0 0.086817 0.827368 0.01 0.01
0 0.088429 0.851656 0.01 0.01
0 0.065055 0.857323 0.01 0.01
0 0.111803 0.814415 0.01 0.01
0 0.123892 0.796604 0.01 0.01
0 0.128728 0.826558 0.01 0.01
0 0.144042 0.840321 0.01 0.01
0 0.156132 0.824130 0.01 0.01
0 0.169834 0.790127 0.01 0.01
0 0.147266 0.807938 0.01 0.01
0 0.156938 0.770697 0.01 0.01
0 0.160968 0.752077 0.01 0.01
0 0.194819 0.766649 0.01 0.01
0 0.195625 0.807128 0.01 0.01
0 0.189983 0.845989 0.01 0.01
0 0.181923 0.859751 0.01 0.01
0 0.225447 0.832226 0.01 0.01
0 0.231895 0.805509 0.01 0.01
0 0.219805 0.788508 0.01 0.01
0 0.234313 0.753696 0.01 0.01
0 0.255268 0.751267 0.01 0.01
0 0.256880 0.774745 0.01 0.01
0 0.275418 0.752077 0.01 0.01
0 0.259298 0.712407 0.01 0.01
0 0.243984 0.739123 0.01 0.01
0 0.229477 0.706740 0.01 0.01
0 0.318941 0.728599 0.01 0.01
0 0.329419 0.749648 0.01 0.01
0 0.308463 0.768268 0.01 0.01
0 0.287508 0.796604 0.01 0.01
0 0.274612 0.845179 0.01 0.01
0 0.301210 0.837083 0.01 0.01
0 0.322165 0.809557 0.01 0.01
0 0.335867 0.828178 0.01 0.01
0 0.327001 0.856513 0.01 0.01
0 0.241566 0.846798 0.01 0.01
0 0.349569 0.738314 0.01 0.01
0 0.352793 0.766649 0.01 0.01
0 0.383420 0.790937 0.01 0.01
0 0.377778 0.831416 0.01 0.01
0 0.356823 0.847608 0.01 0.01
0 0.376972 0.709978 0.01 0.01
0 0.368912 0.728599 0.01 0.01
0 0.355211 0.692167 0.01 0.01
0 0.360853 0.675166 0.01 0.01
0 0.373748 0.658974 0.01 0.01
0 0.343121 0.653307 0.01 0.01
0 0.370524 0.592588 0.01 0.01
0 0.355211 0.581254 0.01 0.01
0 0.361659 0.556966 0.01 0.01
0 0.370524 0.527012 0.01 0.01
0 0.345539 0.516487 0.01 0.01
0 0.348763 0.495438 0.01 0.01
0 0.341509 0.488961 0.01 0.01
0 0.361659 0.476008 0.01 0.01
0 0.388256 0.507582 0.01 0.01
0 0.414048 0.486533 0.01 0.01
0 0.430974 0.502724 0.01 0.01
0 0.400346 0.535108 0.01 0.01
0 0.387450 0.541584 0.01 0.01
0 0.426138 0.555347 0.01 0.01
0 0.447093 0.531060 0.01 0.01
0 0.474497 0.506772 0.01 0.01
0 0.483363 0.531060 0.01 0.01
0 0.462407 0.552919 0.01 0.01
0 0.440645 0.578825 0.01 0.01
0 0.430168 0.607970 0.01 0.01
0 0.414048 0.637115 0.01 0.01
0 0.405182 0.644402 0.01 0.01
0 0.387450 0.631448 0.01 0.01
0 0.390674 0.675166 0.01 0.01
0 0.424526 0.669499 0.01 0.01
0 0.412436 0.721312 0.01 0.01
0 0.403570 0.736694 0.01 0.01
0 0.397122 0.758553 0.01 0.01
0 0.389868 0.776364 0.01 0.01
0 0.409212 0.819272 0.01 0.01
0 0.423720 0.844369 0.01 0.01
0 0.408406 0.862180 0.01 0.01
0 0.447899 0.833035 0.01 0.01
0 0.420496 0.798223 0.01 0.01
0 0.439839 0.792556 0.01 0.01
0 0.431780 0.771507 0.01 0.01
0 0.455959 0.805509 0.01 0.01
0 0.441451 0.751267 0.01 0.01
0 0.447899 0.733456 0.01 0.01
0 0.446287 0.709978 0.01 0.01
0 0.476109 0.707549 0.01 0.01
0 0.476915 0.730218 0.01 0.01
0 0.472079 0.752886 0.01 0.01
0 0.472079 0.772316 0.01 0.01
0 0.495453 0.828987 0.01 0.01
0 0.487393 0.811986 0.01 0.01
0 0.480945 0.787698 0.01 0.01
0 0.514796 0.842750 0.01 0.01
0 0.491423 0.858132 0.01 0.01
0 0.533334 0.760982 0.01 0.01
0 0.499482 0.753696 0.01 0.01
0 0.484975 0.690548 0.01 0.01
0 0.498676 0.677595 0.01 0.01
0 0.480945 0.662213 0.01 0.01
0 0.455153 0.673547 0.01 0.01
0 0.433391 0.650069 0.01 0.01
0 0.457571 0.632258 0.01 0.01
0 0.442257 0.617685 0.01 0.01
0 0.459989 0.609590 0.01 0.01
0 0.478527 0.600684 0.01 0.01
0 0.484169 0.620114 0.01 0.01
0 0.476915 0.578016 0.01 0.01
0 0.504318 0.633068 0.01 0.01
0 0.508348 0.591779 0.01 0.01
0 0.522050 0.608780 0.01 0.01
0 0.528498 0.589350 0.01 0.01
0 0.515602 0.552109 0.01 0.01
0 0.535752 0.522154 0.01 0.01
0 0.551872 0.502724 0.01 0.01
0 0.541394 0.475198 0.01 0.01
0 0.486587 0.481675 0.01 0.01
0 0.547036 0.556966 0.01 0.01
0 0.574439 0.538346 0.01 0.01
0 0.580887 0.558586 0.01 0.01
0 0.574439 0.573158 0.01 0.01
0 0.566379 0.586921 0.01 0.01
0 0.553484 0.600684 0.01 0.01
0 0.556708 0.624162 0.01 0.01
0 0.533334 0.658165 0.01 0.01
0 0.529304 0.671928 0.01 0.01
0 0.532528 0.714026 0.01 0.01
0 0.554290 0.688929 0.01 0.01
0 0.566379 0.718884 0.01 0.01
0 0.574439 0.704311 0.01 0.01
0 0.560737 0.760982 0.01 0.01
0 0.559126 0.782841 0.01 0.01
0 0.537364 0.732647 0.01 0.01
0 0.552678 0.799842 0.01 0.01
0 0.544618 0.823320 0.01 0.01
0 0.553484 0.850846 0.01 0.01
0 0.589753 0.824939 0.01 0.01
0 0.572827 0.816034 0.01 0.01
0 0.584917 0.845989 0.01 0.01
0 0.599425 0.779602 0.01 0.01
0 0.598619 0.809557 0.01 0.01
0 0.586529 0.794175 0.01 0.01
0 0.604261 0.764220 0.01 0.01
0 0.609903 0.744790 0.01 0.01
0 0.611515 0.718884 0.01 0.01
0 0.613127 0.698644 0.01 0.01
0 0.606679 0.682452 0.01 0.01
0 0.585723 0.680023 0.01 0.01
0 0.592977 0.646021 0.01 0.01
0 0.572021 0.629829 0.01 0.01
0 0.613127 0.623352 0.01 0.01
0 0.630052 0.638735 0.01 0.01
0 0.599425 0.606351 0.01 0.01
0 0.605873 0.580444 0.01 0.01
0 0.617963 0.558586 0.01 0.01
0 0.605873 0.544013 0.01 0.01
0 0.592171 0.521345 0.01 0.01
0 0.585723 0.486533 0.01 0.01
0 0.581693 0.513249 0.01 0.01
0 0.615545 0.518106 0.01 0.01
0 0.631664 0.522154 0.01 0.01
0 0.642142 0.543204 0.01 0.01
0 0.654232 0.562634 0.01 0.01
0 0.651008 0.583683 0.01 0.01
0 0.640530 0.601494 0.01 0.01
0 0.659874 0.630639 0.01 0.01
0 0.646978 0.663832 0.01 0.01
0 0.660680 0.660593 0.01 0.01
0 0.658262 0.685691 0.01 0.01
0 0.659874 0.717264 0.01 0.01
0 0.651814 0.735075 0.01 0.01
0 0.635694 0.752077 0.01 0.01
0 0.635694 0.777983 0.01 0.01
0 0.634082 0.794985 0.01 0.01
0 0.667128 0.769078 0.01 0.01
0 0.675188 0.790127 0.01 0.01
0 0.667128 0.803890 0.01 0.01
0 0.653426 0.816843 0.01 0.01
0 0.626828 0.833035 0.01 0.01
0 0.651814 0.848417 0.01 0.01
0 0.690501 0.824939 0.01 0.01
0 0.686472 0.845989 0.01 0.01
0 0.687277 0.730218 0.01 0.01
0 0.681636 0.653307 0.01 0.01
0 0.693725 0.628210 0.01 0.01
0 0.678412 0.603113 0.01 0.01
0 0.683248 0.574777 0.01 0.01
0 0.695337 0.590969 0.01 0.01
0 0.674382 0.504343 0.01 0.01
0 0.646172 0.479246 0.01 0.01
0 0.616351 0.485723 0.01 0.01
0 0.044906 0.869871 0.01 0.01
0 0.034428 0.899016 0.01 0.01
0 0.005412 0.877158 0.01 0.01
0 0.062637 0.911160 0.01 0.01
0 0.084399 0.914398 0.01 0.01
0 0.093265 0.891730 0.01 0.01
0 0.101325 0.871490 0.01 0.01
0 0.144042 0.873110 0.01 0.01
0 0.142430 0.891730 0.01 0.01
0 0.118250 0.914398 0.01 0.01
0 0.140012 0.933019 0.01 0.01
0 0.171446 0.913589 0.01 0.01
0 0.177893 0.885253 0.01 0.01
0 0.199655 0.910351 0.01 0.01
0 0.202879 0.933829 0.01 0.01
0 0.164998 0.933829 0.01 0.01
0 0.213357 0.882015 0.01 0.01
0 0.214969 0.858537 0.01 0.01
0 0.254462 0.872300 0.01 0.01
0 0.270582 0.894968 0.01 0.01
0 0.249626 0.905493 0.01 0.01
0 0.243178 0.924923 0.01 0.01
0 0.289926 0.920066 0.01 0.01
0 0.322165 0.879586 0.01 0.01
0 0.345539 0.873919 0.01 0.01
0 0.333449 0.903874 0.01 0.01
0 0.311687 0.928161 0.01 0.01
0 0.344733 0.923304 0.01 0.01
0 0.372136 0.900636 0.01 0.01
0 0.370524 0.875538 0.01 0.01
0 0.422914 0.903064 0.01 0.01
0 0.446287 0.908731 0.01 0.01
0 0.382614 0.921685 0.01 0.01
0 0.444675 0.884444 0.01 0.01
0 0.450317 0.868252 0.01 0.01
0 0.471273 0.877158 0.01 0.01
0 0.490617 0.894159 0.01 0.01
0 0.483363 0.908731 0.01 0.01
0 0.472885 0.923304 0.01 0.01
0 0.509960 0.887682 0.01 0.01
0 0.530110 0.865014 0.01 0.01
0 0.539782 0.893349 0.01 0.01
0 0.533334 0.928161 0.01 0.01
0 0.559126 0.887682 0.01 0.01
0 0.563155 0.865014 0.01 0.01
0 0.565573 0.913589 0.01 0.01
0 0.586529 0.920066 0.01 0.01
0 0.595395 0.862585 0.01 0.01
0 0.601843 0.905493 0.01 0.01
0 0.621187 0.874729 0.01 0.01
0 0.646978 0.899826 0.01 0.01
0 0.633276 0.929781 0.01 0.01
0 0.659874 0.926542 0.01 0.01
0 0.677606 0.907112 0.01 0.01
0 0.668740 0.882825 0.01 0.01
0 0.709309 0.855299 0.01 0.01
0 0.711727 0.894159 0.01 0.01
0 0.719787 0.922494 0.01 0.01
0 0.760892 0.920875 0.01 0.01
0 0.746385 0.905493 0.01 0.01
0 0.736713 0.877967 0.01 0.01
0 0.726235 0.836678 0.01 0.01
0 0.735907 0.824534 0.01 0.01
0 0.720593 0.806724 0.01 0.01
0 0.724623 0.753291 0.01 0.01
0 0.739937 0.771102 0.01 0.01
0 0.748803 0.784865 0.01 0.01
0 0.763310 0.792961 0.01 0.01
0 0.798774 0.805104 0.01 0.01
0 0.787490 0.793770 0.01 0.01
0 0.756056 0.845584 0.01 0.01
0 0.765728 0.865014 0.01 0.01
0 0.774594 0.878777 0.01 0.01
0 0.793132 0.901445 0.01 0.01
0 0.803610 0.920066 0.01 0.01
0 0.827789 0.898207 0.01 0.01
0 0.819729 0.874729 0.01 0.01
0 0.862447 0.891730 0.01 0.01
0 0.829401 0.848012 0.01 0.01
0 0.839073 0.828582 0.01 0.01
0 0.850357 0.851251 0.01 0.01
0 0.873731 0.853680 0.01 0.01
0 0.880178 0.877158 0.01 0.01
0 0.874537 0.890111 0.01 0.01
0 0.884208 0.913589 0.01 0.01
0 0.817311 0.787294 0.01 0.01
0 0.793938 0.770292 0.01 0.01
0 0.811670 0.755720 0.01 0.01
0 0.761698 0.729003 0.01 0.01
0 0.735907 0.725765 0.01 0.01
0 0.743967 0.703906 0.01 0.01
0 0.735101 0.679619 0.01 0.01
0 0.706891 0.677190 0.01 0.01
0 0.702861 0.712812 0.01 0.01
0 0.720593 0.661808 0.01 0.01
0 0.726235 0.628615 0.01 0.01
0 0.722205 0.575182 0.01 0.01
0 0.701249 0.566277 0.01 0.01
0 0.710921 0.556562 0.01 0.01
0 0.711727 0.533893 0.01 0.01
0 0.749609 0.602708 0.01 0.01
0 0.769758 0.621329 0.01 0.01
0 0.748803 0.563038 0.01 0.01
0 0.741549 0.552514 0.01 0.01
0 0.740743 0.535512 0.01 0.01
0 0.739937 0.513654 0.01 0.01
0 0.723817 0.486128 0.01 0.01
0 0.790714 0.575182 0.01 0.01
0 0.821341 0.585707 0.01 0.01
0 0.810058 0.580040 0.01 0.01
0 0.805222 0.601089 0.01 0.01
0 0.808446 0.646426 0.01 0.01
0 0.815699 0.620519 0.01 0.01
0 0.797968 0.627805 0.01 0.01
0 0.822953 0.657760 0.01 0.01
0 0.772176 0.673142 0.01 0.01
0 0.859223 0.664237 0.01 0.01
0 0.847939 0.744386 0.01 0.01
0 0.815699 0.737909 0.01 0.01
0 0.889044 0.729003 0.01 0.01
0 0.872925 0.763006 0.01 0.01
0 0.855999 0.801866 0.01 0.01
0 0.897104 0.796199 0.01 0.01
0 0.906776 0.822106 0.01 0.01
0 0.903552 0.848012 0.01 0.01
0 0.914030 0.852060 0.01 0.01
0 0.906776 0.870681 0.01 0.01
0 0.919672 0.893349 0.01 0.01
0 0.947075 0.888492 0.01 0.01
0 0.951105 0.860966 0.01 0.01
0 0.975285 0.863395 0.01 0.01
0 0.992211 0.884444 0.01 0.01
0 0.983345 0.902255 0.01 0.01
0 1.010748 0.923304 0.01 0.01
0 1.031704 0.844774 0.01 0.01
0 1.021226 0.813200 0.01 0.01
0 0.991405 0.788913 0.01 0.01
0 0.956747 0.784055 0.01 0.01
0 0.985763 0.767054 0.01 0.01
0 0.947881 0.762196 0.01 0.01
0 0.959165 0.741957 0.01 0.01
0 0.929344 0.725765 0.01 0.01
0 0.912418 0.750053 0.01 0.01
0 0.917254 0.780817 0.01 0.01
0 0.934180 0.668284 0.01 0.01
0 0.898716 0.669904 0.01 0.01
0 0.892268 0.596231 0.01 0.01
0 0.851163 0.598660 0.01 0.01
0 0.829401 0.566277 0.01 0.01
0 0.837461 0.557371 0.01 0.01
0 0.859223 0.550085 0.01 0.01
0 0.812476 0.537132 0.01 0.01
0 0.783460 0.524988 0.01 0.01
0 0.781848 0.541989 0.01 0.01
0 0.885820 0.533893 0.01 0.01
0 0.914836 0.546847 0.01 0.01
0 0.857611 0.522559 0.01 0.01
0 0.913224 0.489366 0.01 0.01
0 0.930956 0.494224 0.01 0.01
0 0.959165 0.560610 0.01 0.01
0 0.937404 0.578420 0.01 0.01
0 0.975285 0.670713 0.01 0.01
0 0.964807 0.658569 0.01 0.01
0 0.943851 0.651283 0.01 0.01
0 0.957553 0.646426 0.01 0.01
0 1.007524 0.610804 0.01 0.01
0 1.009136 0.673952 0.01 0.01
0 1.009136 0.769483 0.01 0.01
0 1.016390 0.746814 0.01 0.01
0 1.044600 0.735480 0.01 0.01
0 1.069585 0.739528 0.01 0.01
0 1.026868 0.791341 0.01 0.01
0 1.033316 0.780007 0.01 0.01
0 1.064750 0.788913 0.01 0.01
0 1.074421 0.867443 0.01 0.01
0 1.046212 0.882825 0.01 0.01
0 1.061526 0.899016 0.01 0.01
0 1.058302 0.922494 0.01 0.01
0 1.100213 0.925733 0.01 0.01
0 1.116333 0.894159 0.01 0.01
0 1.113109 0.865823 0.01 0.01
0 1.111497 0.835059 0.01 0.01
0 1.100213 0.817248 0.01 0.01
0 1.113915 0.788913 0.01 0.01
0 1.146960 0.786484 0.01 0.01
0 1.125199 0.754101 0.01 0.01
0 1.121169 0.685286 0.01 0.01
0 1.092153 0.684476 0.01 0.01
0 1.087317 0.668284 0.01 0.01
0 1.073615 0.643997 0.01 0.01
0 1.052660 0.675571 0.01 0.01
0 1.031704 0.606756 0.01 0.01
0 1.055884 0.631044 0.01 0.01
0 1.063944 0.610804 0.01 0.01
0 1.031704 0.567086 0.01 0.01
0 1.001077 0.577611 0.01 0.01
0 0.997853 0.560610 0.01 0.01
0 1.101825 0.594612 0.01 0.01
0 1.143736 0.624567 0.01 0.01
0 1.146960 0.602708 0.01 0.01
0 1.125199 0.560610 0.01 0.01
0 1.092153 0.528226 0.01 0.01
0 1.067168 0.512034 0.01 0.01
0 1.034122 0.505558 0.01 0.01
0 0.999465 0.498272 0.01 0.01
0 0.977703 0.489366 0.01 0.01
0 0.887432 0.496652 0.01 0.01
0 0.868895 0.510415 0.01 0.01
0 0.814893 0.503939 0.01 0.01
0 0.826177 0.495843 0.01 0.01
0 0.796356 0.493414 0.01 0.01
0 0.754444 0.481270 0.01 0.01
0 1.111855 0.537132 0.01 0.01
0 1.132005 0.537132 0.01 0.01
0 1.146513 0.528226 0.01 0.01
0 1.150543 0.486937 0.01 0.01
0 1.163439 0.502319 0.01 0.01
0 1.192454 0.529036 0.01 0.01
0 1.181170 0.549275 0.01 0.01
0 1.198902 0.543608 0.01 0.01
0 1.197290 0.512034 0.01 0.01
0 1.206156 0.510415 0.01 0.01
0 1.237590 0.503129 0.01 0.01
0 1.277083 0.482080 0.01 0.01
0 1.266605 0.498272 0.01 0.01
0 1.139259 0.669094 0.01 0.01
0 1.205350 0.622138 0.01 0.01
0 1.176334 0.639949 0.01 0.01
0 1.212604 0.616471 0.01 0.01
0 1.203738 0.602708 0.01 0.01
0 1.218246 0.605946 0.01 0.01
0 1.199708 0.587326 0.01 0.01
0 1.205350 0.568705 0.01 0.01
0 1.203738 0.558181 0.01 0.01
0 1.248873 0.581659 0.01 0.01
0 1.247261 0.567896 0.01 0.01
0 1.253709 0.655331 0.01 0.01
0 1.267411 0.620519 0.01 0.01
0 1.285949 0.588136 0.01 0.01
0 1.289173 0.570325 0.01 0.01
0 1.263381 0.548466 0.01 0.01
0 1.255321 0.557371 0.01 0.01
0 1.292397 0.535512 0.01 0.01
0 1.234366 0.536322 0.01 0.01
0 1.330278 0.524988 0.01 0.01
0 1.359294 0.507177 0.01 0.01
0 1.333502 0.547656 0.01 0.01
0 1.319800 0.558990 0.01 0.01
0 1.316576 0.619709 0.01 0.01
0 1.363324 0.587326 0.01 0.01
0 1.286755 0.644807 0.01 0.01
0 1.210186 0.703906 0.01 0.01
0 1.181976 0.699858 0.01 0.01
0 1.200514 0.716050 0.01 0.01
0 1.189230 0.734670 0.01 0.01
0 1.152961 0.737099 0.01 0.01
0 1.231948 0.712002 0.01 0.01
0 1.240007 0.699858 0.01 0.01
0 1.239201 0.686095 0.01 0.01
0 1.277083 0.712002 0.01 0.01
0 1.269023 0.723336 0.01 0.01
0 1.265799 0.736290 0.01 0.01
0 1.301263 0.724146 0.01 0.01
0 1.341562 0.722527 0.01 0.01
0 1.332696 0.686095 0.01 0.01
0 1.306098 0.701477 0.01 0.01
0 1.281919 0.682857 0.01 0.01
0 1.353652 0.717669 0.01 0.01
0 1.387503 0.694191 0.01 0.01
0 1.374607 0.659379 0.01 0.01
0 1.388309 0.625376 0.01 0.01
0 1.389115 0.600279 0.01 0.01
0 1.349622 0.611614 0.01 0.01
0 1.377025 0.746814 0.01 0.01
0 1.334308 0.751672 0.01 0.01
0 1.336500 0.427838 0.01 0.01
0 1.364710 0.432695 0.01 0.01
0 1.377606 0.423790 0.01 0.01
0 1.378412 0.402740 0.01 0.01
0 1.394531 0.503939 0.01 0.01
0 1.365516 0.486128 0.01 0.01
0 1.345366 0.474794 0.01 0.01
0 1.392919 0.563038 0.01 0.01
0 1.368740 0.575182 0.01 0.01
0 1.321187 0.497462 0.01 0.01
0 1.180139 0.840726 0.01 0.01
0 1.216408 0.834250 0.01 0.01
0 1.197064 0.820487 0.01 0.01
0 1.177721 0.773531 0.01 0.01
0 1.205930 0.764625 0.01 0.01
0 1.224468 0.780007 0.01 0.01
0 1.249454 0.770292 0.01 0.01
0 1.269603 0.813200 0.01 0.01
0 1.259126 0.832630 0.01 0.01
0 1.243006 0.815629 0.01 0.01
0 1.225274 0.856108 0.01 0.01
0 1.183363 0.859347 0.01 0.01
0 1.201094 0.870681 0.01 0.01
0 1.162407 0.891730 0.01 0.01
0 1.155153 0.878777 0.01 0.01
0 1.143869 0.895778 0.01 0.01
0 1.136615 0.907922 0.01 0.01
0 1.186587 0.907112 0.01 0.01
0 1.187393 0.930590 0.01 0.01
0 1.213184 0.905493 0.01 0.01
0 1.246230 0.887682 0.01 0.01
0 1.264767 0.865014 0.01 0.01
0 1.276051 0.856918 0.01 0.01
0 1.300231 0.855299 0.01 0.01
0 1.288141 0.828582 0.01 0.01
0 1.333276 0.847203 0.01 0.01
0 1.354232 0.860966 0.01 0.01
0 1.357456 0.917637 0.01 0.01
0 1.371964 0.899016 0.01 0.01
0 1.326022 0.889301 0.01 0.01
0 1.320381 0.869062 0.01 0.01
0 1.312321 0.911160 0.01 0.01
0 1.358262 0.771911 0.01 0.01
0 1.348590 0.808343 0.01 0.01
0 1.388083 0.784865 0.01 0.01
0 1.296201 0.758958 0.01 0.01
0 0.051353 0.025474 0.01 0.01
0 0.011860 0.930590 0.01 0.01
0 1.276857 0.023045 0.01 0.01
0 1.286529 0.014139 0.01 0.01
0 0.760770 0.012795 0.01 0.01
0 0.634327 0.034536 0.01 0.01
0 0.706092 0.245071 0.01 0.01
0 0.734570 0.168409 0.01 0.01
0 0.902022 0.297705 0.01 0.01
0 0.594457 0.166120 0.01 0.01
0 0.249301 0.012795 0.01 0.01
0 0.630909 0.103188 0.01 0.01
0 0.894048 0.043689 0.01 0.01
0 0.853040 0.015084 0.01 0.01
0 0.834813 0.007074 0.01 0.01
0 0.728874 0.201591 0.01 0.01
0 0.837092 0.118063 0.01 0.01
0 0.833674 0.137515 0.01 0.01
0 0.487379 0.056276 0.01 0.01
0 1.339926 0.576397 0.01 0.01
0 1.322194 0.764220 0.01 0.01
0 1.288343 0.210464 0.01 0.01
0 1.309298 0.218560 0.01 0.01
0 1.262551 0.246086 0.01 0.01
0 1.277059 0.247705 0.01 0.01
0 0.572626 0.228275 0.01 0.01
0 1.035263 0.492200 0.01 0.01
0 0.946604 0.437148 0.01 0.01
0 0.951440 0.458197 0.01 0.01
0 0.980455 0.448482 0.01 0.01
0 0.998187 0.456578 0.01 0.01
0 0.617761 0.665451 0.01 0.01
0 0.906305 0.811176 0.01 0.01
0 1.086846 0.202368 0.01 0.01
0 1.082010 0.168365 0.01 0.01
0 1.086846 0.055023 0.01 0.01
0 1.377001 0.344855 0.01 0.01
0 0.356621 0.053404 0.01 0.01
