0 0.232653 0.831466 0.01 0.01
0 0.113238 0.847399 0.01 0.01
0 0.106109 0.815534 0.01 0.01
0 0.115021 0.794290 0.01 0.01
0 0.016994 0.794290 0.01 0.01
0 0.159578 0.845629 0.01 0.01
0 0.172054 0.895197 0.01 0.01
0 0.205918 0.914670 0.01 0.01
0 0.213047 0.955387 0.01 0.01
0 0.254040 0.792520 0.01 0.01
0 0.271863 0.764195 0.01 0.01
0 0.305727 0.835007 0.01 0.01
0 0.328897 0.861561 0.01 0.01
0 0.364543 0.810223 0.01 0.01
0 0.314638 0.771276 0.01 0.01
0 0.360978 0.751803 0.01 0.01
0 0.426923 0.849169 0.01 0.01
0 0.434053 0.794290 0.01 0.01
0 0.432270 0.758884 0.01 0.01
0 0.460787 0.803142 0.01 0.01
0 0.442964 0.891656 0.01 0.01
0 0.385930 0.927062 0.01 0.01
0 0.457223 0.958927 0.01 0.01
0 0.451876 0.921751 0.01 0.01
0 0.548120 0.914670 0.01 0.01
0 0.523168 0.850940 0.01 0.01
0 0.507127 0.971320 0.01 0.01
0 0.574854 0.942995 0.01 0.01
0 0.630106 0.856250 0.01 0.01
0 0.576637 0.843858 0.01 0.01
0 0.546338 0.820845 0.01 0.01
0 0.519603 0.803142 0.01 0.01
0 0.508909 0.780128 0.01 0.01
0 0.610500 0.806682 0.01 0.01
0 0.605154 0.765965 0.01 0.01
0 0.583766 0.751803 0.01 0.01
0 0.681793 0.817304 0.01 0.01
0 0.696051 0.796060 0.01 0.01
0 0.699616 0.877494 0.01 0.01
0 0.754867 0.896967 0.01 0.01
0 0.738826 0.873953 0.01 0.01
0 0.767343 0.787209 0.01 0.01
0 0.719221 0.769506 0.01 0.01
0 0.706745 0.734100 0.01 0.01
0 0.630106 0.739411 0.01 0.01
0 0.596242 0.728789 0.01 0.01
0 0.626541 0.704005 0.01 0.01
0 0.598024 0.990793 0.01 0.01
0 0.241564 0.732330 0.01 0.01
0 0.195224 0.737641 0.01 0.01
0 0.129279 0.721708 0.01 0.01
0 0.150667 0.751803 0.01 0.01
0 0.102544 0.742952 0.01 0.01
0 0.090068 0.707546 0.01 0.01
0 0.013429 0.727019 0.01 0.01
0 0.033035 0.680991 0.01 0.01
0 0.047293 0.627883 0.01 0.01
0 0.029470 0.627883 0.01 0.01
0 0.093633 0.673910 0.01 0.01
0 0.097198 0.643815 0.01 0.01
0 0.166707 0.670370 0.01 0.01
0 0.168490 0.647356 0.01 0.01
0 0.139973 0.624342 0.01 0.01
0 0.098980 0.578314 0.01 0.01
0 0.052640 0.590706 0.01 0.01
0 0.063334 0.557071 0.01 0.01
0 0.090068 0.548219 0.01 0.01
0 0.027688 0.519895 0.01 0.01
0 0.022341 0.482718 0.01 0.01
0 0.213047 0.638504 0.01 0.01
0 0.180966 0.599558 0.01 0.01
0 0.202353 0.601328 0.01 0.01
0 0.220176 0.585395 0.01 0.01
0 0.268299 0.588936 0.01 0.01
0 0.254040 0.627883 0.01 0.01
0 0.289686 0.627883 0.01 0.01
0 0.300380 0.603098 0.01 0.01
0 0.289686 0.581855 0.01 0.01
0 0.323550 0.574774 0.01 0.01
0 0.352067 0.587166 0.01 0.01
0 0.380584 0.587166 0.01 0.01
0 0.382366 0.551760 0.01 0.01
0 0.368107 0.539368 0.01 0.01
0 0.389495 0.675680 0.01 0.01
0 0.362761 0.638504 0.01 0.01
0 0.339591 0.652667 0.01 0.01
0 0.327114 0.624342 0.01 0.01
0 0.425141 0.615490 0.01 0.01
0 0.473263 0.619031 0.01 0.01
0 0.466134 0.672140 0.01 0.01
0 0.494651 0.688073 0.01 0.01
0 0.491086 0.721708 0.01 0.01
0 0.421576 0.723478 0.01 0.01
0 0.323550 0.696924 0.01 0.01
0 0.328897 0.721708 0.01 0.01
0 0.289686 0.716397 0.01 0.01
0 0.261169 0.680991 0.01 0.01
0 0.230870 0.659748 0.01 0.01
0 0.216612 0.693383 0.01 0.01
0 0.237999 0.700465 0.01 0.01
0 0.275428 0.730560 0.01 0.01
0 0.819030 0.852710 0.01 0.01
0 0.822594 0.831466 0.01 0.01
0 0.804771 0.755344 0.01 0.01
0 0.788731 0.719938 0.01 0.01
0 0.831506 0.718168 0.01 0.01
0 0.799424 0.696924 0.01 0.01
0 0.867152 0.796060 0.01 0.01
0 0.909927 0.849169 0.01 0.01
0 0.867152 0.868642 0.01 0.01
0 0.861805 0.909359 0.01 0.01
0 0.858240 0.957157 0.01 0.01
0 0.747738 0.944765 0.01 0.01
0 0.961614 0.850940 0.01 0.01
0 0.945573 0.811993 0.01 0.01
0 0.918839 0.780128 0.01 0.01
0 0.934879 0.753573 0.01 0.01
0 0.927750 0.723478 0.01 0.01
0 0.950920 0.705775 0.01 0.01
0 0.981219 0.665059 0.01 0.01
0 0.929532 0.672140 0.01 0.01
0 0.863587 0.686302 0.01 0.01
0 0.835070 0.672140 0.01 0.01
0 0.795860 0.640275 0.01 0.01
0 0.815465 0.603098 0.01 0.01
0 0.785166 0.599558 0.01 0.01
0 0.744173 0.620801 0.01 0.01
0 0.663970 0.613720 0.01 0.01
0 0.704962 0.597788 0.01 0.01
0 0.722785 0.573003 0.01 0.01
0 1.000825 0.893427 0.01 0.01
0 1.036471 0.881035 0.01 0.01
0 0.997260 0.833237 0.01 0.01
0 0.981219 0.790750 0.01 0.01
0 0.995478 0.744722 0.01 0.01
0 1.004389 0.728789 0.01 0.01
0 1.006171 0.679221 0.01 0.01
0 1.022212 0.652667 0.01 0.01
0 0.984784 0.611950 0.01 0.01
0 0.945573 0.626112 0.01 0.01
0 0.924186 0.626112 0.01 0.01
0 0.860023 0.624342 0.01 0.01
0 0.888540 0.638504 0.01 0.01
0 0.879628 0.610180 0.01 0.01
0 0.870716 0.581855 0.01 0.01
0 0.908145 0.578314 0.01 0.01
0 0.936662 0.583625 0.01 0.01
0 0.917056 0.549990 0.01 0.01
0 0.966961 0.555301 0.01 0.01
0 1.036471 0.801371 0.01 0.01
0 1.059640 0.739411 0.01 0.01
0 1.027559 0.728789 0.01 0.01
0 1.054294 0.709316 0.01 0.01
0 1.070334 0.645585 0.01 0.01
0 1.089940 0.634964 0.01 0.01
0 1.155885 0.684532 0.01 0.01
0 1.143409 0.654437 0.01 0.01
0 1.143409 0.620801 0.01 0.01
0 1.070334 0.587166 0.01 0.01
0 0.533861 0.588936 0.01 0.01
0 0.478610 0.571233 0.01 0.01
0 0.428706 0.551760 0.01 0.01
0 0.401971 0.542908 0.01 0.01
0 0.377019 0.509273 0.01 0.01
0 0.401971 0.480948 0.01 0.01
0 0.441182 0.473867 0.01 0.01
0 0.492869 0.546449 0.01 0.01
0 0.475046 0.528746 0.01 0.01
0 0.455440 0.509273 0.01 0.01
0 0.496433 0.480948 0.01 0.01
0 0.521385 0.473867 0.01 0.01
0 0.533861 0.539368 0.01 0.01
0 0.532079 0.500421 0.01 0.01
0 0.544555 0.488029 0.01 0.01
0 0.567725 0.461475 0.01 0.01
0 0.555249 0.541138 0.01 0.01
0 0.598024 0.548219 0.01 0.01
0 0.583766 0.542908 0.01 0.01
0 0.624759 0.525206 0.01 0.01
0 0.596242 0.503962 0.01 0.01
0 0.608718 0.495111 0.01 0.01
0 0.603371 0.480948 0.01 0.01
0 0.596242 0.465016 0.01 0.01
0 0.635453 0.491570 0.01 0.01
0 0.640800 0.445542 0.01 0.01
0 0.610500 0.573003 0.01 0.01
0 0.631888 0.597788 0.01 0.01
0 0.633670 0.627883 0.01 0.01
0 0.599807 0.645585 0.01 0.01
0 0.557031 0.679221 0.01 0.01
0 0.544555 0.663288 0.01 0.01
0 0.665752 0.695154 0.01 0.01
0 0.644364 0.650896 0.01 0.01
0 0.685357 0.707546 0.01 0.01
0 0.715656 0.684532 0.01 0.01
0 0.710309 0.663288 0.01 0.01
0 0.740608 0.675680 0.01 0.01
0 0.779819 0.665059 0.01 0.01
0 0.663970 0.553530 0.01 0.01
0 0.703180 0.537598 0.01 0.01
0 0.681793 0.537598 0.01 0.01
0 0.726350 0.518124 0.01 0.01
0 0.779819 0.525206 0.01 0.01
0 0.774472 0.486259 0.01 0.01
0 0.751302 0.475637 0.01 0.01
0 0.715656 0.475637 0.01 0.01
0 0.674663 0.493340 0.01 0.01
0 0.671099 0.477408 0.01 0.01
0 0.685357 0.454394 0.01 0.01
0 0.721003 0.445542 0.01 0.01
0 0.658623 0.440231 0.01 0.01
0 0.309291 0.472097 0.01 0.01
0 0.300380 0.498651 0.01 0.01
0 0.277210 0.535827 0.01 0.01
0 0.316421 0.537598 0.01 0.01
0 0.257605 0.557071 0.01 0.01
0 0.200571 0.569463 0.01 0.01
0 0.180966 0.548219 0.01 0.01
0 0.168490 0.544679 0.01 0.01
0 0.150667 0.573003 0.01 0.01
0 0.079375 0.465016 0.01 0.01
0 0.104327 0.454394 0.01 0.01
0 0.091851 0.445542 0.01 0.01
0 0.056205 0.454394 0.01 0.01
0 0.118585 0.491570 0.01 0.01
0 0.150667 0.470326 0.01 0.01
0 0.150667 0.422528 0.01 0.01
0 0.277210 0.433150 0.01 0.01
0 0.245129 0.463245 0.01 0.01
0 0.223741 0.477408 0.01 0.01
0 0.191660 0.475637 0.01 0.01
0 0.191660 0.456164 0.01 0.01
0 0.198789 0.514584 0.01 0.01
0 0.225523 0.514584 0.01 0.01
0 0.266516 0.511043 0.01 0.01
0 0.273645 0.498651 0.01 0.01
0 0.268299 0.480948 0.01 0.01
0 0.291468 0.443772 0.01 0.01
0 0.289686 0.408366 0.01 0.01
0 0.328897 0.442002 0.01 0.01
0 0.330679 0.413677 0.01 0.01
0 0.350284 0.392433 0.01 0.01
0 0.321768 0.383582 0.01 0.01
0 0.382366 0.399515 0.01 0.01
0 0.385930 0.357028 0.01 0.01
0 0.350284 0.364109 0.01 0.01
0 0.410883 0.383582 0.01 0.01
0 0.425141 0.365879 0.01 0.01
0 0.435835 0.346406 0.01 0.01
0 0.466134 0.351717 0.01 0.01
0 0.442964 0.319851 0.01 0.01
0 0.425141 0.321622 0.01 0.01
0 0.385930 0.335784 0.01 0.01
0 0.339591 0.351717 0.01 0.01
0 0.280775 0.351717 0.01 0.01
0 0.232653 0.357028 0.01 0.01
0 0.200571 0.374731 0.01 0.01
0 0.147102 0.362338 0.01 0.01
0 0.122150 0.403055 0.01 0.01
0 0.049075 0.385352 0.01 0.01
0 0.027688 0.413677 0.01 0.01
0 0.107891 0.351717 0.01 0.01
0 0.066898 0.339325 0.01 0.01
0 0.041946 0.351717 0.01 0.01
0 0.024123 0.374731 0.01 0.01
0 0.138191 0.318081 0.01 0.01
0 0.156014 0.316311 0.01 0.01
0 0.147102 0.296838 0.01 0.01
0 0.164925 0.284446 0.01 0.01
0 0.191660 0.302149 0.01 0.01
0 0.229088 0.309230 0.01 0.01
0 0.184530 0.337554 0.01 0.01
0 0.172054 0.353487 0.01 0.01
0 1.079246 0.822615 0.01 0.01
0 1.089940 0.801371 0.01 0.01
0 1.102416 0.776587 0.01 0.01
0 1.114892 0.732330 0.01 0.01
0 1.120239 0.755344 0.01 0.01
0 1.127368 0.773047 0.01 0.01
0 1.145191 0.796060 0.01 0.01
0 1.120239 0.815534 0.01 0.01
0 1.061423 0.865102 0.01 0.01
0 1.082810 0.904048 0.01 0.01
0 1.098851 0.889886 0.01 0.01
0 1.134497 0.863332 0.01 0.01
0 1.154102 0.847399 0.01 0.01
0 1.177272 0.792520 0.01 0.01
0 1.209354 0.865102 0.01 0.01
0 1.152320 0.904048 0.01 0.01
0 1.196878 0.923522 0.01 0.01
0 1.227177 0.939454 0.01 0.01
0 1.230741 0.907589 0.01 0.01
0 1.225395 0.882805 0.01 0.01
0 1.285993 0.919981 0.01 0.01
0 1.275299 0.980171 0.01 0.01
0 1.239653 0.987252 0.01 0.01
0 1.073899 0.969549 0.01 0.01
0 1.004389 0.973090 0.01 0.01
0 0.884975 0.994333 0.01 0.01
0 0.663970 0.985482 0.01 0.01
0 1.357285 0.958927 0.01 0.01
0 1.326986 0.957157 0.01 0.01
0 1.380455 0.914670 0.01 0.01
0 1.351938 0.881035 0.01 0.01
0 1.300251 0.868642 0.01 0.01
0 1.245000 0.833237 0.01 0.01
0 1.309163 0.827926 0.01 0.01
0 1.457094 0.888116 0.01 0.01
0 1.423230 0.888116 0.01 0.01
0 1.367979 0.849169 0.01 0.01
0 1.378672 0.829696 0.01 0.01
0 1.296687 0.787209 0.01 0.01
0 1.252129 0.797831 0.01 0.01
0 1.262823 0.776587 0.01 0.01
0 1.196878 0.711086 0.01 0.01
0 1.239653 0.718168 0.01 0.01
0 1.259258 0.735870 0.01 0.01
0 1.302033 0.716397 0.01 0.01
0 1.268170 0.695154 0.01 0.01
0 1.282428 0.661518 0.01 0.01
0 1.334115 0.677451 0.01 0.01
0 1.323421 0.688073 0.01 0.01
0 1.296687 0.688073 0.01 0.01
0 1.334115 0.650896 0.01 0.01
0 1.300251 0.636734 0.01 0.01
0 1.250347 0.608409 0.01 0.01
0 1.218265 0.636734 0.01 0.01
0 1.407189 0.686302 0.01 0.01
0 1.359067 0.686302 0.01 0.01
0 1.376890 0.698694 0.01 0.01
0 1.376890 0.748263 0.01 0.01
0 1.417883 0.769506 0.01 0.01
0 1.416101 0.741181 0.01 0.01
0 1.467788 0.732330 0.01 0.01
0 1.515910 0.757114 0.01 0.01
0 1.506998 0.803142 0.01 0.01
0 1.474917 0.794290 0.01 0.01
0 1.449965 0.850940 0.01 0.01
0 1.526604 0.833237 0.01 0.01
0 1.533733 0.896967 0.01 0.01
0 1.581855 0.843858 0.01 0.01
0 1.549773 0.785439 0.01 0.01
0 1.540862 0.762425 0.01 0.01
0 1.476699 0.700465 0.01 0.01
0 1.480264 0.668599 0.01 0.01
0 1.442835 0.663288 0.01 0.01
0 1.526604 0.677451 0.01 0.01
0 1.533733 0.649126 0.01 0.01
0 1.588984 0.659748 0.01 0.01
0 1.382237 0.613720 0.01 0.01
0 1.316292 0.611950 0.01 0.01
0 1.291340 0.574774 0.01 0.01
0 1.022212 0.594247 0.01 0.01
0 1.034688 0.585395 0.01 0.01
0 1.043600 0.569463 0.01 0.01
0 1.029341 0.528746 0.01 0.01
0 1.007954 0.542908 0.01 0.01
0 1.093504 0.548219 0.01 0.01
0 1.093504 0.512813 0.01 0.01
0 1.079246 0.482718 0.01 0.01
0 1.157667 0.549990 0.01 0.01
0 1.129150 0.512813 0.01 0.01
0 1.145191 0.507503 0.01 0.01
0 1.168361 0.523435 0.01 0.01
0 1.195095 0.507503 0.01 0.01
0 1.198660 0.530516 0.01 0.01
0 1.173708 0.553530 0.01 0.01
0 1.145191 0.580085 0.01 0.01
0 1.127368 0.576544 0.01 0.01
0 1.089940 0.573003 0.01 0.01
0 1.202225 0.574774 0.01 0.01
0 1.239653 0.567693 0.01 0.01
0 1.228959 0.590706 0.01 0.01
0 1.255694 0.544679 0.01 0.01
0 1.241435 0.509273 0.01 0.01
0 1.298469 0.511043 0.01 0.01
0 1.335897 0.557071 0.01 0.01
0 1.350156 0.573003 0.01 0.01
0 1.293122 0.549990 0.01 0.01
0 1.266387 0.537598 0.01 0.01
0 1.359067 0.542908 0.01 0.01
0 1.389366 0.549990 0.01 0.01
0 1.426795 0.551760 0.01 0.01
0 1.408972 0.578314 0.01 0.01
0 1.483828 0.599558 0.01 0.01
0 1.430359 0.597788 0.01 0.01
0 1.467788 0.574774 0.01 0.01
0 1.499869 0.549990 0.01 0.01
0 1.523039 0.544679 0.01 0.01
0 1.556903 0.576544 0.01 0.01
0 1.526604 0.601328 0.01 0.01
0 1.549773 0.610180 0.01 0.01
0 1.592549 0.622572 0.01 0.01
0 1.558685 0.535827 0.01 0.01
0 1.533733 0.491570 0.01 0.01
0 1.585419 0.500421 0.01 0.01
0 1.505216 0.523435 0.01 0.01
0 1.474917 0.526976 0.01 0.01
0 1.435706 0.530516 0.01 0.01
0 1.414319 0.518124 0.01 0.01
0 1.401842 0.486259 0.01 0.01
0 1.442835 0.491570 0.01 0.01
0 1.426795 0.468556 0.01 0.01
0 1.385802 0.452623 0.01 0.01
0 1.339462 0.479178 0.01 0.01
0 1.293122 0.484489 0.01 0.01
0 1.268170 0.489800 0.01 0.01
0 1.218265 0.486259 0.01 0.01
0 1.207572 0.466786 0.01 0.01
0 1.184402 0.473867 0.01 0.01
0 1.236088 0.457934 0.01 0.01
0 0.434053 0.247269 0.01 0.01
0 0.373454 0.284446 0.01 0.01
0 0.353849 0.309230 0.01 0.01
0 0.419794 0.300378 0.01 0.01
0 0.639017 0.383582 0.01 0.01
0 0.219858 0.276922 0.01 0.01
0 0.257286 0.271611 0.01 0.01
0 0.242136 0.236205 0.01 0.01
0 0.226987 0.237090 0.01 0.01
0 0.220749 0.242401 0.01 0.01
0 0.198470 0.252138 0.01 0.01
0 0.199361 0.226468 0.01 0.01
0 0.212728 0.207880 0.01 0.01
0 0.184212 0.200799 0.01 0.01
0 0.167280 0.210536 0.01 0.01
0 0.161933 0.240631 0.01 0.01
0 0.139654 0.237090 0.01 0.01
0 0.116484 0.213191 0.01 0.01
0 0.153912 0.211421 0.01 0.01
0 0.146783 0.185752 0.01 0.01
0 0.127178 0.183096 0.01 0.01
0 0.085294 0.198144 0.01 0.01
0 0.051430 0.215847 0.01 0.01
0 0.063906 0.199029 0.01 0.01
0 0.042519 0.205225 0.01 0.01
0 0.030042 0.199914 0.01 0.01
0 0.024696 0.169819 0.01 0.01
0 0.045192 0.189292 0.01 0.01
0 0.079947 0.163623 0.01 0.01
0 0.065688 0.135298 0.01 0.01
0 0.052321 0.132643 0.01 0.01
0 0.088858 0.136183 0.01 0.01
0 0.105790 0.138839 0.01 0.01
0 0.104008 0.116710 0.01 0.01
0 0.130742 0.122906 0.01 0.01
0 0.151239 0.133528 0.01 0.01
0 0.146783 0.150346 0.01 0.01
0 0.179756 0.144150 0.01 0.01
0 0.175300 0.114940 0.01 0.01
0 0.210946 0.122021 0.01 0.01
0 0.218075 0.114940 0.01 0.01
0 0.221640 0.187522 0.01 0.01
0 0.203817 0.178671 0.01 0.01
0 0.194014 0.170704 0.01 0.01
0 0.162824 0.174245 0.01 0.01
0 0.136981 0.165393 0.01 0.01
0 0.102226 0.161853 0.01 0.01
0 0.206490 0.158312 0.01 0.01
0 0.201143 0.145035 0.01 0.01
0 0.221640 0.137954 0.01 0.01
0 0.235898 0.149461 0.01 0.01
0 0.255504 0.142380 0.01 0.01
0 0.243919 0.130873 0.01 0.01
0 0.250157 0.112285 0.01 0.01
0 0.254612 0.160082 0.01 0.01
0 0.228769 0.168049 0.01 0.01
0 0.248374 0.178671 0.01 0.01
0 0.253721 0.211421 0.01 0.01
0 0.290258 0.183096 0.01 0.01
0 0.306299 0.168934 0.01 0.01
0 0.274218 0.139724 0.01 0.01
0 0.292041 0.140609 0.01 0.01
0 0.320558 0.145035 0.01 0.01
0 0.279565 0.193718 0.01 0.01
0 0.295605 0.202570 0.01 0.01
0 0.270653 0.231779 0.01 0.01
0 0.243027 0.250367 0.01 0.01
0 0.277782 0.250367 0.01 0.01
0 0.297388 0.249482 0.01 0.01
0 0.311646 0.257449 0.01 0.01
0 0.331251 0.261874 0.01 0.01
0 0.316993 0.246827 0.01 0.01
0 0.316102 0.222928 0.01 0.01
0 0.328578 0.226468 0.01 0.01
0 0.327687 0.206995 0.01 0.01
0 0.344619 0.230894 0.01 0.01
0 0.345510 0.216732 0.01 0.01
0 0.363333 0.214076 0.01 0.01
0 0.354421 0.203455 0.01 0.01
0 0.368680 0.181326 0.01 0.01
0 0.344619 0.179556 0.01 0.01
0 0.340163 0.150346 0.01 0.01
0 0.359768 0.145035 0.01 0.01
0 0.329469 0.136183 0.01 0.01
0 0.312537 0.129987 0.01 0.01
0 0.293823 0.102548 0.01 0.01
0 0.283129 0.091041 0.01 0.01
0 0.253721 0.092811 0.01 0.01
0 0.257286 0.072453 0.01 0.01
0 0.235007 0.063601 0.01 0.01
0 0.290258 0.067142 0.01 0.01
0 0.276891 0.065372 0.01 0.01
0 0.364224 0.257449 0.01 0.01
0 0.312537 0.316753 0.01 0.01
0 0.280456 0.307902 0.01 0.01
0 0.291150 0.298165 0.01 0.01
0 0.268871 0.291969 0.01 0.01
0 0.250157 0.296395 0.01 0.01
0 0.247483 0.310557 0.01 0.01
0 0.199361 0.330031 0.01 0.01
0 0.215402 0.345963 0.01 0.01
0 0.238572 0.336227 0.01 0.01
0 0.248374 0.422086 0.01 0.01
0 0.191341 0.415005 0.01 0.01
0 0.090641 0.393761 0.01 0.01
0 0.071035 0.383139 0.01 0.01
0 0.058559 0.422971 0.01 0.01
0 0.023804 0.399072 0.01 0.01
0 0.169062 0.447755 0.01 0.01
0 0.187776 0.437133 0.01 0.01
0 0.364224 0.433593 0.01 0.01
0 0.357986 0.460147 0.01 0.01
0 0.409673 0.432708 0.01 0.01
0 0.373135 0.356585 0.01 0.01
0 0.481856 0.408809 0.01 0.01
0 0.431060 0.405268 0.01 0.01
0 0.476509 0.387565 0.01 0.01
0 0.494332 0.333571 0.01 0.01
0 0.509482 0.351274 0.01 0.01
0 0.537107 0.379599 0.01 0.01
0 0.546019 0.353044 0.01 0.01
0 0.494332 0.372518 0.01 0.01
0 0.579882 0.346848 0.01 0.01
0 0.526413 0.324720 0.01 0.01
0 0.497005 0.307902 0.01 0.01
0 0.480965 0.298165 0.01 0.01
0 0.529978 0.292854 0.01 0.01
0 0.549583 0.305247 0.01 0.01
0 0.584338 0.298165 0.01 0.01
0 0.564733 0.236205 0.01 0.01
0 0.525522 0.247712 0.01 0.01
0 0.490767 0.253023 0.01 0.01
0 0.478291 0.246827 0.01 0.01
0 0.459577 0.225583 0.01 0.01
0 0.437298 0.204340 0.01 0.01
0 0.450666 0.192833 0.01 0.01
0 0.486312 0.196373 0.01 0.01
0 0.478291 0.213191 0.01 0.01
0 0.493441 0.219387 0.01 0.01
0 0.517502 0.216732 0.01 0.01
0 0.522849 0.191063 0.01 0.01
0 0.505026 0.175130 0.01 0.01
0 0.506808 0.158312 0.01 0.01
0 0.533543 0.176900 0.01 0.01
0 0.538890 0.162738 0.01 0.01
0 0.527305 0.143265 0.01 0.01
0 0.541563 0.148576 0.01 0.01
0 0.537107 0.125562 0.01 0.01
0 0.560277 0.140609 0.01 0.01
0 0.597705 0.204340 0.01 0.01
0 0.615529 0.222928 0.01 0.01
0 0.635134 0.232664 0.01 0.01
0 0.653848 0.245057 0.01 0.01
0 0.619093 0.291084 0.01 0.01
0 0.621767 0.276037 0.01 0.01
0 0.632460 0.306132 0.01 0.01
0 0.657413 0.300821 0.01 0.01
0 0.654739 0.333571 0.01 0.01
0 0.624440 0.338882 0.01 0.01
0 0.624440 0.355700 0.01 0.01
0 0.587012 0.322064 0.01 0.01
0 0.688603 0.304361 0.01 0.01
0 0.694841 0.278692 0.01 0.01
0 0.688603 0.257449 0.01 0.01
0 0.682365 0.215847 0.01 0.01
0 0.706426 0.202570 0.01 0.01
0 0.721575 0.223813 0.01 0.01
0 0.704644 0.222928 0.01 0.01
0 0.720684 0.247712 0.01 0.01
0 0.748310 0.236205 0.01 0.01
0 0.748310 0.279577 0.01 0.01
0 0.719793 0.291084 0.01 0.01
0 0.728705 0.307902 0.01 0.01
0 0.753657 0.314098 0.01 0.01
0 0.750092 0.304361 0.01 0.01
0 0.777718 0.287544 0.01 0.01
0 0.776827 0.260104 0.01 0.01
0 0.784847 0.322064 0.01 0.01
0 0.734052 0.354815 0.01 0.01
0 0.699297 0.342423 0.01 0.01
0 0.677018 0.352159 0.01 0.01
0 0.693950 0.393761 0.01 0.01
0 0.677909 0.394646 0.01 0.01
0 0.738507 0.415005 0.01 0.01
0 0.737616 0.391106 0.01 0.01
0 0.755439 0.454836 0.01 0.01
0 0.767915 0.427397 0.01 0.01
0 0.754548 0.374288 0.01 0.01
0 0.767915 0.379599 0.01 0.01
0 0.794650 0.387565 0.01 0.01
0 0.766133 0.353044 0.01 0.01
0 0.796432 0.341538 0.01 0.01
0 0.732269 0.184867 0.01 0.01
0 0.716229 0.191063 0.01 0.01
0 0.755439 0.156542 0.01 0.01
0 0.765242 0.199914 0.01 0.01
0 0.783956 0.160968 0.01 0.01
0 0.790194 0.186637 0.01 0.01
0 0.603944 0.174245 0.01 0.01
0 0.596814 0.159197 0.01 0.01
0 0.571862 0.168049 0.01 0.01
0 0.576318 0.125562 0.01 0.01
0 0.593250 0.122021 0.01 0.01
0 0.626222 0.139724 0.01 0.01
0 0.629787 0.124677 0.01 0.01
0 0.651175 0.125562 0.01 0.01
0 0.663651 0.122021 0.01 0.01
0 0.675236 0.140609 0.01 0.01
0 0.666324 0.151231 0.01 0.01
0 0.634243 0.153001 0.01 0.01
0 0.635134 0.171589 0.01 0.01
0 0.687712 0.115825 0.01 0.01
0 0.700188 0.104318 0.01 0.01
0 0.693059 0.133528 0.01 0.01
0 0.734052 0.118481 0.01 0.01
0 0.722467 0.106974 0.01 0.01
0 0.733160 0.093696 0.01 0.01
0 0.709990 0.082190 0.01 0.01
0 0.684147 0.083075 0.01 0.01
0 0.659195 0.075994 0.01 0.01
0 0.652957 0.091926 0.01 0.01
0 0.625331 0.088386 0.01 0.01
0 0.612855 0.077764 0.01 0.01
0 0.617311 0.103433 0.01 0.01
0 0.579882 0.102548 0.01 0.01
0 0.582556 0.073338 0.01 0.01
0 0.550474 0.085730 0.01 0.01
0 0.542454 0.068912 0.01 0.01
0 0.526413 0.088386 0.01 0.01
0 0.513046 0.085730 0.01 0.01
0 0.496114 0.099007 0.01 0.01
0 0.486312 0.098122 0.01 0.01
0 0.466706 0.113170 0.01 0.01
0 0.490767 0.122021 0.01 0.01
0 0.471162 0.140609 0.01 0.01
0 0.448883 0.134413 0.01 0.01
0 0.440863 0.149461 0.01 0.01
0 0.462251 0.152116 0.01 0.01
0 0.456013 0.168934 0.01 0.01
0 0.407890 0.135298 0.01 0.01
0 0.398088 0.156542 0.01 0.01
0 0.394523 0.119366 0.01 0.01
0 0.372244 0.120251 0.01 0.01
0 0.352639 0.109629 0.01 0.01
0 0.337489 0.114055 0.01 0.01
0 0.323231 0.102548 0.01 0.01
0 0.310755 0.081304 0.01 0.01
0 0.346401 0.086615 0.01 0.01
0 0.349074 0.073338 0.01 0.01
0 0.338381 0.059176 0.01 0.01
0 0.364224 0.058291 0.01 0.01
0 0.056777 0.242401 0.01 0.01
0 0.040736 0.262759 0.01 0.01
0 0.017566 0.273381 0.01 0.01
0 0.027369 0.295510 0.01 0.01
0 0.061233 0.273381 0.01 0.01
0 0.050539 0.297280 0.01 0.01
0 0.085294 0.305247 0.01 0.01
0 0.070144 0.313213 0.01 0.01
0 0.102226 0.281348 0.01 0.01
0 0.093314 0.255678 0.01 0.01
0 0.073709 0.262759 0.01 0.01
0 0.097770 0.237090 0.01 0.01
0 0.119157 0.265415 0.01 0.01
0 0.109355 0.322064 0.01 0.01
0 0.447101 0.450411 0.01 0.01
0 0.010437 0.462803 0.01 0.01
0 0.053212 0.478735 0.01 0.01
0 0.378482 0.100778 0.01 0.01
0 0.383829 0.093696 0.01 0.01
0 0.439972 0.109629 0.01 0.01
0 0.417693 0.081304 0.01 0.01
0 0.398088 0.081304 0.01 0.01
0 0.408782 0.058291 0.01 0.01
0 0.440863 0.055635 0.01 0.01
0 0.448883 0.040588 0.01 0.01
0 0.473836 0.027310 0.01 0.01
0 0.476509 0.049439 0.01 0.01
0 0.490767 0.042358 0.01 0.01
0 0.500570 0.053865 0.01 0.01
0 0.470271 0.079534 0.01 0.01
0 0.452448 0.071568 0.01 0.01
0 0.441754 0.080419 0.01 0.01
0 0.419475 0.117595 0.01 0.01
0 0.406999 0.104318 0.01 0.01
0 0.514828 0.111399 0.01 0.01
0 0.546019 0.052095 0.01 0.01
0 0.575427 0.055635 0.01 0.01
0 0.560277 0.020229 0.01 0.01
0 0.578991 0.026425 0.01 0.01
0 0.530869 0.029966 0.01 0.01
0 0.601270 0.020229 0.01 0.01
0 0.611964 0.038817 0.01 0.01
0 0.595032 0.049439 0.01 0.01
0 0.636916 0.022000 0.01 0.01
0 0.658304 0.023770 0.01 0.01
0 0.669889 0.009607 0.01 0.01
0 0.688603 0.024655 0.01 0.01
0 0.678800 0.045013 0.01 0.01
0 0.659195 0.041473 0.01 0.01
0 0.641372 0.045899 0.01 0.01
0 0.614637 0.056520 0.01 0.01
0 0.627113 0.066257 0.01 0.01
0 0.644936 0.064487 0.01 0.01
0 0.677909 0.062716 0.01 0.01
0 0.697514 0.058291 0.01 0.01
0 0.716229 0.029081 0.01 0.01
0 0.719793 0.056520 0.01 0.01
0 0.756330 0.080419 0.01 0.01
0 0.742963 0.046784 0.01 0.01
0 0.749201 0.023770 0.01 0.01
0 0.770589 0.031736 0.01 0.01
0 0.733160 0.025540 0.01 0.01
0 0.780391 0.021114 0.01 0.01
0 0.770589 0.048554 0.01 0.01
0 0.790194 0.068027 0.01 0.01
0 0.791976 0.084845 0.01 0.01
0 0.767915 0.076879 0.01 0.01
0 0.759895 0.114940 0.01 0.01
0 0.764351 0.133528 0.01 0.01
0 0.705535 0.145035 0.01 0.01
0 0.717120 0.158312 0.01 0.01
0 0.717120 0.176900 0.01 0.01
0 0.692167 0.184867 0.01 0.01
0 0.664542 0.183096 0.01 0.01
0 0.619984 0.198144 0.01 0.01
0 0.791976 0.225583 0.01 0.01
0 0.787521 0.245057 0.01 0.01
0 0.780391 0.120251 0.01 0.01
0 0.786629 0.142380 0.01 0.01
0 0.653848 0.322949 0.01 0.01
0 0.713555 0.386680 0.01 0.01
0 0.450666 0.297280 0.01 0.01
0 0.452448 0.277807 0.01 0.01
0 0.423040 0.278692 0.01 0.01
0 0.407890 0.265415 0.01 0.01
0 0.416802 0.238861 0.01 0.01
0 0.387394 0.245942 0.01 0.01
0 0.406999 0.227354 0.01 0.01
0 0.407890 0.215847 0.01 0.01
0 0.390958 0.201684 0.01 0.01
0 0.406999 0.183096 0.01 0.01
0 0.430169 0.177785 0.01 0.01
0 0.927178 0.441559 0.01 0.01
0 0.895988 0.421201 0.01 0.01
0 0.891532 0.450411 0.01 0.01
0 0.873709 0.455721 0.01 0.01
0 0.833607 0.465458 0.01 0.01
0 0.827369 0.444215 0.01 0.01
0 0.874600 0.394646 0.01 0.01
0 0.850539 0.370747 0.01 0.01
0 0.877273 0.357470 0.01 0.01
0 0.898661 0.349504 0.01 0.01
0 0.885294 0.321179 0.01 0.01
0 0.913811 0.305247 0.01 0.01
0 0.901334 0.305247 0.01 0.01
0 0.899552 0.267185 0.01 0.01
0 0.931634 0.286658 0.01 0.01
0 0.950348 0.251253 0.01 0.01
0 0.928069 0.258334 0.01 0.01
0 0.909355 0.237090 0.01 0.01
0 0.881729 0.246827 0.01 0.01
0 0.860342 0.244171 0.01 0.01
0 0.966388 0.386680 0.01 0.01
0 0.912919 0.395532 0.01 0.01
0 0.921831 0.404383 0.01 0.01
0 0.946783 0.423856 0.01 0.01
0 0.984212 0.418545 0.01 0.01
0 1.000252 0.402613 0.01 0.01
0 1.035898 0.423856 0.01 0.01
0 1.030551 0.397302 0.01 0.01
0 1.008273 0.469884 0.01 0.01
0 0.985103 0.484046 0.01 0.01
0 0.958368 0.462803 0.01 0.01
0 0.916484 0.489357 0.01 0.01
0 0.881729 0.487587 0.01 0.01
0 0.929851 0.500864 0.01 0.01
0 0.963715 0.503519 0.01 0.01
0 1.006490 0.507945 0.01 0.01
0 1.022531 0.500864 0.01 0.01
0 1.036789 0.477850 0.01 0.01
0 1.069762 0.414120 0.01 0.01
0 1.060850 0.485816 0.01 0.01
0 1.133034 0.422086 0.01 0.01
0 1.109864 0.404383 0.01 0.01
0 1.116102 0.374288 0.01 0.01
0 1.077782 0.362781 0.01 0.01
0 1.049266 0.358355 0.01 0.01
0 1.015402 0.376058 0.01 0.01
0 1.016293 0.339767 0.01 0.01
0 0.991341 0.330031 0.01 0.01
0 0.967280 0.328260 0.01 0.01
0 0.928069 0.327375 0.01 0.01
0 0.917375 0.351274 0.01 0.01
0 0.936089 0.370747 0.01 0.01
0 0.939654 0.349504 0.01 0.01
0 0.958368 0.301706 0.01 0.01
0 0.967280 0.290199 0.01 0.01
0 1.000252 0.311443 0.01 0.01
0 1.011837 0.277807 0.01 0.01
0 0.988667 0.261874 0.01 0.01
0 1.049266 0.288429 0.01 0.01
0 1.057286 0.259219 0.01 0.01
0 1.041245 0.247712 0.01 0.01
0 1.012728 0.234435 0.01 0.01
0 0.997579 0.227354 0.01 0.01
0 1.018075 0.205225 0.01 0.01
0 0.996688 0.194603 0.01 0.01
0 0.964606 0.195488 0.01 0.01
0 0.934307 0.214962 0.01 0.01
0 0.907573 0.202570 0.01 0.01
0 0.909355 0.179556 0.01 0.01
0 0.928069 0.199029 0.01 0.01
0 0.867471 0.196373 0.01 0.01
0 0.856777 0.207880 0.01 0.01
0 0.836280 0.206110 0.01 0.01
0 0.824696 0.184867 0.01 0.01
0 0.832716 0.168934 0.01 0.01
0 0.856777 0.151231 0.01 0.01
0 0.833607 0.136183 0.01 0.01
0 1.091150 0.328260 0.01 0.01
0 1.089367 0.279577 0.01 0.01
0 1.099170 0.307017 0.01 0.01
0 1.118775 0.283118 0.01 0.01
0 1.102735 0.265415 0.01 0.01
0 1.116993 0.249482 0.01 0.01
0 1.114320 0.335342 0.01 0.01
0 1.132143 0.345963 0.01 0.01
0 1.148183 0.330916 0.01 0.01
0 1.176700 0.338882 0.01 0.01
0 1.171353 0.288429 0.01 0.01
0 1.151748 0.260104 0.01 0.01
0 1.153530 0.241516 0.01 0.01
0 1.153530 0.219387 0.01 0.01
0 1.169571 0.237975 0.01 0.01
0 1.190958 0.245057 0.01 0.01
0 1.187394 0.196373 0.01 0.01
0 1.206999 0.202570 0.01 0.01
0 1.230169 0.191948 0.01 0.01
0 1.223040 0.282233 0.01 0.01
0 1.235516 0.307902 0.01 0.01
0 1.211455 0.316753 0.01 0.01
0 1.253339 0.284888 0.01 0.01
0 1.235516 0.252138 0.01 0.01
0 1.231951 0.232664 0.01 0.01
0 1.274727 0.222043 0.01 0.01
0 1.288094 0.245942 0.01 0.01
0 1.288094 0.263645 0.01 0.01
0 1.251557 0.262759 0.01 0.01
0 1.305026 0.296395 0.01 0.01
0 1.284529 0.303476 0.01 0.01
0 1.248883 0.330916 0.01 0.01
0 1.203435 0.352159 0.01 0.01
0 1.223931 0.337112 0.01 0.01
0 1.229278 0.352159 0.01 0.01
0 1.253339 0.344193 0.01 0.01
0 1.296114 0.335342 0.01 0.01
0 1.345128 0.319409 0.01 0.01
0 1.313937 0.366322 0.01 0.01
0 1.310373 0.338882 0.01 0.01
0 1.283638 0.358355 0.01 0.01
0 1.291659 0.377829 0.01 0.01
0 1.265815 0.407038 0.01 0.01
0 1.234625 0.394646 0.01 0.01
0 1.229278 0.422971 0.01 0.01
0 1.183829 0.397302 0.01 0.01
0 1.162442 0.386680 0.01 0.01
0 1.143728 0.390221 0.01 0.01
0 1.172244 0.414120 0.01 0.01
0 1.166006 0.458377 0.01 0.01
0 1.176700 0.441559 0.01 0.01
0 1.198088 0.437133 0.01 0.01
0 1.337998 0.452181 0.01 0.01
0 1.275618 0.456607 0.01 0.01
0 1.269380 0.430937 0.01 0.01
0 1.246210 0.434478 0.01 0.01
0 1.292550 0.417660 0.01 0.01
0 1.307699 0.442444 0.01 0.01
0 1.338890 0.435363 0.01 0.01
0 1.346019 0.407924 0.01 0.01
0 1.356713 0.427397 0.01 0.01
0 1.367406 0.417660 0.01 0.01
0 1.352257 0.376058 0.01 0.01
0 1.361168 0.355700 0.01 0.01
0 1.341563 0.297280 0.01 0.01
0 1.363842 0.310557 0.01 0.01
0 1.346019 0.264530 0.01 0.01
0 1.322849 0.260104 0.01 0.01
0 1.338890 0.245942 0.01 0.01
0 1.365624 0.250367 0.01 0.01
0 1.356713 0.217617 0.01 0.01
0 1.346910 0.200799 0.01 0.01
0 1.307699 0.202570 0.01 0.01
0 1.297005 0.227354 0.01 0.01
0 1.256904 0.213191 0.01 0.01
0 1.278291 0.182211 0.01 0.01
0 1.407508 0.319409 0.01 0.01
0 1.406617 0.366322 0.01 0.01
0 1.434243 0.365437 0.01 0.01
0 1.411964 0.336227 0.01 0.01
0 1.444936 0.387565 0.01 0.01
0 1.405726 0.385795 0.01 0.01
0 1.397705 0.405268 0.01 0.01
0 1.408399 0.430937 0.01 0.01
0 1.416420 0.415890 0.01 0.01
0 1.451175 0.449525 0.01 0.01
0 1.437807 0.422971 0.01 0.01
0 1.472562 0.426512 0.01 0.01
0 1.489494 0.408809 0.01 0.01
0 1.490385 0.445100 0.01 0.01
0 1.503752 0.466343 0.01 0.01
0 1.558113 0.462803 0.01 0.01
0 1.542963 0.441559 0.01 0.01
0 1.510882 0.425626 0.01 0.01
0 1.466324 0.370747 0.01 0.01
0 1.500188 0.368092 0.01 0.01
0 1.460086 0.350389 0.01 0.01
0 1.445828 0.332686 0.01 0.01
0 1.468998 0.321179 0.01 0.01
0 1.485929 0.325605 0.01 0.01
0 1.509099 0.336227 0.01 0.01
0 1.537616 0.341538 0.01 0.01
0 1.545637 0.372518 0.01 0.01
0 1.561677 0.332686 0.01 0.01
0 1.583065 0.353930 0.01 0.01
0 1.582174 0.394646 0.01 0.01
0 1.534052 0.314983 0.01 0.01
0 1.511773 0.298165 0.01 0.01
0 1.463651 0.295510 0.01 0.01
0 1.437807 0.277807 0.01 0.01
0 1.403052 0.270726 0.01 0.01
0 1.441372 0.243286 0.01 0.01
0 1.238189 0.157427 0.01 0.01
0 1.208782 0.155657 0.01 0.01
0 1.177591 0.146805 0.01 0.01
0 1.148183 0.145035 0.01 0.01
0 1.136598 0.123791 0.01 0.01
0 1.114320 0.144150 0.01 0.01
0 1.076891 0.134413 0.01 0.01
0 1.054612 0.133528 0.01 0.01
0 0.807764 0.125562 0.01 0.01
0 0.821131 0.121136 0.01 0.01
0 0.809546 0.068912 0.01 0.01
0 0.809546 0.044128 0.01 0.01
0 0.833607 0.033506 0.01 0.01
0 0.852321 0.029966 0.01 0.01
0 0.846083 0.056520 0.01 0.01
0 0.830042 0.056520 0.01 0.01
0 0.828260 0.083075 0.01 0.01
0 0.813111 0.083075 0.01 0.01
0 0.863015 0.093696 0.01 0.01
0 0.867471 0.074223 0.01 0.01
0 0.887967 0.076879 0.01 0.01
0 0.887967 0.034392 0.01 0.01
0 0.866580 0.029081 0.01 0.01
0 0.870144 0.044128 0.01 0.01
0 0.904008 0.060946 0.01 0.01
0 0.915593 0.026425 0.01 0.01
0 0.932525 0.039702 0.01 0.01
0 0.944110 0.054750 0.01 0.01
0 0.947674 0.075108 0.01 0.01
0 0.950348 0.093696 0.01 0.01
0 0.913811 0.083075 0.01 0.01
0 0.923613 0.106974 0.01 0.01
0 0.900443 0.099007 0.01 0.01
0 0.911137 0.114940 0.01 0.01
0 0.902226 0.134413 0.01 0.01
0 0.931634 0.133528 0.01 0.01
0 0.915593 0.145920 0.01 0.01
0 0.952130 0.135298 0.01 0.01
0 0.977973 0.137954 0.01 0.01
0 0.957477 0.151231 0.01 0.01
0 0.985103 0.120251 0.01 0.01
0 0.981538 0.101663 0.01 0.01
0 0.992232 0.087500 0.01 0.01
0 0.978865 0.067142 0.01 0.01
0 0.971735 0.042358 0.01 0.01
0 0.945892 0.028196 0.01 0.01
0 0.992232 0.019344 0.01 0.01
0 0.992232 0.056520 0.01 0.01
0 1.002035 0.045013 0.01 0.01
0 1.037681 0.033506 0.01 0.01
0 1.026096 0.009607 0.01 0.01
0 1.011837 0.021114 0.01 0.01
0 1.030551 0.049439 0.01 0.01
0 1.022531 0.076879 0.01 0.01
0 1.024313 0.098122 0.01 0.01
0 1.018966 0.120251 0.01 0.01
0 1.008273 0.105203 0.01 0.01
0 1.002035 0.135298 0.01 0.01
0 0.991341 0.145035 0.01 0.01
0 0.994014 0.163623 0.01 0.01
0 1.018966 0.160968 0.01 0.01
0 1.035007 0.164508 0.01 0.01
0 0.958368 0.168049 0.01 0.01
0 1.051939 0.175130 0.01 0.01
0 1.076891 0.171589 0.01 0.01
0 1.059959 0.210536 0.01 0.01
0 1.045701 0.199914 0.01 0.01
0 1.036789 0.068027 0.01 0.01
0 1.061742 0.039702 0.01 0.01
0 1.093823 0.027310 0.01 0.01
0 1.081347 0.021114 0.01 0.01
0 1.105408 0.022885 0.01 0.01
0 1.095605 0.059176 0.01 0.01
0 1.079565 0.048554 0.01 0.01
0 1.116102 0.061831 0.01 0.01
0 1.136598 0.062716 0.01 0.01
0 1.154421 0.052980 0.01 0.01
0 1.143728 0.037932 0.01 0.01
0 1.155312 0.018459 0.01 0.01
0 1.164224 0.011378 0.01 0.01
0 1.176700 0.024655 0.01 0.01
0 1.174027 0.046784 0.01 0.01
0 1.181156 0.055635 0.01 0.01
0 1.179374 0.069797 0.01 0.01
0 1.166006 0.088386 0.01 0.01
0 1.136598 0.090156 0.01 0.01
0 1.174918 0.104318 0.01 0.01
0 1.193632 0.083075 0.01 0.01
0 1.201652 0.094582 0.01 0.01
0 1.216802 0.099892 0.01 0.01
0 1.236407 0.094582 0.01 0.01
0 1.240863 0.076879 0.01 0.01
0 1.212346 0.062716 0.01 0.01
0 1.218584 0.076879 0.01 0.01
0 1.237298 0.025540 0.01 0.01
0 1.222149 0.011378 0.01 0.01
0 1.272944 0.043243 0.01 0.01
0 1.252448 0.041473 0.01 0.01
0 1.261359 0.075994 0.01 0.01
0 1.278291 0.093696 0.01 0.01
0 1.256013 0.107859 0.01 0.01
0 1.248883 0.137069 0.01 0.01
0 1.213237 0.136183 0.01 0.01
0 1.200761 0.139724 0.01 0.01
0 1.180265 0.125562 0.01 0.01
0 1.117884 0.170704 0.01 0.01
0 1.103626 0.199914 0.01 0.01
0 1.087585 0.214076 0.01 0.01
0 1.153530 0.191063 0.01 0.01
0 1.141945 0.184867 0.01 0.01
0 1.141054 0.168049 0.01 0.01
0 1.171353 0.174245 0.01 0.01
0 1.214128 0.177785 0.01 0.01
0 1.267597 0.162738 0.01 0.01
0 1.280965 0.146805 0.01 0.01
0 1.288985 0.126447 0.01 0.01
0 1.320175 0.114055 0.01 0.01
0 1.301461 0.081304 0.01 0.01
0 1.288985 0.041473 0.01 0.01
0 1.290767 0.018459 0.01 0.01
0 1.305026 0.029081 0.01 0.01
0 1.321067 0.051209 0.01 0.01
0 1.337107 0.058291 0.01 0.01
0 1.344236 0.034392 0.01 0.01
0 1.324631 0.014918 0.01 0.01
0 1.335325 0.070683 0.01 0.01
0 1.352257 0.097237 0.01 0.01
0 1.370080 0.115825 0.01 0.01
0 1.351366 0.125562 0.01 0.01
0 1.331760 0.140609 0.01 0.01
0 1.317502 0.157427 0.01 0.01
0 1.296114 0.168934 0.01 0.01
0 1.337998 0.155657 0.01 0.01
0 1.351366 0.160082 0.01 0.01
0 1.365624 0.146805 0.01 0.01
0 1.387903 0.105203 0.01 0.01
0 1.402161 0.118481 0.01 0.01
0 1.381665 0.056520 0.01 0.01
0 1.365624 0.045013 0.01 0.01
0 1.375427 0.020229 0.01 0.01
0 1.388794 0.037932 0.01 0.01
0 1.396814 0.024655 0.01 0.01
0 1.428005 0.037047 0.01 0.01
0 1.455630 0.037047 0.01 0.01
0 1.449392 0.069797 0.01 0.01
0 1.466324 0.057405 0.01 0.01
0 1.437807 0.052095 0.01 0.01
0 1.491276 0.027310 0.01 0.01
0 1.517120 0.032621 0.01 0.01
0 1.536725 0.039702 0.01 0.01
0 1.543854 0.019344 0.01 0.01
0 1.562568 0.037047 0.01 0.01
0 1.551875 0.055635 0.01 0.01
0 1.567915 0.053865 0.01 0.01
0 1.559895 0.076879 0.01 0.01
0 1.549201 0.088386 0.01 0.01
0 1.503752 0.068027 0.01 0.01
0 1.493950 0.083960 0.01 0.01
0 1.480583 0.112285 0.01 0.01
0 1.474344 0.089271 0.01 0.01
0 1.496623 0.103433 0.01 0.01
0 1.524249 0.099007 0.01 0.01
0 1.529596 0.113170 0.01 0.01
0 1.548310 0.103433 0.01 0.01
0 1.518011 0.133528 0.01 0.01
0 1.580391 0.106088 0.01 0.01
0 1.580391 0.089271 0.01 0.01
0 1.593759 0.066257 0.01 0.01
0 1.546528 0.145035 0.01 0.01
0 1.528705 0.151231 0.01 0.01
0 1.505535 0.168049 0.01 0.01
0 1.481474 0.174245 0.01 0.01
0 1.473453 0.189292 0.01 0.01
0 1.454739 0.171589 0.01 0.01
0 1.459195 0.152116 0.01 0.01
0 1.430678 0.121136 0.01 0.01
0 1.410182 0.151231 0.01 0.01
0 1.389685 0.178671 0.01 0.01
0 1.390576 0.201684 0.01 0.01
0 1.418202 0.199914 0.01 0.01
0 1.430678 0.187522 0.01 0.01
0 1.410182 0.236205 0.01 0.01
0 1.414637 0.224698 0.01 0.01
0 1.444936 0.223813 0.01 0.01
0 1.452957 0.211421 0.01 0.01
0 1.492167 0.222928 0.01 0.01
0 1.475236 0.249482 0.01 0.01
0 1.498406 0.254793 0.01 0.01
0 1.515337 0.245942 0.01 0.01
0 1.510882 0.216732 0.01 0.01
0 1.524249 0.200799 0.01 0.01
0 1.546528 0.211421 0.01 0.01
0 1.556330 0.201684 0.01 0.01
0 1.559895 0.179556 0.01 0.01
0 1.585738 0.181326 0.01 0.01
0 1.575045 0.203455 0.01 0.01
0 1.553657 0.257449 0.01 0.01
0 1.520684 0.258334 0.01 0.01
0 1.568806 0.276037 0.01 0.01
0 1.574153 0.253023 0.01 0.01
0 1.591976 0.245057 0.01 0.01
0 1.585738 0.285773 0.01 0.01
0 1.599106 0.278692 0.01 0.01
0 1.428896 0.309672 0.01 0.01
0 1.565242 0.420316 0.01 0.01
0 1.580391 0.447755 0.01 0.01
0 0.056777 0.068912 0.01 0.01
0 0.057668 0.099892 0.01 0.01
0 0.033607 0.110514 0.01 0.01
0 0.026478 0.133528 0.01 0.01
0 0.070144 0.115825 0.01 0.01
0 0.073709 0.105203 0.01 0.01
0 0.088858 0.082190 0.01 0.01
0 0.096879 0.036162 0.01 0.01
0 0.071927 0.017574 0.01 0.01
0 0.101334 0.067142 0.01 0.01
0 0.120049 0.061831 0.01 0.01
0 0.118266 0.080419 0.01 0.01
0 0.119157 0.050324 0.01 0.01
0 0.138763 0.051209 0.01 0.01
0 0.142327 0.071568 0.01 0.01
0 0.156586 0.079534 0.01 0.01
0 0.136981 0.100778 0.01 0.01
0 0.175300 0.060946 0.01 0.01
0 0.175300 0.037047 0.01 0.01
0 0.188667 0.023770 0.01 0.01
0 0.165497 0.013148 0.01 0.01
0 0.153912 0.029966 0.01 0.01
0 0.122722 0.029966 0.01 0.01
0 0.222531 0.007837 0.01 0.01
0 0.199361 0.013148 0.01 0.01
0 0.212728 0.027310 0.01 0.01
0 0.197579 0.052980 0.01 0.01
0 0.195796 0.067142 0.01 0.01
0 0.208273 0.095467 0.01 0.01
0 0.175300 0.092811 0.01 0.01
0 0.214511 0.084845 0.01 0.01
0 0.227878 0.035277 0.01 0.01
0 0.237681 0.015804 0.01 0.01
0 0.259959 0.028196 0.01 0.01
0 0.246592 0.044128 0.01 0.01
0 0.271544 0.011378 0.01 0.01
0 0.286694 0.040588 0.01 0.01
0 0.299170 0.022000 0.01 0.01
0 0.323231 0.024655 0.01 0.01
0 0.356204 0.027310 0.01 0.01
0 0.373135 0.013148 0.01 0.01
0 0.312537 0.051209 0.01 0.01
0 0.053212 0.038817 0.01 0.01
0 0.037172 0.010493 0.01 0.01
0 0.015784 0.032621 0.01 0.01
0 0.019349 0.052095 0.01 0.01
0 0.038063 0.050324 0.01 0.01
0 0.090641 0.010493 0.01 0.01
0 0.021131 0.081304 0.01 0.01
0 0.005981 0.088386 0.01 0.01
0 0.096879 0.183981 0.01 0.01
0 0.010437 0.247712 0.01 0.01
0 0.094205 0.222928 0.01 0.01
0 0.042519 0.330031 0.01 0.01
0 0.013111 0.336227 0.01 0.01
0 0.175300 0.380484 0.01 0.01
0 0.153021 0.394646 0.01 0.01
0 0.155695 0.266300 0.01 0.01
0 0.041627 0.880592 0.01 0.01
0 0.064797 0.969107 0.01 0.01
0 0.011328 0.992120 0.01 0.01
0 0.054995 0.998316 0.01 0.01
0 0.015784 0.659305 0.01 0.01
0 0.011328 0.584953 0.01 0.01
0 0.008655 0.615048 0.01 0.01
0 0.075491 0.523878 0.01 0.01
0 0.089750 0.991235 0.01 0.01
0 0.120049 0.989465 0.01 0.01
0 0.149457 0.996546 0.01 0.01
0 0.200252 0.996546 0.01 0.01
0 0.253721 0.993006 0.01 0.01
0 0.268871 0.976188 0.01 0.01
0 0.315211 1.006283 0.01 0.01
0 0.401652 1.008053 0.01 0.01
0 0.368680 0.982384 0.01 0.01
0 0.431951 1.015134 0.01 0.01
0 0.496114 1.010709 0.01 0.01
0 0.520175 1.015134 0.01 0.01
0 0.554039 0.993006 0.01 0.01
0 0.654739 1.008938 0.01 0.01
0 0.690385 1.005398 0.01 0.01
0 0.721575 1.012479 0.01 0.01
0 0.759004 0.992120 0.01 0.01
0 0.784847 1.011594 0.01 0.01
0 0.491659 0.770834 0.01 0.01
0 0.442645 0.722151 0.01 0.01
0 0.410564 0.617703 0.01 0.01
0 0.461359 0.600886 0.01 0.01
0 0.151239 0.614163 0.01 0.01
0 0.568298 0.617703 0.01 0.01
0 0.795541 0.754901 0.01 0.01
0 0.787521 0.739854 0.01 0.01
0 0.641372 0.729232 0.01 0.01
0 0.661868 0.767293 0.01 0.01
0 0.684147 0.732772 0.01 0.01
0 0.757221 0.920424 0.01 0.01
0 0.868362 0.530959 0.01 0.01
0 0.823804 0.536270 0.01 0.01
0 0.835389 0.566365 0.01 0.01
0 0.905790 0.518567 0.01 0.01
0 0.937872 0.553973 0.01 0.01
0 0.873709 1.014249 0.01 0.01
0 0.827369 1.012479 0.01 0.01
0 0.928960 1.014249 0.01 0.01
0 1.008273 1.011594 0.01 0.01
0 1.108081 1.012479 0.01 0.01
0 1.144619 1.016905 0.01 0.01
0 1.181156 0.903606 0.01 0.01
0 1.268489 0.949633 0.01 0.01
0 1.403944 0.924849 0.01 0.01
0 1.445828 0.946093 0.01 0.01
0 1.391467 1.004513 0.01 0.01
0 1.434243 1.000087 0.01 0.01
0 1.449392 0.821287 0.01 0.01
0 1.451175 0.835449 0.01 0.01
0 1.360277 0.766408 0.01 0.01
0 1.334434 0.756671 0.01 0.01
0 1.216802 0.695596 0.01 0.01
0 1.215020 0.677008 0.01 0.01
0 1.252448 0.669042 0.01 0.01
0 1.560786 0.706218 0.01 0.01
0 1.583065 0.733658 0.01 0.01
0 1.559004 0.823057 0.01 0.01
0 1.308590 0.775259 0.01 0.01
0 1.290767 0.815976 0.01 0.01
0 1.168680 0.771719 0.01 0.01
0 1.229278 0.860234 0.01 0.01
0 1.282747 0.893869 0.01 0.01
0 1.326413 0.924849 0.01 0.01
0 1.470780 0.677008 0.01 0.01
0 1.520684 0.577872 0.01 0.01
0 1.586629 0.591149 0.01 0.01
0 1.564351 0.557513 0.01 0.01
0 1.269380 0.615048 0.01 0.01
0 1.197197 0.607082 0.01 0.01
0 1.185612 0.633636 0.01 0.01
0 1.147292 0.634521 0.01 0.01
0 1.075109 0.605311 0.01 0.01
0 1.026987 0.626555 0.01 0.01
0 1.549206 0.228239 0.01 0.01
0 1.574158 0.139724 0.01 0.01
0 1.518907 0.180441 0.01 0.01
0 1.524253 0.283118 0.01 0.01
0 1.212351 0.253908 0.01 0.01
0 0.821135 0.367207 0.01 0.01
0 0.839850 0.317639 0.01 0.01
0 0.826482 0.293740 0.01 0.01
0 0.840741 0.279577 0.01 0.01
0 0.872822 0.291969 0.01 0.01
0 0.817571 0.238861 0.01 0.01
0 0.831829 0.229124 0.01 0.01
0 0.809550 0.215847 0.01 0.01
0 0.992236 0.440674 0.01 0.01
0 1.018080 0.431823 0.01 0.01
0 1.103630 0.440674 0.01 0.01
0 1.348697 0.516797 0.01 0.01
0 1.369193 0.520337 0.01 0.01
0 0.965502 0.233550 0.01 0.01
0 0.854108 0.327375 0.01 0.01
0 0.813115 0.320294 0.01 0.01
0 0.805095 0.272496 0.01 0.01
0 0.812224 0.287544 0.01 0.01
0 0.804204 0.461918 0.01 0.01
0 0.828265 0.396417 0.01 0.01
0 0.845196 0.399072 0.01 0.01
0 0.850543 0.419430 0.01 0.01
0 0.963720 0.361011 0.01 0.01
0 0.980651 0.381369 0.01 0.01
0 0.868366 0.465458 0.01 0.01
0 0.904012 0.469884 0.01 0.01
0 1.081351 0.395532 0.01 0.01
0 1.060855 0.390221 0.01 0.01
0 1.087590 0.101663 0.01 0.01
0 1.106304 0.083960 0.01 0.01
0 1.092045 0.090156 0.01 0.01
0 1.063528 0.072453 0.01 0.01
0 1.072440 0.077764 0.01 0.01
0 1.096501 0.127332 0.01 0.01
0 1.112542 0.121136 0.01 0.01
0 1.042141 0.127332 0.01 0.01
0 1.005604 0.186637 0.01 0.01
0 1.318398 0.179556 0.01 0.01
0 1.404839 0.078649 0.01 0.01
0 1.411077 0.100778 0.01 0.01
0 1.445832 0.105203 0.01 0.01
0 1.432465 0.104318 0.01 0.01
0 1.445832 0.128217 0.01 0.01
0 0.514202 0.263645 0.01 0.01
0 0.483012 0.274266 0.01 0.01
0 0.298543 0.281348 0.01 0.01
0 0.359142 0.293740 0.01 0.01
0 0.379638 0.303476 0.01 0.01
0 0.389441 0.319409 0.01 0.01
0 0.409046 0.310557 0.01 0.01
0 0.461624 0.320294 0.01 0.01
0 0.576582 0.396417 0.01 0.01
0 0.548957 0.426512 0.01 0.01
0 0.536481 0.398187 0.01 0.01
0 0.521331 0.430052 0.01 0.01
0 0.511528 0.412349 0.01 0.01
0 0.561433 0.397302 0.01 0.01
0 0.666589 0.409694 0.01 0.01
0 0.681738 0.415005 0.01 0.01
0 0.606882 0.144150 0.01 0.01
0 0.411871 0.012263 0.01 0.01
0 0.430585 0.037932 0.01 0.01
0 0.404742 0.038817 0.01 0.01
0 0.387810 0.031736 0.01 0.01
0 0.382463 0.047669 0.01 0.01
0 0.312062 0.067142 0.01 0.01
0 0.462667 0.015804 0.01 0.01
0 0.446626 0.012263 0.01 0.01
0 0.620400 0.016689 0.01 0.01
0 0.793284 0.021114 0.01 0.01
0 0.561584 0.186637 0.01 0.01
0 0.341470 0.321179 0.01 0.01
0 0.317409 0.297280 0.01 0.01
