0 0.020616 0.024664 0.01 0.01
0 0.031950 0.016568 0.01 0.01
0 0.026283 0.041665 0.01 0.01
0 0.038427 0.040856 0.01 0.01
0 0.044094 0.029522 0.01 0.01
0 0.057857 0.027902 0.01 0.01
0 0.058667 0.012520 0.01 0.01
0 0.016568 0.095098 0.01 0.01
0 0.014949 0.076477 0.01 0.01
0 0.027902 0.083764 0.01 0.01
0 0.035189 0.082954 0.01 0.01
0 0.043284 0.072430 0.01 0.01
0 0.043689 0.092264 0.01 0.01
0 0.043689 0.116552 0.01 0.01
0 0.032355 0.103599 0.01 0.01
0 0.066358 0.090645 0.01 0.01
0 0.051785 0.105218 0.01 0.01
0 0.061500 0.048547 0.01 0.01
0 0.084169 0.045308 0.01 0.01
0 0.087407 0.019402 0.01 0.01
0 0.008068 0.174842 0.01 0.01
0 0.008068 0.152174 0.01 0.01
0 0.045308 0.140840 0.01 0.01
0 0.074454 0.134363 0.01 0.01
0 0.058262 0.131125 0.01 0.01
0 0.067977 0.118171 0.01 0.01
0 0.076073 0.106837 0.01 0.01
0 0.059881 0.105218 0.01 0.01
0 0.076073 0.085788 0.01 0.01
0 0.061500 0.080930 0.01 0.01
0 0.065143 0.160674 0.01 0.01
0 0.018187 0.168770 0.01 0.01
0 0.039237 0.170389 0.01 0.01
0 0.082145 0.156626 0.01 0.01
0 0.104003 0.138816 0.01 0.01
0 0.107242 0.122624 0.01 0.01
0 0.087812 0.123433 0.01 0.01
0 0.089431 0.107242 0.01 0.01
0 0.102384 0.093479 0.01 0.01
0 0.125862 0.102384 0.01 0.01
0 0.116147 0.082145 0.01 0.01
0 0.093479 0.068382 0.01 0.01
0 0.119386 0.070810 0.01 0.01
0 0.150959 0.078097 0.01 0.01
0 0.135577 0.069191 0.01 0.01
0 0.121814 0.053809 0.01 0.01
0 0.121005 0.018997 0.01 0.01
0 0.121005 0.032760 0.01 0.01
0 0.106432 0.028712 0.01 0.01
0 0.159865 0.024664 0.01 0.01
0 0.146102 0.048142 0.01 0.01
0 0.163103 0.041665 0.01 0.01
0 0.184962 0.031950 0.01 0.01
0 0.178485 0.012520 0.01 0.01
0 0.164722 0.064334 0.01 0.01
0 0.163913 0.080525 0.01 0.01
0 0.146911 0.101575 0.01 0.01
0 0.131529 0.125053 0.01 0.01
0 0.108051 0.174437 0.01 0.01
0 0.109670 0.159055 0.01 0.01
0 0.119386 0.142864 0.01 0.01
0 0.148531 0.140435 0.01 0.01
0 0.171199 0.104813 0.01 0.01
0 0.156626 0.105623 0.01 0.01
0 0.183343 0.117766 0.01 0.01
0 0.184152 0.087002 0.01 0.01
0 0.194677 0.099146 0.01 0.01
0 0.184962 0.062715 0.01 0.01
0 0.175247 0.079716 0.01 0.01
0 0.200344 0.084573 0.01 0.01
0 0.201154 0.069191 0.01 0.01
0 0.185772 0.049761 0.01 0.01
0 0.191439 0.040046 0.01 0.01
0 0.198725 0.035189 0.01 0.01
0 0.208440 0.031950 0.01 0.01
0 0.211678 0.041665 0.01 0.01
0 0.217345 0.048952 0.01 0.01
0 0.217345 0.010091 0.01 0.01
0 0.231918 0.027902 0.01 0.01
0 0.134768 0.029522 0.01 0.01
0 0.078906 0.061095 0.01 0.01
0 0.056238 0.068382 0.01 0.01
0 0.067572 0.070810 0.01 0.01
0 0.043284 0.059476 0.01 0.01
0 0.029522 0.058667 0.01 0.01
0 0.010091 0.061905 0.01 0.01
0 0.006853 0.040046 0.01 0.01
0 0.007663 0.053809 0.01 0.01
0 0.007663 0.024664 0.01 0.01
0 0.009282 0.116147 0.01 0.01
0 0.008472 0.095908 0.01 0.01
0 0.020616 0.121814 0.01 0.01
0 0.008472 0.142054 0.01 0.01
0 0.031141 0.145292 0.01 0.01
0 0.136387 0.159055 0.01 0.01
0 0.178485 0.146102 0.01 0.01
0 0.195487 0.152579 0.01 0.01
0 0.199534 0.129101 0.01 0.01
0 0.206821 0.119386 0.01 0.01
0 0.217345 0.107242 0.01 0.01
0 0.218965 0.095908 0.01 0.01
0 0.219774 0.082145 0.01 0.01
0 0.232727 0.083764 0.01 0.01
0 0.236775 0.101575 0.01 0.01
0 0.228680 0.124243 0.01 0.01
0 0.223012 0.138816 0.01 0.01
0 0.222203 0.159055 0.01 0.01
0 0.188200 0.175247 0.01 0.01
0 0.165532 0.163103 0.01 0.01
0 0.163913 0.209250 0.01 0.01
0 0.144483 0.198725 0.01 0.01
0 0.156626 0.183343 0.01 0.01
0 0.171199 0.186581 0.01 0.01
0 0.129101 0.180914 0.01 0.01
0 0.108861 0.184152 0.01 0.01
0 0.080525 0.191439 0.01 0.01
0 0.035998 0.208440 0.01 0.01
0 0.017378 0.212488 0.01 0.01
0 0.023854 0.233537 0.01 0.01
0 0.044904 0.230299 0.01 0.01
0 0.063524 0.212488 0.01 0.01
0 0.093479 0.216536 0.01 0.01
0 0.065953 0.237585 0.01 0.01
0 0.006044 0.283731 0.01 0.01
0 0.017378 0.297494 0.01 0.01
0 0.054619 0.252158 0.01 0.01
0 0.044094 0.308019 0.01 0.01
0 0.027902 0.320163 0.01 0.01
0 0.010091 0.321782 0.01 0.01
0 0.044094 0.325830 0.01 0.01
0 0.071620 0.343641 0.01 0.01
0 0.065143 0.325020 0.01 0.01
0 0.067572 0.308829 0.01 0.01
0 0.093479 0.314496 0.01 0.01
0 0.095908 0.359023 0.01 0.01
0 0.044094 0.364690 0.01 0.01
0 0.043284 0.383310 0.01 0.01
0 0.031950 0.397883 0.01 0.01
0 0.022235 0.386549 0.01 0.01
0 0.012520 0.410836 0.01 0.01
0 0.067572 0.419742 0.01 0.01
0 0.054619 0.405979 0.01 0.01
0 0.061905 0.393025 0.01 0.01
0 0.092669 0.401931 0.01 0.01
0 0.106432 0.403550 0.01 0.01
0 0.105623 0.427838 0.01 0.01
0 0.089431 0.426218 0.01 0.01
0 0.100765 0.450506 0.01 0.01
0 0.124243 0.446458 0.01 0.01
0 0.128291 0.461840 0.01 0.01
0 0.133148 0.422170 0.01 0.01
0 0.104003 0.377643 0.01 0.01
0 0.104813 0.342831 0.01 0.01
0 0.128291 0.350927 0.01 0.01
0 0.142054 0.337164 0.01 0.01
0 0.122624 0.332307 0.01 0.01
0 0.123433 0.315305 0.01 0.01
0 0.144483 0.304781 0.01 0.01
0 0.128291 0.281303 0.01 0.01
0 0.117766 0.245681 0.01 0.01
0 0.099955 0.248919 0.01 0.01
0 0.104813 0.238395 0.01 0.01
0 0.085383 0.241633 0.01 0.01
0 0.142054 0.216536 0.01 0.01
0 0.131529 0.226251 0.01 0.01
0 0.125053 0.205202 0.01 0.01
0 0.108861 0.206821 0.01 0.01
0 0.174437 0.234347 0.01 0.01
0 0.174437 0.219774 0.01 0.01
0 0.151769 0.235966 0.01 0.01
0 0.166341 0.258634 0.01 0.01
0 0.186581 0.266730 0.01 0.01
0 0.196296 0.249729 0.01 0.01
0 0.217345 0.237585 0.01 0.01
0 0.197106 0.227870 0.01 0.01
0 0.184152 0.206011 0.01 0.01
0 0.201963 0.209250 0.01 0.01
0 0.233537 0.176057 0.01 0.01
0 0.248919 0.144483 0.01 0.01
0 0.243252 0.163103 0.01 0.01
0 0.244062 0.127481 0.01 0.01
0 0.245681 0.116957 0.01 0.01
0 0.258634 0.108861 0.01 0.01
0 0.252967 0.088621 0.01 0.01
0 0.264301 0.092669 0.01 0.01
0 0.260253 0.070810 0.01 0.01
0 0.237585 0.058667 0.01 0.01
0 0.274826 0.069191 0.01 0.01
0 0.271588 0.048952 0.01 0.01
0 0.259444 0.028712 0.01 0.01
0 0.265920 0.022235 0.01 0.01
0 0.272397 0.016568 0.01 0.01
0 0.278874 0.014139 0.01 0.01
0 0.290208 0.013330 0.01 0.01
0 0.290208 0.044904 0.01 0.01
0 0.298304 0.039237 0.01 0.01
0 0.304781 0.054619 0.01 0.01
0 0.303971 0.018187 0.01 0.01
0 0.318544 0.031950 0.01 0.01
0 0.293446 0.026283 0.01 0.01
0 0.244062 0.032760 0.01 0.01
0 0.259444 0.143673 0.01 0.01
0 0.258634 0.128291 0.01 0.01
0 0.275636 0.126672 0.01 0.01
0 0.316115 0.098336 0.01 0.01
0 0.321782 0.114528 0.01 0.01
0 0.310448 0.113718 0.01 0.01
0 0.316115 0.121005 0.01 0.01
0 0.317734 0.134768 0.01 0.01
0 0.319353 0.084573 0.01 0.01
0 0.349308 0.083764 0.01 0.01
0 0.342022 0.053000 0.01 0.01
0 0.331497 0.071620 0.01 0.01
0 0.366309 0.053000 0.01 0.01
0 0.354975 0.029522 0.01 0.01
0 0.335545 0.021426 0.01 0.01
0 0.379262 0.027093 0.01 0.01
0 0.370357 0.045713 0.01 0.01
0 0.373595 0.006853 0.01 0.01
0 0.363071 0.023045 0.01 0.01
0 0.295066 0.129101 0.01 0.01
0 0.286160 0.135577 0.01 0.01
0 0.306400 0.160674 0.01 0.01
0 0.284541 0.155817 0.01 0.01
0 0.265920 0.159865 0.01 0.01
0 0.256205 0.179295 0.01 0.01
0 0.310448 0.202773 0.01 0.01
0 0.318544 0.191439 0.01 0.01
0 0.294256 0.219774 0.01 0.01
0 0.258634 0.244871 0.01 0.01
0 0.254586 0.263492 0.01 0.01
0 0.238395 0.239204 0.01 0.01
0 0.229489 0.309638 0.01 0.01
0 0.234347 0.295066 0.01 0.01
0 0.215726 0.285351 0.01 0.01
0 0.196296 0.273207 0.01 0.01
0 0.181724 0.312067 0.01 0.01
0 0.160674 0.338783 0.01 0.01
0 0.172818 0.332307 0.01 0.01
0 0.159865 0.360642 0.01 0.01
0 0.159865 0.375215 0.01 0.01
0 0.187391 0.368738 0.01 0.01
0 0.193058 0.349308 0.01 0.01
0 0.201154 0.337164 0.01 0.01
0 0.210869 0.328259 0.01 0.01
0 0.223012 0.328259 0.01 0.01
0 0.239204 0.359023 0.01 0.01
0 0.253777 0.370357 0.01 0.01
0 0.246490 0.345260 0.01 0.01
0 0.241633 0.326639 0.01 0.01
0 0.273207 0.337974 0.01 0.01
0 0.286160 0.321782 0.01 0.01
0 0.274826 0.306400 0.01 0.01
0 0.281303 0.289398 0.01 0.01
0 0.269968 0.281303 0.01 0.01
0 0.252967 0.281303 0.01 0.01
0 0.296685 0.274016 0.01 0.01
0 0.286160 0.283731 0.01 0.01
0 0.306400 0.272397 0.01 0.01
0 0.320163 0.264301 0.01 0.01
0 0.318544 0.250538 0.01 0.01
0 0.318544 0.236775 0.01 0.01
0 0.340402 0.232727 0.01 0.01
0 0.336354 0.201963 0.01 0.01
0 0.345260 0.199534 0.01 0.01
0 0.359023 0.192248 0.01 0.01
0 0.358213 0.184962 0.01 0.01
0 0.340402 0.171199 0.01 0.01
0 0.322591 0.159865 0.01 0.01
0 0.350927 0.149340 0.01 0.01
0 0.336354 0.132339 0.01 0.01
0 0.333926 0.114528 0.01 0.01
0 0.341212 0.111290 0.01 0.01
0 0.354975 0.103194 0.01 0.01
0 0.369547 0.076477 0.01 0.01
0 0.331497 0.312876 0.01 0.01
0 0.319353 0.295066 0.01 0.01
0 0.303161 0.310448 0.01 0.01
0 0.340402 0.285351 0.01 0.01
0 0.345260 0.247300 0.01 0.01
0 0.366309 0.241633 0.01 0.01
0 0.376024 0.241633 0.01 0.01
0 0.384120 0.234347 0.01 0.01
0 0.408408 0.219774 0.01 0.01
0 0.407598 0.238395 0.01 0.01
0 0.414884 0.230299 0.01 0.01
0 0.418932 0.211678 0.01 0.01
0 0.405169 0.189819 0.01 0.01
0 0.405979 0.163103 0.01 0.01
0 0.385739 0.175247 0.01 0.01
0 0.370357 0.174437 0.01 0.01
0 0.359023 0.162294 0.01 0.01
0 0.383310 0.149340 0.01 0.01
0 0.388977 0.135577 0.01 0.01
0 0.390597 0.127481 0.01 0.01
0 0.398693 0.112909 0.01 0.01
0 0.371167 0.121005 0.01 0.01
0 0.376834 0.088621 0.01 0.01
0 0.391406 0.074858 0.01 0.01
0 0.402740 0.078097 0.01 0.01
0 0.415694 0.056238 0.01 0.01
0 0.430266 0.058667 0.01 0.01
0 0.420551 0.043284 0.01 0.01
0 0.397883 0.060286 0.01 0.01
0 0.431076 0.039237 0.01 0.01
0 0.428647 0.026283 0.01 0.01
0 0.437553 0.022235 0.01 0.01
0 0.426218 0.019807 0.01 0.01
0 0.404360 0.019807 0.01 0.01
0 0.428647 0.089431 0.01 0.01
0 0.435933 0.161484 0.01 0.01
0 0.439981 0.135577 0.01 0.01
0 0.431076 0.150959 0.01 0.01
0 0.459411 0.145292 0.01 0.01
0 0.456173 0.133958 0.01 0.01
0 0.441601 0.110480 0.01 0.01
0 0.448887 0.089431 0.01 0.01
0 0.461031 0.077287 0.01 0.01
0 0.466698 0.063524 0.01 0.01
0 0.452935 0.055428 0.01 0.01
0 0.459411 0.040046 0.01 0.01
0 0.468317 0.033569 0.01 0.01
0 0.459411 0.024664 0.01 0.01
0 0.454554 0.010091 0.01 0.01
0 0.449696 0.172009 0.01 0.01
0 0.457792 0.162294 0.01 0.01
0 0.430266 0.189819 0.01 0.01
0 0.420551 0.196296 0.01 0.01
0 0.438362 0.212488 0.01 0.01
0 0.446458 0.202773 0.01 0.01
0 0.478841 0.189819 0.01 0.01
0 0.478841 0.172818 0.01 0.01
0 0.482889 0.162294 0.01 0.01
0 0.462650 0.220584 0.01 0.01
0 0.482080 0.229489 0.01 0.01
0 0.482080 0.250538 0.01 0.01
0 0.448077 0.234347 0.01 0.01
0 0.415694 0.256205 0.01 0.01
0 0.431076 0.257825 0.01 0.01
0 0.444029 0.258634 0.01 0.01
0 0.463459 0.277255 0.01 0.01
0 0.492604 0.269159 0.01 0.01
0 0.490985 0.284541 0.01 0.01
0 0.469126 0.300733 0.01 0.01
0 0.472365 0.317734 0.01 0.01
0 0.465079 0.326639 0.01 0.01
0 0.432695 0.320163 0.01 0.01
0 0.442410 0.302352 0.01 0.01
0 0.409217 0.271588 0.01 0.01
0 0.420551 0.276445 0.01 0.01
0 0.441601 0.279683 0.01 0.01
0 0.397883 0.286970 0.01 0.01
0 0.379262 0.276445 0.01 0.01
0 0.379262 0.259444 0.01 0.01
0 0.393025 0.267540 0.01 0.01
0 0.354975 0.323401 0.01 0.01
0 0.317734 0.356594 0.01 0.01
0 0.274016 0.382501 0.01 0.01
0 0.298304 0.390597 0.01 0.01
0 0.297494 0.369547 0.01 0.01
0 0.327449 0.376024 0.01 0.01
0 0.256205 0.439172 0.01 0.01
0 0.252967 0.420551 0.01 0.01
0 0.237585 0.395454 0.01 0.01
0 0.229489 0.425409 0.01 0.01
0 0.204392 0.427028 0.01 0.01
0 0.193058 0.445648 0.01 0.01
0 0.155817 0.440791 0.01 0.01
0 0.157436 0.427028 0.01 0.01
0 0.163913 0.452125 0.01 0.01
0 0.179295 0.465888 0.01 0.01
0 0.281303 0.461840 0.01 0.01
0 0.299114 0.459411 0.01 0.01
0 0.323401 0.456983 0.01 0.01
0 0.235966 0.442410 0.01 0.01
0 0.216536 0.449696 0.01 0.01
0 0.373595 0.385739 0.01 0.01
0 0.400312 0.353356 0.01 0.01
0 0.407598 0.380072 0.01 0.01
0 0.397883 0.316924 0.01 0.01
0 0.379262 0.291827 0.01 0.01
0 0.422170 0.313686 0.01 0.01
0 0.428647 0.302352 0.01 0.01
0 0.408408 0.415694 0.01 0.01
0 0.412455 0.401121 0.01 0.01
0 0.429457 0.405169 0.01 0.01
0 0.391406 0.435124 0.01 0.01
0 0.381691 0.449696 0.01 0.01
0 0.354165 0.386549 0.01 0.01
0 0.337974 0.446458 0.01 0.01
0 0.308829 0.405169 0.01 0.01
0 0.308019 0.421361 0.01 0.01
0 0.421361 0.464269 0.01 0.01
0 0.444029 0.448077 0.01 0.01
0 0.446458 0.432695 0.01 0.01
0 0.433505 0.418123 0.01 0.01
0 0.419742 0.440791 0.01 0.01
0 0.450506 0.405169 0.01 0.01
0 0.469936 0.405979 0.01 0.01
0 0.460221 0.395454 0.01 0.01
0 0.482889 0.400312 0.01 0.01
0 0.515273 0.423790 0.01 0.01
0 0.517702 0.408408 0.01 0.01
0 0.511225 0.402740 0.01 0.01
0 0.524988 0.462650 0.01 0.01
0 0.544418 0.452935 0.01 0.01
0 0.558181 0.458602 0.01 0.01
0 0.555752 0.434314 0.01 0.01
0 0.544418 0.418123 0.01 0.01
0 0.452935 0.371167 0.01 0.01
0 0.444029 0.354975 0.01 0.01
0 0.435933 0.340402 0.01 0.01
0 0.485318 0.377643 0.01 0.01
0 0.529036 0.396264 0.01 0.01
0 0.542799 0.372786 0.01 0.01
0 0.598660 0.410027 0.01 0.01
0 0.582468 0.421361 0.01 0.01
0 0.583278 0.445648 0.01 0.01
0 0.607566 0.435124 0.01 0.01
0 0.618900 0.394645 0.01 0.01
0 0.586516 0.394645 0.01 0.01
0 0.554943 0.379262 0.01 0.01
0 0.586516 0.374405 0.01 0.01
0 0.588945 0.351737 0.01 0.01
0 0.605946 0.354975 0.01 0.01
0 0.622138 0.325020 0.01 0.01
0 0.598660 0.335545 0.01 0.01
0 0.599470 0.319353 0.01 0.01
0 0.575182 0.333116 0.01 0.01
0 0.578420 0.317734 0.01 0.01
0 0.589755 0.290208 0.01 0.01
0 0.543608 0.337974 0.01 0.01
0 0.507987 0.320972 0.01 0.01
0 0.555752 0.282922 0.01 0.01
0 0.544418 0.307209 0.01 0.01
0 0.580849 0.253777 0.01 0.01
0 0.563038 0.250538 0.01 0.01
0 0.553323 0.244871 0.01 0.01
0 0.536322 0.239204 0.01 0.01
0 0.520940 0.248919 0.01 0.01
0 0.506367 0.263492 0.01 0.01
0 0.529845 0.268349 0.01 0.01
0 0.603518 0.241633 0.01 0.01
0 0.601898 0.261063 0.01 0.01
0 0.612423 0.282922 0.01 0.01
0 0.620519 0.261063 0.01 0.01
0 0.618900 0.241633 0.01 0.01
0 0.560610 0.185772 0.01 0.01
0 0.580849 0.215726 0.01 0.01
0 0.618900 0.205202 0.01 0.01
0 0.602708 0.174437 0.01 0.01
0 0.609994 0.155007 0.01 0.01
0 0.594612 0.144483 0.01 0.01
0 0.618900 0.137196 0.01 0.01
0 0.616471 0.128291 0.01 0.01
0 0.597041 0.125862 0.01 0.01
0 0.574373 0.138816 0.01 0.01
0 0.557371 0.149340 0.01 0.01
0 0.533893 0.163913 0.01 0.01
0 0.507987 0.183343 0.01 0.01
0 0.486128 0.214107 0.01 0.01
0 0.523369 0.205202 0.01 0.01
0 0.507177 0.223012 0.01 0.01
0 0.505558 0.130720 0.01 0.01
0 0.495843 0.121814 0.01 0.01
0 0.520940 0.108861 0.01 0.01
0 0.503129 0.106432 0.01 0.01
0 0.585707 0.091860 0.01 0.01
0 0.559800 0.081335 0.01 0.01
0 0.549275 0.079716 0.01 0.01
0 0.530655 0.091860 0.01 0.01
0 0.516082 0.083764 0.01 0.01
0 0.507987 0.071620 0.01 0.01
0 0.545227 0.071620 0.01 0.01
0 0.517702 0.070001 0.01 0.01
0 0.520130 0.057047 0.01 0.01
0 0.536322 0.052190 0.01 0.01
0 0.545227 0.053000 0.01 0.01
0 0.559800 0.055428 0.01 0.01
0 0.570325 0.040856 0.01 0.01
0 0.566277 0.070810 0.01 0.01
0 0.582468 0.070810 0.01 0.01
0 0.573563 0.061095 0.01 0.01
0 0.576801 0.050571 0.01 0.01
0 0.588945 0.060286 0.01 0.01
0 0.597041 0.057857 0.01 0.01
0 0.599470 0.051380 0.01 0.01
0 0.582468 0.033569 0.01 0.01
0 0.620519 0.053000 0.01 0.01
0 0.615661 0.121005 0.01 0.01
0 0.605137 0.093479 0.01 0.01
0 0.602708 0.107242 0.01 0.01
0 0.620519 0.104003 0.01 0.01
0 0.614852 0.081335 0.01 0.01
0 0.567896 0.101575 0.01 0.01
0 0.557371 0.112909 0.01 0.01
0 0.511225 0.044094 0.01 0.01
0 0.481270 0.039237 0.01 0.01
0 0.482889 0.057047 0.01 0.01
0 0.520130 0.018187 0.01 0.01
0 0.596231 0.016568 0.01 0.01
0 0.609185 0.028712 0.01 0.01
0 0.611614 0.015759 0.01 0.01
0 0.605946 0.006853 0.01 0.01
0 0.579230 0.015759 0.01 0.01
0 0.561419 0.020616 0.01 0.01
0 0.567086 0.003615 0.01 0.01
0 0.548466 0.018187 0.01 0.01
0 0.530655 0.006044 0.01 0.01
0 0.547656 0.006853 0.01 0.01
0 0.516892 0.005234 0.01 0.01
0 0.482889 0.004424 0.01 0.01
0 0.483699 0.019807 0.01 0.01
0 0.495033 0.021426 0.01 0.01
0 0.497462 0.088621 0.01 0.01
0 0.493414 0.074049 0.01 0.01
0 0.562229 0.129101 0.01 0.01
0 0.550895 0.121814 0.01 0.01
0 0.520130 0.128291 0.01 0.01
0 0.587326 0.112909 0.01 0.01
0 0.618090 0.174437 0.01 0.01
0 0.284541 0.371976 0.01 0.01
0 0.337974 0.397883 0.01 0.01
0 0.018187 0.012520 0.01 0.01
0 0.147721 0.008472 0.01 0.01
0 0.297494 0.060286 0.01 0.01
0 0.308019 0.067572 0.01 0.01
0 0.364690 0.007663 0.01 0.01
0 0.656950 0.010091 0.01 0.01
0 0.665856 0.009282 0.01 0.01
0 0.668284 0.032760 0.01 0.01
0 0.648045 0.027093 0.01 0.01
0 0.635091 0.025474 0.01 0.01
0 0.658569 0.052190 0.01 0.01
0 0.647235 0.038427 0.01 0.01
0 0.693382 0.023854 0.01 0.01
0 0.677190 0.020616 0.01 0.01
0 0.707145 0.030331 0.01 0.01
0 0.716050 0.024664 0.01 0.01
0 0.707145 0.018187 0.01 0.01
0 0.727384 0.028712 0.01 0.01
0 0.744386 0.030331 0.01 0.01
0 0.731432 0.040046 0.01 0.01
0 0.737909 0.048142 0.01 0.01
0 0.756529 0.059476 0.01 0.01
0 0.754101 0.041665 0.01 0.01
0 0.765435 0.038427 0.01 0.01
0 0.776769 0.027902 0.01 0.01
0 0.720098 0.046523 0.01 0.01
0 0.688524 0.038427 0.01 0.01
0 0.639139 0.068382 0.01 0.01
0 0.654522 0.070810 0.01 0.01
0 0.665856 0.070001 0.01 0.01
0 0.686905 0.045713 0.01 0.01
0 0.667475 0.116957 0.01 0.01
0 0.647235 0.119386 0.01 0.01
0 0.638330 0.136387 0.01 0.01
0 0.678000 0.115338 0.01 0.01
0 0.712812 0.155007 0.01 0.01
0 0.706335 0.129910 0.01 0.01
0 0.690143 0.138816 0.01 0.01
0 0.690953 0.123433 0.01 0.01
0 0.695001 0.109670 0.01 0.01
0 0.654522 0.179295 0.01 0.01
0 0.686905 0.199534 0.01 0.01
0 0.679619 0.214107 0.01 0.01
0 0.681238 0.180914 0.01 0.01
0 0.696620 0.176866 0.01 0.01
0 0.685286 0.155007 0.01 0.01
0 0.717669 0.184152 0.01 0.01
0 0.741147 0.145292 0.01 0.01
0 0.742766 0.184152 0.01 0.01
0 0.759768 0.223012 0.01 0.01
0 0.750053 0.207630 0.01 0.01
0 0.757339 0.252158 0.01 0.01
0 0.712002 0.249729 0.01 0.01
0 0.709573 0.236775 0.01 0.01
0 0.698239 0.220584 0.01 0.01
0 0.673142 0.240014 0.01 0.01
0 0.664237 0.254586 0.01 0.01
0 0.655331 0.223822 0.01 0.01
0 0.656950 0.241633 0.01 0.01
0 0.645616 0.201154 0.01 0.01
0 0.633472 0.207630 0.01 0.01
0 0.633472 0.228680 0.01 0.01
0 0.635091 0.255396 0.01 0.01
0 0.635091 0.271588 0.01 0.01
0 0.655331 0.300733 0.01 0.01
0 0.630234 0.290208 0.01 0.01
0 0.649664 0.327449 0.01 0.01
0 0.651283 0.351737 0.01 0.01
0 0.648045 0.372786 0.01 0.01
0 0.657760 0.424599 0.01 0.01
0 0.660189 0.378453 0.01 0.01
0 0.710383 0.377643 0.01 0.01
0 0.717669 0.448077 0.01 0.01
0 0.704716 0.431886 0.01 0.01
0 0.743576 0.353356 0.01 0.01
0 0.733861 0.359832 0.01 0.01
0 0.701477 0.359023 0.01 0.01
0 0.686905 0.321782 0.01 0.01
0 0.673142 0.309638 0.01 0.01
0 0.700668 0.285351 0.01 0.01
0 0.687715 0.284541 0.01 0.01
0 0.748433 0.268349 0.01 0.01
0 0.765435 0.269159 0.01 0.01
0 0.794580 0.221393 0.01 0.01
0 0.774340 0.233537 0.01 0.01
0 0.773531 0.204392 0.01 0.01
0 0.758148 0.206821 0.01 0.01
0 0.792151 0.193867 0.01 0.01
0 0.771102 0.177676 0.01 0.01
0 0.766244 0.146102 0.01 0.01
0 0.781626 0.155817 0.01 0.01
0 0.796199 0.169580 0.01 0.01
0 0.752481 0.130720 0.01 0.01
0 0.767054 0.130720 0.01 0.01
0 0.730623 0.395454 0.01 0.01
0 0.743576 0.422170 0.01 0.01
0 0.790532 0.465888 0.01 0.01
0 0.780007 0.426218 0.01 0.01
0 0.801057 0.422980 0.01 0.01
0 0.789722 0.414075 0.01 0.01
0 0.804295 0.412455 0.01 0.01
0 0.820487 0.446458 0.01 0.01
0 0.813200 0.459411 0.01 0.01
0 0.838297 0.461840 0.01 0.01
0 0.850441 0.444029 0.01 0.01
0 0.826154 0.427838 0.01 0.01
0 0.845584 0.402740 0.01 0.01
0 0.827773 0.406788 0.01 0.01
0 0.804295 0.388168 0.01 0.01
0 0.818867 0.380072 0.01 0.01
0 0.832630 0.373595 0.01 0.01
0 0.776769 0.382501 0.01 0.01
0 0.775959 0.362261 0.01 0.01
0 0.790532 0.343641 0.01 0.01
0 0.816439 0.353356 0.01 0.01
0 0.801057 0.359832 0.01 0.01
0 0.836678 0.349308 0.01 0.01
0 0.824534 0.336354 0.01 0.01
0 0.852060 0.332307 0.01 0.01
0 0.832630 0.320163 0.01 0.01
0 0.833440 0.296685 0.01 0.01
0 0.814819 0.320163 0.01 0.01
0 0.821296 0.284541 0.01 0.01
0 0.795389 0.294256 0.01 0.01
0 0.836678 0.282922 0.01 0.01
0 0.851251 0.311257 0.01 0.01
0 0.874729 0.304781 0.01 0.01
0 0.760577 0.322591 0.01 0.01
0 0.759768 0.297494 0.01 0.01
0 0.809962 0.269159 0.01 0.01
0 0.826154 0.245681 0.01 0.01
0 0.859347 0.257015 0.01 0.01
0 0.843155 0.257015 0.01 0.01
0 0.808343 0.245681 0.01 0.01
0 0.830202 0.205202 0.01 0.01
0 0.818867 0.209250 0.01 0.01
0 0.808343 0.222203 0.01 0.01
0 0.856918 0.228680 0.01 0.01
0 0.847203 0.209250 0.01 0.01
0 0.871490 0.239204 0.01 0.01
0 0.888492 0.212488 0.01 0.01
0 0.875538 0.195487 0.01 0.01
0 0.855299 0.193867 0.01 0.01
0 0.828582 0.187391 0.01 0.01
0 0.813200 0.164722 0.01 0.01
0 0.824534 0.163913 0.01 0.01
0 0.816439 0.150150 0.01 0.01
0 0.833440 0.144483 0.01 0.01
0 0.811581 0.121005 0.01 0.01
0 0.809152 0.107242 0.01 0.01
0 0.767054 0.085383 0.01 0.01
0 0.726575 0.125862 0.01 0.01
0 0.716050 0.131529 0.01 0.01
0 0.750862 0.157436 0.01 0.01
0 0.703906 0.187391 0.01 0.01
0 0.706335 0.168770 0.01 0.01
0 0.739528 0.214107 0.01 0.01
0 0.722527 0.203582 0.01 0.01
0 0.707954 0.211678 0.01 0.01
0 0.715240 0.291018 0.01 0.01
0 0.737909 0.300733 0.01 0.01
0 0.685286 0.366309 0.01 0.01
0 0.676380 0.387358 0.01 0.01
0 0.787294 0.376024 0.01 0.01
0 0.878777 0.439981 0.01 0.01
0 0.887682 0.443220 0.01 0.01
0 0.906303 0.455364 0.01 0.01
0 0.860156 0.428647 0.01 0.01
0 0.881205 0.411646 0.01 0.01
0 0.869062 0.394645 0.01 0.01
0 0.880396 0.384930 0.01 0.01
0 0.853680 0.380882 0.01 0.01
0 0.888492 0.386549 0.01 0.01
0 0.898207 0.415694 0.01 0.01
0 0.912779 0.397073 0.01 0.01
0 0.895778 0.399502 0.01 0.01
0 0.934638 0.423790 0.01 0.01
0 0.919256 0.431886 0.01 0.01
0 0.925733 0.444839 0.01 0.01
0 0.949211 0.439981 0.01 0.01
0 0.971069 0.441601 0.01 0.01
0 0.954878 0.369547 0.01 0.01
0 0.933829 0.384930 0.01 0.01
0 0.944353 0.351737 0.01 0.01
0 0.919256 0.357404 0.01 0.01
0 0.911160 0.336354 0.01 0.01
0 0.899826 0.324211 0.01 0.01
0 0.891730 0.313686 0.01 0.01
0 0.913589 0.299114 0.01 0.01
0 0.894968 0.294256 0.01 0.01
0 0.907112 0.275636 0.01 0.01
0 0.911970 0.286160 0.01 0.01
0 0.932209 0.298304 0.01 0.01
0 0.928161 0.278874 0.01 0.01
0 0.946782 0.291018 0.01 0.01
0 0.946782 0.260253 0.01 0.01
0 0.975117 0.278064 0.01 0.01
0 0.923304 0.248919 0.01 0.01
0 0.909541 0.220584 0.01 0.01
0 0.930590 0.203582 0.01 0.01
0 0.898207 0.193058 0.01 0.01
0 0.902255 0.174437 0.01 0.01
0 0.954068 0.189010 0.01 0.01
0 0.934638 0.186581 0.01 0.01
0 0.931400 0.172818 0.01 0.01
0 0.940305 0.168770 0.01 0.01
0 1.043123 0.311257 0.01 0.01
0 1.030979 0.297494 0.01 0.01
0 1.022073 0.278874 0.01 0.01
0 1.039075 0.265111 0.01 0.01
0 1.022073 0.256205 0.01 0.01
0 1.007501 0.234347 0.01 0.01
0 0.991309 0.226251 0.01 0.01
0 0.995357 0.212488 0.01 0.01
0 1.002643 0.312067 0.01 0.01
0 1.019645 0.312067 0.01 0.01
0 1.005072 0.358213 0.01 0.01
0 0.985642 0.375215 0.01 0.01
0 0.991309 0.454554 0.01 0.01
0 0.991309 0.438362 0.01 0.01
0 1.009930 0.451316 0.01 0.01
0 1.046361 0.449696 0.01 0.01
0 1.033408 0.422170 0.01 0.01
0 1.022883 0.368738 0.01 0.01
0 1.041503 0.373595 0.01 0.01
0 1.051218 0.359023 0.01 0.01
0 1.067410 0.367928 0.01 0.01
0 1.075506 0.387358 0.01 0.01
0 1.068220 0.432695 0.01 0.01
0 1.066601 0.414884 0.01 0.01
0 1.061743 0.459411 0.01 0.01
0 1.075506 0.450506 0.01 0.01
0 1.082792 0.454554 0.01 0.01
0 1.086840 0.443220 0.01 0.01
0 1.095746 0.424599 0.01 0.01
0 1.104651 0.413265 0.01 0.01
0 1.111128 0.435933 0.01 0.01
0 1.105461 0.447268 0.01 0.01
0 1.123272 0.448887 0.01 0.01
0 1.139463 0.455364 0.01 0.01
0 1.133796 0.418932 0.01 0.01
0 1.144321 0.423790 0.01 0.01
0 1.164560 0.437553 0.01 0.01
0 1.153226 0.449696 0.01 0.01
0 1.176704 0.448887 0.01 0.01
0 1.181562 0.430266 0.01 0.01
0 1.192086 0.435124 0.01 0.01
0 1.198563 0.453744 0.01 0.01
0 1.208278 0.435124 0.01 0.01
0 1.227708 0.444839 0.01 0.01
0 1.243090 0.456173 0.01 0.01
0 1.240661 0.438362 0.01 0.01
0 1.221231 0.430266 0.01 0.01
0 1.209088 0.419742 0.01 0.01
0 1.193705 0.418123 0.01 0.01
0 1.203420 0.403550 0.01 0.01
0 1.234185 0.394645 0.01 0.01
0 1.182371 0.400312 0.01 0.01
0 1.167799 0.405169 0.01 0.01
0 1.153226 0.395454 0.01 0.01
0 1.141082 0.372786 0.01 0.01
0 1.165370 0.371976 0.01 0.01
0 1.211516 0.380072 0.01 0.01
0 1.222041 0.380072 0.01 0.01
0 1.193705 0.362261 0.01 0.01
0 1.211516 0.356594 0.01 0.01
0 1.169418 0.353356 0.01 0.01
0 1.183181 0.349308 0.01 0.01
0 1.190467 0.344450 0.01 0.01
0 1.183990 0.312876 0.01 0.01
0 1.164560 0.321782 0.01 0.01
0 1.141892 0.342022 0.01 0.01
0 1.142702 0.328259 0.01 0.01
0 1.143511 0.311257 0.01 0.01
0 1.134606 0.359832 0.01 0.01
0 1.153226 0.368738 0.01 0.01
0 1.118414 0.361452 0.01 0.01
0 1.100603 0.347689 0.01 0.01
0 1.124081 0.325830 0.01 0.01
0 1.115985 0.318544 0.01 0.01
0 1.103841 0.324211 0.01 0.01
0 1.086031 0.331497 0.01 0.01
0 1.064981 0.333116 0.01 0.01
0 1.062553 0.313686 0.01 0.01
0 1.081983 0.299923 0.01 0.01
0 1.071458 0.278874 0.01 0.01
0 1.060933 0.269968 0.01 0.01
0 1.088459 0.271588 0.01 0.01
0 1.107889 0.268349 0.01 0.01
0 1.118414 0.279683 0.01 0.01
0 1.143511 0.272397 0.01 0.01
0 1.132177 0.261873 0.01 0.01
0 1.142702 0.252967 0.01 0.01
0 1.137844 0.243252 0.01 0.01
0 1.146750 0.284541 0.01 0.01
0 1.136225 0.299923 0.01 0.01
0 1.159703 0.288589 0.01 0.01
0 1.183181 0.289398 0.01 0.01
0 1.194515 0.279683 0.01 0.01
0 1.165370 0.267540 0.01 0.01
0 1.214755 0.301542 0.01 0.01
0 1.213945 0.315305 0.01 0.01
0 1.229327 0.325830 0.01 0.01
0 1.210707 0.275636 0.01 0.01
0 1.168608 0.244871 0.01 0.01
0 1.110318 0.236775 0.01 0.01
0 1.119224 0.245681 0.01 0.01
0 1.098984 0.235966 0.01 0.01
0 1.091698 0.234347 0.01 0.01
0 1.056886 0.244062 0.01 0.01
0 1.029360 0.240823 0.01 0.01
0 1.044742 0.238395 0.01 0.01
0 1.042313 0.226251 0.01 0.01
0 1.061743 0.214917 0.01 0.01
0 1.048790 0.218155 0.01 0.01
0 1.006691 0.211678 0.01 0.01
0 1.009930 0.186581 0.01 0.01
0 1.026931 0.188200 0.01 0.01
0 1.039884 0.184152 0.01 0.01
0 1.058505 0.176057 0.01 0.01
0 1.033408 0.167151 0.01 0.01
0 1.022883 0.153388 0.01 0.01
0 1.014787 0.142054 0.01 0.01
0 1.022073 0.135577 0.01 0.01
0 1.028550 0.125862 0.01 0.01
0 0.996976 0.180914 0.01 0.01
0 0.977546 0.204392 0.01 0.01
0 0.975117 0.229489 0.01 0.01
0 0.956497 0.241633 0.01 0.01
0 0.941924 0.234347 0.01 0.01
0 0.941924 0.223822 0.01 0.01
0 0.941115 0.212488 0.01 0.01
0 0.967831 0.201154 0.01 0.01
0 0.963783 0.169580 0.01 0.01
0 0.936257 0.136387 0.01 0.01
0 0.989690 0.148531 0.01 0.01
0 0.967831 0.109670 0.01 0.01
0 0.945972 0.128291 0.01 0.01
0 0.934638 0.097527 0.01 0.01
0 0.890111 0.122624 0.01 0.01
0 0.890111 0.074049 0.01 0.01
0 0.905493 0.079716 0.01 0.01
0 0.930590 0.116957 0.01 0.01
0 1.093317 0.384120 0.01 0.01
0 1.222041 0.339593 0.01 0.01
0 1.050409 0.291827 0.01 0.01
0 1.029360 0.326639 0.01 0.01
0 1.048790 0.327449 0.01 0.01
0 0.917637 0.319353 0.01 0.01
0 0.935448 0.318544 0.01 0.01
0 1.192086 0.251348 0.01 0.01
0 1.206659 0.251348 0.01 0.01
0 1.179943 0.244871 0.01 0.01
0 1.150797 0.218965 0.01 0.01
0 1.171847 0.218965 0.01 0.01
0 1.183990 0.208440 0.01 0.01
0 1.146750 0.204392 0.01 0.01
0 1.125700 0.195487 0.01 0.01
0 1.117604 0.186581 0.01 0.01
0 1.111128 0.172009 0.01 0.01
0 1.090888 0.168770 0.01 0.01
0 1.078744 0.168770 0.01 0.01
0 1.045551 0.157436 0.01 0.01
0 1.044742 0.143673 0.01 0.01
0 1.058505 0.132339 0.01 0.01
0 1.072268 0.126672 0.01 0.01
0 1.093317 0.127481 0.01 0.01
0 0.979975 0.097527 0.01 0.01
0 0.843965 0.042475 0.01 0.01
0 0.831011 0.053809 0.01 0.01
0 0.847203 0.061095 0.01 0.01
0 0.814819 0.053809 0.01 0.01
0 0.797818 0.053809 0.01 0.01
0 0.811581 0.085383 0.01 0.01
0 0.831821 0.087812 0.01 0.01
0 0.843155 0.090240 0.01 0.01
0 0.855299 0.104813 0.01 0.01
0 0.806724 0.036808 0.01 0.01
0 0.792151 0.028712 0.01 0.01
0 0.793770 0.074858 0.01 0.01
0 0.779198 0.090240 0.01 0.01
0 0.740338 0.089431 0.01 0.01
0 0.729003 0.095098 0.01 0.01
0 0.728194 0.108861 0.01 0.01
0 0.728194 0.120195 0.01 0.01
0 0.708764 0.082145 0.01 0.01
0 0.716050 0.058667 0.01 0.01
0 0.842345 0.014139 0.01 0.01
0 0.848012 0.018187 0.01 0.01
0 0.821296 0.015759 0.01 0.01
0 0.866633 0.065143 0.01 0.01
0 0.952449 0.088621 0.01 0.01
0 0.925733 0.055428 0.01 0.01
0 1.181562 0.172009 0.01 0.01
0 1.158084 0.163103 0.01 0.01
0 1.159703 0.173628 0.01 0.01
0 1.129748 0.175247 0.01 0.01
0 1.135415 0.156626 0.01 0.01
0 1.117604 0.145292 0.01 0.01
0 1.128129 0.133148 0.01 0.01
0 1.195325 0.188200 0.01 0.01
0 1.224470 0.215726 0.01 0.01
0 1.243900 0.206011 0.01 0.01
0 1.234185 0.231918 0.01 0.01
0 1.196134 0.171199 0.01 0.01
0 1.227708 0.165532 0.01 0.01
0 1.142702 0.129101 0.01 0.01
0 1.124081 0.091860 0.01 0.01
0 1.077935 0.091050 0.01 0.01
0 1.093317 0.071620 0.01 0.01
0 1.114366 0.059476 0.01 0.01
0 1.154845 0.038427 0.01 0.01
0 1.128939 0.020616 0.01 0.01
0 0.971069 0.048952 0.01 0.01
0 0.979975 0.044094 0.01 0.01
0 0.945972 0.043284 0.01 0.01
0 0.945972 0.053000 0.01 0.01
0 0.930590 0.023045 0.01 0.01
0 0.934638 0.031950 0.01 0.01
0 0.941115 0.023854 0.01 0.01
0 0.935448 0.014139 0.01 0.01
0 0.926542 0.010901 0.01 0.01
0 0.859347 0.007663 0.01 0.01
0 1.009120 0.419742 0.01 0.01
0 0.992119 0.414884 0.01 0.01
0 0.718479 0.420551 0.01 0.01
0 0.990500 0.312067 0.01 0.01
0 0.988880 0.281303 0.01 0.01
0 1.119224 0.217345 0.01 0.01
0 1.131367 0.216536 0.01 0.01
0 1.103841 0.204392 0.01 0.01
0 1.089269 0.216536 0.01 0.01
0 1.074696 0.195487 0.01 0.01
0 1.098174 0.180104 0.01 0.01
0 1.138654 0.189010 0.01 0.01
0 1.145940 0.193058 0.01 0.01
0 1.164560 0.191439 0.01 0.01
0 1.206659 0.134768 0.01 0.01
0 1.051218 0.088621 0.01 0.01
0 1.056076 0.114528 0.01 0.01
0 1.120843 0.107242 0.01 0.01
0 1.030169 0.045713 0.01 0.01
0 1.043123 0.032760 0.01 0.01
0 1.049599 0.017378 0.01 0.01
0 0.992928 0.025474 0.01 0.01
0 1.155655 0.095098 0.01 0.01
0 1.190467 0.101575 0.01 0.01
0 1.175085 0.101575 0.01 0.01
0 1.175085 0.125053 0.01 0.01
0 1.175085 0.140435 0.01 0.01
0 1.191277 0.138816 0.01 0.01
0 1.229327 0.146102 0.01 0.01
0 1.231756 0.125862 0.01 0.01
0 1.233375 0.087812 0.01 0.01
0 1.229327 0.110480 0.01 0.01
0 1.166989 0.077287 0.01 0.01
0 1.173466 0.073239 0.01 0.01
0 1.185610 0.022235 0.01 0.01
0 1.196134 0.022235 0.01 0.01
0 1.208278 0.057047 0.01 0.01
0 1.190467 0.077287 0.01 0.01
0 1.215564 0.076477 0.01 0.01
0 1.076316 0.034379 0.01 0.01
0 1.086031 0.048952 0.01 0.01
0 1.069839 0.076477 0.01 0.01
0 1.049599 0.070001 0.01 0.01
0 1.029360 0.072430 0.01 0.01
0 1.013977 0.040046 0.01 0.01
0 1.012358 0.012520 0.01 0.01
0 1.028550 0.012520 0.01 0.01
0 1.105461 0.030331 0.01 0.01
0 1.102222 0.049761 0.01 0.01
0 1.098984 0.064334 0.01 0.01
0 0.999405 0.062715 0.01 0.01
0 1.035027 0.096717 0.01 0.01
0 1.179943 0.063524 0.01 0.01
0 1.178323 0.046523 0.01 0.01
0 1.165370 0.044094 0.01 0.01
0 1.137034 0.061095 0.01 0.01
0 1.138654 0.049761 0.01 0.01
0 1.111128 0.010901 0.01 0.01
0 1.090079 0.018187 0.01 0.01
0 1.101413 0.014949 0.01 0.01
0 1.096555 0.005234 0.01 0.01
0 1.090079 0.009282 0.01 0.01
0 0.995357 0.014139 0.01 0.01
0 1.016406 0.026283 0.01 0.01
0 0.911160 0.055428 0.01 0.01
0 0.895778 0.043284 0.01 0.01
0 0.907922 0.033569 0.01 0.01
0 0.924923 0.029522 0.01 0.01
0 0.881205 0.031950 0.01 0.01
0 0.876348 0.018187 0.01 0.01
0 0.888492 0.015759 0.01 0.01
0 1.242281 0.061905 0.01 0.01
0 1.219612 0.029522 0.01 0.01
0 1.128129 0.374405 0.01 0.01
0 1.059314 0.393025 0.01 0.01
0 1.034217 0.388168 0.01 0.01
0 0.865014 0.351737 0.01 0.01
0 0.894968 0.367928 0.01 0.01
0 0.877967 0.370357 0.01 0.01
0 0.956497 0.312876 0.01 0.01
0 0.968641 0.319353 0.01 0.01
0 1.069839 0.351737 0.01 0.01
0 1.241471 0.276445 0.01 0.01
0 1.231756 0.293446 0.01 0.01
0 1.244709 0.268349 0.01 0.01
0 1.244709 0.251348 0.01 0.01
0 1.244709 0.224632 0.01 0.01
0 1.171037 0.165532 0.01 0.01
0 1.211516 0.169580 0.01 0.01
0 1.056886 0.040856 0.01 0.01
0 1.068220 0.041665 0.01 0.01
0 1.025312 0.060286 0.01 0.01
0 1.038265 0.073239 0.01 0.01
0 1.016406 0.063524 0.01 0.01
0 0.959735 0.383310 0.01 0.01
0 1.154036 0.071620 0.01 0.01
0 1.168608 0.031950 0.01 0.01
0 1.063362 0.095908 0.01 0.01
0 1.107889 0.125053 0.01 0.01
0 1.154036 0.146102 0.01 0.01
0 1.128129 0.032760 0.01 0.01
0 1.002643 0.042475 0.01 0.01
0 0.963783 0.036808 0.01 0.01
0 1.217183 0.091050 0.01 0.01
0 1.065791 0.009282 0.01 0.01
0 1.230946 0.366309 0.01 0.01
0 1.246329 0.372786 0.01 0.01
0 1.009930 0.341212 0.01 0.01
0 1.077935 0.254586 0.01 0.01
0 1.079554 0.240014 0.01 0.01
0 1.207468 0.112099 0.01 0.01
0 1.047980 0.057047 0.01 0.01
0 1.231756 0.014139 0.01 0.01
0 1.203420 0.221393 0.01 0.01
0 1.206659 0.199534 0.01 0.01
0 1.242281 0.313686 0.01 0.01
0 0.285351 0.435124 0.01 0.01
0 0.356594 0.451316 0.01 0.01
0 0.363071 0.417313 0.01 0.01
0 0.370357 0.360642 0.01 0.01
0 0.353356 0.359023 0.01 0.01
0 0.477222 0.355784 0.01 0.01
0 0.520940 0.357404 0.01 0.01
0 0.514463 0.376024 0.01 0.01
0 0.461840 0.456173 0.01 0.01
0 0.489366 0.470746 0.01 0.01
0 0.440791 0.472365 0.01 0.01
0 0.462650 0.498272 0.01 0.01
0 0.455364 0.512844 0.01 0.01
0 0.426218 0.509606 0.01 0.01
0 0.429457 0.531465 0.01 0.01
0 0.403550 0.528226 0.01 0.01
0 0.405979 0.500700 0.01 0.01
0 0.391406 0.481270 0.01 0.01
0 0.395454 0.462650 0.01 0.01
0 0.378453 0.498272 0.01 0.01
0 0.354165 0.478841 0.01 0.01
0 0.342022 0.499891 0.01 0.01
0 0.312876 0.473984 0.01 0.01
0 0.309638 0.488557 0.01 0.01
0 0.300733 0.499081 0.01 0.01
0 0.275636 0.476413 0.01 0.01
0 0.258634 0.495843 0.01 0.01
0 0.242443 0.492604 0.01 0.01
0 0.241633 0.464269 0.01 0.01
0 0.229489 0.471555 0.01 0.01
0 0.207630 0.466698 0.01 0.01
0 0.194677 0.494224 0.01 0.01
0 0.163913 0.469126 0.01 0.01
0 0.147721 0.471555 0.01 0.01
0 0.142864 0.485318 0.01 0.01
0 0.108051 0.495843 0.01 0.01
0 0.080525 0.473984 0.01 0.01
0 0.023045 0.451316 0.01 0.01
0 0.059476 0.494224 0.01 0.01
0 0.041665 0.478841 0.01 0.01
0 0.022235 0.480461 0.01 0.01
0 0.013330 0.508796 0.01 0.01
0 0.036808 0.516082 0.01 0.01
0 0.070810 0.512034 0.01 0.01
0 0.064334 0.537132 0.01 0.01
0 0.030331 0.535512 0.01 0.01
0 0.086193 0.514463 0.01 0.01
0 0.099955 0.537132 0.01 0.01
0 0.125862 0.542799 0.01 0.01
0 0.138816 0.537941 0.01 0.01
0 0.133148 0.554133 0.01 0.01
0 0.128291 0.580040 0.01 0.01
0 0.115338 0.586516 0.01 0.01
0 0.108051 0.599470 0.01 0.01
0 0.088621 0.592183 0.01 0.01
0 0.088621 0.576801 0.01 0.01
0 0.082954 0.552514 0.01 0.01
0 0.070001 0.586516 0.01 0.01
0 0.049761 0.579230 0.01 0.01
0 0.054619 0.558181 0.01 0.01
0 0.033569 0.572753 0.01 0.01
0 0.019807 0.585707 0.01 0.01
0 0.006853 0.580040 0.01 0.01
0 0.035189 0.599470 0.01 0.01
0 0.050571 0.626186 0.01 0.01
0 0.052190 0.607566 0.01 0.01
0 0.078906 0.605137 0.01 0.01
0 0.085383 0.630234 0.01 0.01
0 0.130720 0.607566 0.01 0.01
0 0.151769 0.611614 0.01 0.01
0 0.170389 0.604327 0.01 0.01
0 0.155817 0.573563 0.01 0.01
0 0.146102 0.564658 0.01 0.01
0 0.160674 0.557371 0.01 0.01
0 0.147721 0.550895 0.01 0.01
0 0.180914 0.565467 0.01 0.01
0 0.191439 0.534703 0.01 0.01
0 0.155007 0.507987 0.01 0.01
0 0.210869 0.501510 0.01 0.01
0 0.231108 0.517702 0.01 0.01
0 0.210869 0.547656 0.01 0.01
0 0.204392 0.597041 0.01 0.01
0 0.204392 0.613233 0.01 0.01
0 0.206821 0.631853 0.01 0.01
0 0.168770 0.656950 0.01 0.01
0 0.184152 0.604327 0.01 0.01
0 0.161484 0.651283 0.01 0.01
0 0.122624 0.641568 0.01 0.01
0 0.132339 0.626996 0.01 0.01
0 0.102384 0.629424 0.01 0.01
0 0.106432 0.655331 0.01 0.01
0 0.085383 0.663427 0.01 0.01
0 0.061095 0.674761 0.01 0.01
0 0.034379 0.625376 0.01 0.01
0 0.023045 0.651283 0.01 0.01
0 0.033569 0.666665 0.01 0.01
0 0.044094 0.682857 0.01 0.01
0 0.169580 0.678809 0.01 0.01
0 0.129101 0.667475 0.01 0.01
0 0.142054 0.660998 0.01 0.01
0 0.133148 0.648045 0.01 0.01
0 0.148531 0.638330 0.01 0.01
0 0.201154 0.669904 0.01 0.01
0 0.220584 0.657760 0.01 0.01
0 0.219774 0.640759 0.01 0.01
0 0.228680 0.625376 0.01 0.01
0 0.244062 0.656950 0.01 0.01
0 0.252158 0.612423 0.01 0.01
0 0.265920 0.601089 0.01 0.01
0 0.257015 0.574373 0.01 0.01
0 0.239204 0.564658 0.01 0.01
0 0.252967 0.530655 0.01 0.01
0 0.269159 0.552514 0.01 0.01
0 0.303971 0.524178 0.01 0.01
0 0.320163 0.516082 0.01 0.01
0 0.347689 0.520940 0.01 0.01
0 0.371976 0.533893 0.01 0.01
0 0.370357 0.571944 0.01 0.01
0 0.313686 0.570325 0.01 0.01
0 0.301542 0.588136 0.01 0.01
0 0.280493 0.581659 0.01 0.01
0 0.277255 0.617281 0.01 0.01
0 0.298304 0.607566 0.01 0.01
0 0.294256 0.639139 0.01 0.01
0 0.310448 0.614852 0.01 0.01
0 0.330687 0.604327 0.01 0.01
0 0.342022 0.588136 0.01 0.01
0 0.266730 0.644807 0.01 0.01
0 0.252967 0.673142 0.01 0.01
0 0.282922 0.675571 0.01 0.01
0 0.295066 0.666665 0.01 0.01
0 0.320972 0.672332 0.01 0.01
0 0.329878 0.641568 0.01 0.01
0 0.353356 0.655331 0.01 0.01
0 0.356594 0.632663 0.01 0.01
0 0.383310 0.678000 0.01 0.01
0 0.388977 0.667475 0.01 0.01
0 0.408408 0.669904 0.01 0.01
0 0.377643 0.644807 0.01 0.01
0 0.397883 0.620519 0.01 0.01
0 0.375215 0.605946 0.01 0.01
0 0.354975 0.608375 0.01 0.01
0 0.382501 0.584088 0.01 0.01
0 0.403550 0.582468 0.01 0.01
0 0.397073 0.567896 0.01 0.01
0 0.418123 0.565467 0.01 0.01
0 0.422980 0.585707 0.01 0.01
0 0.410836 0.606756 0.01 0.01
0 0.422170 0.627805 0.01 0.01
0 0.428647 0.654522 0.01 0.01
0 0.444839 0.633472 0.01 0.01
0 0.444029 0.615661 0.01 0.01
0 0.444029 0.551704 0.01 0.01
0 0.467507 0.541180 0.01 0.01
0 0.480461 0.513654 0.01 0.01
0 0.492604 0.523369 0.01 0.01
0 0.461840 0.486937 0.01 0.01
0 0.446458 0.486937 0.01 0.01
0 0.507177 0.493414 0.01 0.01
0 0.518511 0.507177 0.01 0.01
0 0.528226 0.529036 0.01 0.01
0 0.538751 0.502319 0.01 0.01
0 0.535512 0.480461 0.01 0.01
0 0.564658 0.497462 0.01 0.01
0 0.554133 0.477222 0.01 0.01
0 0.559800 0.524988 0.01 0.01
0 0.524178 0.548466 0.01 0.01
0 0.504748 0.551704 0.01 0.01
0 0.486937 0.563038 0.01 0.01
0 0.484509 0.574373 0.01 0.01
0 0.480461 0.595422 0.01 0.01
0 0.474794 0.608375 0.01 0.01
0 0.471555 0.624567 0.01 0.01
0 0.508796 0.649664 0.01 0.01
0 0.506367 0.621329 0.01 0.01
0 0.498272 0.606756 0.01 0.01
0 0.525797 0.576801 0.01 0.01
0 0.521750 0.592183 0.01 0.01
0 0.533084 0.609994 0.01 0.01
0 0.544418 0.624567 0.01 0.01
0 0.545227 0.643187 0.01 0.01
0 0.564658 0.665856 0.01 0.01
0 0.579230 0.679619 0.01 0.01
0 0.606756 0.678809 0.01 0.01
0 0.610804 0.656950 0.01 0.01
0 0.584088 0.633472 0.01 0.01
0 0.565467 0.638330 0.01 0.01
0 0.562229 0.618090 0.01 0.01
0 0.579230 0.596231 0.01 0.01
0 0.573563 0.571134 0.01 0.01
0 0.551704 0.569515 0.01 0.01
0 0.609185 0.604327 0.01 0.01
0 0.611614 0.558990 0.01 0.01
0 0.614852 0.592183 0.01 0.01
0 0.597041 0.552514 0.01 0.01
0 0.611614 0.503129 0.01 0.01
0 0.585707 0.515273 0.01 0.01
0 0.587326 0.488557 0.01 0.01
0 0.597851 0.468317 0.01 0.01
0 0.616471 0.453744 0.01 0.01
0 0.616471 0.468317 0.01 0.01
0 0.601089 0.367928 0.01 0.01
0 0.614042 0.296685 0.01 0.01
0 0.544418 0.298304 0.01 0.01
0 0.544418 0.261873 0.01 0.01
0 0.559800 0.262682 0.01 0.01
0 0.508796 0.290208 0.01 0.01
0 0.502319 0.302352 0.01 0.01
0 0.088621 0.719288 0.01 0.01
0 0.095908 0.690953 0.01 0.01
0 0.042475 0.695810 0.01 0.01
0 0.070810 0.695810 0.01 0.01
0 0.009282 0.708764 0.01 0.01
0 0.027093 0.732242 0.01 0.01
0 0.049761 0.724955 0.01 0.01
0 0.070810 0.756529 0.01 0.01
0 0.030331 0.749243 0.01 0.01
0 0.056238 0.807533 0.01 0.01
0 0.058667 0.786484 0.01 0.01
0 0.085383 0.756529 0.01 0.01
0 0.029522 0.764625 0.01 0.01
0 0.044094 0.762196 0.01 0.01
0 0.030331 0.833440 0.01 0.01
0 0.029522 0.805104 0.01 0.01
0 0.009282 0.839107 0.01 0.01
0 0.061095 0.831011 0.01 0.01
0 0.134768 0.833440 0.01 0.01
0 0.110480 0.877158 0.01 0.01
0 0.106432 0.864204 0.01 0.01
0 0.106432 0.844774 0.01 0.01
0 0.082145 0.873919 0.01 0.01
0 0.054619 0.853680 0.01 0.01
0 0.108861 0.806724 0.01 0.01
0 0.133148 0.758148 0.01 0.01
0 0.108051 0.754910 0.01 0.01
0 0.116147 0.702287 0.01 0.01
0 0.126672 0.684476 0.01 0.01
0 0.116147 0.724146 0.01 0.01
0 0.155817 0.738718 0.01 0.01
0 0.155817 0.703097 0.01 0.01
0 0.172009 0.721717 0.01 0.01
0 0.195487 0.707954 0.01 0.01
0 0.178485 0.710383 0.01 0.01
0 0.210059 0.709573 0.01 0.01
0 0.223012 0.693382 0.01 0.01
0 0.251348 0.706335 0.01 0.01
0 0.291018 0.720908 0.01 0.01
0 0.313686 0.707145 0.01 0.01
0 0.307209 0.738718 0.01 0.01
0 0.278064 0.752481 0.01 0.01
0 0.245681 0.765435 0.01 0.01
0 0.240823 0.731432 0.01 0.01
0 0.182533 0.771102 0.01 0.01
0 0.193867 0.762196 0.01 0.01
0 0.199534 0.790532 0.01 0.01
0 0.154198 0.805914 0.01 0.01
0 0.171199 0.844774 0.01 0.01
0 0.189819 0.877967 0.01 0.01
0 0.199534 0.869062 0.01 0.01
0 0.206011 0.891730 0.01 0.01
0 0.221393 0.900636 0.01 0.01
0 0.220584 0.874729 0.01 0.01
0 0.240823 0.882015 0.01 0.01
0 0.244871 0.839917 0.01 0.01
0 0.269968 0.868252 0.01 0.01
0 0.269159 0.884444 0.01 0.01
0 0.292637 0.897397 0.01 0.01
0 0.291827 0.869871 0.01 0.01
0 0.290208 0.884444 0.01 0.01
0 0.293446 0.858537 0.01 0.01
0 0.293446 0.832630 0.01 0.01
0 0.296685 0.803485 0.01 0.01
0 0.274016 0.798628 0.01 0.01
0 0.285351 0.785674 0.01 0.01
0 0.316115 0.791341 0.01 0.01
0 0.330687 0.843155 0.01 0.01
0 0.318544 0.885253 0.01 0.01
0 0.354165 0.882825 0.01 0.01
0 0.367119 0.893349 0.01 0.01
0 0.344450 0.854489 0.01 0.01
0 0.348498 0.803485 0.01 0.01
0 0.335545 0.746814 0.01 0.01
0 0.344450 0.731432 0.01 0.01
0 0.350117 0.709573 0.01 0.01
0 0.380072 0.701477 0.01 0.01
0 0.379262 0.739528 0.01 0.01
0 0.362261 0.762196 0.01 0.01
0 0.381691 0.776769 0.01 0.01
0 0.396264 0.805104 0.01 0.01
0 0.401121 0.840726 0.01 0.01
0 0.384930 0.853680 0.01 0.01
0 0.370357 0.843155 0.01 0.01
0 0.410836 0.869871 0.01 0.01
0 0.446458 0.796199 0.01 0.01
0 0.428647 0.811581 0.01 0.01
0 0.467507 0.856108 0.01 0.01
0 0.491795 0.865014 0.01 0.01
0 0.515273 0.873110 0.01 0.01
0 0.551704 0.890920 0.01 0.01
0 0.548466 0.836678 0.01 0.01
0 0.553323 0.856108 0.01 0.01
0 0.513654 0.797818 0.01 0.01
0 0.529845 0.804295 0.01 0.01
0 0.492604 0.805914 0.01 0.01
0 0.490985 0.784055 0.01 0.01
0 0.467507 0.798628 0.01 0.01
0 0.464269 0.775150 0.01 0.01
0 0.440791 0.762196 0.01 0.01
0 0.418932 0.754910 0.01 0.01
0 0.408408 0.726575 0.01 0.01
0 0.434314 0.724955 0.01 0.01
0 0.453744 0.743576 0.01 0.01
0 0.445648 0.696620 0.01 0.01
0 0.422980 0.666665 0.01 0.01
0 0.460221 0.674761 0.01 0.01
0 0.468317 0.650474 0.01 0.01
0 0.475603 0.723336 0.01 0.01
0 0.479651 0.695810 0.01 0.01
0 0.501510 0.676380 0.01 0.01
0 0.497462 0.732242 0.01 0.01
0 0.478032 0.760577 0.01 0.01
0 0.485318 0.741147 0.01 0.01
0 0.517702 0.772721 0.01 0.01
0 0.528226 0.788103 0.01 0.01
0 0.580040 0.831821 0.01 0.01
0 0.561419 0.876348 0.01 0.01
0 0.480461 0.899826 0.01 0.01
0 0.452125 0.876348 0.01 0.01
0 0.443220 0.830202 0.01 0.01
0 0.337974 0.784865 0.01 0.01
0 0.303161 0.650474 0.01 0.01
0 0.331497 0.554943 0.01 0.01
0 0.207630 0.837488 0.01 0.01
0 0.172818 0.805104 0.01 0.01
0 0.158246 0.756529 0.01 0.01
0 0.603518 0.858537 0.01 0.01
0 0.602708 0.886063 0.01 0.01
0 0.580849 0.892540 0.01 0.01
0 0.608375 0.815629 0.01 0.01
0 0.584897 0.794580 0.01 0.01
0 0.619709 0.848822 0.01 0.01
0 0.596231 0.764625 0.01 0.01
0 0.580040 0.720098 0.01 0.01
0 0.592993 0.710383 0.01 0.01
0 0.565467 0.732242 0.01 0.01
0 0.612423 0.635091 0.01 0.01
0 0.625376 0.628615 0.01 0.01
0 0.623757 0.764625 0.01 0.01
0 0.603518 0.750053 0.01 0.01
0 0.643277 0.470746 0.01 0.01
0 0.633562 0.450506 0.01 0.01
0 0.750143 0.473174 0.01 0.01
0 0.694281 0.491795 0.01 0.01
0 0.717759 0.470746 0.01 0.01
0 0.686185 0.513654 0.01 0.01
0 0.657850 0.490985 0.01 0.01
0 0.627086 0.517702 0.01 0.01
0 0.629514 0.493414 0.01 0.01
0 0.657040 0.527417 0.01 0.01
0 0.625466 0.550895 0.01 0.01
0 0.658659 0.598660 0.01 0.01
0 0.635991 0.587326 0.01 0.01
0 0.685376 0.565467 0.01 0.01
0 0.687804 0.586516 0.01 0.01
0 0.697520 0.550085 0.01 0.01
0 0.724236 0.531465 0.01 0.01
0 0.742856 0.522559 0.01 0.01
0 0.742047 0.497462 0.01 0.01
0 0.759858 0.495843 0.01 0.01
0 0.780907 0.499081 0.01 0.01
0 0.781716 0.523369 0.01 0.01
0 0.790622 0.484509 0.01 0.01
0 0.797099 0.514463 0.01 0.01
0 0.812481 0.524988 0.01 0.01
0 0.828672 0.534703 0.01 0.01
0 0.834339 0.503939 0.01 0.01
0 0.842435 0.473984 0.01 0.01
0 0.897487 0.498272 0.01 0.01
0 0.859437 0.491795 0.01 0.01
0 0.876438 0.520940 0.01 0.01
0 0.886153 0.507177 0.01 0.01
0 0.917727 0.487747 0.01 0.01
0 0.931490 0.475603 0.01 0.01
0 0.941205 0.469126 0.01 0.01
0 0.952539 0.456173 0.01 0.01
0 0.969540 0.478032 0.01 0.01
0 0.997876 0.473174 0.01 0.01
0 1.033497 0.485318 0.01 0.01
0 1.026211 0.452935 0.01 0.01
0 1.027830 0.471555 0.01 0.01
0 0.999495 0.486937 0.01 0.01
0 0.980874 0.502319 0.01 0.01
0 0.967921 0.493414 0.01 0.01
0 0.954968 0.518511 0.01 0.01
0 0.951729 0.495843 0.01 0.01
0 0.937157 0.517702 0.01 0.01
0 0.916917 0.503129 0.01 0.01
0 0.952539 0.537132 0.01 0.01
0 0.974398 0.539560 0.01 0.01
0 0.984922 0.524178 0.01 0.01
0 1.004352 0.536322 0.01 0.01
0 1.024592 0.537941 0.01 0.01
0 1.044832 0.564658 0.01 0.01
0 1.026211 0.562229 0.01 0.01
0 0.983303 0.572753 0.01 0.01
0 0.964683 0.571944 0.01 0.01
0 0.954158 0.563038 0.01 0.01
0 0.940395 0.563848 0.01 0.01
0 0.916917 0.565467 0.01 0.01
0 0.921775 0.556562 0.01 0.01
0 0.907202 0.544418 0.01 0.01
0 0.895868 0.558181 0.01 0.01
0 0.900725 0.523369 0.01 0.01
0 0.832720 0.554133 0.01 0.01
0 0.814909 0.552514 0.01 0.01
0 0.799527 0.542799 0.01 0.01
0 0.771192 0.545227 0.01 0.01
0 0.747714 0.539560 0.01 0.01
0 0.755000 0.522559 0.01 0.01
0 0.779288 0.583278 0.01 0.01
0 0.787384 0.572753 0.01 0.01
0 0.805194 0.576801 0.01 0.01
0 0.818957 0.580040 0.01 0.01
0 0.753381 0.589755 0.01 0.01
0 0.718569 0.609994 0.01 0.01
0 0.729903 0.587326 0.01 0.01
0 0.707235 0.628615 0.01 0.01
0 0.676470 0.631044 0.01 0.01
0 0.658659 0.645616 0.01 0.01
0 0.673232 0.645616 0.01 0.01
0 0.669994 0.663427 0.01 0.01
0 0.673232 0.683667 0.01 0.01
0 0.650564 0.697430 0.01 0.01
0 0.690233 0.688524 0.01 0.01
0 0.720997 0.712812 0.01 0.01
0 0.728284 0.696620 0.01 0.01
0 0.709663 0.690143 0.01 0.01
0 0.742856 0.685286 0.01 0.01
0 0.707235 0.656141 0.01 0.01
0 0.725045 0.666665 0.01 0.01
0 0.721807 0.640759 0.01 0.01
0 0.737189 0.659379 0.01 0.01
0 0.753381 0.653712 0.01 0.01
0 0.781716 0.661808 0.01 0.01
0 0.772811 0.600279 0.01 0.01
0 0.841626 0.630234 0.01 0.01
0 0.835959 0.607566 0.01 0.01
0 0.813290 0.605946 0.01 0.01
0 0.832720 0.653712 0.01 0.01
0 0.787384 0.677190 0.01 0.01
0 0.837578 0.691762 0.01 0.01
0 0.859437 0.670713 0.01 0.01
0 0.857008 0.690953 0.01 0.01
0 0.852960 0.707145 0.01 0.01
0 0.878057 0.728194 0.01 0.01
0 0.868342 0.750862 0.01 0.01
0 0.853770 0.730623 0.01 0.01
0 0.908821 0.726575 0.01 0.01
0 0.920965 0.746005 0.01 0.01
0 0.926632 0.722527 0.01 0.01
0 0.942014 0.740338 0.01 0.01
0 0.967111 0.748433 0.01 0.01
0 0.959825 0.728194 0.01 0.01
0 0.908821 0.668284 0.01 0.01
0 0.895058 0.628615 0.01 0.01
0 0.906393 0.652902 0.01 0.01
0 0.891010 0.608375 0.01 0.01
0 0.859437 0.608375 0.01 0.01
0 0.847293 0.581659 0.01 0.01
0 0.863485 0.578420 0.01 0.01
0 0.912060 0.590564 0.01 0.01
0 0.925013 0.610804 0.01 0.01
0 0.869152 0.556562 0.01 0.01
0 0.932299 0.584897 0.01 0.01
0 0.947681 0.584897 0.01 0.01
0 0.958206 0.592993 0.01 0.01
0 0.943634 0.605946 0.01 0.01
0 0.961444 0.611614 0.01 0.01
0 0.980065 0.595422 0.01 0.01
0 0.962254 0.645616 0.01 0.01
0 0.947681 0.633472 0.01 0.01
0 0.955777 0.701477 0.01 0.01
0 0.981684 0.689334 0.01 0.01
0 0.997066 0.698239 0.01 0.01
0 1.005972 0.718479 0.01 0.01
0 1.003543 0.747624 0.01 0.01
0 1.024592 0.733861 0.01 0.01
0 1.044022 0.761387 0.01 0.01
0 1.039974 0.686905 0.01 0.01
0 1.023782 0.665046 0.01 0.01
0 1.044832 0.656141 0.01 0.01
0 1.004352 0.662617 0.01 0.01
0 0.994637 0.642378 0.01 0.01
0 0.981684 0.631044 0.01 0.01
0 0.998685 0.614042 0.01 0.01
0 1.024592 0.607566 0.01 0.01
0 1.038355 0.597851 0.01 0.01
0 1.055356 0.617281 0.01 0.01
0 1.055356 0.673142 0.01 0.01
0 1.059404 0.718479 0.01 0.01
0 1.059404 0.739528 0.01 0.01
0 0.861056 0.530655 0.01 0.01
0 0.632753 0.404360 0.01 0.01
0 0.746095 0.377643 0.01 0.01
0 0.749333 0.355784 0.01 0.01
0 0.861056 0.456173 0.01 0.01
0 0.895058 0.466698 0.01 0.01
0 0.820577 0.622138 0.01 0.01
0 0.759048 0.673142 0.01 0.01
0 0.815719 0.682857 0.01 0.01
0 0.768763 0.635091 0.01 0.01
0 0.730713 0.607566 0.01 0.01
0 0.959825 0.403550 0.01 0.01
0 1.039974 0.516892 0.01 0.01
0 1.048880 0.498272 0.01 0.01
0 1.016496 0.646426 0.01 0.01
0 1.006781 0.632663 0.01 0.01
0 0.834339 0.754910 0.01 0.01
0 0.910441 0.754101 0.01 0.01
0 0.542482 0.702287 0.01 0.01
0 0.531148 0.694191 0.01 0.01
0 0.522242 0.718479 0.01 0.01
0 0.625869 0.808343 0.01 0.01
0 0.685779 0.840726 0.01 0.01
0 0.659062 0.809962 0.01 0.01
0 0.682540 0.871490 0.01 0.01
0 0.706018 0.883634 0.01 0.01
0 0.658253 0.873919 0.01 0.01
0 0.683350 0.898207 0.01 0.01
0 0.622631 0.862585 0.01 0.01
0 0.732735 0.855299 0.01 0.01
0 0.748926 0.875538 0.01 0.01
0 0.786977 0.869871 0.01 0.01
0 0.766737 0.865014 0.01 0.01
0 0.722210 0.790532 0.01 0.01
0 0.676064 0.788103 0.01 0.01
0 0.722210 0.742766 0.01 0.01
0 0.745688 0.767054 0.01 0.01
0 0.780500 0.742766 0.01 0.01
0 0.858220 0.823725 0.01 0.01
0 0.833123 0.809962 0.01 0.01
0 0.863888 0.856918 0.01 0.01
0 0.863078 0.797818 0.01 0.01
0 0.929464 0.814010 0.01 0.01
0 0.927845 0.869871 0.01 0.01
0 0.873603 0.780007 0.01 0.01
0 0.970753 0.792151 0.01 0.01
0 0.987754 0.766244 0.01 0.01
0 1.010423 0.784055 0.01 0.01
0 1.031472 0.773531 0.01 0.01
0 1.057378 0.799437 0.01 0.01
0 1.046854 0.848012 0.01 0.01
0 1.007184 0.836678 0.01 0.01
0 1.001517 0.867443 0.01 0.01
0 1.017709 0.866633 0.01 0.01
0 1.041996 0.869871 0.01 0.01
0 1.054950 0.880396 0.01 0.01
0 1.027424 0.901445 0.01 0.01
0 1.095429 0.874729 0.01 0.01
0 1.094619 0.900636 0.01 0.01
0 1.108382 0.898207 0.01 0.01
0 1.119717 0.881205 0.01 0.01
0 1.109192 0.839107 0.01 0.01
0 1.102715 0.818058 0.01 0.01
0 1.122955 0.857727 0.01 0.01
0 1.071951 0.758148 0.01 0.01
0 1.099477 0.772721 0.01 0.01
0 1.112430 0.788913 0.01 0.01
0 1.129432 0.802676 0.01 0.01
0 1.121336 0.758148 0.01 0.01
0 1.126193 0.737099 0.01 0.01
0 1.105954 0.741957 0.01 0.01
0 0.947275 0.660998 0.01 0.01
0 0.934321 0.680428 0.01 0.01
0 0.808026 0.649664 0.01 0.01
0 0.814503 0.725765 0.01 0.01
0 1.092191 0.654522 0.01 0.01
0 1.093000 0.675571 0.01 0.01
0 1.107573 0.715240 0.01 0.01
0 1.097048 0.699049 0.01 0.01
0 1.076809 0.720908 0.01 0.01
0 1.115669 0.667475 0.01 0.01
0 1.122955 0.644807 0.01 0.01
0 1.101906 0.627805 0.01 0.01
0 1.118907 0.624567 0.01 0.01
0 1.087333 0.621329 0.01 0.01
0 1.071141 0.642378 0.01 0.01
0 1.108382 0.606756 0.01 0.01
0 1.093810 0.601089 0.01 0.01
0 1.080047 0.587326 0.01 0.01
0 1.064665 0.597851 0.01 0.01
0 1.075189 0.609994 0.01 0.01
0 1.065474 0.576801 0.01 0.01
0 1.105954 0.568705 0.01 0.01
0 1.109192 0.546847 0.01 0.01
0 1.127812 0.547656 0.01 0.01
0 1.080856 0.540370 0.01 0.01
0 1.082476 0.524178 0.01 0.01
0 1.060617 0.512844 0.01 0.01
0 1.093000 0.498272 0.01 0.01
0 1.128622 0.521750 0.01 0.01
0 1.111621 0.512034 0.01 0.01
0 1.125384 0.485318 0.01 0.01
0 1.105954 0.478032 0.01 0.01
0 1.080856 0.477222 0.01 0.01
0 1.070332 0.489366 0.01 0.01
0 1.056569 0.479651 0.01 0.01
0 1.027424 0.498272 0.01 0.01
0 0.874412 0.609185 0.01 0.01
0 0.856601 0.630234 0.01 0.01
0 0.751355 0.630234 0.01 0.01
0 0.751355 0.602708 0.01 0.01
0 0.713305 0.574373 0.01 0.01
0 0.768356 0.563848 0.01 0.01
0 0.805597 0.856918 0.01 0.01
0 0.831504 0.848822 0.01 0.01
0 0.759451 0.796199 0.01 0.01
0 0.745688 0.807533 0.01 0.01
0 0.767547 0.826963 0.01 0.01
0 0.795882 0.814819 0.01 0.01
0 0.808836 0.804295 0.01 0.01
0 0.885746 0.800247 0.01 0.01
0 0.984516 0.842345 0.01 0.01
0 0.763499 0.690953 0.01 0.01
0 0.625060 0.669094 0.01 0.01
0 0.562722 0.704716 0.01 0.01
0 1.116478 0.695001 0.01 0.01
0 1.122955 0.716860 0.01 0.01
0 0.920559 0.699858 0.01 0.01
0 0.906796 0.609994 0.01 0.01
0 0.914082 0.631044 0.01 0.01
0 0.790215 0.620519 0.01 0.01
0 0.699542 0.803485 0.01 0.01
0 0.713305 0.730623 0.01 0.01
0 0.695494 0.730623 0.01 0.01
0 0.692255 0.718479 0.01 0.01
0 1.078428 0.807533 0.01 0.01
0 0.888175 0.852060 0.01 0.01
0 0.846886 0.775959 0.01 0.01
0 1.175085 0.899016 0.01 0.01
0 1.143511 0.881205 0.01 0.01
0 1.145940 0.894968 0.01 0.01
0 1.220422 0.896588 0.01 0.01
0 1.234994 0.886873 0.01 0.01
0 1.209897 0.870681 0.01 0.01
0 1.239852 0.864204 0.01 0.01
0 1.164560 0.844774 0.01 0.01
0 1.194515 0.839107 0.01 0.01
0 1.194515 0.815629 0.01 0.01
0 1.181562 0.811581 0.01 0.01
0 1.175085 0.797818 0.01 0.01
0 1.190467 0.792151 0.01 0.01
0 1.222851 0.780817 0.01 0.01
0 1.216374 0.755720 0.01 0.01
0 1.229327 0.819677 0.01 0.01
0 1.145130 0.789722 0.01 0.01
0 1.144321 0.805104 0.01 0.01
0 1.152417 0.746814 0.01 0.01
0 1.144321 0.762196 0.01 0.01
0 1.144321 0.733051 0.01 0.01
0 1.147559 0.713621 0.01 0.01
0 1.174275 0.729003 0.01 0.01
0 1.183181 0.758148 0.01 0.01
0 1.227708 0.709573 0.01 0.01
0 1.239852 0.739528 0.01 0.01
0 1.240661 0.680428 0.01 0.01
0 1.200992 0.710383 0.01 0.01
0 1.183990 0.707145 0.01 0.01
0 1.172656 0.681238 0.01 0.01
0 1.140273 0.693382 0.01 0.01
0 1.170227 0.643997 0.01 0.01
0 1.158893 0.643997 0.01 0.01
0 1.143511 0.641568 0.01 0.01
0 1.183181 0.657760 0.01 0.01
0 1.196944 0.648854 0.01 0.01
0 1.212326 0.621329 0.01 0.01
0 1.229327 0.609185 0.01 0.01
0 1.234994 0.657760 0.01 0.01
0 1.217183 0.636711 0.01 0.01
0 1.180752 0.615661 0.01 0.01
0 1.208278 0.592183 0.01 0.01
0 1.183990 0.592183 0.01 0.01
0 1.191277 0.577611 0.01 0.01
0 1.177514 0.575992 0.01 0.01
0 1.156465 0.582468 0.01 0.01
0 1.145940 0.567086 0.01 0.01
0 1.128129 0.561419 0.01 0.01
0 1.141892 0.546847 0.01 0.01
0 1.141892 0.533893 0.01 0.01
0 1.168608 0.533893 0.01 0.01
0 1.190467 0.541989 0.01 0.01
0 1.190467 0.559800 0.01 0.01
0 1.219612 0.536322 0.01 0.01
0 1.202611 0.533893 0.01 0.01
0 1.238233 0.537941 0.01 0.01
0 1.222851 0.558181 0.01 0.01
0 1.245519 0.569515 0.01 0.01
0 1.195325 0.514463 0.01 0.01
0 1.177514 0.516082 0.01 0.01
0 1.166989 0.501510 0.01 0.01
0 1.141892 0.506367 0.01 0.01
0 1.221231 0.515273 0.01 0.01
0 1.206659 0.485318 0.01 0.01
0 1.166180 0.482080 0.01 0.01
0 1.222851 0.478032 0.01 0.01
0 1.213945 0.463459 0.01 0.01
0 1.236614 0.582468 0.01 0.01
0 1.244709 0.517702 0.01 0.01
0 1.247138 0.599470 0.01 0.01
0 1.192086 0.478032 0.01 0.01
0 0.041665 0.865014 0.01 0.01
0 0.527417 0.753291 0.01 0.01
0 0.554133 0.801866 0.01 0.01
0 0.172009 0.894159 0.01 0.01
0 0.150959 0.891730 0.01 0.01
0 0.874034 0.127481 0.01 0.01
0 0.853795 0.116147 0.01 0.01
0 1.102337 0.093479 0.01 0.01
0 0.971185 0.017378 0.01 0.01
0 0.954183 0.023854 0.01 0.01
0 1.125815 0.083764 0.01 0.01
0 1.193011 0.047332 0.01 0.01
0 1.205964 0.046523 0.01 0.01
0 1.144436 0.078906 0.01 0.01
0 1.188154 0.116957 0.01 0.01
0 1.173581 0.112099 0.01 0.01
0 1.004378 0.095908 0.01 0.01
0 0.949326 0.073239 0.01 0.01
0 0.650607 0.150959 0.01 0.01
0 0.666798 0.201154 0.01 0.01
0 0.751805 0.107242 0.01 0.01
0 0.858132 0.150555 0.01 0.01
0 0.835464 0.077692 0.01 0.01
0 0.830606 0.071215 0.01 0.01
0 0.777174 0.056643 0.01 0.01
0 0.678404 0.080930 0.01 0.01
0 0.673547 0.090645 0.01 0.01
0 0.680023 0.100360 0.01 0.01
0 0.642783 0.089026 0.01 0.01
0 0.629829 0.095503 0.01 0.01
0 0.315710 0.051785 0.01 0.01
0 0.327044 0.046928 0.01 0.01
0 0.459816 0.382096 0.01 0.01
0 0.571539 0.404764 0.01 0.01
0 0.566682 0.422575 0.01 0.01
0 0.550490 0.406384 0.01 0.01
0 0.584492 0.411241 0.01 0.01
0 1.196539 0.688119 0.01 0.01
0 1.219207 0.675166 0.01 0.01
0 1.211112 0.662213 0.01 0.01
0 0.890516 0.764220 0.01 0.01
0 0.239609 0.812795 0.01 0.01
0 0.242847 0.785270 0.01 0.01
0 0.223417 0.770697 0.01 0.01
0 0.223417 0.746409 0.01 0.01
0 0.252562 0.752886 0.01 0.01
0 0.315710 0.325425 0.01 0.01
0 0.333521 0.338378 0.01 0.01
0 0.365904 0.305995 0.01 0.01
0 0.359428 0.289803 0.01 0.01
0 0.364285 0.280088 0.01 0.01
0 0.356189 0.271992 0.01 0.01
0 0.343236 0.260658 0.01 0.01
0 0.330283 0.270373 0.01 0.01
0 0.359428 0.254182 0.01 0.01
0 0.514868 0.168365 0.01 0.01
0 0.522964 0.147316 0.01 0.01
0 0.510011 0.148935 0.01 0.01
0 0.501915 0.140840 0.01 0.01
0 0.482485 0.135982 0.01 0.01
0 0.472770 0.123029 0.01 0.01
0 0.464674 0.111694 0.01 0.01
0 0.456578 0.101979 0.01 0.01
0 0.412860 0.082549 0.01 0.01
0 0.388573 0.019402 0.01 0.01
0 0.302757 0.082549 0.01 0.01
0 0.301137 0.098741 0.01 0.01
0 0.297899 0.110075 0.01 0.01
0 0.284946 0.100360 0.01 0.01
0 0.288184 0.080930 0.01 0.01
0 0.262277 0.059881 0.01 0.01
0 0.273612 0.059881 0.01 0.01
0 0.250943 0.055023 0.01 0.01
0 0.244466 0.045308 0.01 0.01
0 0.259039 0.045308 0.01 0.01
0 0.411241 0.097122 0.01 0.01
0 0.390192 0.098741 0.01 0.01
0 1.076720 0.221798 0.01 0.01
0 1.065386 0.231513 0.01 0.01
0 1.190062 0.331902 0.01 0.01
0 1.175490 0.328663 0.01 0.01
0 1.164156 0.336759 0.01 0.01
0 1.157679 0.351332 0.01 0.01
0 1.204635 0.296280 0.01 0.01
0 1.237018 0.414479 0.01 0.01
0 1.241876 0.620114 0.01 0.01
0 0.386954 0.220179 0.01 0.01
0 0.378858 0.197511 0.01 0.01
0 0.386954 0.191034 0.01 0.01
0 0.361047 0.218560 0.01 0.01
0 0.228275 0.542394 0.01 0.01
0 0.189415 0.514868 0.01 0.01
0 0.764220 0.756125 0.01 0.01
0 1.060529 0.692977 0.01 0.01
0 1.120438 0.615257 0.01 0.01
0 1.147964 0.602303 0.01 0.01
0 1.120438 0.603922 0.01 0.01
0 0.871086 0.271992 0.01 0.01
0 0.885658 0.271992 0.01 0.01
0 0.890516 0.246086 0.01 0.01
0 0.905088 0.252562 0.01 0.01
0 0.918042 0.194272 0.01 0.01
0 0.916422 0.179700 0.01 0.01
0 0.911565 0.121409 0.01 0.01
0 0.908327 0.105218 0.01 0.01
0 0.918042 0.095503 0.01 0.01
0 0.930995 0.072834 0.01 0.01
0 0.981189 0.066358 0.01 0.01
0 0.961759 0.063119 0.01 0.01
0 0.887277 0.169985 0.01 0.01
0 0.871086 0.171604 0.01 0.01
0 0.289803 0.547251 0.01 0.01
0 0.356189 0.688119 0.01 0.01
0 0.011306 0.534298 0.01 0.01
0 0.973093 0.884039 0.01 0.01
0 0.947187 0.840321 0.01 0.01
0 1.157679 0.684881 0.01 0.01
0 0.982808 0.119790 0.01 0.01
0 1.000619 0.132744 0.01 0.01
0 1.167394 0.056643 0.01 0.01
0 0.276850 0.176461 0.01 0.01
0 0.289803 0.171604 0.01 0.01
0 0.208845 0.191034 0.01 0.01
0 0.495438 0.346474 0.01 0.01
0 0.673547 0.351332 0.01 0.01
0 0.723741 0.320568 0.01 0.01
0 0.785270 0.110075 0.01 0.01
0 0.772316 0.101979 0.01 0.01
0 0.875943 0.097122 0.01 0.01
0 0.885658 0.098741 0.01 0.01
0 0.631448 0.119790 0.01 0.01
0 0.110075 0.016163 0.01 0.01
0 0.174842 0.296280 0.01 0.01
0 0.171604 0.283327 0.01 0.01
0 0.182938 0.286565 0.01 0.01
0 0.482485 0.432290 0.01 0.01
0 1.036241 0.346474 0.01 0.01
0 1.057290 0.346474 0.01 0.01
0 0.984428 0.333521 0.01 0.01
0 0.950425 0.335140 0.01 0.01
0 0.571539 0.166746 0.01 0.01
0 0.578016 0.155412 0.01 0.01
0 0.527821 0.119790 0.01 0.01
0 0.539156 0.124648 0.01 0.01
0 0.508391 0.119790 0.01 0.01
0 0.471150 0.084169 0.01 0.01
0 0.484104 0.069596 0.01 0.01
0 0.495438 0.059881 0.01 0.01
0 0.495438 0.045308 0.01 0.01
0 0.281707 0.202368 0.01 0.01
0 0.280088 0.237990 0.01 0.01
0 0.173223 0.124648 0.01 0.01
0 1.154441 0.662213 0.01 0.01
0 1.021669 0.801461 0.01 0.01
0 0.994143 0.809557 0.01 0.01
0 0.497057 0.237990 0.01 0.01
0 0.537536 0.226656 0.01 0.01
0 0.514868 0.226656 0.01 0.01
0 0.555347 0.212083 0.01 0.01
0 0.589350 0.207226 0.01 0.01
0 0.675166 0.153793 0.01 0.01
0 0.662213 0.165127 0.01 0.01
0 0.658974 0.131125 0.01 0.01
0 0.678404 0.126267 0.01 0.01
0 0.454959 0.571539 0.01 0.01
0 0.176461 0.403145 0.01 0.01
0 0.176461 0.419337 0.01 0.01
0 0.192653 0.403145 0.01 0.01
0 0.059881 0.637925 0.01 0.01
0 0.050166 0.649259 0.01 0.01
0 0.090645 0.786889 0.01 0.01
0 0.864609 0.649259 0.01 0.01
0 0.542394 0.169985 0.01 0.01
0 1.081578 0.110075 0.01 0.01
0 0.631448 0.056643 0.01 0.01
0 1.005477 0.289803 0.01 0.01
0 0.994143 0.249324 0.01 0.01
0 0.964998 0.254182 0.01 0.01
0 1.160917 0.469531 0.01 0.01
0 1.151202 0.477627 0.01 0.01
0 1.149583 0.495438 0.01 0.01
0 0.388573 0.396669 0.01 0.01
0 0.671928 0.445244 0.01 0.01
0 0.215321 0.203987 0.01 0.01
0 0.846798 0.903469 0.01 0.01
0 0.843560 0.874324 0.01 0.01
0 0.895373 0.892135 0.01 0.01
0 0.932614 0.892135 0.01 0.01
0 0.731837 0.059881 0.01 0.01
