0 0.052577 1.144805 0.01 0.01
0 0.021489 1.109572 0.01 0.01
0 0.021489 1.078483 0.01 0.01
0 0.039105 0.998691 0.01 0.01
0 0.072266 0.982110 0.01 0.01
0 0.083665 1.008017 0.01 0.01
0 0.083665 1.079520 0.01 0.01
0 0.119934 1.082629 0.01 0.01
0 0.141696 1.094027 0.01 0.01
0 0.144805 1.119934 0.01 0.01
0 0.137551 1.162421 0.01 0.01
0 0.185219 1.185219 0.01 0.01
0 0.185219 1.107499 0.01 0.01
0 0.190401 1.081592 0.01 0.01
0 0.179002 1.065012 0.01 0.01
0 0.183147 1.042214 0.01 0.01
0 0.159312 0.995582 0.01 0.01
0 0.122007 0.930297 0.01 0.01
0 0.157240 0.958276 0.01 0.01
0 0.202836 0.959312 0.01 0.01
0 0.174856 0.964494 0.01 0.01
0 0.228743 0.947913 0.01 0.01
0 0.253613 1.048432 0.01 0.01
0 0.270193 1.034960 0.01 0.01
0 0.274338 1.139623 0.01 0.01
0 0.263976 1.183147 0.01 0.01
0 0.303354 1.164494 0.01 0.01
0 0.331333 1.142732 0.01 0.01
0 0.339623 1.106463 0.01 0.01
0 0.327188 1.082629 0.01 0.01
0 0.318898 1.067084 0.01 0.01
0 0.361385 1.044287 0.01 0.01
0 0.387292 1.057758 0.01 0.01
0 0.394546 1.103354 0.01 0.01
0 0.457758 1.096100 0.01 0.01
0 0.460867 1.056722 0.01 0.01
0 0.451540 1.031851 0.01 0.01
0 0.404908 1.011126 0.01 0.01
0 0.371748 0.942732 0.01 0.01
0 0.342732 0.920970 0.01 0.01
0 0.296100 0.917862 0.01 0.01
0 0.262939 0.919934 0.01 0.01
0 0.275375 0.895064 0.01 0.01
0 0.259831 0.875375 0.01 0.01
0 0.280556 0.857758 0.01 0.01
0 0.341696 0.875375 0.01 0.01
0 0.399727 0.927188 0.01 0.01
0 0.443250 0.895064 0.01 0.01
0 0.448432 0.945841 0.01 0.01
0 0.485737 0.963458 0.01 0.01
0 0.509572 1.038069 0.01 0.01
0 0.533406 1.048432 0.01 0.01
0 0.516825 1.091955 0.01 0.01
0 0.488846 1.137551 0.01 0.01
0 0.510608 1.148950 0.01 0.01
0 0.488846 1.190401 0.01 0.01
0 0.551022 1.149986 0.01 0.01
0 0.565530 1.130297 0.01 0.01
0 0.563458 1.083665 0.01 0.01
0 0.556204 1.001800 0.01 0.01
0 0.582110 0.988328 0.01 0.01
0 0.620452 1.060867 0.01 0.01
0 0.651540 1.069157 0.01 0.01
0 0.654649 1.112680 0.01 0.01
0 0.637033 1.149986 0.01 0.01
0 0.640141 1.181074 0.01 0.01
0 0.670193 1.194546 0.01 0.01
0 0.691955 1.193509 0.01 0.01
0 0.697136 1.139623 0.01 0.01
0 0.740660 1.145841 0.01 0.01
0 0.736515 1.087810 0.01 0.01
0 0.709572 1.067084 0.01 0.01
0 0.680556 1.050504 0.01 0.01
0 0.751022 1.038069 0.01 0.01
0 0.788328 1.052577 0.01 0.01
0 0.793509 1.154131 0.01 0.01
0 0.786255 1.183147 0.01 0.01
0 0.749986 1.195582 0.01 0.01
0 0.768639 0.954131 0.01 0.01
0 0.745841 0.971748 0.01 0.01
0 0.730297 1.001800 0.01 0.01
0 0.681592 1.001800 0.01 0.01
0 0.648432 1.005945 0.01 0.01
0 0.638069 0.964494 0.01 0.01
0 0.628743 0.949986 0.01 0.01
0 0.692991 0.955167 0.01 0.01
0 0.557240 0.887810 0.01 0.01
0 0.508535 0.890919 0.01 0.01
0 0.472266 0.875375 0.01 0.01
0 0.478483 0.855686 0.01 0.01
0 0.015271 1.028743 0.01 0.01
0 0.006981 0.846359 0.01 0.01
0 0.042214 0.828743 0.01 0.01
0 0.079520 0.842214 0.01 0.01
0 0.110608 0.834960 0.01 0.01
0 0.142732 0.878483 0.01 0.01
0 0.047395 0.745841 0.01 0.01
0 0.017344 0.707499 0.01 0.01
0 0.010090 0.733406 0.01 0.01
0 0.009053 0.786255 0.01 0.01
0 0.055686 0.685737 0.01 0.01
0 0.102318 0.710608 0.01 0.01
0 0.101281 0.686774 0.01 0.01
0 0.097136 0.662939 0.01 0.01
0 0.123043 0.675375 0.01 0.01
0 0.148950 0.701281 0.01 0.01
0 0.114753 0.712680 0.01 0.01
0 0.168639 0.710608 0.01 0.01
0 0.162421 0.670193 0.01 0.01
0 0.164494 0.659831 0.01 0.01
0 0.193509 0.745841 0.01 0.01
0 0.213198 0.756204 0.01 0.01
0 0.240141 0.745841 0.01 0.01
0 0.215271 0.670193 0.01 0.01
0 0.184183 0.624597 0.01 0.01
0 0.259831 0.791437 0.01 0.01
0 0.271230 0.767603 0.01 0.01
0 0.322007 0.790401 0.01 0.01
0 0.296100 0.781074 0.01 0.01
0 0.282629 0.820452 0.01 0.01
0 0.329261 0.725116 0.01 0.01
0 0.339623 0.755167 0.01 0.01
0 0.347913 0.728224 0.01 0.01
0 0.355167 0.773820 0.01 0.01
0 0.353095 0.820452 0.01 0.01
0 0.371748 0.844287 0.01 0.01
0 0.395582 0.827706 0.01 0.01
0 0.392473 0.723043 0.01 0.01
0 0.414235 0.743768 0.01 0.01
0 0.459831 0.741696 0.01 0.01
0 0.472266 0.767603 0.01 0.01
0 0.444287 0.799727 0.01 0.01
0 0.479520 0.796618 0.01 0.01
0 0.503354 0.774856 0.01 0.01
0 0.484701 0.737551 0.01 0.01
0 0.488846 0.701281 0.01 0.01
0 0.505426 0.714753 0.01 0.01
0 0.506463 0.837033 0.01 0.01
0 0.478483 0.839105 0.01 0.01
0 0.532369 0.830815 0.01 0.01
0 0.558276 0.816307 0.01 0.01
0 0.518898 0.806981 0.01 0.01
0 0.526152 0.774856 0.01 0.01
0 0.545841 0.735478 0.01 0.01
0 0.569675 0.733406 0.01 0.01
0 0.558276 0.737551 0.01 0.01
0 0.582110 0.736515 0.01 0.01
0 0.590401 0.760349 0.01 0.01
0 0.611126 0.802836 0.01 0.01
0 0.629779 0.744805 0.01 0.01
0 0.638069 0.785219 0.01 0.01
0 0.656722 0.786255 0.01 0.01
0 0.603872 0.870193 0.01 0.01
0 0.635996 0.877447 0.01 0.01
0 0.667084 0.871230 0.01 0.01
0 0.685737 0.801800 0.01 0.01
0 0.687810 0.780038 0.01 0.01
0 0.672266 0.761385 0.01 0.01
0 0.696100 0.755167 0.01 0.01
0 0.719934 0.728224 0.01 0.01
0 0.734442 0.703354 0.01 0.01
0 0.745841 0.727188 0.01 0.01
0 0.768639 0.700245 0.01 0.01
0 0.755167 0.752059 0.01 0.01
0 0.715789 0.780038 0.01 0.01
0 0.738587 0.783147 0.01 0.01
0 0.756204 0.770711 0.01 0.01
0 0.783147 0.763458 0.01 0.01
0 0.795582 0.777965 0.01 0.01
0 0.773820 0.800763 0.01 0.01
0 0.770711 0.786255 0.01 0.01
0 0.689882 0.870193 0.01 0.01
0 0.738587 0.889882 0.01 0.01
0 0.760349 0.883665 0.01 0.01
0 0.764494 0.911644 0.01 0.01
0 0.794546 0.875375 0.01 0.01
0 0.794546 0.828743 0.01 0.01
0 0.026670 0.591437 0.01 0.01
0 0.031851 0.631851 0.01 0.01
0 0.019416 0.647395 0.01 0.01
0 0.070193 0.658794 0.01 0.01
0 0.078483 0.637033 0.01 0.01
0 0.099209 0.621489 0.01 0.01
0 0.076411 0.599727 0.01 0.01
0 0.091955 0.585219 0.01 0.01
0 0.075375 0.565530 0.01 0.01
0 0.067084 0.549986 0.01 0.01
0 0.053613 0.549986 0.01 0.01
0 0.038069 0.509572 0.01 0.01
0 0.071230 0.506463 0.01 0.01
0 0.109572 0.478483 0.01 0.01
0 0.115789 0.553095 0.01 0.01
0 0.082629 0.545841 0.01 0.01
0 0.134442 0.606981 0.01 0.01
0 0.110608 0.631851 0.01 0.01
0 0.123043 0.628743 0.01 0.01
0 0.169675 0.579002 0.01 0.01
0 0.158276 0.541696 0.01 0.01
0 0.142732 0.523043 0.01 0.01
0 0.136515 0.519934 0.01 0.01
0 0.136515 0.476411 0.01 0.01
0 0.070193 0.418380 0.01 0.01
0 0.013198 0.390401 0.01 0.01
0 0.234960 0.628743 0.01 0.01
0 0.225634 0.611126 0.01 0.01
0 0.241178 0.601800 0.01 0.01
0 0.244287 0.594546 0.01 0.01
0 0.208017 0.541696 0.01 0.01
0 0.177965 0.546877 0.01 0.01
0 0.175893 0.517862 0.01 0.01
0 0.184183 0.491955 0.01 0.01
0 0.185219 0.449468 0.01 0.01
0 0.201800 0.511644 0.01 0.01
0 0.222525 0.515789 0.01 0.01
0 0.195582 0.473302 0.01 0.01
0 0.229779 0.453613 0.01 0.01
0 0.237033 0.470193 0.01 0.01
0 0.270193 0.575893 0.01 0.01
0 0.277447 0.547913 0.01 0.01
0 0.268121 0.536515 0.01 0.01
0 0.304390 0.531333 0.01 0.01
0 0.309572 0.545841 0.01 0.01
0 0.317862 0.580038 0.01 0.01
0 0.308535 0.575893 0.01 0.01
0 0.348950 0.542732 0.01 0.01
0 0.371748 0.529261 0.01 0.01
0 0.386255 0.519934 0.01 0.01
0 0.308535 0.600763 0.01 0.01
0 0.260867 0.619416 0.01 0.01
0 0.280556 0.613198 0.01 0.01
0 0.290919 0.645323 0.01 0.01
0 0.266048 0.655686 0.01 0.01
0 0.317862 0.625634 0.01 0.01
0 0.307499 0.617344 0.01 0.01
0 0.298173 0.626670 0.01 0.01
0 0.323043 0.651540 0.01 0.01
0 0.341696 0.619416 0.01 0.01
0 0.369675 0.598691 0.01 0.01
0 0.370711 0.634960 0.01 0.01
0 0.414235 0.594546 0.01 0.01
0 0.447395 0.588328 0.01 0.01
0 0.451540 0.627706 0.01 0.01
0 0.391437 0.689882 0.01 0.01
0 0.469157 0.665012 0.01 0.01
0 0.482629 0.620452 0.01 0.01
0 0.461903 0.598691 0.01 0.01
0 0.502318 0.601800 0.01 0.01
0 0.485737 0.596618 0.01 0.01
0 0.504390 0.633924 0.01 0.01
0 0.533406 0.611126 0.01 0.01
0 0.519934 0.620452 0.01 0.01
0 0.574856 0.629779 0.01 0.01
0 0.556204 0.610090 0.01 0.01
0 0.585219 0.658794 0.01 0.01
0 0.526152 0.647395 0.01 0.01
0 0.603872 0.656722 0.01 0.01
0 0.610090 0.633924 0.01 0.01
0 0.642214 0.657758 0.01 0.01
0 0.670193 0.650504 0.01 0.01
0 0.670193 0.620452 0.01 0.01
0 0.702318 0.646359 0.01 0.01
0 0.699209 0.608017 0.01 0.01
0 0.730297 0.599727 0.01 0.01
0 0.757240 0.605945 0.01 0.01
0 0.766566 0.590401 0.01 0.01
0 0.770711 0.561385 0.01 0.01
0 0.788328 0.594546 0.01 0.01
0 0.788328 0.637033 0.01 0.01
0 0.779002 0.625634 0.01 0.01
0 0.647395 0.598691 0.01 0.01
0 0.640141 0.576929 0.01 0.01
0 0.586255 0.570711 0.01 0.01
0 0.559312 0.576929 0.01 0.01
0 0.524079 0.595582 0.01 0.01
0 0.512680 0.585219 0.01 0.01
0 0.645323 0.722007 0.01 0.01
0 0.507499 0.540660 0.01 0.01
0 0.496100 0.531333 0.01 0.01
0 0.486774 0.520970 0.01 0.01
0 0.465012 0.518898 0.01 0.01
0 0.440141 0.533406 0.01 0.01
0 0.411126 0.501281 0.01 0.01
0 0.383147 0.499209 0.01 0.01
0 0.449468 0.472266 0.01 0.01
0 0.488846 0.479520 0.01 0.01
0 0.518898 0.483665 0.01 0.01
0 0.528224 0.536515 0.01 0.01
0 0.518898 0.545841 0.01 0.01
0 0.518898 0.561385 0.01 0.01
0 0.549986 0.536515 0.01 0.01
0 0.576929 0.537551 0.01 0.01
0 0.604908 0.540660 0.01 0.01
0 0.623561 0.535478 0.01 0.01
0 0.625634 0.555167 0.01 0.01
0 0.648432 0.540660 0.01 0.01
0 0.658794 0.554131 0.01 0.01
0 0.669157 0.565530 0.01 0.01
0 0.701281 0.586255 0.01 0.01
0 0.702318 0.568639 0.01 0.01
0 0.744805 0.576929 0.01 0.01
0 0.744805 0.592473 0.01 0.01
0 0.754131 0.524079 0.01 0.01
0 0.765530 0.541696 0.01 0.01
0 0.700245 0.519934 0.01 0.01
0 0.686774 0.536515 0.01 0.01
0 0.681592 0.517862 0.01 0.01
0 0.650504 0.510608 0.01 0.01
0 0.662939 0.497136 0.01 0.01
0 0.681592 0.485737 0.01 0.01
0 0.615271 0.514753 0.01 0.01
0 0.595582 0.487810 0.01 0.01
0 0.571748 0.486774 0.01 0.01
0 0.574856 0.465012 0.01 0.01
0 0.608017 0.460867 0.01 0.01
0 0.619416 0.483665 0.01 0.01
0 0.639105 0.474338 0.01 0.01
0 0.687810 0.457758 0.01 0.01
0 0.724079 0.456722 0.01 0.01
0 0.727188 0.439105 0.01 0.01
0 0.737551 0.479520 0.01 0.01
0 0.746877 0.467084 0.01 0.01
0 0.775893 0.462939 0.01 0.01
0 0.788328 0.474338 0.01 0.01
0 0.791437 0.456722 0.01 0.01
0 0.763458 0.448432 0.01 0.01
0 0.754131 0.424597 0.01 0.01
0 0.775893 0.422525 0.01 0.01
0 0.787292 0.417344 0.01 0.01
0 0.736515 0.423561 0.01 0.01
0 0.725116 0.419416 0.01 0.01
0 0.273302 0.478483 0.01 0.01
0 0.259831 0.443250 0.01 0.01
0 0.269157 0.423561 0.01 0.01
0 0.288846 0.434960 0.01 0.01
0 0.309572 0.439105 0.01 0.01
0 0.331333 0.439105 0.01 0.01
0 0.324079 0.476411 0.01 0.01
0 0.310608 0.462939 0.01 0.01
0 0.353095 0.480556 0.01 0.01
0 0.351022 0.442214 0.01 0.01
0 0.379002 0.463976 0.01 0.01
0 0.376929 0.448432 0.01 0.01
0 0.410090 0.442214 0.01 0.01
0 0.433924 0.444287 0.01 0.01
0 0.416307 0.432888 0.01 0.01
0 0.426670 0.426670 0.01 0.01
0 0.444287 0.432888 0.01 0.01
0 0.460867 0.433924 0.01 0.01
0 0.474338 0.424597 0.01 0.01
0 0.496100 0.426670 0.01 0.01
0 0.520970 0.415271 0.01 0.01
0 0.552059 0.411126 0.01 0.01
0 0.569675 0.412162 0.01 0.01
0 0.589364 0.430815 0.01 0.01
0 0.573820 0.442214 0.01 0.01
0 0.530297 0.443250 0.01 0.01
0 0.547913 0.462939 0.01 0.01
0 0.546877 0.480556 0.01 0.01
0 0.338076 0.408017 0.01 0.01
0 0.328749 0.387292 0.01 0.01
0 0.285226 0.398691 0.01 0.01
0 0.309060 0.410090 0.01 0.01
0 0.308024 0.425634 0.01 0.01
0 0.329786 0.414235 0.01 0.01
0 0.358801 0.401800 0.01 0.01
0 0.389889 0.396618 0.01 0.01
0 0.419941 0.388328 0.01 0.01
0 0.497661 0.398691 0.01 0.01
0 0.460356 0.404908 0.01 0.01
0 0.440667 0.406981 0.01 0.01
0 0.464501 0.384183 0.01 0.01
0 0.504915 0.387292 0.01 0.01
0 0.558801 0.374856 0.01 0.01
0 0.580563 0.385219 0.01 0.01
0 0.600252 0.371748 0.01 0.01
0 0.610615 0.408017 0.01 0.01
0 0.584708 0.408017 0.01 0.01
0 0.617869 0.419416 0.01 0.01
0 0.634449 0.418380 0.01 0.01
0 0.638594 0.393509 0.01 0.01
0 0.645848 0.384183 0.01 0.01
0 0.668646 0.377965 0.01 0.01
0 0.674863 0.402836 0.01 0.01
0 0.697661 0.406981 0.01 0.01
0 0.714242 0.403872 0.01 0.01
0 0.728749 0.397654 0.01 0.01
0 0.718387 0.386255 0.01 0.01
0 0.750511 0.377965 0.01 0.01
0 0.757765 0.393509 0.01 0.01
0 0.803361 0.403872 0.01 0.01
0 0.799216 0.382110 0.01 0.01
0 0.787817 0.364494 0.01 0.01
0 0.805433 0.364494 0.01 0.01
0 0.829268 0.401800 0.01 0.01
0 0.835485 0.377965 0.01 0.01
0 0.834449 0.363458 0.01 0.01
0 0.858283 0.379002 0.01 0.01
0 0.894553 0.399727 0.01 0.01
0 0.832376 0.477447 0.01 0.01
0 0.825122 0.440141 0.01 0.01
0 0.843775 0.450504 0.01 0.01
0 0.835485 0.422525 0.01 0.01
0 0.864501 0.437033 0.01 0.01
0 0.880045 0.433924 0.01 0.01
0 0.879008 0.508535 0.01 0.01
0 0.849993 0.529261 0.01 0.01
0 0.819941 0.540660 0.01 0.01
0 0.826159 0.586255 0.01 0.01
0 0.807506 0.589364 0.01 0.01
0 0.856211 0.596618 0.01 0.01
0 0.844812 0.588328 0.01 0.01
0 0.859319 0.553095 0.01 0.01
0 0.810039 1.135478 0.01 0.01
0 0.852526 1.103354 0.01 0.01
0 0.883614 1.115789 0.01 0.01
0 0.861852 1.143768 0.01 0.01
0 0.913666 1.171748 0.01 0.01
0 0.928174 1.131333 0.01 0.01
0 0.885687 1.072266 0.01 0.01
0 0.829728 0.970711 0.01 0.01
0 0.815220 0.953095 0.01 0.01
0 0.818329 0.930297 0.01 0.01
0 0.840091 0.884701 0.01 0.01
0 0.814184 0.861903 0.01 0.01
0 0.882578 0.871230 0.01 0.01
0 0.898122 0.887810 0.01 0.01
0 0.877397 0.960349 0.01 0.01
0 0.857707 0.954131 0.01 0.01
0 0.930246 0.874338 0.01 0.01
0 0.945790 0.886774 0.01 0.01
0 0.988277 0.896100 0.01 0.01
0 1.004858 0.902318 0.01 0.01
0 0.963407 0.944805 0.01 0.01
0 0.978951 0.972784 0.01 0.01
0 0.996567 0.984183 0.01 0.01
0 1.009003 1.001800 0.01 0.01
0 1.005894 1.054649 0.01 0.01
0 0.974806 1.076411 0.01 0.01
0 0.945790 1.082629 0.01 0.01
0 0.996567 1.130297 0.01 0.01
0 1.022474 1.101281 0.01 0.01
0 1.026619 1.162421 0.01 0.01
0 1.081542 1.111644 0.01 0.01
0 1.126101 1.149986 0.01 0.01
0 1.147863 1.171748 0.01 0.01
0 1.187241 1.111644 0.01 0.01
0 1.219365 1.135478 0.01 0.01
0 1.014184 1.031851 0.01 0.01
0 1.067034 1.031851 0.01 0.01
0 1.070143 1.006981 0.01 0.01
0 1.056671 0.989364 0.01 0.01
0 1.051490 0.967603 0.01 0.01
0 1.095013 0.957240 0.01 0.01
0 1.117811 0.986255 0.01 0.01
0 1.136464 1.008017 0.01 0.01
0 1.138536 1.042214 0.01 0.01
0 1.135428 1.115789 0.01 0.01
0 1.228692 1.062939 0.01 0.01
0 1.258744 1.089882 0.01 0.01
0 1.301231 1.050504 0.01 0.01
0 1.318847 1.095064 0.01 0.01
0 1.345790 1.134442 0.01 0.01
0 1.318847 1.158276 0.01 0.01
0 1.302267 1.181074 0.01 0.01
0 1.268070 1.173820 0.01 0.01
0 1.357189 1.086774 0.01 0.01
0 1.381023 1.049468 0.01 0.01
0 1.375842 1.034960 0.01 0.01
0 1.403821 1.042214 0.01 0.01
0 1.449417 1.046359 0.01 0.01
0 1.461852 1.088846 0.01 0.01
0 1.436982 1.181074 0.01 0.01
0 1.356153 1.192473 0.01 0.01
0 1.507448 1.182110 0.01 0.01
0 1.510557 1.099209 0.01 0.01
0 1.492941 1.076411 0.01 0.01
0 1.512630 1.057758 0.01 0.01
0 1.322992 1.009053 0.01 0.01
0 1.300194 0.982110 0.01 0.01
0 1.235946 1.028743 0.01 0.01
0 1.194495 1.005945 0.01 0.01
0 1.176878 0.983147 0.01 0.01
0 1.160298 0.956204 0.01 0.01
0 1.126101 0.948950 0.01 0.01
0 1.162371 0.920970 0.01 0.01
0 1.202785 0.956204 0.01 0.01
0 1.212112 0.928224 0.01 0.01
0 1.201749 0.914753 0.01 0.01
0 1.212112 0.898173 0.01 0.01
0 1.245272 0.925116 0.01 0.01
0 1.255635 0.899209 0.01 0.01
0 1.248381 0.879520 0.01 0.01
0 1.295013 0.866048 0.01 0.01
0 1.338536 0.908535 0.01 0.01
0 1.355117 0.889882 0.01 0.01
0 1.376878 0.886774 0.01 0.01
0 1.367552 0.946877 0.01 0.01
0 1.315738 0.979002 0.01 0.01
0 1.276360 0.961385 0.01 0.01
0 1.384132 1.018380 0.01 0.01
0 1.432837 0.964494 0.01 0.01
0 1.451490 0.980038 0.01 0.01
0 1.453562 0.956204 0.01 0.01
0 1.459780 0.922007 0.01 0.01
0 1.486723 0.932369 0.01 0.01
0 1.481542 0.974856 0.01 0.01
0 1.491904 0.964494 0.01 0.01
0 1.515738 1.008017 0.01 0.01
0 1.522992 1.044287 0.01 0.01
0 1.521956 0.917862 0.01 0.01
0 1.500194 0.901281 0.01 0.01
0 1.517811 0.964494 0.01 0.01
0 1.419365 0.856722 0.01 0.01
0 1.526101 0.984183 0.01 0.01
0 1.330246 0.849468 0.01 0.01
0 0.908485 0.806981 0.01 0.01
0 0.878433 0.810090 0.01 0.01
0 0.816257 0.823561 0.01 0.01
0 0.813148 0.795582 0.01 0.01
0 0.835946 0.792473 0.01 0.01
0 0.816257 0.768639 0.01 0.01
0 0.825583 0.749986 0.01 0.01
0 0.801749 0.732369 0.01 0.01
0 0.777915 0.738587 0.01 0.01
0 0.854599 0.757240 0.01 0.01
0 0.877397 0.724079 0.01 0.01
0 0.868070 0.755167 0.01 0.01
0 0.878433 0.776929 0.01 0.01
0 0.921956 0.783147 0.01 0.01
0 0.920920 0.761385 0.01 0.01
0 0.897086 0.747913 0.01 0.01
0 0.897086 0.732369 0.01 0.01
0 0.916775 0.725116 0.01 0.01
0 0.931283 0.719934 0.01 0.01
0 0.930246 0.747913 0.01 0.01
0 0.946827 0.775893 0.01 0.01
0 0.956153 0.808017 0.01 0.01
0 0.924029 0.815271 0.01 0.01
0 0.984132 0.817344 0.01 0.01
0 0.992422 0.779002 0.01 0.01
0 0.979987 0.753095 0.01 0.01
0 0.994495 0.758276 0.01 0.01
0 1.015220 0.777965 0.01 0.01
0 1.017293 0.806981 0.01 0.01
0 1.062889 0.813198 0.01 0.01
0 1.040091 0.813198 0.01 0.01
0 1.044236 0.775893 0.01 0.01
0 1.064961 0.759312 0.01 0.01
0 1.051490 0.752059 0.01 0.01
0 1.096049 0.788328 0.01 0.01
0 1.115738 0.782110 0.01 0.01
0 1.121956 0.762421 0.01 0.01
0 1.106412 0.751022 0.01 0.01
0 1.127137 0.795582 0.01 0.01
0 1.141645 0.814235 0.01 0.01
0 1.119884 0.848432 0.01 0.01
0 1.095013 0.856722 0.01 0.01
0 1.075324 0.856722 0.01 0.01
0 1.140609 0.858794 0.01 0.01
0 1.183096 0.834960 0.01 0.01
0 1.191386 0.809053 0.01 0.01
0 1.231801 0.802836 0.01 0.01
0 1.201749 0.849468 0.01 0.01
0 1.244236 0.842214 0.01 0.01
0 1.252526 0.834960 0.01 0.01
0 1.268070 0.835996 0.01 0.01
0 1.320920 0.837033 0.01 0.01
0 1.385169 0.822525 0.01 0.01
0 1.372733 0.816307 0.01 0.01
0 1.394495 0.791437 0.01 0.01
0 1.421438 0.825634 0.01 0.01
0 1.477397 0.788328 0.01 0.01
0 1.496049 0.760349 0.01 0.01
0 1.525065 0.839105 0.01 0.01
0 1.482578 0.805945 0.01 0.01
0 1.522992 0.876411 0.01 0.01
0 1.273251 0.788328 0.01 0.01
0 1.184132 0.753095 0.01 0.01
0 1.148899 0.770711 0.01 0.01
0 1.137500 0.752059 0.01 0.01
0 1.158226 0.751022 0.01 0.01
0 1.158226 0.743768 0.01 0.01
0 1.113666 0.708535 0.01 0.01
0 1.162371 0.691955 0.01 0.01
0 1.185169 0.709572 0.01 0.01
0 1.113666 0.694027 0.01 0.01
0 1.235946 0.718898 0.01 0.01
0 1.201749 0.731333 0.01 0.01
0 1.207966 0.702318 0.01 0.01
0 1.243200 0.684701 0.01 0.01
0 1.271179 0.690919 0.01 0.01
0 1.277397 0.709572 0.01 0.01
0 1.268070 0.749986 0.01 0.01
0 1.247345 0.741696 0.01 0.01
0 1.228692 0.748950 0.01 0.01
0 1.255635 0.767603 0.01 0.01
0 1.290868 0.758276 0.01 0.01
0 1.290868 0.734442 0.01 0.01
0 1.301231 0.716825 0.01 0.01
0 1.328174 0.740660 0.01 0.01
0 1.354080 0.770711 0.01 0.01
0 1.313666 0.697136 0.01 0.01
0 1.334391 0.716825 0.01 0.01
0 1.352008 0.723043 0.01 0.01
0 1.352008 0.704390 0.01 0.01
0 1.388277 0.716825 0.01 0.01
0 1.390350 0.751022 0.01 0.01
0 1.373770 0.772784 0.01 0.01
0 1.415220 0.751022 0.01 0.01
0 1.428692 0.714753 0.01 0.01
0 1.446308 0.702318 0.01 0.01
0 1.516775 0.747913 0.01 0.01
0 1.500194 0.679520 0.01 0.01
0 1.473251 0.657758 0.01 0.01
0 1.462889 0.685737 0.01 0.01
0 1.412112 0.667084 0.01 0.01
0 1.404858 0.661903 0.01 0.01
0 1.377915 0.663976 0.01 0.01
0 1.371697 0.683665 0.01 0.01
0 1.334391 0.685737 0.01 0.01
0 1.335428 0.665012 0.01 0.01
0 1.349935 0.657758 0.01 0.01
0 1.360298 0.628743 0.01 0.01
0 1.273251 0.667084 0.01 0.01
0 1.305376 0.662939 0.01 0.01
0 1.311593 0.640141 0.01 0.01
0 1.296049 0.624597 0.01 0.01
0 1.331283 0.618380 0.01 0.01
0 1.388277 0.619416 0.01 0.01
0 1.441127 0.616307 0.01 0.01
0 1.503303 0.628743 0.01 0.01
0 1.526101 0.631851 0.01 0.01
0 1.528174 0.651540 0.01 0.01
0 1.169624 0.662939 0.01 0.01
0 1.197604 0.669157 0.01 0.01
0 1.234909 0.669157 0.01 0.01
0 1.228692 0.635996 0.01 0.01
0 1.265998 0.654649 0.01 0.01
0 1.064961 0.701281 0.01 0.01
0 1.023510 0.702318 0.01 0.01
0 0.994495 0.724079 0.01 0.01
0 0.976878 0.694027 0.01 0.01
0 0.958226 0.684701 0.01 0.01
0 0.924029 0.684701 0.01 0.01
0 0.868070 0.696100 0.01 0.01
0 0.862889 0.715789 0.01 0.01
0 0.819365 0.665012 0.01 0.01
0 0.831801 0.641178 0.01 0.01
0 0.846308 0.627706 0.01 0.01
0 0.860816 0.650504 0.01 0.01
0 0.889832 0.663976 0.01 0.01
0 0.890868 0.639105 0.01 0.01
0 0.889832 0.626670 0.01 0.01
0 0.905376 0.617344 0.01 0.01
0 0.925065 0.614235 0.01 0.01
0 0.939573 0.641178 0.01 0.01
0 0.973770 0.621489 0.01 0.01
0 1.003821 0.633924 0.01 0.01
0 1.022474 0.659831 0.01 0.01
0 1.000713 0.676411 0.01 0.01
0 1.038018 0.638069 0.01 0.01
0 1.052526 0.620452 0.01 0.01
0 1.063925 0.610090 0.01 0.01
0 1.071179 0.648432 0.01 0.01
0 1.079469 0.633924 0.01 0.01
0 1.095013 0.655686 0.01 0.01
0 1.114702 0.619416 0.01 0.01
0 1.152008 0.614235 0.01 0.01
0 0.952008 0.666048 0.01 0.01
0 1.539623 1.035996 0.01 0.01
0 1.547913 1.001800 0.01 0.01
0 1.538587 0.956204 0.01 0.01
0 1.560349 0.895064 0.01 0.01
0 1.561385 0.861903 0.01 0.01
0 1.574856 0.860867 0.01 0.01
0 1.581074 0.838069 0.01 0.01
0 1.571748 0.803872 0.01 0.01
0 1.557240 0.785219 0.01 0.01
0 1.529261 0.809053 0.01 0.01
0 1.563458 0.714753 0.01 0.01
0 1.547913 0.674338 0.01 0.01
0 1.575893 0.669157 0.01 0.01
0 1.589364 0.639105 0.01 0.01
0 1.589364 1.060867 0.01 0.01
0 1.579002 1.086774 0.01 0.01
0 1.564494 1.104390 0.01 0.01
0 1.422525 1.012162 0.01 0.01
0 1.449468 1.000763 0.01 0.01
0 1.528224 0.861903 0.01 0.01
0 1.501281 0.749986 0.01 0.01
0 1.426670 0.773820 0.01 0.01
0 1.439105 0.737551 0.01 0.01
0 0.959312 0.581074 0.01 0.01
0 0.951022 0.569675 0.01 0.01
0 0.915789 0.566566 0.01 0.01
0 0.918898 0.592473 0.01 0.01
0 0.902318 0.588328 0.01 0.01
0 0.898173 0.574856 0.01 0.01
0 0.873302 0.575893 0.01 0.01
0 0.884701 0.530297 0.01 0.01
0 0.910608 0.510608 0.01 0.01
0 0.925116 0.523043 0.01 0.01
0 0.949986 0.509572 0.01 0.01
0 0.929261 0.483665 0.01 0.01
0 0.927188 0.468121 0.01 0.01
0 0.911644 0.466048 0.01 0.01
0 0.837033 0.467084 0.01 0.01
0 0.927188 0.425634 0.01 0.01
0 0.913717 0.411126 0.01 0.01
0 0.922007 0.405945 0.01 0.01
0 0.948950 0.408017 0.01 0.01
0 0.936515 0.388328 0.01 0.01
0 0.951022 0.380038 0.01 0.01
0 0.964494 0.393509 0.01 0.01
0 0.984183 0.395582 0.01 0.01
0 0.985219 0.381074 0.01 0.01
0 0.981074 0.417344 0.01 0.01
0 0.985219 0.446359 0.01 0.01
0 0.957240 0.473302 0.01 0.01
0 0.988328 0.506463 0.01 0.01
0 1.008017 0.498173 0.01 0.01
0 1.019416 0.495064 0.01 0.01
0 1.026670 0.520970 0.01 0.01
0 0.992473 0.545841 0.01 0.01
0 0.990401 0.575893 0.01 0.01
0 1.051540 0.516825 0.01 0.01
0 1.068121 0.494027 0.01 0.01
0 1.091955 0.479520 0.01 0.01
0 1.031851 0.446359 0.01 0.01
0 1.009053 0.429779 0.01 0.01
0 1.017344 0.427706 0.01 0.01
0 0.996618 0.409053 0.01 0.01
0 1.020452 0.398691 0.01 0.01
0 1.022525 0.375893 0.01 0.01
0 1.044287 0.386255 0.01 0.01
0 1.048432 0.404908 0.01 0.01
0 1.045323 0.431851 0.01 0.01
0 1.083665 0.461903 0.01 0.01
0 1.097136 0.455686 0.01 0.01
0 1.100245 0.430815 0.01 0.01
0 1.120970 0.431851 0.01 0.01
0 1.119934 0.456722 0.01 0.01
0 1.114753 0.473302 0.01 0.01
0 1.139623 0.469157 0.01 0.01
0 1.162421 0.485737 0.01 0.01
0 1.146877 0.503354 0.01 0.01
0 1.111644 0.555167 0.01 0.01
0 1.083665 0.526152 0.01 0.01
0 1.082629 0.586255 0.01 0.01
0 1.108535 0.577965 0.01 0.01
0 1.129261 0.556204 0.01 0.01
0 1.153095 0.551022 0.01 0.01
0 1.145841 0.587292 0.01 0.01
0 1.180038 0.568639 0.01 0.01
0 1.187292 0.582110 0.01 0.01
0 1.210090 0.577965 0.01 0.01
0 1.180038 0.552059 0.01 0.01
0 1.172784 0.518898 0.01 0.01
0 1.181074 0.505426 0.01 0.01
0 1.189364 0.486774 0.01 0.01
0 1.211126 0.512680 0.01 0.01
0 1.243250 0.484701 0.01 0.01
0 1.228743 0.441178 0.01 0.01
0 1.227706 0.564494 0.01 0.01
0 1.223561 0.543768 0.01 0.01
0 1.258794 0.529261 0.01 0.01
0 1.249468 0.563458 0.01 0.01
0 1.219416 0.590401 0.01 0.01
0 1.215271 0.617344 0.01 0.01
0 1.128224 0.632888 0.01 0.01
0 1.133406 0.689882 0.01 0.01
0 1.227706 0.684701 0.01 0.01
0 1.278483 0.602836 0.01 0.01
0 1.274338 0.576929 0.01 0.01
0 1.266048 0.561385 0.01 0.01
0 1.297136 0.557240 0.01 0.01
0 1.298173 0.530297 0.01 0.01
0 1.281592 0.514753 0.01 0.01
0 1.322007 0.515789 0.01 0.01
0 1.274338 0.465012 0.01 0.01
0 1.271230 0.446359 0.01 0.01
0 1.301281 0.455686 0.01 0.01
0 1.308535 0.473302 0.01 0.01
0 1.366566 0.514753 0.01 0.01
0 1.342732 0.489882 0.01 0.01
0 1.343768 0.463976 0.01 0.01
0 1.325116 0.424597 0.01 0.01
0 1.373820 0.462939 0.01 0.01
0 1.411126 0.447395 0.01 0.01
0 1.414235 0.426670 0.01 0.01
0 1.413198 0.467084 0.01 0.01
0 1.426670 0.516825 0.01 0.01
0 1.375893 0.530297 0.01 0.01
0 1.337551 0.558276 0.01 0.01
0 1.309572 0.574856 0.01 0.01
0 1.349986 0.605945 0.01 0.01
0 1.370711 0.601800 0.01 0.01
0 1.359312 0.581074 0.01 0.01
0 1.383147 0.590401 0.01 0.01
0 1.405945 0.562421 0.01 0.01
0 1.435996 0.562421 0.01 0.01
0 1.427706 0.595582 0.01 0.01
0 1.439105 0.594546 0.01 0.01
0 1.448432 0.591437 0.01 0.01
0 1.468121 0.563458 0.01 0.01
0 1.472266 0.603872 0.01 0.01
0 1.310608 0.608017 0.01 0.01
0 1.438069 0.534442 0.01 0.01
0 1.479520 0.545841 0.01 0.01
0 1.496100 0.557240 0.01 0.01
0 1.537551 0.526152 0.01 0.01
0 1.571748 0.527188 0.01 0.01
0 1.566566 0.545841 0.01 0.01
0 1.532369 0.499209 0.01 0.01
0 1.505426 0.490919 0.01 0.01
0 1.492991 0.497136 0.01 0.01
0 1.482629 0.500245 0.01 0.01
0 1.467084 0.504390 0.01 0.01
0 1.444287 0.480556 0.01 0.01
0 1.471230 0.477447 0.01 0.01
0 1.507499 0.466048 0.01 0.01
0 1.508535 0.448432 0.01 0.01
0 1.526152 0.454649 0.01 0.01
0 1.542732 0.448432 0.01 0.01
0 1.565530 0.446359 0.01 0.01
0 1.575893 0.467084 0.01 0.01
0 1.541696 0.497136 0.01 0.01
0 1.568639 0.487810 0.01 0.01
0 1.596618 0.491955 0.01 0.01
0 1.595582 0.457758 0.01 0.01
0 1.177965 0.453613 0.01 0.01
0 1.145841 0.431851 0.01 0.01
0 1.132369 0.413198 0.01 0.01
0 1.101281 0.411126 0.01 0.01
0 1.085737 0.392473 0.01 0.01
0 1.069157 0.381074 0.01 0.01
0 1.056722 0.369675 0.01 0.01
0 1.083665 0.362421 0.01 0.01
0 1.101281 0.359312 0.01 0.01
0 1.123043 0.369675 0.01 0.01
0 1.116825 0.401800 0.01 0.01
0 1.156204 0.372784 0.01 0.01
0 1.137551 0.354131 0.01 0.01
0 1.148950 0.355167 0.01 0.01
0 1.200763 0.369675 0.01 0.01
0 1.205945 0.385219 0.01 0.01
0 1.227706 0.371748 0.01 0.01
0 1.232888 0.359312 0.01 0.01
0 1.251540 0.387292 0.01 0.01
0 1.213198 0.418380 0.01 0.01
0 1.224597 0.416307 0.01 0.01
0 1.289882 0.388328 0.01 0.01
0 1.314753 0.384183 0.01 0.01
0 1.295064 0.372784 0.01 0.01
0 1.270193 0.365530 0.01 0.01
0 1.336515 0.366566 0.01 0.01
0 1.358276 0.373820 0.01 0.01
0 1.374856 0.388328 0.01 0.01
0 1.404908 0.405945 0.01 0.01
0 1.415271 0.387292 0.01 0.01
0 1.452577 0.437033 0.01 0.01
0 1.453613 0.406981 0.01 0.01
0 1.430815 0.388328 0.01 0.01
0 1.466048 0.377965 0.01 0.01
0 1.484701 0.428743 0.01 0.01
0 1.505426 0.401800 0.01 0.01
0 1.488846 0.381074 0.01 0.01
0 1.520970 0.377965 0.01 0.01
0 1.523043 0.393509 0.01 0.01
0 1.541696 0.396618 0.01 0.01
0 1.551022 0.414235 0.01 0.01
0 1.533406 0.420452 0.01 0.01
0 1.516825 0.439105 0.01 0.01
0 1.505426 0.439105 0.01 0.01
0 1.582110 0.410090 0.01 0.01
0 1.572784 0.398691 0.01 0.01
0 1.584183 0.391437 0.01 0.01
0 1.594546 0.390401 0.01 0.01
0 1.595582 0.404908 0.01 0.01
0 1.571748 0.603872 0.01 0.01
0 1.564494 0.572784 0.01 0.01
0 1.593509 0.572784 0.01 0.01
0 1.487810 0.737551 0.01 0.01
0 0.899209 0.342732 0.01 0.01
0 0.875375 0.349986 0.01 0.01
0 0.852577 0.359312 0.01 0.01
0 0.897136 0.373820 0.01 0.01
0 0.927188 0.374856 0.01 0.01
0 0.945841 0.368639 0.01 0.01
0 0.929261 0.360349 0.01 0.01
0 0.911644 0.364494 0.01 0.01
0 0.918898 0.356204 0.01 0.01
0 1.422525 0.359312 0.01 0.01
0 1.405945 0.371748 0.01 0.01
0 1.395582 0.342732 0.01 0.01
0 1.432888 0.336515 0.01 0.01
0 1.455686 0.355167 0.01 0.01
0 1.458794 0.328224 0.01 0.01
0 1.474338 0.341696 0.01 0.01
0 1.486774 0.358276 0.01 0.01
0 1.494027 0.335478 0.01 0.01
0 1.516825 0.343768 0.01 0.01
0 1.540660 0.339623 0.01 0.01
0 1.561385 0.353095 0.01 0.01
0 1.575893 0.363458 0.01 0.01
0 1.597654 0.352059 0.01 0.01
0 1.598691 0.375893 0.01 0.01
0 1.592473 0.342732 0.01 0.01
0 1.567603 0.339623 0.01 0.01
0 1.552059 0.331333 0.01 0.01
0 0.964494 0.353095 0.01 0.01
0 0.979002 0.355167 0.01 0.01
0 0.049468 0.349986 0.01 0.01
0 0.023302 0.324079 0.01 0.01
0 0.015530 0.316307 0.01 0.01
0 0.011903 0.338587 0.01 0.01
0 0.022784 0.340141 0.01 0.01
0 0.040919 0.326670 0.01 0.01
0 0.067862 0.352059 0.01 0.01
0 0.084960 0.354131 0.01 0.01
0 0.092732 0.348432 0.01 0.01
0 0.077706 0.339623 0.01 0.01
0 0.077706 0.327706 0.01 0.01
0 0.053354 0.309053 0.01 0.01
0 0.036774 0.306981 0.01 0.01
0 0.019157 0.305945 0.01 0.01
0 0.030556 0.290919 0.01 0.01
0 0.046100 0.290401 0.01 0.01
0 0.061126 0.287292 0.01 0.01
0 0.066825 0.300763 0.01 0.01
0 0.076152 0.284183 0.01 0.01
0 0.039882 0.277965 0.01 0.01
0 0.026411 0.280038 0.01 0.01
0 0.015012 0.282110 0.01 0.01
0 0.018121 0.271230 0.01 0.01
0 0.006722 0.268639 0.01 0.01
0 0.004649 0.299727 0.01 0.01
0 0.005167 0.331333 0.01 0.01
0 0.063198 0.275893 0.01 0.01
0 0.054908 0.268121 0.01 0.01
0 0.026411 0.271748 0.01 0.01
0 0.033665 0.267603 0.01 0.01
0 0.021748 0.262421 0.01 0.01
0 0.020711 0.253613 0.01 0.01
0 0.021748 0.245841 0.01 0.01
0 0.013458 0.234442 0.01 0.01
0 0.035737 0.241696 0.01 0.01
0 0.032110 0.230297 0.01 0.01
0 0.022784 0.221489 0.01 0.01
0 0.052318 0.256204 0.01 0.01
0 0.055426 0.240141 0.01 0.01
0 0.065271 0.249986 0.01 0.01
0 0.033665 0.249986 0.01 0.01
0 0.076670 0.265530 0.01 0.01
0 0.083924 0.258276 0.01 0.01
0 0.074597 0.246877 0.01 0.01
0 0.098950 0.254131 0.01 0.01
0 0.089623 0.245841 0.01 0.01
0 0.092214 0.286774 0.01 0.01
0 0.088069 0.277965 0.01 0.01
0 0.094805 0.277447 0.01 0.01
0 0.108794 0.269675 0.01 0.01
0 0.115530 0.281592 0.01 0.01
0 0.109312 0.282110 0.01 0.01
0 0.101540 0.276929 0.01 0.01
0 0.129002 0.274338 0.01 0.01
0 0.156981 0.263976 0.01 0.01
0 0.136774 0.271230 0.01 0.01
0 0.119157 0.261385 0.01 0.01
0 0.111385 0.233406 0.01 0.01
0 0.092732 0.235478 0.01 0.01
0 0.299468 0.336515 0.01 0.01
0 0.277706 0.316825 0.01 0.01
0 0.295323 0.313717 0.01 0.01
0 0.309312 0.297654 0.01 0.01
0 0.333665 0.318898 0.01 0.01
0 0.338846 0.300245 0.01 0.01
0 0.344027 0.356204 0.01 0.01
0 0.194805 0.453095 0.01 0.01
0 0.397913 0.388846 0.01 0.01
0 0.372525 0.357240 0.01 0.01
0 0.364235 0.333406 0.01 0.01
0 0.353872 0.314235 0.01 0.01
0 0.386515 0.315789 0.01 0.01
0 0.382888 0.338587 0.01 0.01
0 0.374079 0.345841 0.01 0.01
0 0.395841 0.342732 0.01 0.01
0 0.377706 0.293509 0.01 0.01
0 0.381333 0.306981 0.01 0.01
0 0.220711 0.272266 0.01 0.01
0 0.273561 0.275893 0.01 0.01
0 0.274079 0.286774 0.01 0.01
0 0.296877 0.282629 0.01 0.01
0 0.286515 0.279002 0.01 0.01
0 0.316048 0.279002 0.01 0.01
0 0.338328 0.281592 0.01 0.01
0 0.330038 0.277965 0.01 0.01
0 0.360090 0.291955 0.01 0.01
0 0.363198 0.280556 0.01 0.01
0 0.379261 0.277447 0.01 0.01
0 0.390141 0.282110 0.01 0.01
0 0.372007 0.269157 0.01 0.01
0 0.360608 0.262421 0.01 0.01
0 0.341955 0.267084 0.01 0.01
0 0.344546 0.274856 0.01 0.01
0 0.325893 0.271748 0.01 0.01
0 0.323820 0.265530 0.01 0.01
0 0.294287 0.268639 0.01 0.01
0 0.277706 0.259312 0.01 0.01
0 0.293768 0.257758 0.01 0.01
0 0.280815 0.249468 0.01 0.01
0 0.293250 0.243250 0.01 0.01
0 0.305167 0.248432 0.01 0.01
0 0.311903 0.241696 0.01 0.01
0 0.307758 0.233406 0.01 0.01
0 0.301540 0.233924 0.01 0.01
0 0.325893 0.253095 0.01 0.01
0 0.305167 0.269157 0.01 0.01
0 0.346618 0.255686 0.01 0.01
0 0.335737 0.262939 0.01 0.01
0 0.341437 0.246359 0.01 0.01
0 0.337810 0.237033 0.01 0.01
0 0.321230 0.243250 0.01 0.01
0 0.349209 0.238587 0.01 0.01
0 0.354390 0.249986 0.01 0.01
0 0.364753 0.250504 0.01 0.01
0 0.366825 0.243250 0.01 0.01
0 0.377188 0.261385 0.01 0.01
0 0.383406 0.249986 0.01 0.01
0 0.376670 0.234442 0.01 0.01
0 0.389105 0.241178 0.01 0.01
0 0.395323 0.243768 0.01 0.01
0 0.397395 0.248432 0.01 0.01
0 0.378224 0.243250 0.01 0.01
0 0.382888 0.228743 0.01 0.01
0 0.376670 0.220452 0.01 0.01
0 0.378224 0.216307 0.01 0.01
0 0.394287 0.227188 0.01 0.01
0 0.391696 0.215789 0.01 0.01
0 0.336255 0.232369 0.01 0.01
0 0.322266 0.228743 0.01 0.01
0 0.334701 0.225116 0.01 0.01
0 0.330556 0.211644 0.01 0.01
0 0.321230 0.208017 0.01 0.01
0 0.351281 0.218898 0.01 0.01
0 0.341955 0.208017 0.01 0.01
0 0.365789 0.213198 0.01 0.01
0 0.356463 0.205426 0.01 0.01
0 0.358535 0.196618 0.01 0.01
0 0.372525 0.185219 0.01 0.01
0 0.367862 0.199727 0.01 0.01
0 0.379261 0.205426 0.01 0.01
0 0.324856 0.185737 0.01 0.01
0 0.310349 0.184183 0.01 0.01
0 0.317084 0.200763 0.01 0.01
0 0.308794 0.197654 0.01 0.01
0 0.307758 0.205426 0.01 0.01
0 0.297395 0.206981 0.01 0.01
0 0.308276 0.211644 0.01 0.01
0 0.316048 0.215271 0.01 0.01
0 0.298432 0.214753 0.01 0.01
0 0.293250 0.216825 0.01 0.01
0 0.297395 0.226152 0.01 0.01
0 0.275116 0.240141 0.01 0.01
0 0.260090 0.259312 0.01 0.01
0 0.245064 0.256722 0.01 0.01
0 0.229520 0.261385 0.01 0.01
0 0.236774 0.258794 0.01 0.01
0 0.229002 0.246877 0.01 0.01
0 0.237292 0.245323 0.01 0.01
0 0.231592 0.237551 0.01 0.01
0 0.220711 0.226152 0.01 0.01
0 0.228483 0.220970 0.01 0.01
0 0.245582 0.210608 0.01 0.01
0 0.245582 0.230815 0.01 0.01
0 0.254908 0.228743 0.01 0.01
0 0.263198 0.213198 0.01 0.01
0 0.263198 0.200763 0.01 0.01
0 0.261644 0.192991 0.01 0.01
0 0.251800 0.204908 0.01 0.01
0 0.276152 0.225116 0.01 0.01
0 0.274079 0.216307 0.01 0.01
0 0.276670 0.211644 0.01 0.01
0 0.283924 0.207499 0.01 0.01
0 0.253354 0.249986 0.01 0.01
0 0.218639 0.245323 0.01 0.01
0 0.195323 0.231851 0.01 0.01
0 0.198950 0.220970 0.01 0.01
0 0.208276 0.219416 0.01 0.01
0 0.206722 0.210090 0.01 0.01
0 0.221230 0.212162 0.01 0.01
0 0.207240 0.204390 0.01 0.01
0 0.208794 0.197136 0.01 0.01
0 0.206722 0.194546 0.01 0.01
0 0.194805 0.198691 0.01 0.01
0 0.198950 0.211126 0.01 0.01
0 0.191178 0.216307 0.01 0.01
0 0.225893 0.198173 0.01 0.01
0 0.239364 0.200245 0.01 0.01
0 0.209831 0.249468 0.01 0.01
0 0.160608 0.249468 0.01 0.01
0 0.136774 0.252577 0.01 0.01
0 0.126929 0.250504 0.01 0.01
0 0.131074 0.230297 0.01 0.01
0 0.139882 0.225634 0.01 0.01
0 0.153872 0.233406 0.01 0.01
0 0.140919 0.243768 0.01 0.01
0 0.162680 0.232888 0.01 0.01
0 0.175116 0.229779 0.01 0.01
0 0.153354 0.217344 0.01 0.01
0 0.149209 0.223561 0.01 0.01
0 0.183406 0.215271 0.01 0.01
0 0.169416 0.211126 0.01 0.01
0 0.161126 0.215789 0.01 0.01
0 0.158017 0.205945 0.01 0.01
0 0.177188 0.205945 0.01 0.01
0 0.163198 0.199727 0.01 0.01
0 0.161644 0.194546 0.01 0.01
0 0.187551 0.197136 0.01 0.01
0 0.175116 0.195064 0.01 0.01
0 0.198432 0.185737 0.01 0.01
0 0.008794 0.217862 0.01 0.01
0 0.009312 0.207499 0.01 0.01
0 0.007240 0.193509 0.01 0.01
0 0.029520 0.216825 0.01 0.01
0 0.027447 0.208017 0.01 0.01
0 0.016566 0.199209 0.01 0.01
0 0.027965 0.187810 0.01 0.01
0 0.032629 0.200763 0.01 0.01
0 0.037292 0.192991 0.01 0.01
0 0.048173 0.199209 0.01 0.01
0 0.044027 0.215789 0.01 0.01
0 0.052836 0.215789 0.01 0.01
0 0.037810 0.215789 0.01 0.01
0 0.064235 0.210608 0.01 0.01
0 0.062680 0.235996 0.01 0.01
0 0.073043 0.234442 0.01 0.01
0 0.070452 0.225116 0.01 0.01
0 0.074597 0.212680 0.01 0.01
0 0.082888 0.210608 0.01 0.01
0 0.076670 0.202836 0.01 0.01
0 0.089623 0.200763 0.01 0.01
0 0.106722 0.209053 0.01 0.01
0 0.111903 0.222007 0.01 0.01
0 0.096359 0.226670 0.01 0.01
0 0.087551 0.214753 0.01 0.01
0 0.079261 0.226670 0.01 0.01
0 0.127965 0.208017 0.01 0.01
0 0.136255 0.205945 0.01 0.01
0 0.110349 0.202318 0.01 0.01
0 0.067862 0.191955 0.01 0.01
0 0.054908 0.174856 0.01 0.01
0 0.072007 0.176411 0.01 0.01
0 0.079779 0.175893 0.01 0.01
0 0.092732 0.175893 0.01 0.01
0 0.102577 0.181074 0.01 0.01
0 0.134183 0.179520 0.01 0.01
0 0.080297 0.192473 0.01 0.01
0 0.060090 0.197136 0.01 0.01
0 0.052836 0.194027 0.01 0.01
0 0.012421 0.175375 0.01 0.01
0 0.130556 0.197136 0.01 0.01
0 0.122784 0.194546 0.01 0.01
0 0.417527 0.340660 0.01 0.01
0 0.410791 0.327706 0.01 0.01
0 0.400428 0.329261 0.01 0.01
0 0.400428 0.316825 0.01 0.01
0 0.396801 0.296100 0.01 0.01
0 0.401464 0.281592 0.01 0.01
0 0.423226 0.309053 0.01 0.01
0 0.421672 0.294546 0.01 0.01
0 0.432553 0.295582 0.01 0.01
0 0.454314 0.327706 0.01 0.01
0 0.448615 0.319934 0.01 0.01
0 0.442915 0.337551 0.01 0.01
0 0.432034 0.337033 0.01 0.01
0 0.451205 0.334960 0.01 0.01
0 0.467268 0.338587 0.01 0.01
0 0.468822 0.316825 0.01 0.01
0 0.460532 0.296100 0.01 0.01
0 0.471413 0.290919 0.01 0.01
0 0.485920 0.295582 0.01 0.01
0 0.494211 0.309572 0.01 0.01
0 0.501464 0.317862 0.01 0.01
0 0.480739 0.334442 0.01 0.01
0 0.477630 0.354649 0.01 0.01
0 0.451724 0.370193 0.01 0.01
0 0.433071 0.375893 0.01 0.01
0 0.430998 0.362421 0.01 0.01
0 0.404573 0.380038 0.01 0.01
0 0.373485 0.404390 0.01 0.01
0 0.508200 0.352059 0.01 0.01
0 0.500946 0.342214 0.01 0.01
0 0.492138 0.350504 0.01 0.01
0 0.515972 0.342214 0.01 0.01
0 0.530480 0.352577 0.01 0.01
0 0.520635 0.360349 0.01 0.01
0 0.544470 0.358276 0.01 0.01
0 0.535143 0.343768 0.01 0.01
0 0.542397 0.335996 0.01 0.01
0 0.530480 0.323561 0.01 0.01
0 0.515972 0.312162 0.01 0.01
0 0.537734 0.319934 0.01 0.01
0 0.564159 0.336515 0.01 0.01
0 0.551724 0.322007 0.01 0.01
0 0.555350 0.309053 0.01 0.01
0 0.569858 0.312162 0.01 0.01
0 0.577112 0.304390 0.01 0.01
0 0.583848 0.316307 0.01 0.01
0 0.568304 0.358794 0.01 0.01
0 0.556387 0.357240 0.01 0.01
0 0.598356 0.351540 0.01 0.01
0 0.619081 0.367603 0.01 0.01
0 0.614418 0.382110 0.01 0.01
0 0.641879 0.359831 0.01 0.01
0 0.647578 0.335996 0.01 0.01
0 0.667268 0.326152 0.01 0.01
0 0.681257 0.347395 0.01 0.01
0 0.662086 0.371230 0.01 0.01
0 0.685402 0.333924 0.01 0.01
0 0.687993 0.317344 0.01 0.01
0 0.671931 0.316825 0.01 0.01
0 0.641361 0.314753 0.01 0.01
0 0.626335 0.316307 0.01 0.01
0 0.606128 0.312162 0.01 0.01
0 0.594729 0.315789 0.01 0.01
0 0.591102 0.298173 0.01 0.01
0 0.594211 0.289364 0.01 0.01
0 0.609236 0.282629 0.01 0.01
0 0.620635 0.286774 0.01 0.01
0 0.614936 0.301281 0.01 0.01
0 0.609236 0.292473 0.01 0.01
0 0.630480 0.285737 0.01 0.01
0 0.649133 0.285219 0.01 0.01
0 0.656905 0.287810 0.01 0.01
0 0.664677 0.276929 0.01 0.01
0 0.677112 0.280038 0.01 0.01
0 0.686439 0.282629 0.01 0.01
0 0.664677 0.296100 0.01 0.01
0 0.657423 0.300245 0.01 0.01
0 0.643951 0.303872 0.01 0.01
0 0.509755 0.284183 0.01 0.01
0 0.498356 0.282629 0.01 0.01
0 0.427371 0.271748 0.01 0.01
0 0.427889 0.252059 0.01 0.01
0 0.419599 0.259831 0.01 0.01
0 0.412345 0.251022 0.01 0.01
0 0.409755 0.238587 0.01 0.01
0 0.401983 0.224079 0.01 0.01
0 0.419081 0.214753 0.01 0.01
0 0.404573 0.211644 0.01 0.01
0 0.401464 0.194546 0.01 0.01
0 0.398874 0.204390 0.01 0.01
0 0.430998 0.190919 0.01 0.01
0 0.446542 0.197136 0.01 0.01
0 0.456387 0.191437 0.01 0.01
0 0.477630 0.188846 0.01 0.01
0 0.496283 0.197654 0.01 0.01
0 0.481775 0.202836 0.01 0.01
0 0.473485 0.206981 0.01 0.01
0 0.462604 0.208017 0.01 0.01
0 0.454314 0.218898 0.01 0.01
0 0.450687 0.217862 0.01 0.01
0 0.446024 0.226670 0.01 0.01
0 0.451205 0.242732 0.01 0.01
0 0.438770 0.249986 0.01 0.01
0 0.435143 0.232369 0.01 0.01
0 0.434625 0.220452 0.01 0.01
0 0.436179 0.211126 0.01 0.01
0 0.456905 0.254649 0.01 0.01
0 0.459496 0.268639 0.01 0.01
0 0.447060 0.279002 0.01 0.01
0 0.449651 0.267603 0.01 0.01
0 0.436179 0.266566 0.01 0.01
0 0.429444 0.261903 0.01 0.01
0 0.476076 0.267084 0.01 0.01
0 0.483330 0.260349 0.01 0.01
0 0.474521 0.242214 0.01 0.01
0 0.461568 0.238587 0.01 0.01
0 0.476594 0.229779 0.01 0.01
0 0.454314 0.232888 0.01 0.01
0 0.471931 0.222525 0.01 0.01
0 0.479185 0.216825 0.01 0.01
0 0.471413 0.216307 0.01 0.01
0 0.464159 0.214235 0.01 0.01
0 0.493692 0.219416 0.01 0.01
0 0.489547 0.235996 0.01 0.01
0 0.482812 0.246359 0.01 0.01
0 0.493174 0.242214 0.01 0.01
0 0.500946 0.253613 0.01 0.01
0 0.512345 0.262939 0.01 0.01
0 0.492656 0.269157 0.01 0.01
0 0.525299 0.263458 0.01 0.01
0 0.522708 0.277447 0.01 0.01
0 0.541879 0.270711 0.01 0.01
0 0.530998 0.281074 0.01 0.01
0 0.547578 0.281592 0.01 0.01
0 0.553796 0.299209 0.01 0.01
0 0.558977 0.291955 0.01 0.01
0 0.574003 0.275375 0.01 0.01
0 0.564159 0.268121 0.01 0.01
0 0.553278 0.254649 0.01 0.01
0 0.546024 0.259312 0.01 0.01
0 0.536698 0.254131 0.01 0.01
0 0.526335 0.245841 0.01 0.01
0 0.507682 0.245841 0.01 0.01
0 0.510791 0.232369 0.01 0.01
0 0.502501 0.231851 0.01 0.01
0 0.499910 0.210090 0.01 0.01
0 0.507682 0.206463 0.01 0.01
0 0.514418 0.215271 0.01 0.01
0 0.507164 0.224597 0.01 0.01
0 0.527371 0.217344 0.01 0.01
0 0.521154 0.208535 0.01 0.01
0 0.530480 0.205426 0.01 0.01
0 0.532034 0.192473 0.01 0.01
0 0.534107 0.222525 0.01 0.01
0 0.530998 0.232888 0.01 0.01
0 0.539806 0.247395 0.01 0.01
0 0.533071 0.240141 0.01 0.01
0 0.517008 0.239105 0.01 0.01
0 0.515972 0.251540 0.01 0.01
0 0.550169 0.222525 0.01 0.01
0 0.557423 0.210608 0.01 0.01
0 0.567786 0.192991 0.01 0.01
0 0.585402 0.193509 0.01 0.01
0 0.565713 0.222525 0.01 0.01
0 0.575558 0.223043 0.01 0.01
0 0.571931 0.233406 0.01 0.01
0 0.563122 0.253095 0.01 0.01
0 0.575558 0.253613 0.01 0.01
0 0.583848 0.233406 0.01 0.01
0 0.583848 0.226152 0.01 0.01
0 0.583848 0.216825 0.01 0.01
0 0.576076 0.212162 0.01 0.01
0 0.594729 0.213198 0.01 0.01
0 0.597319 0.222007 0.01 0.01
0 0.595765 0.234960 0.01 0.01
0 0.580739 0.267603 0.01 0.01
0 0.585920 0.256204 0.01 0.01
0 0.598874 0.259312 0.01 0.01
0 0.603537 0.249468 0.01 0.01
0 0.604055 0.239623 0.01 0.01
0 0.613382 0.245323 0.01 0.01
0 0.608718 0.222525 0.01 0.01
0 0.620117 0.224079 0.01 0.01
0 0.620117 0.238069 0.01 0.01
0 0.609755 0.230815 0.01 0.01
0 0.613382 0.262421 0.01 0.01
0 0.596801 0.270711 0.01 0.01
0 0.606128 0.265012 0.01 0.01
0 0.615972 0.275893 0.01 0.01
0 0.623226 0.277965 0.01 0.01
0 0.629962 0.273820 0.01 0.01
0 0.637216 0.269675 0.01 0.01
0 0.642397 0.266048 0.01 0.01
0 0.642397 0.257758 0.01 0.01
0 0.626335 0.260867 0.01 0.01
0 0.624781 0.253095 0.01 0.01
0 0.634625 0.240660 0.01 0.01
0 0.633071 0.229261 0.01 0.01
0 0.632034 0.217344 0.01 0.01
0 0.613900 0.211644 0.01 0.01
0 0.617527 0.196618 0.01 0.01
0 0.633071 0.203354 0.01 0.01
0 0.649133 0.208017 0.01 0.01
0 0.655350 0.220452 0.01 0.01
0 0.657423 0.210090 0.01 0.01
0 0.672967 0.210090 0.01 0.01
0 0.662604 0.237551 0.01 0.01
0 0.642915 0.230815 0.01 0.01
0 0.644470 0.242732 0.01 0.01
0 0.652242 0.243250 0.01 0.01
0 0.652760 0.259831 0.01 0.01
0 0.674003 0.265012 0.01 0.01
0 0.681775 0.246359 0.01 0.01
0 0.678667 0.256204 0.01 0.01
0 0.668304 0.250504 0.01 0.01
0 0.679703 0.216307 0.01 0.01
0 0.684884 0.236515 0.01 0.01
0 0.692656 0.243768 0.01 0.01
0 0.693692 0.219934 0.01 0.01
0 0.692656 0.204390 0.01 0.01
0 0.605610 0.339623 0.01 0.01
0 0.567786 0.345841 0.01 0.01
0 0.509755 0.361903 0.01 0.01
0 0.520635 0.398173 0.01 0.01
0 0.725628 0.305426 0.01 0.01
0 0.713711 0.305945 0.01 0.01
0 0.703348 0.318380 0.01 0.01
0 0.698685 0.312680 0.01 0.01
0 0.715265 0.293509 0.01 0.01
0 0.705939 0.288328 0.01 0.01
0 0.695576 0.286255 0.01 0.01
0 0.727182 0.275375 0.01 0.01
0 0.718892 0.268121 0.01 0.01
0 0.709048 0.262939 0.01 0.01
0 0.698167 0.272266 0.01 0.01
0 0.688840 0.265012 0.01 0.01
0 0.709048 0.277447 0.01 0.01
0 0.711120 0.274338 0.01 0.01
0 0.740654 0.286774 0.01 0.01
0 0.746871 0.292991 0.01 0.01
0 0.752571 0.283147 0.01 0.01
0 0.761897 0.277447 0.01 0.01
0 0.763970 0.289364 0.01 0.01
0 0.744799 0.305945 0.01 0.01
0 0.736509 0.311644 0.01 0.01
0 0.727182 0.346877 0.01 0.01
0 0.718892 0.361903 0.01 0.01
0 0.700757 0.354131 0.01 0.01
0 0.742726 0.343250 0.01 0.01
0 0.770706 0.323561 0.01 0.01
0 0.764488 0.306463 0.01 0.01
0 0.774851 0.303872 0.01 0.01
0 0.780550 0.310608 0.01 0.01
0 0.791949 0.303872 0.01 0.01
0 0.805421 0.319934 0.01 0.01
0 0.785732 0.340141 0.01 0.01
0 0.822001 0.333406 0.01 0.01
0 0.828219 0.307499 0.01 0.01
0 0.830291 0.329779 0.01 0.01
0 0.839618 0.336515 0.01 0.01
0 0.867079 0.332888 0.01 0.01
0 0.870706 0.318898 0.01 0.01
0 0.888840 0.322525 0.01 0.01
0 0.900239 0.318898 0.01 0.01
0 0.889877 0.305426 0.01 0.01
0 0.859825 0.302318 0.01 0.01
0 0.761897 0.363458 0.01 0.01
0 0.913711 0.336515 0.01 0.01
0 0.926146 0.338069 0.01 0.01
0 0.933918 0.335996 0.01 0.01
0 0.950498 0.337551 0.01 0.01
0 0.960861 0.329261 0.01 0.01
0 0.947390 0.318898 0.01 0.01
0 0.931327 0.323561 0.01 0.01
0 0.925628 0.316825 0.01 0.01
0 0.971742 0.302318 0.01 0.01
0 0.986768 0.308535 0.01 0.01
0 0.997649 0.306981 0.01 0.01
0 1.006457 0.297136 0.01 0.01
0 1.013193 0.316307 0.01 0.01
0 1.015265 0.340660 0.01 0.01
0 1.012156 0.331851 0.01 0.01
0 1.004384 0.368639 0.01 0.01
0 0.993504 0.356204 0.01 0.01
0 1.011638 0.355686 0.01 0.01
0 0.979514 0.338587 0.01 0.01
0 1.034436 0.360349 0.01 0.01
0 1.040654 0.383147 0.01 0.01
0 0.713711 0.257240 0.01 0.01
0 0.711638 0.243250 0.01 0.01
0 0.709566 0.237033 0.01 0.01
0 0.723037 0.251022 0.01 0.01
0 0.737545 0.265530 0.01 0.01
0 0.729773 0.257240 0.01 0.01
0 0.743245 0.256722 0.01 0.01
0 0.742208 0.243768 0.01 0.01
0 0.725628 0.226152 0.01 0.01
0 0.713711 0.222525 0.01 0.01
0 0.756198 0.266566 0.01 0.01
0 0.758270 0.241696 0.01 0.01
0 0.761897 0.242214 0.01 0.01
0 0.769669 0.271230 0.01 0.01
0 0.758270 0.254649 0.01 0.01
0 0.775369 0.255686 0.01 0.01
0 0.774851 0.242214 0.01 0.01
0 0.781068 0.242732 0.01 0.01
0 0.793504 0.243250 0.01 0.01
0 0.786768 0.263458 0.01 0.01
0 0.798685 0.254649 0.01 0.01
0 0.796612 0.274338 0.01 0.01
0 0.791431 0.289364 0.01 0.01
0 0.781586 0.289364 0.01 0.01
0 0.803866 0.291955 0.01 0.01
0 0.817338 0.285737 0.01 0.01
0 0.816820 0.274338 0.01 0.01
0 0.810602 0.262939 0.01 0.01
0 0.809048 0.255167 0.01 0.01
0 0.812675 0.251540 0.01 0.01
0 0.828219 0.256722 0.01 0.01
0 0.827182 0.267603 0.01 0.01
0 0.824592 0.249986 0.01 0.01
0 0.837027 0.247395 0.01 0.01
0 0.845835 0.255686 0.01 0.01
0 0.843245 0.265530 0.01 0.01
0 0.843763 0.272266 0.01 0.01
0 0.835473 0.277965 0.01 0.01
0 0.839618 0.290401 0.01 0.01
0 0.848944 0.282110 0.01 0.01
0 0.864488 0.274338 0.01 0.01
0 0.868633 0.295582 0.01 0.01
0 0.885732 0.288328 0.01 0.01
0 0.897649 0.298691 0.01 0.01
0 0.908011 0.280038 0.01 0.01
0 0.896612 0.284183 0.01 0.01
0 0.918374 0.300245 0.01 0.01
0 0.905939 0.306981 0.01 0.01
0 0.919928 0.282629 0.01 0.01
0 0.930809 0.278483 0.01 0.01
0 0.935473 0.299727 0.01 0.01
0 0.939618 0.289364 0.01 0.01
0 0.963452 0.290401 0.01 0.01
0 0.977441 0.288328 0.01 0.01
0 0.964488 0.279002 0.01 0.01
0 0.965524 0.268639 0.01 0.01
0 0.982105 0.267084 0.01 0.01
0 0.993504 0.280556 0.01 0.01
0 0.998167 0.285219 0.01 0.01
0 1.001276 0.291437 0.01 0.01
0 1.032882 0.298173 0.01 0.01
0 1.026664 0.286255 0.01 0.01
0 0.999721 0.272784 0.01 0.01
0 1.039099 0.276411 0.01 0.01
0 1.041690 0.298173 0.01 0.01
0 0.859307 0.261385 0.01 0.01
0 0.876405 0.260867 0.01 0.01
0 0.892467 0.261385 0.01 0.01
0 0.876923 0.274338 0.01 0.01
0 0.898685 0.271748 0.01 0.01
0 0.902312 0.261385 0.01 0.01
0 0.913711 0.262421 0.01 0.01
0 0.923037 0.252577 0.01 0.01
0 0.928219 0.266048 0.01 0.01
0 0.932882 0.256204 0.01 0.01
0 0.945835 0.252059 0.01 0.01
0 0.957234 0.253613 0.01 0.01
0 0.960861 0.260867 0.01 0.01
0 0.951017 0.268639 0.01 0.01
0 0.944799 0.271748 0.01 0.01
0 0.865524 0.251022 0.01 0.01
0 0.854125 0.245841 0.01 0.01
0 0.845317 0.231333 0.01 0.01
0 0.859825 0.236515 0.01 0.01
0 0.867079 0.222525 0.01 0.01
0 0.859307 0.227706 0.01 0.01
0 0.857234 0.219934 0.01 0.01
0 0.724074 0.214753 0.01 0.01
0 0.717856 0.210608 0.01 0.01
0 0.700757 0.212680 0.01 0.01
0 0.741690 0.232888 0.01 0.01
0 0.748426 0.218380 0.01 0.01
0 0.736509 0.213717 0.01 0.01
0 0.756198 0.213717 0.01 0.01
0 0.766561 0.217862 0.01 0.01
0 0.769669 0.224597 0.01 0.01
0 0.776923 0.230297 0.01 0.01
0 0.759825 0.230815 0.01 0.01
0 0.752571 0.231851 0.01 0.01
0 0.778478 0.218898 0.01 0.01
0 0.786250 0.219416 0.01 0.01
0 0.788322 0.228743 0.01 0.01
0 0.805939 0.224079 0.01 0.01
0 0.808529 0.238069 0.01 0.01
0 0.823037 0.222007 0.01 0.01
0 0.828219 0.230297 0.01 0.01
0 0.815265 0.210090 0.01 0.01
0 0.798167 0.202836 0.01 0.01
0 0.837027 0.220970 0.01 0.01
0 0.822519 0.209053 0.01 0.01
0 0.837027 0.211644 0.01 0.01
0 0.846871 0.214753 0.01 0.01
0 0.847390 0.209053 0.01 0.01
0 0.853607 0.213717 0.01 0.01
0 0.865006 0.199727 0.01 0.01
0 0.877441 0.228224 0.01 0.01
0 0.869669 0.240141 0.01 0.01
0 0.884695 0.237551 0.01 0.01
0 0.880550 0.240660 0.01 0.01
0 0.885213 0.249986 0.01 0.01
0 0.875369 0.247913 0.01 0.01
0 0.910602 0.236515 0.01 0.01
0 0.894540 0.241696 0.01 0.01
0 0.891949 0.223561 0.01 0.01
0 0.896094 0.219934 0.01 0.01
0 0.888840 0.214235 0.01 0.01
0 0.907493 0.222007 0.01 0.01
0 0.908529 0.213717 0.01 0.01
0 0.917856 0.198691 0.01 0.01
0 0.897649 0.202318 0.01 0.01
0 0.886250 0.202836 0.01 0.01
0 0.917338 0.214753 0.01 0.01
0 0.915783 0.230297 0.01 0.01
0 0.928737 0.227188 0.01 0.01
0 0.934436 0.240141 0.01 0.01
0 0.943763 0.233406 0.01 0.01
0 0.938581 0.211126 0.01 0.01
0 0.951535 0.211126 0.01 0.01
0 0.958270 0.221489 0.01 0.01
0 0.916302 0.241696 0.01 0.01
0 0.909566 0.249468 0.01 0.01
0 0.963970 0.239105 0.01 0.01
0 0.974851 0.235478 0.01 0.01
0 0.980032 0.209053 0.01 0.01
0 0.989877 0.258276 0.01 0.01
0 0.978478 0.249468 0.01 0.01
0 0.971224 0.249468 0.01 0.01
0 0.990913 0.246877 0.01 0.01
0 1.003866 0.248950 0.01 0.01
0 1.008011 0.254131 0.01 0.01
0 1.015783 0.264494 0.01 0.01
0 1.031327 0.255686 0.01 0.01
0 1.023555 0.247913 0.01 0.01
0 1.013711 0.245323 0.01 0.01
0 1.035473 0.245323 0.01 0.01
0 1.000239 0.225116 0.01 0.01
0 0.999721 0.206981 0.01 0.01
0 0.975887 0.220970 0.01 0.01
0 1.013711 0.216825 0.01 0.01
0 1.023555 0.222525 0.01 0.01
0 1.033400 0.222525 0.01 0.01
0 1.029255 0.231851 0.01 0.01
0 1.023555 0.237033 0.01 0.01
0 1.029255 0.313198 0.01 0.01
0 1.030809 0.325116 0.01 0.01
0 1.091611 0.288846 0.01 0.01
0 1.080730 0.274856 0.01 0.01
0 1.065186 0.266048 0.01 0.01
0 1.051196 0.267084 0.01 0.01
0 1.043942 0.266048 0.01 0.01
0 1.047051 0.253613 0.01 0.01
0 1.056896 0.248950 0.01 0.01
0 1.050160 0.240660 0.01 0.01
0 1.041870 0.234442 0.01 0.01
0 1.063113 0.214753 0.01 0.01
0 1.051196 0.228743 0.01 0.01
0 1.069849 0.238069 0.01 0.01
0 1.078657 0.232369 0.01 0.01
0 1.091093 0.239105 0.01 0.01
0 1.101455 0.230297 0.01 0.01
0 1.109745 0.223561 0.01 0.01
0 1.109745 0.231851 0.01 0.01
0 1.114927 0.241178 0.01 0.01
0 1.105082 0.253095 0.01 0.01
0 1.081766 0.257758 0.01 0.01
0 1.073994 0.253095 0.01 0.01
0 1.084875 0.245841 0.01 0.01
0 1.095238 0.266566 0.01 0.01
0 1.069849 0.275893 0.01 0.01
0 1.055859 0.287292 0.01 0.01
0 1.065186 0.310090 0.01 0.01
0 1.052751 0.326152 0.01 0.01
0 1.076067 0.333924 0.01 0.01
0 1.065186 0.345841 0.01 0.01
0 1.094719 0.337551 0.01 0.01
0 1.118036 0.332888 0.01 0.01
0 1.122181 0.315789 0.01 0.01
0 1.104564 0.315271 0.01 0.01
0 1.103528 0.298173 0.01 0.01
0 1.118036 0.299727 0.01 0.01
0 1.112336 0.288846 0.01 0.01
0 1.128916 0.285219 0.01 0.01
0 1.130989 0.296618 0.01 0.01
0 1.153269 0.306981 0.01 0.01
0 1.136170 0.332888 0.01 0.01
0 1.154823 0.331851 0.01 0.01
0 1.154305 0.339105 0.01 0.01
0 1.173994 0.345323 0.01 0.01
0 1.165704 0.330815 0.01 0.01
0 1.178657 0.331333 0.01 0.01
0 1.187466 0.330815 0.01 0.01
0 1.202491 0.315271 0.01 0.01
0 1.177621 0.310090 0.01 0.01
0 1.149124 0.283147 0.01 0.01
0 1.156896 0.283147 0.01 0.01
0 1.171403 0.290401 0.01 0.01
0 1.162077 0.300245 0.01 0.01
0 1.180730 0.289364 0.01 0.01
0 1.194719 0.298691 0.01 0.01
0 1.215445 0.288846 0.01 0.01
0 1.221662 0.320452 0.01 0.01
0 1.220108 0.302836 0.01 0.01
0 1.232543 0.313198 0.01 0.01
0 1.205082 0.340660 0.01 0.01
0 1.184357 0.347395 0.01 0.01
0 1.195238 0.354649 0.01 0.01
0 1.229435 0.341178 0.01 0.01
0 1.251714 0.337033 0.01 0.01
0 1.248087 0.328224 0.01 0.01
0 1.267258 0.337551 0.01 0.01
0 1.262595 0.361385 0.01 0.01
0 1.276067 0.345323 0.01 0.01
0 1.291611 0.338587 0.01 0.01
0 1.319072 0.318898 0.01 0.01
0 1.300937 0.309053 0.01 0.01
0 1.083321 0.309053 0.01 0.01
0 1.186429 0.368639 0.01 0.01
0 1.119072 0.358794 0.01 0.01
0 1.129435 0.364494 0.01 0.01
0 1.126326 0.347913 0.01 0.01
0 1.253787 0.306463 0.01 0.01
0 1.269849 0.302836 0.01 0.01
0 1.278139 0.299727 0.01 0.01
0 1.286947 0.287810 0.01 0.01
0 1.295238 0.296618 0.01 0.01
0 1.313372 0.300763 0.01 0.01
0 1.324253 0.294027 0.01 0.01
0 1.337725 0.279002 0.01 0.01
0 1.341870 0.317862 0.01 0.01
0 1.371403 0.291437 0.01 0.01
0 1.371403 0.345323 0.01 0.01
0 1.366740 0.357758 0.01 0.01
0 1.357414 0.358794 0.01 0.01
0 1.346015 0.344805 0.01 0.01
0 1.351196 0.329779 0.01 0.01
0 1.366740 0.334960 0.01 0.01
0 1.382284 0.317344 0.01 0.01
0 1.379175 0.304390 0.01 0.01
0 1.354823 0.290401 0.01 0.01
0 1.258450 0.285737 0.01 0.01
0 1.243942 0.276929 0.01 0.01
0 1.117517 0.270193 0.01 0.01
0 1.129953 0.262939 0.01 0.01
0 1.119590 0.256204 0.01 0.01
0 1.124771 0.234442 0.01 0.01
0 1.136688 0.222007 0.01 0.01
0 1.134616 0.244287 0.01 0.01
0 1.139797 0.265530 0.01 0.01
0 1.139279 0.274338 0.01 0.01
0 1.150678 0.270193 0.01 0.01
0 1.149642 0.252577 0.01 0.01
0 1.156896 0.259831 0.01 0.01
0 1.148087 0.242732 0.01 0.01
0 1.149642 0.229779 0.01 0.01
0 1.173476 0.242214 0.01 0.01
0 1.173476 0.225634 0.01 0.01
0 1.181766 0.240141 0.01 0.01
0 1.176067 0.261903 0.01 0.01
0 1.170885 0.271230 0.01 0.01
0 1.178139 0.273302 0.01 0.01
0 1.185911 0.280556 0.01 0.01
0 1.200419 0.264494 0.01 0.01
0 1.185393 0.255686 0.01 0.01
0 1.194201 0.251022 0.01 0.01
0 1.211818 0.253613 0.01 0.01
0 1.206637 0.259831 0.01 0.01
0 1.214409 0.263976 0.01 0.01
0 1.220626 0.271748 0.01 0.01
0 1.227362 0.263458 0.01 0.01
0 1.246533 0.265530 0.01 0.01
0 1.234098 0.257240 0.01 0.01
0 1.238761 0.241178 0.01 0.01
0 1.221662 0.233924 0.01 0.01
0 1.213372 0.249986 0.01 0.01
0 1.258968 0.250504 0.01 0.01
0 1.255859 0.258794 0.01 0.01
0 1.271922 0.274338 0.01 0.01
0 1.281766 0.273302 0.01 0.01
0 1.298865 0.265530 0.01 0.01
0 1.283321 0.263976 0.01 0.01
0 1.286947 0.255167 0.01 0.01
0 1.325289 0.256204 0.01 0.01
0 1.295756 0.277965 0.01 0.01
0 1.352232 0.266566 0.01 0.01
0 1.365186 0.266566 0.01 0.01
0 1.377621 0.272784 0.01 0.01
0 1.265704 0.238069 0.01 0.01
0 1.255859 0.225116 0.01 0.01
0 1.249642 0.233924 0.01 0.01
0 1.237207 0.232888 0.01 0.01
0 1.221662 0.222007 0.01 0.01
0 1.215445 0.215271 0.01 0.01
0 1.182284 0.225634 0.01 0.01
0 1.181248 0.215271 0.01 0.01
0 1.340919 0.295064 0.01 0.01
0 1.391178 0.305426 0.01 0.01
0 1.394287 0.316825 0.01 0.01
0 1.422266 0.320970 0.01 0.01
0 1.406204 0.346877 0.01 0.01
0 1.487033 0.322007 0.01 0.01
0 1.497395 0.320452 0.01 0.01
0 1.495841 0.309572 0.01 0.01
0 1.519675 0.320452 0.01 0.01
0 1.555426 0.311126 0.01 0.01
0 1.570970 0.311126 0.01 0.01
0 1.587033 0.307499 0.01 0.01
0 1.582888 0.299209 0.01 0.01
0 1.570452 0.295582 0.01 0.01
0 1.443509 0.309053 0.01 0.01
0 1.419157 0.308017 0.01 0.01
0 1.411903 0.295064 0.01 0.01
0 1.404649 0.290919 0.01 0.01
0 1.390660 0.280038 0.01 0.01
0 1.414494 0.276411 0.01 0.01
0 1.399468 0.272266 0.01 0.01
0 1.434183 0.295582 0.01 0.01
0 1.455945 0.290919 0.01 0.01
0 1.469416 0.298173 0.01 0.01
0 1.461126 0.305426 0.01 0.01
0 1.467344 0.314235 0.01 0.01
0 1.448691 0.318898 0.01 0.01
0 1.480297 0.293509 0.01 0.01
0 1.475634 0.281592 0.01 0.01
0 1.462680 0.285737 0.01 0.01
0 1.502577 0.295064 0.01 0.01
0 1.503613 0.281592 0.01 0.01
0 1.492214 0.297654 0.01 0.01
0 1.496877 0.280556 0.01 0.01
0 1.524856 0.281074 0.01 0.01
0 1.513976 0.294027 0.01 0.01
0 1.532629 0.302836 0.01 0.01
0 1.540401 0.287810 0.01 0.01
0 1.560090 0.284701 0.01 0.01
0 1.385996 0.264494 0.01 0.01
0 1.314494 0.260349 0.01 0.01
0 1.307758 0.252577 0.01 0.01
0 1.334183 0.257758 0.01 0.01
0 1.332629 0.240141 0.01 0.01
0 1.348173 0.254649 0.01 0.01
0 1.358017 0.245841 0.01 0.01
0 1.354908 0.233924 0.01 0.01
0 1.383924 0.249468 0.01 0.01
0 1.404131 0.252577 0.01 0.01
0 1.399986 0.241696 0.01 0.01
0 1.387033 0.239623 0.01 0.01
0 1.418121 0.262939 0.01 0.01
0 1.427447 0.266048 0.01 0.01
0 1.436255 0.275375 0.01 0.01
0 1.451281 0.270711 0.01 0.01
0 1.469416 0.267603 0.01 0.01
0 1.484960 0.260349 0.01 0.01
0 1.499986 0.266566 0.01 0.01
0 1.498950 0.252577 0.01 0.01
0 1.518121 0.263458 0.01 0.01
0 1.537292 0.265012 0.01 0.01
0 1.544027 0.260349 0.01 0.01
0 1.551800 0.280038 0.01 0.01
0 1.581333 0.281592 0.01 0.01
0 1.564753 0.269675 0.01 0.01
0 1.584442 0.269675 0.01 0.01
0 1.584442 0.259831 0.01 0.01
0 1.592732 0.273302 0.01 0.01
0 1.559572 0.252059 0.01 0.01
0 1.548173 0.248432 0.01 0.01
0 1.539882 0.249468 0.01 0.01
0 1.519157 0.255686 0.01 0.01
0 1.514494 0.245841 0.01 0.01
0 1.501540 0.243768 0.01 0.01
0 1.495841 0.232888 0.01 0.01
0 1.509831 0.237033 0.01 0.01
0 1.522784 0.233406 0.01 0.01
0 1.531592 0.223043 0.01 0.01
0 1.535737 0.237551 0.01 0.01
0 1.554390 0.221489 0.01 0.01
0 1.558535 0.235996 0.01 0.01
0 1.541955 0.227188 0.01 0.01
0 1.569934 0.224079 0.01 0.01
0 1.566307 0.216307 0.01 0.01
0 1.583924 0.225116 0.01 0.01
0 1.572007 0.244805 0.01 0.01
0 1.588069 0.237033 0.01 0.01
0 1.596359 0.243768 0.01 0.01
0 1.589105 0.214753 0.01 0.01
0 1.582888 0.201281 0.01 0.01
0 1.593250 0.199727 0.01 0.01
0 1.567344 0.206463 0.01 0.01
0 1.556463 0.211126 0.01 0.01
0 1.537292 0.214235 0.01 0.01
0 1.514494 0.213198 0.01 0.01
0 1.508794 0.193509 0.01 0.01
0 1.501540 0.198691 0.01 0.01
0 1.522266 0.194546 0.01 0.01
0 1.487551 0.226670 0.01 0.01
0 1.469416 0.245323 0.01 0.01
0 1.463198 0.255167 0.01 0.01
0 1.449727 0.256204 0.01 0.01
0 1.433147 0.244805 0.01 0.01
0 1.455426 0.241696 0.01 0.01
0 1.443509 0.239623 0.01 0.01
0 1.435219 0.233406 0.01 0.01
0 1.447654 0.230815 0.01 0.01
0 1.441437 0.223561 0.01 0.01
0 1.454908 0.220452 0.01 0.01
0 1.447136 0.214753 0.01 0.01
0 1.466825 0.223561 0.01 0.01
0 1.462680 0.213717 0.01 0.01
0 1.472525 0.209053 0.01 0.01
0 1.490141 0.216825 0.01 0.01
0 1.389623 0.226152 0.01 0.01
0 1.387551 0.209053 0.01 0.01
0 1.397395 0.213717 0.01 0.01
0 1.427965 0.196100 0.01 0.01
0 1.437810 0.198691 0.01 0.01
0 1.417084 0.219416 0.01 0.01
0 1.420711 0.225634 0.01 0.01
0 1.362680 0.226152 0.01 0.01
0 1.362680 0.214235 0.01 0.01
0 1.352836 0.219934 0.01 0.01
0 1.374079 0.218380 0.01 0.01
0 1.377188 0.233924 0.01 0.01
0 1.372525 0.242214 0.01 0.01
0 1.374079 0.256722 0.01 0.01
0 1.342991 0.266048 0.01 0.01
0 1.320711 0.272266 0.01 0.01
0 1.358017 0.276929 0.01 0.01
0 1.252836 0.292991 0.01 0.01
0 0.011903 0.114494 0.01 0.01
0 0.003613 0.085478 0.01 0.01
0 0.047654 0.085996 0.01 0.01
0 0.055945 0.102059 0.01 0.01
0 0.066307 0.104131 0.01 0.01
0 0.059053 0.121230 0.01 0.01
0 0.037292 0.123820 0.01 0.01
0 0.042473 0.102059 0.01 0.01
0 0.048173 0.104131 0.01 0.01
0 0.090141 0.094805 0.01 0.01
0 0.078224 0.107758 0.01 0.01
0 0.036774 0.142473 0.01 0.01
0 0.030038 0.151281 0.01 0.01
0 0.068898 0.136774 0.01 0.01
0 0.046100 0.134183 0.01 0.01
0 0.046618 0.123302 0.01 0.01
0 0.085478 0.129520 0.01 0.01
0 0.074079 0.155945 0.01 0.01
0 0.103613 0.117603 0.01 0.01
0 0.094287 0.109831 0.01 0.01
0 0.089623 0.109312 0.01 0.01
0 0.105686 0.096877 0.01 0.01
0 0.113458 0.110349 0.01 0.01
0 0.123302 0.117603 0.01 0.01
0 0.134701 0.107240 0.01 0.01
0 0.129002 0.089623 0.01 0.01
0 0.140919 0.102577 0.01 0.01
0 0.156463 0.127447 0.01 0.01
0 0.168898 0.119675 0.01 0.01
0 0.165789 0.083406 0.01 0.01
0 0.170970 0.085996 0.01 0.01
0 0.192214 0.078224 0.01 0.01
0 0.188587 0.098432 0.01 0.01
0 0.191696 0.109831 0.01 0.01
0 0.205686 0.118121 0.01 0.01
0 0.203095 0.098950 0.01 0.01
0 0.209831 0.090141 0.01 0.01
0 0.216566 0.091178 0.01 0.01
0 0.230038 0.114494 0.01 0.01
0 0.210349 0.149209 0.01 0.01
0 0.222784 0.151800 0.01 0.01
0 0.244027 0.149209 0.01 0.01
0 0.254390 0.154390 0.01 0.01
0 0.247654 0.112939 0.01 0.01
0 0.244546 0.096877 0.01 0.01
0 0.266825 0.096359 0.01 0.01
0 0.274079 0.104131 0.01 0.01
0 0.273561 0.126411 0.01 0.01
0 0.280815 0.173561 0.01 0.01
0 0.292214 0.141955 0.01 0.01
0 0.291696 0.123820 0.01 0.01
0 0.300504 0.130556 0.01 0.01
0 0.335737 0.136774 0.01 0.01
0 0.327965 0.118121 0.01 0.01
0 0.317084 0.094287 0.01 0.01
0 0.331592 0.098950 0.01 0.01
0 0.327447 0.082888 0.01 0.01
0 0.341437 0.092214 0.01 0.01
0 0.364235 0.135737 0.01 0.01
0 0.361126 0.118639 0.01 0.01
0 0.378224 0.092732 0.01 0.01
0 0.364753 0.096877 0.01 0.01
0 0.389105 0.104649 0.01 0.01
0 0.396877 0.117084 0.01 0.01
0 0.392732 0.093250 0.01 0.01
0 0.387551 0.171489 0.01 0.01
0 0.023820 0.178224 0.01 0.01
0 0.413382 0.109312 0.01 0.01
0 0.429444 0.096359 0.01 0.01
0 0.439806 0.097913 0.01 0.01
0 0.452242 0.097395 0.01 0.01
0 0.443433 0.118639 0.01 0.01
0 0.413382 0.154908 0.01 0.01
0 0.406128 0.160090 0.01 0.01
0 0.405091 0.177188 0.01 0.01
0 0.467786 0.174079 0.01 0.01
0 0.458459 0.184960 0.01 0.01
0 0.487475 0.180815 0.01 0.01
0 0.467268 0.123302 0.01 0.01
0 0.460014 0.132110 0.01 0.01
0 0.490584 0.098432 0.01 0.01
0 0.495247 0.100504 0.01 0.01
0 0.505610 0.073043 0.01 0.01
0 0.509236 0.095841 0.01 0.01
0 0.500946 0.105167 0.01 0.01
0 0.509755 0.105686 0.01 0.01
0 0.515972 0.113976 0.01 0.01
0 0.524781 0.095323 0.01 0.01
0 0.523744 0.087033 0.01 0.01
0 0.533589 0.101540 0.01 0.01
0 0.542397 0.098432 0.01 0.01
0 0.549133 0.097395 0.01 0.01
0 0.563122 0.101540 0.01 0.01
0 0.569340 0.091696 0.01 0.01
0 0.567268 0.102577 0.01 0.01
0 0.571413 0.120193 0.01 0.01
0 0.567268 0.138328 0.01 0.01
0 0.577112 0.141437 0.01 0.01
0 0.529962 0.158535 0.01 0.01
0 0.529444 0.175116 0.01 0.01
0 0.542915 0.178224 0.01 0.01
0 0.547578 0.158017 0.01 0.01
0 0.560014 0.178743 0.01 0.01
0 0.585920 0.179261 0.01 0.01
0 0.594729 0.172007 0.01 0.01
0 0.595247 0.151281 0.01 0.01
0 0.607164 0.179261 0.01 0.01
0 0.626853 0.150245 0.01 0.01
0 0.630998 0.166825 0.01 0.01
0 0.640325 0.175634 0.01 0.01
0 0.649651 0.165789 0.01 0.01
0 0.657423 0.172007 0.01 0.01
0 0.640325 0.192214 0.01 0.01
0 0.666231 0.193768 0.01 0.01
0 0.679185 0.177706 0.01 0.01
0 0.585920 0.095323 0.01 0.01
0 0.594729 0.106204 0.01 0.01
0 0.587475 0.088587 0.01 0.01
0 0.607164 0.097913 0.01 0.01
0 0.615454 0.102577 0.01 0.01
0 0.610273 0.092732 0.01 0.01
0 0.592656 0.097913 0.01 0.01
0 0.622190 0.096877 0.01 0.01
0 0.625817 0.091696 0.01 0.01
0 0.632553 0.102577 0.01 0.01
0 0.648615 0.111385 0.01 0.01
0 0.648097 0.090660 0.01 0.01
0 0.642397 0.087551 0.01 0.01
0 0.656905 0.095841 0.01 0.01
0 0.662086 0.101540 0.01 0.01
0 0.667786 0.090141 0.01 0.01
0 0.670376 0.106204 0.01 0.01
0 0.679703 0.098950 0.01 0.01
0 0.681257 0.090141 0.01 0.01
0 0.686439 0.105686 0.01 0.01
0 0.693174 0.097913 0.01 0.01
0 0.694211 0.112421 0.01 0.01
0 0.349133 0.094805 0.01 0.01
0 0.700168 0.090141 0.01 0.01
0 0.712603 0.094287 0.01 0.01
0 0.711567 0.115530 0.01 0.01
0 0.705349 0.098950 0.01 0.01
0 0.717266 0.140401 0.01 0.01
0 0.708458 0.175116 0.01 0.01
0 0.736956 0.154908 0.01 0.01
0 0.703277 0.152318 0.01 0.01
0 0.680479 0.142991 0.01 0.01
0 0.666489 0.135737 0.01 0.01
0 0.753018 0.158017 0.01 0.01
0 0.767525 0.156981 0.01 0.01
0 0.747836 0.197913 0.01 0.01
0 0.786696 0.168380 0.01 0.01
0 0.779961 0.158535 0.01 0.01
0 0.790842 0.143509 0.01 0.01
0 0.805349 0.170452 0.01 0.01
0 0.824520 0.159053 0.01 0.01
0 0.731256 0.126411 0.01 0.01
0 0.725557 0.116566 0.01 0.01
0 0.734883 0.111385 0.01 0.01
0 0.724520 0.097913 0.01 0.01
0 0.730220 0.089105 0.01 0.01
0 0.764417 0.083924 0.01 0.01
0 0.752500 0.088587 0.01 0.01
0 0.779443 0.075634 0.01 0.01
0 0.763380 0.099986 0.01 0.01
0 0.747836 0.099468 0.01 0.01
0 0.746282 0.122266 0.01 0.01
0 0.758199 0.123820 0.01 0.01
0 0.768562 0.107758 0.01 0.01
0 0.774261 0.121748 0.01 0.01
0 0.782033 0.109312 0.01 0.01
0 0.785660 0.117603 0.01 0.01
0 0.786696 0.095323 0.01 0.01
0 0.794987 0.094805 0.01 0.01
0 0.804313 0.094805 0.01 0.01
0 0.797059 0.107240 0.01 0.01
0 0.808458 0.119157 0.01 0.01
0 0.808976 0.111903 0.01 0.01
0 0.818303 0.105686 0.01 0.01
0 0.814676 0.096359 0.01 0.01
0 0.812085 0.093250 0.01 0.01
0 0.825038 0.126929 0.01 0.01
0 0.824002 0.104649 0.01 0.01
0 0.828147 0.095323 0.01 0.01
0 0.836956 0.108276 0.01 0.01
0 0.845764 0.095841 0.01 0.01
0 0.842137 0.126929 0.01 0.01
0 0.834365 0.119157 0.01 0.01
0 0.826075 0.118639 0.01 0.01
0 0.846800 0.149727 0.01 0.01
0 0.853018 0.161644 0.01 0.01
0 0.863899 0.116566 0.01 0.01
0 0.853018 0.118639 0.01 0.01
0 0.849391 0.102059 0.01 0.01
0 0.857681 0.096359 0.01 0.01
0 0.874261 0.097395 0.01 0.01
0 0.867525 0.106204 0.01 0.01
0 0.883588 0.107240 0.01 0.01
0 0.885142 0.091696 0.01 0.01
0 0.890323 0.102577 0.01 0.01
0 0.880997 0.135219 0.01 0.01
0 0.889805 0.139364 0.01 0.01
0 0.870634 0.154390 0.01 0.01
0 0.902759 0.149727 0.01 0.01
0 0.898095 0.120711 0.01 0.01
0 0.887215 0.114494 0.01 0.01
0 0.904831 0.113976 0.01 0.01
0 0.901204 0.105167 0.01 0.01
0 0.898614 0.095323 0.01 0.01
0 0.915712 0.077188 0.01 0.01
0 0.916748 0.118639 0.01 0.01
0 0.917785 0.110349 0.01 0.01
0 0.933329 0.104649 0.01 0.01
0 0.935919 0.115012 0.01 0.01
0 0.940582 0.135737 0.01 0.01
0 0.951463 0.135219 0.01 0.01
0 0.904831 0.176670 0.01 0.01
0 0.935401 0.195841 0.01 0.01
0 0.925038 0.148691 0.01 0.01
0 0.936956 0.148173 0.01 0.01
0 0.950427 0.124338 0.01 0.01
0 0.944209 0.111903 0.01 0.01
0 0.960272 0.110349 0.01 0.01
0 0.955608 0.105167 0.01 0.01
0 0.954572 0.096359 0.01 0.01
0 0.969080 0.091696 0.01 0.01
0 0.978406 0.098432 0.01 0.01
0 0.980997 0.114494 0.01 0.01
0 0.970634 0.131074 0.01 0.01
0 0.978924 0.125893 0.01 0.01
0 0.957163 0.152318 0.01 0.01
0 0.974779 0.160090 0.01 0.01
0 0.979961 0.140401 0.01 0.01
0 0.996023 0.142991 0.01 0.01
0 0.993950 0.158017 0.01 0.01
0 0.994466 0.108794 0.01 0.01
0 0.989803 0.093768 0.01 0.01
0 1.012601 0.173561 0.01 0.01
0 0.982549 0.193768 0.01 0.01
0 0.953015 0.190141 0.01 0.01
0 0.974259 0.186515 0.01 0.01
0 1.028145 0.175116 0.01 0.01
0 1.040062 0.152836 0.01 0.01
0 1.045762 0.159572 0.01 0.01
0 1.017782 0.144027 0.01 0.01
0 1.011046 0.132110 0.01 0.01
0 1.018300 0.133665 0.01 0.01
0 1.002238 0.127965 0.01 0.01
0 0.992912 0.122784 0.01 0.01
0 1.003793 0.102577 0.01 0.01
0 1.004829 0.114494 0.01 0.01
0 1.012083 0.112421 0.01 0.01
0 1.024518 0.112421 0.01 0.01
0 1.028663 0.102577 0.01 0.01
0 1.024518 0.094805 0.01 0.01
0 1.000166 0.093768 0.01 0.01
0 1.034881 0.091696 0.01 0.01
0 1.036435 0.101540 0.01 0.01
0 1.039026 0.109312 0.01 0.01
0 1.051979 0.102577 0.01 0.01
0 1.047316 0.098432 0.01 0.01
0 1.065451 0.082888 0.01 0.01
0 1.069078 0.093768 0.01 0.01
0 1.058715 0.091178 0.01 0.01
0 1.082549 0.083406 0.01 0.01
0 1.080477 0.092732 0.01 0.01
0 1.064414 0.098432 0.01 0.01
0 1.069078 0.111903 0.01 0.01
0 1.060787 0.125375 0.01 0.01
0 1.050425 0.122784 0.01 0.01
0 1.039026 0.123302 0.01 0.01
0 1.059233 0.167344 0.01 0.01
0 1.059233 0.154908 0.01 0.01
0 1.062342 0.135737 0.01 0.01
0 1.079958 0.129520 0.01 0.01
0 1.073741 0.151800 0.01 0.01
0 1.086176 0.166825 0.01 0.01
0 1.072705 0.201540 0.01 0.01
0 1.040062 0.196359 0.01 0.01
0 1.025554 0.196359 0.01 0.01
0 1.101720 0.145582 0.01 0.01
0 1.085140 0.118639 0.01 0.01
0 1.090321 0.104649 0.01 0.01
0 1.103274 0.104649 0.01 0.01
0 1.123482 0.079779 0.01 0.01
0 1.126072 0.096877 0.01 0.01
0 1.110528 0.107758 0.01 0.01
0 1.116228 0.130556 0.01 0.01
0 1.135917 0.132110 0.01 0.01
0 1.135917 0.119157 0.01 0.01
0 1.129699 0.112939 0.01 0.01
0 1.140062 0.099986 0.01 0.01
0 1.135917 0.090141 0.01 0.01
0 1.150425 0.125375 0.01 0.01
0 1.148870 0.113976 0.01 0.01
0 1.153015 0.108276 0.01 0.01
0 1.141098 0.107758 0.01 0.01
0 1.151461 0.096359 0.01 0.01
0 1.161306 0.094805 0.01 0.01
0 1.160787 0.105167 0.01 0.01
0 1.170114 0.105167 0.01 0.01
0 1.175813 0.103613 0.01 0.01
0 1.179958 0.089623 0.01 0.01
0 1.190839 0.094287 0.01 0.01
0 1.203274 0.082369 0.01 0.01
0 1.191357 0.115530 0.01 0.01
0 1.188767 0.104649 0.01 0.01
0 1.171150 0.131592 0.01 0.01
0 1.159751 0.121748 0.01 0.01
0 1.169596 0.149727 0.01 0.01
0 1.159233 0.160608 0.01 0.01
0 1.163378 0.170970 0.01 0.01
0 1.135399 0.184442 0.01 0.01
0 1.095502 0.188587 0.01 0.01
0 1.086694 0.197395 0.01 0.01
0 1.113119 0.206204 0.01 0.01
0 1.106383 0.210867 0.01 0.01
0 1.136953 0.203095 0.01 0.01
0 1.155606 0.203095 0.01 0.01
0 1.184622 0.178743 0.01 0.01
0 1.183067 0.163717 0.01 0.01
0 1.191357 0.129002 0.01 0.01
0 1.203793 0.106204 0.01 0.01
0 1.211565 0.104131 0.01 0.01
0 1.217782 0.093768 0.01 0.01
0 1.213637 0.087551 0.01 0.01
0 1.214673 0.082369 0.01 0.01
0 1.202756 0.096877 0.01 0.01
0 1.208974 0.119157 0.01 0.01
0 1.213119 0.142473 0.01 0.01
0 1.224000 0.132110 0.01 0.01
0 1.226072 0.122266 0.01 0.01
0 1.225036 0.111903 0.01 0.01
0 1.249907 0.124338 0.01 0.01
0 1.236953 0.136255 0.01 0.01
0 1.237989 0.108794 0.01 0.01
0 1.230217 0.097395 0.01 0.01
0 1.241616 0.099468 0.01 0.01
0 1.254052 0.097395 0.01 0.01
0 1.246798 0.091178 0.01 0.01
0 1.239026 0.091696 0.01 0.01
0 1.259751 0.103095 0.01 0.01
0 1.266487 0.103613 0.01 0.01
0 1.268041 0.114494 0.01 0.01
0 1.259233 0.124856 0.01 0.01
0 1.278404 0.080815 0.01 0.01
0 1.265969 0.088587 0.01 0.01
0 1.292912 0.097913 0.01 0.01
0 1.279440 0.103095 0.01 0.01
0 1.286176 0.110867 0.01 0.01
0 1.283067 0.129002 0.01 0.01
0 1.293430 0.119675 0.01 0.01
0 1.308974 0.127965 0.01 0.01
0 1.308456 0.116566 0.01 0.01
0 1.301720 0.105167 0.01 0.01
0 1.308974 0.094287 0.01 0.01
0 1.314673 0.109831 0.01 0.01
0 1.321409 0.108276 0.01 0.01
0 1.331254 0.098950 0.01 0.01
0 1.312601 0.103095 0.01 0.01
0 1.321927 0.131074 0.01 0.01
0 1.300684 0.138328 0.01 0.01
0 1.280477 0.166307 0.01 0.01
0 1.269596 0.166307 0.01 0.01
0 1.217782 0.188587 0.01 0.01
0 1.210010 0.183924 0.01 0.01
0 1.204311 0.173043 0.01 0.01
0 1.238508 0.188587 0.01 0.01
0 1.229699 0.180297 0.01 0.01
0 1.289803 0.188587 0.01 0.01
0 1.308974 0.176152 0.01 0.01
0 1.306383 0.166825 0.01 0.01
0 1.339026 0.132110 0.01 0.01
0 1.277886 0.212939 0.01 0.01
0 1.267523 0.220711 0.01 0.01
0 1.267005 0.227965 0.01 0.01
0 1.247316 0.213976 0.01 0.01
0 1.248870 0.223820 0.01 0.01
0 1.237989 0.220193 0.01 0.01
0 1.237989 0.210867 0.01 0.01
0 1.024518 0.214494 0.01 0.01
0 1.043689 0.215530 0.01 0.01
0 1.059751 0.228483 0.01 0.01
0 1.074777 0.220193 0.01 0.01
0 1.050425 0.216566 0.01 0.01
0 1.144725 0.209312 0.01 0.01
0 1.169596 0.211385 0.01 0.01
0 1.161306 0.223820 0.01 0.01
0 1.198093 0.208794 0.01 0.01
0 1.186694 0.210867 0.01 0.01
0 1.207938 0.211385 0.01 0.01
0 1.186694 0.231074 0.01 0.01
0 1.194984 0.236774 0.01 0.01
0 1.293430 0.224338 0.01 0.01
0 1.301202 0.225375 0.01 0.01
0 1.308456 0.234183 0.01 0.01
0 1.287212 0.238846 0.01 0.01
0 1.275813 0.237810 0.01 0.01
0 1.269078 0.208794 0.01 0.01
0 1.256642 0.216566 0.01 0.01
0 1.308974 0.220711 0.01 0.01
0 1.302756 0.216566 0.01 0.01
0 1.314155 0.229520 0.01 0.01
0 1.330217 0.236255 0.01 0.01
0 1.317264 0.249209 0.01 0.01
0 1.317603 0.117603 0.01 0.01
0 1.345064 0.105686 0.01 0.01
0 1.355945 0.075634 0.01 0.01
0 1.359572 0.110867 0.01 0.01
0 1.356463 0.131592 0.01 0.01
0 1.352836 0.156463 0.01 0.01
0 1.332110 0.166825 0.01 0.01
0 1.369934 0.130038 0.01 0.01
0 1.380297 0.115530 0.01 0.01
0 1.400504 0.146618 0.01 0.01
0 1.398432 0.127965 0.01 0.01
0 1.392214 0.108794 0.01 0.01
0 1.390660 0.097913 0.01 0.01
0 1.375116 0.100504 0.01 0.01
0 1.399468 0.092214 0.01 0.01
0 1.416048 0.091178 0.01 0.01
0 1.414494 0.104649 0.01 0.01
0 1.419675 0.122784 0.01 0.01
0 1.407240 0.110867 0.01 0.01
0 1.427965 0.109312 0.01 0.01
0 1.430556 0.089623 0.01 0.01
0 1.438846 0.121748 0.01 0.01
0 1.438328 0.105686 0.01 0.01
0 1.447136 0.098950 0.01 0.01
0 1.445064 0.091178 0.01 0.01
0 1.453872 0.122784 0.01 0.01
0 1.457499 0.103095 0.01 0.01
0 1.459053 0.093250 0.01 0.01
0 1.469416 0.101540 0.01 0.01
0 1.469416 0.091178 0.01 0.01
0 1.466825 0.123302 0.01 0.01
0 1.465789 0.108276 0.01 0.01
0 1.436774 0.150245 0.01 0.01
0 1.429520 0.136774 0.01 0.01
0 1.478224 0.150763 0.01 0.01
0 1.475116 0.131074 0.01 0.01
0 1.483406 0.116566 0.01 0.01
0 1.467344 0.115530 0.01 0.01
0 1.477188 0.106204 0.01 0.01
0 1.479779 0.096877 0.01 0.01
0 1.489623 0.109831 0.01 0.01
0 1.491696 0.102059 0.01 0.01
0 1.497913 0.095323 0.01 0.01
0 1.503613 0.092732 0.01 0.01
0 1.508794 0.107758 0.01 0.01
0 1.516566 0.115530 0.01 0.01
0 1.521748 0.092732 0.01 0.01
0 1.529520 0.101540 0.01 0.01
0 1.533147 0.078743 0.01 0.01
0 1.549209 0.090660 0.01 0.01
0 1.537810 0.097395 0.01 0.01
0 1.524856 0.130556 0.01 0.01
0 1.510349 0.136255 0.01 0.01
0 1.535219 0.121230 0.01 0.01
0 1.546618 0.118121 0.01 0.01
0 1.550245 0.108794 0.01 0.01
0 1.559572 0.096359 0.01 0.01
0 1.561644 0.090141 0.01 0.01
0 1.573043 0.116048 0.01 0.01
0 1.565789 0.110867 0.01 0.01
0 1.546100 0.146618 0.01 0.01
0 1.543509 0.189105 0.01 0.01
0 1.583406 0.173561 0.01 0.01
0 1.591696 0.121748 0.01 0.01
0 1.583406 0.136774 0.01 0.01
0 1.572525 0.130038 0.01 0.01
0 1.580815 0.117084 0.01 0.01
0 1.588587 0.106204 0.01 0.01
0 1.580815 0.097395 0.01 0.01
0 1.324338 0.089623 0.01 0.01
