0 0.028415 0.051904 0.01 0.01
0 0.105790 0.018743 0.01 0.01
0 0.086446 0.079538 0.01 0.01
0 0.017362 0.093355 0.01 0.01
0 0.053286 0.201127 0.01 0.01
0 0.061576 0.272975 0.01 0.01
0 0.047759 0.300609 0.01 0.01
0 0.020125 0.331006 0.01 0.01
0 0.003545 0.250868 0.01 0.01
0 0.053286 0.361403 0.01 0.01
0 0.022888 0.372457 0.01 0.01
0 0.036705 0.463648 0.01 0.01
0 0.100263 0.447068 0.01 0.01
0 0.105790 0.380747 0.01 0.01
0 0.150004 0.375220 0.01 0.01
0 0.138951 0.328242 0.01 0.01
0 0.094736 0.314425 0.01 0.01
0 0.100263 0.259158 0.01 0.01
0 0.224615 0.259158 0.01 0.01
0 0.199745 0.275738 0.01 0.01
0 0.199745 0.248104 0.01 0.01
0 0.169348 0.256394 0.01 0.01
0 0.133424 0.225997 0.01 0.01
0 0.097500 0.148622 0.01 0.01
0 0.047759 0.148622 0.01 0.01
0 0.246723 0.107172 0.01 0.01
0 0.266066 0.051904 0.01 0.01
0 0.196982 0.057431 0.01 0.01
0 0.166584 0.062957 0.01 0.01
0 0.213562 0.118225 0.01 0.01
0 0.241196 0.156913 0.01 0.01
0 0.304754 0.165203 0.01 0.01
0 0.373838 0.104408 0.01 0.01
0 0.360021 0.134805 0.01 0.01
0 0.351731 0.195600 0.01 0.01
0 0.390419 0.192837 0.01 0.01
0 0.310280 0.192837 0.01 0.01
0 0.310280 0.209417 0.01 0.01
0 0.310280 0.234287 0.01 0.01
0 0.293700 0.261921 0.01 0.01
0 0.249486 0.295082 0.01 0.01
0 0.246723 0.342059 0.01 0.01
0 0.268830 0.402854 0.01 0.01
0 0.241196 0.430488 0.01 0.01
0 0.205272 0.436014 0.01 0.01
0 0.219089 0.480229 0.01 0.01
0 0.208035 0.518916 0.01 0.01
0 0.152767 0.485755 0.01 0.01
0 0.069866 0.527206 0.01 0.01
0 0.033942 0.516153 0.01 0.01
0 0.050522 0.574184 0.01 0.01
0 0.100263 0.560367 0.01 0.01
0 0.133424 0.552077 0.01 0.01
0 0.172111 0.557603 0.01 0.01
0 0.194218 0.612871 0.01 0.01
0 0.166584 0.640505 0.01 0.01
0 0.125134 0.640505 0.01 0.01
0 0.053286 0.693009 0.01 0.01
0 0.089210 0.693009 0.01 0.01
0 0.243959 0.659849 0.01 0.01
0 0.260539 0.632215 0.01 0.01
0 0.293700 0.585237 0.01 0.01
0 0.315807 0.601818 0.01 0.01
0 0.293700 0.549313 0.01 0.01
0 0.260539 0.535496 0.01 0.01
0 0.296463 0.494045 0.01 0.01
0 0.268830 0.471938 0.01 0.01
0 0.346204 0.552077 0.01 0.01
0 0.343441 0.488519 0.01 0.01
0 0.384892 0.452595 0.01 0.01
0 0.395945 0.491282 0.01 0.01
0 0.431869 0.482992 0.01 0.01
0 0.404235 0.529970 0.01 0.01
0 0.371075 0.571420 0.01 0.01
0 0.453976 0.582474 0.01 0.01
0 0.406999 0.601818 0.01 0.01
0 0.440159 0.612871 0.01 0.01
0 0.354495 0.646032 0.01 0.01
0 0.321334 0.648795 0.01 0.01
0 0.263303 0.695773 0.01 0.01
0 0.243959 0.720643 0.01 0.01
0 0.163821 0.742750 0.01 0.01
0 0.119607 0.762094 0.01 0.01
0 0.086446 0.811835 0.01 0.01
0 0.105790 0.856049 0.01 0.01
0 0.064339 0.867102 0.01 0.01
0 0.155531 0.911317 0.01 0.01
0 0.174875 0.875393 0.01 0.01
0 0.257776 0.847759 0.01 0.01
0 0.337914 0.872629 0.01 0.01
0 0.321334 0.792491 0.01 0.01
0 0.313044 0.715116 0.01 0.01
0 0.379365 0.798018 0.01 0.01
0 0.371075 0.709590 0.01 0.01
0 0.409762 0.679192 0.01 0.01
0 0.451213 0.717880 0.01 0.01
0 0.122370 1.486101 0.01 0.01
0 0.196982 1.527552 0.01 0.01
0 0.103027 1.419780 0.01 0.01
0 0.044995 1.441887 0.01 0.01
0 0.288173 1.414253 0.01 0.01
0 0.205272 1.408726 0.01 0.01
0 0.324097 1.378329 0.01 0.01
0 0.365548 1.342405 0.01 0.01
0 0.387655 1.408726 0.01 0.01
0 0.418052 1.289900 0.01 0.01
0 0.473320 1.339641 0.01 0.01
0 0.301990 1.295427 0.01 0.01
0 0.230142 1.317534 0.01 0.01
0 0.158294 1.284374 0.01 0.01
0 0.125134 1.251213 0.01 0.01
0 0.111317 1.190419 0.01 0.01
0 0.036705 1.151731 0.01 0.01
0 0.036705 1.101990 0.01 0.01
0 0.152767 1.132387 0.01 0.01
0 0.227379 1.137914 0.01 0.01
0 0.263303 1.137914 0.01 0.01
0 0.293700 1.171075 0.01 0.01
0 0.332387 1.101990 0.01 0.01
0 0.420816 1.071593 0.01 0.01
0 0.442923 1.229106 0.01 0.01
0 0.445686 1.129624 0.01 0.01
0 0.528588 1.088173 0.01 0.01
0 0.586619 1.223579 0.01 0.01
0 0.506481 1.262267 0.01 0.01
0 0.603199 1.289900 0.01 0.01
0 0.603199 1.358985 0.01 0.01
0 0.669520 1.524788 0.01 0.01
0 0.581092 1.563476 0.01 0.01
0 0.503717 1.563476 0.01 0.01
0 0.675047 1.430833 0.01 0.01
0 0.716498 1.414253 0.01 0.01
0 0.738605 1.447413 0.01 0.01
0 0.697154 1.339641 0.01 0.01
0 0.713735 1.314771 0.01 0.01
0 0.619780 1.187655 0.01 0.01
0 0.605963 1.090937 0.01 0.01
0 0.597672 1.057776 0.01 0.01
0 0.561748 1.052249 0.01 0.01
0 0.531351 1.010799 0.01 0.01
0 0.498191 0.972111 0.01 0.01
0 0.478847 0.891973 0.01 0.01
0 0.451213 0.831178 0.01 0.01
0 0.492664 0.803545 0.01 0.01
0 0.500954 0.720643 0.01 0.01
0 0.509244 0.687482 0.01 0.01
0 0.503717 0.621161 0.01 0.01
0 0.495427 0.588001 0.01 0.01
0 0.467793 0.552077 0.01 0.01
0 0.509244 0.505099 0.01 0.01
0 0.506481 0.469175 0.01 0.01
0 0.536878 0.469175 0.01 0.01
0 0.561748 0.419434 0.01 0.01
0 0.506481 0.411144 0.01 0.01
0 0.431869 0.391800 0.01 0.01
0 0.412526 0.353113 0.01 0.01
0 0.376602 0.353113 0.01 0.01
0 1.520643 1.452940 0.01 0.01
0 1.451558 1.455704 0.01 0.01
0 1.349313 1.444650 0.01 0.01
0 1.227724 1.461230 0.01 0.01
0 1.255358 1.425306 0.01 0.01
0 1.144823 1.491628 0.01 0.01
0 1.003890 1.486101 0.01 0.01
0 0.832560 1.571766 0.01 0.01
0 0.937569 1.574529 0.01 0.01
0 1.095082 1.571766 0.01 0.01
0 0.840850 1.463994 0.01 0.01
0 0.838087 1.411489 0.01 0.01
0 0.796636 1.403199 0.01 0.01
0 0.763476 1.353458 0.01 0.01
0 0.912698 1.317534 0.01 0.01
0 0.951386 1.323061 0.01 0.01
0 0.995600 1.328588 0.01 0.01
0 0.965203 1.248450 0.01 0.01
0 0.851904 1.195945 0.01 0.01
0 0.724788 1.209762 0.01 0.01
0 0.771766 1.146204 0.01 0.01
0 0.694391 1.082647 0.01 0.01
0 0.782819 1.060539 0.01 0.01
0 0.691628 1.041196 0.01 0.01
0 0.699918 0.947241 0.01 0.01
0 0.677811 0.914080 0.01 0.01
0 0.650177 0.856049 0.01 0.01
0 0.594909 0.872629 0.01 0.01
0 0.567275 0.933424 0.01 0.01
0 0.617016 0.822888 0.01 0.01
0 0.680574 0.753804 0.01 0.01
0 0.719261 0.820125 0.01 0.01
0 0.735842 0.903027 0.01 0.01
0 0.815980 0.916843 0.01 0.01
0 0.766239 0.925134 0.01 0.01
0 0.849140 0.869866 0.01 0.01
0 0.815980 0.836705 0.01 0.01
0 0.901645 0.825652 0.01 0.01
0 0.992837 0.947241 0.01 0.01
0 1.012180 0.842232 0.01 0.01
0 0.967966 0.889210 0.01 0.01
0 0.987310 1.005272 0.01 0.01
0 1.025997 0.972111 0.01 0.01
0 1.059158 1.052249 0.01 0.01
0 1.084028 1.096463 0.01 0.01
0 1.131006 1.060539 0.01 0.01
0 1.100609 1.041196 0.01 0.01
0 1.114425 0.983165 0.01 0.01
0 1.164166 1.008035 0.01 0.01
0 1.050868 1.148968 0.01 0.01
0 1.177983 1.157258 0.01 0.01
0 1.147586 1.220816 0.01 0.01
0 1.064685 1.237396 0.01 0.01
0 1.045341 1.309244 0.01 0.01
0 1.119952 1.314771 0.01 0.01
0 1.252595 1.190419 0.01 0.01
0 1.307862 1.237396 0.01 0.01
0 1.249831 1.317534 0.01 0.01
0 1.352077 1.358985 0.01 0.01
0 1.448795 1.353458 0.01 0.01
0 1.437742 1.240159 0.01 0.01
0 1.465375 1.165548 0.01 0.01
0 1.432215 1.187655 0.01 0.01
0 1.586964 1.168311 0.01 0.01
0 1.573147 1.063303 0.01 0.01
0 1.495773 0.980401 0.01 0.01
0 1.562094 0.919607 0.01 0.01
0 1.399054 1.005272 0.01 0.01
0 1.407344 0.947241 0.01 0.01
0 1.379710 0.883683 0.01 0.01
0 1.249831 0.919607 0.01 0.01
0 1.205617 0.858812 0.01 0.01
0 1.153113 0.850522 0.01 0.01
0 1.150349 0.795254 0.01 0.01
0 1.039814 0.809071 0.01 0.01
0 1.072975 0.739987 0.01 0.01
0 1.025997 0.737223 0.01 0.01
0 1.056394 0.670902 0.01 0.01
0 0.970729 0.690246 0.01 0.01
0 0.912698 0.643268 0.01 0.01
0 0.882301 0.646032 0.01 0.01
0 0.838087 0.646032 0.01 0.01
0 0.804926 0.610108 0.01 0.01
0 0.749659 0.621161 0.01 0.01
0 0.835324 0.538260 0.01 0.01
0 0.804926 0.541023 0.01 0.01
0 0.771766 0.532733 0.01 0.01
0 0.735842 0.491282 0.01 0.01
0 0.658467 0.499572 0.01 0.01
0 0.658467 0.433251 0.01 0.01
0 0.594909 0.474702 0.01 0.01
0 0.594909 0.413907 0.01 0.01
0 0.570039 0.331006 0.01 0.01
0 0.669520 0.400090 0.01 0.01
0 0.644650 0.364166 0.01 0.01
0 0.708208 0.397327 0.01 0.01
0 0.694391 0.372457 0.01 0.01
0 0.744132 0.369693 0.01 0.01
0 0.694391 0.344823 0.01 0.01
0 0.722025 0.300609 0.01 0.01
0 0.677811 0.300609 0.01 0.01
0 0.594909 0.366930 0.01 0.01
0 0.517534 0.372457 0.01 0.01
0 0.476083 0.386273 0.01 0.01
0 0.476083 0.333769 0.01 0.01
0 0.453976 0.267448 0.01 0.01
0 0.434633 0.297845 0.01 0.01
0 0.409762 0.242577 0.01 0.01
0 0.373838 0.284028 0.01 0.01
0 0.451213 0.223234 0.01 0.01
0 0.495427 0.217707 0.01 0.01
0 0.534115 0.237051 0.01 0.01
0 0.426343 0.181783 0.01 0.01
0 0.484374 0.148622 0.01 0.01
0 0.453976 0.118225 0.01 0.01
0 0.484374 0.104408 0.01 0.01
0 0.495427 0.071248 0.01 0.01
0 0.605963 0.242577 0.01 0.01
0 0.633596 0.209417 0.01 0.01
0 0.570039 0.206653 0.01 0.01
0 0.534115 0.187310 0.01 0.01
0 0.561748 0.156913 0.01 0.01
0 0.136187 1.055013 0.01 0.01
0 0.257776 1.016325 0.01 0.01
0 0.299227 1.027379 0.01 0.01
0 0.354495 0.980401 0.01 0.01
0 0.426343 0.972111 0.01 0.01
0 0.114080 0.974875 0.01 0.01
0 0.080919 0.950004 0.01 0.01
0 0.044995 0.985928 0.01 0.01
0 0.020125 0.952767 0.01 0.01
0 0.064339 1.021852 0.01 0.01
0 0.022888 0.894736 0.01 0.01
0 0.954149 1.068830 0.01 0.01
0 0.918225 1.063303 0.01 0.01
0 0.882301 0.999745 0.01 0.01
0 0.926515 0.947241 0.01 0.01
0 0.979020 0.588001 0.01 0.01
0 0.923752 0.563130 0.01 0.01
0 0.907172 0.513389 0.01 0.01
0 0.954149 0.482992 0.01 0.01
0 0.835324 0.380747 0.01 0.01
0 0.904408 0.369693 0.01 0.01
0 0.893355 0.339296 0.01 0.01
0 0.879538 0.303372 0.01 0.01
0 0.840850 0.295082 0.01 0.01
0 0.807690 0.292318 0.01 0.01
0 0.763476 0.286792 0.01 0.01
0 0.824270 0.228761 0.01 0.01
0 0.909935 0.239814 0.01 0.01
0 0.871248 0.212180 0.01 0.01
0 0.835324 0.190073 0.01 0.01
0 0.868484 0.179020 0.01 0.01
0 0.885064 0.115462 0.01 0.01
0 0.918225 0.107172 0.01 0.01
0 0.840850 0.093355 0.01 0.01
0 0.782819 0.217707 0.01 0.01
0 0.744132 0.220470 0.01 0.01
0 0.699918 0.190073 0.01 0.01
0 1.313389 1.060539 0.01 0.01
0 1.346550 1.052249 0.01 0.01
0 1.371420 1.043959 0.01 0.01
0 1.247068 1.041196 0.01 0.01
0 1.269175 0.842232 0.01 0.01
0 1.343786 0.789728 0.01 0.01
0 1.352077 0.836705 0.01 0.01
0 1.479192 0.831178 0.01 0.01
0 1.531697 0.820125 0.01 0.01
0 1.592491 0.820125 0.01 0.01
0 1.526170 0.726170 0.01 0.01
0 1.426688 0.659849 0.01 0.01
0 1.371420 0.709590 0.01 0.01
0 1.227724 0.734460 0.01 0.01
0 1.147586 0.709590 0.01 0.01
0 1.194564 0.612871 0.01 0.01
0 1.147586 0.607344 0.01 0.01
0 1.100609 0.626688 0.01 0.01
0 1.009417 0.505099 0.01 0.01
0 1.158640 0.541023 0.01 0.01
0 1.106135 0.524443 0.01 0.01
0 1.166930 0.485755 0.01 0.01
0 1.128242 0.485755 0.01 0.01
0 1.169693 0.452595 0.01 0.01
0 1.238778 0.452595 0.01 0.01
0 1.213907 0.516153 0.01 0.01
0 1.230488 0.574184 0.01 0.01
0 1.282992 0.529970 0.01 0.01
0 1.302336 0.563130 0.01 0.01
0 1.299572 0.585237 0.01 0.01
0 1.354840 0.541023 0.01 0.01
0 1.329970 0.449831 0.01 0.01
0 1.357603 0.505099 0.01 0.01
0 1.481956 0.554840 0.01 0.01
0 1.434978 0.590764 0.01 0.01
0 1.520643 0.549313 0.01 0.01
0 1.509590 0.474702 0.01 0.01
0 1.539987 0.430488 0.01 0.01
0 1.465375 0.402854 0.01 0.01
0 1.520643 0.366930 0.01 0.01
0 1.415634 0.380747 0.01 0.01
0 1.410108 0.413907 0.01 0.01
0 1.401818 0.339296 0.01 0.01
0 1.343786 0.391800 0.01 0.01
0 1.343786 0.331006 0.01 0.01
0 1.224961 0.391800 0.01 0.01
0 1.169693 0.336533 0.01 0.01
0 1.106135 0.353113 0.01 0.01
0 1.037051 0.355876 0.01 0.01
0 1.084028 0.176256 0.01 0.01
0 1.177983 0.281265 0.01 0.01
0 1.277465 0.319952 0.01 0.01
0 1.399054 0.297845 0.01 0.01
0 1.470902 0.281265 0.01 0.01
0 1.509590 0.267448 0.01 0.01
0 1.418398 0.264685 0.01 0.01
0 1.465375 0.250868 0.01 0.01
0 1.341023 0.281265 0.01 0.01
0 1.307862 0.308899 0.01 0.01
0 1.360367 0.261921 0.01 0.01
0 1.357603 0.184546 0.01 0.01
0 1.205617 0.212180 0.01 0.01
0 1.169693 0.198363 0.01 0.01
0 1.205617 0.140332 0.01 0.01
0 1.227724 0.176256 0.01 0.01
0 1.249831 0.112698 0.01 0.01
0 1.266412 0.140332 0.01 0.01
0 1.352077 0.143096 0.01 0.01
0 1.396291 0.134805 0.01 0.01
0 1.432215 0.170729 0.01 0.01
0 1.443268 0.140332 0.01 0.01
0 1.531697 0.173493 0.01 0.01
0 1.476429 0.192837 0.01 0.01
0 1.570384 0.179020 0.01 0.01
0 1.548277 0.132042 0.01 0.01
0 1.498536 0.062957 0.01 0.01
0 1.465375 0.107172 0.01 0.01
0 1.059158 0.120989 0.01 0.01
0 0.998363 0.156913 0.01 0.01
0 1.269175 0.623925 0.01 0.01
0 0.639123 0.571420 0.01 0.01
0 0.617016 0.529970 0.01 0.01
0 0.575565 0.557603 0.01 0.01
0 0.545168 0.546550 0.01 0.01
0 0.694391 0.574184 0.01 0.01
0 0.536878 0.847759 0.01 0.01
0 0.191455 1.195945 0.01 0.01
0 0.161058 1.206999 0.01 0.01
0 0.252249 1.190419 0.01 0.01
0 0.371075 1.190419 0.01 0.01
0 0.346204 1.137914 0.01 0.01
0 0.915462 1.101990 0.01 0.01
0 0.851904 1.137914 0.01 0.01
0 0.865721 1.088173 0.01 0.01
0 1.133769 0.383510 0.01 0.01
0 1.003890 0.272975 0.01 0.01
0 0.962439 0.270211 0.01 0.01
0 0.995600 0.209417 0.01 0.01
0 0.948622 0.212180 0.01 0.01
0 0.954149 0.176256 0.01 0.01
0 1.205617 0.093355 0.01 0.01
0 1.244305 0.087828 0.01 0.01
0 1.307862 0.087828 0.01 0.01
0 1.111662 0.054667 0.01 0.01
0 1.161403 0.076774 0.01 0.01
0 0.702681 0.032560 0.01 0.01
0 0.332387 0.015980 0.01 0.01
0 0.594909 0.054667 0.01 0.01
0 1.064685 0.010453 0.01 0.01
0 0.943096 0.040850 0.01 0.01
0 1.595254 0.698536 0.01 0.01
0 0.818743 0.482992 0.01 0.01
0 0.802163 0.438778 0.01 0.01
0 0.774529 0.413907 0.01 0.01
0 0.813216 0.391800 0.01 0.01
0 0.965203 0.411144 0.01 0.01
0 1.097845 0.400090 0.01 0.01
0 1.316153 0.350349 0.01 0.01
0 1.282992 0.364166 0.01 0.01
0 0.301990 0.405617 0.01 0.01
0 0.340678 0.364166 0.01 0.01
0 0.313044 0.295082 0.01 0.01
0 0.567275 0.510626 0.01 0.01
0 0.188691 0.941714 0.01 0.01
0 0.069866 0.607344 0.01 0.01
0 0.589382 0.098881 0.01 0.01
0 0.702681 0.104408 0.01 0.01
0 1.144823 0.079538 0.01 0.01
0 1.001127 0.051904 0.01 0.01
0 0.893355 0.057431 0.01 0.01
0 0.815980 0.038087 0.01 0.01
0 1.581438 0.303372 0.01 0.01
0 1.562094 0.391800 0.01 0.01
0 1.581438 1.245686 0.01 0.01
0 0.014598 1.262267 0.01 0.01
0 0.741368 0.715116 0.01 0.01
0 0.644650 0.665375 0.01 0.01
0 0.605963 0.698536 0.01 0.01
0 0.581092 0.775911 0.01 0.01
0 0.741368 0.654322 0.01 0.01
0 0.617016 0.621161 0.01 0.01
0 0.965203 0.662612 0.01 0.01
0 1.001127 0.621161 0.01 0.01
0 1.299572 0.767621 0.01 0.01
0 0.658467 0.148622 0.01 0.01
0 0.630833 0.115462 0.01 0.01
0 0.603199 0.179020 0.01 0.01
0 0.185928 0.181783 0.01 0.01
0 1.236014 0.013216 0.01 0.01
0 1.545514 0.051904 0.01 0.01
0 0.943096 0.704063 0.01 0.01
0 0.885064 0.701299 0.01 0.01
0 0.672284 1.143441 0.01 0.01
0 1.274702 1.151731 0.01 0.01
0 1.476429 1.068830 0.01 0.01
0 0.879538 0.867102 0.01 0.01
0 0.617016 0.759330 0.01 0.01
0 0.570039 0.632215 0.01 0.01
0 0.235669 0.560367 0.01 0.01
0 0.749659 0.405617 0.01 0.01
0 0.937569 0.328242 0.01 0.01
0 0.981783 0.344823 0.01 0.01
0 0.962439 0.300609 0.01 0.01
0 0.788346 0.079538 0.01 0.01
0 0.755185 0.129279 0.01 0.01
0 0.478847 0.013216 0.01 0.01
0 1.294045 0.013216 0.01 0.01
0 1.349313 0.007690 0.01 0.01
0 1.122716 0.292318 0.01 0.01
0 0.965203 0.018743 0.01 0.01
0 0.959676 1.148968 0.01 0.01
0 0.799400 0.781438 0.01 0.01
0 0.769002 0.742750 0.01 0.01
0 0.802163 0.651558 0.01 0.01
0 0.752422 0.436014 0.01 0.01
0 0.531351 0.297845 0.01 0.01
0 0.506481 0.261921 0.01 0.01
0 0.412526 0.132042 0.01 0.01
0 1.429451 0.922370 0.01 0.01
0 1.343786 0.955531 0.01 0.01
0 1.338260 0.715116 0.01 0.01
0 1.307862 0.693009 0.01 0.01
0 1.247068 0.679192 0.01 0.01
0 1.277465 0.670902 0.01 0.01
0 1.363130 0.458121 0.01 0.01
0 1.584201 0.438778 0.01 0.01
0 1.570384 0.344823 0.01 0.01
0 1.459849 0.350349 0.01 0.01
0 1.393527 0.068484 0.01 0.01
0 1.346550 0.068484 0.01 0.01
0 0.028415 0.775911 0.01 0.01
0 0.641887 0.261921 0.01 0.01
0 0.893355 0.408381 0.01 0.01
0 1.396291 0.452595 0.01 0.01
0 1.534460 0.499572 0.01 0.01
0 1.567621 0.466412 0.01 0.01
0 1.551040 0.679192 0.01 0.01
0 1.360367 0.654322 0.01 0.01
0 1.399054 0.571420 0.01 0.01
0 1.429451 0.502336 0.01 0.01
0 1.451558 0.455358 0.01 0.01
0 1.457085 0.427724 0.01 0.01
0 0.683337 0.029797 0.01 0.01
0 0.111317 1.350695 0.01 0.01
0 0.829797 1.270557 0.01 0.01
0 1.509590 1.314771 0.01 0.01
0 1.446032 1.284374 0.01 0.01
0 0.702681 0.731697 0.01 0.01
0 0.686101 0.659849 0.01 0.01
0 0.188691 0.704063 0.01 0.01
0 0.039469 0.413907 0.01 0.01
0 1.277465 0.195600 0.01 0.01
0 1.302336 0.167966 0.01 0.01
0 0.299227 0.927897 0.01 0.01
0 0.166584 0.308899 0.01 0.01
0 0.169348 0.126515 0.01 0.01
0 0.152767 0.093355 0.01 0.01
0 1.092318 0.480229 0.01 0.01
0 1.059158 0.585237 0.01 0.01
0 1.034287 0.552077 0.01 0.01
0 1.056394 0.541023 0.01 0.01
0 1.059158 0.507862 0.01 0.01
0 0.796636 1.201472 0.01 0.01
0 0.268830 0.775911 0.01 0.01
0 0.865721 0.527206 0.01 0.01
0 1.399054 0.798018 0.01 0.01
0 1.545514 0.590764 0.01 0.01
0 0.896118 0.579710 0.01 0.01
0 0.865721 0.565894 0.01 0.01
0 1.506826 0.198363 0.01 0.01
0 1.023234 0.093355 0.01 0.01
0 0.415289 1.552422 0.01 0.01
0 1.194564 1.273320 0.01 0.01
0 0.807690 1.005272 0.01 0.01
0 0.763476 1.010799 0.01 0.01
0 0.710971 1.002508 0.01 0.01
0 0.611489 1.008035 0.01 0.01
0 0.611489 0.966584 0.01 0.01
0 0.138951 1.021852 0.01 0.01
0 0.155531 0.811835 0.01 0.01
0 0.362785 0.759330 0.01 0.01
0 0.310280 0.781438 0.01 0.01
0 0.962439 0.798018 0.01 0.01
0 1.025997 0.397327 0.01 0.01
0 1.070211 0.355876 0.01 0.01
0 1.224961 0.272975 0.01 0.01
0 0.943096 0.096118 0.01 0.01
0 0.086446 0.184546 0.01 0.01
0 0.133424 0.184546 0.01 0.01
0 0.130660 0.118225 0.01 0.01
0 1.084028 0.284028 0.01 0.01
0 1.537223 0.245341 0.01 0.01
0 1.056394 0.397327 0.01 0.01
0 0.766239 0.162439 0.01 0.01
0 0.663994 0.604581 0.01 0.01
0 0.760712 0.491282 0.01 0.01
0 0.589382 0.015980 0.01 0.01
0 0.622543 0.018743 0.01 0.01
0 1.407344 0.737223 0.01 0.01
0 0.622543 0.317189 0.01 0.01
0 0.406999 0.789728 0.01 0.01
0 0.442923 0.789728 0.01 0.01
0 0.420816 0.712353 0.01 0.01
0 0.727552 0.565894 0.01 0.01
0 1.473666 0.482992 0.01 0.01
0 0.553458 0.596291 0.01 0.01
0 0.600436 0.289555 0.01 0.01
0 0.578329 0.281265 0.01 0.01
0 1.470902 0.781438 0.01 0.01
0 1.117189 0.107172 0.01 0.01
0 1.075738 0.096118 0.01 0.01
0 0.398709 0.397327 0.01 0.01
