0 0.121122 0.354340 0.01 0.01
0 0.128020 0.345186 0.01 0.01
0 0.176878 0.365210 0.01 0.01
0 0.081460 0.379512 0.01 0.01
0 0.092382 0.376652 0.01 0.01
0 0.156185 0.287403 0.01 0.01
0 0.211367 0.369787 0.01 0.01
0 0.227461 0.372075 0.01 0.01
0 0.233209 0.320013 0.01 0.01
0 0.278044 0.248500 0.01 0.01
0 0.307934 0.350907 0.01 0.01
0 0.363690 0.230765 0.01 0.01
0 0.129002 0.465901 0.01 0.01
0 0.178435 0.465901 0.01 0.01
0 0.192805 0.467617 0.01 0.01
0 0.204876 0.466473 0.01 0.01
0 0.216947 0.466473 0.01 0.01
0 0.162915 0.408118 0.01 0.01
0 0.214073 0.405257 0.01 0.01
0 0.473310 0.467617 0.01 0.01
0 0.328459 0.455031 0.01 0.01
0 0.239939 0.457891 0.01 0.01
0 0.414105 0.376652 0.01 0.01
0 0.153144 0.449882 0.01 0.01
0 0.433074 0.472766 0.01 0.01
0 0.408357 0.480775 0.01 0.01
0 0.377893 0.441300 0.01 0.01
0 0.364672 0.402397 0.01 0.01
0 0.357775 0.404685 0.01 0.01
0 0.339956 0.361205 0.01 0.01
0 0.300869 0.439012 0.01 0.01
0 0.545736 0.402969 0.01 0.01
0 0.489980 0.361205 0.01 0.01
0 0.430200 0.409834 0.01 0.01
0 0.450318 0.448737 0.01 0.01
0 0.443421 0.460180 0.01 0.01
0 0.404909 0.452742 0.01 0.01
0 0.337032 0.325734 0.01 0.01
0 0.575002 0.346902 0.01 0.01
0 0.445671 0.393243 0.01 0.01
0 0.351977 0.321730 0.01 0.01
0 0.352552 0.247928 0.01 0.01
0 0.197354 0.318297 0.01 0.01
0 0.235866 0.329167 0.01 0.01
0 0.245638 0.317153 0.01 0.01
0 0.284150 0.286831 0.01 0.01
0 0.291623 0.277677 0.01 0.01
0 0.076000 0.465901 0.01 0.01
0 0.031165 0.447593 0.01 0.01
0 0.065653 0.455603 0.01 0.01
0 0.064504 0.473910 0.01 0.01
0 0.182914 0.426997 0.01 0.01
0 0.261087 0.475054 0.01 0.01
0 0.780712 0.469333 0.01 0.01
0 0.812901 0.456747 0.01 0.01
0 0.827846 0.467045 0.01 0.01
0 0.845090 0.476199 0.01 0.01
0 0.854287 0.470477 0.01 0.01
0 0.691042 0.407546 0.01 0.01
0 0.599073 0.424709 0.01 0.01
0 0.586427 0.431574 0.01 0.01
0 0.564585 0.435007 0.01 0.01
0 0.776113 0.408690 0.01 0.01
0 0.800255 0.423565 0.01 0.01
0 0.802554 0.405257 0.01 0.01
0 0.811751 0.422421 0.01 0.01
0 0.958901 0.472766 0.01 0.01
0 0.918665 0.483064 0.01 0.01
0 0.900271 0.473910 0.01 0.01
0 0.884177 0.473910 0.01 0.01
0 0.925563 0.463612 0.01 0.01
0 0.900271 0.428142 0.01 0.01
0 0.842791 0.425853 0.01 0.01
0 0.590213 0.383271 0.01 0.01
0 0.670390 0.376851 0.01 0.01
0 0.370417 0.323191 0.01 0.01
0 0.398064 0.342454 0.01 0.01
0 0.422025 0.224128 0.01 0.01
0 0.737205 0.398406 0.01 0.01
0 0.733519 0.391068 0.01 0.01
0 0.675459 0.460779 0.01 0.01
0 0.743656 0.455276 0.01 0.01
0 0.724303 0.443351 0.01 0.01
0 0.740891 0.428675 0.01 0.01
0 0.711401 0.431427 0.01 0.01
0 0.689283 0.431427 0.01 0.01
0 0.691126 0.421337 0.01 0.01
0 0.711401 0.417668 0.01 0.01
0 0.692048 0.385565 0.01 0.01
0 0.504967 0.370889 0.01 0.01
0 0.518791 0.384647 0.01 0.01
0 0.534458 0.378227 0.01 0.01
0 0.540909 0.377309 0.01 0.01
0 0.539987 0.370889 0.01 0.01
0 0.469026 0.345206 0.01 0.01
0 0.416496 0.350709 0.01 0.01
0 0.446908 0.376392 0.01 0.01
0 0.486536 0.321357 0.01 0.01
0 0.554732 0.320440 0.01 0.01
0 0.540909 0.325026 0.01 0.01
0 0.578693 0.334199 0.01 0.01
0 0.604498 0.367220 0.01 0.01
0 0.610027 0.353461 0.01 0.01
0 0.607262 0.336950 0.01 0.01
0 0.595282 0.347040 0.01 0.01
0 0.706793 0.353461 0.01 0.01
0 0.666243 0.336950 0.01 0.01
0 0.662557 0.347957 0.01 0.01
0 0.651498 0.359882 0.01 0.01
0 0.645047 0.347957 0.01 0.01
0 0.623851 0.364468 0.01 0.01
0 0.804480 0.379144 0.01 0.01
0 0.838579 0.391985 0.01 0.01
0 0.833049 0.379144 0.01 0.01
0 0.858853 0.424089 0.01 0.01
0 0.849637 0.403910 0.01 0.01
0 0.866226 0.414917 0.01 0.01
0 0.871755 0.447938 0.01 0.01
0 0.655184 0.326860 0.01 0.01
0 0.641361 0.321357 0.01 0.01
0 0.632145 0.309433 0.01 0.01
0 0.496673 0.297508 0.01 0.01
0 0.481006 0.273660 0.01 0.01
0 0.497260 0.385806 0.01 0.01
0 0.481740 0.400108 0.01 0.01
0 0.494386 0.463040 0.01 0.01
0 0.506457 0.455031 0.01 0.01
0 0.501858 0.427569 0.01 0.01
0 0.474842 0.441300 0.01 0.01
0 0.551866 0.464756 0.01 0.01
0 0.532323 0.416127 0.01 0.01
0 0.509906 0.430430 0.01 0.01
0 0.420236 0.430430 0.01 0.01
0 0.442653 0.436151 0.01 0.01
0 0.428858 0.452170 0.01 0.01
0 0.444953 0.413839 0.01 0.01
0 0.354708 0.447021 0.01 0.01
0 0.352984 0.460180 0.01 0.01
0 0.660505 0.443588 0.01 0.01
0 0.606473 0.436151 0.01 0.01
0 0.611646 0.412695 0.01 0.01
0 0.636938 0.416699 0.01 0.01
0 0.758222 0.448165 0.01 0.01
0 0.723158 0.372075 0.01 0.01
0 0.770293 0.378940 0.01 0.01
0 0.742702 0.370359 0.01 0.01
0 0.801068 0.363493 0.01 0.01
0 0.787273 0.358917 0.01 0.01
0 0.784399 0.341181 0.01 0.01
0 0.769454 0.330311 0.01 0.01
0 0.871195 0.380085 0.01 0.01
0 0.880391 0.376652 0.01 0.01
0 0.907982 0.381229 0.01 0.01
0 0.905683 0.416127 0.01 0.01
0 0.907407 0.404685 0.01 0.01
0 0.932699 0.402397 0.01 0.01
0 0.834982 0.342898 0.01 0.01
0 0.701627 0.337749 0.01 0.01
0 0.690706 0.326307 0.01 0.01
0 0.691855 0.304566 0.01 0.01
0 0.707950 0.320013 0.01 0.01
0 0.718871 0.328595 0.01 0.01
0 0.775202 0.303422 0.01 0.01
0 0.884415 0.348619 0.01 0.01
0 0.546429 0.342326 0.01 0.01
0 0.567122 0.310288 0.01 0.01
0 0.725194 0.302278 0.01 0.01
0 0.689556 0.258226 0.01 0.01
0 0.579768 0.246784 0.01 0.01
0 0.593563 0.248500 0.01 0.01
0 0.405076 0.326879 0.01 0.01
0 0.391856 0.336032 0.01 0.01
0 0.419446 0.328595 0.01 0.01
0 0.440714 0.334888 0.01 0.01
0 0.437840 0.324018 0.01 0.01
0 0.320580 0.356628 0.01 0.01
0 0.285517 0.340609 0.01 0.01
0 0.286091 0.364638 0.01 0.01
0 0.271146 0.378368 0.01 0.01
0 0.281493 0.383517 0.01 0.01
0 0.299312 0.372647 0.01 0.01
0 0.306210 0.425853 0.01 0.01
0 0.293564 0.429286 0.01 0.01
0 0.256776 0.439584 0.01 0.01
0 0.345296 0.433291 0.01 0.01
0 0.298737 0.398964 0.01 0.01
0 0.328627 0.349191 0.01 0.01
0 0.264824 0.311432 0.01 0.01
0 0.317131 0.307999 0.01 0.01
0 0.297013 0.306283 0.01 0.01
0 0.328627 0.288547 0.01 0.01
0 0.346446 0.289120 0.01 0.01
0 0.304485 0.262803 0.01 0.01
0 0.337824 0.250788 0.01 0.01
0 0.370013 0.282826 0.01 0.01
0 0.410824 0.265663 0.01 0.01
0 0.394155 0.303994 0.01 0.01
0 0.372312 0.369215 0.01 0.01
0 0.428068 0.305139 0.01 0.01
0 0.449911 0.302278 0.01 0.01
0 0.350742 0.471050 0.01 0.01
0 0.338671 0.466473 0.01 0.01
0 0.355340 0.490501 0.01 0.01
0 0.488120 0.486496 0.01 0.01
0 0.383506 0.476199 0.01 0.01
0 0.396151 0.444733 0.01 0.01
0 0.392128 0.456747 0.01 0.01
0 0.062205 0.348047 0.01 0.01
0 0.028866 0.346902 0.01 0.01
0 0.018519 0.485352 0.01 0.01
0 0.008173 0.471622 0.01 0.01
0 0.453072 0.248500 0.01 0.01
0 0.471466 0.255365 0.01 0.01
0 0.493309 0.254221 0.01 0.01
0 0.547341 0.256509 0.01 0.01
0 0.531246 0.247356 0.01 0.01
0 0.518600 0.249644 0.01 0.01
0 0.469167 0.302278 0.01 0.01
0 0.463419 0.307999 0.01 0.01
0 0.563435 0.357200 0.01 0.01
0 0.812901 0.312576 0.01 0.01
0 0.810602 0.290836 0.01 0.01
0 0.830145 0.290836 0.01 0.01
0 0.724381 0.205020 0.01 0.01
0 0.707136 0.209597 0.01 0.01
0 0.718633 0.279394 0.01 0.01
0 0.663451 0.263375 0.01 0.01
0 0.948555 0.357200 0.01 0.01
0 0.968098 0.389238 0.01 0.01
0 0.935909 0.389238 0.01 0.01
0 0.987642 0.394959 0.01 0.01
0 0.848539 0.316009 0.01 0.01
0 0.862334 0.318297 0.01 0.01
0 0.891074 0.336604 0.01 0.01
0 0.881877 0.332028 0.01 0.01
0 0.857736 0.287403 0.01 0.01
0 0.897972 0.304566 0.01 0.01
0 0.946256 0.335460 0.01 0.01
0 0.934760 0.301134 0.01 0.01
0 0.974996 0.330883 0.01 0.01
0 0.993390 0.289692 0.01 0.01
0 0.992240 0.304566 0.01 0.01
0 0.960051 0.367498 0.01 0.01
0 0.993390 0.369787 0.01 0.01
0 0.849688 0.343470 0.01 0.01
0 0.863484 0.345758 0.01 0.01
0 0.685294 0.294269 0.01 0.01
0 0.207056 0.279394 0.01 0.01
0 0.212804 0.267952 0.01 0.01
0 0.188662 0.272528 0.01 0.01
0 0.172567 0.283971 0.01 0.01
0 0.187512 0.266807 0.01 0.01
0 0.246142 0.340037 0.01 0.01
0 0.253040 0.288547 0.01 0.01
0 0.246142 0.279394 0.01 0.01
0 0.224300 0.282826 0.01 0.01
0 0.235796 0.264519 0.01 0.01
0 0.404789 0.234769 0.01 0.01
0 0.393293 0.234769 0.01 0.01
0 0.294426 0.241635 0.01 0.01
0 0.273733 0.238202 0.01 0.01
0 0.166819 0.342326 0.01 0.01
0 0.213953 0.341181 0.01 0.01
0 0.181764 0.311432 0.01 0.01
0 0.133480 0.293124 0.01 0.01
0 0.094394 0.279394 0.01 0.01
0 0.109339 0.289692 0.01 0.01
0 0.118535 0.289692 0.01 0.01
0 0.313969 0.231337 0.01 0.01
0 0.561136 0.243923 0.01 0.01
0 0.540443 0.410978 0.01 0.01
0 0.517451 0.402969 0.01 0.01
0 0.616317 0.274817 0.01 0.01
0 0.570333 0.287403 0.01 0.01
0 0.581829 0.286259 0.01 0.01
0 0.531246 0.288547 0.01 0.01
0 0.523199 0.285115 0.01 0.01
0 0.540443 0.288547 0.01 0.01
0 0.609420 0.248500 0.01 0.01
0 0.623215 0.263375 0.01 0.01
0 0.361103 0.092887 0.01 0.01
0 0.348458 0.089454 0.01 0.01
0 0.373749 0.094031 0.01 0.01
0 0.393005 0.112052 0.01 0.01
0 0.390706 0.101754 0.01 0.01
0 0.381509 0.094889 0.01 0.01
0 0.405076 0.105759 0.01 0.01
0 0.420596 0.110908 0.01 0.01
0 0.429793 0.114913 0.01 0.01
0 0.438415 0.121778 0.01 0.01
0 0.449911 0.126927 0.01 0.01
0 0.458533 0.131504 0.01 0.01
0 0.464281 0.126355 0.01 0.01
0 0.455084 0.115485 0.01 0.01
0 0.437840 0.109192 0.01 0.01
0 0.473478 0.129788 0.01 0.01
0 0.474628 0.143518 0.01 0.01
0 0.480376 0.151528 0.01 0.01
0 0.484974 0.132076 0.01 0.01
0 0.493596 0.145235 0.01 0.01
0 0.498195 0.158965 0.01 0.01
0 0.510266 0.162398 0.01 0.01
0 0.510840 0.156105 0.01 0.01
0 0.508541 0.144090 0.01 0.01
0 0.501643 0.136081 0.01 0.01
0 0.530384 0.159537 0.01 0.01
0 0.532108 0.174984 0.01 0.01
0 0.540155 0.182422 0.01 0.01
0 0.542455 0.176128 0.01 0.01
0 0.540730 0.165830 0.01 0.01
0 0.537856 0.157821 0.01 0.01
0 0.535557 0.152100 0.01 0.01
0 0.651668 0.213887 0.01 0.01
0 0.279768 0.232195 0.01 0.01
0 0.213091 0.196724 0.01 0.01
0 0.204469 0.191575 0.01 0.01
0 0.211367 0.185282 0.01 0.01
0 0.208493 0.145807 0.01 0.01
0 0.234359 0.183566 0.01 0.01
0 0.238957 0.201301 0.01 0.01
0 0.247579 0.188143 0.01 0.01
0 0.259650 0.194436 0.01 0.01
0 0.266548 0.189287 0.01 0.01
0 0.267698 0.200729 0.01 0.01
0 0.265973 0.215032 0.01 0.01
0 0.274595 0.215032 0.01 0.01
0 0.268272 0.232195 0.01 0.01
0 0.258501 0.241921 0.01 0.01
0 0.252178 0.244781 0.01 0.01
0 0.252753 0.258512 0.01 0.01
0 0.252753 0.275103 0.01 0.01
0 0.261375 0.275675 0.01 0.01
0 0.261949 0.287117 0.01 0.01
0 0.235508 0.250502 0.01 0.01
0 0.251603 0.211599 0.01 0.01
0 0.501069 0.245925 0.01 0.01
0 0.493021 0.241349 0.01 0.01
0 0.482100 0.240204 0.01 0.01
0 0.389556 0.271098 0.01 0.01
0 0.384958 0.287117 0.01 0.01
0 0.717483 0.230193 0.01 0.01
0 0.699089 0.254221 0.01 0.01
0 0.693341 0.231337 0.01 0.01
0 0.754271 0.266807 0.01 0.01
0 0.754271 0.319441 0.01 0.01
0 0.770365 0.263375 0.01 0.01
0 0.778412 0.245067 0.01 0.01
0 0.908318 0.444161 0.01 0.01
0 0.885326 0.444161 0.01 0.01
0 0.873830 0.435007 0.01 0.01
0 0.924413 0.440728 0.01 0.01
0 0.926712 0.425853 0.01 0.01
0 0.942807 0.418988 0.01 0.01
0 0.950854 0.404113 0.01 0.01
0 0.942807 0.453314 0.01 0.01
0 0.932460 0.438439 0.01 0.01
0 0.955453 0.439584 0.01 0.01
0 0.961201 0.453314 0.01 0.01
0 0.329394 0.230090 0.01 0.01
0 0.263040 0.455734 0.01 0.01
0 0.272256 0.452983 0.01 0.01
0 0.272256 0.441976 0.01 0.01
0 0.271335 0.429134 0.01 0.01
0 0.262119 0.423631 0.01 0.01
0 0.310521 0.469333 0.01 0.01
0 0.297875 0.464756 0.01 0.01
0 0.309371 0.455603 0.01 0.01
0 0.359954 0.433863 0.01 0.01
0 0.549640 0.440728 0.01 0.01
0 0.522049 0.436151 0.01 0.01
0 0.569183 0.459035 0.01 0.01
0 0.735877 0.479631 0.01 0.01
0 0.719782 0.485352 0.01 0.01
0 0.714034 0.456747 0.01 0.01
0 0.702538 0.463612 0.01 0.01
0 0.712885 0.446449 0.01 0.01
0 0.986492 0.440728 0.01 0.01
0 0.968098 0.413267 0.01 0.01
0 0.899122 0.360633 0.01 0.01
0 0.906019 0.353768 0.01 0.01
0 0.901421 0.341181 0.01 0.01
0 0.906019 0.321730 0.01 0.01
0 0.945106 0.307999 0.01 0.01
0 0.957752 0.306855 0.01 0.01
0 0.964649 0.301134 0.01 0.01
0 0.956602 0.297701 0.01 0.01
0 0.866932 0.287403 0.01 0.01
0 0.892224 0.280538 0.01 0.01
0 0.501356 0.306855 0.01 0.01
0 0.507104 0.317153 0.01 0.01
0 0.468017 0.324018 0.01 0.01
0 0.459970 0.320585 0.01 0.01
0 0.451923 0.326307 0.01 0.01
0 0.434679 0.316009 0.01 0.01
0 0.422033 0.317153 0.01 0.01
0 0.427781 0.319441 0.01 0.01
0 0.419734 0.305711 0.01 0.01
0 0.413986 0.306855 0.01 0.01
0 0.402489 0.303422 0.01 0.01
0 0.407088 0.317153 0.01 0.01
0 0.364552 0.098608 0.01 0.01
0 0.719782 0.241635 0.01 0.01
0 0.725530 0.229048 0.01 0.01
0 0.734727 0.233625 0.01 0.01
0 0.742774 0.233625 0.01 0.01
0 0.746223 0.301134 0.01 0.01
0 0.723231 0.291980 0.01 0.01
0 0.838192 0.283971 0.01 0.01
0 0.512852 0.332028 0.01 0.01
0 0.711735 0.343470 0.01 0.01
0 0.723231 0.353768 0.01 0.01
0 0.776113 0.360633 0.01 0.01
0 0.762318 0.359489 0.01 0.01
0 0.602522 0.303422 0.01 0.01
0 0.588727 0.298845 0.01 0.01
0 0.579530 0.305711 0.01 0.01
0 0.200158 0.296557 0.01 0.01
0 0.517451 0.295413 0.01 0.01
0 0.545041 0.247356 0.01 0.01
0 0.962350 0.328595 0.01 0.01
0 0.974996 0.309143 0.01 0.01
0 0.976146 0.291980 0.01 0.01
0 0.918665 0.325162 0.01 0.01
0 0.800255 0.269096 0.01 0.01
0 0.806003 0.251933 0.01 0.01
0 0.789909 0.274817 0.01 0.01
0 0.533545 0.338893 0.01 0.01
0 0.527797 0.330883 0.01 0.01
0 0.503655 0.334316 0.01 0.01
0 0.507104 0.356056 0.01 0.01
0 0.519750 0.364066 0.01 0.01
0 0.531246 0.361777 0.01 0.01
0 0.438127 0.255365 0.01 0.01
0 0.669199 0.302278 0.01 0.01
0 0.653105 0.281682 0.01 0.01
0 0.451923 0.425853 0.01 0.01
0 0.671499 0.448737 0.01 0.01
0 0.666900 0.435007 0.01 0.01
0 0.664601 0.405257 0.01 0.01
0 0.288678 0.326307 0.01 0.01
0 0.302473 0.316009 0.01 0.01
0 0.459970 0.261086 0.01 0.01
0 0.453072 0.270240 0.01 0.01
0 0.380647 0.243923 0.01 0.01
0 0.392143 0.241635 0.01 0.01
0 0.405938 0.246212 0.01 0.01
0 0.389844 0.257654 0.01 0.01
0 0.397891 0.253077 0.01 0.01
0 0.691042 0.206164 0.01 0.01
0 0.670349 0.327451 0.01 0.01
0 0.680695 0.322874 0.01 0.01
0 0.684144 0.311432 0.01 0.01
0 0.664601 0.282826 0.01 0.01
0 0.643908 0.289692 0.01 0.01
0 0.459970 0.277105 0.01 0.01
0 0.487561 0.281682 0.01 0.01
0 0.485261 0.424709 0.01 0.01
0 0.504805 0.405257 0.01 0.01
0 0.616317 0.407546 0.01 0.01
0 0.604821 0.400680 0.01 0.01
0 0.595624 0.390383 0.01 0.01
0 0.580679 0.364066 0.01 0.01
0 0.585278 0.348047 0.01 0.01
0 0.620916 0.317153 0.01 0.01
0 0.592175 0.319441 0.01 0.01
0 0.585278 0.324018 0.01 0.01
0 0.549640 0.311432 0.01 0.01
0 0.528947 0.316009 0.01 0.01
0 0.315119 0.246212 0.01 0.01
