0 0.363014 0.520262 0.01 0.01
0 0.275940 0.563008 0.01 0.01
0 0.250892 0.530948 0.01 0.01
0 0.274748 0.522637 0.01 0.01
0 0.306953 0.466829 0.01 0.01
0 0.280712 0.466829 0.01 0.01
0 0.247314 0.468016 0.01 0.01
0 0.432196 0.466829 0.01 0.01
0 0.463208 0.477516 0.01 0.01
0 0.473943 0.452580 0.01 0.01
0 0.487064 0.413396 0.01 0.01
0 0.509727 0.421708 0.01 0.01
0 0.533583 0.402710 0.01 0.01
0 0.519269 0.388461 0.01 0.01
0 0.557439 0.481078 0.01 0.01
0 0.587258 0.440706 0.01 0.01
0 0.609921 0.460892 0.01 0.01
0 0.599186 0.552321 0.01 0.01
0 0.669561 0.519074 0.01 0.01
0 0.704152 0.577257 0.01 0.01
0 0.759020 0.591505 0.01 0.01
0 0.799575 0.589130 0.01 0.01
0 0.854443 0.540447 0.01 0.01
0 0.924818 0.554696 0.01 0.01
0 0.850865 0.615253 0.01 0.01
0 0.061238 0.441894 0.01 0.01
0 0.033804 0.430020 0.01 0.01
0 0.013527 0.406272 0.01 0.01
0 0.101793 0.470391 0.01 0.01
0 0.114914 0.386086 0.01 0.01
0 0.207951 0.431207 0.01 0.01
0 0.253277 0.409834 0.01 0.01
0 0.286676 0.403897 0.01 0.01
0 0.345122 0.411022 0.01 0.01
0 0.337966 0.387274 0.01 0.01
0 0.361821 0.394398 0.01 0.01
0 0.376135 0.392023 0.01 0.01
0 0.396412 0.396773 0.01 0.01
0 0.403569 0.424083 0.01 0.01
0 0.427425 0.411022 0.01 0.01
0 0.442931 0.415771 0.01 0.01
0 0.458437 0.387274 0.01 0.01
0 0.422654 0.389649 0.01 0.01
0 0.453666 0.338591 0.01 0.01
0 0.550282 0.387274 0.01 0.01
0 0.545511 0.357589 0.01 0.01
0 0.571752 0.383712 0.01 0.01
0 0.609921 0.363526 0.01 0.01
0 0.624235 0.384899 0.01 0.01
0 0.665983 0.384899 0.01 0.01
0 0.701766 0.394398 0.01 0.01
0 0.724429 0.384899 0.01 0.01
0 0.755442 0.382524 0.01 0.01
0 0.786454 0.403897 0.01 0.01
0 0.767370 0.438332 0.01 0.01
0 0.837744 0.510763 0.01 0.01
0 0.798382 0.523824 0.01 0.01
0 0.723236 0.516700 0.01 0.01
0 0.654055 0.447831 0.01 0.01
0 0.681489 0.443081 0.01 0.01
0 0.739936 0.449018 0.01 0.01
0 0.859214 0.477516 0.01 0.01
0 0.838937 0.462080 0.01 0.01
0 0.805539 0.440706 0.01 0.01
0 0.906926 0.441894 0.01 0.01
0 0.903348 0.473953 0.01 0.01
0 0.920047 0.495327 0.01 0.01
0 0.952252 0.516700 0.01 0.01
0 0.984457 0.521449 0.01 0.01
0 0.957023 0.434770 0.01 0.01
0 0.817467 0.387274 0.01 0.01
0 0.871142 0.388461 0.01 0.01
0 0.479907 0.331466 0.01 0.01
0 0.491835 0.314843 0.01 0.01
0 0.521655 0.330279 0.01 0.01
0 0.534776 0.320780 0.01 0.01
0 0.549089 0.336216 0.01 0.01
0 0.565788 0.336216 0.01 0.01
0 0.586066 0.332654 0.01 0.01
0 0.607536 0.336216 0.01 0.01
0 0.595608 0.348090 0.01 0.01
0 0.664790 0.367088 0.01 0.01
0 0.630199 0.364713 0.01 0.01
0 0.698188 0.375400 0.01 0.01
0 0.682682 0.364713 0.01 0.01
0 0.730393 0.362339 0.01 0.01
0 0.726815 0.344528 0.01 0.01
0 0.743514 0.361151 0.01 0.01
0 0.770948 0.365901 0.01 0.01
0 0.760213 0.349277 0.01 0.01
0 0.776912 0.340966 0.01 0.01
0 0.805539 0.370650 0.01 0.01
0 0.791225 0.350465 0.01 0.01
0 0.865178 0.364713 0.01 0.01
0 0.834166 0.342153 0.01 0.01
0 0.898576 0.363526 0.01 0.01
0 0.900962 0.345715 0.01 0.01
0 0.945095 0.371838 0.01 0.01
0 0.264907 0.316030 0.01 0.01
0 0.288167 0.322561 0.01 0.01
0 0.325143 0.327904 0.01 0.01
0 0.354366 0.374213 0.01 0.01
0 0.385975 0.345715 0.01 0.01
0 0.434880 0.324936 0.01 0.01
0 0.447404 0.284564 0.01 0.01
0 0.467085 0.292876 0.01 0.01
0 0.350192 0.318405 0.01 0.01
0 0.348402 0.341559 0.01 0.01
0 0.087480 0.377775 0.01 0.01
0 0.040961 0.559446 0.01 0.01
0 0.007563 0.502451 0.01 0.01
0 0.048118 0.414584 0.01 0.01
0 0.246121 0.361151 0.01 0.01
0 0.429810 0.285158 0.01 0.01
0 0.403569 0.282783 0.01 0.01
0 0.506149 0.268535 0.01 0.01
0 0.506149 0.289908 0.01 0.01
0 0.533583 0.281596 0.01 0.01
0 0.544318 0.272097 0.01 0.01
0 0.546704 0.292282 0.01 0.01
0 0.565788 0.286346 0.01 0.01
0 0.651669 0.280409 0.01 0.01
0 0.674332 0.288720 0.01 0.01
0 0.667175 0.311281 0.01 0.01
0 0.713694 0.312468 0.01 0.01
0 0.701766 0.329092 0.01 0.01
0 0.689838 0.323155 0.01 0.01
0 0.661211 0.338591 0.01 0.01
0 0.627813 0.327904 0.01 0.01
0 0.602765 0.318405 0.01 0.01
0 0.556246 0.320780 0.01 0.01
0 0.574138 0.310093 0.01 0.01
0 0.587258 0.319592 0.01 0.01
0 0.633777 0.439519 0.01 0.01
0 0.572945 0.422896 0.01 0.01
0 0.663597 0.642563 0.01 0.01
0 0.674332 0.671061 0.01 0.01
0 0.980879 0.408647 0.01 0.01
0 0.794804 0.426458 0.01 0.01
0 0.711309 0.371838 0.01 0.01
0 0.242542 0.280409 0.01 0.01
0 0.322459 0.247162 0.01 0.01
0 0.343929 0.269722 0.01 0.01
0 0.330809 0.302969 0.01 0.01
0 0.062022 0.211540 0.01 0.01
0 0.051884 0.212727 0.01 0.01
0 0.040552 0.209165 0.01 0.01
0 0.029817 0.210946 0.01 0.01
0 0.024449 0.204415 0.01 0.01
0 0.041745 0.203822 0.01 0.01
0 0.050094 0.203822 0.01 0.01
0 0.054269 0.200853 0.01 0.01
0 0.063215 0.204415 0.01 0.01
0 0.077529 0.216289 0.01 0.01
0 0.088264 0.222820 0.01 0.01
0 0.100788 0.226382 0.01 0.01
0 0.091246 0.215696 0.01 0.01
0 0.122258 0.218070 0.01 0.01
0 0.123451 0.233507 0.01 0.01
0 0.107348 0.258442 0.01 0.01
0 0.094824 0.247755 0.01 0.01
0 0.084089 0.267347 0.01 0.01
0 0.095420 0.274472 0.01 0.01
0 0.136572 0.259035 0.01 0.01
0 0.144325 0.219258 0.01 0.01
0 0.163409 0.226976 0.01 0.01
0 0.038167 0.291689 0.01 0.01
0 0.019082 0.292876 0.01 0.01
0 0.121662 0.290501 0.01 0.01
0 0.174145 0.267941 0.01 0.01
0 0.187265 0.247755 0.01 0.01
0 0.204561 0.237662 0.01 0.01
0 0.234977 0.239444 0.01 0.01
0 0.227820 0.267941 0.01 0.01
0 0.224838 0.257848 0.01 0.01
0 0.220663 0.250724 0.01 0.01
0 0.216489 0.234694 0.01 0.01
0 0.240941 0.332060 0.01 0.01
0 0.273146 0.284564 0.01 0.01
0 0.264797 0.263191 0.01 0.01
0 0.252272 0.254880 0.01 0.01
0 0.243923 0.241818 0.01 0.01
0 0.258236 0.237069 0.01 0.01
0 0.273742 0.234694 0.01 0.01
0 0.261815 0.222226 0.01 0.01
0 0.278514 0.226382 0.01 0.01
0 0.283881 0.215696 0.01 0.01
0 0.291038 0.237662 0.01 0.01
0 0.295213 0.246568 0.01 0.01
0 0.283285 0.255473 0.01 0.01
0 0.289249 0.283971 0.01 0.01
0 0.285670 0.269128 0.01 0.01
0 0.297002 0.267941 0.01 0.01
0 0.304159 0.248943 0.01 0.01
0 0.323243 0.269722 0.01 0.01
0 0.308333 0.268535 0.01 0.01
0 0.309526 0.285752 0.01 0.01
0 0.345310 0.284564 0.01 0.01
0 0.351274 0.298813 0.01 0.01
0 0.356641 0.289314 0.01 0.01
0 0.377515 0.287533 0.01 0.01
0 0.366780 0.281002 0.01 0.01
0 0.413895 0.349871 0.01 0.01
0 0.373340 0.255473 0.01 0.01
0 0.366780 0.268535 0.01 0.01
0 0.347099 0.247755 0.01 0.01
0 0.338153 0.247755 0.01 0.01
0 0.359623 0.247755 0.01 0.01
0 0.366780 0.241225 0.01 0.01
0 0.376919 0.244787 0.01 0.01
0 0.388250 0.253692 0.01 0.01
0 0.390636 0.243006 0.01 0.01
0 0.402564 0.248943 0.01 0.01
0 0.420456 0.260817 0.01 0.01
0 0.452661 0.267347 0.01 0.01
0 0.438347 0.264972 0.01 0.01
0 0.480095 0.279221 0.01 0.01
0 0.492023 0.273878 0.01 0.01
0 0.300580 0.219258 0.01 0.01
0 0.295213 0.216289 0.01 0.01
0 0.285074 0.207978 0.01 0.01
0 0.275532 0.206197 0.01 0.01
0 0.282092 0.190760 0.01 0.01
0 0.271357 0.197885 0.01 0.01
0 0.263604 0.199072 0.01 0.01
0 0.262411 0.193729 0.01 0.01
0 0.262411 0.184230 0.01 0.01
0 0.256447 0.178293 0.01 0.01
0 0.260025 0.171762 0.01 0.01
0 0.267778 0.177699 0.01 0.01
0 0.274339 0.178887 0.01 0.01
0 0.279706 0.178887 0.01 0.01
0 0.278514 0.170575 0.01 0.01
0 0.271357 0.170575 0.01 0.01
0 0.265393 0.167606 0.01 0.01
0 0.282688 0.158701 0.01 0.01
0 0.289845 0.159295 0.01 0.01
0 0.289845 0.171168 0.01 0.01
0 0.286863 0.176512 0.01 0.01
0 0.296405 0.167013 0.01 0.01
0 0.292827 0.209759 0.01 0.01
0 0.291038 0.201447 0.01 0.01
0 0.300580 0.197885 0.01 0.01
0 0.304159 0.202041 0.01 0.01
0 0.310719 0.215696 0.01 0.01
0 0.308930 0.227570 0.01 0.01
0 0.314894 0.240037 0.01 0.01
0 0.304755 0.239444 0.01 0.01
0 0.325629 0.219258 0.01 0.01
0 0.335171 0.219258 0.01 0.01
0 0.342924 0.220445 0.01 0.01
0 0.330996 0.212134 0.01 0.01
0 0.323243 0.211540 0.01 0.01
0 0.332786 0.206790 0.01 0.01
0 0.341731 0.211540 0.01 0.01
0 0.334575 0.197885 0.01 0.01
0 0.328014 0.190760 0.01 0.01
0 0.322647 0.184823 0.01 0.01
0 0.333978 0.183636 0.01 0.01
0 0.343521 0.190167 0.01 0.01
0 0.342924 0.196697 0.01 0.01
0 0.303562 0.152170 0.01 0.01
0 0.304159 0.143858 0.01 0.01
0 0.295213 0.148608 0.01 0.01
0 0.294020 0.143265 0.01 0.01
0 0.313701 0.144452 0.01 0.01
0 0.259429 0.163450 0.01 0.01
0 0.340539 0.175324 0.01 0.01
0 0.351274 0.188386 0.01 0.01
0 0.345310 0.237662 0.01 0.01
0 0.366184 0.231725 0.01 0.01
0 0.360816 0.222226 0.01 0.01
0 0.357834 0.213321 0.01 0.01
0 0.366184 0.212134 0.01 0.01
0 0.372744 0.222226 0.01 0.01
0 0.370358 0.196697 0.01 0.01
0 0.377515 0.190760 0.01 0.01
0 0.375130 0.185417 0.01 0.01
0 0.366184 0.185417 0.01 0.01
0 0.362605 0.178293 0.01 0.01
0 0.360220 0.172950 0.01 0.01
0 0.370955 0.169981 0.01 0.01
0 0.369762 0.162263 0.01 0.01
0 0.362009 0.148014 0.01 0.01
0 0.355449 0.147421 0.01 0.01
0 0.348888 0.152764 0.01 0.01
0 0.358430 0.158701 0.01 0.01
0 0.327418 0.151577 0.01 0.01
0 0.286863 0.117142 0.01 0.01
0 0.267182 0.120704 0.01 0.01
0 0.296405 0.120704 0.01 0.01
0 0.309526 0.120111 0.01 0.01
0 0.354256 0.120704 0.01 0.01
0 0.362009 0.120704 0.01 0.01
0 0.379901 0.120704 0.01 0.01
0 0.387654 0.117142 0.01 0.01
0 0.394214 0.118330 0.01 0.01
0 0.406142 0.120111 0.01 0.01
0 0.415684 0.120111 0.01 0.01
0 0.421052 0.147421 0.01 0.01
0 0.430594 0.149795 0.01 0.01
0 0.441329 0.151577 0.01 0.01
0 0.447890 0.151577 0.01 0.01
0 0.456836 0.150983 0.01 0.01
0 0.466974 0.150983 0.01 0.01
0 0.384075 0.155139 0.01 0.01
0 0.391232 0.155732 0.01 0.01
0 0.401371 0.156920 0.01 0.01
0 0.408528 0.156920 0.01 0.01
0 0.380497 0.171168 0.01 0.01
0 0.389443 0.170575 0.01 0.01
0 0.399582 0.170575 0.01 0.01
0 0.406142 0.167606 0.01 0.01
0 0.400178 0.183042 0.01 0.01
0 0.404949 0.177105 0.01 0.01
0 0.415684 0.174731 0.01 0.01
0 0.385268 0.188979 0.01 0.01
0 0.388847 0.201447 0.01 0.01
0 0.401967 0.197291 0.01 0.01
0 0.414492 0.188979 0.01 0.01
0 0.424034 0.182449 0.01 0.01
0 0.428805 0.168794 0.01 0.01
0 0.417474 0.167013 0.01 0.01
0 0.435365 0.175324 0.01 0.01
0 0.450275 0.175324 0.01 0.01
0 0.459818 0.175324 0.01 0.01
0 0.465185 0.168794 0.01 0.01
0 0.447890 0.194916 0.01 0.01
0 0.433576 0.188386 0.01 0.01
0 0.421648 0.190167 0.01 0.01
0 0.451468 0.214508 0.01 0.01
0 0.451468 0.205009 0.01 0.01
0 0.462203 0.205009 0.01 0.01
0 0.474727 0.206790 0.01 0.01
0 0.475920 0.218664 0.01 0.01
0 0.454450 0.226976 0.01 0.01
0 0.394811 0.223414 0.01 0.01
0 0.394811 0.218070 0.01 0.01
0 0.375130 0.216289 0.01 0.01
0 0.413299 0.226382 0.01 0.01
0 0.414492 0.211540 0.01 0.01
0 0.429401 0.228163 0.01 0.01
0 0.422841 0.232319 0.01 0.01
0 0.435365 0.239444 0.01 0.01
0 0.453854 0.241225 0.01 0.01
0 0.475324 0.234694 0.01 0.01
0 0.469360 0.235881 0.01 0.01
0 0.486655 0.235288 0.01 0.01
0 0.485463 0.219852 0.01 0.01
0 0.494408 0.223414 0.01 0.01
0 0.496198 0.243006 0.01 0.01
0 0.478902 0.257254 0.01 0.01
0 0.494408 0.266754 0.01 0.01
0 0.456836 0.260223 0.01 0.01
0 0.447293 0.254880 0.01 0.01
0 0.412702 0.241818 0.01 0.01
0 0.452064 0.303563 0.01 0.01
0 0.275532 0.368276 0.01 0.01
0 0.427016 0.310687 0.01 0.01
0 0.422841 0.300001 0.01 0.01
0 0.386461 0.300594 0.01 0.01
0 0.373937 0.325529 0.01 0.01
0 0.397196 0.313062 0.01 0.01
0 0.401967 0.330873 0.01 0.01
0 0.418070 0.333247 0.01 0.01
0 0.189651 0.413990 0.01 0.01
0 0.558930 0.117439 0.01 0.01
0 0.538652 0.116252 0.01 0.01
0 0.567876 0.114471 0.01 0.01
0 0.580996 0.122189 0.01 0.01
0 0.583382 0.113283 0.01 0.01
0 0.588749 0.118033 0.01 0.01
0 0.613798 0.122189 0.01 0.01
0 0.619166 0.134656 0.01 0.01
0 0.627515 0.115658 0.01 0.01
0 0.638847 0.132281 0.01 0.01
0 0.667474 0.122189 0.01 0.01
0 0.659720 0.119220 0.01 0.01
0 0.703854 0.119220 0.01 0.01
0 0.688347 0.125157 0.01 0.01
0 0.719956 0.158404 0.01 0.01
0 0.762897 0.125157 0.01 0.01
0 0.751565 0.126344 0.01 0.01
0 0.504658 0.226679 0.01 0.01
0 0.512411 0.236178 0.01 0.01
0 0.526724 0.252208 0.01 0.01
0 0.515989 0.252802 0.01 0.01
0 0.518375 0.272394 0.01 0.01
0 0.534478 0.250427 0.01 0.01
0 0.523742 0.239147 0.01 0.01
0 0.545213 0.259926 0.01 0.01
0 0.553562 0.249833 0.01 0.01
0 0.557141 0.261113 0.01 0.01
0 0.557141 0.269425 0.01 0.01
0 0.571454 0.278924 0.01 0.01
0 0.580400 0.274768 0.01 0.01
0 0.588153 0.273581 0.01 0.01
0 0.584575 0.267050 0.01 0.01
0 0.590539 0.262895 0.01 0.01
0 0.596503 0.262895 0.01 0.01
0 0.606641 0.262301 0.01 0.01
0 0.613798 0.268831 0.01 0.01
0 0.622148 0.278331 0.01 0.01
0 0.634672 0.287236 0.01 0.01
0 0.635865 0.299110 0.01 0.01
0 0.643021 0.312765 0.01 0.01
0 0.660317 0.281299 0.01 0.01
0 0.735573 0.338888 0.01 0.01
0 0.684283 0.337107 0.01 0.01
0 0.754061 0.344825 0.01 0.01
0 0.794616 0.328201 0.01 0.01
0 0.786863 0.334732 0.01 0.01
0 0.811315 0.336513 0.01 0.01
0 0.804755 0.329982 0.01 0.01
0 0.817279 0.320483 0.01 0.01
0 0.839942 0.324639 0.01 0.01
0 0.867376 0.334732 0.01 0.01
0 0.869762 0.352543 0.01 0.01
0 0.940137 0.357292 0.01 0.01
0 0.987252 0.371541 0.01 0.01
0 0.849485 0.397070 0.01 0.01
0 0.832786 0.375697 0.01 0.01
0 0.811315 0.465939 0.01 0.01
0 0.748694 0.477219 0.01 0.01
0 0.757043 0.567461 0.01 0.01
0 0.767778 0.553212 0.01 0.01
0 0.729609 0.426755 0.01 0.01
0 0.688458 0.441597 0.01 0.01
0 0.570968 0.456439 0.01 0.01
0 0.973535 0.660671 0.01 0.01
0 0.982481 0.499779 0.01 0.01
0 0.843521 0.445753 0.01 0.01
0 0.899769 0.171168 0.01 0.01
0 0.928396 0.168794 0.01 0.01
0 0.967758 0.162857 0.01 0.01
0 0.972529 0.190167 0.01 0.01
0 0.990421 0.148608 0.01 0.01
0 0.098215 0.428833 0.01 0.01
0 0.315303 0.566570 0.01 0.01
0 0.093444 0.673435 0.01 0.01
