0 0.278588 0.708623 0.01 0.01
0 0.238960 0.662545 0.01 0.01
0 0.252784 0.680976 0.01 0.01
0 0.259235 0.656093 0.01 0.01
0 0.267529 0.623838 0.01 0.01
0 0.283196 0.627525 0.01 0.01
0 0.301628 0.591583 0.01 0.01
0 0.318216 0.592505 0.01 0.01
0 0.361530 0.621074 0.01 0.01
0 0.073998 0.668074 0.01 0.01
0 0.064782 0.679133 0.01 0.01
0 0.280431 0.690192 0.01 0.01
0 0.279510 0.730741 0.01 0.01
0 0.309000 0.719682 0.01 0.01
0 0.349550 0.695721 0.01 0.01
0 0.293334 0.669917 0.01 0.01
0 0.319138 0.656093 0.01 0.01
0 0.312687 0.626603 0.01 0.01
0 0.325589 0.625681 0.01 0.01
0 0.312687 0.741800 0.01 0.01
0 0.294255 0.758389 0.01 0.01
0 0.338491 0.727055 0.01 0.01
0 0.372589 0.726133 0.01 0.01
0 0.341256 0.767604 0.01 0.01
0 0.352315 0.757467 0.01 0.01
0 0.303471 0.809075 0.01 0.01
0 0.339412 0.799860 0.01 0.01
0 0.305314 0.790644 0.01 0.01
0 0.265686 0.816448 0.01 0.01
0 0.068468 0.700329 0.01 0.01
0 0.152332 0.875429 0.01 0.01
0 0.127449 0.891096 0.01 0.01
0 0.138508 0.910449 0.01 0.01
0 0.120077 0.908606 0.01 0.01
0 0.108096 0.902155 0.01 0.01
0 0.085978 0.913214 0.01 0.01
0 0.064782 0.917822 0.01 0.01
0 0.085978 0.927959 0.01 0.01
0 0.108096 0.921508 0.01 0.01
0 0.063861 0.947312 0.01 0.01
0 0.088743 0.957450 0.01 0.01
0 0.108096 0.947312 0.01 0.01
0 0.071233 0.975881 0.01 0.01
0 0.120998 0.941783 0.01 0.01
0 0.137587 0.927037 0.01 0.01
0 0.170764 0.892939 0.01 0.01
0 0.181823 0.884645 0.01 0.01
0 0.166156 0.910449 0.01 0.01
0 0.216843 0.897547 0.01 0.01
0 0.228823 0.877272 0.01 0.01
0 0.204862 0.882802 0.01 0.01
0 0.247255 0.876351 0.01 0.01
0 0.260157 0.869900 0.01 0.01
0 0.226058 0.861605 0.01 0.01
0 0.221450 0.828429 0.01 0.01
0 0.269372 0.845939 0.01 0.01
0 0.294255 0.843174 0.01 0.01
0 0.317295 0.852390 0.01 0.01
0 0.287804 0.883723 0.01 0.01
0 0.275824 0.890174 0.01 0.01
0 0.250941 0.898469 0.01 0.01
0 0.219607 0.915979 0.01 0.01
0 0.200254 0.915979 0.01 0.01
0 0.189195 0.929802 0.01 0.01
0 0.182744 0.952842 0.01 0.01
0 0.169842 0.954685 0.01 0.01
0 0.139430 0.962057 0.01 0.01
0 0.257392 0.948234 0.01 0.01
0 0.238039 0.942704 0.01 0.01
0 0.191038 0.967587 0.01 0.01
0 0.209470 0.944547 0.01 0.01
0 0.220529 0.968508 0.01 0.01
0 0.236196 0.972195 0.01 0.01
0 0.301628 0.939018 0.01 0.01
0 0.309000 0.920586 0.01 0.01
0 0.282275 0.914135 0.01 0.01
0 0.260157 0.923351 0.01 0.01
0 0.293334 0.901233 0.01 0.01
0 0.348628 0.902155 0.01 0.01
0 0.337569 0.937175 0.01 0.01
0 0.364295 0.946391 0.01 0.01
0 0.323746 0.967587 0.01 0.01
0 0.369825 0.901233 0.01 0.01
0 0.367060 0.877272 0.01 0.01
0 0.353236 0.868056 0.01 0.01
0 0.330197 0.851468 0.01 0.01
0 0.349550 0.845017 0.01 0.01
0 0.371668 0.847782 0.01 0.01
0 0.364295 0.835801 0.01 0.01
0 0.376276 0.804468 0.01 0.01
0 0.364295 0.789722 0.01 0.01
0 0.379040 0.784193 0.01 0.01
0 0.396550 0.774977 0.01 0.01
0 0.424198 0.755624 0.01 0.01
0 0.456453 0.744565 0.01 0.01
0 0.416825 0.812762 0.01 0.01
0 0.401158 0.799860 0.01 0.01
0 0.427884 0.780507 0.01 0.01
0 0.395629 0.835801 0.01 0.01
0 0.384570 0.857919 0.01 0.01
0 0.387335 0.885566 0.01 0.01
0 0.402080 0.911371 0.01 0.01
0 0.424198 0.854233 0.01 0.01
0 0.403923 0.862527 0.01 0.01
0 0.438943 0.832115 0.01 0.01
0 0.450002 0.811840 0.01 0.01
0 0.484100 0.849625 0.01 0.01
0 0.508061 0.856076 0.01 0.01
0 0.465669 0.800781 0.01 0.01
0 0.487787 0.789722 0.01 0.01
0 0.509904 0.797095 0.01 0.01
0 0.495159 0.777742 0.01 0.01
0 0.508983 0.770369 0.01 0.01
0 0.484100 0.765761 0.01 0.01
0 0.515434 0.743643 0.01 0.01
0 0.489630 0.682819 0.01 0.01
0 0.544003 0.729820 0.01 0.01
0 0.524650 0.764840 0.01 0.01
0 0.532944 0.754702 0.01 0.01
0 0.544924 0.749173 0.01 0.01
0 0.554140 0.750094 0.01 0.01
0 0.537552 0.781428 0.01 0.01
0 0.521885 0.838566 0.01 0.01
0 0.545846 0.846860 0.01 0.01
0 0.572572 0.829350 0.01 0.01
0 0.567964 0.845017 0.01 0.01
0 0.601141 0.865292 0.01 0.01
0 0.617729 0.862527 0.01 0.01
0 0.591925 0.787879 0.01 0.01
0 0.560591 0.801703 0.01 0.01
0 0.583631 0.748251 0.01 0.01
0 0.593768 0.734428 0.01 0.01
0 0.624180 0.687427 0.01 0.01
0 0.611278 0.711388 0.01 0.01
0 0.621415 0.727977 0.01 0.01
0 0.631553 0.745487 0.01 0.01
0 0.614043 0.756545 0.01 0.01
0 0.594690 0.754702 0.01 0.01
0 0.622337 0.771291 0.01 0.01
0 0.608513 0.783271 0.01 0.01
0 0.623259 0.788801 0.01 0.01
0 0.623259 0.813683 0.01 0.01
0 0.645376 0.805389 0.01 0.01
0 0.660122 0.802624 0.01 0.01
0 0.649984 0.781428 0.01 0.01
0 0.661043 0.764840 0.01 0.01
0 0.670259 0.775899 0.01 0.01
0 0.702514 0.776820 0.01 0.01
0 0.701593 0.749173 0.01 0.01
0 0.663808 0.751016 0.01 0.01
0 0.683161 0.757467 0.01 0.01
0 0.665651 0.727977 0.01 0.01
0 0.659200 0.701251 0.01 0.01
0 0.626023 0.632132 0.01 0.01
0 0.622337 0.598034 0.01 0.01
0 0.630631 0.574073 0.01 0.01
0 0.618651 0.553798 0.01 0.01
0 0.621415 0.537210 0.01 0.01
0 0.591003 0.532602 0.01 0.01
0 0.604827 0.514170 0.01 0.01
0 0.617729 0.502190 0.01 0.01
0 0.640768 0.521543 0.01 0.01
0 0.688691 0.539975 0.01 0.01
0 0.669337 0.542739 0.01 0.01
0 0.664730 0.560249 0.01 0.01
0 0.670259 0.635819 0.01 0.01
0 0.682240 0.639505 0.01 0.01
0 0.699749 0.633976 0.01 0.01
0 0.710808 0.603564 0.01 0.01
0 0.701593 0.584210 0.01 0.01
0 0.710808 0.576838 0.01 0.01
0 0.708044 0.554720 0.01 0.01
0 0.688691 0.567622 0.01 0.01
0 0.666573 0.480994 0.01 0.01
0 0.632474 0.473621 0.01 0.01
0 0.606670 0.489288 0.01 0.01
0 0.580866 0.480994 0.01 0.01
0 0.585474 0.457954 0.01 0.01
0 0.611278 0.465327 0.01 0.01
0 0.732005 0.563936 0.01 0.01
0 0.722789 0.539053 0.01 0.01
0 0.665651 0.467170 0.01 0.01
0 0.697906 0.467170 0.01 0.01
0 0.754123 0.630289 0.01 0.01
0 0.746750 0.603564 0.01 0.01
0 0.766103 0.563014 0.01 0.01
0 0.790064 0.568544 0.01 0.01
0 0.801123 0.612779 0.01 0.01
0 0.783613 0.632132 0.01 0.01
0 0.736613 0.686506 0.01 0.01
0 0.725554 0.663466 0.01 0.01
0 0.682240 0.673603 0.01 0.01
0 0.675788 0.692035 0.01 0.01
0 0.662886 0.688349 0.01 0.01
0 0.703436 0.716918 0.01 0.01
0 0.681318 0.704016 0.01 0.01
0 0.685004 0.721526 0.01 0.01
0 0.681318 0.738114 0.01 0.01
0 0.011024 1.010085 0.01 0.01
0 0.031299 1.031281 0.01 0.01
0 0.042358 1.062615 0.01 0.01
0 0.049730 1.049713 0.01 0.01
0 0.064475 1.040497 0.01 0.01
0 0.088436 1.048791 0.01 0.01
0 0.084750 1.024830 0.01 0.01
0 0.071848 1.002712 0.01 0.01
0 0.093044 0.992575 0.01 0.01
0 0.039593 0.998104 0.01 0.01
0 0.015632 0.976908 0.01 0.01
0 0.037750 0.964006 0.01 0.01
0 0.031299 0.931751 0.01 0.01
0 0.058024 0.893966 0.01 0.01
0 0.038671 0.898574 0.01 0.01
0 0.029455 0.870005 0.01 0.01
0 0.143731 0.989810 0.01 0.01
0 0.124378 1.024830 0.01 0.01
0 0.150182 1.022065 0.01 0.01
0 0.175065 0.987045 0.01 0.01
0 0.187045 1.025752 0.01 0.01
0 0.215614 1.015614 0.01 0.01
0 0.243262 1.016536 0.01 0.01
0 0.290262 0.994418 0.01 0.01
0 0.294870 0.985202 0.01 0.01
0 0.258928 1.058007 0.01 0.01
0 0.251556 1.036811 0.01 0.01
0 0.235889 1.057085 0.01 0.01
0 0.242340 1.076438 0.01 0.01
0 0.209163 1.087497 0.01 0.01
0 0.217457 1.072752 0.01 0.01
0 0.183359 1.089340 0.01 0.01
0 0.171378 1.107772 0.01 0.01
0 0.142810 1.103164 0.01 0.01
0 0.145574 1.134498 0.01 0.01
0 0.094887 1.119753 0.01 0.01
0 0.081985 1.143714 0.01 0.01
0 0.047887 1.125282 0.01 0.01
0 0.025769 1.130811 0.01 0.01
0 0.056181 1.092105 0.01 0.01
0 0.004573 1.071830 0.01 0.01
0 0.109633 1.096713 0.01 0.01
0 0.090280 1.080125 0.01 0.01
0 0.114241 1.065379 0.01 0.01
0 0.130829 1.081046 0.01 0.01
0 0.124378 1.048791 0.01 0.01
0 0.149261 1.056164 0.01 0.01
0 0.018396 1.185185 0.01 0.01
0 0.062632 1.173204 0.01 0.01
0 0.124378 1.147400 0.01 0.01
0 0.166771 1.171361 0.01 0.01
0 0.140045 1.190714 0.01 0.01
0 0.188888 1.140949 0.01 0.01
0 0.192575 1.114223 0.01 0.01
0 0.222065 1.138184 0.01 0.01
0 0.218379 1.110537 0.01 0.01
0 0.240497 1.111458 0.01 0.01
0 0.240497 1.142792 0.01 0.01
0 0.253399 1.187949 0.01 0.01
0 0.234046 1.186106 0.01 0.01
0 0.266301 1.133576 0.01 0.01
0 0.281968 1.159380 0.01 0.01
0 0.293948 1.119753 0.01 0.01
0 0.269987 1.085654 0.01 0.01
0 0.252477 1.102243 0.01 0.01
0 0.293027 1.092105 0.01 0.01
0 0.312380 1.133576 0.01 0.01
0 0.306850 1.107772 0.01 0.01
0 0.340027 1.110537 0.01 0.01
0 0.331733 1.085654 0.01 0.01
0 0.305007 1.068144 0.01 0.01
0 0.305007 1.038654 0.01 0.01
0 0.283811 1.048791 0.01 0.01
0 0.211006 1.031281 0.01 0.01
0 0.365831 1.087497 0.01 0.01
0 0.387028 1.100399 0.01 0.01
0 0.383341 1.123439 0.01 0.01
0 0.361224 1.140027 0.01 0.01
0 0.350165 1.158459 0.01 0.01
0 0.329890 1.187028 0.01 0.01
0 0.327125 1.030359 0.01 0.01
0 0.310537 1.026673 0.01 0.01
0 0.122535 0.997183 0.01 0.01
0 0.366753 1.015614 0.01 0.01
0 0.340949 0.978751 0.01 0.01
0 0.358459 0.970457 0.01 0.01
0 0.385185 0.972300 0.01 0.01
0 0.402695 0.957555 0.01 0.01
0 0.406381 0.942810 0.01 0.01
0 0.416518 0.976908 0.01 0.01
0 0.405459 0.997183 0.01 0.01
0 0.391636 1.008242 0.01 0.01
0 0.436793 0.992575 0.01 0.01
0 0.429420 0.958476 0.01 0.01
0 0.471813 0.936358 0.01 0.01
0 0.503147 0.928986 0.01 0.01
0 0.521578 0.930829 0.01 0.01
0 0.516049 0.911476 0.01 0.01
0 0.531716 0.905025 0.01 0.01
0 0.543696 0.924378 0.01 0.01
0 0.560284 0.905946 0.01 0.01
0 0.576873 0.893044 0.01 0.01
0 0.588853 0.914241 0.01 0.01
0 0.542774 0.995339 0.01 0.01
0 0.523421 1.007320 0.01 0.01
0 0.522500 0.995339 0.01 0.01
0 0.502225 1.005477 0.01 0.01
0 0.473656 1.004555 0.01 0.01
0 0.436793 1.039575 0.01 0.01
0 0.454303 1.030359 0.01 0.01
0 0.466283 1.024830 0.01 0.01
0 0.409146 1.042340 0.01 0.01
0 0.389792 1.020222 0.01 0.01
0 0.385185 1.045105 0.01 0.01
0 0.417440 1.066301 0.01 0.01
0 0.395322 1.071830 0.01 0.01
0 0.421126 1.028516 0.01 0.01
0 0.405459 1.128968 0.01 0.01
0 0.400851 1.114223 0.01 0.01
0 0.434028 1.179655 0.01 0.01
0 0.433107 1.151086 0.01 0.01
0 0.445087 1.156616 0.01 0.01
0 0.322517 1.163988 0.01 0.01
0 0.208242 1.172282 0.01 0.01
0 0.507754 1.172282 0.01 0.01
0 0.481029 1.167675 0.01 0.01
0 0.490244 1.143714 0.01 0.01
0 0.506833 1.125282 0.01 0.01
0 0.526186 1.094870 0.01 0.01
0 0.522500 1.063536 0.01 0.01
0 0.517892 1.039575 0.01 0.01
0 0.538167 1.069066 0.01 0.01
0 0.537245 1.029438 0.01 0.01
0 0.557520 1.051556 0.01 0.01
0 0.560284 1.024830 0.01 0.01
0 0.567657 1.069987 0.01 0.01
0 0.578716 1.020222 0.01 0.01
0 0.595304 1.026673 0.01 0.01
0 0.613736 1.013771 0.01 0.01
0 0.627560 1.029438 0.01 0.01
0 0.643226 1.046026 0.01 0.01
0 0.661658 1.041418 0.01 0.01
0 0.612814 1.069987 0.01 0.01
0 0.580559 1.099478 0.01 0.01
0 0.556598 1.096713 0.01 0.01
0 0.553833 1.115145 0.01 0.01
0 0.535402 1.137263 0.01 0.01
0 0.542774 1.140027 0.01 0.01
0 0.540010 1.118831 0.01 0.01
0 0.598069 1.115145 0.01 0.01
0 0.604520 1.134498 0.01 0.01
0 0.622952 1.118831 0.01 0.01
0 0.631246 1.141870 0.01 0.01
0 0.668109 1.130811 0.01 0.01
0 0.617422 1.185185 0.01 0.01
0 0.676403 1.110537 0.01 0.01
0 0.669952 1.062615 0.01 0.01
0 0.689305 1.064458 0.01 0.01
0 0.703129 1.095792 0.01 0.01
0 0.708659 1.134498 0.01 0.01
0 0.712345 1.081046 0.01 0.01
0 0.730776 1.084733 0.01 0.01
0 0.719717 1.036811 0.01 0.01
0 0.733541 1.054320 0.01 0.01
0 0.745522 1.082889 0.01 0.01
0 0.748286 1.066301 0.01 0.01
0 0.775012 1.065379 0.01 0.01
0 0.755659 1.108694 0.01 0.01
0 0.757502 1.120674 0.01 0.01
0 0.740914 1.155694 0.01 0.01
0 0.697600 1.197165 0.01 0.01
0 0.777777 1.139106 0.01 0.01
0 0.781463 1.112380 0.01 0.01
0 0.797130 1.114223 0.01 0.01
0 0.441183 1.077360 0.01 0.01
0 0.487262 1.121596 0.01 0.01
0 0.597852 0.982437 0.01 0.01
0 0.601538 0.951104 0.01 0.01
0 0.586793 0.966771 0.01 0.01
0 0.613518 0.903182 0.01 0.01
0 0.628264 0.928064 0.01 0.01
0 0.645774 0.918848 0.01 0.01
0 0.645774 0.885672 0.01 0.01
0 0.666048 0.917005 0.01 0.01
0 0.668813 0.894887 0.01 0.01
0 0.668813 0.844201 0.01 0.01
0 0.692774 0.835906 0.01 0.01
0 0.678029 0.940045 0.01 0.01
0 0.677107 0.967692 0.01 0.01
0 0.690931 0.988888 0.01 0.01
0 0.663284 0.971378 0.01 0.01
0 0.707519 0.950182 0.01 0.01
0 0.710284 0.921613 0.01 0.01
0 0.735167 0.946496 0.01 0.01
0 0.740696 0.905946 0.01 0.01
0 0.716735 0.862632 0.01 0.01
0 0.708441 0.836828 0.01 0.01
0 0.740696 0.851573 0.01 0.01
0 0.754520 0.821161 0.01 0.01
0 0.760049 0.840514 0.01 0.01
0 0.757285 0.856181 0.01 0.01
0 0.777559 0.849730 0.01 0.01
0 0.794148 0.860789 0.01 0.01
0 0.747147 0.889358 0.01 0.01
0 0.757285 0.985202 0.01 0.01
0 0.778481 0.980594 0.01 0.01
0 0.801520 0.955712 0.01 0.01
0 0.781246 0.953868 0.01 0.01
0 0.803364 0.931751 0.01 0.01
0 0.647617 1.019301 0.01 0.01
0 0.840227 1.098556 0.01 0.01
0 0.817187 1.088419 0.01 0.01
0 0.817187 1.058928 0.01 0.01
0 0.801520 1.045105 0.01 0.01
0 0.830089 1.041418 0.01 0.01
0 0.843913 1.035889 0.01 0.01
0 0.832854 1.008242 0.01 0.01
0 0.860501 1.014693 0.01 0.01
0 0.869717 0.992575 0.01 0.01
0 0.849442 0.987045 0.01 0.01
0 0.881698 0.968614 0.01 0.01
0 0.896443 0.996261 0.01 0.01
0 0.924090 0.982437 0.01 0.01
0 0.912110 1.025752 0.01 0.01
0 0.881698 1.034046 0.01 0.01
0 0.862345 1.049713 0.01 0.01
0 0.877090 1.083811 0.01 0.01
0 0.862345 1.116988 0.01 0.01
0 0.798756 1.171361 0.01 0.01
0 0.843913 1.164910 0.01 0.01
0 0.824560 1.153851 0.01 0.01
0 0.725029 0.975986 0.01 0.01
0 0.383124 0.935437 0.01 0.01
0 0.902894 1.134498 0.01 0.01
0 0.923169 1.176890 0.01 0.01
0 0.956345 1.133576 0.01 0.01
0 0.962797 1.163067 0.01 0.01
0 0.963718 1.096713 0.01 0.01
0 0.957267 1.067223 0.01 0.01
0 0.974777 1.067223 0.01 0.01
0 0.936071 1.039575 0.01 0.01
0 0.854972 0.929907 0.01 0.01
0 0.840227 0.923456 0.01 0.01
0 0.731480 0.802730 0.01 0.01
0 0.750834 0.958476 0.01 0.01
0 1.036572 1.129890 0.01 0.01
0 1.006160 1.145557 0.01 0.01
0 1.016297 1.104086 0.01 0.01
0 1.005238 1.090262 0.01 0.01
0 0.978512 1.030359 0.01 0.01
0 0.966532 1.010085 0.01 0.01
0 1.005238 0.960320 0.01 0.01
0 0.986806 0.960320 0.01 0.01
0 1.023670 0.976908 0.01 0.01
0 1.036572 0.965849 0.01 0.01
0 1.046709 0.964927 0.01 0.01
0 1.060533 0.981516 0.01 0.01
0 1.066062 1.045105 0.01 0.01
0 1.040258 1.024830 0.01 0.01
0 1.019983 1.014693 0.01 0.01
0 1.017219 1.035889 0.01 0.01
0 1.043023 1.048791 0.01 0.01
0 1.116749 1.096713 0.01 0.01
0 1.086337 1.118831 0.01 0.01
0 1.096474 1.040497 0.01 0.01
0 1.142553 1.066301 0.01 0.01
0 1.162828 1.095792 0.01 0.01
0 1.216279 0.953868 0.01 0.01
0 1.205221 0.930829 0.01 0.01
0 1.164671 0.940045 0.01 0.01
0 1.151769 0.934515 0.01 0.01
0 1.104768 0.942810 0.01 0.01
0 1.127808 0.949261 0.01 0.01
0 1.084494 0.905946 0.01 0.01
0 1.066062 0.892123 0.01 0.01
0 1.043023 0.895809 0.01 0.01
0 1.027356 0.877377 0.01 0.01
0 0.998787 0.881064 0.01 0.01
0 0.978512 0.878299 0.01 0.01
0 0.953630 0.875534 0.01 0.01
0 0.939806 0.872770 0.01 0.01
0 0.935198 0.894887 0.01 0.01
0 0.914002 0.878299 0.01 0.01
0 0.908472 0.909633 0.01 0.01
0 0.887276 0.917005 0.01 0.01
0 0.907551 0.895809 0.01 0.01
0 0.888198 0.895809 0.01 0.01
0 0.930590 0.935437 0.01 0.01
0 0.910316 0.935437 0.01 0.01
0 0.951787 0.950182 0.01 0.01
0 0.940728 0.915162 0.01 0.01
0 0.947179 0.930829 0.01 0.01
0 1.024591 0.917005 0.01 0.01
0 0.990493 0.924378 0.01 0.01
0 0.984042 0.905025 0.01 0.01
0 0.966532 0.893966 0.01 0.01
0 1.085415 0.994418 0.01 0.01
0 1.097396 0.993496 0.01 0.01
0 1.114906 0.998104 0.01 0.01
0 1.109376 0.966771 0.01 0.01
0 1.136102 0.997183 0.01 0.01
0 0.917688 1.064458 0.01 0.01
0 0.903864 1.095792 0.01 0.01
0 0.961002 1.115145 0.01 0.01
0 1.070670 1.084733 0.01 0.01
0 0.842119 0.881985 0.01 0.01
0 0.832903 0.907790 0.01 0.01
0 0.855942 0.882907 0.01 0.01
0 0.880825 0.871848 0.01 0.01
0 0.937963 0.847887 0.01 0.01
0 0.921374 0.832220 0.01 0.01
0 1.119514 0.927143 0.01 0.01
0 1.105690 0.919770 0.01 0.01
0 1.170201 0.893966 0.01 0.01
0 1.200613 0.879221 0.01 0.01
0 1.184024 0.867240 0.01 0.01
0 1.100161 0.862632 0.01 0.01
0 1.186789 0.811945 0.01 0.01
0 1.197848 0.824848 0.01 0.01
0 1.196005 0.743749 0.01 0.01
0 1.254986 0.838671 0.01 0.01
0 1.242084 0.807338 0.01 0.01
0 1.235633 0.788906 0.01 0.01
0 1.253143 0.778769 0.01 0.01
0 1.267888 0.767710 0.01 0.01
0 1.287241 0.764945 0.01 0.01
0 1.268809 0.785220 0.01 0.01
0 1.274339 0.833142 0.01 0.01
0 1.269731 0.811945 0.01 0.01
0 1.292770 0.804573 0.01 0.01
0 1.296457 0.778769 0.01 0.01
0 1.288163 0.828534 0.01 0.01
0 1.290006 0.854338 0.01 0.01
0 1.231946 0.729003 0.01 0.01
0 1.251299 0.735454 0.01 0.01
0 1.109376 0.724396 0.01 0.01
0 1.131494 0.720709 0.01 0.01
0 1.143475 0.732690 0.01 0.01
0 1.091866 0.759415 0.01 0.01
0 1.105690 0.762180 0.01 0.01
0 1.097396 0.797200 0.01 0.01
0 1.068827 0.828534 0.01 0.01
0 1.087259 0.826691 0.01 0.01
0 1.107533 0.823926 0.01 0.01
0 1.008924 0.816553 0.01 0.01
0 0.999709 0.807338 0.01 0.01
0 0.998787 0.832220 0.01 0.01
0 1.022748 0.840514 0.01 0.01
0 1.042101 0.832220 0.01 0.01
0 1.035650 0.810102 0.01 0.01
0 1.051317 0.780612 0.01 0.01
0 1.028278 0.786141 0.01 0.01
0 1.004316 0.778769 0.01 0.01
0 1.021826 0.740984 0.01 0.01
0 1.046709 0.748357 0.01 0.01
0 1.057768 0.681081 0.01 0.01
0 0.995101 0.760337 0.01 0.01
0 0.967453 0.815632 0.01 0.01
0 0.956394 0.795357 0.01 0.01
0 0.936120 0.791671 0.01 0.01
0 0.948100 0.769553 0.01 0.01
0 0.911237 0.752964 0.01 0.01
0 0.929669 0.758494 0.01 0.01
0 0.867923 0.794435 0.01 0.01
0 0.888198 0.764023 0.01 0.01
0 0.867923 0.753886 0.01 0.01
0 0.872531 0.722552 0.01 0.01
0 0.889119 0.715180 0.01 0.01
0 0.906629 0.717944 0.01 0.01
0 0.914923 0.718866 0.01 0.01
0 0.973904 0.729925 0.01 0.01
0 0.796040 0.775082 0.01 0.01
0 0.780373 0.746513 0.01 0.01
0 0.764706 0.759415 0.01 0.01
0 0.756412 0.748357 0.01 0.01
0 0.738902 0.740062 0.01 0.01
0 0.725078 0.749278 0.01 0.01
0 0.734294 0.717023 0.01 0.01
0 0.739824 0.777847 0.01 0.01
0 0.729686 0.763102 0.01 0.01
0 0.716784 0.772318 0.01 0.01
0 0.804334 0.904103 0.01 0.01
0 0.804334 0.870005 0.01 0.01
0 0.822766 0.859867 0.01 0.01
0 0.811707 0.850652 0.01 0.01
0 0.813550 0.827612 0.01 0.01
0 0.822766 0.810102 0.01 0.01
0 0.799726 0.802730 0.01 0.01
0 0.816315 0.795357 0.01 0.01
0 0.828295 0.754808 0.01 0.01
0 0.785902 0.718866 0.01 0.01
0 0.777608 0.697670 0.01 0.01
0 0.750882 0.695827 0.01 0.01
0 0.792354 0.695827 0.01 0.01
0 0.811707 0.697670 0.01 0.01
0 0.811707 0.682924 0.01 0.01
0 0.775765 0.812867 0.01 0.01
0 0.784059 0.827612 0.01 0.01
0 0.856864 0.855260 0.01 0.01
0 0.845805 0.839593 0.01 0.01
0 0.873452 0.852495 0.01 0.01
0 0.902021 0.856181 0.01 0.01
0 0.798805 0.994418 0.01 0.01
0 0.851182 0.565884 0.01 0.01
0 0.872379 0.579708 0.01 0.01
0 0.860398 0.633159 0.01 0.01
0 0.881594 0.626708 0.01 0.01
0 0.865928 0.621179 0.01 0.01
0 0.894496 0.639610 0.01 0.01
0 0.890810 0.610120 0.01 0.01
0 0.886202 0.585237 0.01 0.01
0 0.907399 0.564041 0.01 0.01
0 0.917536 0.573257 0.01 0.01
0 0.935968 0.578786 0.01 0.01
0 0.941497 0.562198 0.01 0.01
0 0.946105 0.548374 0.01 0.01
0 0.969144 0.569570 0.01 0.01
0 0.970066 0.556668 0.01 0.01
0 0.987576 0.561276 0.01 0.01
0 0.973752 0.530864 0.01 0.01
0 0.959007 0.479256 0.01 0.01
0 0.941497 0.500452 0.01 0.01
0 0.888045 0.548374 0.01 0.01
0 0.988497 0.524413 0.01 0.01
0 0.996792 0.547453 0.01 0.01
0 1.000478 0.582472 0.01 0.01
0 1.021674 0.570492 0.01 0.01
0 1.045635 0.568649 0.01 0.01
0 1.037341 0.589845 0.01 0.01
0 1.013380 0.616571 0.01 0.01
0 0.993105 0.630395 0.01 0.01
0 0.971909 0.631316 0.01 0.01
0 0.952556 0.642375 0.01 0.01
0 0.927673 0.650669 0.01 0.01
0 0.947948 0.670022 0.01 0.01
0 0.979282 0.649748 0.01 0.01
0 0.961772 0.681081 0.01 0.01
0 0.991262 0.690297 0.01 0.01
0 0.884359 0.674630 0.01 0.01
0 0.920301 0.686611 0.01 0.01
0 0.846574 0.675552 0.01 0.01
0 0.832751 0.666336 0.01 0.01
0 0.824457 0.646061 0.01 0.01
0 0.811554 0.632238 0.01 0.01
0 0.794044 0.669101 0.01 0.01
0 0.869614 0.830377 0.01 0.01
0 0.888045 0.813789 0.01 0.01
0 0.900948 0.827612 0.01 0.01
0 1.407816 0.858946 0.01 0.01
0 1.369109 0.959398 0.01 0.01
0 1.423482 0.890280 0.01 0.01
0 1.452051 0.910554 0.01 0.01
0 1.464953 0.932672 0.01 0.01
0 1.410580 0.964927 0.01 0.01
0 1.347913 0.738219 0.01 0.01
0 1.337776 0.734533 0.01 0.01
0 1.423482 0.746513 0.01 0.01
0 1.434541 0.720709 0.01 0.01
0 1.419796 0.714258 0.01 0.01
0 1.383854 0.717023 0.01 0.01
0 1.323030 0.718866 0.01 0.01
0 1.289854 0.716101 0.01 0.01
0 1.236402 0.686611 0.01 0.01
0 1.108303 0.673709 0.01 0.01
0 1.094479 0.655277 0.01 0.01
0 1.086185 0.651591 0.01 0.01
0 1.116597 0.652512 0.01 0.01
0 1.094479 0.617492 0.01 0.01
0 1.025361 0.635002 0.01 0.01
0 1.043792 0.648826 0.01 0.01
0 1.059459 0.576943 0.01 0.01
0 1.079734 0.594453 0.01 0.01
0 1.072361 0.559433 0.01 0.01
0 1.067753 0.537315 0.01 0.01
0 1.080655 0.541923 0.01 0.01
0 1.090793 0.513354 0.01 0.01
0 1.078812 0.507825 0.01 0.01
0 1.064067 0.522570 0.01 0.01
0 1.035498 0.527178 0.01 0.01
0 1.026282 0.549296 0.01 0.01
0 1.012458 0.550217 0.01 0.01
0 1.006007 0.531786 0.01 0.01
0 1.018910 0.524413 0.01 0.01
0 1.028125 0.513354 0.01 0.01
0 1.071439 0.482020 0.01 0.01
0 1.084342 0.482020 0.01 0.01
0 1.114754 0.504138 0.01 0.01
0 1.105538 0.493079 0.01 0.01
0 1.134107 0.480177 0.01 0.01
0 1.124891 0.464510 0.01 0.01
0 1.144244 0.501374 0.01 0.01
0 1.182950 0.509668 0.01 0.01
0 1.175578 0.492158 0.01 0.01
0 1.205068 0.471883 0.01 0.01
0 1.215206 0.474648 0.01 0.01
0 1.201382 0.534550 0.01 0.01
0 1.178343 0.549296 0.01 0.01
0 1.167284 0.559433 0.01 0.01
0 1.139636 0.564041 0.01 0.01
0 1.115675 0.619336 0.01 0.01
0 1.123969 0.584316 0.01 0.01
0 1.106459 0.583394 0.01 0.01
0 1.152538 0.592610 0.01 0.01
0 1.177421 0.595375 0.01 0.01
0 1.201382 0.606434 0.01 0.01
0 1.219814 0.543766 0.01 0.01
0 1.219814 0.533629 0.01 0.01
0 1.212441 0.565884 0.01 0.01
0 1.241931 0.543766 0.01 0.01
0 1.256677 0.552060 0.01 0.01
0 1.265892 0.538237 0.01 0.01
0 1.288932 0.502295 0.01 0.01
0 1.311050 0.527178 0.01 0.01
0 1.354364 0.542845 0.01 0.01
0 1.277873 0.576943 0.01 0.01
0 1.294461 0.560355 0.01 0.01
0 1.282481 0.612885 0.01 0.01
0 1.245618 0.600904 0.01 0.01
0 1.278795 0.633159 0.01 0.01
0 1.271422 0.660807 0.01 0.01
0 1.293540 0.635002 0.01 0.01
0 1.293540 0.654356 0.01 0.01
0 1.357129 0.692140 0.01 0.01
0 1.394383 0.634081 0.01 0.01
0 1.374108 0.666336 0.01 0.01
0 1.333559 0.652512 0.01 0.01
0 1.357520 0.646061 0.01 0.01
0 1.413736 0.564962 0.01 0.01
0 1.445070 0.556668 0.01 0.01
0 1.432168 0.585237 0.01 0.01
0 1.417422 0.602747 0.01 0.01
0 1.469952 0.577865 0.01 0.01
0 1.483776 0.597218 0.01 0.01
0 1.521561 0.580629 0.01 0.01
0 1.569483 0.617492 0.01 0.01
0 1.524325 0.603669 0.01 0.01
0 1.550130 0.656199 0.01 0.01
0 1.536306 0.687532 0.01 0.01
0 1.504051 0.694905 0.01 0.01
0 1.490227 0.704121 0.01 0.01
0 1.523404 0.760337 0.01 0.01
0 1.539071 0.779690 0.01 0.01
0 1.573169 0.808259 0.01 0.01
0 1.523404 0.947417 0.01 0.01
0 1.594365 0.636846 0.01 0.01
0 1.575934 0.642375 0.01 0.01
0 1.240479 0.463589 0.01 0.01
0 1.269970 0.447922 0.01 0.01
0 1.280107 0.456216 0.01 0.01
0 1.367657 0.439628 0.01 0.01
0 1.394383 0.455295 0.01 0.01
0 1.378716 1.077360 0.01 0.01
0 0.915195 0.387914 0.01 0.01
0 0.930862 0.363032 0.01 0.01
0 1.008274 0.315110 0.01 0.01
0 1.125315 0.242305 0.01 0.01
0 1.227610 0.361188 0.01 0.01
0 1.211943 0.360267 0.01 0.01
0 1.194433 0.343678 0.01 0.01
0 1.237747 0.341835 0.01 0.01
0 1.261708 0.351973 0.01 0.01
0 1.276454 0.360267 0.01 0.01
0 1.269081 0.402659 0.01 0.01
0 1.281983 0.409111 0.01 0.01
0 1.298571 0.407267 0.01 0.01
0 1.344650 0.386071 0.01 0.01
0 1.321611 0.383306 0.01 0.01
0 1.338199 0.411875 0.01 0.01
0 1.199041 0.446895 0.01 0.01
0 0.971411 0.453346 0.01 0.01
0 0.996294 0.471778 0.01 0.01
0 0.984313 0.480072 0.01 0.01
0 0.916116 0.527994 0.01 0.01
0 0.906901 0.504033 0.01 0.01
0 0.854371 0.509563 0.01 0.01
0 1.204570 0.412797 0.01 0.01
0 1.203649 0.428464 0.01 0.01
0 1.224845 0.423856 0.01 0.01
0 1.234982 0.412797 0.01 0.01
0 1.249728 0.421091 0.01 0.01
0 1.233139 0.397130 0.01 0.01
0 1.051588 0.507719 0.01 0.01
0 1.002745 0.486523 0.01 0.01
0 1.007353 0.470856 0.01 0.01
0 1.023941 0.489288 0.01 0.01
0 1.411004 0.401738 0.01 0.01
0 1.328983 0.333541 0.01 0.01
0 1.350180 0.322482 0.01 0.01
0 1.351101 0.296678 0.01 0.01
0 1.328983 0.292992 0.01 0.01
0 1.350180 0.263501 0.01 0.01
0 1.340042 0.254285 0.01 0.01
0 1.364003 0.280090 0.01 0.01
0 1.317003 0.211893 0.01 0.01
0 1.309630 0.207285 0.01 0.01
0 1.334513 0.188853 0.01 0.01
0 1.370454 0.189775 0.01 0.01
0 1.220237 0.280090 0.01 0.01
0 1.208257 0.293913 0.01 0.01
0 1.235904 0.286541 0.01 0.01
0 1.248806 0.298521 0.01 0.01
0 1.266316 0.287462 0.01 0.01
0 1.265395 0.275482 0.01 0.01
0 1.282905 0.280090 0.01 0.01
0 1.288434 0.285619 0.01 0.01
0 1.304101 0.323404 0.01 0.01
0 1.302258 0.291149 0.01 0.01
0 1.289356 0.310502 0.01 0.01
0 1.308709 0.313266 0.01 0.01
0 1.243277 0.264423 0.01 0.01
0 1.268159 0.223873 0.01 0.01
0 1.231296 0.245070 0.01 0.01
0 1.176923 0.241383 0.01 0.01
0 1.208257 0.238619 0.01 0.01
0 1.390729 0.401738 0.01 0.01
0 1.389808 0.375934 0.01 0.01
0 1.415612 0.336306 0.01 0.01
0 1.434043 0.326169 0.01 0.01
0 1.450632 0.371326 0.01 0.01
0 1.450632 0.351973 0.01 0.01
0 1.471828 0.326169 0.01 0.01
0 1.516064 0.327090 0.01 0.01
0 1.518829 0.306815 0.01 0.01
0 1.497632 0.322482 0.01 0.01
0 1.495789 0.335384 0.01 0.01
0 1.485652 0.359345 0.01 0.01
0 1.510534 0.357502 0.01 0.01
0 1.530809 0.350130 0.01 0.01
0 1.529888 0.363032 0.01 0.01
0 1.538182 0.375012 0.01 0.01
0 1.510534 0.378698 0.01 0.01
0 1.524358 0.386071 0.01 0.01
0 1.489338 0.400816 0.01 0.01
0 1.468142 0.402659 0.01 0.01
0 1.450632 0.412797 0.01 0.01
0 1.435887 0.400816 0.01 0.01
0 1.468142 0.443209 0.01 0.01
0 1.473671 0.424777 0.01 0.01
0 1.453397 0.446895 0.01 0.01
0 1.508691 0.410954 0.01 0.01
0 1.552005 0.396208 0.01 0.01
0 1.545554 0.420169 0.01 0.01
0 1.558456 0.428464 0.01 0.01
0 1.516985 0.441366 0.01 0.01
0 1.481044 0.457954 0.01 0.01
0 1.460769 0.477307 0.01 0.01
0 1.499475 0.475464 0.01 0.01
0 1.498554 0.457954 0.01 0.01
0 1.522515 0.456111 0.01 0.01
0 1.526201 0.465327 0.01 0.01
0 1.532652 0.486523 0.01 0.01
0 1.540946 0.509563 0.01 0.01
0 1.340042 0.345522 0.01 0.01
0 1.308396 0.236775 0.01 0.01
0 1.293650 0.257050 0.01 0.01
0 1.313925 0.263501 0.01 0.01
0 1.359083 0.075499 0.01 0.01
0 1.371063 0.055225 0.01 0.01
0 1.372906 0.082872 0.01 0.01
0 1.386730 0.066283 0.01 0.01
0 1.386730 0.083793 0.01 0.01
0 1.268768 0.175951 0.01 0.01
0 1.266003 0.165814 0.01 0.01
0 1.071550 0.288384 0.01 0.01
0 1.567640 0.516014 0.01 0.01
0 1.591601 0.517857 0.01 0.01
0 0.068388 1.135150 0.01 0.01
0 0.168979 1.062725 0.01 0.01
0 0.189097 1.051803 0.01 0.01
0 0.029301 0.947189 0.01 0.01
0 0.017805 0.956960 0.01 0.01
0 0.158632 0.933393 0.01 0.01
0 0.293711 0.952362 0.01 0.01
0 0.292562 0.923047 0.01 0.01
0 0.396602 0.930519 0.01 0.01
0 0.466153 1.073071 0.01 0.01
0 0.492019 1.099512 0.01 0.01
0 0.185725 0.830503 0.01 0.01
0 0.064441 0.827054 0.01 0.01
0 0.068465 0.862117 0.01 0.01
0 0.435191 0.889708 0.01 0.01
0 0.439214 0.862117 0.01 0.01
0 0.458183 0.877062 0.01 0.01
0 0.474852 0.873614 0.01 0.01
0 0.360466 1.034559 0.01 0.01
0 0.351844 1.010992 0.01 0.01
0 0.309883 1.004669 0.01 0.01
0 0.293214 1.010992 0.01 0.01
0 0.263899 1.006394 0.01 0.01
0 0.250103 0.992598 0.01 0.01
0 0.318505 1.053528 0.01 0.01
0 0.322529 1.079969 0.01 0.01
0 0.458183 1.100662 0.01 0.01
0 0.484049 1.015016 0.01 0.01
0 0.641434 0.824180 0.01 0.01
0 0.461520 0.832228 0.01 0.01
0 0.471291 0.828204 0.01 0.01
0 0.489110 0.808086 0.01 0.01
0 0.494284 0.842574 0.01 0.01
0 0.569008 0.756928 0.01 0.01
0 0.549465 0.773023 0.01 0.01
0 0.522449 0.794290 0.01 0.01
0 0.646607 0.742558 0.01 0.01
0 0.641434 0.724739 0.01 0.01
0 0.639135 0.699447 0.01 0.01
0 0.608670 0.666684 0.01 0.01
0 0.586252 0.671282 0.01 0.01
0 0.686269 0.789117 0.01 0.01
0 0.678221 0.803487 0.01 0.01
0 0.656954 0.868440 0.01 0.01
0 0.619495 0.990874 0.01 0.01
0 0.636739 0.986276 0.01 0.01
0 0.649960 0.998921 0.01 0.01
0 0.715488 0.947764 0.01 0.01
0 0.428660 1.096638 0.01 0.01
0 0.420038 1.117331 0.01 0.01
0 0.380951 1.151245 0.01 0.01
0 0.448203 0.960409 0.01 0.01
0 0.463148 0.962708 0.01 0.01
0 0.476369 0.967307 0.01 0.01
0 0.488440 0.959260 0.01 0.01
0 0.510282 0.957535 0.01 0.01
0 0.559716 0.946614 0.01 0.01
0 0.544771 0.958685 0.01 0.01
0 0.567188 0.992598 0.01 0.01
0 0.587306 1.055252 0.01 0.01
0 0.655133 1.098937 0.01 0.01
0 0.626968 1.062150 0.01 0.01
0 0.726984 1.128253 0.01 0.01
0 0.776992 0.932819 0.01 0.01
0 0.771819 0.904078 0.01 0.01
0 0.750551 0.911551 0.01 0.01
0 0.714913 0.891433 0.01 0.01
0 0.689622 0.904653 0.01 0.01
0 0.776992 0.889708 0.01 0.01
0 1.002749 1.005244 0.01 0.01
0 0.984930 0.982827 0.01 0.01
0 1.049308 0.955236 0.01 0.01
0 1.233593 1.116182 0.01 0.01
0 1.061765 1.023638 0.01 0.01
0 1.084182 1.018465 0.01 0.01
0 1.396687 0.736235 0.01 0.01
0 1.359325 0.754054 0.01 0.01
0 1.441522 0.685652 0.01 0.01
0 1.421404 0.673581 0.01 0.01
0 1.427727 0.660361 0.01 0.01
0 1.403010 0.663235 0.01 0.01
0 1.408183 0.637368 0.01 0.01
0 1.386341 0.671857 0.01 0.01
0 1.382317 0.687951 0.01 0.01
0 1.359900 0.682778 0.01 0.01
0 1.351277 0.656912 0.01 0.01
0 1.371970 0.625298 0.01 0.01
0 1.474286 0.651164 0.01 0.01
0 1.488081 0.667833 0.01 0.01
0 1.459916 0.660935 0.01 0.01
0 1.534616 0.629321 0.01 0.01
0 1.457017 0.620699 0.01 0.01
0 1.439773 0.600006 0.01 0.01
0 1.359875 0.563793 0.01 0.01
0 1.313890 0.584486 0.01 0.01
0 1.293197 0.581037 0.01 0.01
0 1.263882 0.560344 0.01 0.01
0 1.278253 0.541951 0.01 0.01
0 1.338607 0.516659 0.01 0.01
0 1.223646 0.668408 0.01 0.01
0 1.203528 0.666684 0.01 0.01
0 1.183410 0.656912 0.01 0.01
0 1.164441 0.620699 0.01 0.01
0 1.170189 0.578163 0.01 0.01
0 1.285150 0.519533 0.01 0.01
0 1.366773 0.614951 0.01 0.01
0 1.365623 0.596557 0.01 0.01
0 1.349528 0.613227 0.01 0.01
0 1.405285 0.437911 0.01 0.01
0 1.563931 0.454005 0.01 0.01
0 1.559907 0.440210 0.01 0.01
0 1.573128 0.464352 0.01 0.01
0 1.436899 0.362611 0.01 0.01
0 1.412757 0.354564 0.01 0.01
0 1.448970 0.335595 0.01 0.01
0 1.456442 0.337895 0.01 0.01
0 1.472537 0.343068 0.01 0.01
0 1.419655 0.316052 0.01 0.01
0 1.422529 0.286737 0.01 0.01
0 1.435174 0.284438 0.01 0.01
0 1.398962 0.270642 0.01 0.01
0 1.378844 0.322950 0.01 0.01
0 1.335158 0.354564 0.01 0.01
0 1.160992 0.402273 0.01 0.01
0 1.116732 0.418367 0.01 0.01
0 1.184559 0.362037 0.01 0.01
0 1.162717 0.368934 0.01 0.01
0 1.160992 0.382155 0.01 0.01
0 1.373095 0.168521 0.01 0.01
0 1.252386 0.186915 0.01 0.01
0 1.255260 0.215081 0.01 0.01
0 1.189732 0.252443 0.01 0.01
0 1.293197 0.226577 0.01 0.01
0 1.039787 0.469145 0.01 0.01
0 1.063354 0.453050 0.01 0.01
0 1.090370 0.431782 0.01 0.01
0 0.938046 0.593303 0.01 0.01
0 0.954141 0.597326 0.01 0.01
0 0.974259 0.600775 0.01 0.01
0 0.987479 0.600775 0.01 0.01
0 0.873668 0.645035 0.01 0.01
0 0.838030 0.616870 0.01 0.01
0 0.849526 0.610547 0.01 0.01
0 0.851825 0.596752 0.01 0.01
0 0.774801 0.657681 0.01 0.01
0 0.755833 0.645610 0.01 0.01
0 0.742037 0.643886 0.01 0.01
0 0.770778 0.629515 0.01 0.01
0 0.795494 0.439830 0.01 0.01
0 0.954141 0.707114 0.01 0.01
0 1.176591 0.472019 0.01 0.01
0 1.160496 0.464546 0.01 0.01
0 1.144401 0.459373 0.01 0.01
0 1.172567 0.443853 0.01 0.01
0 1.170842 0.433507 0.01 0.01
0 0.809290 0.658256 0.01 0.01
0 0.795494 0.633539 0.01 0.01
0 0.770778 0.676075 0.01 0.01
0 0.768478 0.712862 0.01 0.01
0 0.837073 0.721484 0.01 0.01
0 0.814655 0.720910 0.01 0.01
0 0.815230 0.746201 0.01 0.01
0 0.794537 0.751374 0.01 0.01
0 0.903176 0.585830 0.01 0.01
0 0.907199 0.605948 0.01 0.01
0 0.646220 0.625492 0.01 0.01
0 0.661740 0.603074 0.01 0.01
0 0.649669 0.596177 0.01 0.01
0 0.645070 0.571460 0.01 0.01
0 0.685882 0.501334 0.01 0.01
0 0.677260 0.496735 0.01 0.01
0 0.697378 0.514554 0.01 0.01
0 0.700827 0.491562 0.01 0.01
0 0.629551 0.444428 0.01 0.01
0 0.645070 0.456499 0.01 0.01
0 0.695079 0.701941 0.01 0.01
0 0.902009 0.684122 0.01 0.01
0 0.962083 0.976504 0.01 0.01
0 0.661385 0.517809 0.01 0.01
0 0.323989 0.902929 0.01 0.01
0 0.309619 0.898905 0.01 0.01
0 1.145738 0.854645 0.01 0.01
