0 0.422292 0.827917 0.01 0.01
0 0.584272 0.862112 0.01 0.01
0 0.798445 0.802720 0.01 0.01
0 0.881235 0.755926 0.01 0.01
0 0.886634 0.557950 0.01 0.01
0 0.917230 0.538153 0.01 0.01
0 1.073811 0.572349 0.01 0.01
0 1.233991 0.619143 0.01 0.01
0 1.307782 0.586747 0.01 0.01
0 1.273586 0.502157 0.01 0.01
0 1.278985 0.435566 0.01 0.01
0 1.494958 0.377973 0.01 0.01
0 1.566949 0.340178 0.01 0.01
0 0.461887 0.536353 0.01 0.01
0 0.501482 0.437365 0.01 0.01
0 0.645464 0.419368 0.01 0.01
0 0.627467 0.327579 0.01 0.01
0 0.503282 0.327579 0.01 0.01
0 0.461887 0.289784 0.01 0.01
0 0.175723 0.631741 0.01 0.01
0 0.179323 0.577748 0.01 0.01
0 0.121730 0.397770 0.01 0.01
0 0.208119 0.377973 0.01 0.01
0 0.368299 0.205194 0.01 0.01
0 0.343102 0.127804 0.01 0.01
0 0.303507 0.120605 0.01 0.01
0 0.213518 0.144002 0.01 0.01
0 0.217118 0.210594 0.01 0.01
0 0.114531 0.172799 0.01 0.01
0 0.046139 0.223192 0.01 0.01
0 0.022742 0.318580 0.01 0.01
0 0.191921 0.269986 0.01 0.01
0 0.456488 0.235791 0.01 0.01
0 0.497883 0.221392 0.01 0.01
0 0.458288 0.206994 0.01 0.01
0 0.933428 0.350976 0.01 0.01
0 0.904632 0.307782 0.01 0.01
0 0.937028 0.242990 0.01 0.01
0 0.917230 0.194396 0.01 0.01
0 0.942427 0.181797 0.01 0.01
0 0.901032 0.181797 0.01 0.01
0 0.883035 0.142202 0.01 0.01
0 0.749851 0.145802 0.01 0.01
0 0.773248 0.163800 0.01 0.01
0 0.758850 0.187197 0.01 0.01
0 0.706657 0.131404 0.01 0.01
0 0.647264 0.104407 0.01 0.01
0 0.011944 0.145802 0.01 0.01
0 0.262112 0.275386 0.01 0.01
0 0.254913 0.210594 0.01 0.01
0 0.292709 0.185397 0.01 0.01
0 0.317905 0.192596 0.01 0.01
0 0.136128 1.045689 0.01 0.01
0 0.017343 0.966499 0.01 0.01
0 1.403170 0.307782 0.01 0.01
0 1.496758 0.210594 0.01 0.01
0 1.570549 0.160200 0.01 0.01
0 1.404970 0.219593 0.01 0.01
0 1.372574 0.215993 0.01 0.01
0 1.268187 0.194396 0.01 0.01
0 1.304182 0.172799 0.01 0.01
0 1.374373 0.106207 0.01 0.01
0 1.356376 0.100808 0.01 0.01
0 1.313181 0.043215 0.01 0.01
0 1.280785 0.075611 0.01 0.01
0 1.262787 0.093608 0.01 0.01
0 1.174598 0.165599 0.01 0.01
0 1.194396 0.138603 0.01 0.01
0 1.167399 0.138603 0.01 0.01
0 1.136803 0.172799 0.01 0.01
0 1.084610 0.187197 0.01 0.01
0 1.122405 0.151201 0.01 0.01
0 1.100808 0.151201 0.01 0.01
0 1.043215 0.145802 0.01 0.01
0 1.003620 0.145802 0.01 0.01
0 0.964025 0.113406 0.01 0.01
0 0.994621 0.117006 0.01 0.01
0 1.027017 0.072011 0.01 0.01
0 0.625667 0.081010 0.01 0.01
0 0.573473 0.079210 0.01 0.01
0 0.485284 0.075611 0.01 0.01
0 0.447489 0.081010 0.01 0.01
0 0.613068 0.199795 0.01 0.01
0 0.620268 0.172799 0.01 0.01
0 0.593271 0.163800 0.01 0.01
0 0.562675 0.188997 0.01 0.01
0 0.548277 0.174598 0.01 0.01
0 0.571674 0.232191 0.01 0.01
0 0.542877 0.233991 0.01 0.01
0 0.514081 0.264587 0.01 0.01
0 1.219593 0.043215 0.01 0.01
0 0.719255 0.224992 0.01 0.01
0 0.625667 0.145802 0.01 0.01
0 0.798445 0.214193 0.01 0.01
0 0.848839 0.250189 0.01 0.01
0 0.809244 0.275386 0.01 0.01
0 0.789446 0.271786 0.01 0.01
0 0.847039 0.298783 0.01 0.01
0 0.899233 0.210594 0.01 0.01
0 0.982022 0.181797 0.01 0.01
0 0.809244 0.081010 0.01 0.01
0 1.073811 0.030616 0.01 0.01
0 1.318580 0.129604 0.01 0.01
0 1.334778 0.156601 0.01 0.01
0 1.251989 0.041415 0.01 0.01
0 0.919030 0.050414 0.01 0.01
0 1.209636 0.038881 0.01 0.01
0 1.203442 0.034486 0.01 0.01
0 1.192653 0.030290 0.01 0.01
0 1.175270 0.030889 0.01 0.01
0 1.165879 0.036484 0.01 0.01
0 1.178667 0.082838 0.01 0.01
0 1.197847 0.070650 0.01 0.01
0 1.190255 0.052268 0.01 0.01
0 1.198647 0.045475 0.01 0.01
0 1.229616 0.013707 0.01 0.01
0 1.245200 0.028292 0.01 0.01
0 1.227618 0.048272 0.01 0.01
0 1.231614 0.055665 0.01 0.01
0 1.232013 0.069251 0.01 0.01
0 1.241604 0.060460 0.01 0.01
0 1.257987 0.047073 0.01 0.01
0 1.295350 0.054865 0.01 0.01
0 1.289156 0.062658 0.01 0.01
0 1.152093 0.118002 0.01 0.01
0 1.162882 0.027493 0.01 0.01
0 1.153891 0.023097 0.01 0.01
0 1.148896 0.020500 0.01 0.01
0 1.153492 0.014905 0.01 0.01
0 1.147897 0.003517 0.01 0.01
0 1.152892 0.003916 0.01 0.01
0 1.163282 0.007113 0.01 0.01
0 1.170475 0.013707 0.01 0.01
0 1.176669 0.014905 0.01 0.01
0 1.183062 0.015105 0.01 0.01
0 1.192453 0.011509 0.01 0.01
0 1.197648 0.016504 0.01 0.01
0 1.215030 0.016104 0.01 0.01
0 1.200445 0.007513 0.01 0.01
0 1.206039 0.006514 0.01 0.01
0 1.195849 0.004116 0.01 0.01
0 1.187857 0.009910 0.01 0.01
0 1.184661 0.010310 0.01 0.01
0 1.179466 0.009311 0.01 0.01
0 1.224021 0.010110 0.01 0.01
0 1.230215 0.000520 0.01 0.01
0 1.236409 0.004116 0.01 0.01
0 1.245800 0.008312 0.01 0.01
0 1.244801 0.017503 0.01 0.01
0 1.256389 0.015505 0.01 0.01
0 1.268976 0.017703 0.01 0.01
0 1.266179 0.020899 0.01 0.01
0 1.260984 0.026494 0.01 0.01
0 1.268777 0.024696 0.01 0.01
0 1.276169 0.035285 0.01 0.01
0 1.289156 0.020300 0.01 0.01
0 1.281764 0.014905 0.01 0.01
0 1.278767 0.017902 0.01 0.01
0 1.276968 0.008712 0.01 0.01
0 1.275969 0.002917 0.01 0.01
0 1.293152 0.012108 0.01 0.01
0 1.301544 0.017303 0.01 0.01
0 1.313332 0.029491 0.01 0.01
0 1.297548 0.031289 0.01 0.01
0 1.288757 0.039880 0.01 0.01
0 1.309336 0.055665 0.01 0.01
0 1.325919 0.088432 0.01 0.01
0 1.254990 0.006714 0.01 0.01
0 1.265979 0.010710 0.01 0.01
0 1.233412 0.011309 0.01 0.01
0 1.224621 0.021099 0.01 0.01
0 1.056189 0.073647 0.01 0.01
0 0.989456 0.076444 0.01 0.01
0 1.004041 0.065055 0.01 0.01
0 1.020225 0.052867 0.01 0.01
0 0.987058 0.026694 0.01 0.01
0 1.001244 0.045675 0.01 0.01
0 1.028817 0.037283 0.01 0.01
0 1.030015 0.027892 0.01 0.01
0 1.046199 0.025894 0.01 0.01
0 1.066579 0.030290 0.01 0.01
0 1.075570 0.037683 0.01 0.01
0 1.082163 0.042078 0.01 0.01
0 1.100745 0.043477 0.01 0.01
0 1.106739 0.039481 0.01 0.01
0 1.101344 0.029491 0.01 0.01
0 1.094551 0.034286 0.01 0.01
0 1.082763 0.031888 0.01 0.01
0 1.095150 0.019501 0.01 0.01
0 1.100545 0.012308 0.01 0.01
0 1.098347 0.003916 0.01 0.01
0 1.089756 0.011109 0.01 0.01
0 1.114131 0.022098 0.01 0.01
0 1.120125 0.015705 0.01 0.01
0 1.135510 0.018702 0.01 0.01
0 1.141704 0.053467 0.01 0.01
0 1.146699 0.045675 0.01 0.01
0 1.125320 0.032488 0.01 0.01
0 1.128916 0.056264 0.01 0.01
0 1.120125 0.086034 0.01 0.01
0 1.122723 0.068252 0.01 0.01
0 1.143302 0.101419 0.01 0.01
0 1.068777 0.108612 0.01 0.01
0 1.080964 0.095625 0.01 0.01
0 1.083162 0.118802 0.01 0.01
0 1.084761 0.141579 0.01 0.01
0 1.061184 0.143577 0.01 0.01
0 1.116928 0.128192 0.01 0.01
0 1.130515 0.126594 0.01 0.01
0 1.163082 0.017303 0.01 0.01
0 1.136509 0.002518 0.01 0.01
0 1.161684 0.138981 0.01 0.01
0 1.074171 0.063657 0.01 0.01
0 0.952093 0.093627 0.01 0.01
0 0.977268 0.071848 0.01 0.01
0 0.975670 0.083437 0.01 0.01
0 0.989256 0.057463 0.01 0.01
0 0.970475 0.116204 0.01 0.01
0 1.025620 0.060859 0.01 0.01
0 0.901344 0.034086 0.01 0.01
0 0.902143 0.024096 0.01 0.01
0 0.900345 0.059661 0.01 0.01
0 0.908337 0.047273 0.01 0.01
0 0.912932 0.043876 0.01 0.01
0 0.949895 0.049671 0.01 0.01
0 0.943502 0.071848 0.01 0.01
0 0.947897 0.073447 0.01 0.01
0 0.934111 0.066254 0.01 0.01
0 0.942503 0.087033 0.01 0.01
0 0.864980 0.060859 0.01 0.01
0 0.865180 0.086034 0.01 0.01
0 0.853392 0.137982 0.01 0.01
0 0.843802 0.109011 0.01 0.01
0 0.853991 0.092428 0.01 0.01
0 0.783861 0.078717 0.01 0.01
0 0.767877 0.097498 0.01 0.01
0 0.830215 0.090305 0.01 0.01
0 0.810235 0.121474 0.01 0.01
0 0.808237 0.145450 0.01 0.01
0 0.844201 0.192603 0.01 0.01
0 1.370275 0.161384 0.01 0.01
0 1.014831 0.150445 0.01 0.01
0 1.032013 0.118077 0.01 0.01
0 1.031614 0.101294 0.01 0.01
0 1.024421 0.093702 0.01 0.01
0 1.033212 0.083312 0.01 0.01
0 1.006039 0.085310 0.01 0.01
0 1.038007 0.074521 0.01 0.01
0 1.219426 0.026569 0.01 0.01
0 1.423622 0.229516 0.01 0.01
0 0.753757 0.216633 0.01 0.01
0 0.793556 0.154760 0.01 0.01
0 0.514626 0.229677 0.01 0.01
0 0.818305 0.159442 0.01 0.01
0 0.873824 0.096901 0.01 0.01
0 0.711282 0.157436 0.01 0.01
0 0.675496 0.156098 0.01 0.01
0 0.668473 0.170479 0.01 0.01
0 0.681516 0.180513 0.01 0.01
0 0.679844 0.213623 0.01 0.01
0 0.699576 0.222653 0.01 0.01
0 0.708272 0.336700 0.01 0.01
0 0.633021 0.157436 0.01 0.01
0 0.733021 0.083857 0.01 0.01
0 0.803590 0.089041 0.01 0.01
0 0.857770 0.054593 0.01 0.01
0 0.877168 0.053590 0.01 0.01
0 0.774493 0.133523 0.01 0.01
0 0.340379 0.285529 0.01 0.01
0 0.340044 0.233021 0.01 0.01
0 0.497235 0.195228 0.01 0.01
0 0.425998 0.134024 0.01 0.01
0 0.448071 0.127335 0.01 0.01
0 0.515630 0.158774 0.01 0.01
0 0.406934 0.170814 0.01 0.01
0 0.109275 0.276165 0.01 0.01
0 0.083188 0.374493 0.01 0.01
0 0.263121 0.315630 0.01 0.01
0 0.740044 0.509944 0.01 0.01
0 1.311951 0.415295 0.01 0.01
0 1.467804 0.347737 0.01 0.01
0 1.479175 0.304258 0.01 0.01
0 1.547402 0.217971 0.01 0.01
0 1.449743 0.229342 0.01 0.01
0 1.459108 0.215964 0.01 0.01
0 1.400914 0.160446 0.01 0.01
0 1.221984 0.153255 0.01 0.01
0 1.189208 0.157603 0.01 0.01
0 1.275161 0.155262 0.01 0.01
0 1.297235 0.112452 0.01 0.01
0 1.227335 0.090044 0.01 0.01
0 1.245061 0.106767 0.01 0.01
0 0.922319 0.148573 0.01 0.01
0 0.897570 0.105095 0.01 0.01
0 0.940713 0.061784 0.01 0.01
0 0.957101 0.049743 0.01 0.01
0 0.966131 0.045563 0.01 0.01
0 0.972820 0.050580 0.01 0.01
0 0.966131 0.064125 0.01 0.01
0 0.962118 0.067636 0.01 0.01
0 0.949075 0.086700 0.01 0.01
0 1.022486 0.029258 0.01 0.01
0 1.014794 0.062034 0.01 0.01
0 1.096399 0.080095 0.01 0.01
0 1.099409 0.067051 0.01 0.01
0 1.082352 0.061700 0.01 0.01
0 1.104426 0.107185 0.01 0.01
0 0.996733 0.066884 0.01 0.01
0 1.018305 0.166968 0.01 0.01
0 1.299576 0.087369 0.01 0.01
0 1.306265 0.078004 0.01 0.01
0 1.317302 0.070981 0.01 0.01
0 1.208439 0.069225 0.01 0.01
0 1.189041 0.073907 0.01 0.01
0 1.164292 0.067553 0.01 0.01
0 1.154258 0.060362 0.01 0.01
0 1.136198 0.066884 0.01 0.01
0 1.141215 0.067051 0.01 0.01
0 1.108941 0.064543 0.01 0.01
0 1.115630 0.045646 0.01 0.01
0 1.058941 0.044476 0.01 0.01
0 1.065630 0.050830 0.01 0.01
0 1.133188 0.038623 0.01 0.01
0 1.128004 0.026917 0.01 0.01
0 1.035864 0.044476 0.01 0.01
0 0.919141 0.022737 0.01 0.01
0 0.913456 0.025747 0.01 0.01
0 0.915964 0.015212 0.01 0.01
0 1.204593 0.047486 0.01 0.01
0 1.236867 0.015212 0.01 0.01
0 1.230847 0.037954 0.01 0.01
0 1.236533 0.031265 0.01 0.01
0 1.234192 0.020730 0.01 0.01
0 1.193723 0.023406 0.01 0.01
0 1.269643 0.047151 0.01 0.01
0 1.183941 0.037787 0.01 0.01
0 1.178924 0.024325 0.01 0.01
0 1.167720 0.019685 0.01 0.01
0 1.216800 0.002837 0.01 0.01
0 1.203422 0.020061 0.01 0.01
0 1.208105 0.026248 0.01 0.01
0 1.153924 0.036951 0.01 0.01
0 1.141717 0.032770 0.01 0.01
0 1.146064 0.026583 0.01 0.01
0 1.246064 0.038121 0.01 0.01
0 1.259275 0.036282 0.01 0.01
0 1.252586 0.021566 0.01 0.01
0 1.436365 0.134192 0.01 0.01
0 1.470981 0.166131 0.01 0.01
0 1.440546 0.216466 0.01 0.01
