0 0.291373 0.474410 0.01 0.01
0 0.380862 0.451792 0.01 0.01
0 0.424131 0.427207 0.01 0.01
0 0.378895 0.408523 0.01 0.01
0 0.307108 0.399672 0.01 0.01
0 0.232370 0.420323 0.01 0.01
0 0.168450 0.359353 0.01 0.01
0 0.122230 0.370170 0.01 0.01
0 0.110429 0.299366 0.01 0.01
0 0.150748 0.319034 0.01 0.01
0 0.032741 0.398689 0.01 0.01
0 0.036675 0.226595 0.01 0.01
0 0.064210 0.244296 0.01 0.01
0 0.114363 0.266914 0.01 0.01
0 0.158616 0.221678 0.01 0.01
0 0.087811 0.196110 0.01 0.01
0 0.062243 0.192177 0.01 0.01
0 0.047492 0.174476 0.01 0.01
0 0.044542 0.200044 0.01 0.01
0 0.036675 0.135140 0.01 0.01
0 0.026841 0.119406 0.01 0.01
0 0.014057 0.125306 0.01 0.01
0 0.047492 0.122356 0.01 0.01
0 0.056343 0.118422 0.01 0.01
0 0.035692 0.100721 0.01 0.01
0 0.077977 0.118422 0.01 0.01
0 0.064210 0.133173 0.01 0.01
0 0.067160 0.144974 0.01 0.01
0 0.056343 0.154808 0.01 0.01
0 0.091745 0.172509 0.01 0.01
0 0.083878 0.150874 0.01 0.01
0 0.099612 0.135140 0.01 0.01
0 0.093712 0.103671 0.01 0.01
0 0.125180 0.103671 0.01 0.01
0 0.116330 0.126289 0.01 0.01
0 0.120263 0.182343 0.01 0.01
0 0.199918 0.308217 0.01 0.01
0 0.174350 0.252163 0.01 0.01
0 0.223519 0.225612 0.01 0.01
0 0.205818 0.196110 0.01 0.01
0 0.190084 0.179392 0.01 0.01
0 0.171400 0.166608 0.01 0.01
0 0.140915 0.189226 0.01 0.01
0 0.138948 0.145957 0.01 0.01
0 0.134031 0.130223 0.01 0.01
0 0.133047 0.116455 0.01 0.01
0 0.136981 0.107605 0.01 0.01
0 0.149765 0.127273 0.01 0.01
0 0.173366 0.138090 0.01 0.01
0 0.155665 0.160708 0.01 0.01
0 0.249088 0.245280 0.01 0.01
0 0.343493 0.343619 0.01 0.01
0 0.337593 0.320017 0.01 0.01
0 0.268755 0.307233 0.01 0.01
0 0.304158 0.261014 0.01 0.01
0 0.524437 0.417373 0.01 0.01
0 0.445766 0.335752 0.01 0.01
0 0.394630 0.306250 0.01 0.01
0 0.388729 0.246263 0.01 0.01
0 0.342510 0.249213 0.01 0.01
0 0.457567 0.389838 0.01 0.01
0 0.513620 0.319034 0.01 0.01
0 0.488052 0.296416 0.01 0.01
0 0.449700 0.283632 0.01 0.01
0 0.591308 0.406556 0.01 0.01
0 0.667029 0.406556 0.01 0.01
0 0.620810 0.325918 0.01 0.01
0 0.552956 0.348536 0.01 0.01
0 0.584424 0.261997 0.01 0.01
0 0.626710 0.268881 0.01 0.01
0 0.603109 0.251180 0.01 0.01
0 0.665062 0.302316 0.01 0.01
0 0.699481 0.290516 0.01 0.01
0 0.726033 0.365253 0.01 0.01
0 0.746684 0.403606 0.01 0.01
0 0.841089 0.470476 0.01 0.01
0 0.899109 0.430157 0.01 0.01
0 0.895176 0.528497 0.01 0.01
0 0.928611 0.556031 0.01 0.01
0 0.837156 0.397705 0.01 0.01
0 0.804704 0.362303 0.01 0.01
0 0.785036 0.345586 0.01 0.01
0 0.799787 0.316084 0.01 0.01
0 0.833222 0.313134 0.01 0.01
0 0.866658 0.343619 0.01 0.01
0 0.890259 0.380004 0.01 0.01
0 0.921727 0.368204 0.01 0.01
0 0.920744 0.320017 0.01 0.01
0 0.955163 0.333785 0.01 0.01
0 0.961063 0.291499 0.01 0.01
0 0.968930 0.251180 0.01 0.01
0 0.938445 0.267898 0.01 0.01
0 0.951229 0.238396 0.01 0.01
0 0.917794 0.242330 0.01 0.01
0 0.909927 0.261014 0.01 0.01
0 0.886325 0.273798 0.01 0.01
0 0.906977 0.289532 0.01 0.01
0 0.855840 0.241346 0.01 0.01
0 0.890259 0.241346 0.01 0.01
0 0.881408 0.229545 0.01 0.01
0 0.869608 0.217745 0.01 0.01
0 0.846006 0.215778 0.01 0.01
0 0.837156 0.244296 0.01 0.01
0 0.821422 0.266914 0.01 0.01
0 0.818471 0.221678 0.01 0.01
0 0.819455 0.204961 0.01 0.01
0 0.819455 0.187260 0.01 0.01
0 0.795853 0.241346 0.01 0.01
0 0.504769 0.262981 0.01 0.01
0 0.420198 0.261014 0.01 0.01
0 0.437899 0.245280 0.01 0.01
0 0.479201 0.202010 0.01 0.01
0 0.448716 0.201027 0.01 0.01
0 0.449700 0.228562 0.01 0.01
0 0.130343 0.159416 0.01 0.01
0 0.217373 0.209077 0.01 0.01
0 0.249333 0.180559 0.01 0.01
0 0.262609 0.185968 0.01 0.01
0 0.237533 0.170725 0.01 0.01
0 0.222290 0.155482 0.01 0.01
0 0.188363 0.156957 0.01 0.01
0 0.205573 0.144665 0.01 0.01
0 0.187380 0.144665 0.01 0.01
0 0.185413 0.119097 0.01 0.01
0 0.167220 0.119097 0.01 0.01
0 0.153944 0.112213 0.01 0.01
0 0.193772 0.110246 0.01 0.01
0 0.182463 0.101396 0.01 0.01
0 0.182955 0.093529 0.01 0.01
0 0.171154 0.093529 0.01 0.01
0 0.171154 0.082711 0.01 0.01
0 0.183446 0.081728 0.01 0.01
0 0.157878 0.074844 0.01 0.01
0 0.158861 0.083695 0.01 0.01
0 0.156403 0.093529 0.01 0.01
0 0.173612 0.067961 0.01 0.01
0 0.173612 0.075336 0.01 0.01
0 0.183938 0.068944 0.01 0.01
0 0.197705 0.068452 0.01 0.01
0 0.197705 0.082711 0.01 0.01
0 0.209506 0.086645 0.01 0.01
0 0.209506 0.095004 0.01 0.01
0 0.207539 0.102379 0.01 0.01
0 0.196230 0.093037 0.01 0.01
0 0.233108 0.088120 0.01 0.01
0 0.242450 0.109755 0.01 0.01
0 0.213931 0.132864 0.01 0.01
0 0.237041 0.150074 0.01 0.01
0 0.269985 0.116638 0.01 0.01
0 0.290144 0.102379 0.01 0.01
0 0.294078 0.111721 0.01 0.01
0 0.296536 0.122539 0.01 0.01
0 0.296045 0.134831 0.01 0.01
0 0.256709 0.093529 0.01 0.01
0 0.267035 0.085662 0.01 0.01
0 0.252775 0.085170 0.01 0.01
0 0.239008 0.076811 0.01 0.01
0 0.255234 0.074844 0.01 0.01
0 0.235074 0.070419 0.01 0.01
0 0.230157 0.073861 0.01 0.01
0 0.220815 0.072386 0.01 0.01
0 0.214423 0.066977 0.01 0.01
0 0.208031 0.059110 0.01 0.01
0 0.200164 0.059110 0.01 0.01
0 0.194755 0.056160 0.01 0.01
0 0.189838 0.060093 0.01 0.01
0 0.178038 0.059110 0.01 0.01
0 0.173121 0.054685 0.01 0.01
0 0.164762 0.054193 0.01 0.01
0 0.166729 0.060093 0.01 0.01
0 0.156403 0.057635 0.01 0.01
0 0.152469 0.060093 0.01 0.01
0 0.146569 0.065994 0.01 0.01
0 0.160337 0.066485 0.01 0.01
0 0.146569 0.054193 0.01 0.01
0 0.144602 0.049276 0.01 0.01
0 0.152469 0.051735 0.01 0.01
0 0.237041 0.062060 0.01 0.01
0 0.225240 0.060585 0.01 0.01
0 0.220815 0.058127 0.01 0.01
0 0.252775 0.065994 0.01 0.01
0 0.262609 0.071402 0.01 0.01
0 0.271460 0.074353 0.01 0.01
0 0.280802 0.073861 0.01 0.01
0 0.275885 0.081236 0.01 0.01
0 0.272443 0.095987 0.01 0.01
0 0.289653 0.080253 0.01 0.01
0 0.287686 0.087628 0.01 0.01
0 0.302437 0.089595 0.01 0.01
0 0.308829 0.093037 0.01 0.01
0 0.306862 0.103363 0.01 0.01
0 0.320629 0.095496 0.01 0.01
0 0.316204 0.111230 0.01 0.01
0 0.319154 0.130898 0.01 0.01
0 0.307845 0.128439 0.01 0.01
0 0.341281 0.119097 0.01 0.01
0 0.334889 0.136798 0.01 0.01
0 0.358982 0.126472 0.01 0.01
0 0.349639 0.106805 0.01 0.01
0 0.340789 0.104838 0.01 0.01
0 0.341281 0.094512 0.01 0.01
0 0.330955 0.093529 0.01 0.01
0 0.323580 0.090579 0.01 0.01
0 0.359473 0.098446 0.01 0.01
0 0.366849 0.093529 0.01 0.01
0 0.366849 0.112213 0.01 0.01
0 0.380616 0.110246 0.01 0.01
0 0.396351 0.099921 0.01 0.01
0 0.391925 0.107788 0.01 0.01
0 0.383075 0.101396 0.01 0.01
0 0.376191 0.096971 0.01 0.01
0 0.374716 0.105329 0.01 0.01
0 0.346689 0.155974 0.01 0.01
0 0.388483 0.136306 0.01 0.01
0 0.368324 0.148599 0.01 0.01
0 0.373733 0.163841 0.01 0.01
0 0.396842 0.173675 0.01 0.01
0 0.396842 0.199735 0.01 0.01
0 0.392909 0.215469 0.01 0.01
0 0.416510 0.192851 0.01 0.01
0 0.352098 0.206619 0.01 0.01
0 0.310304 0.197768 0.01 0.01
0 0.297028 0.215469 0.01 0.01
0 0.269493 0.166300 0.01 0.01
0 0.299978 0.158924 0.01 0.01
0 0.266051 0.134339 0.01 0.01
0 0.244908 0.137290 0.01 0.01
0 0.257201 0.119097 0.01 0.01
0 0.227207 0.112705 0.01 0.01
0 0.229666 0.129914 0.01 0.01
0 0.197705 0.119589 0.01 0.01
0 0.197705 0.131881 0.01 0.01
0 0.235074 0.097462 0.01 0.01
0 0.225240 0.093529 0.01 0.01
0 0.217373 0.085662 0.01 0.01
0 0.359227 0.179392 0.01 0.01
0 0.341526 0.185785 0.01 0.01
0 0.335134 0.167592 0.01 0.01
0 0.470351 0.185785 0.01 0.01
0 0.451666 0.178901 0.01 0.01
0 0.460025 0.171525 0.01 0.01
0 0.479201 0.169067 0.01 0.01
0 0.469367 0.157758 0.01 0.01
0 0.444291 0.156283 0.01 0.01
0 0.442324 0.171034 0.01 0.01
0 0.430032 0.170542 0.01 0.01
0 0.422165 0.147432 0.01 0.01
0 0.395121 0.144974 0.01 0.01
0 0.416264 0.133665 0.01 0.01
0 0.447733 0.136615 0.01 0.01
0 0.456583 0.110063 0.01 0.01
0 0.421673 0.101705 0.01 0.01
0 0.408397 0.105638 0.01 0.01
0 0.383321 0.119897 0.01 0.01
0 0.372995 0.134648 0.01 0.01
0 0.397088 0.122356 0.01 0.01
0 0.408889 0.115472 0.01 0.01
0 0.426098 0.114980 0.01 0.01
0 0.426590 0.123339 0.01 0.01
0 0.438391 0.115964 0.01 0.01
0 0.453141 0.122356 0.01 0.01
0 0.461500 0.129240 0.01 0.01
0 0.475268 0.128256 0.01 0.01
0 0.480676 0.140057 0.01 0.01
0 0.466417 0.143990 0.01 0.01
0 0.500344 0.145957 0.01 0.01
0 0.495427 0.155791 0.01 0.01
0 0.483135 0.156774 0.01 0.01
0 0.494444 0.179392 0.01 0.01
0 0.500344 0.204469 0.01 0.01
0 0.510670 0.184309 0.01 0.01
0 0.516570 0.162183 0.01 0.01
0 0.515587 0.135140 0.01 0.01
0 0.531813 0.128256 0.01 0.01
0 0.504278 0.126289 0.01 0.01
0 0.494444 0.130715 0.01 0.01
0 0.504769 0.136615 0.01 0.01
0 0.531321 0.153824 0.01 0.01
0 0.527387 0.142515 0.01 0.01
0 0.509686 0.146449 0.01 0.01
0 0.548039 0.143990 0.01 0.01
0 0.552956 0.148416 0.01 0.01
0 0.556398 0.159725 0.01 0.01
0 0.548039 0.173984 0.01 0.01
0 0.536730 0.173000 0.01 0.01
0 0.546564 0.194143 0.01 0.01
0 0.526896 0.212828 0.01 0.01
0 0.472809 0.254130 0.01 0.01
0 0.458550 0.260031 0.01 0.01
0 0.546072 0.250197 0.01 0.01
0 0.506736 0.248722 0.01 0.01
0 0.531813 0.264948 0.01 0.01
0 0.562298 0.224628 0.01 0.01
0 0.546072 0.214795 0.01 0.01
0 0.572132 0.193160 0.01 0.01
0 0.566723 0.177426 0.01 0.01
0 0.567707 0.167592 0.01 0.01
0 0.581474 0.168083 0.01 0.01
0 0.581966 0.153333 0.01 0.01
0 0.570657 0.151858 0.01 0.01
0 0.576065 0.140549 0.01 0.01
0 0.581966 0.147432 0.01 0.01
0 0.572623 0.145465 0.01 0.01
0 0.553939 0.138582 0.01 0.01
0 0.541647 0.139073 0.01 0.01
0 0.471334 0.120389 0.01 0.01
0 0.724066 0.321984 0.01 0.01
0 0.753568 0.311167 0.01 0.01
0 0.729966 0.250197 0.01 0.01
0 0.597208 0.211353 0.01 0.01
0 0.594258 0.198077 0.01 0.01
0 0.609992 0.195127 0.01 0.01
0 0.600158 0.183326 0.01 0.01
0 0.621793 0.184309 0.01 0.01
0 0.631627 0.169559 0.01 0.01
0 0.643428 0.162183 0.01 0.01
0 0.670471 0.173984 0.01 0.01
0 0.664079 0.163167 0.01 0.01
0 0.755043 0.173000 0.01 0.01
0 0.741767 0.180376 0.01 0.01
0 0.729966 0.195618 0.01 0.01
0 0.719641 0.183326 0.01 0.01
0 0.706365 0.183326 0.01 0.01
0 0.710298 0.168575 0.01 0.01
0 0.668504 0.192177 0.01 0.01
0 0.647853 0.205452 0.01 0.01
0 0.631627 0.200535 0.01 0.01
0 0.618351 0.219220 0.01 0.01
0 0.643428 0.231512 0.01 0.01
0 0.661129 0.240854 0.01 0.01
0 0.672929 0.219220 0.01 0.01
0 0.706365 0.216270 0.01 0.01
0 0.690139 0.205452 0.01 0.01
0 0.699481 0.242330 0.01 0.01
0 0.724066 0.233971 0.01 0.01
0 0.739800 0.219220 0.01 0.01
0 0.756518 0.222662 0.01 0.01
0 0.775202 0.212336 0.01 0.01
0 0.751601 0.255114 0.01 0.01
0 0.775694 0.239379 0.01 0.01
0 0.790936 0.277240 0.01 0.01
