0 0.169134 1.166912 0.01 0.01
0 0.247653 1.180245 0.01 0.01
0 0.293578 1.098764 0.01 0.01
0 0.275801 1.064690 0.01 0.01
0 0.423949 0.986171 0.01 0.01
0 0.493578 0.966912 0.01 0.01
0 0.652097 0.950615 0.01 0.01
0 0.764690 0.992097 0.01 0.01
0 0.763208 1.039504 0.01 0.01
0 0.806171 1.095801 0.01 0.01
0 0.663949 1.177282 0.01 0.01
0 0.575060 1.190615 0.01 0.01
0 0.229875 0.852838 0.01 0.01
0 0.268393 0.832097 0.01 0.01
0 0.569134 0.792097 0.01 0.01
0 0.132097 0.776912 0.01 0.01
0 0.512838 0.795430 0.01 0.01
0 1.075801 1.190615 0.01 0.01
0 1.320245 1.066171 0.01 0.01
0 1.172097 0.878023 0.01 0.01
0 1.246171 0.875060 0.01 0.01
0 1.089134 0.709134 0.01 0.01
0 1.066912 0.701727 0.01 0.01
0 1.178023 0.680986 0.01 0.01
0 1.143949 0.675060 0.01 0.01
0 0.656541 0.654690 0.01 0.01
0 0.626171 0.648764 0.01 0.01
0 0.600986 0.633208 0.01 0.01
0 0.706171 0.637653 0.01 0.01
0 0.708393 0.612467 0.01 0.01
0 0.734319 0.622097 0.01 0.01
0 0.723208 0.619875 0.01 0.01
0 0.737282 0.608023 0.01 0.01
0 0.731356 0.608764 0.01 0.01
0 0.749875 0.616912 0.01 0.01
0 0.778023 0.634690 0.01 0.01
0 0.797282 0.676912 0.01 0.01
0 0.834319 0.649504 0.01 0.01
0 0.866171 0.637653 0.01 0.01
0 0.906912 0.646541 0.01 0.01
0 0.889875 0.666541 0.01 0.01
0 0.762467 0.595430 0.01 0.01
0 0.776541 0.579875 0.01 0.01
0 0.769134 0.581356 0.01 0.01
0 0.743949 0.574690 0.01 0.01
0 0.758764 0.516171 0.01 0.01
0 0.765430 0.511727 0.01 0.01
0 0.772838 0.508764 0.01 0.01
0 0.790615 0.514690 0.01 0.01
0 0.834319 0.537653 0.01 0.01
0 0.835801 0.549504 0.01 0.01
0 0.846912 0.555430 0.01 0.01
0 0.853578 0.563578 0.01 0.01
0 0.895801 0.561356 0.01 0.01
0 0.906912 0.568023 0.01 0.01
0 0.887653 0.605801 0.01 0.01
0 0.912097 0.624319 0.01 0.01
0 0.954319 0.625060 0.01 0.01
0 0.948393 0.621356 0.01 0.01
0 0.989134 0.645801 0.01 0.01
0 1.015060 0.646541 0.01 0.01
0 0.994319 0.630245 0.01 0.01
0 1.032097 0.647282 0.01 0.01
0 0.954319 0.564319 0.01 0.01
0 0.980986 0.563578 0.01 0.01
0 1.028764 0.496356 0.01 0.01
0 1.039504 0.495245 0.01 0.01
0 1.098393 0.493764 0.01 0.01
0 1.106541 0.489319 0.01 0.01
0 1.137282 0.491541 0.01 0.01
0 1.188764 0.497838 0.01 0.01
0 1.173949 0.519690 0.01 0.01
0 1.158764 0.523023 0.01 0.01
0 1.146541 0.538949 0.01 0.01
0 1.141727 0.521541 0.01 0.01
0 1.038764 0.517467 0.01 0.01
0 1.018764 0.524504 0.01 0.01
0 1.000245 0.518949 0.01 0.01
0 0.961356 0.475245 0.01 0.01
0 0.987653 0.476727 0.01 0.01
0 0.990245 0.477097 0.01 0.01
0 0.983578 0.524504 0.01 0.01
0 0.948393 0.511541 0.01 0.01
0 0.956171 0.510060 0.01 0.01
0 0.946912 0.537097 0.01 0.01
0 0.959134 0.527467 0.01 0.01
0 0.944319 0.527097 0.01 0.01
0 0.970986 0.554504 0.01 0.01
0 0.974319 0.553764 0.01 0.01
0 0.999504 0.540060 0.01 0.01
0 0.994319 0.542653 0.01 0.01
0 0.993578 0.527097 0.01 0.01
0 0.997282 0.527097 0.01 0.01
0 1.010245 0.547838 0.01 0.01
0 1.017282 0.548578 0.01 0.01
0 1.006541 0.543764 0.01 0.01
0 1.040986 0.567467 0.01 0.01
0 1.049504 0.571171 0.01 0.01
0 1.046541 0.564134 0.01 0.01
0 1.056541 0.585245 0.01 0.01
0 1.061356 0.559690 0.01 0.01
0 1.088393 0.561912 0.01 0.01
0 1.096171 0.564504 0.01 0.01
0 1.126912 0.590060 0.01 0.01
0 1.125801 0.582653 0.01 0.01
0 1.154319 0.575986 0.01 0.01
0 1.175430 0.572653 0.01 0.01
0 1.200615 0.588208 0.01 0.01
0 1.200615 0.574134 0.01 0.01
0 1.203208 0.525615 0.01 0.01
0 1.217653 0.523393 0.01 0.01
0 1.222097 0.579690 0.01 0.01
0 1.232838 0.583393 0.01 0.01
0 1.213208 0.624875 0.01 0.01
0 1.230615 0.634875 0.01 0.01
0 1.118023 0.611171 0.01 0.01
0 1.105430 0.609690 0.01 0.01
0 1.104690 0.621541 0.01 0.01
0 1.093578 0.619319 0.01 0.01
0 1.243208 0.473764 0.01 0.01
0 1.370615 0.466356 0.01 0.01
0 1.385430 0.491541 0.01 0.01
0 1.392097 0.490430 0.01 0.01
0 1.418023 0.483764 0.01 0.01
0 1.402097 0.567467 0.01 0.01
0 1.397653 0.559319 0.01 0.01
0 1.411356 0.588949 0.01 0.01
0 1.377282 0.575615 0.01 0.01
0 1.362838 0.550060 0.01 0.01
0 1.326171 0.538208 0.01 0.01
0 1.306912 0.574134 0.01 0.01
0 1.283208 0.571541 0.01 0.01
0 1.257653 0.579690 0.01 0.01
0 1.258023 0.602282 0.01 0.01
0 1.250986 0.605615 0.01 0.01
0 1.267282 0.604504 0.01 0.01
0 1.278023 0.656727 0.01 0.01
0 1.330615 0.592282 0.01 0.01
0 1.319504 0.573764 0.01 0.01
0 1.359504 0.586727 0.01 0.01
0 1.364690 0.601171 0.01 0.01
0 1.376171 0.598208 0.01 0.01
0 1.382467 0.635245 0.01 0.01
0 1.427653 0.632282 0.01 0.01
0 1.425801 0.507467 0.01 0.01
0 1.595849 0.696149 0.01 0.01
0 1.590455 0.484361 0.01 0.01
