0 0.627683 0.760906 0.01 0.01
0 0.705038 0.580410 0.01 0.01
0 0.901402 0.693468 0.01 0.01
0 0.409501 0.544708 0.01 0.01
0 0.859749 0.240741 0.01 0.01
0 0.811154 0.255617 0.01 0.01
0 0.806196 0.004708 0.01 0.01
0 0.498262 0.444543 0.01 0.01
0 0.628675 0.425204 0.01 0.01
0 0.567683 0.410576 0.01 0.01
0 0.483386 0.385038 0.01 0.01
0 0.350989 0.250162 0.01 0.01
0 0.375782 0.405865 0.01 0.01
0 0.564212 0.225369 0.01 0.01
0 0.438262 0.238262 0.01 0.01
0 0.414460 0.270989 0.01 0.01
0 0.506691 0.225369 0.01 0.01
0 0.481898 0.221402 0.01 0.01
0 0.590989 0.242229 0.01 0.01
0 0.606857 0.243220 0.01 0.01
0 0.685204 0.256113 0.01 0.01
0 0.864708 0.211485 0.01 0.01
0 0.916278 0.173799 0.01 0.01
0 0.806196 0.174791 0.01 0.01
0 0.757600 0.171815 0.01 0.01
0 0.724873 0.187683 0.01 0.01
0 0.673303 0.194625 0.01 0.01
0 0.686196 0.221402 0.01 0.01
0 0.849832 0.156939 0.01 0.01
0 0.947518 0.066196 0.01 0.01
0 0.955948 0.054791 0.01 0.01
0 0.969336 0.054419 0.01 0.01
0 0.961030 0.067311 0.01 0.01
0 0.970576 0.069295 0.01 0.01
0 0.977022 0.080948 0.01 0.01
0 1.002063 0.076981 0.01 0.01
0 1.002559 0.062229 0.01 0.01
0 1.023386 0.038179 0.01 0.01
0 0.977270 0.037559 0.01 0.01
0 0.981237 0.049212 0.01 0.01
0 0.941443 0.093964 0.01 0.01
0 0.915038 0.058881 0.01 0.01
0 0.917270 0.075493 0.01 0.01
0 0.892724 0.077477 0.01 0.01
0 0.903634 0.091857 0.01 0.01
0 0.909584 0.086650 0.01 0.01
0 0.938344 0.016237 0.01 0.01
0 1.023634 0.110948 0.01 0.01
0 1.035534 0.079460 0.01 0.01
0 1.038262 0.035080 0.01 0.01
0 1.045948 0.036815 0.01 0.01
0 1.063551 0.036319 0.01 0.01
0 1.041237 0.113675 0.01 0.01
0 1.071237 0.119625 0.01 0.01
0 0.899915 0.014997 0.01 0.01
0 0.887518 0.047724 0.01 0.01
0 0.910576 0.043757 0.01 0.01
0 0.922477 0.051691 0.01 0.01
0 0.978262 0.202311 0.01 0.01
0 0.967848 0.244956 0.01 0.01
0 1.122063 0.119501 0.01 0.01
0 1.078427 0.085286 0.01 0.01
0 1.056113 0.184460 0.01 0.01
0 0.789336 0.133386 0.01 0.01
0 0.827518 0.118510 0.01 0.01
0 0.831981 0.145286 0.01 0.01
0 1.117600 0.080328 0.01 0.01
0 1.130989 0.076857 0.01 0.01
0 1.114129 0.031237 0.01 0.01
0 1.077931 0.026278 0.01 0.01
0 1.148344 0.086774 0.01 0.01
0 1.140410 0.047600 0.01 0.01
0 1.149832 0.042642 0.01 0.01
0 1.130989 0.033716 0.01 0.01
0 1.165700 0.024295 0.01 0.01
0 1.085369 0.012890 0.01 0.01
0 0.698592 0.424212 0.01 0.01
0 0.803716 0.499584 0.01 0.01
0 1.168675 0.344873 0.01 0.01
0 1.282724 0.316113 0.01 0.01
0 1.312477 0.136361 0.01 0.01
0 1.254956 0.119501 0.01 0.01
0 1.365038 0.069419 0.01 0.01
0 1.430989 0.148757 0.01 0.01
0 1.414625 0.200328 0.01 0.01
0 1.406691 0.225617 0.01 0.01
0 1.408675 0.269749 0.01 0.01
0 1.207353 0.103138 0.01 0.01
0 1.394295 0.059997 0.01 0.01
0 1.361072 0.023303 0.01 0.01
0 1.277766 0.027270 0.01 0.01
0 1.307518 0.072394 0.01 0.01
0 1.268344 0.067931 0.01 0.01
0 1.202890 0.076361 0.01 0.01
0 1.214295 0.082311 0.01 0.01
0 1.183551 0.081815 0.01 0.01
0 1.210824 0.024791 0.01 0.01
0 1.258427 0.049088 0.01 0.01
0 1.299088 0.023303 0.01 0.01
0 1.309501 0.006443 0.01 0.01
0 1.331319 0.002972 0.01 0.01
0 1.400245 0.011898 0.01 0.01
0 1.453303 0.018344 0.01 0.01
0 1.247022 0.015369 0.01 0.01
0 1.232146 0.009915 0.01 0.01
0 1.251485 0.042642 0.01 0.01
0 1.203881 0.061981 0.01 0.01
0 1.451319 0.510493 0.01 0.01
0 1.425534 0.439088 0.01 0.01
0 1.453303 0.415286 0.01 0.01
0 1.525700 0.244708 0.01 0.01
0 1.546526 0.209997 0.01 0.01
0 1.095782 0.639915 0.01 0.01
0 1.190989 0.570493 0.01 0.01
0 1.333799 0.602229 0.01 0.01
0 1.469997 0.116774 0.01 0.01
0 1.511650 0.086030 0.01 0.01
0 1.576113 0.241733 0.01 0.01
0 1.481898 0.093964 0.01 0.01
0 1.482890 0.025534 0.01 0.01
0 1.515617 0.013634 0.01 0.01
0 1.557270 0.004708 0.01 0.01
0 0.968179 0.141567 0.01 0.01
0 0.945369 0.118757 0.01 0.01
0 0.961237 0.105865 0.01 0.01
0 0.988014 0.100906 0.01 0.01
0 0.916609 0.122724 0.01 0.01
0 0.903716 0.133634 0.01 0.01
0 0.799088 0.056030 0.01 0.01
0 0.811981 0.059997 0.01 0.01
0 0.828840 0.055534 0.01 0.01
0 0.802559 0.069419 0.01 0.01
0 0.817435 0.082311 0.01 0.01
0 0.857105 0.069915 0.01 0.01
0 0.789667 0.075865 0.01 0.01
0 0.781237 0.069915 0.01 0.01
0 0.790658 0.089749 0.01 0.01
0 0.744543 0.092229 0.01 0.01
0 0.727683 0.118510 0.01 0.01
0 0.850658 0.048592 0.01 0.01
0 0.868014 0.035700 0.01 0.01
0 0.993964 0.003468 0.01 0.01
0 0.437270 0.495121 0.01 0.01
0 0.447187 0.388014 0.01 0.01
0 0.350989 0.181733 0.01 0.01
0 0.366857 0.183716 0.01 0.01
0 0.330162 0.247683 0.01 0.01
0 0.418923 0.229336 0.01 0.01
0 0.689667 0.104625 0.01 0.01
0 0.706526 0.103138 0.01 0.01
0 0.713964 0.123468 0.01 0.01
0 0.706030 0.217683 0.01 0.01
0 0.679253 0.229088 0.01 0.01
0 0.668840 0.222146 0.01 0.01
0 0.978262 0.134873 0.01 0.01
0 1.012477 0.142807 0.01 0.01
0 0.969832 0.104129 0.01 0.01
0 1.249749 0.093344 0.01 0.01
0 1.591650 0.358262 0.01 0.01
0 1.595617 0.296774 0.01 0.01
0 0.825038 0.010658 0.01 0.01
0 1.594956 0.003716 0.01 0.01
0 1.181402 0.052311 0.01 0.01
0 1.123881 0.065204 0.01 0.01
0 1.032642 0.093964 0.01 0.01
0 0.570075 0.258187 0.01 0.01
0 0.782663 0.014131 0.01 0.01
0 1.274171 0.015580 0.01 0.01
0 1.266579 0.005190 0.01 0.01
0 1.274571 0.004791 0.01 0.01
0 1.259386 0.009186 0.01 0.01
0 1.255390 0.011983 0.01 0.01
0 1.194651 0.047947 0.01 0.01
0 0.853757 0.002837 0.01 0.01
0 0.948406 0.050245 0.01 0.01
0 0.795228 0.117804 0.01 0.01
0 0.946064 0.105262 0.01 0.01
