0 0.745320 0.438739 0.01 0.01
0 0.687883 0.503778 0.01 0.01
0 0.632980 0.450564 0.01 0.01
0 0.638048 0.416778 0.01 0.01
0 0.555271 0.470836 0.01 0.01
0 0.518106 0.500400 0.01 0.01
0 0.517261 0.437050 0.01 0.01
0 0.446309 0.448875 0.01 0.01
0 0.481785 0.409176 0.01 0.01
0 0.447999 0.386370 0.01 0.01
0 0.399853 0.480972 0.01 0.01
0 0.393940 0.364409 0.01 0.01
0 0.330591 0.392283 0.01 0.01
0 0.298493 0.448030 0.01 0.01
0 0.269775 0.373700 0.01 0.01
0 0.164192 0.508001 0.01 0.01
0 0.137163 0.512225 0.01 0.01
0 0.073813 0.503778 0.01 0.01
0 0.048473 0.494487 0.01 0.01
0 0.020599 0.472526 0.01 0.01
0 0.034958 0.442118 0.01 0.01
0 0.059454 0.447186 0.01 0.01
0 0.006240 0.456477 0.01 0.01
0 0.100842 0.428603 0.01 0.01
0 0.077192 0.404953 0.01 0.01
0 0.047628 0.403263 0.01 0.01
0 0.015531 0.388059 0.01 0.01
0 0.009619 0.355117 0.01 0.01
0 0.042560 0.354273 0.01 0.01
0 0.063677 0.367787 0.01 0.01
0 0.069590 0.330622 0.01 0.01
0 0.096619 0.305282 0.01 0.01
0 0.131250 0.314574 0.01 0.01
0 0.138007 0.361030 0.01 0.01
0 0.122803 0.361030 0.01 0.01
0 0.116891 0.488574 0.01 0.01
0 0.125337 0.462390 0.01 0.01
0 0.193755 0.444652 0.01 0.01
0 0.196289 0.476749 0.01 0.01
0 0.247814 0.401574 0.01 0.01
0 0.178551 0.403263 0.01 0.01
0 0.165881 0.368632 0.01 0.01
0 0.182774 0.305282 0.01 0.01
0 0.219940 0.334846 0.01 0.01
0 0.306095 0.348360 0.01 0.01
0 0.465737 0.342447 0.01 0.01
0 0.495300 0.350894 0.01 0.01
0 0.562028 0.378768 0.01 0.01
0 0.614397 0.333156 0.01 0.01
0 0.688728 0.324710 0.01 0.01
0 0.752922 0.344981 0.01 0.01
0 0.533310 0.324710 0.01 0.01
0 0.496989 0.305282 0.01 0.01
0 0.597504 0.285855 0.01 0.01
0 0.643961 0.306972 0.01 0.01
0 0.623689 0.269806 0.01 0.01
0 0.691262 0.283321 0.01 0.01
0 0.775728 0.291768 0.01 0.01
0 0.766437 0.263894 0.01 0.01
0 0.677747 0.238554 0.01 0.01
0 0.772349 0.219127 0.01 0.01
0 0.709844 0.204767 0.01 0.01
0 0.708155 0.174360 0.01 0.01
0 0.749543 0.132971 0.01 0.01
0 0.725893 0.079757 0.01 0.01
0 0.739407 0.062864 0.01 0.01
0 0.749543 0.029077 0.01 0.01
0 0.754611 0.009650 0.01 0.01
0 0.736029 0.018097 0.01 0.01
0 0.700553 0.017252 0.01 0.01
0 0.696330 0.005427 0.01 0.01
0 0.666766 0.020631 0.01 0.01
0 0.772349 0.045126 0.01 0.01
0 0.686194 0.054417 0.01 0.01
0 0.681970 0.073845 0.01 0.01
0 0.675213 0.105097 0.01 0.01
0 0.655786 0.156622 0.01 0.01
0 0.647339 0.187029 0.01 0.01
0 0.641427 0.209835 0.01 0.01
0 0.589902 0.209835 0.01 0.01
0 0.571320 0.263894 0.01 0.01
0 0.536688 0.213214 0.01 0.01
0 0.516416 0.246156 0.01 0.01
0 0.588213 0.171826 0.01 0.01
0 0.582300 0.138884 0.01 0.01
0 0.628757 0.135505 0.01 0.01
0 0.614397 0.115233 0.01 0.01
0 0.594970 0.091583 0.01 0.01
0 0.623689 0.082291 0.01 0.01
0 0.653252 0.064553 0.01 0.01
0 0.634669 0.020631 0.01 0.01
0 0.603417 0.026543 0.01 0.01
0 0.611019 0.000359 0.01 0.01
0 0.611863 0.008806 0.01 0.01
0 0.609329 0.042592 0.01 0.01
0 0.609329 0.056107 0.01 0.01
0 0.577232 0.078068 0.01 0.01
0 0.578921 0.056951 0.01 0.01
0 0.570475 0.018097 0.01 0.01
0 0.551892 0.014718 0.01 0.01
0 0.526552 0.018097 0.01 0.01
0 0.519795 0.011340 0.01 0.01
0 0.542601 0.048505 0.01 0.01
0 0.551048 0.062019 0.01 0.01
0 0.537533 0.094117 0.01 0.01
0 0.519795 0.079757 0.01 0.01
0 0.518950 0.100874 0.01 0.01
0 0.547669 0.144796 0.01 0.01
0 0.530776 0.171826 0.01 0.01
0 0.489387 0.151554 0.01 0.01
0 0.470805 0.196321 0.01 0.01
0 0.418435 0.225039 0.01 0.01
0 0.462358 0.243622 0.01 0.01
0 0.456445 0.297680 0.01 0.01
0 0.393096 0.306972 0.01 0.01
0 0.399853 0.267272 0.01 0.01
0 0.355930 0.279098 0.01 0.01
0 0.379581 0.243622 0.01 0.01
0 0.467426 0.131282 0.01 0.01
0 0.490232 0.107631 0.01 0.01
0 0.489387 0.067932 0.01 0.01
0 0.491921 0.051039 0.01 0.01
0 0.499523 0.018097 0.01 0.01
0 0.475028 0.011340 0.01 0.01
0 0.470805 0.062864 0.01 0.01
0 0.450533 0.104252 0.01 0.01
0 0.446309 0.071311 0.01 0.01
0 0.427727 0.097495 0.01 0.01
0 0.426882 0.062019 0.01 0.01
0 0.447154 0.040903 0.01 0.01
0 0.417591 0.136350 0.01 0.01
0 0.409144 0.111010 0.01 0.01
0 0.390562 0.097495 0.01 0.01
0 0.369445 0.140573 0.01 0.01
0 0.389717 0.171826 0.01 0.01
0 0.384649 0.195476 0.01 0.01
0 0.371979 0.207301 0.01 0.01
0 0.350862 0.219127 0.01 0.01
0 0.308629 0.228418 0.01 0.01
0 0.315387 0.196321 0.01 0.01
0 0.361843 0.170136 0.01 0.01
0 0.424348 0.187874 0.01 0.01
0 0.301027 0.265583 0.01 0.01
0 0.278221 0.323020 0.01 0.01
0 0.250348 0.302748 0.01 0.01
0 0.209804 0.290078 0.01 0.01
0 0.233454 0.299370 0.01 0.01
0 0.251192 0.252069 0.01 0.01
0 0.054386 0.305282 0.01 0.01
0 0.038337 0.319642 0.01 0.01
0 0.010463 0.328933 0.01 0.01
0 0.078881 0.285855 0.01 0.01
0 0.040026 0.285010 0.01 0.01
0 0.007929 0.285010 0.01 0.01
0 0.030735 0.266428 0.01 0.01
0 0.069590 0.263894 0.01 0.01
0 0.099997 0.254603 0.01 0.01
0 0.116046 0.269806 0.01 0.01
0 0.147299 0.279942 0.01 0.01
0 0.146454 0.303593 0.01 0.01
0 0.122803 0.295146 0.01 0.01
0 0.165037 0.289234 0.01 0.01
0 0.183619 0.237709 0.01 0.01
0 0.193755 0.215748 0.01 0.01
0 0.208959 0.202233 0.01 0.01
0 0.228386 0.174360 0.01 0.01
0 0.255415 0.176894 0.01 0.01
0 0.293425 0.181117 0.01 0.01
0 0.028201 0.254603 0.01 0.01
0 0.013842 0.237709 0.01 0.01
0 0.054386 0.241933 0.01 0.01
0 0.072124 0.242777 0.01 0.01
0 0.127871 0.248690 0.01 0.01
0 0.160813 0.229263 0.01 0.01
0 0.130405 0.228418 0.01 0.01
0 0.151522 0.215748 0.01 0.01
0 0.172638 0.202233 0.01 0.01
0 0.343260 0.116078 0.01 0.01
0 0.366066 0.121146 0.01 0.01
0 0.347484 0.097495 0.01 0.01
0 0.328901 0.097495 0.01 0.01
0 0.309474 0.097495 0.01 0.01
0 0.312853 0.156622 0.01 0.01
0 0.264707 0.139728 0.01 0.01
0 0.257105 0.106786 0.01 0.01
0 0.276532 0.086515 0.01 0.01
0 0.426882 0.029077 0.01 0.01
0 0.401542 0.048505 0.01 0.01
0 0.388028 0.073845 0.01 0.01
0 0.371134 0.088204 0.01 0.01
0 0.365222 0.098340 0.01 0.01
0 0.342416 0.067932 0.01 0.01
0 0.351707 0.046815 0.01 0.01
0 0.360998 0.011340 0.01 0.01
0 0.368600 0.045126 0.01 0.01
0 0.394785 0.020631 0.01 0.01
0 0.415901 0.032667 0.01 0.01
0 0.418435 0.016619 0.01 0.01
0 0.408300 0.015352 0.01 0.01
0 0.403232 0.011973 0.01 0.01
0 0.347061 0.034357 0.01 0.01
0 0.340726 0.046182 0.01 0.01
0 0.334814 0.053362 0.01 0.01
0 0.317921 0.064342 0.01 0.01
0 0.329324 0.078701 0.01 0.01
0 0.279066 0.064342 0.01 0.01
0 0.273153 0.070255 0.01 0.01
0 0.333969 0.014085 0.01 0.01
0 0.316654 0.009017 0.01 0.01
0 0.318343 0.034779 0.01 0.01
0 0.318343 0.046604 0.01 0.01
0 0.304828 0.050828 0.01 0.01
0 0.303561 0.067298 0.01 0.01
0 0.290891 0.051250 0.01 0.01
0 0.284556 0.040269 0.01 0.01
0 0.293848 0.012395 0.01 0.01
0 0.275687 0.027599 0.01 0.01
0 0.264284 0.029711 0.01 0.01
0 0.251614 0.023798 0.01 0.01
0 0.256260 0.051250 0.01 0.01
0 0.270197 0.051250 0.01 0.01
0 0.236215 0.044915 0.01 0.01
0 0.233259 0.053362 0.01 0.01
0 0.244662 0.081658 0.01 0.01
0 0.230303 0.082925 0.01 0.01
0 0.230303 0.093905 0.01 0.01
0 0.220167 0.079968 0.01 0.01
0 0.215943 0.087993 0.01 0.01
0 0.220589 0.104464 0.01 0.01
0 0.210875 0.114177 0.01 0.01
0 0.236638 0.157677 0.01 0.01
0 0.200317 0.184284 0.01 0.01
0 0.176244 0.164012 0.01 0.01
0 0.161040 0.176260 0.01 0.01
0 0.195671 0.154299 0.01 0.01
0 0.193137 0.140362 0.01 0.01
0 0.182579 0.133182 0.01 0.01
0 0.192293 0.119668 0.01 0.01
0 0.185958 0.111221 0.01 0.01
0 0.176666 0.103197 0.01 0.01
0 0.183846 0.093905 0.01 0.01
0 0.203696 0.080813 0.01 0.01
0 0.189759 0.052095 0.01 0.01
0 0.215521 0.038158 0.01 0.01
0 0.218900 0.045337 0.01 0.01
0 0.168642 0.044493 0.01 0.01
0 0.174977 0.051250 0.01 0.01
0 0.182579 0.070677 0.01 0.01
0 0.183424 0.065187 0.01 0.01
0 0.166953 0.082925 0.01 0.01
0 0.155972 0.076590 0.01 0.01
0 0.151749 0.072789 0.01 0.01
0 0.144147 0.080391 0.01 0.01
0 0.140346 0.053362 0.01 0.01
0 0.152594 0.105308 0.01 0.01
0 0.156395 0.118401 0.01 0.01
0 0.134011 0.125580 0.01 0.01
0 0.134011 0.134027 0.01 0.01
0 0.138234 0.147119 0.01 0.01
0 0.159773 0.145430 0.01 0.01
0 0.123030 0.173304 0.01 0.01
0 0.131055 0.203289 0.01 0.01
0 0.109093 0.227784 0.01 0.01
0 0.096846 0.213425 0.01 0.01
0 0.104870 0.193153 0.01 0.01
0 0.072773 0.206246 0.01 0.01
0 0.039831 0.213425 0.01 0.01
0 0.037297 0.191464 0.01 0.01
0 0.028006 0.209202 0.01 0.01
0 0.016180 0.218916 0.01 0.01
0 0.006889 0.209202 0.01 0.01
0 0.008156 0.198221 0.01 0.01
0 0.008579 0.178372 0.01 0.01
0 0.036452 0.174571 0.01 0.01
0 0.055457 0.166124 0.01 0.01
0 0.074885 0.161901 0.01 0.01
0 0.084176 0.150920 0.01 0.01
0 0.100224 0.133182 0.01 0.01
0 0.091356 0.178794 0.01 0.01
0 0.113317 0.163590 0.01 0.01
0 0.113739 0.149231 0.01 0.01
0 0.110360 0.120512 0.01 0.01
0 0.222278 0.064342 0.01 0.01
0 0.217210 0.053784 0.01 0.01
0 0.115006 0.065609 0.01 0.01
0 0.089244 0.064764 0.01 0.01
0 0.080797 0.063920 0.01 0.01
0 0.064749 0.069832 0.01 0.01
0 0.047433 0.073633 0.01 0.01
0 0.002666 0.083769 0.01 0.01
0 0.021671 0.099818 0.01 0.01
0 0.029273 0.101085 0.01 0.01
0 0.004778 0.104464 0.01 0.01
0 0.009846 0.118823 0.01 0.01
0 0.041943 0.126425 0.01 0.01
0 0.031807 0.125158 0.01 0.01
0 0.022515 0.136983 0.01 0.01
0 0.008156 0.139095 0.01 0.01
0 0.014069 0.150920 0.01 0.01
0 0.037719 0.154299 0.01 0.01
0 0.045744 0.145430 0.01 0.01
0 0.058414 0.136983 0.01 0.01
0 0.060103 0.127692 0.01 0.01
0 0.049967 0.106998 0.01 0.01
0 0.066860 0.104041 0.01 0.01
0 0.078686 0.108687 0.01 0.01
0 0.071084 0.136139 0.01 0.01
0 0.091356 0.106153 0.01 0.01
0 0.121341 0.108687 0.01 0.01
0 0.112894 0.104464 0.01 0.01
0 0.110360 0.094328 0.01 0.01
0 0.107404 0.083769 0.01 0.01
0 0.098957 0.094328 0.01 0.01
0 0.088822 0.085036 0.01 0.01
0 0.184691 0.008172 0.01 0.01
0 0.121763 0.076167 0.01 0.01
0 0.142458 0.097284 0.01 0.01
0 0.133589 0.088415 0.01 0.01
0 0.033918 0.088837 0.01 0.01
0 0.026316 0.088837 0.01 0.01
0 0.014491 0.088837 0.01 0.01
0 0.056302 0.090949 0.01 0.01
0 0.044477 0.098129 0.01 0.01
0 0.015336 0.106998 0.01 0.01
0 0.053541 0.195476 0.01 0.01
0 0.053541 0.187029 0.01 0.01
0 0.076347 0.186185 0.01 0.01
0 0.165037 0.136350 0.01 0.01
0 0.197134 0.101718 0.01 0.01
0 0.312008 0.121990 0.01 0.01
0 0.257105 0.225039 0.01 0.01
0 0.344950 0.168447 0.01 0.01
0 0.329749 0.318302 0.01 0.01
0 0.366431 0.338594 0.01 0.01
0 0.410918 0.336253 0.01 0.01
0 0.007220 0.036618 0.01 0.01
0 0.105169 0.017106 0.01 0.01
0 0.084096 0.124030 0.01 0.01
0 0.213654 0.145883 0.01 0.01
0 0.206630 0.126372 0.01 0.01
0 0.251507 0.118177 0.01 0.01
