0 0.033028 1.172488 0.01 0.01
0 0.103357 1.153307 0.01 0.01
0 0.060200 1.011050 0.01 0.01
0 0.172089 1.076584 0.01 0.01
0 0.122538 1.022238 0.01 0.01
0 0.146514 0.963098 0.01 0.01
0 0.232828 0.998262 0.01 0.01
0 0.283977 1.054206 0.01 0.01
0 0.331929 1.111749 0.01 0.01
0 0.264796 1.186874 0.01 0.01
0 0.397463 1.130930 0.01 0.01
0 0.079381 0.892768 0.01 0.01
0 0.157703 0.863997 0.01 0.01
0 0.098562 0.761699 0.01 0.01
0 0.034626 0.731329 0.01 0.01
0 0.063397 0.673787 0.01 0.01
0 0.199261 0.718542 0.01 0.01
0 0.226434 0.683377 0.01 0.01
0 0.154506 0.632228 0.01 0.01
0 0.025036 0.579481 0.01 0.01
0 0.093767 0.520340 0.01 0.01
0 0.165695 0.512348 0.01 0.01
0 0.256804 0.603457 0.01 0.01
0 0.299961 0.721739 0.01 0.01
0 0.237623 0.911949 0.01 0.01
0 0.485375 1.098962 0.01 0.01
0 0.450210 0.998262 0.01 0.01
0 0.360700 0.999861 0.01 0.01
0 0.338322 0.903957 0.01 0.01
0 0.397463 0.931130 0.01 0.01
0 0.455006 0.899162 0.01 0.01
0 0.458202 0.836824 0.01 0.01
0 0.354306 0.833627 0.01 0.01
0 0.397463 0.768093 0.01 0.01
0 0.407054 0.678582 0.01 0.01
0 0.344716 0.656204 0.01 0.01
0 0.349511 0.585875 0.01 0.01
0 0.279181 0.517144 0.01 0.01
0 0.229631 0.430830 0.01 0.01
0 0.175285 0.341319 0.01 0.01
0 0.138522 0.446814 0.01 0.01
0 0.069791 0.403657 0.01 0.01
0 0.026634 0.192668 0.01 0.01
0 0.109751 0.211849 0.01 0.01
0 0.020240 0.026434 0.01 0.01
0 0.148113 0.141519 0.01 0.01
0 0.189671 0.016844 0.01 0.01
0 0.298362 0.141519 0.01 0.01
0 0.239221 0.181479 0.01 0.01
0 0.242418 0.278982 0.01 0.01
0 0.333527 0.318942 0.01 0.01
0 0.330330 0.422838 0.01 0.01
0 0.411849 0.434027 0.01 0.01
0 0.408652 0.314147 0.01 0.01
0 0.344716 0.219841 0.01 0.01
0 0.407054 0.155905 0.01 0.01
0 0.426234 0.034426 0.01 0.01
0 0.299961 0.037623 0.01 0.01
0 0.470990 0.216644 0.01 0.01
0 0.560500 0.299761 0.01 0.01
0 0.478982 0.384476 0.01 0.01
0 0.542918 0.419641 0.01 0.01
0 0.608452 0.394067 0.01 0.01
0 0.598862 0.240620 0.01 0.01
0 0.490171 0.093567 0.01 0.01
0 0.603657 0.127134 0.01 0.01
0 0.565295 0.167094 0.01 0.01
0 0.678782 0.251809 0.01 0.01
0 0.669191 0.344516 0.01 0.01
0 0.672388 0.454806 0.01 0.01
0 0.582878 0.534726 0.01 0.01
0 0.435825 0.505955 0.01 0.01
0 0.504556 0.531529 0.01 0.01
0 0.455006 0.611449 0.01 0.01
0 0.507753 0.684976 0.01 0.01
0 0.542918 0.648212 0.01 0.01
0 0.603657 0.653008 0.01 0.01
0 0.595665 0.718542 0.01 0.01
0 0.512548 0.756904 0.01 0.01
0 0.574886 0.782478 0.01 0.01
0 0.517343 0.825635 0.01 0.01
0 0.558902 0.899162 0.01 0.01
0 0.538123 0.990270 0.01 0.01
0 0.610051 1.159701 0.01 0.01
0 0.592468 1.068592 0.01 0.01
0 0.704356 1.122938 0.01 0.01
0 0.665995 1.071789 0.01 0.01
0 0.736324 1.033427 0.01 0.01
0 0.678782 0.964696 0.01 0.01
0 0.605255 0.963098 0.01 0.01
0 0.637223 0.894366 0.01 0.01
0 0.675585 0.793667 0.01 0.01
0 0.677183 0.694566 0.01 0.01
0 0.720340 0.718542 0.01 0.01
0 0.642019 0.589072 0.01 0.01
0 0.688372 0.544316 0.01 0.01
0 0.685176 0.138322 0.01 0.01
0 0.618043 0.039221 0.01 0.01
0 0.720340 0.061599 0.01 0.01
0 0.782678 0.023237 0.01 0.01
0 0.845016 0.091969 0.01 0.01
0 0.806654 0.181479 0.01 0.01
0 0.766694 0.231030 0.01 0.01
0 0.717144 0.299761 0.01 0.01
0 0.814646 0.270990 0.01 0.01
0 0.862598 0.221439 0.01 0.01
0 0.861000 0.334926 0.01 0.01
0 0.758702 0.376484 0.01 0.01
0 0.781080 0.437223 0.01 0.01
0 0.734726 0.627433 0.01 0.01
0 0.857803 0.483577 0.01 0.01
0 0.891369 0.406854 0.01 0.01
0 0.816244 0.587473 0.01 0.01
0 0.814646 0.635425 0.01 0.01
0 0.785875 0.748912 0.01 0.01
0 0.745915 0.836824 0.01 0.01
0 0.795465 0.875185 0.01 0.01
0 0.773088 0.974286 0.01 0.01
0 0.813048 1.092568 0.01 0.01
0 0.760300 1.178882 0.01 0.01
0 0.840220 1.182079 0.01 0.01
0 0.932928 1.143717 0.01 0.01
0 0.931329 1.071789 0.01 0.01
0 0.848212 0.999861 0.01 0.01
0 0.907353 0.927933 0.01 0.01
0 0.902558 0.852808 0.01 0.01
0 0.862598 0.782478 0.01 0.01
0 0.876984 0.704157 0.01 0.01
0 0.932928 0.720141 0.01 0.01
0 0.988872 0.798462 0.01 0.01
0 0.980880 0.894366 0.01 0.01
0 0.956904 0.966294 0.01 0.01
0 1.024037 1.011050 0.01 0.01
0 0.998462 1.116544 0.01 0.01
0 1.048013 1.086175 0.01 0.01
0 1.131130 1.116544 0.01 0.01
0 1.038422 0.916744 0.01 0.01
0 0.942518 0.616244 0.01 0.01
0 0.910550 0.649811 0.01 0.01
0 0.934526 0.520340 0.01 0.01
0 0.950510 0.458003 0.01 0.01
0 0.987273 0.349311 0.01 0.01
0 0.934526 0.274186 0.01 0.01
0 0.969691 0.195865 0.01 0.01
0 0.926534 0.080780 0.01 0.01
0 1.035225 0.111150 0.01 0.01
0 1.046414 0.013647 0.01 0.01
0 1.135925 0.136724 0.01 0.01
0 1.059201 0.173487 0.01 0.01
0 1.070390 0.235825 0.01 0.01
0 1.028832 0.301359 0.01 0.01
0 1.084776 0.352508 0.01 0.01
0 1.011249 0.432428 0.01 0.01
0 1.051209 0.453207 0.01 0.01
0 1.014446 0.518742 0.01 0.01
0 1.097563 0.505955 0.01 0.01
0 1.056005 0.611449 0.01 0.01
0 1.091170 0.649811 0.01 0.01
0 1.038422 0.705755 0.01 0.01
0 1.073587 0.771289 0.01 0.01
0 1.222238 1.098962 0.01 0.01
0 1.185475 1.019042 0.01 0.01
0 1.135925 0.939122 0.01 0.01
0 1.139122 0.856005 0.01 0.01
0 1.161499 0.795265 0.01 0.01
0 1.206254 0.887973 0.01 0.01
0 1.219042 0.982278 0.01 0.01
0 1.302159 1.041419 0.01 0.01
0 1.374087 1.103757 0.01 0.01
0 1.303757 1.135725 0.01 0.01
0 1.454007 1.170890 0.01 0.01
0 1.489172 1.081379 0.01 0.01
0 1.554706 1.170890 0.01 0.01
0 1.586674 1.090970 0.01 0.01
0 1.575485 1.030230 0.01 0.01
0 1.489172 0.975885 0.01 0.01
0 1.549911 0.945515 0.01 0.01
0 1.452408 0.827233 0.01 0.01
0 1.338922 0.860800 0.01 0.01
0 1.276584 0.828832 0.01 0.01
0 1.326135 0.790470 0.01 0.01
0 1.286175 0.713747 0.01 0.01
0 1.206254 0.699361 0.01 0.01
0 1.153507 0.625835 0.01 0.01
0 1.172688 0.550710 0.01 0.01
0 1.287773 0.585875 0.01 0.01
0 1.282978 0.499561 0.01 0.01
0 1.167893 0.486774 0.01 0.01
0 1.155106 0.418043 0.01 0.01
0 1.196664 0.365295 0.01 0.01
0 1.142318 0.277383 0.01 0.01
0 1.268592 0.195865 0.01 0.01
0 1.289371 0.283777 0.01 0.01
0 1.300560 0.339721 0.01 0.01
0 1.422039 0.358902 0.01 0.01
0 1.476384 0.414846 0.01 0.01
0 1.524336 0.489971 0.01 0.01
0 1.463597 0.576284 0.01 0.01
0 1.410850 0.617843 0.01 0.01
0 1.380480 0.512348 0.01 0.01
0 1.335725 0.464396 0.01 0.01
0 1.391669 0.154306 0.01 0.01
0 1.374087 0.060001 0.01 0.01
0 1.235026 0.103158 0.01 0.01
0 1.506754 0.187873 0.01 0.01
0 1.482778 0.135126 0.01 0.01
0 1.577084 0.067993 0.01 0.01
0 1.447613 0.029631 0.01 0.01
0 1.521140 0.285375 0.01 0.01
0 1.569092 0.545915 0.01 0.01
0 1.578682 0.606654 0.01 0.01
0 1.498762 0.696165 0.01 0.01
0 1.578682 0.726534 0.01 0.01
0 1.489172 0.772888 0.01 0.01
0 1.383677 0.723337 0.01 0.01
0 1.565895 0.875185 0.01 0.01
0 0.260001 0.850410 0.01 0.01
0 0.226434 0.826434 0.01 0.01
