0 0.430469 1.064873 0.01 0.01
0 0.417448 1.156019 0.01 0.01
0 0.252517 1.118403 0.01 0.01
0 0.148351 1.115509 0.01 0.01
0 0.181626 1.011343 0.01 0.01
0 0.171499 0.941898 0.01 0.01
0 0.039844 0.983854 0.01 0.01
0 0.093374 0.866667 0.01 0.01
0 0.255411 0.863773 0.01 0.01
0 0.175839 0.818924 0.01 0.01
0 0.326302 0.797222 0.01 0.01
0 0.444936 0.818924 0.01 0.01
0 0.554890 0.882581 0.01 0.01
0 0.553443 1.024363 0.01 0.01
0 0.624334 1.054745 0.01 0.01
0 0.641696 0.982407 0.01 0.01
0 0.718374 1.135764 0.01 0.01
0 0.838455 0.969387 0.01 0.01
0 0.926707 1.099595 0.01 0.01
0 0.978791 1.021470 0.01 0.01
0 0.936834 0.901389 0.01 0.01
0 1.048235 0.888368 0.01 0.01
0 0.978791 0.843519 0.01 0.01
0 1.003385 0.785648 0.01 0.01
0 0.826881 0.873900 0.01 0.01
0 0.734288 0.855093 0.01 0.01
0 0.669184 0.882581 0.01 0.01
0 0.641696 0.899942 0.01 0.01
0 0.592506 0.836285 0.01 0.01
0 0.546209 0.759606 0.01 0.01
0 0.494126 0.740799 0.01 0.01
0 0.411661 0.739352 0.01 0.01
0 0.437703 0.716204 0.01 0.01
0 0.421788 0.677141 0.01 0.01
0 0.436256 0.653993 0.01 0.01
0 0.381279 0.642419 0.01 0.01
0 0.400087 0.607697 0.01 0.01
0 0.320515 0.700289 0.01 0.01
0 0.204774 0.716204 0.01 0.01
0 0.232263 0.653993 0.01 0.01
0 0.242390 0.630845 0.01 0.01
0 0.200434 0.619271 0.01 0.01
0 0.157031 0.652546 0.01 0.01
0 0.010909 0.694502 0.01 0.01
0 0.123756 0.842072 0.01 0.01
0 0.049971 0.651100 0.01 0.01
0 0.026823 0.610590 0.01 0.01
0 0.019589 0.584549 0.01 0.01
0 0.086140 0.651100 0.01 0.01
0 0.093374 0.574421 0.01 0.01
0 0.023929 0.549826 0.01 0.01
0 0.122309 0.544039 0.01 0.01
0 0.089034 0.525231 0.01 0.01
0 0.045631 0.507870 0.01 0.01
0 0.087587 0.490509 0.01 0.01
0 0.012355 0.473148 0.01 0.01
0 0.039844 0.473148 0.01 0.01
0 0.220689 0.585995 0.01 0.01
0 0.252517 0.587442 0.01 0.01
0 0.300260 0.620718 0.01 0.01
0 0.637355 0.554167 0.01 0.01
0 0.356684 0.549826 0.01 0.01
0 0.307494 0.551273 0.01 0.01
0 0.303154 0.525231 0.01 0.01
0 0.275666 0.519444 0.01 0.01
0 0.165712 0.504977 0.01 0.01
0 0.135330 0.463021 0.01 0.01
0 0.109288 0.464468 0.01 0.01
0 0.097714 0.445660 0.01 0.01
0 0.062992 0.451447 0.01 0.01
0 0.048524 0.387789 0.01 0.01
0 0.076013 0.397917 0.01 0.01
0 0.013802 0.370428 0.01 0.01
0 0.015249 0.345833 0.01 0.01
0 0.058652 0.303877 0.01 0.01
0 0.061545 0.241667 0.01 0.01
0 0.089034 0.306771 0.01 0.01
0 0.077459 0.302431 0.01 0.01
0 0.183073 0.235880 0.01 0.01
0 0.196094 0.250347 0.01 0.01
0 0.214902 0.282176 0.01 0.01
0 0.187413 0.318345 0.01 0.01
0 0.164265 0.311111 0.01 0.01
0 0.115075 0.341493 0.01 0.01
0 0.152691 0.348727 0.01 0.01
0 0.171499 0.337153 0.01 0.01
0 0.200434 0.341493 0.01 0.01
0 0.152691 0.363194 0.01 0.01
0 0.196094 0.390683 0.01 0.01
0 0.235156 0.340046 0.01 0.01
0 0.293027 0.325579 0.01 0.01
0 0.290133 0.272049 0.01 0.01
0 0.307494 0.264815 0.01 0.01
0 0.326302 0.272049 0.01 0.01
0 0.340770 0.300984 0.01 0.01
0 0.266985 0.342940 0.01 0.01
0 0.256858 0.368981 0.01 0.01
0 0.258304 0.409491 0.01 0.01
0 0.203328 0.434086 0.01 0.01
0 0.158478 0.425405 0.01 0.01
0 0.175839 0.441319 0.01 0.01
0 0.203328 0.471701 0.01 0.01
0 0.251071 0.445660 0.01 0.01
0 0.278559 0.434086 0.01 0.01
0 0.313281 0.419618 0.01 0.01
0 0.314728 0.384896 0.01 0.01
0 0.371152 0.366088 0.01 0.01
0 0.371152 0.344387 0.01 0.01
0 0.391406 0.306771 0.01 0.01
0 0.457957 0.312558 0.01 0.01
0 0.499913 0.302431 0.01 0.01
0 0.627228 0.328472 0.01 0.01
0 0.753096 0.341493 0.01 0.01
0 0.588166 0.337153 0.01 0.01
0 0.530295 0.351620 0.01 0.01
0 0.502807 0.361748 0.01 0.01
0 0.416001 0.360301 0.01 0.01
0 0.411661 0.384896 0.01 0.01
0 0.363918 0.418171 0.01 0.01
0 0.333536 0.428299 0.01 0.01
0 0.413108 0.412384 0.01 0.01
0 0.420341 0.448553 0.01 0.01
0 0.397193 0.452894 0.01 0.01
0 0.375492 0.454340 0.01 0.01
0 0.416001 0.481829 0.01 0.01
0 0.282899 0.471701 0.01 0.01
0 0.456510 0.525231 0.01 0.01
0 0.524508 0.512211 0.01 0.01
0 0.472425 0.460127 0.01 0.01
0 0.501360 0.439873 0.01 0.01
0 0.483999 0.439873 0.01 0.01
0 0.486892 0.399363 0.01 0.01
0 0.455064 0.386343 0.01 0.01
0 0.505700 0.409491 0.01 0.01
0 0.543316 0.393576 0.01 0.01
0 0.543316 0.439873 0.01 0.01
0 0.573698 0.473148 0.01 0.01
0 0.575145 0.421065 0.01 0.01
0 0.578038 0.376215 0.01 0.01
0 0.605527 0.383449 0.01 0.01
0 0.609867 0.451447 0.01 0.01
0 0.643142 0.410937 0.01 0.01
0 0.638802 0.382002 0.01 0.01
0 0.627228 0.415278 0.01 0.01
0 0.673524 0.439873 0.01 0.01
0 0.683652 0.410937 0.01 0.01
0 0.705353 0.383449 0.01 0.01
0 0.729948 0.405150 0.01 0.01
0 0.754543 0.397917 0.01 0.01
0 0.766117 0.423958 0.01 0.01
0 0.751649 0.450000 0.01 0.01
0 0.744416 0.484722 0.01 0.01
0 0.715480 0.419618 0.01 0.01
0 0.683652 0.490509 0.01 0.01
0 0.657610 0.517998 0.01 0.01
0 0.622888 0.538252 0.01 0.01
0 0.829774 0.421065 0.01 0.01
0 0.923814 0.444213 0.01 0.01
0 0.890538 0.463021 0.01 0.01
0 0.933941 0.509317 0.01 0.01
0 0.957089 0.478935 0.01 0.01
0 0.946962 0.452894 0.01 0.01
0 0.946962 0.435532 0.01 0.01
0 0.983131 0.444213 0.01 0.01
0 1.042448 0.438426 0.01 0.01
0 1.004832 0.471701 0.01 0.01
0 1.155295 0.431192 0.01 0.01
0 1.122020 0.432639 0.01 0.01
0 1.081510 0.460127 0.01 0.01
0 1.032321 0.481829 0.01 0.01
0 1.032321 0.509317 0.01 0.01
0 1.069936 0.497743 0.01 0.01
0 1.120573 0.499190 0.01 0.01
0 1.104659 0.491956 0.01 0.01
0 1.146615 0.477488 0.01 0.01
0 1.188571 0.455787 0.01 0.01
0 1.265249 0.507870 0.01 0.01
0 1.231973 0.506424 0.01 0.01
0 1.207378 0.532465 0.01 0.01
0 1.169763 0.517998 0.01 0.01
0 1.148061 0.559954 0.01 0.01
0 1.082957 0.585995 0.01 0.01
0 0.932494 0.594676 0.01 0.01
0 0.967216 0.645312 0.01 0.01
0 1.120573 0.672801 0.01 0.01
0 1.074277 0.713310 0.01 0.01
0 1.152402 0.669907 0.01 0.01
0 1.204485 0.604803 0.01 0.01
0 1.226186 0.574421 0.01 0.01
0 1.260909 0.552720 0.01 0.01
0 1.275376 0.590336 0.01 0.01
0 1.318779 0.558507 0.01 0.01
0 1.386777 0.539699 0.01 0.01
0 1.398351 0.502083 0.01 0.01
0 1.356395 0.578762 0.01 0.01
0 1.392564 0.603356 0.01 0.01
0 1.398351 0.655440 0.01 0.01
0 1.367969 0.685822 0.01 0.01
0 1.404138 0.687269 0.01 0.01
0 1.460561 0.682928 0.01 0.01
0 1.383883 0.745139 0.01 0.01
0 1.464902 0.792882 0.01 0.01
0 1.460561 0.933218 0.01 0.01
0 1.324566 0.768287 0.01 0.01
0 1.288397 0.860880 0.01 0.01
0 1.295631 0.939005 0.01 0.01
0 1.295631 0.735012 0.01 0.01
0 1.253675 0.704630 0.01 0.01
0 1.231973 0.649653 0.01 0.01
0 1.200145 0.723437 0.01 0.01
0 1.217506 0.792882 0.01 0.01
0 1.234867 0.850752 0.01 0.01
0 1.220399 0.923090 0.01 0.01
0 1.116233 0.846412 0.01 0.01
0 1.075723 0.821817 0.01 0.01
0 0.878964 0.902836 0.01 0.01
0 1.181632 0.402528 0.01 0.01
0 1.201924 0.396284 0.01 0.01
0 1.203485 0.408772 0.01 0.01
0 1.162900 0.385358 0.01 0.01
0 1.186314 0.382236 0.01 0.01
0 1.192558 0.365065 0.01 0.01
0 1.222216 0.382236 0.01 0.01
0 1.223777 0.397845 0.01 0.01
0 1.265922 0.388479 0.01 0.01
0 1.284654 0.413455 0.01 0.01
0 1.315872 0.405650 0.01 0.01
0 1.347091 0.432186 0.01 0.01
0 1.378310 0.425942 0.01 0.01
0 1.401724 0.413455 0.01 0.01
0 1.443869 0.421259 0.01 0.01
0 1.465723 0.421259 0.01 0.01
0 1.506307 0.430625 0.01 0.01
0 1.531282 0.438430 0.01 0.01
0 1.498502 0.466526 0.01 0.01
0 1.504746 0.631986 0.01 0.01
0 1.490698 0.984758 0.01 0.01
0 1.523477 1.137730 0.01 0.01
0 0.669644 0.316676 0.01 0.01
