0 0.023610 0.559162 0.01 0.01
0 0.059121 0.506402 0.01 0.01
0 0.025639 0.425233 0.01 0.01
0 0.108837 0.387693 0.01 0.01
0 0.049990 0.352181 0.01 0.01
0 0.064194 0.293334 0.01 0.01
0 0.024625 0.283188 0.01 0.01
0 0.015493 0.253764 0.01 0.01
0 0.045931 0.209121 0.01 0.01
0 0.066224 0.188829 0.01 0.01
0 0.023610 0.202019 0.01 0.01
0 0.008391 0.207092 0.01 0.01
0 0.090574 0.207092 0.01 0.01
0 0.135217 0.218253 0.01 0.01
0 0.139276 0.263910 0.01 0.01
0 0.094633 0.278115 0.01 0.01
0 0.124056 0.305509 0.01 0.01
0 0.180875 0.393780 0.01 0.01
0 0.171743 0.338991 0.01 0.01
0 0.173772 0.266954 0.01 0.01
0 0.167685 0.230428 0.01 0.01
0 0.210298 0.251735 0.01 0.01
0 0.215371 0.283188 0.01 0.01
0 0.186962 0.233472 0.01 0.01
0 0.201167 0.220282 0.01 0.01
0 0.216386 0.557133 0.01 0.01
0 0.168699 0.492198 0.01 0.01
0 0.115940 0.476978 0.01 0.01
0 0.113910 0.518578 0.01 0.01
0 0.237693 0.429292 0.01 0.01
0 0.231605 0.652506 0.01 0.01
0 0.304657 0.610907 0.01 0.01
0 0.374665 0.559162 0.01 0.01
0 0.347271 0.469876 0.01 0.01
0 0.306686 0.423204 0.01 0.01
0 0.366548 0.364357 0.01 0.01
0 0.263058 0.353196 0.01 0.01
0 0.252912 0.295363 0.01 0.01
0 0.275233 0.272027 0.01 0.01
0 0.246824 0.260866 0.01 0.01
0 0.237693 0.226370 0.01 0.01
0 0.407133 0.436394 0.01 0.01
0 0.411191 0.489154 0.01 0.01
0 0.481199 0.460745 0.01 0.01
0 0.545120 0.385664 0.01 0.01
0 0.476126 0.354211 0.01 0.01
0 0.411191 0.343050 0.01 0.01
0 0.413220 0.310582 0.01 0.01
0 0.390899 0.298407 0.01 0.01
0 0.346256 0.312612 0.01 0.01
0 0.310745 0.295363 0.01 0.01
0 0.297555 0.262896 0.01 0.01
0 0.353358 0.278115 0.01 0.01
0 0.291467 0.218253 0.01 0.01
0 0.267116 0.216224 0.01 0.01
0 0.255956 0.172595 0.01 0.01
0 0.220444 0.168537 0.01 0.01
0 0.342198 0.241589 0.01 0.01
0 0.356402 0.210136 0.01 0.01
0 0.394957 0.262896 0.01 0.01
0 0.420323 0.246662 0.01 0.01
0 0.410177 0.213180 0.01 0.01
0 0.444673 0.199990 0.01 0.01
0 0.378724 0.041711 0.01 0.01
0 0.455834 0.026491 0.01 0.01
0 0.476126 0.020404 0.01 0.01
0 0.481199 0.039681 0.01 0.01
0 0.496418 0.041711 0.01 0.01
0 0.523813 0.038667 0.01 0.01
0 0.508594 0.020404 0.01 0.01
0 0.529901 0.007214 0.01 0.01
0 0.565412 0.022433 0.01 0.01
0 0.558310 0.035623 0.01 0.01
0 0.597879 0.046784 0.01 0.01
0 0.648610 0.035623 0.01 0.01
0 0.736881 0.260866 0.01 0.01
0 0.763261 0.262896 0.01 0.01
0 0.707457 0.268983 0.01 0.01
0 0.681078 0.307539 0.01 0.01
0 0.655712 0.262896 0.01 0.01
0 0.626289 0.304495 0.01 0.01
0 0.596865 0.266954 0.01 0.01
0 0.567441 0.295363 0.01 0.01
0 0.540047 0.275071 0.01 0.01
0 0.561353 0.255793 0.01 0.01
0 0.509608 0.275071 0.01 0.01
0 0.484243 0.256808 0.01 0.01
0 0.463951 0.295363 0.01 0.01
0 0.434527 0.290290 0.01 0.01
0 0.507579 0.320728 0.01 0.01
0 0.559324 0.335948 0.01 0.01
0 0.605996 0.374503 0.01 0.01
0 0.589763 0.492198 0.01 0.01
0 0.589763 0.596703 0.01 0.01
0 0.449746 0.658594 0.01 0.01
0 0.658756 0.649462 0.01 0.01
0 0.749056 0.664681 0.01 0.01
0 0.722677 0.563220 0.01 0.01
0 0.652668 0.508431 0.01 0.01
0 0.709487 0.456686 0.01 0.01
0 0.654698 0.399868 0.01 0.01
0 0.719633 0.396824 0.01 0.01
0 0.754129 0.376532 0.01 0.01
0 0.552222 0.194917 0.01 0.01
0 0.578602 0.191873 0.01 0.01
0 0.518740 0.182741 0.01 0.01
0 0.498448 0.196946 0.01 0.01
0 0.487287 0.193902 0.01 0.01
0 0.340168 0.193902 0.01 0.01
0 0.865737 0.254779 0.01 0.01
0 0.907336 0.266954 0.01 0.01
0 0.886029 0.357254 0.01 0.01
0 0.838342 0.365371 0.01 0.01
0 0.788626 0.442482 0.01 0.01
0 0.849503 0.463789 0.01 0.01
0 0.792685 0.528724 0.01 0.01
0 0.944876 0.552060 0.01 0.01
0 1.003724 0.504373 0.01 0.01
0 0.910379 0.673813 0.01 0.01
0 0.934730 0.396824 0.01 0.01
0 0.995607 0.406970 0.01 0.01
0 0.913423 0.323772 0.01 0.01
0 0.960095 0.334933 0.01 0.01
0 0.998651 0.283188 0.01 0.01
0 1.003724 0.336962 0.01 0.01
0 0.988504 0.210136 0.01 0.01
0 0.961110 0.195931 0.01 0.01
0 0.983431 0.185785 0.01 0.01
0 0.651654 0.169552 0.01 0.01
0 0.601938 0.189844 0.01 0.01
0 0.724706 0.336455 0.01 0.01
