0 0.043208 0.494319 0.01 0.01
0 0.152838 0.500245 0.01 0.01
0 0.191356 0.430615 0.01 0.01
0 0.253578 0.449875 0.01 0.01
0 0.228393 0.399504 0.01 0.01
0 0.278764 0.366912 0.01 0.01
0 0.180986 0.318023 0.01 0.01
0 0.166171 0.315060 0.01 0.01
0 0.132097 0.283949 0.01 0.01
0 0.100986 0.272097 0.01 0.01
0 0.524690 0.735801 0.01 0.01
0 0.431356 0.586171 0.01 0.01
0 0.389875 0.580245 0.01 0.01
0 0.373578 0.525430 0.01 0.01
0 0.309875 0.509134 0.01 0.01
0 0.324690 0.362467 0.01 0.01
0 0.373578 0.476541 0.01 0.01
0 0.463949 0.433578 0.01 0.01
0 0.483208 0.518023 0.01 0.01
0 0.551356 0.472097 0.01 0.01
0 0.628393 0.556541 0.01 0.01
0 0.674319 0.476541 0.01 0.01
0 0.797282 0.513578 0.01 0.01
0 0.902467 0.509134 0.01 0.01
0 1.001727 0.547653 0.01 0.01
0 0.961727 0.615801 0.01 0.01
0 0.927653 0.769875 0.01 0.01
0 1.013578 0.763949 0.01 0.01
0 1.255060 0.595060 0.01 0.01
0 1.315801 0.578764 0.01 0.01
0 1.382467 0.430615 0.01 0.01
0 1.506912 0.362467 0.01 0.01
0 1.410615 0.396541 0.01 0.01
0 1.435801 0.369875 0.01 0.01
0 1.483208 0.286912 0.01 0.01
0 1.092097 0.371356 0.01 0.01
0 1.195801 0.275060 0.01 0.01
0 1.259504 0.291356 0.01 0.01
0 1.253578 0.261727 0.01 0.01
0 1.220986 0.226171 0.01 0.01
0 1.201727 0.230615 0.01 0.01
0 1.142467 0.258764 0.01 0.01
0 1.080245 0.279504 0.01 0.01
0 1.022467 0.285430 0.01 0.01
0 1.098023 0.245430 0.01 0.01
0 0.994319 0.254319 0.01 0.01
0 0.966171 0.278023 0.01 0.01
0 0.890615 0.295801 0.01 0.01
0 0.835801 0.316541 0.01 0.01
0 0.847653 0.257282 0.01 0.01
0 0.554319 0.255801 0.01 0.01
0 0.449134 0.304690 0.01 0.01
0 0.397282 0.365430 0.01 0.01
0 0.290615 0.261727 0.01 0.01
0 0.314319 0.243949 0.01 0.01
0 0.324690 0.242467 0.01 0.01
0 0.628393 0.218764 0.01 0.01
0 0.656541 0.214319 0.01 0.01
0 0.686171 0.209875 0.01 0.01
0 0.740986 0.239504 0.01 0.01
0 0.743949 0.205430 0.01 0.01
0 1.463949 0.215801 0.01 0.01
0 1.392838 0.211356 0.01 0.01
0 1.253578 0.209875 0.01 0.01
0 1.115801 0.229134 0.01 0.01
0 1.173578 0.217282 0.01 0.01
0 0.096541 0.223208 0.01 0.01
0 0.132097 0.249504 0.01 0.01
0 0.010615 0.190245 0.01 0.01
0 0.002467 0.168764 0.01 0.01
0 0.051356 0.182097 0.01 0.01
0 0.027653 0.214690 0.01 0.01
0 0.015801 0.202838 0.01 0.01
0 0.009134 0.217653 0.01 0.01
0 0.000986 0.216912 0.01 0.01
0 0.078764 0.178393 0.01 0.01
0 0.112838 0.177653 0.01 0.01
0 0.121727 0.180615 0.01 0.01
0 0.132097 0.196171 0.01 0.01
0 0.152838 0.199875 0.01 0.01
0 0.175060 0.186541 0.01 0.01
0 0.159504 0.168764 0.01 0.01
0 0.177282 0.139875 0.01 0.01
0 0.220986 0.162838 0.01 0.01
0 0.354319 0.180615 0.01 0.01
0 0.326171 0.183578 0.01 0.01
0 0.380986 0.169504 0.01 0.01
0 0.432097 0.182097 0.01 0.01
0 0.457282 0.184319 0.01 0.01
0 0.426912 0.203578 0.01 0.01
0 0.510615 0.207282 0.01 0.01
0 0.519504 0.181356 0.01 0.01
0 0.539504 0.145060 0.01 0.01
0 0.591356 0.210986 0.01 0.01
0 0.698023 0.151727 0.01 0.01
0 0.708393 0.193208 0.01 0.01
0 0.733578 0.143578 0.01 0.01
0 0.375060 0.231727 0.01 0.01
0 1.237282 0.097097 0.01 0.01
0 1.205060 0.106727 0.01 0.01
0 1.160615 0.113023 0.01 0.01
0 1.108764 0.115986 0.01 0.01
0 1.137653 0.176356 0.01 0.01
0 1.180245 0.177097 0.01 0.01
0 1.256912 0.133393 0.01 0.01
0 1.259134 0.112653 0.01 0.01
0 1.274690 0.156356 0.01 0.01
0 1.320986 0.147097 0.01 0.01
0 1.286912 0.126727 0.01 0.01
0 1.324690 0.117097 0.01 0.01
0 1.339504 0.107097 0.01 0.01
0 1.393208 0.115245 0.01 0.01
0 1.423949 0.100430 0.01 0.01
0 1.412097 0.098949 0.01 0.01
0 1.007653 0.121356 0.01 0.01
0 1.075060 0.170245 0.01 0.01
0 0.912838 0.172467 0.01 0.01
0 0.867653 0.199875 0.01 0.01
0 0.809134 0.136171 0.01 0.01
0 0.758764 0.150245 0.01 0.01
0 0.775801 0.162097 0.01 0.01
0 0.773578 0.126541 0.01 0.01
0 0.903949 0.313208 0.01 0.01
0 1.485060 0.092282 0.01 0.01
0 1.535430 0.094504 0.01 0.01
0 1.532097 0.071541 0.01 0.01
0 1.538764 0.254134 0.01 0.01
0 1.486171 0.075986 0.01 0.01
0 1.272097 0.133393 0.01 0.01
0 1.378764 0.118578 0.01 0.01
0 1.562097 0.464504 0.01 0.01
0 1.498747 1.166079 0.01 0.01
