0 0.297952 1.002768 0.01 0.01
0 0.592447 0.793594 0.01 0.01
0 0.424557 0.455062 0.01 0.01
0 0.223410 0.184305 0.01 0.01
0 0.278456 0.156782 0.01 0.01
0 0.222034 0.103800 0.01 0.01
0 0.142218 0.140956 0.01 0.01
0 0.177997 0.185681 0.01 0.01
0 0.956438 0.213204 0.01 0.01
0 0.822263 0.372837 0.01 0.01
0 0.781667 0.394855 0.01 0.01
0 1.019741 0.418938 0.01 0.01
0 1.136025 0.422378 0.01 0.01
0 1.275016 0.239351 0.01 0.01
0 1.361025 0.257929 0.01 0.01
0 1.355520 0.351507 0.01 0.01
0 1.235107 0.468479 0.01 0.01
0 1.050016 0.533158 0.01 0.01
0 1.294970 0.571002 0.01 0.01
0 1.551621 0.288548 0.01 0.01
0 1.525474 0.512860 0.01 0.01
0 1.588777 0.830750 0.01 0.01
0 1.097493 0.914695 0.01 0.01
0 1.085107 0.713777 0.01 0.01
0 0.640405 0.383662 0.01 0.01
0 0.164081 0.732113 0.01 0.01
0 0.269176 0.112833 0.01 0.01
0 0.676769 0.346199 0.01 0.01
