0 0.091466 0.232688 0.01 0.01
0 0.018184 0.166276 0.01 0.01
0 0.036505 0.088413 0.01 0.01
0 0.112077 0.031161 0.01 0.01
0 0.267802 0.553299 0.01 0.01
0 0.366276 0.663222 0.01 0.01
0 0.556352 0.647192 0.01 0.01
0 0.473909 0.168566 0.01 0.01
0 0.544902 0.200627 0.01 0.01
0 0.773909 0.239558 0.01 0.01
0 0.865512 0.280779 0.01 0.01
0 0.963986 0.287650 0.01 0.01
0 0.865512 0.111314 0.01 0.01
0 0.920474 0.095283 0.01 0.01
0 1.062459 0.120474 0.01 0.01
0 0.986886 0.145665 0.01 0.01
0 1.055589 0.010550 0.01 0.01
0 1.190703 0.397573 0.01 0.01
0 1.346428 0.562459 0.01 0.01
0 1.426581 0.338031 0.01 0.01
0 1.444902 0.251008 0.01 0.01
0 1.364749 0.099863 0.01 0.01
0 1.309787 0.067802 0.01 0.01
0 1.259405 0.113604 0.01 0.01
0 1.257115 0.026581 0.01 0.01
0 1.209024 0.003680 0.01 0.01
0 1.586886 0.067802 0.01 0.01
