0 0.803641 0.795651 0.01 0.01
0 0.741304 0.693353 0.01 0.01
0 0.750894 0.599047 0.01 0.01
0 0.623022 0.639007 0.01 0.01
0 0.498347 0.555890 0.01 0.01
0 0.549495 0.555890 0.01 0.01
0 0.450394 0.656590 0.01 0.01
0 0.408836 0.621425 0.01 0.01
0 0.383262 0.736510 0.01 0.01
0 0.392852 0.931515 0.01 0.01
0 0.247397 0.750895 0.01 0.01
0 0.330514 0.667778 0.01 0.01
0 0.336908 0.592654 0.01 0.01
0 0.157887 0.651794 0.01 0.01
0 0.161084 0.648598 0.01 0.01
0 0.912333 0.662983 0.01 0.01
0 1.032213 0.931515 0.01 0.01
0 1.185659 0.873972 0.01 0.01
0 1.100944 0.706140 0.01 0.01
0 1.147298 0.658188 0.01 0.01
0 1.311933 0.637409 0.01 0.01
0 1.412632 0.603842 0.01 0.01
0 1.495749 0.762084 0.01 0.01
0 1.588456 0.690156 0.01 0.01
0 1.527717 0.512733 0.01 0.01
0 1.423821 0.501545 0.01 0.01
0 1.443002 0.428018 0.01 0.01
0 1.385459 0.416829 0.01 0.01
0 0.101943 0.567079 0.01 0.01
0 0.045999 0.640606 0.01 0.01
0 0.052392 0.555890 0.01 0.01
0 0.025220 0.536710 0.01 0.01
0 0.038007 0.517529 0.01 0.01
0 0.090754 0.520725 0.01 0.01
0 0.138706 0.531914 0.01 0.01
0 0.177068 0.507938 0.01 0.01
0 0.177068 0.555890 0.01 0.01
0 0.223421 0.549497 0.01 0.01
0 0.274570 0.523922 0.01 0.01
0 0.343302 0.552694 0.01 0.01
0 0.391254 0.549497 0.01 0.01
0 0.392852 0.507938 0.01 0.01
0 0.408836 0.530316 0.01 0.01
0 0.415230 0.567079 0.01 0.01
0 0.024021 0.473573 0.01 0.01
0 0.039206 0.468777 0.01 0.01
0 0.063981 0.467179 0.01 0.01
0 0.075969 0.452793 0.01 0.01
0 0.073571 0.482364 0.01 0.01
0 0.105539 0.476769 0.01 0.01
0 0.127118 0.489557 0.01 0.01
0 0.123122 0.463982 0.01 0.01
0 0.100744 0.445601 0.01 0.01
0 0.103941 0.412034 0.01 0.01
0 0.066379 0.419227 0.01 0.01
0 0.033611 0.455191 0.01 0.01
0 0.018426 0.451994 0.01 0.01
0 0.038406 0.429617 0.01 0.01
0 0.143102 0.416030 0.01 0.01
0 0.161483 0.411235 0.01 0.01
0 0.185459 0.406440 0.01 0.01
0 0.211034 0.405641 0.01 0.01
0 0.167877 0.422424 0.01 0.01
0 0.162283 0.431215 0.01 0.01
0 0.153491 0.445601 0.01 0.01
0 0.005639 0.436010 0.01 0.01
0 0.187857 0.471974 0.01 0.01
0 0.204640 0.481565 0.01 0.01
0 0.247797 0.518328 0.01 0.01
0 0.251793 0.473573 0.01 0.01
0 0.255789 0.457589 0.01 0.01
0 0.225419 0.457589 0.01 0.01
0 0.205439 0.441605 0.01 0.01
0 0.219026 0.431215 0.01 0.01
0 0.242203 0.434412 0.01 0.01
0 0.229415 0.415231 0.01 0.01
0 0.258986 0.399247 0.01 0.01
0 0.258986 0.422424 0.01 0.01
0 0.256588 0.441605 0.01 0.01
0 0.273372 0.438408 0.01 0.01
0 0.292552 0.437609 0.01 0.01
0 0.283761 0.424022 0.01 0.01
0 0.288556 0.418428 0.01 0.01
0 0.284560 0.396849 0.01 0.01
0 0.313332 0.395251 0.01 0.01
0 0.310135 0.418428 0.01 0.01
0 0.329316 0.425621 0.01 0.01
0 0.334910 0.412034 0.01 0.01
0 0.353292 0.390456 0.01 0.01
0 0.326918 0.395251 0.01 0.01
0 0.334910 0.446400 0.01 0.01
0 0.343701 0.435211 0.01 0.01
0 0.314930 0.467179 0.01 0.01
0 0.298147 0.457589 0.01 0.01
0 0.326119 0.502344 0.01 0.01
0 0.355689 0.507938 0.01 0.01
0 0.392452 0.432014 0.01 0.01
0 0.363681 0.427219 0.01 0.01
0 0.374071 0.415231 0.01 0.01
0 0.354890 0.410436 0.01 0.01
0 0.373272 0.399247 0.01 0.01
0 0.415629 0.421625 0.01 0.01
0 0.431613 0.406440 0.01 0.01
0 0.435609 0.422424 0.01 0.01
0 0.453991 0.415231 0.01 0.01
0 0.449196 0.395251 0.01 0.01
0 0.417228 0.383263 0.01 0.01
0 0.403641 0.393653 0.01 0.01
0 0.447597 0.461585 0.01 0.01
0 0.427617 0.503143 0.01 0.01
0 0.469975 0.492753 0.01 0.01
0 0.461184 0.513533 0.01 0.01
0 0.515529 0.472773 0.01 0.01
0 0.558686 0.467179 0.01 0.01
0 0.521124 0.428817 0.01 0.01
0 0.494750 0.414432 0.01 0.01
0 0.482762 0.396849 0.01 0.01
0 0.471573 0.406440 0.01 0.01
0 0.465979 0.388857 0.01 0.01
0 0.476369 0.370476 0.01 0.01
0 0.497947 0.372074 0.01 0.01
0 0.546698 0.373673 0.01 0.01
0 0.538706 0.371275 0.01 0.01
0 0.559485 0.370476 0.01 0.01
0 0.526718 0.405641 0.01 0.01
0 0.503541 0.405641 0.01 0.01
0 0.565879 0.410436 0.01 0.01
0 0.554690 0.403243 0.01 0.01
0 0.573871 0.384861 0.01 0.01
0 0.547497 0.396050 0.01 0.01
0 0.593052 0.416030 0.01 0.01
0 0.582662 0.403243 0.01 0.01
0 0.573072 0.409637 0.01 0.01
0 0.597847 0.402444 0.01 0.01
0 0.593052 0.388857 0.01 0.01
0 0.597847 0.380865 0.01 0.01
0 0.618626 0.404042 0.01 0.01
0 0.621823 0.423223 0.01 0.01
0 0.608237 0.368877 0.01 0.01
0 0.625020 0.366480 0.01 0.01
0 0.638606 0.401645 0.01 0.01
0 0.648996 0.400046 0.01 0.01
0 0.657787 0.397649 0.01 0.01
0 0.668177 0.390456 0.01 0.01
0 0.674570 0.406440 0.01 0.01
0 0.671374 0.441605 0.01 0.01
0 0.535509 0.497549 0.01 0.01
0 0.505140 0.500745 0.01 0.01
0 0.716129 0.406440 0.01 0.01
0 0.703342 0.400046 0.01 0.01
0 0.679366 0.380066 0.01 0.01
0 0.672972 0.365681 0.01 0.01
0 0.726119 0.393653 0.01 0.01
0 0.703741 0.384861 0.01 0.01
0 0.717328 0.371275 0.01 0.01
0 0.729316 0.376070 0.01 0.01
0 0.738906 0.372873 0.01 0.01
0 0.742103 0.388058 0.01 0.01
0 0.751693 0.400845 0.01 0.01
0 0.759685 0.388058 0.01 0.01
0 0.771673 0.392054 0.01 0.01
0 0.777268 0.404841 0.01 0.01
0 0.787657 0.394452 0.01 0.01
0 0.815629 0.404042 0.01 0.01
0 0.830814 0.405641 0.01 0.01
0 0.844400 0.396849 0.01 0.01
0 0.832412 0.382464 0.01 0.01
0 0.816428 0.322524 0.01 0.01
0 0.752492 0.362484 0.01 0.01
0 0.758886 0.368877 0.01 0.01
0 0.763681 0.356889 0.01 0.01
0 0.777268 0.360086 0.01 0.01
0 0.771673 0.368078 0.01 0.01
0 0.786858 0.351295 0.01 0.01
0 0.790854 0.340106 0.01 0.01
0 0.812432 0.356090 0.01 0.01
0 0.819625 0.347299 0.01 0.01
0 0.832412 0.323323 0.01 0.01
0 0.825220 0.347299 0.01 0.01
0 0.841204 0.366480 0.01 0.01
0 0.815629 0.391255 0.01 0.01
0 0.849995 0.370476 0.01 0.01
0 0.853991 0.348897 0.01 0.01
0 0.865979 0.334512 0.01 0.01
0 0.885160 0.336909 0.01 0.01
0 0.879565 0.361685 0.01 0.01
0 0.866778 0.363283 0.01 0.01
0 0.854790 0.388857 0.01 0.01
0 0.869975 0.382464 0.01 0.01
0 0.877967 0.374472 0.01 0.01
0 0.867577 0.399247 0.01 0.01
0 0.893152 0.399247 0.01 0.01
0 0.877168 0.399247 0.01 0.01
0 0.912333 0.386460 0.01 0.01
0 0.916329 0.401645 0.01 0.01
0 0.926718 0.395251 0.01 0.01
0 0.905140 0.352094 0.01 0.01
0 0.897947 0.351295 0.01 0.01
0 0.940305 0.354492 0.01 0.01
0 0.927517 0.353693 0.01 0.01
0 0.947497 0.382464 0.01 0.01
0 0.939505 0.398448 0.01 0.01
0 0.962682 0.404841 0.01 0.01
0 0.985859 0.414432 0.01 0.01
0 0.933112 0.451994 0.01 0.01
0 0.973072 0.378468 0.01 0.01
0 0.969076 0.388857 0.01 0.01
0 0.990654 0.392054 0.01 0.01
0 1.005040 0.391255 0.01 0.01
0 1.010634 0.379267 0.01 0.01
0 1.006638 0.356889 0.01 0.01
0 0.983461 0.360086 0.01 0.01
0 0.975469 0.356889 0.01 0.01
0 0.949895 0.351295 0.01 0.01
0 0.972273 0.350496 0.01 0.01
0 0.964281 0.357689 0.01 0.01
0 0.985060 0.348098 0.01 0.01
0 0.991453 0.348897 0.01 0.01
0 1.010634 0.334512 0.01 0.01
0 0.991453 0.336110 0.01 0.01
0 1.024221 0.347299 0.01 0.01
0 1.037008 0.323323 0.01 0.01
0 1.034610 0.337709 0.01 0.01
0 1.050594 0.334512 0.01 0.01
0 1.044201 0.346500 0.01 0.01
0 1.052193 0.358488 0.01 0.01
0 1.046598 0.379267 0.01 0.01
0 1.025020 0.392853 0.01 0.01
0 1.023421 0.371275 0.01 0.01
0 1.064980 0.395251 0.01 0.01
0 1.065779 0.379267 0.01 0.01
0 1.064980 0.358488 0.01 0.01
0 1.093751 0.356090 0.01 0.01
0 1.084161 0.363283 0.01 0.01
0 1.092153 0.376070 0.01 0.01
0 1.083362 0.384861 0.01 0.01
0 1.094550 0.396050 0.01 0.01
0 1.141703 0.392054 0.01 0.01
0 1.151294 0.395251 0.01 0.01
0 1.167278 0.390456 0.01 0.01
0 1.166478 0.379267 0.01 0.01
0 1.131314 0.379267 0.01 0.01
0 1.124920 0.361685 0.01 0.01
0 1.112133 0.353693 0.01 0.01
0 1.103342 0.350496 0.01 0.01
0 1.106538 0.332913 0.01 0.01
0 1.088956 0.320925 0.01 0.01
0 1.127318 0.336110 0.01 0.01
0 1.144900 0.344102 0.01 0.01
0 1.162482 0.314532 0.01 0.01
0 1.132113 0.317728 0.01 0.01
0 1.160085 0.342504 0.01 0.01
0 1.182462 0.360086 0.01 0.01
0 1.183262 0.382464 0.01 0.01
0 1.197647 0.374472 0.01 0.01
0 1.213631 0.389657 0.01 0.01
0 1.231214 0.392054 0.01 0.01
0 1.226418 0.373673 0.01 0.01
0 1.243202 0.372074 0.01 0.01
0 1.240804 0.350496 0.01 0.01
0 1.262383 0.360885 0.01 0.01
0 1.284760 0.384062 0.01 0.01
0 1.261583 0.377669 0.01 0.01
0 1.283162 0.401645 0.01 0.01
0 1.303142 0.391255 0.01 0.01
0 1.322323 0.385661 0.01 0.01
0 1.339106 0.385661 0.01 0.01
0 1.254790 0.339307 0.01 0.01
0 1.260385 0.331315 0.01 0.01
0 1.244400 0.320126 0.01 0.01
0 1.260385 0.316130 0.01 0.01
0 1.276369 0.312933 0.01 0.01
0 1.272373 0.317728 0.01 0.01
0 1.289156 0.332913 0.01 0.01
0 1.295549 0.328917 0.01 0.01
0 1.308337 0.345701 0.01 0.01
0 1.317927 0.340106 0.01 0.01
0 1.329116 0.326520 0.01 0.01
0 1.312333 0.310536 0.01 0.01
0 1.348297 0.336110 0.01 0.01
0 1.364281 0.332913 0.01 0.01
0 1.373871 0.329717 0.01 0.01
0 1.376269 0.316929 0.01 0.01
0 1.365879 0.312134 0.01 0.01
0 1.352293 0.316130 0.01 0.01
0 1.115729 0.333713 0.01 0.01
0 1.420225 0.341705 0.01 0.01
0 1.389056 0.332913 0.01 0.01
0 1.464980 0.387259 0.01 0.01
0 1.406638 0.380066 0.01 0.01
0 1.395449 0.384062 0.01 0.01
0 1.474570 0.362484 0.01 0.01
0 1.468177 0.348897 0.01 0.01
0 1.459386 0.328917 0.01 0.01
0 1.450594 0.327319 0.01 0.01
0 1.433012 0.328118 0.01 0.01
0 1.436209 0.308937 0.01 0.01
0 1.456189 0.307339 0.01 0.01
0 1.468177 0.310536 0.01 0.01
0 1.481763 0.322524 0.01 0.01
0 1.493751 0.312134 0.01 0.01
0 1.516129 0.336110 0.01 0.01
0 1.515330 0.323323 0.01 0.01
0 1.494550 0.334512 0.01 0.01
0 1.481763 0.332913 0.01 0.01
0 1.503342 0.319327 0.01 0.01
0 1.526518 0.326520 0.01 0.01
0 1.534510 0.313732 0.01 0.01
0 1.543302 0.326520 0.01 0.01
0 1.533711 0.321724 0.01 0.01
0 1.557687 0.330516 0.01 0.01
0 1.563282 0.326520 0.01 0.01
0 1.551294 0.315331 0.01 0.01
0 1.572073 0.324122 0.01 0.01
0 1.580864 0.310536 0.01 0.01
0 1.595250 0.304142 0.01 0.01
0 1.562482 0.360885 0.01 0.01
0 1.510534 0.388857 0.01 0.01
0 1.564880 0.398448 0.01 0.01
0 1.590055 0.370476 0.01 0.01
0 1.578866 0.357689 0.01 0.01
