0 0.344833 0.468170 0.01 0.01
0 0.407024 0.491133 0.01 0.01
0 0.509400 0.474868 0.01 0.01
0 0.543844 0.489219 0.01 0.01
0 0.038662 0.324653 0.01 0.01
0 0.062582 0.335177 0.01 0.01
0 0.046316 0.341875 0.01 0.01
0 0.021440 0.365794 0.01 0.01
0 0.053014 0.368665 0.01 0.01
0 0.450079 0.400239 0.01 0.01
0 0.497918 0.397368 0.01 0.01
0 0.523751 0.373449 0.01 0.01
0 0.529492 0.352399 0.01 0.01
0 0.510357 0.352399 0.01 0.01
0 0.492178 0.346659 0.01 0.01
0 0.464431 0.357183 0.01 0.01
0 0.122859 0.437553 0.01 0.01
0 0.157303 0.380146 0.01 0.01
0 0.119989 0.382060 0.01 0.01
0 0.132427 0.351443 0.01 0.01
0 0.148692 0.348572 0.01 0.01
0 0.088415 0.360054 0.01 0.01
0 0.330481 0.422245 0.01 0.01
0 0.293167 0.404066 0.01 0.01
0 0.259679 0.391628 0.01 0.01
0 0.175482 0.468170 0.01 0.01
0 0.160174 0.512182 0.01 0.01
0 0.099896 0.544713 0.01 0.01
0 0.084588 0.492090 0.01 0.01
0 0.171655 0.579157 0.01 0.01
0 0.286469 0.573416 0.01 0.01
0 0.584029 0.536102 0.01 0.01
0 0.657701 0.495917 0.01 0.01
0 0.597424 0.411720 0.01 0.01
0 0.662485 0.383973 0.01 0.01
0 0.703627 0.382060 0.01 0.01
0 0.747639 0.375362 0.01 0.01
0 0.790694 0.397368 0.01 0.01
0 0.760077 0.430856 0.01 0.01
0 0.685448 0.469127 0.01 0.01
0 0.767731 0.562892 0.01 0.01
0 0.809830 0.519837 0.01 0.01
0 0.856712 0.417461 0.01 0.01
0 0.373536 0.257678 0.01 0.01
0 0.341963 0.242369 0.01 0.01
0 0.443382 0.260548 0.01 0.01
0 0.404153 0.261505 0.01 0.01
0 0.465388 0.254807 0.01 0.01
0 0.507486 0.261505 0.01 0.01
0 0.518968 0.255764 0.01 0.01
0 0.544801 0.337091 0.01 0.01
0 0.538103 0.318912 0.01 0.01
0 0.485480 0.325609 0.01 0.01
0 0.509400 0.318912 0.01 0.01
0 0.459647 0.323696 0.01 0.01
0 0.408937 0.361967 0.01 0.01
0 0.439554 0.366751 0.01 0.01
0 0.395542 0.331350 0.01 0.01
0 0.370666 0.323696 0.01 0.01
0 0.334308 0.348572 0.01 0.01
0 0.372580 0.355270 0.01 0.01
0 0.374493 0.377276 0.01 0.01
0 0.358228 0.372492 0.01 0.01
0 0.332395 0.382060 0.01 0.01
0 0.262549 0.351443 0.01 0.01
0 0.260636 0.335177 0.01 0.01
0 0.242457 0.338048 0.01 0.01
0 0.226192 0.317955 0.01 0.01
0 0.199402 0.313171 0.01 0.01
0 0.202272 0.343788 0.01 0.01
0 0.202272 0.368665 0.01 0.01
0 0.224278 0.372492 0.01 0.01
0 0.229062 0.348572 0.01 0.01
0 0.177396 0.355270 0.01 0.01
0 0.098939 0.341875 0.01 0.01
0 0.075977 0.337091 0.01 0.01
0 0.026224 0.341875 0.01 0.01
0 0.021440 0.330393 0.01 0.01
0 0.027181 0.321782 0.01 0.01
0 0.068322 0.313171 0.01 0.01
0 0.080760 0.315085 0.01 0.01
0 0.120945 0.321782 0.01 0.01
0 0.107550 0.312214 0.01 0.01
0 0.767731 0.357183 0.01 0.01
0 0.770602 0.341875 0.01 0.01
0 0.791651 0.357183 0.01 0.01
0 0.820355 0.343788 0.01 0.01
0 0.832793 0.335177 0.01 0.01
0 0.885416 0.328480 0.01 0.01
0 0.874891 0.355270 0.01 0.01
0 0.894984 0.368665 0.01 0.01
0 0.871064 0.382060 0.01 0.01
0 0.851928 0.390671 0.01 0.01
0 0.893070 0.523664 0.01 0.01
0 0.796435 0.325609 0.01 0.01
0 0.805046 0.313171 0.01 0.01
0 0.813657 0.308387 0.01 0.01
0 0.833750 0.301690 0.01 0.01
0 0.850015 0.291165 0.01 0.01
0 0.852885 0.271073 0.01 0.01
0 0.638566 0.332307 0.01 0.01
0 0.602208 0.325609 0.01 0.01
0 0.567764 0.328480 0.01 0.01
0 0.562980 0.315085 0.01 0.01
0 0.627084 0.315085 0.01 0.01
0 0.644306 0.321782 0.01 0.01
0 0.673010 0.339961 0.01 0.01
0 0.659615 0.318912 0.01 0.01
0 0.680664 0.315085 0.01 0.01
0 0.146585 0.325452 0.01 0.01
0 0.076330 0.348582 0.01 0.01
0 0.030286 0.379926 0.01 0.01
0 0.049093 0.315508 0.01 0.01
0 0.053848 0.324587 0.01 0.01
0 0.076762 0.323290 0.01 0.01
0 0.147666 0.312698 0.01 0.01
0 0.165175 0.323938 0.01 0.01
0 0.182901 0.313130 0.01 0.01
0 0.181604 0.305996 0.01 0.01
0 0.044553 0.305780 0.01 0.01
0 0.112836 0.301133 0.01 0.01
0 0.165581 0.302862 0.01 0.01
0 0.320358 0.326208 0.01 0.01
0 0.291824 0.326208 0.01 0.01
0 0.278854 0.308050 0.01 0.01
0 0.306524 0.306321 0.01 0.01
0 0.395585 0.312373 0.01 0.01
0 0.407691 0.314103 0.01 0.01
0 0.414608 0.309779 0.01 0.01
0 0.422390 0.302862 0.01 0.01
0 0.443143 0.308915 0.01 0.01
0 0.474271 0.324479 0.01 0.01
0 0.492429 0.306321 0.01 0.01
0 0.504535 0.300268 0.01 0.01
0 0.525287 0.315832 0.01 0.01
0 0.603108 0.312373 0.01 0.01
0 0.567656 0.296809 0.01 0.01
0 0.578032 0.282974 0.01 0.01
0 0.610890 0.285568 0.01 0.01
0 0.706869 0.308915 0.01 0.01
0 0.694763 0.309779 0.01 0.01
0 0.719839 0.327073 0.01 0.01
0 0.755291 0.322749 0.01 0.01
0 0.800254 0.299403 0.01 0.01
0 0.771720 0.300268 0.01 0.01
0 0.751832 0.272598 0.01 0.01
0 0.686981 0.278651 0.01 0.01
0 0.672282 0.299403 0.01 0.01
0 0.729350 0.302862 0.01 0.01
0 0.252049 0.309779 0.01 0.01
0 0.194116 0.302862 0.01 0.01
0 0.049715 0.401435 0.01 0.01
0 0.024639 0.447263 0.01 0.01
0 0.064414 0.461962 0.01 0.01
0 0.251184 0.461962 0.01 0.01
0 0.238214 0.436887 0.01 0.01
0 0.013398 0.392788 0.01 0.01
0 0.005616 0.340043 0.01 0.01
0 0.304794 0.366848 0.01 0.01
0 0.641153 0.300268 0.01 0.01
0 0.329870 0.288162 0.01 0.01
0 0.427578 0.290756 0.01 0.01
0 0.725892 0.276057 0.01 0.01
0 0.731080 0.289027 0.01 0.01
0 0.805442 0.270004 0.01 0.01
0 0.816683 0.270869 0.01 0.01
0 0.790742 0.270869 0.01 0.01
0 0.752697 0.289027 0.01 0.01
0 0.075472 0.306746 0.01 0.01
0 0.058271 0.306746 0.01 0.01
0 0.025678 0.305841 0.01 0.01
0 0.010287 0.309462 0.01 0.01
0 0.015719 0.322137 0.01 0.01
0 0.138846 0.302220 0.01 0.01
0 0.146089 0.299504 0.01 0.01
0 0.158764 0.299504 0.01 0.01
0 0.194978 0.295882 0.01 0.01
0 0.204936 0.294977 0.01 0.01
0 0.213990 0.295882 0.01 0.01
0 0.210369 0.311273 0.01 0.01
0 0.223043 0.329380 0.01 0.01
0 0.264689 0.323043 0.01 0.01
0 0.257446 0.298598 0.01 0.01
0 0.265595 0.299504 0.01 0.01
0 0.288228 0.294977 0.01 0.01
0 0.299998 0.294977 0.01 0.01
0 0.295471 0.307652 0.01 0.01
0 0.295471 0.315800 0.01 0.01
0 0.320821 0.311273 0.01 0.01
0 0.330779 0.309462 0.01 0.01
0 0.311767 0.296788 0.01 0.01
0 0.340738 0.296788 0.01 0.01
0 0.353413 0.316705 0.01 0.01
0 0.506416 0.595551 0.01 0.01
0 0.739995 0.342960 0.01 0.01
0 0.752670 0.334812 0.01 0.01
0 0.766250 0.324853 0.01 0.01
0 0.730942 0.316705 0.01 0.01
0 0.749954 0.294977 0.01 0.01
0 0.717362 0.294072 0.01 0.01
0 0.715551 0.282302 0.01 0.01
0 0.706497 0.291356 0.01 0.01
0 0.695633 0.293166 0.01 0.01
0 0.586992 0.304030 0.01 0.01
0 0.596045 0.302220 0.01 0.01
0 0.589708 0.290450 0.01 0.01
0 0.585181 0.294072 0.01 0.01
0 0.541725 0.308557 0.01 0.01
0 0.525428 0.305841 0.01 0.01
0 0.520902 0.295882 0.01 0.01
0 0.531766 0.294072 0.01 0.01
0 0.549873 0.294072 0.01 0.01
0 0.474729 0.291356 0.01 0.01
0 0.479256 0.298598 0.01 0.01
0 0.472013 0.304030 0.01 0.01
0 0.456622 0.304936 0.01 0.01
0 0.454812 0.292261 0.01 0.01
0 0.386005 0.293166 0.01 0.01
0 0.394154 0.294977 0.01 0.01
0 0.365182 0.300409 0.01 0.01
0 0.348886 0.296788 0.01 0.01
0 0.412260 0.295882 0.01 0.01
0 0.764439 0.272343 0.01 0.01
0 0.772588 0.276870 0.01 0.01
0 0.760818 0.283207 0.01 0.01
0 0.778020 0.284113 0.01 0.01
0 0.768061 0.286829 0.01 0.01
0 0.763534 0.294072 0.01 0.01
0 0.697444 0.280491 0.01 0.01
0 0.654893 0.289545 0.01 0.01
0 0.873081 0.290450 0.01 0.01
0 0.862217 0.286829 0.01 0.01
0 0.870365 0.280491 0.01 0.01
0 0.881229 0.280491 0.01 0.01
0 0.890282 0.283207 0.01 0.01
0 0.900241 0.274154 0.01 0.01
0 0.888472 0.271438 0.01 0.01
0 0.843204 0.277775 0.01 0.01
0 0.836867 0.281397 0.01 0.01
0 0.819665 0.280491 0.01 0.01
0 0.831435 0.274154 0.01 0.01
0 0.811517 0.288639 0.01 0.01
0 0.797937 0.284113 0.01 0.01
0 0.776209 0.248804 0.01 0.01
0 0.797032 0.246994 0.01 0.01
0 0.673000 0.285923 0.01 0.01
0 0.640407 0.285923 0.01 0.01
0 0.649461 0.282302 0.01 0.01
0 0.862217 0.312178 0.01 0.01
0 0.863122 0.328475 0.01 0.01
0 0.874892 0.315800 0.01 0.01
0 0.882134 0.299504 0.01 0.01
0 0.888472 0.304936 0.01 0.01
0 0.900241 0.313084 0.01 0.01
