0 0.118555 0.827475 0.01 0.01
0 0.219963 0.810574 0.01 0.01
0 0.246254 0.682874 0.01 0.01
0 0.233109 0.600245 0.01 0.01
0 0.385222 0.549541 0.01 0.01
0 0.311982 0.442499 0.01 0.01
0 0.310104 0.403062 0.01 0.01
0 0.157992 0.350480 0.01 0.01
0 0.122311 0.414330 0.01 0.01
0 0.109165 0.324189 0.01 0.01
0 0.039682 0.297898 0.01 0.01
0 0.073485 0.153297 0.01 0.01
0 0.295081 0.145785 0.01 0.01
0 0.334517 0.104470 0.01 0.01
0 0.390855 0.117616 0.01 0.01
0 0.319494 0.170198 0.01 0.01
0 0.398367 0.158931 0.01 0.01
0 0.306348 0.245316 0.01 0.01
0 0.522311 0.235926 0.01 0.01
0 0.597428 0.183344 0.01 0.01
0 0.593672 0.265973 0.01 0.01
0 0.638743 0.279118 0.01 0.01
0 0.725128 0.222780 0.01 0.01
0 0.710104 0.326067 0.01 0.01
0 0.873485 0.243438 0.01 0.01
0 0.914799 0.237804 0.01 0.01
0 0.882874 0.714799 0.01 0.01
0 1.089447 1.007757 0.01 0.01
0 1.190855 1.127945 0.01 0.01
0 1.412452 1.007757 0.01 0.01
0 1.252827 0.793672 0.01 0.01
0 1.466912 0.545785 0.01 0.01
0 1.373015 0.508226 0.01 0.01
0 1.389916 0.344846 0.01 0.01
0 1.305409 0.397428 0.01 0.01
0 1.080057 0.277240 0.01 0.01
0 1.042499 0.282874 0.01 0.01
0 0.931700 0.170198 0.01 0.01
0 0.918555 0.138273 0.01 0.01
0 0.903531 0.104470 0.01 0.01
0 0.873485 0.104470 0.01 0.01
0 0.988039 0.053766 0.01 0.01
0 1.029353 0.074424 0.01 0.01
0 1.068790 0.108226 0.01 0.01
0 1.115738 0.119494 0.01 0.01
0 1.138273 0.048132 0.01 0.01
0 1.211513 0.066912 0.01 0.01
0 1.158931 0.183344 0.01 0.01
0 1.299776 0.151419 0.01 0.01
0 1.292264 0.130762 0.01 0.01
0 1.305409 0.119494 0.01 0.01
0 1.264095 0.166442 0.01 0.01
0 1.388039 0.160808 0.01 0.01
0 1.455644 0.108226 0.01 0.01
0 1.476301 0.143907 0.01 0.01
0 1.506348 0.153297 0.01 0.01
0 1.511982 0.113860 0.01 0.01
0 1.562686 0.104470 0.01 0.01
0 1.483813 0.040621 0.01 0.01
0 0.217147 0.319963 0.01 0.01
0 0.202123 0.246724 0.01 0.01
0 0.196489 0.218555 0.01 0.01
0 0.215269 0.209165 0.01 0.01
0 0.045316 0.026067 0.01 0.01
0 0.271607 0.023250 0.01 0.01
0 1.459400 0.026067 0.01 0.01
0 1.522311 0.052358 0.01 0.01
0 1.588039 0.119963 0.01 0.01
0 0.152892 0.011234 0.01 0.01
0 1.525919 0.008037 0.01 0.01
