0 0.037552 0.623264 0.01 0.01
0 0.131233 0.611759 0.01 0.01
0 0.199439 0.631481 0.01 0.01
0 0.262714 0.597789 0.01 0.01
0 0.302159 0.593681 0.01 0.01
0 0.316950 0.637234 0.01 0.01
0 0.335029 0.638056 0.01 0.01
0 0.369543 0.638877 0.01 0.01
0 0.415561 0.626551 0.01 0.01
0 0.474728 0.633947 0.01 0.01
0 0.409809 0.565741 0.01 0.01
0 0.528142 0.578889 0.01 0.01
0 0.565943 0.580532 0.01 0.01
0 0.575804 0.634769 0.01 0.01
0 0.757413 0.619977 0.01 0.01
0 0.717147 0.598611 0.01 0.01
0 0.819867 0.647917 0.01 0.01
0 0.791105 0.563275 0.01 0.01
0 0.879855 0.579711 0.01 0.01
0 0.800145 0.503287 0.01 0.01
0 0.850272 0.496713 0.01 0.01
0 0.893003 0.447407 0.01 0.01
0 0.831372 0.433437 0.01 0.01
0 0.783709 0.425220 0.01 0.01
0 0.813293 0.395637 0.01 0.01
0 0.803432 0.340579 0.01 0.01
0 0.789462 0.316748 0.01 0.01
0 0.848628 0.306887 0.01 0.01
0 0.825619 0.282234 0.01 0.01
0 0.847807 0.229641 0.01 0.01
0 0.806719 0.264155 0.01 0.01
0 0.767274 0.269907 0.01 0.01
0 0.893825 0.272373 0.01 0.01
0 0.886429 0.162257 0.01 0.01
0 0.814115 0.191019 0.01 0.01
0 0.837124 0.169653 0.01 0.01
0 0.811649 0.149931 0.01 0.01
0 0.827263 0.125278 0.01 0.01
0 0.805897 0.123634 0.01 0.01
0 0.848628 0.119525 0.01 0.01
0 0.754126 0.116238 0.01 0.01
0 0.773027 0.152396 0.01 0.01
0 0.761522 0.192662 0.01 0.01
0 0.733582 0.259225 0.01 0.01
0 0.731939 0.375914 0.01 0.01
0 0.722899 0.451516 0.01 0.01
0 0.679346 0.492604 0.01 0.01
0 0.694138 0.523009 0.01 0.01
0 0.590596 0.513970 0.01 0.01
0 0.564300 0.494248 0.01 0.01
0 0.598814 0.418646 0.01 0.01
0 0.683455 0.415359 0.01 0.01
0 0.685098 0.345509 0.01 0.01
0 0.659624 0.347153 0.01 0.01
0 0.644010 0.329896 0.01 0.01
0 0.597992 0.305243 0.01 0.01
0 0.665376 0.269907 0.01 0.01
0 0.686742 0.233750 0.01 0.01
0 0.630862 0.218958 0.01 0.01
0 0.683455 0.186088 0.01 0.01
0 0.694138 0.155683 0.01 0.01
0 0.611962 0.166366 0.01 0.01
0 0.599635 0.146644 0.01 0.01
0 0.643189 0.112951 0.01 0.01
0 0.574161 0.115417 0.01 0.01
0 0.482124 0.119525 0.01 0.01
0 0.490341 0.164722 0.01 0.01
0 0.535538 0.172118 0.01 0.01
0 0.560191 0.177049 0.01 0.01
0 0.553617 0.209097 0.01 0.01
0 0.590596 0.215671 0.01 0.01
0 0.574161 0.248542 0.01 0.01
0 0.515816 0.251829 0.01 0.01
0 0.496916 0.225532 0.01 0.01
0 0.470619 0.218137 0.01 0.01
0 0.472263 0.184444 0.01 0.01
0 0.437749 0.175405 0.01 0.01
0 0.413096 0.159792 0.01 0.01
0 0.400770 0.112951 0.01 0.01
0 0.312841 0.139248 0.01 0.01
0 0.328455 0.123634 0.01 0.01
0 0.298050 0.170475 0.01 0.01
0 0.311198 0.188553 0.01 0.01
0 0.330920 0.239502 0.01 0.01
0 0.350642 0.282234 0.01 0.01
0 0.369543 0.316748 0.01 0.01
0 0.412274 0.285521 0.01 0.01
0 0.407344 0.224711 0.01 0.01
0 0.490341 0.317569 0.01 0.01
0 0.529786 0.295382 0.01 0.01
0 0.542112 0.329074 0.01 0.01
0 0.542112 0.369340 0.01 0.01
0 0.565943 0.389062 0.01 0.01
0 0.502668 0.380845 0.01 0.01
0 0.463223 0.393993 0.01 0.01
0 0.449253 0.359479 0.01 0.01
0 0.441036 0.330718 0.01 0.01
0 0.491985 0.423576 0.01 0.01
0 0.502668 0.458912 0.01 0.01
0 0.374473 0.472882 0.01 0.01
0 0.358038 0.429329 0.01 0.01
0 0.338316 0.394815 0.01 0.01
0 0.291476 0.381667 0.01 0.01
0 0.319416 0.351262 0.01 0.01
0 0.295584 0.329074 0.01 0.01
0 0.281615 0.293738 0.01 0.01
0 0.243814 0.231285 0.01 0.01
0 0.276684 0.213206 0.01 0.01
0 0.236418 0.179514 0.01 0.01
0 0.233131 0.141713 0.01 0.01
0 0.207656 0.209919 0.01 0.01
0 0.234774 0.314282 0.01 0.01
0 0.208478 0.292095 0.01 0.01
0 0.221626 0.349618 0.01 0.01
0 0.303802 0.435903 0.01 0.01
0 0.256140 0.446586 0.01 0.01
0 0.227378 0.456447 0.01 0.01
0 0.258605 0.531227 0.01 0.01
0 0.237240 0.522188 0.01 0.01
0 0.122193 0.520544 0.01 0.01
0 0.160816 0.496713 0.01 0.01
0 0.061383 0.546019 0.01 0.01
0 0.023582 0.504109 0.01 0.01
0 0.041661 0.408785 0.01 0.01
0 0.068779 0.393993 0.01 0.01
0 0.080284 0.352083 0.01 0.01
0 0.005503 0.393993 0.01 0.01
0 0.063027 0.311817 0.01 0.01
0 0.013721 0.259225 0.01 0.01
0 0.033443 0.246076 0.01 0.01
0 0.107402 0.288808 0.01 0.01
0 0.139450 0.303600 0.01 0.01
0 0.126302 0.257581 0.01 0.01
0 0.079462 0.226354 0.01 0.01
0 0.108223 0.216493 0.01 0.01
0 0.126302 0.193484 0.01 0.01
0 0.162459 0.237859 0.01 0.01
0 0.146846 0.166366 0.01 0.01
0 0.152598 0.132674 0.01 0.01
0 0.059740 0.121991 0.01 0.01
0 0.033443 0.121991 0.01 0.01
0 0.009612 0.129387 0.01 0.01
0 0.021939 0.179514 0.01 0.01
0 0.056453 0.162257 0.01 0.01
0 0.135866 0.087175 0.01 0.01
0 0.209099 0.063423 0.01 0.01
0 0.185348 0.033734 0.01 0.01
0 0.124980 0.038682 0.01 0.01
0 0.255612 0.086185 0.01 0.01
0 0.960233 0.612671 0.01 0.01
0 0.983984 0.493915 0.01 0.01
0 0.933513 0.375158 0.01 0.01
0 0.942419 0.329635 0.01 0.01
0 0.979036 0.314791 0.01 0.01
0 0.963202 0.272236 0.01 0.01
0 0.964191 0.247495 0.01 0.01
0 0.942419 0.209889 0.01 0.01
0 0.909761 0.202962 0.01 0.01
0 0.128197 0.066740 0.01 0.01
0 0.262787 0.034576 0.01 0.01
0 0.286044 0.043978 0.01 0.01
0 0.376595 0.064760 0.01 0.01
0 0.365709 0.039030 0.01 0.01
0 0.327608 0.047936 0.01 0.01
0 0.315733 0.024680 0.01 0.01
0 0.018842 0.040019 0.01 0.01
0 0.042593 0.030618 0.01 0.01
0 0.058428 0.043978 0.01 0.01
0 0.036656 0.014784 0.01 0.01
0 0.029728 0.092965 0.01 0.01
0 0.454776 0.067234 0.01 0.01
0 0.469621 0.098408 0.01 0.01
0 0.444385 0.041504 0.01 0.01
0 0.391440 0.024680 0.01 0.01
0 0.355318 0.020227 0.01 0.01
0 0.433499 0.012804 0.01 0.01
0 0.563389 0.075299 0.01 0.01
0 0.509949 0.096081 0.01 0.01
0 0.625736 0.031755 0.01 0.01
0 0.625736 0.080247 0.01 0.01
0 0.702928 0.100040 0.01 0.01
0 0.742513 0.062434 0.01 0.01
0 0.833559 0.090143 0.01 0.01
0 0.905803 0.079257 0.01 0.01
0 0.976067 0.079257 0.01 0.01
0 0.945388 0.034724 0.01 0.01
0 0.860280 0.027796 0.01 0.01
0 0.756368 0.033734 0.01 0.01
0 0.686104 0.045610 0.01 0.01
0 0.526772 0.048579 0.01 0.01
0 0.544586 0.056496 0.01 0.01
0 0.661115 0.020721 0.01 0.01
0 0.901102 0.022206 0.01 0.01
0 0.168524 0.429588 0.01 0.01
0 0.193265 0.406827 0.01 0.01
0 0.220975 0.115726 0.01 0.01
0 0.247200 0.119190 0.01 0.01
0 0.827869 0.017753 0.01 0.01
0 0.154670 0.012952 0.01 0.01
0 0.075499 0.011962 0.01 0.01
0 0.299156 0.010973 0.01 0.01
0 0.807829 0.011962 0.01 0.01
0 0.880072 0.010973 0.01 0.01
