0 0.037804 0.590855 0.01 0.01
0 0.129823 0.418085 0.01 0.01
0 0.082874 0.367381 0.01 0.01
0 0.201184 0.545785 0.01 0.01
0 0.015269 0.170198 0.01 0.01
0 0.011513 0.125128 0.01 0.01
0 0.090386 0.226536 0.01 0.01
0 0.069729 0.106348 0.01 0.01
0 0.009635 0.034987 0.01 0.01
0 0.156114 0.134517 0.01 0.01
0 0.263156 0.085691 0.01 0.01
0 0.308226 0.130762 0.01 0.01
0 0.396489 0.087569 0.01 0.01
0 0.372076 0.091325 0.01 0.01
0 0.550480 0.143907 0.01 0.01
0 0.614330 0.095081 0.01 0.01
0 0.678179 0.100715 0.01 0.01
0 0.715738 0.072546 0.01 0.01
0 0.755175 0.113860 0.01 0.01
0 0.710104 0.230292 0.01 0.01
0 0.865973 0.391794 0.01 0.01
0 0.852827 0.453766 0.01 0.01
0 0.907287 0.245316 0.01 0.01
0 0.817147 0.160808 0.01 0.01
0 0.830292 0.085691 0.01 0.01
0 0.790855 0.065034 0.01 0.01
0 0.770198 0.051888 0.01 0.01
0 0.903531 0.046254 0.01 0.01
0 0.952358 0.066912 0.01 0.01
0 0.986161 0.074424 0.01 0.01
0 1.050010 0.104470 0.01 0.01
0 1.132639 0.117616 0.01 0.01
0 1.138273 0.170198 0.01 0.01
0 1.202123 0.132639 0.01 0.01
0 1.106348 0.220902 0.01 0.01
0 1.034987 0.256583 0.01 0.01
0 1.299776 0.312921 0.01 0.01
0 1.282874 0.403062 0.01 0.01
0 1.303531 0.234048 0.01 0.01
0 1.352358 0.211513 0.01 0.01
0 1.341090 0.170198 0.01 0.01
0 1.369259 0.098837 0.01 0.01
0 1.412452 0.095081 0.01 0.01
0 1.442499 0.196489 0.01 0.01
0 1.538273 0.160808 0.01 0.01
0 1.534517 0.296020 0.01 0.01
0 1.592733 0.692264 0.01 0.01
0 1.596489 0.573954 0.01 0.01
0 1.264095 0.104470 0.01 0.01
0 1.256583 0.078179 0.01 0.01
0 1.312921 0.053766 0.01 0.01
0 1.273485 0.040621 0.01 0.01
0 1.207757 0.061278 0.01 0.01
0 1.151419 0.066912 0.01 0.01
0 1.110104 0.068790 0.01 0.01
0 1.521372 0.074424 0.01 0.01
0 1.481935 0.053766 0.01 0.01
0 1.581466 0.108226 0.01 0.01
0 1.042499 0.034517 0.01 0.01
0 0.996489 0.029823 0.01 0.01
0 0.974893 0.032639 0.01 0.01
0 1.094142 0.027006 0.01 0.01
0 1.377710 0.063625 0.01 0.01
0 1.367381 0.135926 0.01 0.01
0 1.429353 0.070198 0.01 0.01
0 1.564564 0.029823 0.01 0.01
0 1.550480 0.023250 0.01 0.01
0 1.595550 0.059870 0.01 0.01
0 1.584283 0.155644 0.01 0.01
0 0.720433 0.489916 0.01 0.01
0 1.452827 0.178179 0.01 0.01
0 0.881935 0.033578 0.01 0.01
0 1.350480 0.011747 0.01 0.01
0 1.481935 0.015503 0.01 0.01
0 1.538743 0.010808 0.01 0.01
0 0.219963 0.019494 0.01 0.01
0 0.078179 0.009870 0.01 0.01
0 1.115130 0.004841 0.01 0.01
