0 0.026262 0.465369 0.01 0.01
0 0.183952 0.419560 0.01 0.01
0 0.280857 0.453036 0.01 0.01
0 0.311690 0.548179 0.01 0.01
0 0.374238 0.409869 0.01 0.01
0 0.582143 0.400179 0.01 0.01
0 0.383048 0.309440 0.01 0.01
0 0.008643 0.364940 0.01 0.01
0 0.043000 0.354369 0.01 0.01
0 0.082643 0.356131 0.01 0.01
0 0.034190 0.315607 0.01 0.01
0 0.102024 0.305036 0.01 0.01
0 0.148714 0.288298 0.01 0.01
0 0.193643 0.272440 0.01 0.01
0 0.236810 0.243369 0.01 0.01
0 0.284381 0.243369 0.01 0.01
0 0.273810 0.303274 0.01 0.01
0 0.368071 0.276845 0.01 0.01
0 0.451762 0.269798 0.01 0.01
0 0.558357 0.269798 0.01 0.01
0 0.487000 0.216060 0.01 0.01
0 0.409476 0.191393 0.01 0.01
0 0.376000 0.230155 0.01 0.01
0 0.359262 0.191393 0.01 0.01
0 0.333714 0.216060 0.01 0.01
0 0.316095 0.224869 0.01 0.01
0 0.304643 0.201964 0.01 0.01
0 0.272929 0.221345 0.01 0.01
0 0.270286 0.205488 0.01 0.01
0 0.269405 0.179060 0.01 0.01
0 0.291429 0.162321 0.01 0.01
0 0.297595 0.149988 0.01 0.01
0 0.291429 0.131488 0.01 0.01
0 0.098500 0.274202 0.01 0.01
0 0.066786 0.277726 0.01 0.01
0 0.031548 0.275964 0.01 0.01
0 0.017452 0.261869 0.01 0.01
0 0.018333 0.240726 0.01 0.01
0 0.022738 0.209012 0.01 0.01
0 0.005119 0.170250 0.01 0.01
0 0.044762 0.179060 0.01 0.01
0 0.081762 0.182583 0.01 0.01
0 0.092333 0.174655 0.01 0.01
0 0.103786 0.157036 0.01 0.01
0 0.075595 0.149988 0.01 0.01
0 0.035071 0.145583 0.01 0.01
0 0.057095 0.126202 0.01 0.01
0 0.021857 0.092726 0.01 0.01
0 0.097619 0.097131 0.01 0.01
0 0.055333 0.053964 0.01 0.01
0 0.130214 0.156155 0.01 0.01
0 0.131976 0.182583 0.01 0.01
0 0.140786 0.203726 0.01 0.01
0 0.104667 0.221345 0.01 0.01
0 0.079119 0.221345 0.01 0.01
0 0.049167 0.213417 0.01 0.01
0 0.050929 0.249536 0.01 0.01
0 0.097619 0.258345 0.01 0.01
0 0.124929 0.258345 0.01 0.01
0 0.139905 0.252179 0.01 0.01
0 0.147833 0.233679 0.01 0.01
0 0.171619 0.206369 0.01 0.01
0 0.190119 0.246893 0.01 0.01
0 0.205976 0.236321 0.01 0.01
0 0.221833 0.218702 0.01 0.01
0 0.232405 0.189631 0.01 0.01
0 0.178667 0.151750 0.01 0.01
0 0.211262 0.148226 0.01 0.01
0 0.205095 0.122679 0.01 0.01
0 0.168976 0.125321 0.01 0.01
0 0.161048 0.156155 0.01 0.01
0 0.138143 0.094488 0.01 0.01
0 0.147833 0.066298 0.01 0.01
0 0.119643 0.045155 0.01 0.01
0 0.147833 0.031060 0.01 0.01
0 0.176024 0.047798 0.01 0.01
0 0.180429 0.030179 0.01 0.01
0 0.207738 0.041631 0.01 0.01
0 0.213905 0.061012 0.01 0.01
0 0.213024 0.084798 0.01 0.01
0 0.207738 0.105060 0.01 0.01
0 0.171619 0.109464 0.01 0.01
0 0.276452 0.131488 0.01 0.01
0 0.233286 0.132369 0.01 0.01
0 0.247381 0.156155 0.01 0.01
0 0.236810 0.112988 0.01 0.01
0 0.287024 0.107702 0.01 0.01
0 0.258833 0.100655 0.01 0.01
0 0.258833 0.066298 0.01 0.01
0 0.247381 0.053964 0.01 0.01
0 0.238571 0.053964 0.01 0.01
0 0.226238 0.029298 0.01 0.01
0 0.209500 0.029298 0.01 0.01
0 0.263238 0.029298 0.01 0.01
0 0.294071 0.049560 0.01 0.01
0 0.309048 0.055726 0.01 0.01
0 0.293190 0.026655 0.01 0.01
0 0.324905 0.027536 0.01 0.01
0 0.313452 0.085679 0.01 0.01
0 0.331952 0.063655 0.01 0.01
0 0.323143 0.109464 0.01 0.01
0 0.334595 0.100655 0.01 0.01
0 0.327548 0.127083 0.01 0.01
0 0.344286 0.145583 0.01 0.01
0 0.352214 0.127083 0.01 0.01
0 0.360143 0.160560 0.01 0.01
0 0.371595 0.179060 0.01 0.01
0 0.422690 0.175536 0.01 0.01
0 0.404190 0.168488 0.01 0.01
0 0.395381 0.147345 0.01 0.01
0 0.405952 0.143821 0.01 0.01
0 0.405071 0.127964 0.01 0.01
0 0.418286 0.143821 0.01 0.01
0 0.415643 0.103298 0.01 0.01
0 0.384810 0.098893 0.01 0.01
0 0.379524 0.109464 0.01 0.01
0 0.371595 0.086560 0.01 0.01
0 0.368071 0.054845 0.01 0.01
0 0.355738 0.051321 0.01 0.01
0 0.377762 0.057488 0.01 0.01
0 0.381286 0.037226 0.01 0.01
0 0.393619 0.061012 0.01 0.01
0 0.392738 0.073345 0.01 0.01
0 0.423571 0.085679 0.01 0.01
0 0.428857 0.078631 0.01 0.01
0 0.424452 0.053964 0.01 0.01
0 0.438548 0.058369 0.01 0.01
0 0.442952 0.042512 0.01 0.01
0 0.467619 0.051321 0.01 0.01
0 0.475548 0.057488 0.01 0.01
0 0.460571 0.080393 0.01 0.01
0 0.444714 0.090964 0.01 0.01
0 0.452643 0.098012 0.01 0.01
0 0.443833 0.137655 0.01 0.01
0 0.453524 0.131488 0.01 0.01
0 0.466738 0.152631 0.01 0.01
0 0.477310 0.146464 0.01 0.01
0 0.488762 0.127083 0.01 0.01
0 0.479071 0.104179 0.01 0.01
0 0.494929 0.086560 0.01 0.01
0 0.494048 0.158798 0.01 0.01
0 0.487000 0.180821 0.01 0.01
0 0.455286 0.200202 0.01 0.01
0 0.510786 0.169369 0.01 0.01
0 0.530167 0.163202 0.01 0.01
0 0.519595 0.135012 0.01 0.01
0 0.534571 0.116512 0.01 0.01
0 0.521357 0.098893 0.01 0.01
0 0.519595 0.069821 0.01 0.01
0 0.513429 0.078631 0.01 0.01
0 0.502857 0.073345 0.01 0.01
0 0.520476 0.053964 0.01 0.01
0 0.520476 0.037226 0.01 0.01
0 0.501976 0.045155 0.01 0.01
0 0.554833 0.117393 0.01 0.01
0 0.546905 0.127964 0.01 0.01
0 0.563643 0.153512 0.01 0.01
0 0.551310 0.168488 0.01 0.01
0 0.576857 0.175536 0.01 0.01
0 0.612095 0.168488 0.01 0.01
0 0.598881 0.172893 0.01 0.01
0 0.599762 0.156155 0.01 0.01
0 0.605929 0.132369 0.01 0.01
0 0.615619 0.132369 0.01 0.01
0 0.615619 0.132369 0.01 0.01
0 0.619143 0.113869 0.01 0.01
0 0.595357 0.101536 0.01 0.01
0 0.587429 0.084798 0.01 0.01
0 0.553952 0.083036 0.01 0.01
0 0.550429 0.054845 0.01 0.01
0 0.543381 0.038988 0.01 0.01
0 0.555714 0.039869 0.01 0.01
0 0.574214 0.041631 0.01 0.01
0 0.591833 0.042512 0.01 0.01
0 0.606810 0.068060 0.01 0.01
0 0.610333 0.055726 0.01 0.01
0 0.641167 0.066298 0.01 0.01
0 0.643810 0.100655 0.01 0.01
0 0.654381 0.123560 0.01 0.01
0 0.648214 0.140298 0.01 0.01
0 0.640286 0.149988 0.01 0.01
0 0.641167 0.186988 0.01 0.01
0 0.644690 0.165845 0.01 0.01
0 0.664952 0.164083 0.01 0.01
0 0.688738 0.190512 0.01 0.01
0 0.737190 0.189631 0.01 0.01
0 0.725738 0.179060 0.01 0.01
0 0.783881 0.200202 0.01 0.01
0 0.061500 0.134131 0.01 0.01
0 0.074714 0.109464 0.01 0.01
0 0.057095 0.094488 0.01 0.01
0 0.077357 0.080393 0.01 0.01
0 0.657024 0.052202 0.01 0.01
0 0.635000 0.030179 0.01 0.01
0 0.626190 0.042512 0.01 0.01
0 0.619143 0.049560 0.01 0.01
0 0.605929 0.041631 0.01 0.01
0 0.678167 0.084798 0.01 0.01
0 0.664071 0.072464 0.01 0.01
0 0.688738 0.057488 0.01 0.01
0 0.717810 0.072464 0.01 0.01
0 0.743357 0.066298 0.01 0.01
0 0.746000 0.125321 0.01 0.01
0 0.759214 0.131488 0.01 0.01
0 0.760095 0.172893 0.01 0.01
0 0.790929 0.168488 0.01 0.01
0 0.727500 0.153512 0.01 0.01
0 0.710762 0.162321 0.01 0.01
0 0.706357 0.137655 0.01 0.01
0 0.698429 0.137655 0.01 0.01
0 0.708119 0.123560 0.01 0.01
0 0.699310 0.122679 0.01 0.01
0 0.686095 0.146464 0.01 0.01
0 0.670238 0.137655 0.01 0.01
0 0.697548 0.168488 0.01 0.01
0 0.691381 0.157917 0.01 0.01
0 0.753048 0.101536 0.01 0.01
0 0.741595 0.102417 0.01 0.01
0 0.761857 0.067179 0.01 0.01
0 0.766262 0.041631 0.01 0.01
0 0.749524 0.046036 0.01 0.01
0 0.728381 0.043393 0.01 0.01
0 0.720452 0.048679 0.01 0.01
0 0.707238 0.031060 0.01 0.01
0 0.701071 0.029298 0.01 0.01
0 0.720452 0.027536 0.01 0.01
0 0.760095 0.032821 0.01 0.01
0 0.796214 0.041631 0.01 0.01
0 0.798857 0.055726 0.01 0.01
0 0.800619 0.070702 0.01 0.01
0 0.797976 0.090964 0.01 0.01
0 0.787405 0.088321 0.01 0.01
0 0.797095 0.119155 0.01 0.01
0 0.774190 0.078631 0.01 0.01
0 0.799738 0.146464 0.01 0.01
0 0.782119 0.127964 0.01 0.01
0 0.592762 0.013881 0.01 0.01
0 0.552238 0.013881 0.01 0.01
0 0.531095 0.017405 0.01 0.01
0 0.494095 0.006833 0.01 0.01
0 0.478238 0.013881 0.01 0.01
0 0.277381 0.010357 0.01 0.01
0 0.018333 0.024893 0.01 0.01
0 0.006881 0.028417 0.01 0.01
0 0.106429 0.021369 0.01 0.01
0 0.075595 0.027536 0.01 0.01
0 0.139905 0.015202 0.01 0.01
0 0.127571 0.015202 0.01 0.01
0 0.128452 0.009036 0.01 0.01
0 0.109071 0.002869 0.01 0.01
0 0.156643 0.009036 0.01 0.01
0 0.166333 0.028417 0.01 0.01
0 0.198048 0.013440 0.01 0.01
0 0.215667 0.009917 0.01 0.01
0 0.372476 0.015202 0.01 0.01
0 0.385690 0.015202 0.01 0.01
0 0.420048 0.036345 0.01 0.01
0 0.426214 0.001107 0.01 0.01
0 0.630595 0.016083 0.01 0.01
0 0.618262 0.002869 0.01 0.01
0 0.580381 0.009036 0.01 0.01
0 0.649976 0.012560 0.01 0.01
0 0.667595 0.021369 0.01 0.01
0 0.677286 0.012560 0.01 0.01
0 0.707238 0.009036 0.01 0.01
0 0.749524 0.011679 0.01 0.01
0 0.733667 0.009036 0.01 0.01
0 0.726619 0.005512 0.01 0.01
0 0.797976 0.017845 0.01 0.01
0 0.230643 0.009917 0.01 0.01
0 0.297595 0.002869 0.01 0.01
0 0.309929 0.018726 0.01 0.01
0 0.679048 0.039869 0.01 0.01
0 0.825333 0.031940 0.01 0.01
0 0.813881 0.050440 0.01 0.01
0 0.826214 0.056607 0.01 0.01
0 0.815643 0.071583 0.01 0.01
0 0.827095 0.097131 0.01 0.01
0 0.813881 0.120036 0.01 0.01
0 0.840310 0.197560 0.01 0.01
0 0.850881 0.176417 0.01 0.01
0 0.834143 0.166726 0.01 0.01
0 0.827095 0.148226 0.01 0.01
0 0.855286 0.141179 0.01 0.01
0 0.853524 0.127083 0.01 0.01
0 0.863214 0.113869 0.01 0.01
0 0.852643 0.081274 0.01 0.01
0 0.857048 0.061893 0.01 0.01
0 0.841190 0.050440 0.01 0.01
0 0.841190 0.038107 0.01 0.01
0 0.835905 0.021369 0.01 0.01
0 0.839429 0.003750 0.01 0.01
0 0.798905 0.002869 0.01 0.01
0 0.861452 0.005512 0.01 0.01
0 0.861452 0.025774 0.01 0.01
0 0.853524 0.027536 0.01 0.01
0 0.878190 0.024012 0.01 0.01
0 0.889643 0.036345 0.01 0.01
0 0.872905 0.054845 0.01 0.01
0 0.854405 0.033702 0.01 0.01
0 0.904619 0.042512 0.01 0.01
0 0.891405 0.076869 0.01 0.01
0 0.892286 0.096250 0.01 0.01
0 0.880833 0.101536 0.01 0.01
0 0.908143 0.095369 0.01 0.01
0 0.909024 0.113869 0.01 0.01
0 0.920476 0.097131 0.01 0.01
0 0.922238 0.058369 0.01 0.01
0 0.936333 0.073345 0.01 0.01
0 0.900214 0.003750 0.01 0.01
0 0.938976 0.007274 0.01 0.01
0 0.956595 0.034583 0.01 0.01
0 0.961000 0.005512 0.01 0.01
0 0.975095 0.011679 0.01 0.01
0 0.985667 0.034583 0.01 0.01
0 0.968929 0.044274 0.01 0.01
0 0.984786 0.054845 0.01 0.01
0 0.973333 0.098012 0.01 0.01
0 0.949548 0.067179 0.01 0.01
0 0.957476 0.089202 0.01 0.01
0 0.986548 0.109464 0.01 0.01
0 0.999762 0.126202 0.01 0.01
0 0.998881 0.152631 0.01 0.01
0 0.996238 0.135893 0.01 0.01
0 0.951310 0.144702 0.01 0.01
0 0.938976 0.135012 0.01 0.01
0 0.948667 0.127964 0.01 0.01
0 0.907262 0.133250 0.01 0.01
0 0.900214 0.146464 0.01 0.01
0 0.880833 0.142940 0.01 0.01
0 0.894929 0.194036 0.01 0.01
0 0.912548 0.160560 0.01 0.01
0 0.934571 0.188750 0.01 0.01
0 0.921357 0.178179 0.01 0.01
0 0.998881 0.013440 0.01 0.01
0 1.029714 0.024012 0.01 0.01
0 1.048214 0.017845 0.01 0.01
0 1.049095 0.033702 0.01 0.01
0 1.062310 0.039869 0.01 0.01
0 1.062310 0.062774 0.01 0.01
0 1.020905 0.061893 0.01 0.01
0 1.015619 0.052202 0.01 0.01
0 1.044690 0.096250 0.01 0.01
0 1.032357 0.098012 0.01 0.01
0 1.011214 0.087440 0.01 0.01
0 1.039405 0.116512 0.01 0.01
0 1.031476 0.135893 0.01 0.01
0 1.031476 0.177298 0.01 0.01
0 1.019143 0.194036 0.01 0.01
0 0.998000 0.218702 0.01 0.01
0 0.949548 0.207250 0.01 0.01
0 0.977738 0.178179 0.01 0.01
0 0.961881 0.169369 0.01 0.01
0 0.937214 0.171131 0.01 0.01
0 1.086095 0.039869 0.01 0.01
0 1.080810 0.017845 0.01 0.01
0 1.105476 0.034583 0.01 0.01
0 1.098429 0.052202 0.01 0.01
0 1.119571 0.049560 0.01 0.01
0 1.134548 0.033702 0.01 0.01
0 1.139833 0.009917 0.01 0.01
0 1.168024 0.011679 0.01 0.01
0 1.161857 0.030179 0.01 0.01
0 1.153048 0.039869 0.01 0.01
0 1.139833 0.062774 0.01 0.01
0 1.130143 0.076869 0.01 0.01
0 1.133667 0.104179 0.01 0.01
0 1.141595 0.090964 0.01 0.01
0 1.103714 0.105060 0.01 0.01
0 1.102833 0.093607 0.01 0.01
0 1.079929 0.097131 0.01 0.01
0 1.070238 0.080393 0.01 0.01
0 1.093143 0.127964 0.01 0.01
0 1.058786 0.115631 0.01 0.01
0 1.079048 0.124440 0.01 0.01
0 1.072000 0.139417 0.01 0.01
0 1.064071 0.158798 0.01 0.01
0 1.050857 0.157036 0.01 0.01
0 1.079929 0.150869 0.01 0.01
0 1.098429 0.163202 0.01 0.01
0 1.080810 0.214298 0.01 0.01
0 1.089619 0.240726 0.01 0.01
0 1.048214 0.231917 0.01 0.01
0 1.139833 0.226631 0.01 0.01
0 1.152167 0.183464 0.01 0.01
0 1.160095 0.201964 0.01 0.01
0 1.120452 0.181702 0.01 0.01
0 1.136310 0.157036 0.01 0.01
0 1.153048 0.167607 0.01 0.01
0 1.201500 0.136774 0.01 0.01
0 1.187405 0.120036 0.01 0.01
0 1.206786 0.114750 0.01 0.01
0 1.216476 0.107702 0.01 0.01
0 1.210310 0.090083 0.01 0.01
0 1.184762 0.080393 0.01 0.01
0 1.171548 0.056607 0.01 0.01
0 1.161857 0.061012 0.01 0.01
0 1.227929 0.061893 0.01 0.01
0 1.216476 0.062774 0.01 0.01
0 1.214714 0.042512 0.01 0.01
0 1.212071 0.011679 0.01 0.01
0 1.252595 0.043393 0.01 0.01
0 1.247310 0.033702 0.01 0.01
0 1.260524 0.024893 0.01 0.01
0 1.288714 0.042512 0.01 0.01
0 1.302810 0.024893 0.01 0.01
0 1.314262 0.052202 0.01 0.01
0 1.303690 0.052202 0.01 0.01
0 1.314262 0.065417 0.01 0.01
0 1.308976 0.081274 0.01 0.01
0 1.301929 0.067179 0.01 0.01
0 1.292238 0.083036 0.01 0.01
0 1.273738 0.083036 0.01 0.01
0 1.268452 0.064536 0.01 0.01
0 1.248190 0.065417 0.01 0.01
0 1.234095 0.090964 0.01 0.01
0 1.271095 0.093607 0.01 0.01
0 1.258762 0.085679 0.01 0.01
0 1.323071 0.093607 0.01 0.01
0 1.338929 0.101536 0.01 0.01
0 1.326595 0.115631 0.01 0.01
0 1.328357 0.135012 0.01 0.01
0 1.309857 0.141179 0.01 0.01
0 1.294000 0.113869 0.01 0.01
0 1.271976 0.114750 0.01 0.01
0 1.253476 0.113869 0.01 0.01
0 1.257000 0.138536 0.01 0.01
0 1.231452 0.130607 0.01 0.01
0 1.239381 0.157036 0.01 0.01
0 1.247310 0.173774 0.01 0.01
0 1.255238 0.158798 0.01 0.01
0 1.294881 0.166726 0.01 0.01
0 1.299286 0.146464 0.01 0.01
0 1.288714 0.142940 0.01 0.01
0 1.335405 0.173774 0.01 0.01
0 1.326595 0.191393 0.01 0.01
0 1.331000 0.159679 0.01 0.01
0 1.337167 0.225750 0.01 0.01
0 1.339810 0.203726 0.01 0.01
0 1.291357 0.271560 0.01 0.01
0 1.301048 0.240726 0.01 0.01
0 1.279905 0.235440 0.01 0.01
0 1.261405 0.216940 0.01 0.01
0 1.262286 0.198440 0.01 0.01
0 1.246429 0.244250 0.01 0.01
0 1.193571 0.241607 0.01 0.01
0 1.213833 0.246012 0.01 0.01
0 1.198857 0.220464 0.01 0.01
0 1.141595 0.132369 0.01 0.01
0 1.205905 0.179940 0.01 0.01
0 1.348667 0.031060 0.01 0.01
0 1.397119 0.034583 0.01 0.01
0 1.371571 0.037226 0.01 0.01
0 1.426190 0.027536 0.01 0.01
0 1.451738 0.039869 0.01 0.01
0 1.435881 0.048679 0.01 0.01
0 1.423548 0.046036 0.01 0.01
0 1.408571 0.061012 0.01 0.01
0 1.392714 0.056607 0.01 0.01
0 1.390071 0.076869 0.01 0.01
0 1.385667 0.093607 0.01 0.01
0 1.358357 0.089202 0.01 0.01
0 1.361881 0.076869 0.01 0.01
0 1.354833 0.065417 0.01 0.01
0 1.348667 0.053083 0.01 0.01
0 1.368929 0.111226 0.01 0.01
0 1.365405 0.133250 0.01 0.01
0 1.376857 0.128845 0.01 0.01
0 1.387429 0.113869 0.01 0.01
0 1.401524 0.122679 0.01 0.01
0 1.390952 0.146464 0.01 0.01
0 1.412095 0.144702 0.01 0.01
0 1.408571 0.164083 0.01 0.01
0 1.398881 0.178179 0.01 0.01
0 1.371571 0.159679 0.01 0.01
0 1.354833 0.178179 0.01 0.01
0 1.375976 0.198440 0.01 0.01
0 1.419143 0.208131 0.01 0.01
0 1.381262 0.173774 0.01 0.01
0 1.424429 0.186107 0.01 0.01
0 1.426190 0.152631 0.01 0.01
0 1.430595 0.129726 0.01 0.01
0 1.449095 0.122679 0.01 0.01
0 1.433238 0.113869 0.01 0.01
0 1.434119 0.089202 0.01 0.01
0 1.435000 0.061012 0.01 0.01
0 1.475524 0.071583 0.01 0.01
0 1.476405 0.084798 0.01 0.01
0 1.465833 0.101536 0.01 0.01
0 1.462310 0.133250 0.01 0.01
0 1.459667 0.161440 0.01 0.01
0 1.467595 0.179060 0.01 0.01
0 1.478167 0.185226 0.01 0.01
0 1.483452 0.194917 0.01 0.01
0 1.475524 0.220464 0.01 0.01
0 1.461429 0.238083 0.01 0.01
0 1.494905 0.109464 0.01 0.01
0 1.489619 0.078631 0.01 0.01
0 1.499310 0.064536 0.01 0.01
0 1.492262 0.056607 0.01 0.01
0 1.523095 0.101536 0.01 0.01
0 1.383024 0.246012 0.01 0.01
0 1.349548 0.260107 0.01 0.01
0 1.412976 0.275083 0.01 0.01
0 1.442048 0.252179 0.01 0.01
0 1.444690 0.206369 0.01 0.01
0 1.501952 0.231917 0.01 0.01
0 1.488738 0.235440 0.01 0.01
0 1.494905 0.220464 0.01 0.01
0 1.506357 0.178179 0.01 0.01
0 1.516048 0.134131 0.01 0.01
0 1.501071 0.133250 0.01 0.01
0 1.514286 0.091845 0.01 0.01
0 1.542476 0.076869 0.01 0.01
0 1.568905 0.078631 0.01 0.01
0 1.594452 0.075107 0.01 0.01
0 1.597095 0.052202 0.01 0.01
0 1.585643 0.027536 0.01 0.01
0 1.583881 0.015202 0.01 0.01
0 1.559214 0.006393 0.01 0.01
0 1.578595 0.098012 0.01 0.01
0 1.562738 0.108583 0.01 0.01
0 1.546881 0.108583 0.01 0.01
0 1.597976 0.139417 0.01 0.01
0 1.583881 0.120036 0.01 0.01
0 1.568905 0.138536 0.01 0.01
0 1.563619 0.172893 0.01 0.01
0 1.592690 0.176417 0.01 0.01
0 1.598857 0.163202 0.01 0.01
0 1.586524 0.187869 0.01 0.01
0 1.568905 0.185226 0.01 0.01
0 1.545119 0.216940 0.01 0.01
0 1.532786 0.191393 0.01 0.01
0 1.527500 0.185226 0.01 0.01
0 1.563619 0.226631 0.01 0.01
0 1.599738 0.238083 0.01 0.01
0 1.579476 0.275083 0.01 0.01
0 1.532786 0.290940 0.01 0.01
0 1.526619 0.247774 0.01 0.01
0 1.512524 0.253060 0.01 0.01
0 1.488738 0.278607 0.01 0.01
0 1.569786 0.297107 0.01 0.01
0 1.569786 0.264512 0.01 0.01
0 1.459619 0.776786 0.01 0.01
0 1.429667 0.873690 0.01 0.01
0 1.327476 0.730976 0.01 0.01
0 1.548719 0.047829 0.01 0.01
0 1.571096 0.049427 0.01 0.01
0 0.749518 0.081388 0.01 0.01
