0 0.030131 0.011589 0.01 0.01
0 0.067757 0.059621 0.01 0.01
0 0.161420 0.027599 0.01 0.01
0 0.163021 0.091643 0.01 0.01
0 0.211854 0.071629 0.01 0.01
0 0.264689 0.106853 0.01 0.01
0 0.355150 0.106853 0.01 0.01
0 0.419194 0.085238 0.01 0.01
0 0.473630 0.127667 0.01 0.01
0 0.531269 0.083637 0.01 0.01
0 0.170226 0.147680 0.01 0.01
0 0.117390 0.165292 0.01 0.01
0 0.080565 0.139675 0.01 0.01
0 0.079765 0.241344 0.01 0.01
0 0.068557 0.282972 0.01 0.01
0 0.166223 0.218928 0.01 0.01
0 0.203048 0.189308 0.01 0.01
0 0.167824 0.298182 0.01 0.01
0 0.248679 0.296581 0.01 0.01
0 0.135002 0.348616 0.01 0.01
0 0.157417 0.410258 0.01 0.01
0 0.231067 0.364627 0.01 0.01
0 0.275897 0.338209 0.01 0.01
0 0.327932 0.369430 0.01 0.01
0 0.352749 0.292578 0.01 0.01
0 0.086169 0.475101 0.01 0.01
0 0.158218 0.467096 0.01 0.01
0 0.204649 0.439077 0.01 0.01
0 0.247878 0.425468 0.01 0.01
0 0.371161 0.427869 0.01 0.01
0 0.320727 0.452686 0.01 0.01
0 0.152614 0.532740 0.01 0.01
0 0.235870 0.543948 0.01 0.01
0 0.317525 0.539144 0.01 0.01
0 0.276698 0.527937 0.01 0.01
0 0.296711 0.491112 0.01 0.01
0 0.329533 0.499117 0.01 0.01
0 0.346345 0.576770 0.01 0.01
0 0.291908 0.578371 0.01 0.01
0 0.173428 0.569565 0.01 0.01
0 0.186236 0.604789 0.01 0.01
0 0.396779 0.575169 0.01 0.01
0 0.397579 0.604789 0.01 0.01
0 0.366358 0.615196 0.01 0.01
0 0.473630 0.579171 0.01 0.01
0 0.476833 0.479905 0.01 0.01
0 0.428800 0.447082 0.01 0.01
0 0.393576 0.475101 0.01 0.01
0 0.454417 0.392646 0.01 0.01
0 0.512056 0.436675 0.01 0.01
0 0.553684 0.438276 0.01 0.01
0 0.628135 0.451886 0.01 0.01
0 0.582504 0.505522 0.01 0.01
0 0.533671 0.519932 0.01 0.01
0 0.574498 0.571166 0.01 0.01
0 0.605720 0.545549 0.01 0.01
0 0.650550 0.531940 0.01 0.01
0 0.663358 0.564762 0.01 0.01
0 0.528067 0.603988 0.01 0.01
0 0.551283 0.615196 0.01 0.01
0 0.596914 0.628805 0.01 0.01
0 0.687375 0.607991 0.01 0.01
0 0.642544 0.637611 0.01 0.01
0 0.729003 0.513527 0.01 0.01
0 0.776235 0.539144 0.01 0.01
0 0.761825 0.595182 0.01 0.01
0 0.455748 0.277368 0.01 0.01
0 0.370891 0.242144 0.01 0.01
0 0.370891 0.162090 0.01 0.01
0 0.367689 0.194912 0.01 0.01
0 0.513387 0.195713 0.01 0.01
0 0.475762 0.230937 0.01 0.01
0 0.569425 0.164492 0.01 0.01
0 0.582234 0.211724 0.01 0.01
0 0.539805 0.262158 0.01 0.01
0 0.625463 0.304586 0.01 0.01
0 0.501379 0.306187 0.01 0.01
0 0.597444 0.395047 0.01 0.01
0 0.688706 0.330204 0.01 0.01
0 0.643875 0.204519 0.01 0.01
0 0.670293 0.086839 0.01 0.01
0 0.604649 0.038807 0.01 0.01
0 0.795177 0.053217 0.01 0.01
0 0.735937 0.147680 0.01 0.01
0 0.853617 0.120462 0.01 0.01
0 0.803983 0.200516 0.01 0.01
0 0.810388 0.267761 0.01 0.01
0 0.746345 0.254953 0.01 0.01
0 0.804784 0.319796 0.01 0.01
0 0.876032 0.339009 0.01 0.01
0 0.825598 0.403053 0.01 0.01
0 0.845611 0.587177 0.01 0.01
0 0.877633 0.640813 0.01 0.01
0 1.373698 0.186106 0.01 0.01
0 1.416127 0.174899 0.01 0.01
0 1.408121 0.267761 0.01 0.01
0 1.467361 0.327001 0.01 0.01
0 1.597849 0.262958 0.01 0.01
0 1.548216 0.144478 0.01 0.01
0 1.506588 0.111656 0.01 0.01
0 1.560224 0.011589 0.01 0.01
0 1.047878 0.009987 0.01 0.01
0 0.928598 0.062823 0.01 0.01
0 0.940606 0.102050 0.01 0.01
0 0.918191 0.201317 0.01 0.01
0 0.967824 0.234139 0.01 0.01
0 0.952614 0.341411 0.01 0.01
0 1.032668 0.298182 0.01 0.01
0 0.949412 0.467896 0.01 0.01
0 0.943808 0.514328 0.01 0.01
0 1.058285 0.541546 0.01 0.01
0 0.977431 0.597584 0.01 0.01
0 0.928598 0.619198 0.01 0.01
0 1.116725 0.374233 0.01 0.01
0 1.095110 0.235740 0.01 0.01
0 1.143943 0.162090 0.01 0.01
0 1.230401 0.146079 0.01 0.01
0 1.260822 0.126066 0.01 0.01
0 1.310455 0.252551 0.01 0.01
0 1.508989 0.458290 0.01 0.01
0 1.464159 0.576770 0.01 0.01
0 1.281636 0.558357 0.01 0.01
0 1.262423 0.543948 0.01 0.01
0 1.335542 0.385841 0.01 0.01
0 1.276302 0.347415 0.01 0.01
0 1.170631 0.334606 0.01 0.01
0 1.482841 0.638812 0.01 0.01
0 1.554890 0.718866 0.01 0.01
0 1.433208 0.686844 0.01 0.01
0 1.353154 0.710860 0.01 0.01
0 1.309925 0.702855 0.01 0.01
0 1.284307 0.638812 0.01 0.01
0 1.213860 0.677238 0.01 0.01
0 1.225068 0.730073 0.01 0.01
0 1.265095 0.766898 0.01 0.01
0 1.199450 0.781308 0.01 0.01
0 1.266696 0.837346 0.01 0.01
0 1.205855 0.837346 0.01 0.01
0 1.329138 0.842149 0.01 0.01
0 1.330739 0.904591 0.01 0.01
0 1.409192 0.920602 0.01 0.01
0 1.503655 0.867766 0.01 0.01
0 1.543682 0.874171 0.01 0.01
0 1.367564 1.015066 0.01 0.01
0 1.311526 0.994252 0.01 0.01
0 1.241078 0.951022 0.01 0.01
0 1.241078 0.991049 0.01 0.01
0 1.201051 1.019869 0.01 0.01
0 1.325936 1.064699 0.01 0.01
0 1.208787 1.074706 0.01 0.01
0 1.147946 0.987447 0.01 0.01
0 1.136738 1.077908 0.01 0.01
0 1.110320 1.034679 0.01 0.01
0 1.079099 0.991450 0.01 0.01
0 1.097512 0.922603 0.01 0.01
0 1.090307 0.880175 0.01 0.01
0 1.105517 0.805724 0.01 0.01
0 1.155951 0.832943 0.01 0.01
0 1.159153 0.864964 0.01 0.01
0 1.211188 0.902590 0.01 0.01
0 1.244811 0.891382 0.01 0.01
0 1.591445 1.101924 0.01 0.01
0 1.543412 1.124339 0.01 0.01
0 1.468162 1.090717 0.01 0.01
0 1.462558 1.197989 0.01 0.01
0 1.356887 1.221205 0.01 0.01
0 1.357687 1.149156 0.01 0.01
0 1.288841 1.126741 0.01 0.01
0 1.277633 1.077107 0.01 0.01
0 1.264824 1.037080 0.01 0.01
0 1.154350 1.141951 0.01 0.01
0 1.080700 1.104326 0.01 0.01
0 1.019059 1.103525 0.01 0.01
0 1.013455 1.053091 0.01 0.01
0 1.029466 0.965032 0.01 0.01
0 0.959018 1.013865 0.01 0.01
0 1.015056 0.880175 0.01 0.01
0 0.954215 0.873770 0.01 0.01
0 0.984635 0.828139 0.01 0.01
0 0.975029 0.801722 0.01 0.01
0 0.930199 0.805724 0.01 0.01
0 0.890972 0.818533 0.01 0.01
0 0.867757 0.891382 0.01 0.01
0 0.814120 0.850555 0.01 0.01
0 0.820525 0.784110 0.01 0.01
0 0.839738 0.698452 0.01 0.01
0 0.938204 0.676037 0.01 0.01
0 0.978231 0.668832 0.01 0.01
0 0.986236 0.733676 0.01 0.01
0 0.887770 1.051490 0.01 0.01
0 0.919792 1.075506 0.01 0.01
0 0.884568 1.168369 0.01 0.01
0 0.961420 1.163566 0.01 0.01
0 0.967824 1.261232 0.01 0.01
0 1.020660 1.243620 0.01 0.01
0 1.083102 1.165967 0.01 0.01
0 1.096711 1.222005 0.01 0.01
0 1.278434 1.249224 0.01 0.01
0 0.809317 0.903390 0.01 0.01
0 0.860552 0.958628 0.01 0.01
0 0.803713 1.020269 0.01 0.01
0 0.061352 1.271639 0.01 0.01
0 0.032533 1.103525 0.01 0.01
0 0.044541 1.011463 0.01 0.01
0 0.098978 0.926606 0.01 0.01
0 0.162220 1.006660 0.01 0.01
0 0.120592 1.140350 0.01 0.01
0 0.213455 1.059496 0.01 0.01
0 0.233468 0.992250 0.01 0.01
0 0.292708 0.938614 0.01 0.01
0 0.294309 1.061897 0.01 0.01
0 0.240673 1.177175 0.01 0.01
0 0.359153 1.064299 0.01 0.01
0 0.432002 1.154760 0.01 0.01
0 0.540876 1.092318 0.01 0.01
0 0.533671 1.165967 0.01 0.01
0 0.532070 1.200391 0.01 0.01
0 0.604118 1.242019 0.01 0.01
0 0.684973 1.266035 0.01 0.01
0 0.727402 1.272439 0.01 0.01
0 0.716995 1.101124 0.01 0.01
0 0.735407 1.017067 0.01 0.01
0 0.756221 0.965832 0.01 0.01
0 0.700984 0.935412 0.01 0.01
0 0.658555 0.974638 0.01 0.01
0 0.625733 0.900188 0.01 0.01
0 0.581703 0.884978 0.01 0.01
0 0.505652 0.917800 0.01 0.01
0 0.437606 0.936212 0.01 0.01
0 0.442409 0.882576 0.01 0.01
0 0.389574 0.896185 0.01 0.01
0 0.228665 0.814530 0.01 0.01
0 0.262288 0.713662 0.01 0.01
0 0.359954 0.717665 0.01 0.01
0 0.336738 0.697651 0.01 0.01
0 0.408787 0.762495 0.01 0.01
0 0.377566 0.810528 0.01 0.01
0 0.470428 0.750487 0.01 0.01
0 0.536073 0.753689 0.01 0.01
0 0.630536 0.714463 0.01 0.01
0 0.656154 0.772102 0.01 0.01
0 0.696981 0.738479 0.01 0.01
0 0.724199 0.797719 0.01 0.01
0 0.659356 0.834544 0.01 0.01
0 0.692178 0.884177 0.01 0.01
0 0.745814 0.865765 0.01 0.01
0 0.739410 0.912196 0.01 0.01
0 1.409722 1.283647 0.01 0.01
0 1.258420 1.293253 0.01 0.01
0 1.257620 1.170771 0.01 0.01
0 1.187973 1.202792 0.01 0.01
0 0.890172 1.250825 0.01 0.01
0 0.822126 1.246021 0.01 0.01
0 0.806916 1.133145 0.01 0.01
0 1.312056 0.949021 0.01 0.01
0 1.360089 0.958628 0.01 0.01
0 1.176765 0.935412 0.01 0.01
0 0.484037 0.811328 0.01 0.01
0 0.792245 0.727271 0.01 0.01
0 0.594512 0.680040 0.01 0.01
0 0.478434 0.676837 0.01 0.01
0 0.359954 0.660827 0.01 0.01
0 0.315924 0.660026 0.01 0.01
0 0.202247 0.675236 0.01 0.01
0 0.035735 0.651220 0.01 0.01
0 0.110185 0.648818 0.01 0.01
0 0.275096 0.618398 0.01 0.01
0 0.463223 0.644816 0.01 0.01
0 0.757822 0.662428 0.01 0.01
0 0.793576 1.082711 0.01 0.01
0 0.424159 0.192501 0.01 0.01
