0 0.135060 0.568393 0.01 0.01
0 0.355801 0.411356 0.01 0.01
0 0.453578 0.420245 0.01 0.01
0 0.535060 0.295801 0.01 0.01
0 0.592838 0.245430 0.01 0.01
0 0.662467 0.267653 0.01 0.01
0 0.612097 0.331356 0.01 0.01
0 0.649134 0.378764 0.01 0.01
0 0.591356 0.663208 0.01 0.01
0 0.970615 0.901727 0.01 0.01
0 1.198764 0.830615 0.01 0.01
0 1.072838 0.414319 0.01 0.01
0 1.015060 0.375801 0.01 0.01
0 1.183949 0.381727 0.01 0.01
0 1.175060 0.283949 0.01 0.01
0 1.215060 0.245430 0.01 0.01
0 1.305430 0.285430 0.01 0.01
0 1.339504 0.360986 0.01 0.01
0 1.472838 0.372838 0.01 0.01
0 1.469875 0.246912 0.01 0.01
0 0.930615 0.343208 0.01 0.01
0 1.013578 0.316541 0.01 0.01
0 0.890615 0.266171 0.01 0.01
0 0.844690 0.233578 0.01 0.01
0 0.785430 0.276541 0.01 0.01
0 0.106912 0.239504 0.01 0.01
0 0.080986 0.139875 0.01 0.01
0 0.126171 0.128764 0.01 0.01
0 0.141727 0.131727 0.01 0.01
0 0.172097 0.109504 0.01 0.01
0 0.221727 0.108023 0.01 0.01
0 0.246912 0.179134 0.01 0.01
0 0.324690 0.124319 0.01 0.01
0 0.349134 0.102838 0.01 0.01
0 0.344690 0.175430 0.01 0.01
0 0.386912 0.174690 0.01 0.01
0 0.401727 0.145801 0.01 0.01
0 0.458764 0.147282 0.01 0.01
0 0.558764 0.161356 0.01 0.01
0 0.633578 0.130245 0.01 0.01
0 0.659504 0.106541 0.01 0.01
0 0.695060 0.105801 0.01 0.01
0 0.756541 0.163578 0.01 0.01
0 0.734319 0.102838 0.01 0.01
0 0.260615 0.084134 0.01 0.01
0 0.288764 0.096356 0.01 0.01
0 0.428393 0.080060 0.01 0.01
0 0.439134 0.072282 0.01 0.01
0 0.460615 0.077838 0.01 0.01
0 0.480245 0.065245 0.01 0.01
0 0.490615 0.063393 0.01 0.01
0 0.501541 0.048115 0.01 0.01
0 0.528208 0.051264 0.01 0.01
0 0.512838 0.059967 0.01 0.01
0 0.540245 0.042375 0.01 0.01
0 0.552097 0.043856 0.01 0.01
0 0.576912 0.058115 0.01 0.01
0 0.576912 0.042190 0.01 0.01
0 0.592282 0.049227 0.01 0.01
0 0.504134 0.018532 0.01 0.01
0 0.612653 0.088208 0.01 0.01
0 0.708764 0.098115 0.01 0.01
0 0.724504 0.058486 0.01 0.01
0 0.732653 0.039412 0.01 0.01
0 0.713949 0.027930 0.01 0.01
0 0.690245 0.025523 0.01 0.01
0 0.680430 0.032745 0.01 0.01
0 0.653764 0.032560 0.01 0.01
0 0.627282 0.047930 0.01 0.01
0 0.625060 0.035708 0.01 0.01
0 0.602282 0.030523 0.01 0.01
0 0.601541 0.050893 0.01 0.01
0 0.578949 0.020569 0.01 0.01
0 0.595338 0.025662 0.01 0.01
0 0.586541 0.036078 0.01 0.01
0 0.768764 0.060708 0.01 0.01
0 0.778208 0.047930 0.01 0.01
0 0.791727 0.057190 0.01 0.01
0 0.808578 0.068671 0.01 0.01
0 0.834134 0.050523 0.01 0.01
0 0.837097 0.036634 0.01 0.01
0 0.840801 0.074412 0.01 0.01
0 0.796356 0.098486 0.01 0.01
0 0.747653 0.015662 0.01 0.01
0 0.772375 0.019365 0.01 0.01
0 0.897004 0.073115 0.01 0.01
0 0.858671 0.084782 0.01 0.01
0 0.876634 0.033301 0.01 0.01
0 0.979041 0.171727 0.01 0.01
0 0.899782 0.150986 0.01 0.01
0 0.864227 0.161356 0.01 0.01
0 0.990153 0.121356 0.01 0.01
0 1.003486 0.103578 0.01 0.01
0 1.051634 0.121356 0.01 0.01
0 1.059782 0.153949 0.01 0.01
0 1.175338 0.381356 0.01 0.01
0 1.115338 0.116171 0.01 0.01
0 0.986449 0.078208 0.01 0.01
0 1.031634 0.088949 0.01 0.01
0 1.065338 0.093023 0.01 0.01
0 1.163486 0.053393 0.01 0.01
0 1.205338 0.064504 0.01 0.01
0 1.239782 0.069319 0.01 0.01
0 0.998671 0.262282 0.01 0.01
0 0.927930 0.046819 0.01 0.01
0 0.921449 0.029412 0.01 0.01
0 0.959227 0.031449 0.01 0.01
0 0.970708 0.034041 0.01 0.01
0 1.008856 0.040523 0.01 0.01
0 1.032745 0.035338 0.01 0.01
0 1.043856 0.030893 0.01 0.01
0 1.065523 0.057791 0.01 0.01
0 1.078301 0.024643 0.01 0.01
0 1.053208 0.024643 0.01 0.01
0 1.029875 0.017791 0.01 0.01
0 1.009967 0.019180 0.01 0.01
0 1.276078 0.082190 0.01 0.01
0 1.275708 0.031264 0.01 0.01
0 1.187004 0.030523 0.01 0.01
0 1.311264 0.022514 0.01 0.01
0 1.255430 0.016310 0.01 0.01
0 1.278301 0.055708 0.01 0.01
0 1.349412 0.114412 0.01 0.01
0 1.370523 0.045153 0.01 0.01
0 1.310708 0.194134 0.01 0.01
0 1.343301 0.178949 0.01 0.01
0 1.399227 0.182653 0.01 0.01
0 1.432930 0.096727 0.01 0.01
0 1.410523 0.033486 0.01 0.01
0 1.453486 0.043671 0.01 0.01
0 1.476634 0.057560 0.01 0.01
0 1.497004 0.067930 0.01 0.01
0 1.545153 0.089227 0.01 0.01
0 1.477282 0.152653 0.01 0.01
0 1.553578 0.210060 0.01 0.01
0 1.519088 0.011611 0.01 0.01
0 1.488115 0.009435 0.01 0.01
0 1.587930 0.026865 0.01 0.01
0 1.592375 0.019273 0.01 0.01
0 0.916541 0.248023 0.01 0.01
0 1.588257 0.531514 0.01 0.01
0 1.586659 0.310934 0.01 0.01
0 1.596249 0.780864 0.01 0.01
0 0.680365 0.003342 0.01 0.01
0 0.732313 0.005740 0.01 0.01
0 0.733911 0.019326 0.01 0.01
0 1.069576 0.012133 0.01 0.01
0 1.222223 0.008137 0.01 0.01
0 1.097548 0.019226 0.01 0.01
0 1.337308 0.011234 0.01 0.01
0 1.417228 0.012833 0.01 0.01
0 1.444401 0.012833 0.01 0.01
0 0.295228 0.491215 0.01 0.01
0 0.300245 0.114459 0.01 0.01
0 0.350078 0.004426 0.01 0.01
0 0.313289 0.043556 0.01 0.01
0 0.328840 0.027085 0.01 0.01
0 0.371148 0.094392 0.01 0.01
0 0.392887 0.082687 0.01 0.01
0 0.102586 0.175161 0.01 0.01
0 0.142051 0.695228 0.01 0.01
0 0.396901 0.007101 0.01 0.01
0 0.447235 0.072151 0.01 0.01
0 0.713623 0.009442 0.01 0.01
0 1.109944 0.025496 0.01 0.01
0 1.112620 0.014125 0.01 0.01
0 1.120981 0.010780 0.01 0.01
0 1.202921 0.001416 0.01 0.01
0 1.225329 0.073322 0.01 0.01
0 1.334024 0.087369 0.01 0.01
