0 0.552843 0.760959 0.01 0.01
0 0.646349 0.735635 0.01 0.01
0 0.461284 0.642128 0.01 0.01
0 0.358037 0.628492 0.01 0.01
0 1.051544 0.702518 0.01 0.01
0 1.125570 0.702518 0.01 0.01
0 1.191804 0.318752 0.01 0.01
0 1.199596 0.297323 0.01 0.01
0 0.998946 0.108362 0.01 0.01
0 0.644401 0.324596 0.01 0.01
0 0.671674 0.283687 0.01 0.01
0 0.726219 0.277843 0.01 0.01
0 0.751544 0.264206 0.01 0.01
0 0.755440 0.223297 0.01 0.01
0 0.813881 0.252518 0.01 0.01
0 0.819726 0.219401 0.01 0.01
0 0.800245 0.209661 0.01 0.01
0 0.825570 0.212096 0.01 0.01
0 0.926868 0.055278 0.01 0.01
0 0.921024 0.067940 0.01 0.01
0 0.874271 0.040667 0.01 0.01
0 0.009661 0.220862 0.01 0.01
0 0.046674 0.113719 0.01 0.01
0 0.179141 0.121511 0.01 0.01
0 0.150894 0.102031 0.01 0.01
0 0.187907 0.106901 0.01 0.01
0 0.171349 0.218914 0.01 0.01
0 0.262907 0.258849 0.01 0.01
0 0.320375 0.190667 0.01 0.01
0 0.261933 0.167291 0.01 0.01
0 0.255115 0.129304 0.01 0.01
0 0.178167 0.053330 0.01 0.01
0 0.198622 0.048459 0.01 0.01
0 0.215180 0.010472 0.01 0.01
0 0.245375 0.009498 0.01 0.01
0 0.436284 0.027031 0.01 0.01
0 0.453817 0.161446 0.01 0.01
0 0.544401 0.140018 0.01 0.01
0 0.589206 0.099109 0.01 0.01
0 0.599920 0.050407 0.01 0.01
0 0.534661 0.041641 0.01 0.01
0 0.512258 0.032875 0.01 0.01
0 0.485959 0.016317 0.01 0.01
0 0.536609 0.003654 0.01 0.01
0 0.555115 0.014368 0.01 0.01
0 0.585310 0.016317 0.01 0.01
0 0.618427 0.046511 0.01 0.01
0 0.627193 0.029953 0.01 0.01
0 0.658362 0.028005 0.01 0.01
0 0.662258 0.016317 0.01 0.01
0 0.700245 0.040667 0.01 0.01
0 0.698297 0.009498 0.01 0.01
0 0.669076 0.009498 0.01 0.01
0 0.754791 0.019239 0.01 0.01
0 0.737258 0.002680 0.01 0.01
0 0.787907 0.006576 0.01 0.01
0 0.003492 0.086933 0.01 0.01
0 0.707713 0.001463 0.01 0.01
0 0.842615 0.006333 0.01 0.01
0 0.883524 0.028735 0.01 0.01
0 0.899596 0.025326 0.01 0.01
0 0.896187 0.001950 0.01 0.01
0 0.968265 0.036041 0.01 0.01
0 0.988719 0.020943 0.01 0.01
0 1.347810 0.170456 0.01 0.01
0 1.363881 0.214287 0.01 0.01
0 1.460797 0.202599 0.01 0.01
0 1.408687 0.157794 0.01 0.01
0 1.475894 0.162177 0.01 0.01
0 1.418914 0.094969 0.01 0.01
0 1.388232 0.097404 0.01 0.01
0 1.363394 0.105683 0.01 0.01
0 1.371187 0.089125 0.01 0.01
0 1.346349 0.079872 0.01 0.01
0 1.331739 0.040424 0.01 0.01
0 1.316641 0.031170 0.01 0.01
0 1.255278 0.033605 0.01 0.01
0 1.239693 0.009742 0.01 0.01
0 1.213394 0.011690 0.01 0.01
0 1.267940 0.006333 0.01 0.01
0 1.303492 0.008281 0.01 0.01
0 1.329791 0.025326 0.01 0.01
0 1.337583 0.008281 0.01 0.01
0 1.350732 0.002924 0.01 0.01
0 1.362420 0.006333 0.01 0.01
0 1.360472 0.032144 0.01 0.01
0 1.385797 0.016560 0.01 0.01
0 1.403817 0.013151 0.01 0.01
0 1.381414 0.003411 0.01 0.01
0 1.409174 0.013151 0.01 0.01
0 1.428654 0.006820 0.01 0.01
0 1.445213 0.014125 0.01 0.01
0 1.465180 0.014125 0.01 0.01
0 1.480278 0.008281 0.01 0.01
0 1.468102 0.032144 0.01 0.01
0 1.467128 0.022404 0.01 0.01
0 1.486609 0.044807 0.01 0.01
0 1.526544 0.049677 0.01 0.01
0 1.517291 0.014125 0.01 0.01
0 1.512420 0.089125 0.01 0.01
0 1.445213 0.076950 0.01 0.01
0 1.428167 0.059417 0.01 0.01
0 1.567778 0.194320 0.01 0.01
0 1.589206 0.207469 0.01 0.01
0 1.599920 0.104222 0.01 0.01
0 1.559011 0.082307 0.01 0.01
0 1.546836 0.049190 0.01 0.01
0 1.541479 0.028735 0.01 0.01
0 1.549758 0.005359 0.01 0.01
0 1.563394 0.016560 0.01 0.01
0 1.573135 0.018508 0.01 0.01
0 1.564855 0.001950 0.01 0.01
0 1.597485 0.018508 0.01 0.01
0 1.589693 0.019969 0.01 0.01
0 1.584823 0.052599 0.01 0.01
0 1.597485 0.067696 0.01 0.01
0 1.593102 0.059417 0.01 0.01
0 1.598459 0.030683 0.01 0.01
0 1.177193 0.277599 0.01 0.01
0 0.130515 1.134111 0.01 0.01
0 0.293552 1.158087 0.01 0.01
0 0.445730 0.130345 0.01 0.01
0 0.483188 0.130345 0.01 0.01
0 0.365462 0.051583 0.01 0.01
0 0.380513 0.038874 0.01 0.01
0 1.537703 0.222151 0.01 0.01
0 1.436700 0.101416 0.01 0.01
0 1.309275 0.046566 0.01 0.01
0 1.195897 0.260111 0.01 0.01
0 1.189208 0.238038 0.01 0.01
0 1.218640 0.335028 0.01 0.01
0 0.529342 0.186533 0.01 0.01
0 0.986198 0.060613 0.01 0.01
