0 0.055060 1.120986 0.01 0.01
0 0.625430 0.541727 0.01 0.01
0 1.043208 0.515060 0.01 0.01
0 0.767653 0.273578 0.01 0.01
0 0.662467 0.275060 0.01 0.01
0 0.570615 0.355060 0.01 0.01
0 0.404690 0.220245 0.01 0.01
0 0.361727 0.200986 0.01 0.01
0 0.010615 0.146541 0.01 0.01
0 0.109875 0.123578 0.01 0.01
0 0.164690 0.102097 0.01 0.01
0 0.230615 0.141356 0.01 0.01
0 0.280245 0.115430 0.01 0.01
0 0.378023 0.104319 0.01 0.01
0 0.470615 0.105801 0.01 0.01
0 0.532097 0.137653 0.01 0.01
0 0.218023 0.081171 0.01 0.01
0 0.268393 0.057838 0.01 0.01
0 0.163208 0.055986 0.01 0.01
0 0.319134 0.028856 0.01 0.01
0 0.088463 0.013532 0.01 0.01
0 0.128069 0.004886 0.01 0.01
0 0.538023 0.080430 0.01 0.01
0 0.609134 0.064504 0.01 0.01
0 0.699134 0.051541 0.01 0.01
0 0.881356 0.061541 0.01 0.01
0 0.533463 0.024528 0.01 0.01
0 0.496240 0.026055 0.01 0.01
0 0.480129 0.038162 0.01 0.01
0 0.465778 0.078486 0.01 0.01
0 0.422676 0.004400 0.01 0.01
0 0.789828 0.036449 0.01 0.01
0 0.829273 0.033856 0.01 0.01
0 0.757722 0.003521 0.01 0.01
0 1.401727 0.094875 0.01 0.01
0 1.333208 0.108208 0.01 0.01
0 1.134319 0.109504 0.01 0.01
0 0.708393 0.442838 0.01 0.01
0 0.943023 0.045338 0.01 0.01
0 1.066449 0.007120 0.01 0.01
0 0.974875 0.006611 0.01 0.01
0 1.285847 0.006565 0.01 0.01
0 0.587658 0.006439 0.01 0.01
0 0.259985 0.008037 0.01 0.01
0 1.180665 0.019226 0.01 0.01
