0 0.016973 0.818766 0.01 0.01
0 0.154984 0.827391 0.01 0.01
0 0.122206 0.923999 0.01 0.01
0 0.016973 0.955052 0.01 0.01
0 0.215364 0.803239 0.01 0.01
0 0.258492 0.806690 0.01 0.01
0 0.310247 0.803239 0.01 0.01
0 0.056651 0.729058 0.01 0.01
0 0.085978 0.739409 0.01 0.01
0 0.118756 0.746310 0.01 0.01
0 0.168785 0.739409 0.01 0.01
0 0.227440 0.753210 0.01 0.01
0 0.186037 0.682480 0.01 0.01
0 0.136007 0.694556 0.01 0.01
0 0.092879 0.698006 0.01 0.01
0 0.163842 0.702750 0.01 0.01
0 0.069822 0.685499 0.01 0.01
0 0.057746 0.696712 0.01 0.01
0 0.020656 0.696712 0.01 0.01
0 0.246649 0.694987 0.01 0.01
0 0.225947 0.690674 0.01 0.01
0 0.203521 0.701025 0.01 0.01
0 0.231985 0.712238 0.01 0.01
0 0.286327 0.708788 0.01 0.01
0 0.307029 0.711376 0.01 0.01
0 0.283740 0.686361 0.01 0.01
0 0.276839 0.758817 0.01 0.01
0 0.317380 0.754504 0.01 0.01
0 0.333769 0.722589 0.01 0.01
0 0.363959 0.743291 0.01 0.01
0 0.397599 0.752779 0.01 0.01
0 0.336356 0.694124 0.01 0.01
0 0.438140 0.779519 0.01 0.01
0 0.428651 0.850250 0.01 0.01
0 0.367409 0.851112 0.01 0.01
0 0.291503 0.906317 0.01 0.01
0 0.286327 1.041740 0.01 0.01
0 0.363096 0.969284 0.01 0.01
0 0.492482 0.862326 0.01 0.01
0 0.570975 0.840761 0.01 0.01
0 0.587364 0.956346 0.01 0.01
0 0.666721 1.004650 0.01 0.01
0 0.697773 0.862326 0.01 0.01
0 0.423476 0.711376 0.01 0.01
0 0.368271 0.705338 0.01 0.01
0 0.403637 0.697575 0.01 0.01
0 0.382073 0.702750 0.01 0.01
0 0.394149 0.704475 0.01 0.01
0 0.446765 0.708788 0.01 0.01
0 0.501970 0.751054 0.01 0.01
0 0.606341 0.791595 0.01 0.01
0 0.671034 0.807984 0.01 0.01
0 0.777130 0.980498 0.01 0.01
0 0.544236 0.795908 0.01 0.01
0 0.561487 0.730352 0.01 0.01
0 0.532160 0.754504 0.01 0.01
0 0.537335 0.726902 0.01 0.01
0 0.523534 0.709651 0.01 0.01
0 0.501107 0.698437 0.01 0.01
0 0.480406 0.691537 0.01 0.01
0 0.530866 0.692615 0.01 0.01
0 0.509733 0.702966 0.01 0.01
0 0.544236 0.702966 0.01 0.01
0 0.548980 0.688733 0.01 0.01
0 0.522240 0.740056 0.01 0.01
0 0.574857 0.687008 0.01 0.01
0 0.610654 0.690027 0.01 0.01
0 0.632218 0.680970 0.01 0.01
0 0.645157 0.685283 0.01 0.01
0 0.631355 0.695634 0.01 0.01
0 0.627905 0.705122 0.01 0.01
0 0.627905 0.723236 0.01 0.01
0 0.606341 0.731862 0.01 0.01
0 0.644725 0.767227 0.01 0.01
0 0.642569 0.718061 0.01 0.01
0 0.659820 0.694771 0.01 0.01
0 0.611948 0.702534 0.01 0.01
0 0.514908 0.712885 0.01 0.01
0 0.788343 0.947289 0.01 0.01
0 0.835785 0.865345 0.01 0.01
0 0.740039 0.770462 0.01 0.01
0 0.722788 0.748035 0.01 0.01
0 0.803007 0.774775 0.01 0.01
0 0.832334 0.783400 0.01 0.01
0 0.707262 0.716120 0.01 0.01
0 0.692598 0.686792 0.01 0.01
0 0.677072 0.698868 0.01 0.01
0 0.691735 0.704044 0.01 0.01
0 0.737452 0.708357 0.01 0.01
0 0.753840 0.698006 0.01 0.01
0 0.782305 0.718708 0.01 0.01
0 0.803007 0.724746 0.01 0.01
0 0.787481 0.698868 0.01 0.01
0 0.803869 0.704044 0.01 0.01
0 0.844410 0.720433 0.01 0.01
0 0.857349 0.728196 0.01 0.01
0 0.970975 1.036133 0.01 0.01
0 0.967525 0.948151 0.01 0.01
0 0.920946 0.903298 0.01 0.01
0 0.895069 0.846368 0.01 0.01
0 0.888169 0.789438 0.01 0.01
0 0.967525 0.777362 0.01 0.01
0 0.953724 0.734234 0.01 0.01
0 0.912321 0.727333 0.01 0.01
0 1.133139 0.936075 0.01 0.01
0 1.165916 1.039584 0.01 0.01
0 1.214220 0.958502 0.01 0.01
0 1.262524 0.910198 0.01 0.01
0 1.376384 1.010256 0.01 0.01
0 1.440214 0.846368 0.01 0.01
0 1.338430 0.834292 0.01 0.01
0 1.233197 0.846368 0.01 0.01
0 1.174542 0.825666 0.01 0.01
0 1.107262 0.846368 0.01 0.01
0 1.039981 0.822216 0.01 0.01
0 1.062408 0.760111 0.01 0.01
0 1.019279 0.770462 0.01 0.01
0 0.986502 0.722158 0.01 0.01
0 0.974426 0.698006 0.01 0.01
0 1.108987 0.742860 0.01 0.01
0 1.091735 0.772187 0.01 0.01
0 1.164191 0.748035 0.01 0.01
0 1.231472 0.761836 0.01 0.01
0 1.255624 0.760111 0.01 0.01
0 1.360857 0.763561 0.01 0.01
0 1.514395 0.770462 0.01 0.01
0 1.583400 0.849818 0.01 0.01
0 1.586851 0.777362 0.01 0.01
0 1.578225 0.961952 0.01 0.01
0 0.827789 0.686146 0.01 0.01
0 0.752314 0.686146 0.01 0.01
0 0.776035 0.687439 0.01 0.01
0 0.767840 0.686146 0.01 0.01
0 0.815713 0.689165 0.01 0.01
0 0.821751 0.685283 0.01 0.01
0 0.847197 0.689596 0.01 0.01
0 0.854097 0.690458 0.01 0.01
0 0.869623 0.699515 0.01 0.01
0 0.862723 0.696496 0.01 0.01
0 0.898520 0.700809 0.01 0.01
0 0.926984 0.707279 0.01 0.01
0 0.936473 0.702534 0.01 0.01
0 0.963212 0.701672 0.01 0.01
0 0.954587 0.694340 0.01 0.01
0 0.942511 0.694340 0.01 0.01
0 0.911027 0.692184 0.01 0.01
0 0.875661 0.742644 0.01 0.01
0 1.006341 0.714610 0.01 0.01
0 1.018417 0.694340 0.01 0.01
0 1.027043 0.705553 0.01 0.01
0 1.023592 0.729705 0.01 0.01
0 0.884072 0.706955 0.01 0.01
0 1.005478 0.870520 0.01 0.01
0 1.479892 0.822216 0.01 0.01
0 1.049901 0.698222 0.01 0.01
0 1.063270 0.716336 0.01 0.01
0 1.081816 0.719355 0.01 0.01
0 1.093892 0.724099 0.01 0.01
0 1.079228 0.753426 0.01 0.01
0 1.128826 0.722374 0.01 0.01
0 1.152978 0.722374 0.01 0.01
0 1.146077 0.747388 0.01 0.01
0 1.137883 0.768952 0.01 0.01
0 1.212926 0.742644 0.01 0.01
0 1.199125 0.764208 0.01 0.01
0 1.179286 0.730137 0.01 0.01
0 1.226728 0.711160 0.01 0.01
0 1.238804 0.712023 0.01 0.01
0 1.238804 0.695203 0.01 0.01
0 1.225002 0.683558 0.01 0.01
0 1.148665 0.695203 0.01 0.01
0 1.158153 0.708141 0.01 0.01
0 1.170229 0.708572 0.01 0.01
0 1.178424 0.707279 0.01 0.01
0 1.140902 0.712023 0.01 0.01
0 1.070171 0.698222 0.01 0.01
0 0.989089 0.698222 0.01 0.01
0 1.118044 0.690458 0.01 0.01
0 1.129257 0.696928 0.01 0.01
0 1.138314 0.697359 0.01 0.01
0 1.116750 0.706416 0.01 0.01
0 1.105105 0.692184 0.01 0.01
0 1.279344 0.723667 0.01 0.01
0 1.251742 0.730568 0.01 0.01
0 1.292714 0.722374 0.01 0.01
0 1.258643 0.687871 0.01 0.01
0 1.245273 0.682695 0.01 0.01
0 1.072327 0.713640 0.01 0.01
0 1.170229 0.697251 0.01 0.01
0 1.204301 0.683450 0.01 0.01
0 1.188990 0.676981 0.01 0.01
0 1.200419 0.676118 0.01 0.01
0 1.207535 0.673962 0.01 0.01
0 1.225002 0.675256 0.01 0.01
0 1.168288 0.687979 0.01 0.01
0 1.308456 0.697467 0.01 0.01
0 1.325276 0.698976 0.01 0.01
0 1.309319 0.705446 0.01 0.01
0 1.317082 0.716228 0.01 0.01
0 1.281069 0.685391 0.01 0.01
0 1.267915 0.674609 0.01 0.01
0 1.299830 0.671158 0.01 0.01
0 1.314494 0.679353 0.01 0.01
0 1.348781 0.699408 0.01 0.01
0 1.350506 0.727441 0.01 0.01
0 1.324845 0.742536 0.01 0.01
0 1.338646 0.748790 0.01 0.01
0 1.277619 0.691213 0.01 0.01
0 1.270287 0.681078 0.01 0.01
0 1.350722 0.687547 0.01 0.01
0 1.323335 0.678059 0.01 0.01
0 1.338215 0.682587 0.01 0.01
0 1.372933 0.720217 0.01 0.01
0 1.363014 0.722374 0.01 0.01
0 1.365170 0.702103 0.01 0.01
0 1.389322 0.725393 0.01 0.01
0 1.411749 0.735743 0.01 0.01
0 1.436332 0.722374 0.01 0.01
0 1.454015 0.723236 0.01 0.01
0 1.456603 0.758170 0.01 0.01
0 1.428569 0.758170 0.01 0.01
0 1.360857 0.692507 0.01 0.01
0 1.399889 0.705661 0.01 0.01
0 1.455740 0.707818 0.01 0.01
0 1.460700 0.699623 0.01 0.01
0 1.496065 0.707171 0.01 0.01
0 1.506416 0.696604 0.01 0.01
0 1.506416 0.728088 0.01 0.01
0 1.485283 0.723775 0.01 0.01
0 1.376815 0.683019 0.01 0.01
0 1.406573 0.684097 0.01 0.01
0 1.402261 0.675903 0.01 0.01
0 1.400320 0.671158 0.01 0.01
0 1.419296 0.684744 0.01 0.01
0 1.433313 0.685606 0.01 0.01
0 1.446036 0.681509 0.01 0.01
0 1.452721 0.681509 0.01 0.01
0 1.429863 0.698545 0.01 0.01
0 1.477951 0.703074 0.01 0.01
0 1.484636 0.700270 0.01 0.01
0 1.483989 0.740164 0.01 0.01
0 1.441292 0.739301 0.01 0.01
0 1.320101 0.687224 0.01 0.01
0 1.379187 0.695849 0.01 0.01
0 1.403554 0.696928 0.01 0.01
0 1.306947 0.761836 0.01 0.01
0 1.357191 0.685768 0.01 0.01
0 1.366248 0.688140 0.01 0.01
0 1.362367 0.677466 0.01 0.01
0 1.348997 0.677897 0.01 0.01
0 1.328619 0.677142 0.01 0.01
0 1.325815 0.673477 0.01 0.01
0 1.314278 0.674447 0.01 0.01
0 1.315033 0.670673 0.01 0.01
0 1.375413 0.676603 0.01 0.01
0 1.388136 0.692777 0.01 0.01
0 1.377030 0.688679 0.01 0.01
0 1.344253 0.717899 0.01 0.01
0 1.346194 0.711753 0.01 0.01
0 1.350399 0.681994 0.01 0.01
0 1.394605 0.676064 0.01 0.01
0 1.376060 0.670350 0.01 0.01
0 1.317621 0.672291 0.01 0.01
0 1.473936 0.762483 0.01 0.01
0 1.496363 0.744369 0.01 0.01
0 1.541217 0.747388 0.01 0.01
0 1.563212 0.751701 0.01 0.01
0 0.685232 0.792673 0.01 0.01
0 0.679194 0.678814 0.01 0.01
0 0.796072 0.687871 0.01 0.01
0 0.782271 0.686577 0.01 0.01
0 0.766314 0.717629 0.01 0.01
0 0.826694 0.734881 0.01 0.01
0 0.828850 0.719786 0.01 0.01
0 0.837907 0.690890 0.01 0.01
0 0.842651 0.700378 0.01 0.01
0 0.886642 0.690890 0.01 0.01
0 0.898718 0.684852 0.01 0.01
0 0.878448 0.687008 0.01 0.01
0 0.944866 0.710729 0.01 0.01
0 0.937965 0.686146 0.01 0.01
0 1.006108 0.760327 0.01 0.01
0 0.809874 0.691321 0.01 0.01
0 0.611267 0.716443 0.01 0.01
0 0.620539 0.712346 0.01 0.01
0 0.636928 0.703074 0.01 0.01
0 0.674881 0.686253 0.01 0.01
0 0.738280 0.686900 0.01 0.01
0 0.722970 0.678922 0.01 0.01
0 0.707443 0.695526 0.01 0.01
0 0.015248 0.754936 0.01 0.01
0 1.554313 0.709758 0.01 0.01
0 1.564664 0.708896 0.01 0.01
0 1.528867 0.725285 0.01 0.01
0 1.509890 0.711268 0.01 0.01
0 1.530592 0.695526 0.01 0.01
0 1.512909 0.696173 0.01 0.01
0 1.474956 0.690998 0.01 0.01
0 1.470859 0.682372 0.01 0.01
0 1.451451 0.690135 0.01 0.01
0 1.451667 0.674393 0.01 0.01
0 1.494364 0.675040 0.01 0.01
0 1.476897 0.678275 0.01 0.01
0 1.483798 0.676549 0.01 0.01
0 1.478191 0.673315 0.01 0.01
0 1.468487 0.723344 0.01 0.01
0 1.468487 0.707386 0.01 0.01
0 1.503852 0.689272 0.01 0.01
0 1.515713 0.687116 0.01 0.01
0 1.557763 0.692291 0.01 0.01
0 1.586659 0.711699 0.01 0.01
0 1.461371 0.678059 0.01 0.01
0 1.470859 0.677196 0.01 0.01
0 1.407029 0.716767 0.01 0.01
0 1.439375 0.673423 0.01 0.01
0 1.437866 0.668463 0.01 0.01
0 1.384171 0.673423 0.01 0.01
0 1.471506 0.674070 0.01 0.01
0 1.465252 0.677089 0.01 0.01
0 1.463743 0.671913 0.01 0.01
0 1.460940 0.672991 0.01 0.01
0 1.539002 0.700162 0.01 0.01
0 1.537924 0.708357 0.01 0.01
0 1.513772 0.677089 0.01 0.01
0 1.518301 0.676873 0.01 0.01
0 1.523260 0.687871 0.01 0.01
0 1.523260 0.695634 0.01 0.01
0 1.530377 0.674501 0.01 0.01
0 1.534258 0.666306 0.01 0.01
0 1.546981 0.670835 0.01 0.01
0 1.551941 0.671482 0.01 0.01
0 1.469781 0.664366 0.01 0.01
0 1.468703 0.669325 0.01 0.01
0 1.441101 0.663934 0.01 0.01
0 1.394090 0.690620 0.01 0.01
0 1.268586 0.698006 0.01 0.01
0 1.269233 0.708357 0.01 0.01
0 1.261902 0.718923 0.01 0.01
0 1.240337 0.677736 0.01 0.01
0 1.263627 0.678382 0.01 0.01
0 1.291229 0.671913 0.01 0.01
0 1.306755 0.670835 0.01 0.01
0 1.308049 0.673207 0.01 0.01
0 1.311068 0.685930 0.01 0.01
0 1.294032 0.686577 0.01 0.01
0 1.304383 0.729490 0.01 0.01
0 1.303952 0.682695 0.01 0.01
0 1.332632 0.688086 0.01 0.01
0 1.357000 0.709866 0.01 0.01
0 1.368860 0.680539 0.01 0.01
0 1.134416 0.686577 0.01 0.01
0 1.156411 0.679029 0.01 0.01
0 1.175172 0.680755 0.01 0.01
0 1.163959 0.676226 0.01 0.01
0 1.190698 0.689811 0.01 0.01
0 1.198246 0.681833 0.01 0.01
0 1.191992 0.682911 0.01 0.01
0 1.181426 0.686361 0.01 0.01
0 1.246981 0.677304 0.01 0.01
0 1.251294 0.676442 0.01 0.01
0 1.254097 0.674501 0.01 0.01
0 1.211616 0.677520 0.01 0.01
0 1.286228 0.678382 0.01 0.01
0 1.060036 0.690998 0.01 0.01
0 1.063486 0.683881 0.01 0.01
0 1.047960 0.687332 0.01 0.01
0 1.080953 0.678490 0.01 0.01
0 1.067583 0.679353 0.01 0.01
0 1.095401 0.682587 0.01 0.01
0 1.090226 0.681294 0.01 0.01
0 1.082678 0.696604 0.01 0.01
0 1.103596 0.681941 0.01 0.01
0 1.115456 0.678922 0.01 0.01
0 1.128610 0.677843 0.01 0.01
0 1.129688 0.681509 0.01 0.01
0 1.123650 0.682372 0.01 0.01
0 1.182521 0.694017 0.01 0.01
0 1.177345 0.676981 0.01 0.01
0 1.140471 0.683019 0.01 0.01
0 1.145646 0.680431 0.01 0.01
0 1.085266 0.687547 0.01 0.01
0 1.021005 0.680862 0.01 0.01
0 1.023161 0.700055 0.01 0.01
0 1.041922 0.700917 0.01 0.01
0 1.040197 0.695957 0.01 0.01
0 1.435925 0.680000 0.01 0.01
0 1.432475 0.674609 0.01 0.01
0 1.511184 0.656926 0.01 0.01
0 1.508597 0.658867 0.01 0.01
0 1.505578 0.658867 0.01 0.01
0 1.501049 0.657789 0.01 0.01
0 1.483798 0.662101 0.01 0.01
0 1.481210 0.662101 0.01 0.01
0 1.477760 0.662101 0.01 0.01
0 1.514419 0.670943 0.01 0.01
0 1.506225 0.668139 0.01 0.01
0 1.498246 0.681078 0.01 0.01
0 1.490698 0.681941 0.01 0.01
0 1.442179 0.691429 0.01 0.01
0 1.522613 0.682156 0.01 0.01
0 1.508812 0.685391 0.01 0.01
0 1.509459 0.680000 0.01 0.01
0 1.502343 0.681725 0.01 0.01
0 1.511616 0.661886 0.01 0.01
0 1.526495 0.657357 0.01 0.01
0 1.522613 0.659082 0.01 0.01
0 1.487356 0.652451 0.01 0.01
0 1.486170 0.666576 0.01 0.01
0 1.507842 0.675633 0.01 0.01
0 1.494472 0.673153 0.01 0.01
0 1.503529 0.671536 0.01 0.01
0 1.521751 0.667331 0.01 0.01
0 1.520996 0.673369 0.01 0.01
0 1.517438 0.672183 0.01 0.01
0 1.481641 0.672075 0.01 0.01
0 1.482180 0.655363 0.01 0.01
0 1.467625 0.658489 0.01 0.01
0 1.471183 0.658489 0.01 0.01
0 1.463743 0.664851 0.01 0.01
0 1.514096 0.656872 0.01 0.01
0 1.519810 0.654392 0.01 0.01
0 1.515928 0.660538 0.01 0.01
0 1.516468 0.667115 0.01 0.01
0 1.531347 0.661508 0.01 0.01
0 1.534366 0.662371 0.01 0.01
0 1.529298 0.654931 0.01 0.01
0 1.534797 0.684582 0.01 0.01
0 1.526064 0.683720 0.01 0.01
0 1.544070 0.676496 0.01 0.01
0 1.546550 0.682210 0.01 0.01
0 1.456088 0.670350 0.01 0.01
0 1.459322 0.682426 0.01 0.01
0 1.516899 0.664312 0.01 0.01
0 1.536630 0.670080 0.01 0.01
0 1.538140 0.690566 0.01 0.01
0 1.544178 0.693801 0.01 0.01
0 1.551725 0.690782 0.01 0.01
0 1.551941 0.682372 0.01 0.01
0 1.561213 0.677412 0.01 0.01
0 1.566389 0.680000 0.01 0.01
0 1.576955 0.679568 0.01 0.01
0 1.571780 0.675040 0.01 0.01
0 1.566604 0.671158 0.01 0.01
0 1.577818 0.696604 0.01 0.01
0 1.585150 0.687547 0.01 0.01
0 1.587522 0.681509 0.01 0.01
0 1.594422 0.688625 0.01 0.01
0 1.575877 0.675040 0.01 0.01
0 1.557116 0.666414 0.01 0.01
0 1.479269 0.666414 0.01 0.01
0 1.448432 0.661454 0.01 0.01
0 1.452098 0.666630 0.01 0.01
0 1.448432 0.668355 0.01 0.01
0 1.404873 0.659298 0.01 0.01
0 1.559704 0.682156 0.01 0.01
0 1.560351 0.688194 0.01 0.01
0 1.414145 0.684097 0.01 0.01
0 1.441316 0.680431 0.01 0.01
0 1.443041 0.670943 0.01 0.01
0 1.469350 0.656926 0.01 0.01
0 0.464647 0.695849 0.01 0.01
0 1.301771 0.713317 0.01 0.01
0 1.293577 0.700809 0.01 0.01
0 1.332824 0.699947 0.01 0.01
0 1.342312 0.678275 0.01 0.01
0 1.349428 0.667277 0.01 0.01
0 1.341881 0.672021 0.01 0.01
0 1.364523 0.665552 0.01 0.01
0 1.371855 0.664905 0.01 0.01
0 1.417356 0.705877 0.01 0.01
0 1.415846 0.695095 0.01 0.01
0 1.392341 0.668355 0.01 0.01
0 1.387166 0.666199 0.01 0.01
0 1.401398 0.662964 0.01 0.01
0 1.443772 0.702373 0.01 0.01
0 1.453260 0.695903 0.01 0.01
0 1.492507 0.660107 0.01 0.01
0 1.496604 0.660754 0.01 0.01
0 1.437493 0.658867 0.01 0.01
0 1.432533 0.668355 0.01 0.01
0 1.433180 0.666414 0.01 0.01
0 1.433827 0.662533 0.01 0.01
0 1.404499 0.667492 0.01 0.01
0 1.422829 0.659298 0.01 0.01
0 1.410753 0.661239 0.01 0.01
0 1.414850 0.659514 0.01 0.01
0 1.443962 0.657357 0.01 0.01
0 1.457332 0.662533 0.01 0.01
0 1.431670 0.710621 0.01 0.01
0 0.589198 0.692968 0.01 0.01
0 0.587599 0.683378 0.01 0.01
0 0.351036 0.708952 0.01 0.01
0 0.124063 0.713748 0.01 0.01
