0 0.347726 0.738851 0.01 0.01
0 0.010364 1.108110 0.01 0.01
0 0.101289 1.085884 0.01 0.01
0 0.130587 1.086894 0.01 0.01
0 0.260914 1.099018 0.01 0.01
0 0.379117 1.106090 0.01 0.01
0 0.038652 1.100028 0.01 0.01
0 0.026528 1.108110 0.01 0.01
0 0.322541 1.106090 0.01 0.01
0 0.438724 1.103059 0.01 0.01
0 0.480146 1.099018 0.01 0.01
0 0.548845 1.091946 0.01 0.01
0 0.592287 1.099018 0.01 0.01
0 0.639771 1.101038 0.01 0.01
0 0.708470 1.103059 0.01 0.01
0 0.765046 1.086894 0.01 0.01
0 0.769087 1.020215 0.01 0.01
0 0.711501 1.059616 0.01 0.01
0 0.730696 0.987886 0.01 0.01
0 0.676141 1.016174 0.01 0.01
0 0.640781 0.981825 0.01 0.01
0 0.649874 1.048503 0.01 0.01
0 0.580164 1.059616 0.01 0.01
0 0.572082 0.996979 0.01 0.01
0 0.536722 1.025267 0.01 0.01
0 0.485197 0.990917 0.01 0.01
0 0.440745 0.987886 0.01 0.01
0 0.433673 0.955557 0.01 0.01
0 0.429632 1.035370 0.01 0.01
0 0.302336 1.048503 0.01 0.01
0 0.252832 1.056586 0.01 0.01
0 0.207369 0.998999 0.01 0.01
0 0.284151 0.960609 0.01 0.01
0 0.335675 0.991927 0.01 0.01
0 0.151803 0.995969 0.01 0.01
0 0.013394 1.025267 0.01 0.01
0 0.044713 0.989907 0.01 0.01
0 0.079063 0.997989 0.01 0.01
0 0.083104 0.970711 0.01 0.01
0 0.140690 0.952526 0.01 0.01
0 0.023497 0.931310 0.01 0.01
0 0.051785 0.929290 0.01 0.01
0 0.045724 0.898981 0.01 0.01
0 0.097248 0.908074 0.01 0.01
0 0.160896 0.924238 0.01 0.01
0 0.209390 0.926259 0.01 0.01
0 0.228585 0.950506 0.01 0.01
0 0.329613 0.936362 0.01 0.01
0 0.421549 0.925249 0.01 0.01
0 0.478125 0.934341 0.01 0.01
0 0.520557 0.940403 0.01 0.01
0 0.614514 0.929290 0.01 0.01
0 0.656946 0.910094 0.01 0.01
0 0.687254 0.980814 0.01 0.01
0 0.719583 0.947475 0.01 0.01
0 0.769087 0.957578 0.01 0.01
0 0.765046 0.917166 0.01 0.01
0 0.721604 0.906053 0.01 0.01
0 0.681192 0.881806 0.01 0.01
0 0.734737 0.881806 0.01 0.01
0 0.778180 0.865642 0.01 0.01
0 0.778180 0.827251 0.01 0.01
0 0.702408 0.823210 0.01 0.01
0 0.654925 0.860590 0.01 0.01
0 0.635730 0.837354 0.01 0.01
0 0.590267 0.879786 0.01 0.01
0 0.605421 0.813107 0.01 0.01
0 0.547835 0.817148 0.01 0.01
0 0.548845 0.879786 0.01 0.01
0 0.504393 0.895950 0.01 0.01
0 0.486208 0.841395 0.01 0.01
0 0.432662 0.810076 0.01 0.01
0 0.416498 0.874734 0.01 0.01
0 0.376087 0.912115 0.01 0.01
0 0.347799 0.886858 0.01 0.01
0 0.386189 0.869683 0.01 0.01
0 0.364973 0.844426 0.01 0.01
0 0.366994 0.793912 0.01 0.01
0 0.252832 0.858570 0.01 0.01
0 0.228585 0.854529 0.01 0.01
0 0.293243 0.888878 0.01 0.01
0 0.146752 0.842405 0.01 0.01
0 0.002281 0.770675 0.01 0.01
0 0.004302 0.716120 0.01 0.01
0 0.086135 0.733295 0.01 0.01
0 0.089166 0.685811 0.01 0.01
0 0.115433 0.675708 0.01 0.01
0 0.161906 0.673688 0.01 0.01
0 0.186153 0.691873 0.01 0.01
0 0.200297 0.654492 0.01 0.01
0 0.254852 0.645400 0.01 0.01
0 0.256873 0.707027 0.01 0.01
0 0.303346 0.726223 0.01 0.01
0 0.289202 0.673688 0.01 0.01
0 0.363963 0.660554 0.01 0.01
0 0.332644 0.702986 0.01 0.01
0 0.483177 0.723192 0.01 0.01
0 0.487218 0.687832 0.01 0.01
0 0.540763 0.690863 0.01 0.01
0 0.518537 0.667626 0.01 0.01
0 0.581174 0.688842 0.01 0.01
0 0.513485 0.738346 0.01 0.01
0 0.623606 0.723192 0.01 0.01
0 0.646843 0.773706 0.01 0.01
0 0.719583 0.786840 0.01 0.01
0 0.781211 0.784819 0.01 0.01
0 0.787272 0.676719 0.01 0.01
0 0.753933 0.666616 0.01 0.01
0 0.701398 0.687832 0.01 0.01
0 0.653915 0.698945 0.01 0.01
0 0.673110 0.673688 0.01 0.01
0 0.756964 0.603978 0.01 0.01
0 0.718573 0.646410 0.01 0.01
0 0.684223 0.643379 0.01 0.01
0 0.631688 0.661564 0.01 0.01
0 0.599359 0.680760 0.01 0.01
0 0.597339 0.638328 0.01 0.01
0 0.629668 0.591855 0.01 0.01
0 0.574102 0.622163 0.01 0.01
0 0.562989 0.652472 0.01 0.01
0 0.499341 0.646410 0.01 0.01
0 0.515506 0.622163 0.01 0.01
0 0.539753 0.610040 0.01 0.01
0 0.519547 0.591855 0.01 0.01
0 0.492269 0.577711 0.01 0.01
0 0.454889 0.614081 0.01 0.01
0 0.418518 0.634287 0.01 0.01
0 0.383158 0.605999 0.01 0.01
0 0.338706 0.613071 0.01 0.01
0 0.318500 0.600947 0.01 0.01
0 0.353860 0.584783 0.01 0.01
0 0.290212 0.638328 0.01 0.01
0 0.271017 0.611050 0.01 0.01
0 0.310418 0.581752 0.01 0.01
0 0.274048 0.582762 0.01 0.01
0 0.265966 0.565587 0.01 0.01
0 0.240708 0.574680 0.01 0.01
0 0.195246 0.591855 0.01 0.01
0 0.156855 0.607009 0.01 0.01
0 0.156855 0.570639 0.01 0.01
0 0.192215 0.631256 0.01 0.01
0 0.081083 0.654492 0.01 0.01
0 0.112402 0.653482 0.01 0.01
0 0.117454 0.634287 0.01 0.01
0 0.105330 0.603978 0.01 0.01
0 0.074011 0.599937 0.01 0.01
0 0.069970 0.577711 0.01 0.01
0 0.018446 0.567608 0.01 0.01
0 0.039662 0.608019 0.01 0.01
0 0.014405 0.611050 0.01 0.01
0 0.022487 0.677729 0.01 0.01
0 0.802354 1.095734 0.01 0.01
0 0.879136 1.085631 0.01 0.01
0 0.929145 1.089167 0.01 0.01
0 0.990267 1.086136 0.01 0.01
0 0.942783 1.026025 0.01 0.01
0 0.984710 1.054818 0.01 0.01
0 0.844281 0.998242 0.01 0.01
0 0.902877 0.995211 0.01 0.01
0 0.952381 0.983593 0.01 0.01
0 0.971071 0.937625 0.01 0.01
0 0.911465 0.936109 0.01 0.01
0 0.874084 0.968438 0.01 0.01
0 0.814477 0.902265 0.01 0.01
0 0.869033 0.932573 0.01 0.01
0 0.853373 0.885595 0.01 0.01
0 0.876610 0.900749 0.01 0.01
0 0.954907 0.881049 0.01 0.01
0 0.972082 0.851245 0.01 0.01
0 0.875094 0.851245 0.01 0.01
0 1.093821 1.066183 0.01 0.01
0 1.107965 0.994453 0.01 0.01
0 1.039771 0.917166 0.01 0.01
0 1.076141 0.919187 0.01 0.01
0 1.204447 1.088410 0.01 0.01
0 1.238797 1.046988 0.01 0.01
0 1.263549 1.049514 0.01 0.01
0 1.198891 0.950001 0.01 0.01
0 1.221622 0.962124 0.01 0.01
0 1.259002 0.928279 0.01 0.01
0 1.238292 0.878270 0.01 0.01
0 1.169087 0.867662 0.01 0.01
0 1.163025 0.910094 0.01 0.01
0 1.205962 0.895950 0.01 0.01
0 1.109985 0.899486 0.01 0.01
0 1.070584 0.890394 0.01 0.01
0 1.018050 0.873724 0.01 0.01
0 1.081192 0.850488 0.01 0.01
0 1.081698 0.849982 0.01 0.01
0 1.338742 1.001020 0.01 0.01
0 1.421080 1.050524 0.01 0.01
0 1.484728 1.097502 0.01 0.01
0 1.499883 1.056586 0.01 0.01
0 1.325609 0.947980 0.01 0.01
0 1.320052 0.910600 0.01 0.01
0 1.371577 0.885342 0.01 0.01
0 1.404411 0.871198 0.01 0.01
0 1.451389 0.861601 0.01 0.01
0 1.476141 0.897971 0.01 0.01
0 1.516552 0.878776 0.01 0.01
0 1.528676 0.921208 0.01 0.01
0 1.422596 0.935351 0.01 0.01
0 1.452399 0.978794 0.01 0.01
0 1.519078 1.004556 0.01 0.01
0 1.386226 1.011628 0.01 0.01
0 1.339247 0.857560 0.01 0.01
0 1.578143 1.077549 0.01 0.01
0 1.565515 0.995211 0.01 0.01
0 1.592287 0.984098 0.01 0.01
0 1.592792 0.949243 0.01 0.01
0 1.556422 0.864379 0.01 0.01
0 0.816498 0.821694 0.01 0.01
0 0.845796 0.818158 0.01 0.01
0 0.852868 0.798458 0.01 0.01
0 0.868528 0.781788 0.01 0.01
0 0.839734 0.701471 0.01 0.01
0 0.906918 0.723697 0.01 0.01
0 0.921567 0.678739 0.01 0.01
0 0.951876 0.748449 0.01 0.01
0 0.972587 0.786335 0.01 0.01
0 0.934196 0.807551 0.01 0.01
0 0.959453 0.824220 0.01 0.01
0 0.913485 0.830282 0.01 0.01
0 1.011483 0.799468 0.01 0.01
0 1.022091 0.748449 0.01 0.01
0 1.025627 0.708038 0.01 0.01
0 1.054925 0.733295 0.01 0.01
0 1.046843 0.771685 0.01 0.01
0 1.072100 0.807045 0.01 0.01
0 1.136758 0.834323 0.01 0.01
0 1.178180 0.830787 0.01 0.01
0 1.214045 0.834323 0.01 0.01
0 1.244858 0.835333 0.01 0.01
0 1.285270 0.823715 0.01 0.01
0 1.333763 0.797448 0.01 0.01
0 1.292342 0.757541 0.01 0.01
0 1.227684 0.726728 0.01 0.01
0 1.279713 0.705512 0.01 0.01
0 1.332248 0.709553 0.01 0.01
0 1.349928 0.716120 0.01 0.01
0 1.350938 0.749964 0.01 0.01
0 1.120593 0.686822 0.01 0.01
0 1.151407 0.785324 0.01 0.01
0 1.193839 0.730264 0.01 0.01
0 1.415993 0.822705 0.01 0.01
0 1.440745 0.847962 0.01 0.01
0 1.494290 0.818664 0.01 0.01
0 1.559958 0.822200 0.01 0.01
0 1.587236 0.820179 0.01 0.01
0 1.536722 0.798963 0.01 0.01
0 1.520052 0.787345 0.01 0.01
0 1.459940 0.808561 0.01 0.01
0 1.402354 0.760067 0.01 0.01
0 1.438724 0.744913 0.01 0.01
0 1.448322 0.770170 0.01 0.01
0 1.542278 0.677224 0.01 0.01
0 1.582185 0.705512 0.01 0.01
0 1.559453 0.651462 0.01 0.01
0 1.579154 0.641864 0.01 0.01
0 1.472064 0.673183 0.01 0.01
0 1.501867 0.621658 0.01 0.01
0 1.464486 0.624689 0.01 0.01
0 1.436704 0.621658 0.01 0.01
0 1.408921 0.617617 0.01 0.01
0 1.401344 0.640854 0.01 0.01
0 1.373561 0.631761 0.01 0.01
0 1.334665 0.640348 0.01 0.01
0 1.323552 0.672678 0.01 0.01
0 1.259904 0.662070 0.01 0.01
0 1.290717 0.669647 0.01 0.01
0 1.430137 0.642369 0.01 0.01
0 1.544299 0.630246 0.01 0.01
0 1.543794 0.583773 0.01 0.01
0 1.567535 0.566598 0.01 0.01
0 1.595823 0.658028 0.01 0.01
0 1.595318 0.584278 0.01 0.01
0 1.597339 0.548413 0.01 0.01
0 1.575113 0.555485 0.01 0.01
0 1.558443 0.538310 0.01 0.01
0 1.542783 0.552959 0.01 0.01
0 1.564505 0.512042 0.01 0.01
0 1.481661 0.595896 0.01 0.01
0 1.496310 0.591350 0.01 0.01
0 1.488733 0.572659 0.01 0.01
0 1.445796 0.563062 0.01 0.01
0 1.436704 0.578721 0.01 0.01
0 1.413972 0.584278 0.01 0.01
0 1.459940 0.582257 0.01 0.01
0 1.371035 0.575185 0.01 0.01
0 1.403364 0.561041 0.01 0.01
0 1.357901 0.559526 0.01 0.01
0 1.348809 0.559526 0.01 0.01
0 1.346788 0.611050 0.01 0.01
0 1.320016 0.611050 0.01 0.01
0 1.286676 0.645400 0.01 0.01
0 1.236162 0.615091 0.01 0.01
0 1.262935 0.588319 0.01 0.01
0 1.270512 0.573670 0.01 0.01
0 1.292738 0.578216 0.01 0.01
0 1.307892 0.557505 0.01 0.01
0 1.285666 0.539320 0.01 0.01
0 1.323047 0.542856 0.01 0.01
0 1.351840 0.537299 0.01 0.01
0 0.003328 0.532753 0.01 0.01
0 0.016462 0.525681 0.01 0.01
0 0.029595 0.498909 0.01 0.01
0 0.017977 0.494362 0.01 0.01
0 0.013394 0.460013 0.01 0.01
0 0.039662 0.477188 0.01 0.01
0 0.025518 0.470116 0.01 0.01
0 0.056837 0.470116 0.01 0.01
0 0.082094 0.470116 0.01 0.01
0 0.116480 0.572659 0.01 0.01
0 0.059904 0.487290 0.01 0.01
0 0.045255 0.499414 0.01 0.01
0 0.103346 0.493857 0.01 0.01
0 0.081625 0.489816 0.01 0.01
0 0.117995 0.497393 0.01 0.01
0 0.108903 0.467085 0.01 0.01
0 0.119005 0.475672 0.01 0.01
0 0.062430 0.451425 0.01 0.01
0 0.086676 0.528207 0.01 0.01
0 0.067481 0.543361 0.01 0.01
0 0.203364 0.548918 0.01 0.01
0 0.230137 0.548413 0.01 0.01
0 0.270548 0.550433 0.01 0.01
0 0.251353 0.539825 0.01 0.01
0 0.159922 0.499414 0.01 0.01
0 0.154365 0.486280 0.01 0.01
0 0.158912 0.476682 0.01 0.01
0 0.152850 0.465064 0.01 0.01
0 0.170025 0.467085 0.01 0.01
0 0.179623 0.477693 0.01 0.01
0 0.186189 0.495373 0.01 0.01
0 0.202859 0.504465 0.01 0.01
0 0.192756 0.472136 0.01 0.01
0 0.204374 0.478703 0.01 0.01
0 0.217003 0.481229 0.01 0.01
0 0.222560 0.483249 0.01 0.01
0 0.235188 0.502445 0.01 0.01
0 0.050811 0.448394 0.01 0.01
0 0.047780 0.432230 0.01 0.01
0 0.056873 0.418591 0.01 0.01
0 0.074048 0.410509 0.01 0.01
0 0.057378 0.397880 0.01 0.01
0 0.028080 0.401921 0.01 0.01
0 0.073001 0.426673 0.01 0.01
0 0.087687 0.458497 0.01 0.01
0 0.074553 0.436776 0.01 0.01
0 0.087181 0.420612 0.01 0.01
0 0.176087 0.447889 0.01 0.01
0 0.185179 0.432230 0.01 0.01
0 0.187200 0.423642 0.01 0.01
0 0.182653 0.413540 0.01 0.01
0 0.192251 0.413540 0.01 0.01
0 0.200333 0.410004 0.01 0.01
0 0.197266 0.459002 0.01 0.01
0 0.206359 0.437786 0.01 0.01
0 0.226564 0.463044 0.01 0.01
0 0.230606 0.448900 0.01 0.01
0 0.366994 0.558010 0.01 0.01
0 0.370025 0.542856 0.01 0.01
0 0.348809 0.535784 0.01 0.01
0 0.328603 0.558010 0.01 0.01
0 0.312439 0.535784 0.01 0.01
0 0.334160 0.514568 0.01 0.01
0 0.298800 0.512547 0.01 0.01
0 0.327088 0.492847 0.01 0.01
0 0.306377 0.487796 0.01 0.01
0 0.312439 0.473652 0.01 0.01
0 0.317995 0.480724 0.01 0.01
0 0.332139 0.475672 0.01 0.01
0 0.345273 0.470621 0.01 0.01
0 0.345778 0.494868 0.01 0.01
0 0.372551 0.504970 0.01 0.01
0 0.387705 0.485270 0.01 0.01
0 0.370530 0.470621 0.01 0.01
0 0.390736 0.460013 0.01 0.01
0 0.408416 0.484765 0.01 0.01
0 0.418518 0.503455 0.01 0.01
0 0.433168 0.496888 0.01 0.01
0 0.431652 0.513053 0.01 0.01
0 0.427611 0.540835 0.01 0.01
0 0.425590 0.556495 0.01 0.01
0 0.411446 0.528712 0.01 0.01
0 0.394777 0.534774 0.01 0.01
0 0.411952 0.575185 0.01 0.01
0 0.430642 0.591855 0.01 0.01
0 0.473579 0.560031 0.01 0.01
0 0.445796 0.559526 0.01 0.01
0 0.444281 0.546897 0.01 0.01
0 0.439229 0.528712 0.01 0.01
0 0.489743 0.537299 0.01 0.01
0 0.281625 0.483754 0.01 0.01
0 0.282635 0.466074 0.01 0.01
0 0.267986 0.453446 0.01 0.01
0 0.264450 0.467085 0.01 0.01
0 0.257378 0.457487 0.01 0.01
0 0.275563 0.443343 0.01 0.01
0 0.276574 0.430714 0.01 0.01
0 0.304861 0.434250 0.01 0.01
0 0.711428 0.565082 0.01 0.01
0 0.747799 0.526691 0.01 0.01
0 1.122614 0.587309 0.01 0.01
0 1.140799 0.588319 0.01 0.01
0 1.176159 0.567103 0.01 0.01
0 1.151912 0.559021 0.01 0.01
0 1.130696 0.527702 0.01 0.01
0 1.096347 0.496383 0.01 0.01
0 1.047853 0.500424 0.01 0.01
0 1.006431 0.497393 0.01 0.01
0 1.033709 0.516589 0.01 0.01
0 0.921567 0.506486 0.01 0.01
0 0.854889 0.523661 0.01 0.01
0 0.770025 0.525681 0.01 0.01
0 0.781138 0.490321 0.01 0.01
0 0.816498 0.474157 0.01 0.01
0 0.836704 0.488301 0.01 0.01
0 0.847817 0.469105 0.01 0.01
0 0.857920 0.489311 0.01 0.01
0 0.871053 0.456982 0.01 0.01
0 1.213540 0.602463 0.01 0.01
0 1.236776 0.581247 0.01 0.01
0 1.239807 0.537805 0.01 0.01
0 1.270116 0.533763 0.01 0.01
0 1.189293 0.528712 0.01 0.01
0 1.189293 0.509517 0.01 0.01
0 1.171108 0.503455 0.01 0.01
0 1.152923 0.495373 0.01 0.01
0 1.136758 0.502445 0.01 0.01
0 1.188283 0.478198 0.01 0.01
0 1.169087 0.472136 0.01 0.01
0 1.226673 0.527702 0.01 0.01
0 1.226673 0.489311 0.01 0.01
0 1.248900 0.478198 0.01 0.01
0 1.278198 0.484260 0.01 0.01
0 1.288301 0.467085 0.01 0.01
0 1.282239 0.441828 0.01 0.01
0 1.228694 0.432735 0.01 0.01
0 1.149892 0.420612 0.01 0.01
0 1.196365 0.420612 0.01 0.01
0 1.202426 0.456982 0.01 0.01
0 1.208993 0.445869 0.01 0.01
0 1.244353 0.442838 0.01 0.01
0 1.264559 0.437281 0.01 0.01
0 1.301434 0.414550 0.01 0.01
0 1.304970 0.438797 0.01 0.01
0 1.326691 0.436776 0.01 0.01
0 1.316589 0.422632 0.01 0.01
0 1.302950 0.464054 0.01 0.01
0 1.244353 0.511537 0.01 0.01
0 1.264559 0.511537 0.01 0.01
0 1.283754 0.518609 0.01 0.01
0 1.282239 0.505475 0.01 0.01
0 1.364577 0.508001 0.01 0.01
0 1.338815 0.498404 0.01 0.01
0 1.297393 0.479713 0.01 0.01
0 1.225158 0.471126 0.01 0.01
0 1.191313 0.430209 0.01 0.01
0 1.142820 0.461023 0.01 0.01
0 1.126655 0.480724 0.01 0.01
0 1.068996 0.528712 0.01 0.01
0 1.085161 0.531743 0.01 0.01
0 0.584132 0.591350 0.01 0.01
0 0.588174 0.572154 0.01 0.01
0 0.634647 0.559021 0.01 0.01
0 0.636667 0.537805 0.01 0.01
0 0.666976 0.573165 0.01 0.01
0 0.555845 0.568113 0.01 0.01
0 0.529577 0.565082 0.01 0.01
0 0.546752 0.541846 0.01 0.01
0 0.529577 0.499414 0.01 0.01
0 0.549783 0.499414 0.01 0.01
0 0.557865 0.499414 0.01 0.01
0 0.567968 0.513558 0.01 0.01
0 0.590194 0.521640 0.01 0.01
0 0.589184 0.505475 0.01 0.01
0 0.598276 0.489311 0.01 0.01
0 0.614441 0.478198 0.01 0.01
0 0.635657 0.485270 0.01 0.01
0 0.704356 0.478198 0.01 0.01
0 0.734665 0.485270 0.01 0.01
0 0.733655 0.439807 0.01 0.01
0 0.719511 0.450920 0.01 0.01
0 0.730624 0.470116 0.01 0.01
0 0.693243 0.463044 0.01 0.01
0 0.664955 0.451930 0.01 0.01
0 0.664955 0.503455 0.01 0.01
0 0.649801 0.474157 0.01 0.01
0 0.673038 0.470116 0.01 0.01
0 0.429559 0.484260 0.01 0.01
0 0.423497 0.469610 0.01 0.01
0 0.428044 0.456982 0.01 0.01
0 0.447239 0.459002 0.01 0.01
0 0.464414 0.469610 0.01 0.01
0 0.483104 0.467085 0.01 0.01
0 0.505330 0.488301 0.01 0.01
0 0.514928 0.473652 0.01 0.01
0 0.532608 0.468095 0.01 0.01
0 0.542711 0.459508 0.01 0.01
0 0.553824 0.457487 0.01 0.01
0 0.572009 0.453446 0.01 0.01
0 0.574030 0.443848 0.01 0.01
0 0.579081 0.453446 0.01 0.01
0 0.567968 0.471126 0.01 0.01
0 0.555845 0.480218 0.01 0.01
0 0.537659 0.496888 0.01 0.01
0 1.480146 0.509517 0.01 0.01
0 1.516516 0.510022 0.01 0.01
0 1.541268 0.480218 0.01 0.01
0 1.555917 0.495373 0.01 0.01
0 1.566020 0.486280 0.01 0.01
0 1.569556 0.471126 0.01 0.01
0 1.594813 0.469105 0.01 0.01
0 1.584710 0.455466 0.01 0.01
0 1.588751 0.446374 0.01 0.01
0 1.596328 0.456982 0.01 0.01
0 1.597339 0.434756 0.01 0.01
0 1.590267 0.425663 0.01 0.01
0 1.561474 0.468095 0.01 0.01
0 1.559995 0.452941 0.01 0.01
0 1.546861 0.438797 0.01 0.01
0 1.570097 0.404447 0.01 0.01
0 1.583231 0.402426 0.01 0.01
0 1.528676 0.463044 0.01 0.01
0 1.528676 0.453951 0.01 0.01
0 1.521604 0.445869 0.01 0.01
0 1.488264 0.445869 0.01 0.01
0 1.493316 0.431725 0.01 0.01
0 1.477151 0.464054 0.01 0.01
0 1.467048 0.448900 0.01 0.01
0 1.463007 0.437786 0.01 0.01
0 1.436740 0.442838 0.01 0.01
0 1.449874 0.434756 0.01 0.01
0 1.501398 0.490321 0.01 0.01
0 1.487254 0.485270 0.01 0.01
0 1.486244 0.474157 0.01 0.01
0 1.493316 0.455972 0.01 0.01
0 1.506449 0.466074 0.01 0.01
0 1.516552 0.472136 0.01 0.01
0 1.585215 0.494362 0.01 0.01
0 1.587236 0.483249 0.01 0.01
0 1.542278 0.420612 0.01 0.01
0 1.505403 0.444353 0.01 0.01
0 1.526619 0.470116 0.01 0.01
0 1.510959 0.486785 0.01 0.01
0 0.212420 0.418086 0.01 0.01
0 0.223534 0.411014 0.01 0.01
0 0.228080 0.412529 0.01 0.01
0 0.310418 0.418086 0.01 0.01
0 0.310923 0.407478 0.01 0.01
0 0.324562 0.403942 0.01 0.01
0 0.345273 0.401921 0.01 0.01
0 0.297284 0.399396 0.01 0.01
0 0.294759 0.407983 0.01 0.01
0 0.285666 0.416570 0.01 0.01
0 0.253337 0.406468 0.01 0.01
0 0.253842 0.414550 0.01 0.01
0 0.244244 0.421622 0.01 0.01
0 0.389725 0.430714 0.01 0.01
0 0.385179 0.421622 0.01 0.01
0 0.412457 0.426673 0.01 0.01
0 0.630678 0.448900 0.01 0.01
0 0.604411 0.450920 0.01 0.01
0 0.613503 0.431725 0.01 0.01
0 0.652904 0.431725 0.01 0.01
0 0.661997 0.429704 0.01 0.01
0 0.765046 0.476177 0.01 0.01
0 0.775149 0.460013 0.01 0.01
0 0.778180 0.442838 0.01 0.01
0 0.785252 0.442838 0.01 0.01
0 0.775149 0.436776 0.01 0.01
0 0.779190 0.436776 0.01 0.01
0 0.770097 0.431725 0.01 0.01
0 0.774139 0.424653 0.01 0.01
0 0.779190 0.413540 0.01 0.01
0 0.786262 0.393334 0.01 0.01
0 0.781211 0.383231 0.01 0.01
0 0.768077 0.397375 0.01 0.01
0 0.787272 0.357974 0.01 0.01
0 0.789293 0.349892 0.01 0.01
0 0.793334 0.335748 0.01 0.01
0 0.793334 0.324635 0.01 0.01
0 0.783231 0.329686 0.01 0.01
0 0.786262 0.343830 0.01 0.01
0 0.772118 0.354943 0.01 0.01
0 0.734737 0.348881 0.01 0.01
0 0.720593 0.345851 0.01 0.01
0 0.714532 0.359995 0.01 0.01
0 0.713521 0.348881 0.01 0.01
0 0.695336 0.348881 0.01 0.01
0 0.673110 0.350902 0.01 0.01
0 0.666038 0.335748 0.01 0.01
0 0.667048 0.349892 0.01 0.01
0 0.649874 0.352923 0.01 0.01
0 0.652904 0.359995 0.01 0.01
0 0.643812 0.357974 0.01 0.01
0 0.640781 0.343830 0.01 0.01
0 0.647853 0.343830 0.01 0.01
0 0.633709 0.346861 0.01 0.01
0 0.627647 0.355953 0.01 0.01
0 0.684223 0.402426 0.01 0.01
0 0.690285 0.389293 0.01 0.01
0 0.668059 0.402426 0.01 0.01
0 0.657956 0.400406 0.01 0.01
0 0.648863 0.400406 0.01 0.01
0 0.641791 0.392324 0.01 0.01
0 0.635730 0.399396 0.01 0.01
0 0.654925 0.406468 0.01 0.01
0 0.663007 0.410509 0.01 0.01
0 0.640781 0.417581 0.01 0.01
0 0.639771 0.434756 0.01 0.01
0 0.689275 0.454961 0.01 0.01
0 0.685234 0.447889 0.01 0.01
0 0.697357 0.431725 0.01 0.01
0 0.695336 0.425663 0.01 0.01
0 0.686244 0.427684 0.01 0.01
0 0.682203 0.433745 0.01 0.01
0 0.614514 0.413540 0.01 0.01
0 0.624616 0.407478 0.01 0.01
0 0.625627 0.396365 0.01 0.01
0 0.606431 0.349892 0.01 0.01
0 0.597339 0.348881 0.01 0.01
0 0.569051 0.404447 0.01 0.01
0 0.567030 0.382221 0.01 0.01
0 0.554907 0.382221 0.01 0.01
0 0.545814 0.388283 0.01 0.01
0 0.522578 0.386262 0.01 0.01
0 0.542783 0.365046 0.01 0.01
0 0.553897 0.365046 0.01 0.01
0 0.563999 0.369087 0.01 0.01
0 0.571071 0.369087 0.01 0.01
0 0.481156 0.350902 0.01 0.01
0 0.458930 0.346861 0.01 0.01
0 0.473074 0.341809 0.01 0.01
0 0.456909 0.359995 0.01 0.01
0 0.461961 0.381211 0.01 0.01
0 0.473074 0.372118 0.01 0.01
0 0.474084 0.381211 0.01 0.01
0 0.483177 0.385252 0.01 0.01
0 0.492269 0.385252 0.01 0.01
0 0.472064 0.397375 0.01 0.01
0 0.483177 0.397375 0.01 0.01
0 0.498331 0.399396 0.01 0.01
0 0.504393 0.392324 0.01 0.01
0 0.515506 0.396365 0.01 0.01
0 0.529650 0.402426 0.01 0.01
0 0.510454 0.404447 0.01 0.01
0 0.512475 0.417581 0.01 0.01
0 0.505403 0.424653 0.01 0.01
0 0.523588 0.427684 0.01 0.01
0 0.534701 0.416570 0.01 0.01
0 0.540763 0.421622 0.01 0.01
0 0.548845 0.410509 0.01 0.01
0 0.548845 0.402426 0.01 0.01
0 1.024616 0.470116 0.01 0.01
0 1.058966 0.453951 0.01 0.01
0 1.075131 0.453951 0.01 0.01
0 1.032699 0.453951 0.01 0.01
0 1.014514 0.435766 0.01 0.01
0 0.998349 0.435766 0.01 0.01
0 1.002390 0.445869 0.01 0.01
0 0.998349 0.464054 0.01 0.01
0 0.963999 0.439807 0.01 0.01
0 0.947835 0.433745 0.01 0.01
0 0.933691 0.447889 0.01 0.01
0 0.917526 0.447889 0.01 0.01
0 0.901362 0.462033 0.01 0.01
0 0.891259 0.447889 0.01 0.01
0 0.907423 0.435766 0.01 0.01
0 0.856909 0.425663 0.01 0.01
0 0.850848 0.435766 0.01 0.01
0 0.806395 0.453951 0.01 0.01
0 0.818518 0.447889 0.01 0.01
0 0.834683 0.447889 0.01 0.01
0 0.828621 0.462033 0.01 0.01
0 0.432590 0.381211 0.01 0.01
0 0.610400 0.377169 0.01 0.01
0 0.660914 0.379190 0.01 0.01
0 0.636667 0.375149 0.01 0.01
0 0.369952 0.405457 0.01 0.01
0 0.513413 0.447889 0.01 0.01
0 0.491186 0.447889 0.01 0.01
0 0.385179 0.383231 0.01 0.01
0 1.004411 0.645905 0.01 0.01
0 1.148785 0.672085 0.01 0.01
0 1.174359 0.659298 0.01 0.01
0 1.195139 0.660896 0.01 0.01
0 0.392741 0.395561 0.01 0.01
0 0.394339 0.409947 0.01 0.01
0 0.403930 0.405152 0.01 0.01
0 0.410323 0.385971 0.01 0.01
0 0.419914 0.365192 0.01 0.01
0 0.437496 0.416341 0.01 0.01
0 0.431103 0.405152 0.01 0.01
0 0.453480 0.433923 0.01 0.01
0 0.507826 0.361995 0.01 0.01
0 0.029904 0.449907 0.01 0.01
0 0.007526 0.414742 0.01 0.01
0 1.099234 0.467490 0.01 0.01
0 0.881852 0.432325 0.01 0.01
0 1.442891 0.528229 0.01 0.01
0 1.415718 0.539418 0.01 0.01
0 1.514819 0.588968 0.01 0.01
0 1.116817 0.654502 0.01 0.01
0 0.811522 0.366790 0.01 0.01
0 0.817916 0.373184 0.01 0.01
