0 0.671632 0.086827 0.01 0.01
0 0.683635 0.050818 0.01 0.01
0 0.757367 0.069680 0.01 0.01
0 0.837958 0.064535 0.01 0.01
0 0.801949 0.016524 0.01 0.01
0 0.743649 0.016524 0.01 0.01
0 0.539600 0.052533 0.01 0.01
0 0.459009 0.069680 0.01 0.01
0 0.323548 0.033671 0.01 0.01
0 1.011142 0.021668 0.01 0.01
0 1.398664 0.105688 0.01 0.01
0 1.522122 0.105688 0.01 0.01
0 1.571849 0.110832 0.01 0.01
0 1.563275 0.165703 0.01 0.01
0 1.588996 0.129694 0.01 0.01
0 1.513549 0.169132 0.01 0.01
0 1.482684 0.181135 0.01 0.01
0 1.453534 0.162273 0.01 0.01
0 1.415811 0.179420 0.01 0.01
0 1.376373 0.184564 0.01 0.01
0 1.386661 0.215429 0.01 0.01
0 1.470681 0.249723 0.01 0.01
0 1.576993 0.234291 0.01 0.01
0 1.563275 0.301164 0.01 0.01
0 1.499831 0.287446 0.01 0.01
0 1.492973 0.306308 0.01 0.01
0 1.455249 0.309737 0.01 0.01
0 1.398664 0.301164 0.01 0.01
0 1.376373 0.292590 0.01 0.01
0 1.429529 0.362893 0.01 0.01
0 1.470681 0.359464 0.01 0.01
0 1.530696 0.383469 0.01 0.01
0 1.510120 0.414334 0.01 0.01
0 1.458679 0.424622 0.01 0.01
0 1.342079 0.362893 0.01 0.01
0 1.318073 0.289161 0.01 0.01
0 1.290638 0.302879 0.01 0.01
0 1.247771 0.297734 0.01 0.01
0 0.843102 0.500069 0.01 0.01
0 0.889399 0.455487 0.01 0.01
0 0.920263 0.438340 0.01 0.01
0 0.909975 0.402331 0.01 0.01
0 0.873966 0.400616 0.01 0.01
0 0.836243 0.424622 0.01 0.01
0 0.803664 0.419478 0.01 0.01
0 0.832814 0.345746 0.01 0.01
0 0.836243 0.302879 0.01 0.01
0 0.716214 0.352605 0.01 0.01
0 0.753937 0.350890 0.01 0.01
0 0.748793 0.407475 0.01 0.01
0 0.680205 0.419478 0.01 0.01
0 0.651055 0.383469 0.01 0.01
0 0.663058 0.335458 0.01 0.01
0 0.561891 0.349175 0.01 0.01
0 0.539600 0.292590 0.01 0.01
0 0.459009 0.338887 0.01 0.01
0 0.344124 0.326884 0.01 0.01
0 0.356127 0.359464 0.01 0.01
0 0.249816 0.378325 0.01 0.01
0 0.198375 0.357749 0.01 0.01
0 0.208663 0.400616 0.01 0.01
0 0.270392 0.426337 0.01 0.01
0 0.206948 0.445199 0.01 0.01
0 0.224095 0.443484 0.01 0.01
0 0.160652 0.433196 0.01 0.01
0 0.057770 0.395472 0.01 0.01
0 0.098922 0.388614 0.01 0.01
0 0.025190 0.455487 0.01 0.01
0 0.150363 0.518931 0.01 0.01
0 0.148649 0.572086 0.01 0.01
0 0.097208 0.578945 0.01 0.01
0 0.049196 0.563513 0.01 0.01
0 0.095493 0.623527 0.01 0.01
0 0.092064 0.676683 0.01 0.01
0 0.035479 0.640674 0.01 0.01
0 0.061199 0.746986 0.01 0.01
0 0.150363 0.870444 0.01 0.01
0 0.191516 0.784709 0.01 0.01
0 0.234384 0.861870 0.01 0.01
0 0.244672 0.770991 0.01 0.01
0 0.253245 0.722980 0.01 0.01
0 0.205234 0.618383 0.01 0.01
0 0.323548 0.668109 0.01 0.01
0 0.354413 0.587519 0.01 0.01
0 0.364701 0.518931 0.01 0.01
0 0.311545 0.508642 0.01 0.01
0 0.218951 0.524075 0.01 0.01
0 0.253245 0.508642 0.01 0.01
0 0.188087 0.481207 0.01 0.01
0 0.604759 0.527504 0.01 0.01
0 0.659629 0.527504 0.01 0.01
0 0.683635 0.486351 0.01 0.01
0 0.596185 0.421193 0.01 0.01
0 0.525882 0.407475 0.01 0.01
0 0.508735 0.453772 0.01 0.01
0 0.728217 0.465775 0.01 0.01
0 0.800234 0.460631 0.01 0.01
0 0.777943 0.551510 0.01 0.01
0 0.735076 0.551510 0.01 0.01
0 0.776228 0.614954 0.01 0.01
0 0.471012 0.671539 0.01 0.01
0 0.575609 0.788138 0.01 0.01
0 0.579038 0.743556 0.01 0.01
0 0.666488 0.758988 0.01 0.01
0 0.909975 0.740127 0.01 0.01
0 0.932266 0.686971 0.01 0.01
0 0.824240 0.654392 0.01 0.01
0 0.798520 0.695545 0.01 0.01
0 0.738505 0.671539 0.01 0.01
0 1.208333 0.590948 0.01 0.01
0 1.347223 0.578945 0.01 0.01
0 1.414096 0.587519 0.01 0.01
0 1.492973 0.626957 0.01 0.01
0 1.523837 0.563513 0.01 0.01
0 1.563275 0.575516 0.01 0.01
0 1.374658 0.436625 0.01 0.01
0 1.338650 0.417763 0.01 0.01
0 1.312929 0.421193 0.01 0.01
0 1.273491 0.354320 0.01 0.01
0 1.235768 0.333743 0.01 0.01
0 1.192900 0.302879 0.01 0.01
0 1.162036 0.326884 0.01 0.01
0 1.088304 0.309737 0.01 0.01
0 1.045436 0.241149 0.01 0.01
0 0.963131 0.297734 0.01 0.01
0 0.975134 0.357749 0.01 0.01
0 0.999139 0.321740 0.01 0.01
0 0.901401 0.328599 0.01 0.01
0 0.923693 0.318311 0.01 0.01
0 0.309830 0.758988 0.01 0.01
0 0.386992 0.753844 0.01 0.01
0 0.513880 0.827576 0.01 0.01
0 0.534456 0.915026 0.01 0.01
0 0.376704 0.903023 0.01 0.01
0 0.314975 0.916741 0.01 0.01
0 0.152078 1.016193 0.01 0.01
0 0.062914 0.925314 0.01 0.01
0 0.028620 0.843009 0.01 0.01
0 0.714499 0.889306 0.01 0.01
0 0.714499 0.889306 0.01 0.01
0 0.801949 0.995617 0.01 0.01
0 0.872252 1.050487 0.01 0.01
0 1.012857 0.966467 0.01 0.01
0 0.947698 0.933888 0.01 0.01
0 1.000854 0.837865 0.01 0.01
0 1.160321 0.990473 0.01 0.01
0 1.086589 1.045343 0.01 0.01
0 1.342079 0.963038 0.01 0.01
0 1.324932 0.839579 0.01 0.01
0 1.264918 0.746986 0.01 0.01
0 1.287209 0.722980 0.01 0.01
0 1.417526 0.746986 0.01 0.01
0 1.126027 0.638960 0.01 0.01
0 1.084874 0.536078 0.01 0.01
0 1.150033 0.556654 0.01 0.01
0 1.132886 0.500069 0.01 0.01
0 1.110595 0.455487 0.01 0.01
0 1.144889 0.366322 0.01 0.01
0 1.172324 0.407475 0.01 0.01
0 1.198044 0.373181 0.01 0.01
0 1.230624 0.383469 0.01 0.01
0 1.276921 0.441769 0.01 0.01
0 1.249485 0.467490 0.01 0.01
0 1.571849 0.882447 0.01 0.01
0 0.452150 0.503498 0.01 0.01
0 0.380133 0.412619 0.01 0.01
0 0.340695 0.438340 0.01 0.01
0 0.146934 0.740127 0.01 0.01
0 0.997425 0.465775 0.01 0.01
0 0.971704 0.496640 0.01 0.01
0 1.028289 0.481207 0.01 0.01
0 0.887684 0.570372 0.01 0.01
0 0.908260 0.536078 0.01 0.01
0 1.000854 0.611524 0.01 0.01
0 1.007713 0.546366 0.01 0.01
0 0.513880 0.546366 0.01 0.01
0 0.500162 0.506928 0.01 0.01
0 0.539600 0.500069 0.01 0.01
0 0.599615 0.638960 0.01 0.01
0 1.069442 0.424622 0.01 0.01
0 1.062583 0.374896 0.01 0.01
0 1.040292 0.318311 0.01 0.01
0 1.535840 0.788138 0.01 0.01
0 1.081445 0.674968 0.01 0.01
0 1.014572 0.676683 0.01 0.01
0 0.743649 0.807000 0.01 0.01
0 0.737897 0.632389 0.01 0.01
0 0.645189 0.648373 0.01 0.01
0 1.362655 0.345746 0.01 0.01
0 0.381848 0.076538 0.01 0.01
0 0.023476 0.522360 0.01 0.01
0 1.309500 0.566942 0.01 0.01
0 1.393520 0.554939 0.01 0.01
0 1.102021 0.388614 0.01 0.01
0 0.740220 0.326884 0.01 0.01
0 0.453865 0.388614 0.01 0.01
0 0.318404 0.366322 0.01 0.01
0 0.529312 0.604666 0.01 0.01
0 1.043721 0.448628 0.01 0.01
0 0.985422 0.419478 0.01 0.01
0 0.932266 0.611524 0.01 0.01
0 0.429859 0.433196 0.01 0.01
0 0.397280 0.500069 0.01 0.01
0 1.223765 0.436625 0.01 0.01
0 0.138361 0.632101 0.01 0.01
0 0.580753 0.512072 0.01 0.01
0 0.429859 0.618383 0.01 0.01
0 0.091313 0.433156 0.01 0.01
0 1.584848 1.007309 0.01 0.01
0 1.175003 0.582694 0.01 0.01
0 0.567619 0.385156 0.01 0.01
0 0.597158 0.073157 0.01 0.01
0 0.135621 0.014080 0.01 0.01
0 0.808226 0.803418 0.01 0.01
0 1.052782 0.841779 0.01 0.01
0 1.099135 0.824197 0.01 0.01
