0 0.091584 0.119818 0.01 0.01
0 0.181572 0.130616 0.01 0.01
0 0.181572 0.100020 0.01 0.01
0 0.274261 0.088322 0.01 0.01
0 0.308457 0.100920 0.01 0.01
0 0.339953 0.125217 0.01 0.01
0 0.348052 0.112619 0.01 0.01
0 0.057388 0.178310 0.01 0.01
0 0.043890 0.134216 0.01 0.01
0 0.035791 0.270099 0.01 0.01
0 0.022292 0.334891 0.01 0.01
0 0.179773 0.371786 0.01 0.01
0 0.241865 0.266499 0.01 0.01
0 0.263462 0.248502 0.01 0.01
0 0.303957 0.196308 0.01 0.01
0 0.170774 0.210706 0.01 0.01
0 0.042990 0.441977 0.01 0.01
0 0.029491 0.410481 0.01 0.01
0 0.360650 0.356488 0.01 0.01
0 0.438040 0.515768 0.01 0.01
0 0.386747 0.275498 0.01 0.01
0 0.420043 0.232304 0.01 0.01
0 0.401145 0.176511 0.01 0.01
0 0.393946 0.119818 0.01 0.01
0 0.405644 0.102720 0.01 0.01
0 0.447039 0.051426 0.01 0.01
0 0.433541 0.053226 0.01 0.01
0 0.472236 0.037928 0.01 0.01
0 0.491134 0.044227 0.01 0.01
0 0.495633 0.068524 0.01 0.01
0 0.474936 0.116218 0.01 0.01
0 0.462337 0.190009 0.01 0.01
0 0.441640 0.193608 0.01 0.01
0 0.506432 0.226904 0.01 0.01
0 0.472236 0.288097 0.01 0.01
0 0.564925 0.225104 0.01 0.01
0 0.588322 0.159413 0.01 0.01
0 0.640515 0.167512 0.01 0.01
0 0.561325 0.121617 0.01 0.01
0 0.528929 0.101820 0.01 0.01
0 0.542427 0.100920 0.01 0.01
0 0.535228 0.076623 0.01 0.01
0 0.526229 0.046027 0.01 0.01
0 0.540628 0.045127 0.01 0.01
0 0.541527 0.030729 0.01 0.01
0 0.592821 0.093721 0.01 0.01
0 0.580223 0.109919 0.01 0.01
0 0.568524 0.094621 0.01 0.01
0 0.558625 0.067624 0.01 0.01
0 0.604520 0.062225 0.01 0.01
0 0.673811 0.057725 0.01 0.01
0 0.683710 0.044227 0.01 0.01
0 0.710706 0.048727 0.01 0.01
0 0.738603 0.004632 0.01 0.01
0 0.787197 0.006432 0.01 0.01
0 0.779098 0.065824 0.01 0.01
0 0.740403 0.064025 0.01 0.01
0 0.685509 0.100920 0.01 0.01
0 0.642315 0.089221 0.01 0.01
0 0.753901 0.149514 0.01 0.01
0 0.776398 0.177410 0.01 0.01
0 0.786297 0.211606 0.01 0.01
0 0.770099 0.228704 0.01 0.01
0 0.788997 0.289896 0.01 0.01
0 0.732304 0.250301 0.01 0.01
0 0.703507 0.309694 0.01 0.01
0 0.771899 0.381685 0.01 0.01
0 0.713406 0.443777 0.01 0.01
0 0.672011 0.344790 0.01 0.01
0 0.380448 0.425779 0.01 0.01
0 0.839840 0.072124 0.01 0.01
0 0.808344 0.052326 0.01 0.01
0 0.827242 0.036128 0.01 0.01
0 0.859638 0.056826 0.01 0.01
0 0.877635 0.052326 0.01 0.01
0 0.869536 0.054126 0.01 0.01
0 0.917230 0.044227 0.01 0.01
0 0.911831 0.006432 0.01 0.01
0 1.014418 0.041527 0.01 0.01
0 1.043215 0.045127 0.01 0.01
0 1.067512 0.037928 0.01 0.01
0 1.098108 0.051426 0.01 0.01
0 1.129604 0.053226 0.01 0.01
0 1.186297 0.032529 0.01 0.01
0 1.232191 0.063125 0.01 0.01
0 1.229491 0.040628 0.01 0.01
0 1.282585 0.055026 0.01 0.01
0 1.262787 0.066724 0.01 0.01
0 1.249289 0.089221 0.01 0.01
0 1.205194 0.109919 0.01 0.01
0 1.156601 0.055926 0.01 0.01
0 1.137703 0.183710 0.01 0.01
0 1.050414 0.166612 0.01 0.01
0 1.047714 0.142315 0.01 0.01
0 0.991021 0.075723 0.01 0.01
0 1.000020 0.119818 0.01 0.01
0 0.996421 0.104520 0.01 0.01
0 0.947827 0.034328 0.01 0.01
0 0.886634 0.094621 0.01 0.01
0 0.890234 0.148614 0.01 0.01
0 0.866837 0.122517 0.01 0.01
0 0.999120 0.172011 0.01 0.01
0 0.994621 0.207107 0.01 0.01
0 1.036016 0.190909 0.01 0.01
0 1.049514 0.217006 0.01 0.01
0 1.053113 0.261100 0.01 0.01
0 0.999120 0.242202 0.01 0.01
0 0.924430 0.242202 0.01 0.01
0 0.945127 0.211606 0.01 0.01
0 0.918130 0.176511 0.01 0.01
0 0.874036 0.222405 0.01 0.01
0 0.912731 0.276398 0.01 0.01
0 0.873136 0.363687 0.01 0.01
0 1.153001 0.540065 0.01 0.01
0 1.216893 0.503170 0.01 0.01
0 1.239390 0.370886 0.01 0.01
0 1.273586 0.313293 0.01 0.01
0 1.176398 0.298895 0.01 0.01
0 1.152101 0.297995 0.01 0.01
0 1.413068 0.248502 0.01 0.01
0 1.363575 0.220605 0.01 0.01
0 1.312281 0.166612 0.01 0.01
0 1.407669 0.119818 0.01 0.01
0 1.428367 0.066724 0.01 0.01
0 1.460763 0.109806 0.01 0.01
0 1.514756 0.115206 0.01 0.01
0 1.512956 0.244790 0.01 0.01
0 1.533203 0.345127 0.01 0.01
0 1.557500 0.365824 0.01 0.01
0 1.593496 0.452214 0.01 0.01
0 1.314531 0.606094 0.01 0.01
0 0.674261 0.705532 0.01 0.01
0 0.587872 0.678535 0.01 0.01
0 1.286184 0.759525 0.01 0.01
0 0.436691 1.007894 0.01 0.01
0 0.260313 1.000695 0.01 0.01
0 0.317905 0.788322 0.01 0.01
0 0.310706 0.620943 0.01 0.01
0 0.301707 0.579548 0.01 0.01
0 0.224317 0.635341 0.01 0.01
0 0.157725 0.750526 0.01 0.01
0 0.128929 0.646139 0.01 0.01
0 0.125329 0.921505 0.01 0.01
0 0.053338 0.962900 0.01 0.01
0 0.928916 0.120825 0.01 0.01
0 0.715530 0.080864 0.01 0.01
0 0.697148 0.054491 0.01 0.01
0 0.900145 0.092053 0.01 0.01
0 0.968077 0.008936 0.01 0.01
0 0.984061 0.006539 0.01 0.01
0 1.012833 0.004141 0.01 0.01
0 1.006439 0.013732 0.01 0.01
0 1.023222 0.028117 0.01 0.01
0 1.043202 0.032113 0.01 0.01
0 0.060446 0.250747 0.01 0.01
0 0.433355 0.158272 0.01 0.01
0 0.433690 0.091717 0.01 0.01
0 0.502921 0.043556 0.01 0.01
0 0.558105 0.046566 0.01 0.01
0 0.631683 0.077335 0.01 0.01
0 0.647402 0.058606 0.01 0.01
0 0.605262 0.038205 0.01 0.01
0 0.464125 0.040546 0.01 0.01
0 0.721650 0.064292 0.01 0.01
0 0.682687 0.079008 0.01 0.01
0 0.683355 0.061616 0.01 0.01
0 0.552252 0.122319 0.01 0.01
0 0.941048 0.351081 0.01 0.01
0 0.963121 0.307603 0.01 0.01
0 1.005262 0.311616 0.01 0.01
0 1.174493 0.119810 0.01 0.01
0 1.186198 0.125161 0.01 0.01
0 1.109275 0.084024 0.01 0.01
0 1.018305 0.096399 0.01 0.01
0 1.033021 0.085028 0.01 0.01
0 1.050078 0.119810 0.01 0.01
0 0.924994 0.099743 0.01 0.01
0 0.955429 0.069309 0.01 0.01
0 0.960111 0.102753 0.01 0.01
0 0.932185 0.009359 0.01 0.01
0 1.036365 0.062285 0.01 0.01
0 1.059777 0.066633 0.01 0.01
0 0.795897 0.102753 0.01 0.01
0 0.792218 0.151917 0.01 0.01
0 1.115964 0.189710 0.01 0.01
0 1.153590 0.036784 0.01 0.01
0 1.162787 0.004008 0.01 0.01
0 1.102085 0.000998 0.01 0.01
0 1.141048 0.063539 0.01 0.01
0 1.082519 0.078924 0.01 0.01
0 1.073991 0.058857 0.01 0.01
0 1.033690 0.004008 0.01 0.01
0 0.959610 0.026917 0.01 0.01
0 0.997402 0.004175 0.01 0.01
0 0.961115 0.009359 0.01 0.01
0 1.371483 0.091466 0.01 0.01
0 1.353924 0.064041 0.01 0.01
0 1.345396 0.138623 0.01 0.01
0 1.381683 0.133941 0.01 0.01
0 1.427168 0.119559 0.01 0.01
0 1.328339 0.099660 0.01 0.01
0 1.305931 0.063874 0.01 0.01
0 1.325830 0.040295 0.01 0.01
0 1.339710 0.032101 0.01 0.01
0 1.524660 0.422653 0.01 0.01
0 1.489208 0.583188 0.01 0.01
0 1.195563 0.429342 0.01 0.01
0 1.182854 0.337034 0.01 0.01
0 0.963456 0.400580 0.01 0.01
0 0.630345 0.455095 0.01 0.01
0 0.841717 0.185195 0.01 0.01
0 0.801917 0.205262 0.01 0.01
