0 0.355941 1.034106 0.01 0.01
0 1.037587 0.813853 0.01 0.01
0 1.231258 0.629675 0.01 0.01
0 1.252144 0.561321 0.01 0.01
0 1.476194 0.941068 0.01 0.01
0 1.478093 0.329675 0.01 0.01
0 1.502777 0.255625 0.01 0.01
0 1.478093 0.137903 0.01 0.01
0 1.506574 0.109422 0.01 0.01
0 1.472397 0.077144 0.01 0.01
0 1.438220 0.020182 0.01 0.01
0 1.254043 0.136005 0.01 0.01
0 1.200878 0.084739 0.01 0.01
0 1.170498 0.056258 0.01 0.01
0 0.927460 0.109422 0.01 0.01
0 0.921764 0.071448 0.01 0.01
0 0.995815 0.063853 0.01 0.01
0 0.980625 0.033473 0.01 0.01
0 0.889486 0.077144 0.01 0.01
0 0.800245 0.185372 0.01 0.01
0 0.830625 0.183473 0.01 0.01
0 0.864802 0.323979 0.01 0.01
0 0.895182 0.464486 0.01 0.01
0 0.834422 0.426511 0.01 0.01
0 0.794549 0.418916 0.01 0.01
0 0.365435 0.162587 0.01 0.01
0 0.371131 0.130308 0.01 0.01
0 0.361638 0.052460 0.01 0.01
0 0.422397 0.058156 0.01 0.01
0 0.469865 0.069549 0.01 0.01
0 0.555308 0.069549 0.01 0.01
0 0.542017 0.111321 0.01 0.01
0 0.595182 0.153093 0.01 0.01
0 0.636954 0.130308 0.01 0.01
0 0.205941 0.198663 0.01 0.01
0 0.139486 0.210055 0.01 0.01
0 0.109106 0.211954 0.01 0.01
0 0.129992 0.139802 0.01 0.01
0 0.167967 0.136005 0.01 0.01
0 0.086321 0.082840 0.01 0.01
0 0.120498 0.077144 0.01 0.01
0 0.105308 0.056258 0.01 0.01
0 0.059739 0.069549 0.01 0.01
0 0.019865 0.044865 0.01 0.01
0 0.046448 0.117017 0.01 0.01
0 0.870498 0.046764 0.01 0.01
0 0.771764 0.046764 0.01 0.01
0 0.764169 0.082840 0.01 0.01
0 0.718600 0.033473 0.01 0.01
0 0.695815 0.050562 0.01 0.01
0 0.627460 0.029675 0.01 0.01
0 0.602777 0.031574 0.01 0.01
0 0.591384 0.039169 0.01 0.01
0 0.587587 0.056258 0.01 0.01
0 0.278093 0.063853 0.01 0.01
0 0.205941 0.050562 0.01 0.01
0 1.316701 0.016384 0.01 0.01
0 1.356574 0.010688 0.01 0.01
0 1.383156 0.016384 0.01 0.01
0 1.554043 0.004992 0.01 0.01
0 1.592017 0.006891 0.01 0.01
0 1.512270 0.003093 0.01 0.01
0 1.597713 0.365751 0.01 0.01
0 0.895182 0.050562 0.01 0.01
0 0.908473 0.003093 0.01 0.01
0 0.693916 0.006891 0.01 0.01
0 0.739486 0.006891 0.01 0.01
0 0.805941 0.016384 0.01 0.01
0 0.325562 0.003093 0.01 0.01
0 0.378172 0.062285 0.01 0.01
0 0.410279 0.047570 0.01 0.01
0 0.443389 0.032519 0.01 0.01
0 0.576499 0.031182 0.01 0.01
0 0.606934 0.021817 0.01 0.01
0 0.369141 0.185028 0.01 0.01
0 0.182185 0.040044 0.01 0.01
0 0.290546 0.023322 0.01 0.01
0 0.254426 0.046064 0.01 0.01
0 0.017636 0.159108 0.01 0.01
0 0.945396 0.024660 0.01 0.01
0 0.973155 0.058272 0.01 0.01
0 0.921650 0.009442 0.01 0.01
0 0.881516 0.010780 0.01 0.01
0 0.793891 0.021817 0.01 0.01
0 0.499911 0.250580 0.01 0.01
0 0.700580 0.033523 0.01 0.01
0 1.300914 0.016131 0.01 0.01
0 1.336365 0.017135 0.01 0.01
