0 0.040656 1.004964 0.01 0.01
0 0.093893 0.872356 0.01 0.01
0 0.039689 0.817184 0.01 0.01
0 0.038721 0.705871 0.01 0.01
0 0.179071 0.797825 0.01 0.01
0 0.221661 0.872356 0.01 0.01
0 0.160681 0.957535 0.01 0.01
0 0.380402 0.961407 0.01 0.01
0 0.324262 0.865581 0.01 0.01
0 0.350396 0.765883 0.01 0.01
0 0.425895 0.840414 0.01 0.01
0 0.514946 0.769755 0.01 0.01
0 0.425895 0.718454 0.01 0.01
0 0.392986 0.676833 0.01 0.01
0 0.332973 0.661346 0.01 0.01
0 0.293288 0.602302 0.01 0.01
0 0.211013 0.598430 0.01 0.01
0 0.214885 0.659410 0.01 0.01
0 0.240052 0.701032 0.01 0.01
0 0.120995 0.609078 0.01 0.01
0 0.096797 0.588751 0.01 0.01
0 0.165520 0.568424 0.01 0.01
0 0.496555 0.618757 0.01 0.01
0 0.552695 0.612949 0.01 0.01
0 0.588509 0.677801 0.01 0.01
0 0.654329 0.711679 0.01 0.01
0 0.701757 0.835575 0.01 0.01
0 0.556567 0.566488 0.01 0.01
0 0.439447 0.545194 0.01 0.01
0 0.341685 0.548097 0.01 0.01
0 0.483004 0.528739 0.01 0.01
0 0.708533 0.624565 0.01 0.01
0 0.456627 1.031098 0.01 0.01
0 0.234002 1.025290 0.01 0.01
0 0.088811 0.502604 0.01 0.01
0 0.154631 0.489053 0.01 0.01
0 0.222387 0.498733 0.01 0.01
0 0.307565 0.461951 0.01 0.01
0 0.274655 0.448400 0.01 0.01
0 0.770239 1.052393 0.01 0.01
0 0.789598 0.976894 0.01 0.01
0 0.766367 0.920753 0.01 0.01
0 0.845738 0.787178 0.01 0.01
0 0.928981 0.938176 0.01 0.01
0 0.917365 1.048521 0.01 0.01
0 1.004480 1.009803 0.01 0.01
0 1.147735 0.961407 0.01 0.01
0 1.196131 0.864613 0.01 0.01
0 1.289053 0.858805 0.01 0.01
0 1.451667 0.841382 0.01 0.01
0 1.356809 0.934304 0.01 0.01
0 1.385847 0.982701 0.01 0.01
0 1.360681 1.048521 0.01 0.01
0 1.565883 1.038842 0.01 0.01
0 1.529102 1.036906 0.01 0.01
0 1.562012 0.885908 0.01 0.01
0 1.478769 0.758140 0.01 0.01
0 1.592986 0.779434 0.01 0.01
0 1.562012 0.700064 0.01 0.01
0 1.515551 0.665218 0.01 0.01
0 1.420693 0.655539 0.01 0.01
0 1.354873 0.601334 0.01 0.01
0 1.296797 0.688448 0.01 0.01
0 1.341322 0.791050 0.01 0.01
0 1.412949 0.727166 0.01 0.01
0 1.521358 0.570360 0.01 0.01
0 1.573627 0.543258 0.01 0.01
0 1.519422 0.454208 0.01 0.01
0 1.434244 0.456143 0.01 0.01
0 1.445859 0.494861 0.01 0.01
0 1.399398 0.549065 0.01 0.01
0 1.240656 0.669090 0.01 0.01
0 1.198067 0.669090 0.01 0.01
0 1.273566 0.570360 0.01 0.01
0 1.349065 0.448400 0.01 0.01
0 1.227105 0.535514 0.01 0.01
0 1.157414 0.638116 0.01 0.01
0 1.076107 0.804601 0.01 0.01
0 1.101274 0.738781 0.01 0.01
0 0.996736 0.858805 0.01 0.01
0 0.961891 0.732973 0.01 0.01
0 0.946404 0.661346 0.01 0.01
0 0.979313 0.529707 0.01 0.01
0 1.091594 0.665218 0.01 0.01
0 0.828315 0.723294 0.01 0.01
0 0.803149 0.678769 0.01 0.01
0 0.803149 0.624565 0.01 0.01
0 0.828315 0.560681 0.01 0.01
0 0.925109 0.591655 0.01 0.01
0 0.913494 0.576168 0.01 0.01
0 0.890263 0.529707 0.01 0.01
0 0.901878 0.489053 0.01 0.01
0 0.975442 0.469695 0.01 0.01
0 1.023839 0.525835 0.01 0.01
0 1.107081 0.516156 0.01 0.01
0 1.107081 0.580039 0.01 0.01
0 1.136119 0.551001 0.01 0.01
0 1.126440 0.481310 0.01 0.01
0 1.076107 0.469695 0.01 0.01
0 0.650215 0.539386 0.01 0.01
0 0.727650 0.549065 0.01 0.01
0 0.731522 0.496797 0.01 0.01
0 0.657958 0.477438 0.01 0.01
0 0.710227 0.454208 0.01 0.01
0 0.756688 0.401939 0.01 0.01
0 0.816700 0.429041 0.01 0.01
0 0.828315 0.489053 0.01 0.01
0 0.787662 0.516156 0.01 0.01
0 0.590203 0.521963 0.01 0.01
0 0.019120 0.413554 0.01 0.01
0 0.092683 0.448400 0.01 0.01
0 0.110106 0.413554 0.01 0.01
0 0.181733 0.473566 0.01 0.01
0 0.261104 0.494861 0.01 0.01
0 0.332731 0.419362 0.01 0.01
0 0.363705 0.512284 0.01 0.01
0 0.410166 0.481310 0.01 0.01
0 0.489537 0.475502 0.01 0.01
0 0.588267 0.461951 0.01 0.01
0 0.574716 0.440656 0.01 0.01
0 0.532127 0.432913 0.01 0.01
0 0.495345 0.413554 0.01 0.01
0 0.510832 0.370965 0.01 0.01
0 0.574716 0.365157 0.01 0.01
0 0.638600 0.345799 0.01 0.01
0 0.671509 0.369029 0.01 0.01
0 0.671509 0.427105 0.01 0.01
0 0.029041 0.056385 0.01 0.01
0 0.004843 0.038963 0.01 0.01
0 0.005811 0.079616 0.01 0.01
0 0.043560 0.068969 0.01 0.01
0 0.076470 0.079616 0.01 0.01
0 0.084214 0.050578 0.01 0.01
0 0.106476 0.067033 0.01 0.01
0 0.109380 0.038963 0.01 0.01
0 0.133578 0.069937 0.01 0.01
0 0.113252 0.110590 0.01 0.01
0 0.162617 0.097039 0.01 0.01
0 0.179071 0.087359 0.01 0.01
0 0.169392 0.066065 0.01 0.01
0 0.158745 0.059289 0.01 0.01
0 0.194558 0.055418 0.01 0.01
0 0.176168 0.026379 0.01 0.01
0 0.235212 0.032187 0.01 0.01
0 0.239084 0.064129 0.01 0.01
0 0.254571 0.052514 0.01 0.01
0 0.241987 0.093167 0.01 0.01
0 0.295224 0.093167 0.01 0.01
0 0.321358 0.039931 0.01 0.01
0 0.333941 0.043802 0.01 0.01
0 0.356204 0.043802 0.01 0.01
0 0.366851 0.049610 0.01 0.01
0 0.408473 0.028315 0.01 0.01
0 0.391050 0.028315 0.01 0.01
0 0.407505 0.091231 0.01 0.01
0 0.429767 0.072840 0.01 0.01
0 0.433639 0.045738 0.01 0.01
0 0.470421 0.056385 0.01 0.01
0 0.489779 0.057353 0.01 0.01
0 0.536240 0.039931 0.01 0.01
0 0.551727 0.066065 0.01 0.01
0 0.517849 0.140596 0.01 0.01
0 0.600124 0.123173 0.01 0.01
0 0.609803 0.062193 0.01 0.01
0 0.630130 0.041866 0.01 0.01
0 0.681431 0.042834 0.01 0.01
0 0.644649 0.042834 0.01 0.01
0 0.553905 0.034365 0.01 0.01
0 0.540354 0.027589 0.01 0.01
0 0.583427 0.020814 0.01 0.01
0 0.625532 0.016942 0.01 0.01
0 0.622629 0.006779 0.01 0.01
0 0.728134 0.027105 0.01 0.01
0 0.735393 0.032429 0.01 0.01
0 0.743137 0.045012 0.01 0.01
0 0.762980 0.028557 0.01 0.01
0 0.770239 0.055659 0.01 0.01
0 0.784274 0.054208 0.01 0.01
0 0.794921 0.049852 0.01 0.01
0 0.804601 0.037269 0.01 0.01
0 0.795889 0.077922 0.01 0.01
0 0.811376 0.081310 0.01 0.01
0 0.841866 0.092441 0.01 0.01
0 0.858321 0.068727 0.01 0.01
0 0.854450 0.142774 0.01 0.01
0 0.846222 0.164552 0.01 0.01
0 0.827347 0.170844 0.01 0.01
0 0.822024 0.208110 0.01 0.01
0 0.830735 0.245375 0.01 0.01
0 0.794437 0.243923 0.01 0.01
0 0.816700 0.234244 0.01 0.01
0 0.864613 0.238116 0.01 0.01
0 0.775079 0.249247 0.01 0.01
0 0.778467 0.180039 0.01 0.01
0 0.786210 0.163101 0.01 0.01
0 0.790082 0.122931 0.01 0.01
0 0.771207 0.119059 0.01 0.01
0 0.709743 0.129223 0.01 0.01
0 0.661346 0.131159 0.01 0.01
0 0.626984 0.214885 0.01 0.01
0 0.654087 0.201818 0.01 0.01
0 0.625532 0.259894 0.01 0.01
0 0.660862 0.244407 0.01 0.01
0 0.679253 0.216821 0.01 0.01
0 0.717486 0.248763 0.01 0.01
0 0.747009 0.216821 0.01 0.01
0 0.727650 0.189719 0.01 0.01
0 0.748944 0.187783 0.01 0.01
0 0.691836 0.173264 0.01 0.01
0 0.399519 0.404359 0.01 0.01
0 0.410650 0.376289 0.01 0.01
0 0.367093 0.354994 0.01 0.01
0 0.378225 0.294498 0.01 0.01
0 0.387904 0.267396 0.01 0.01
0 0.352574 0.254329 0.01 0.01
0 0.437269 0.242713 0.01 0.01
0 0.463403 0.251425 0.01 0.01
0 0.430493 0.294014 0.01 0.01
0 0.415490 0.307565 0.01 0.01
0 0.412586 0.330312 0.01 0.01
0 0.451788 0.326924 0.01 0.01
0 0.480826 0.294014 0.01 0.01
0 0.496313 0.275623 0.01 0.01
0 0.505024 0.331280 0.01 0.01
0 0.486633 0.362738 0.01 0.01
0 0.555357 0.315309 0.01 0.01
0 0.525351 0.294498 0.01 0.01
0 0.549549 0.268364 0.01 0.01
0 0.626500 0.291110 0.01 0.01
0 0.633276 0.312889 0.01 0.01
0 0.677801 0.315309 0.01 0.01
0 0.691836 0.334667 0.01 0.01
0 0.715551 0.326440 0.01 0.01
0 0.733457 0.289174 0.01 0.01
0 0.701999 0.267396 0.01 0.01
0 0.150033 0.390808 0.01 0.01
0 0.158745 0.335635 0.01 0.01
0 0.219725 0.322084 0.01 0.01
0 0.235212 0.287238 0.01 0.01
0 0.289416 0.320148 0.01 0.01
0 0.310711 0.313373 0.01 0.01
0 0.337813 0.318212 0.01 0.01
0 0.325230 0.354026 0.01 0.01
0 0.301032 0.377257 0.01 0.01
0 0.290384 0.396615 0.01 0.01
0 0.323294 0.385968 0.01 0.01
0 0.169392 0.242713 0.01 0.01
0 0.168424 0.268848 0.01 0.01
0 0.144226 0.275623 0.01 0.01
0 0.144226 0.293046 0.01 0.01
0 0.144226 0.347251 0.01 0.01
0 0.050457 0.376289 0.01 0.01
0 0.095950 0.376773 0.01 0.01
0 0.135151 0.377741 0.01 0.01
0 0.101757 0.319664 0.01 0.01
0 0.077075 0.299338 0.01 0.01
0 0.034970 0.315793 0.01 0.01
0 0.025774 0.282399 0.01 0.01
0 0.052877 0.283367 0.01 0.01
0 0.092078 0.279979 0.01 0.01
0 0.230493 0.264976 0.01 0.01
0 0.019362 0.179797 0.01 0.01
0 0.057111 0.171086 0.01 0.01
0 0.100669 0.231098 0.01 0.01
0 0.111316 0.149791 0.01 0.01
0 0.208110 0.166246 0.01 0.01
0 0.332006 0.272719 0.01 0.01
0 0.783064 0.354026 0.01 0.01
0 0.792744 0.319180 0.01 0.01
0 1.181370 1.055780 0.01 0.01
0 1.018757 0.435817 0.01 0.01
0 0.983911 0.398067 0.01 0.01
0 0.958745 0.369997 0.01 0.01
0 0.899701 0.339991 0.01 0.01
0 0.877438 0.332248 0.01 0.01
0 0.874534 0.309985 0.01 0.01
0 0.871630 0.280947 0.01 0.01
0 0.872598 0.379676 0.01 0.01
0 0.857111 0.409682 0.01 0.01
0 0.919059 0.427105 0.01 0.01
0 0.968424 0.274171 0.01 0.01
0 0.981975 0.321600 0.01 0.01
0 1.024565 0.329344 0.01 0.01
0 1.037148 0.277075 0.01 0.01
0 1.065218 0.350638 0.01 0.01
0 1.077801 0.387420 0.01 0.01
0 1.132006 0.376773 0.01 0.01
0 1.113615 0.422266 0.01 0.01
0 1.142653 0.426137 0.01 0.01
0 1.157172 0.373869 0.01 0.01
0 1.211376 0.383548 0.01 0.01
0 1.364310 0.249973 0.01 0.01
0 1.497886 0.247069 0.01 0.01
0 1.492078 0.190929 0.01 0.01
0 1.372054 0.175442 0.01 0.01
0 1.266549 0.192865 0.01 0.01
0 1.212344 0.207384 0.01 0.01
0 1.167819 0.257716 0.01 0.01
0 1.125230 0.271267 0.01 0.01
0 1.141685 0.186089 0.01 0.01
0 1.070058 0.182217 0.01 0.01
0 1.026500 0.172538 0.01 0.01
0 0.995526 0.200608 0.01 0.01
0 0.972296 0.175442 0.01 0.01
0 0.924867 0.243197 0.01 0.01
0 0.951969 0.263524 0.01 0.01
0 0.805085 0.294014 0.01 0.01
0 0.812828 0.267880 0.01 0.01
0 0.744589 0.266428 0.01 0.01
0 0.894135 0.198188 0.01 0.01
0 0.901395 0.231098 0.01 0.01
0 0.950759 0.236906 0.01 0.01
0 0.877680 0.188025 0.01 0.01
0 0.779434 0.185121 0.01 0.01
0 0.931159 0.162859 0.01 0.01
0 0.950517 0.162859 0.01 0.01
0 0.934062 0.176410 0.01 0.01
0 0.982459 0.128981 0.01 0.01
0 1.006658 0.128981 0.01 0.01
0 1.030856 0.122205 0.01 0.01
0 1.033760 0.098007 0.01 0.01
0 1.000850 0.104782 0.01 0.01
0 0.994074 0.082520 0.01 0.01
0 0.963101 0.091231 0.01 0.01
0 0.935998 0.091231 0.01 0.01
0 0.898249 0.098007 0.01 0.01
0 0.903088 0.133820 0.01 0.01
0 0.875986 0.158019 0.01 0.01
0 0.868485 0.144952 0.01 0.01
0 1.025532 0.036543 0.01 0.01
0 1.041987 0.063645 0.01 0.01
0 1.071025 0.083972 0.01 0.01
0 1.088448 0.096555 0.01 0.01
0 1.099096 0.121721 0.01 0.01
0 1.100064 0.160439 0.01 0.01
0 1.128134 0.148823 0.01 0.01
0 1.141685 0.143984 0.01 0.01
0 1.145557 0.115914 0.01 0.01
0 1.170723 0.113010 0.01 0.01
0 1.155236 0.091715 0.01 0.01
0 1.128134 0.094619 0.01 0.01
0 0.637390 0.557293 0.01 0.01
0 1.116519 0.081068 0.01 0.01
0 1.130070 0.053966 0.01 0.01
0 1.199519 0.106234 0.01 0.01
0 1.197099 0.084940 0.01 0.01
0 1.176289 0.087843 0.01 0.01
0 1.337934 0.118817 0.01 0.01
0 1.275502 0.095103 0.01 0.01
0 1.297765 0.076712 0.01 0.01
0 1.375200 0.058805 0.01 0.01
0 1.349065 0.058805 0.01 0.01
0 1.310348 0.037027 0.01 0.01
0 1.267759 0.047674 0.01 0.01
0 1.277922 0.027347 0.01 0.01
0 1.238721 0.027347 0.01 0.01
0 1.229041 0.071872 0.01 0.01
0 1.205327 0.064129 0.01 0.01
0 1.205327 0.045254 0.01 0.01
0 1.213554 0.037027 0.01 0.01
0 1.117244 0.064613 0.01 0.01
0 1.080463 0.079132 0.01 0.01
0 1.155962 0.076228 0.01 0.01
0 1.122568 0.131885 0.01 0.01
0 1.039326 0.154147 0.01 0.01
0 1.367093 0.018878 0.01 0.01
0 1.354026 0.027105 0.01 0.01
0 1.335635 0.027105 0.01 0.01
0 1.301274 0.017426 0.01 0.01
0 1.265460 0.020330 0.01 0.01
0 0.884940 0.130191 0.01 0.01
0 0.951969 0.129465 0.01 0.01
0 1.428436 0.113494 0.01 0.01
0 1.430372 0.072840 0.01 0.01
0 0.159955 0.021782 0.01 0.01
0 0.236906 0.014038 0.01 0.01
0 0.386452 0.010166 0.01 0.01
0 0.053240 0.647795 0.01 0.01
0 1.572273 0.169143 0.01 0.01
