0 0.096020 1.075362 0.01 0.01
0 0.464095 1.024658 0.01 0.01
0 0.648132 0.757992 0.01 0.01
0 0.837804 0.647193 0.01 0.01
0 1.010574 0.626536 0.01 0.01
0 1.158931 0.932639 0.01 0.01
0 1.224658 0.846254 0.01 0.01
0 1.346724 0.711043 0.01 0.01
0 1.504470 0.727945 0.01 0.01
0 1.463156 0.665973 0.01 0.01
0 1.376771 0.549541 0.01 0.01
0 1.192733 0.489447 0.01 0.01
0 1.284752 0.237804 0.01 0.01
0 1.371137 0.209635 0.01 0.01
0 1.532639 0.217147 0.01 0.01
0 1.566442 0.275362 0.01 0.01
0 1.555175 0.350480 0.01 0.01
0 0.017147 0.714799 0.01 0.01
0 0.167381 0.513860 0.01 0.01
0 0.242499 0.513860 0.01 0.01
0 0.253766 0.453766 0.01 0.01
0 0.360808 0.397428 0.01 0.01
0 0.407757 0.457522 0.01 0.01
0 0.511043 0.549541 0.01 0.01
0 0.672546 0.534517 0.01 0.01
0 0.636865 0.406818 0.01 0.01
0 0.533578 0.401184 0.01 0.01
0 0.328884 0.296020 0.01 0.01
0 0.405879 0.217147 0.01 0.01
0 0.342029 0.226536 0.01 0.01
0 0.281935 0.235926 0.01 0.01
0 0.188039 0.311043 0.01 0.01
0 0.265034 0.318555 0.01 0.01
0 0.099776 0.401184 0.01 0.01
0 0.210574 0.406818 0.01 0.01
0 0.039682 0.500715 0.01 0.01
0 0.028414 0.322311 0.01 0.01
0 0.024658 0.177710 0.01 0.01
0 0.013391 0.147663 0.01 0.01
0 0.034048 0.111982 0.01 0.01
0 0.107287 0.033109 0.01 0.01
0 0.169259 0.040621 0.01 0.01
0 0.073485 0.177710 0.01 0.01
0 0.171137 0.172076 0.01 0.01
0 0.154236 0.158931 0.01 0.01
0 0.236865 0.173954 0.01 0.01
0 0.268790 0.034987 0.01 0.01
0 0.496020 0.125128 0.01 0.01
0 0.542968 0.121372 0.01 0.01
0 0.514799 0.095081 0.01 0.01
0 0.710104 0.104470 0.01 0.01
0 0.747663 0.113860 0.01 0.01
0 0.777710 0.081935 0.01 0.01
0 0.822780 0.046254 0.01 0.01
0 0.822780 0.072546 0.01 0.01
0 0.785222 0.125128 0.01 0.01
0 0.841560 0.098837 0.01 0.01
0 0.886630 0.104470 0.01 0.01
0 0.882874 0.042499 0.01 0.01
0 0.950480 0.046254 0.01 0.01
0 0.888508 0.151419 0.01 0.01
0 0.843438 0.177710 0.01 0.01
0 1.183344 0.072546 0.01 0.01
0 1.127006 0.033109 0.01 0.01
0 1.237804 0.051888 0.01 0.01
0 1.294142 0.061278 0.01 0.01
0 1.331700 0.040621 0.01 0.01
0 1.324189 0.065034 0.01 0.01
0 1.354236 0.065034 0.01 0.01
0 1.384283 0.051888 0.01 0.01
0 1.421841 0.068790 0.01 0.01
0 1.510104 0.051888 0.01 0.01
0 1.560808 0.066912 0.01 0.01
0 1.538273 0.170198 0.01 0.01
0 1.577710 0.177710 0.01 0.01
0 1.594611 0.106348 0.01 0.01
0 0.481935 0.101654 0.01 0.01
0 0.425597 0.058461 0.01 0.01
0 0.525128 0.097898 0.01 0.01
0 0.529823 0.082874 0.01 0.01
0 0.299776 0.309165 0.01 0.01
0 0.894142 0.026067 0.01 0.01
0 0.926067 0.021372 0.01 0.01
0 0.943907 0.021372 0.01 0.01
0 0.868790 0.019494 0.01 0.01
0 0.810574 0.030762 0.01 0.01
0 1.296959 0.032639 0.01 0.01
0 1.310104 0.017616 0.01 0.01
0 1.470668 0.016677 0.01 0.01
0 1.442499 0.082405 0.01 0.01
0 1.594611 0.524658 0.01 0.01
0 0.194611 0.019494 0.01 0.01
0 0.697898 0.032639 0.01 0.01
0 0.152892 0.008037 0.01 0.01
0 0.293552 0.006439 0.01 0.01
