0 0.151634 0.943022 0.01 0.01
0 0.066619 0.880273 0.01 0.01
0 0.109126 0.720366 0.01 0.01
0 0.368217 0.815501 0.01 0.01
0 0.428942 1.082688 0.01 0.01
0 0.412749 1.218306 0.01 0.01
0 0.584801 1.135316 0.01 0.01
0 0.698153 0.975408 0.01 0.01
0 0.613139 0.823597 0.01 0.01
0 0.617187 0.730487 0.01 0.01
0 0.540270 0.627255 0.01 0.01
0 0.396555 0.607013 0.01 0.01
0 0.309517 0.503782 0.01 0.01
0 0.125320 0.455202 0.01 0.01
0 0.042330 0.548313 0.01 0.01
0 0.062571 0.649521 0.01 0.01
0 0.849964 0.878249 0.01 0.01
0 0.754830 0.787163 0.01 0.01
0 0.939027 0.673810 0.01 0.01
0 1.003800 0.677859 0.01 0.01
0 1.066548 0.768945 0.01 0.01
0 1.096911 0.892418 0.01 0.01
0 1.032138 1.102930 0.01 0.01
0 1.493643 1.161630 0.01 0.01
0 1.526030 0.993626 0.01 0.01
0 0.991655 0.886346 0.01 0.01
0 1.335760 0.898491 0.01 0.01
0 1.582706 0.858008 0.01 0.01
0 1.511861 0.716317 0.01 0.01
0 1.394460 0.748704 0.01 0.01
0 1.228480 0.928853 0.01 0.01
0 1.214311 0.566531 0.01 0.01
0 1.297301 0.538192 0.01 0.01
0 1.098935 0.609038 0.01 0.01
0 1.558416 0.665714 0.01 0.01
0 1.582706 0.552362 0.01 0.01
0 1.554368 0.503782 0.01 0.01
0 1.586754 0.426864 0.01 0.01
0 1.576634 0.214329 0.01 0.01
0 1.501740 0.317560 0.01 0.01
0 1.497692 0.254812 0.01 0.01
0 1.418750 0.307440 0.01 0.01
0 1.370170 0.333754 0.01 0.01
0 1.457209 0.388406 0.01 0.01
0 1.408629 0.410671 0.01 0.01
0 1.396484 0.495685 0.01 0.01
0 1.345881 0.412695 0.01 0.01
0 1.216335 0.323633 0.01 0.01
0 1.303374 0.260884 0.01 0.01
0 1.260866 0.455202 0.01 0.01
0 1.113104 0.473420 0.01 0.01
0 1.074645 0.396502 0.01 0.01
0 1.098935 0.347923 0.01 0.01
0 1.026065 0.408647 0.01 0.01
0 0.987607 0.345898 0.01 0.01
0 0.999751 0.283150 0.01 0.01
0 1.129297 0.236594 0.01 0.01
0 1.179901 0.236594 0.01 0.01
0 1.056428 0.285174 0.01 0.01
0 0.949148 0.388406 0.01 0.01
0 0.959268 0.432937 0.01 0.01
0 0.904616 0.422816 0.01 0.01
0 0.849964 0.524023 0.01 0.01
0 0.862109 0.467347 0.01 0.01
0 0.766974 0.481516 0.01 0.01
0 0.617187 0.503782 0.01 0.01
0 0.690057 0.467347 0.01 0.01
0 0.461328 0.459251 0.01 0.01
0 0.495739 0.432937 0.01 0.01
0 0.352024 0.461275 0.01 0.01
0 0.248793 0.420792 0.01 0.01
0 0.007919 0.394478 0.01 0.01
0 0.360121 0.368164 0.01 0.01
0 0.345952 0.303391 0.01 0.01
0 0.264986 0.331729 0.01 0.01
0 0.481570 0.285174 0.01 0.01
0 0.576705 0.283150 0.01 0.01
0 0.698153 0.362092 0.01 0.01
0 0.789240 0.380309 0.01 0.01
0 0.785192 0.283150 0.01 0.01
0 0.732564 0.303391 0.01 0.01
0 1.584730 0.327681 0.01 0.01
0 0.720419 0.210281 0.01 0.01
0 0.603018 0.305415 0.01 0.01
0 0.370241 0.155629 0.01 0.01
0 0.329759 0.100977 0.01 0.01
0 0.271058 0.113121 0.01 0.01
0 0.246768 0.082759 0.01 0.01
0 0.204261 0.086808 0.01 0.01
0 0.147585 0.167773 0.01 0.01
0 0.028161 0.129315 0.01 0.01
0 0.103054 0.307440 0.01 0.01
0 0.171875 0.303391 0.01 0.01
0 0.129368 0.214329 0.01 0.01
0 0.165803 0.242667 0.01 0.01
0 0.224503 0.183967 0.01 0.01
0 0.262962 0.224450 0.01 0.01
0 0.291300 0.246715 0.01 0.01
0 0.230575 0.015962 0.01 0.01
0 0.192116 0.034180 0.01 0.01
0 0.131392 0.007866 0.01 0.01
0 0.046378 0.005842 0.01 0.01
0 0.072692 0.119194 0.01 0.01
0 0.005895 0.068590 0.01 0.01
0 0.481570 0.076687 0.01 0.01
0 0.430966 0.068590 0.01 0.01
0 0.386435 0.054421 0.01 0.01
0 0.578729 0.161701 0.01 0.01
0 0.661719 0.275053 0.01 0.01
0 0.623260 0.236594 0.01 0.01
0 0.831747 0.098952 0.01 0.01
0 0.744709 0.141460 0.01 0.01
0 0.934979 0.135387 0.01 0.01
0 0.928906 0.082759 0.01 0.01
0 1.501740 0.078711 0.01 0.01
0 1.469354 0.005842 0.01 0.01
0 0.758878 0.007866 0.01 0.01
0 0.720419 0.026083 0.01 0.01
0 0.651598 0.092880 0.01 0.01
0 0.615163 0.129315 0.01 0.01
0 0.823651 0.153604 0.01 0.01
0 0.556463 0.076687 0.01 0.01
0 0.594922 0.064542 0.01 0.01
0 0.441087 0.026083 0.01 0.01
0 0.390483 0.034180 0.01 0.01
0 0.333807 0.011914 0.01 0.01
0 0.283203 0.020011 0.01 0.01
0 0.546342 0.020011 0.01 0.01
0 0.688033 0.147532 0.01 0.01
0 0.890447 0.105025 0.01 0.01
0 0.888423 0.056445 0.01 0.01
0 0.845916 0.044300 0.01 0.01
0 1.521982 0.412695 0.01 0.01
0 0.665767 1.171751 0.01 0.01
0 0.544318 1.228427 0.01 0.01
0 0.439062 0.299343 0.01 0.01
