0 0.015855 0.389513 0.01 0.01
0 0.039269 0.329026 0.01 0.01
0 0.058782 0.336830 0.01 0.01
0 0.107562 0.293904 0.01 0.01
0 0.181709 0.301709 0.01 0.01
0 0.255855 0.280245 0.01 0.01
0 0.294879 0.284148 0.01 0.01
0 0.328050 0.301709 0.01 0.01
0 0.355367 0.243172 0.01 0.01
0 0.410001 0.247074 0.01 0.01
0 0.447074 0.323172 0.01 0.01
0 0.470489 0.340733 0.01 0.01
0 0.384635 0.360245 0.01 0.01
0 0.468538 0.569026 0.01 0.01
0 0.538782 0.613904 0.01 0.01
0 0.995367 0.883172 0.01 0.01
0 1.042196 0.976830 0.01 0.01
0 0.722196 0.526099 0.01 0.01
0 0.663660 0.502684 0.01 0.01
0 0.769026 0.467562 0.01 0.01
0 0.815855 0.424635 0.01 0.01
0 0.780733 0.371952 0.01 0.01
0 0.811952 0.459757 0.01 0.01
0 0.862684 0.498782 0.01 0.01
0 0.689026 0.293904 0.01 0.01
0 0.659757 0.389513 0.01 0.01
0 0.581709 0.346587 0.01 0.01
0 0.581709 0.293904 0.01 0.01
0 0.609026 0.284148 0.01 0.01
0 0.585611 0.270489 0.01 0.01
0 0.544635 0.266587 0.01 0.01
0 0.731952 0.196343 0.01 0.01
0 0.784635 0.198294 0.01 0.01
0 0.856830 0.256830 0.01 0.01
0 0.858782 0.239269 0.01 0.01
0 0.907562 0.225611 0.01 0.01
0 0.944635 0.284148 0.01 0.01
0 0.893904 0.284148 0.01 0.01
0 0.932928 0.354391 0.01 0.01
0 0.985611 0.332928 0.01 0.01
0 0.997318 0.305611 0.01 0.01
0 0.971952 0.290001 0.01 0.01
0 0.981709 0.276343 0.01 0.01
0 1.098782 0.508538 0.01 0.01
0 1.090977 0.459757 0.01 0.01
0 1.325123 0.530001 0.01 0.01
0 1.321221 0.430489 0.01 0.01
0 1.381709 0.424635 0.01 0.01
0 1.247074 0.430489 0.01 0.01
0 1.186587 0.395367 0.01 0.01
0 1.106587 0.368050 0.01 0.01
0 1.071465 0.260733 0.01 0.01
0 1.122196 0.288050 0.01 0.01
0 1.176830 0.293904 0.01 0.01
0 1.233416 0.315367 0.01 0.01
0 1.360245 0.360245 0.01 0.01
0 1.418782 0.385611 0.01 0.01
0 1.594391 0.364148 0.01 0.01
0 1.598294 0.311465 0.01 0.01
0 1.561221 0.276343 0.01 0.01
0 1.537806 0.247074 0.01 0.01
0 1.512440 0.260733 0.01 0.01
0 1.512440 0.239269 0.01 0.01
0 1.500733 0.211952 0.01 0.01
0 1.477318 0.237318 0.01 0.01
0 1.444148 0.204148 0.01 0.01
0 1.013904 0.205611 0.01 0.01
0 1.035367 0.192928 0.01 0.01
0 1.060733 0.197806 0.01 0.01
0 1.102684 0.223172 0.01 0.01
0 1.172928 0.135367 0.01 0.01
0 1.255855 0.238782 0.01 0.01
0 1.275367 0.231952 0.01 0.01
0 1.293904 0.265123 0.01 0.01
0 1.357318 0.278782 0.01 0.01
0 1.358294 0.324635 0.01 0.01
0 1.429513 0.273904 0.01 0.01
0 1.463660 0.286587 0.01 0.01
0 1.410001 0.228050 0.01 0.01
0 1.368050 0.224148 0.01 0.01
0 1.349513 0.210489 0.01 0.01
0 1.376830 0.175367 0.01 0.01
0 1.396343 0.194879 0.01 0.01
0 1.489026 0.150977 0.01 0.01
0 1.563172 0.168538 0.01 0.01
0 1.531014 0.179175 0.01 0.01
0 1.537703 0.181182 0.01 0.01
0 1.550412 0.180178 0.01 0.01
0 1.325329 0.302252 0.01 0.01
