0 0.136840 0.825685 0.01 0.01
0 0.024120 0.771674 0.01 0.01
0 0.317662 0.562672 0.01 0.01
0 0.519619 0.581458 0.01 0.01
0 0.993983 0.776370 0.01 0.01
0 1.052691 0.804550 0.01 0.01
0 1.076175 0.698875 0.01 0.01
0 0.881263 0.499267 0.01 0.01
0 0.996331 0.433513 0.01 0.01
0 0.991635 0.395940 0.01 0.01
0 1.160715 0.471087 0.01 0.01
0 1.524707 0.534492 0.01 0.01
0 1.381458 0.332535 0.01 0.01
0 1.306312 0.339580 0.01 0.01
0 1.299267 0.294961 0.01 0.01
0 0.695744 0.442907 0.01 0.01
0 0.637036 0.412378 0.01 0.01
0 0.587721 0.410030 0.01 0.01
0 1.226468 0.442907 0.01 0.01
0 1.224120 0.280871 0.01 0.01
0 1.273435 0.231556 0.01 0.01
0 1.261693 0.193983 0.01 0.01
0 1.289873 0.184590 0.01 0.01
0 1.355627 0.217466 0.01 0.01
0 1.390852 0.208073 0.01 0.01
0 1.376762 0.257388 0.01 0.01
0 1.468347 0.306703 0.01 0.01
0 1.463650 0.266781 0.01 0.01
0 1.550539 0.316096 0.01 0.01
0 1.538797 0.184590 0.01 0.01
0 1.480089 0.191635 0.01 0.01
0 1.498875 0.182241 0.01 0.01
0 1.465999 0.182241 0.01 0.01
0 1.473044 0.175196 0.01 0.01
0 1.451909 0.175196 0.01 0.01
0 1.510617 0.144668 0.01 0.01
0 1.541145 0.144668 0.01 0.01
0 1.566977 0.151713 0.01 0.01
0 1.585764 0.198680 0.01 0.01
0 1.583415 0.278523 0.01 0.01
0 0.120402 0.245646 0.01 0.01
0 0.181458 0.247995 0.01 0.01
0 0.202593 0.278523 0.01 0.01
0 0.244863 0.299658 0.01 0.01
0 0.261302 0.266781 0.01 0.01
0 0.256605 0.208073 0.01 0.01
0 0.207290 0.215118 0.01 0.01
0 0.153278 0.168151 0.01 0.01
0 0.136840 0.191635 0.01 0.01
0 0.042907 0.172848 0.01 0.01
0 0.028817 0.182241 0.01 0.01
0 0.202593 0.149364 0.01 0.01
0 0.273044 0.193983 0.01 0.01
0 0.282437 0.149364 0.01 0.01
0 0.247212 0.128229 0.01 0.01
0 0.261302 0.125881 0.01 0.01
0 0.277740 0.111791 0.01 0.01
0 0.301224 0.132926 0.01 0.01
0 0.322359 0.168151 0.01 0.01
0 0.359932 0.229208 0.01 0.01
0 0.378719 0.132926 0.01 0.01
0 0.364629 0.102398 0.01 0.01
0 0.327055 0.041341 0.01 0.01
0 0.249560 0.083611 0.01 0.01
0 0.409247 0.142319 0.01 0.01
0 0.420989 0.102398 0.01 0.01
0 0.411595 0.125881 0.01 0.01
0 0.383415 0.090656 0.01 0.01
0 0.437427 0.278523 0.01 0.01
0 0.425685 0.266781 0.01 0.01
0 0.493787 0.252691 0.01 0.01
0 0.519619 0.240950 0.01 0.01
0 0.540754 0.210421 0.01 0.01
0 0.524316 0.201028 0.01 0.01
0 0.566586 0.198680 0.01 0.01
0 0.594766 0.240950 0.01 0.01
0 0.592417 0.149364 0.01 0.01
0 0.561889 0.128229 0.01 0.01
0 0.529012 0.168151 0.01 0.01
0 0.517271 0.139971 0.01 0.01
0 0.482045 0.149364 0.01 0.01
0 0.451517 0.107094 0.01 0.01
0 0.467955 0.102398 0.01 0.01
0 0.449169 0.062476 0.01 0.01
0 0.423337 0.083611 0.01 0.01
0 0.402202 0.048386 0.01 0.01
0 0.383415 0.036644 0.01 0.01
0 0.392809 0.017858 0.01 0.01
0 0.449169 0.029599 0.01 0.01
0 0.526664 0.046038 0.01 0.01
0 0.510226 0.064824 0.01 0.01
0 0.512574 0.090656 0.01 0.01
0 0.580676 0.085959 0.01 0.01
0 0.611204 0.118836 0.01 0.01
0 0.606507 0.135274 0.01 0.01
0 0.618249 0.132926 0.01 0.01
0 0.625294 0.144668 0.01 0.01
0 0.639384 0.165803 0.01 0.01
0 0.676957 0.175196 0.01 0.01
0 0.688699 0.193983 0.01 0.01
0 0.712182 0.184590 0.01 0.01
0 0.712182 0.165803 0.01 0.01
0 0.695744 0.142319 0.01 0.01
0 0.712182 0.123533 0.01 0.01
0 0.639384 0.109443 0.01 0.01
0 0.625294 0.078914 0.01 0.01
0 0.611204 0.067173 0.01 0.01
0 0.632339 0.048386 0.01 0.01
0 0.611204 0.046038 0.01 0.01
0 0.611204 0.034296 0.01 0.01
0 0.592417 0.027251 0.01 0.01
0 0.568934 0.031948 0.01 0.01
0 0.561889 0.057779 0.01 0.01
0 0.580676 0.008464 0.01 0.01
0 0.590069 0.010813 0.01 0.01
0 0.606507 0.013161 0.01 0.01
0 0.620597 0.008464 0.01 0.01
0 0.705137 0.100049 0.01 0.01
0 0.733318 0.125881 0.01 0.01
0 0.745059 0.149364 0.01 0.01
0 0.735666 0.151713 0.01 0.01
0 0.756801 0.184590 0.01 0.01
0 0.735666 0.198680 0.01 0.01
0 0.763846 0.175196 0.01 0.01
0 0.780284 0.175196 0.01 0.01
0 0.796723 0.156409 0.01 0.01
0 0.775588 0.125881 0.01 0.01
0 0.780284 0.093004 0.01 0.01
0 0.752104 0.090656 0.01 0.01
0 0.822554 0.158758 0.01 0.01
0 0.838993 0.182241 0.01 0.01
0 0.982241 0.283220 0.01 0.01
0 1.036253 0.233905 0.01 0.01
0 1.076175 0.229208 0.01 0.01
0 1.139580 0.240950 0.01 0.01
0 1.158366 0.233905 0.01 0.01
0 0.705137 0.036644 0.01 0.01
0 0.759149 0.041341 0.01 0.01
0 0.770891 0.041341 0.01 0.01
0 0.810813 0.069521 0.01 0.01
0 0.829599 0.090656 0.01 0.01
0 0.831948 0.149364 0.01 0.01
0 0.817858 0.048386 0.01 0.01
0 0.794374 0.020206 0.01 0.01
0 0.773239 0.020206 0.01 0.01
0 0.695744 0.017858 0.01 0.01
0 0.709834 0.034296 0.01 0.01
0 0.885959 0.069521 0.01 0.01
0 0.897701 0.057779 0.01 0.01
0 0.831948 0.034296 0.01 0.01
0 0.947016 0.024903 0.01 0.01
0 0.954061 0.003768 0.01 0.01
0 0.989286 0.020206 0.01 0.01
0 0.998680 0.027251 0.01 0.01
0 0.982241 0.078914 0.01 0.01
0 0.942319 0.085959 0.01 0.01
0 0.921184 0.102398 0.01 0.01
0 0.907094 0.116488 0.01 0.01
0 0.904746 0.093004 0.01 0.01
0 0.954061 0.064824 0.01 0.01
0 0.970500 0.067173 0.01 0.01
0 1.031556 0.083611 0.01 0.01
0 1.038601 0.067173 0.01 0.01
0 1.163063 0.046038 0.01 0.01
0 1.153670 0.060128 0.01 0.01
0 1.120793 0.053083 0.01 0.01
0 1.141928 0.057779 0.01 0.01
0 1.064433 0.067173 0.01 0.01
0 1.085568 0.067173 0.01 0.01
0 1.127838 0.100049 0.01 0.01
0 1.116096 0.107094 0.01 0.01
0 1.116096 0.090656 0.01 0.01
0 1.094961 0.102398 0.01 0.01
0 1.111400 0.116488 0.01 0.01
0 1.102006 0.125881 0.01 0.01
0 1.094961 0.132926 0.01 0.01
0 1.066781 0.142319 0.01 0.01
0 1.066781 0.156409 0.01 0.01
0 1.043298 0.144668 0.01 0.01
0 1.040950 0.128229 0.01 0.01
0 1.024511 0.132926 0.01 0.01
0 1.017466 0.142319 0.01 0.01
0 1.003376 0.123533 0.01 0.01
0 1.036253 0.102398 0.01 0.01
0 1.026860 0.109443 0.01 0.01
0 0.951713 0.149364 0.01 0.01
0 0.937623 0.125881 0.01 0.01
0 0.923533 0.139971 0.01 0.01
0 0.893004 0.142319 0.01 0.01
0 0.876566 0.128229 0.01 0.01
0 0.864824 0.156409 0.01 0.01
0 0.893004 0.165803 0.01 0.01
0 0.916488 0.182241 0.01 0.01
0 0.916488 0.156409 0.01 0.01
0 0.932926 0.189286 0.01 0.01
0 0.956409 0.208073 0.01 0.01
0 0.968151 0.191635 0.01 0.01
0 1.005725 0.210421 0.01 0.01
0 1.024511 0.184590 0.01 0.01
0 0.993983 0.175196 0.01 0.01
0 1.120793 0.168151 0.01 0.01
0 1.120793 0.144668 0.01 0.01
0 1.137231 0.142319 0.01 0.01
0 1.144276 0.109443 0.01 0.01
0 1.184198 0.132926 0.01 0.01
0 1.193591 0.118836 0.01 0.01
0 1.212378 0.085959 0.01 0.01
0 1.181850 0.090656 0.01 0.01
0 1.195940 0.069521 0.01 0.01
0 1.174805 0.083611 0.01 0.01
0 1.174805 0.067173 0.01 0.01
0 1.188895 0.050734 0.01 0.01
0 1.200636 0.024903 0.01 0.01
0 1.224120 0.029599 0.01 0.01
0 1.210030 0.046038 0.01 0.01
0 1.226468 0.053083 0.01 0.01
0 1.245255 0.057779 0.01 0.01
0 1.264042 0.069521 0.01 0.01
0 1.285177 0.064824 0.01 0.01
0 1.120793 0.184590 0.01 0.01
0 1.179501 0.175196 0.01 0.01
0 1.221772 0.156409 0.01 0.01
0 1.235862 0.142319 0.01 0.01
0 1.247603 0.177545 0.01 0.01
0 1.266390 0.175196 0.01 0.01
0 1.289873 0.149364 0.01 0.01
0 1.280480 0.123533 0.01 0.01
0 1.249952 0.116488 0.01 0.01
0 1.285177 0.083611 0.01 0.01
0 1.245255 0.085959 0.01 0.01
0 1.318053 0.102398 0.01 0.01
0 1.306312 0.116488 0.01 0.01
0 1.303963 0.090656 0.01 0.01
0 1.315705 0.076566 0.01 0.01
0 1.336840 0.076566 0.01 0.01
0 1.353278 0.083611 0.01 0.01
0 1.353278 0.069521 0.01 0.01
0 1.386155 0.076566 0.01 0.01
0 1.393200 0.085959 0.01 0.01
0 1.421380 0.085959 0.01 0.01
0 1.440167 0.083611 0.01 0.01
0 1.458954 0.083611 0.01 0.01
0 1.454257 0.095353 0.01 0.01
0 1.442515 0.100049 0.01 0.01
0 1.407290 0.118836 0.01 0.01
0 1.421380 0.125881 0.01 0.01
0 1.423728 0.109443 0.01 0.01
0 1.357975 0.125881 0.01 0.01
0 1.341537 0.123533 0.01 0.01
0 1.369717 0.132926 0.01 0.01
0 1.393200 0.132926 0.01 0.01
0 1.383807 0.151713 0.01 0.01
0 1.369717 0.182241 0.01 0.01
0 1.454257 0.142319 0.01 0.01
0 1.477740 0.111791 0.01 0.01
0 1.489482 0.102398 0.01 0.01
0 1.498875 0.093004 0.01 0.01
0 1.512965 0.090656 0.01 0.01
0 1.531752 0.090656 0.01 0.01
0 1.548190 0.125881 0.01 0.01
0 1.576370 0.128229 0.01 0.01
0 0.024120 0.135274 0.01 0.01
0 0.024120 0.102398 0.01 0.01
0 0.143885 0.085959 0.01 0.01
0 0.287134 0.015509 0.01 0.01
0 0.200245 0.031948 0.01 0.01
0 1.071478 0.125881 0.01 0.01
0 1.508269 0.132926 0.01 0.01
0 1.569325 0.100049 0.01 0.01
0 1.597505 0.109443 0.01 0.01
0 0.413432 1.067778 0.01 0.01
0 0.166878 0.086459 0.01 0.01
0 0.159686 0.112033 0.01 0.01
0 0.198047 0.099246 0.01 0.01
0 0.208437 0.115230 0.01 0.01
0 0.199646 0.075270 0.01 0.01
0 0.044601 0.076069 0.01 0.01
0 0.098946 0.042503 0.01 0.01
0 0.158087 0.013732 0.01 0.01
0 0.059786 0.123222 0.01 0.01
0 0.042203 0.125620 0.01 0.01
0 0.302743 0.044900 0.01 0.01
0 0.275570 0.036908 0.01 0.01
0 0.234811 0.043302 0.01 0.01
0 0.237208 0.068077 0.01 0.01
0 0.263582 0.013382 0.01 0.01
0 0.198047 0.012982 0.01 0.01
0 0.208437 0.014581 0.01 0.01
0 0.164081 0.058137 0.01 0.01
0 0.230015 0.054541 0.01 0.01
0 0.259186 0.034161 0.01 0.01
0 0.245999 0.040555 0.01 0.01
0 0.382663 0.154441 0.01 0.01
0 0.327917 0.217578 0.01 0.01
0 0.431014 0.174021 0.01 0.01
0 0.438607 0.140455 0.01 0.01
0 0.437808 0.126069 0.01 0.01
0 0.448597 0.084111 0.01 0.01
0 0.441404 0.073322 0.01 0.01
0 0.405040 0.085310 0.01 0.01
0 0.349895 0.038157 0.01 0.01
0 0.342303 0.021374 0.01 0.01
0 0.304741 0.024171 0.01 0.01
0 0.323522 0.027368 0.01 0.01
0 0.294351 0.036559 0.01 0.01
0 0.504940 0.125620 0.01 0.01
0 0.464980 0.005790 0.01 0.01
0 0.459386 0.021374 0.01 0.01
0 0.470575 0.025770 0.01 0.01
0 0.430215 0.010585 0.01 0.01
0 0.438607 0.014181 0.01 0.01
0 0.411034 0.005790 0.01 0.01
0 0.418627 0.016978 0.01 0.01
0 0.419026 0.039356 0.01 0.01
0 0.509736 0.004191 0.01 0.01
0 0.539706 0.006189 0.01 0.01
0 0.549296 0.005790 0.01 0.01
0 0.555690 0.017378 0.01 0.01
0 0.566079 0.016978 0.01 0.01
0 0.548097 0.021774 0.01 0.01
0 0.638407 0.018976 0.01 0.01
0 0.624821 0.030964 0.01 0.01
0 0.655190 0.016978 0.01 0.01
0 0.651194 0.008587 0.01 0.01
0 0.658787 0.005790 0.01 0.01
0 0.714331 0.010585 0.01 0.01
0 0.737108 0.025370 0.01 0.01
0 0.742703 0.015780 0.01 0.01
0 0.850195 0.092053 0.01 0.01
0 0.859786 0.106439 0.01 0.01
0 0.839006 0.117628 0.01 0.01
0 1.016029 0.015780 0.01 0.01
0 0.954491 0.034161 0.01 0.01
0 0.935710 0.038157 0.01 0.01
0 0.921724 0.037758 0.01 0.01
0 0.902143 0.012583 0.01 0.01
0 0.916529 0.005790 0.01 0.01
0 0.921324 0.066129 0.01 0.01
0 0.922523 0.058137 0.01 0.01
0 0.954091 0.046549 0.01 0.01
0 1.038007 0.032962 0.01 0.01
0 1.015630 0.060535 0.01 0.01
0 0.996049 0.060934 0.01 0.01
0 1.050795 0.023772 0.01 0.01
0 1.035210 0.020974 0.01 0.01
0 1.044401 0.005790 0.01 0.01
0 1.064381 0.018577 0.01 0.01
0 1.073971 0.008587 0.01 0.01
0 1.091953 0.042153 0.01 0.01
0 1.106739 0.022972 0.01 0.01
0 1.128317 0.030964 0.01 0.01
0 1.126319 0.043352 0.01 0.01
0 1.109136 0.051744 0.01 0.01
0 1.097148 0.076918 0.01 0.01
0 1.111134 0.078517 0.01 0.01
0 0.152085 0.419978 0.01 0.01
0 0.214961 0.366466 0.01 0.01
0 0.067804 0.255596 0.01 0.01
0 0.109944 0.248238 0.01 0.01
0 0.099576 0.167636 0.01 0.01
0 0.090881 0.124158 0.01 0.01
0 0.118305 0.110446 0.01 0.01
0 0.080178 0.075663 0.01 0.01
0 0.120981 0.075663 0.01 0.01
0 0.051081 0.062954 0.01 0.01
0 0.082519 0.038205 0.01 0.01
0 0.115630 0.009108 0.01 0.01
0 0.002252 0.056265 0.01 0.01
0 0.014961 0.028840 0.01 0.01
0 0.042720 0.024493 0.01 0.01
0 0.003924 0.145228 0.01 0.01
0 0.204593 0.176667 0.01 0.01
0 0.167971 0.037118 0.01 0.01
0 0.040713 0.094978 0.01 0.01
0 0.159777 0.039125 0.01 0.01
0 0.177503 0.062536 0.01 0.01
0 0.188539 0.011784 0.01 0.01
0 0.246733 0.112118 0.01 0.01
0 0.172486 0.127419 0.01 0.01
0 0.268138 0.034610 0.01 0.01
0 0.273489 0.056683 0.01 0.01
0 0.261616 0.047319 0.01 0.01
0 0.216466 0.040295 0.01 0.01
0 0.232018 0.016884 0.01 0.01
0 0.247904 0.010529 0.01 0.01
0 0.323322 0.107854 0.01 0.01
0 0.332185 0.106182 0.01 0.01
0 0.332519 0.089961 0.01 0.01
0 0.354426 0.094978 0.01 0.01
0 0.353924 0.130262 0.01 0.01
0 0.313623 0.128590 0.01 0.01
0 0.338038 0.146566 0.01 0.01
0 0.364794 0.146232 0.01 0.01
0 0.628673 0.249576 0.01 0.01
0 0.484024 0.126248 0.01 0.01
0 0.529844 0.074911 0.01 0.01
0 0.542553 0.078590 0.01 0.01
0 0.488038 0.023406 0.01 0.01
0 0.505262 0.017218 0.01 0.01
0 0.522319 0.009860 0.01 0.01
0 0.529175 0.017553 0.01 0.01
0 0.538874 0.019225 0.01 0.01
0 0.407603 0.055513 0.01 0.01
0 0.431349 0.052670 0.01 0.01
0 0.439543 0.045646 0.01 0.01
0 0.456600 0.052335 0.01 0.01
0 0.474325 0.052168 0.01 0.01
0 0.476332 0.037118 0.01 0.01
0 0.482854 0.062034 0.01 0.01
0 0.478172 0.081265 0.01 0.01
0 0.464961 0.088289 0.01 0.01
0 0.347904 0.021733 0.01 0.01
0 0.354426 0.026416 0.01 0.01
0 0.356934 0.006349 0.01 0.01
0 0.364794 0.013707 0.01 0.01
0 0.373155 0.024576 0.01 0.01
0 0.388874 0.019392 0.01 0.01
0 0.379008 0.007185 0.01 0.01
0 0.394894 0.001667 0.01 0.01
0 0.447068 0.004175 0.01 0.01
0 0.334192 0.002335 0.01 0.01
0 0.311616 0.089710 0.01 0.01
0 0.493556 0.100412 0.01 0.01
0 0.521315 0.108105 0.01 0.01
0 0.513790 0.042636 0.01 0.01
0 0.376499 0.089459 0.01 0.01
0 0.530345 0.035613 0.01 0.01
0 0.575161 0.047988 0.01 0.01
0 0.587703 0.065212 0.01 0.01
0 0.663121 0.106767 0.01 0.01
0 0.679844 0.102753 0.01 0.01
0 0.678506 0.073656 0.01 0.01
0 0.722319 0.059442 0.01 0.01
0 0.720814 0.037202 0.01 0.01
0 0.750412 0.055931 0.01 0.01
0 0.516968 0.118807 0.01 0.01
0 0.769978 0.058941 0.01 0.01
0 0.764626 0.127837 0.01 0.01
0 0.750747 0.070646 0.01 0.01
0 1.006265 0.238038 0.01 0.01
0 0.817469 0.013539 0.01 0.01
0 0.809442 0.009359 0.01 0.01
0 0.802586 0.011031 0.01 0.01
0 0.845897 0.028255 0.01 0.01
0 0.865964 0.033439 0.01 0.01
0 0.892720 0.024576 0.01 0.01
0 0.908774 0.031098 0.01 0.01
0 0.871650 0.070563 0.01 0.01
0 0.864794 0.062536 0.01 0.01
0 1.004091 0.041466 0.01 0.01
0 1.009944 0.035613 0.01 0.01
0 1.014794 0.031098 0.01 0.01
0 0.985362 0.058523 0.01 0.01
0 0.980345 0.035111 0.01 0.01
0 0.965295 0.024075 0.01 0.01
0 0.930345 0.026248 0.01 0.01
0 0.915797 0.076416 0.01 0.01
0 1.003590 0.077419 0.01 0.01
0 1.077837 0.139208 0.01 0.01
0 1.081349 0.122653 0.01 0.01
0 1.062954 0.114961 0.01 0.01
0 1.049075 0.086365 0.01 0.01
0 1.060279 0.096566 0.01 0.01
0 1.155095 0.033188 0.01 0.01
0 1.140713 0.020479 0.01 0.01
0 1.151750 0.013456 0.01 0.01
0 1.167469 0.025496 0.01 0.01
0 1.181182 0.019810 0.01 0.01
0 1.087871 0.030429 0.01 0.01
0 1.089877 0.021232 0.01 0.01
0 1.072988 0.029927 0.01 0.01
0 1.065797 0.042135 0.01 0.01
0 1.056265 0.042135 0.01 0.01
0 0.719978 0.257770 0.01 0.01
0 1.156098 0.561449 0.01 0.01
0 1.022319 0.509275 0.01 0.01
