0 0.152904 0.816135 0.01 0.01
0 0.346400 0.887423 0.01 0.01
0 0.267474 0.868328 0.01 0.01
0 0.225465 0.734663 0.01 0.01
0 0.170726 0.662103 0.01 0.01
0 0.100711 0.644281 0.01 0.01
0 0.094346 0.561536 0.01 0.01
0 0.014148 0.597180 0.01 0.01
0 0.048519 0.424052 0.01 0.01
0 0.122352 0.485156 0.01 0.01
0 0.090527 0.492794 0.01 0.01
0 0.243287 0.585723 0.01 0.01
0 0.252198 0.466061 0.01 0.01
0 0.121079 0.364222 0.01 0.01
0 0.076525 0.362949 0.01 0.01
0 0.025605 0.340035 0.01 0.01
0 0.094346 0.287842 0.01 0.01
0 0.095619 0.210189 0.01 0.01
0 0.047246 0.224192 0.01 0.01
0 0.007783 0.152904 0.01 0.01
0 0.040881 0.123625 0.01 0.01
0 0.077798 0.107076 0.01 0.01
0 0.056157 0.066341 0.01 0.01
0 0.104530 0.073979 0.01 0.01
0 0.123625 0.011602 0.01 0.01
0 0.140174 0.104530 0.01 0.01
0 0.168180 0.105803 0.01 0.01
0 0.217827 0.177091 0.01 0.01
0 0.152904 0.225465 0.01 0.01
0 0.196186 0.291661 0.01 0.01
0 0.222919 0.375679 0.01 0.01
0 0.266201 0.346400 0.01 0.01
0 0.338762 0.296753 0.01 0.01
0 0.348946 0.256017 0.01 0.01
0 0.230557 0.272566 0.01 0.01
0 0.258563 0.141447 0.01 0.01
0 0.244560 0.109622 0.01 0.01
0 0.217827 0.077798 0.01 0.01
0 0.222919 0.034516 0.01 0.01
0 0.197459 0.044700 0.01 0.01
0 0.296753 0.081616 0.01 0.01
0 0.392228 0.627732 0.01 0.01
0 0.374406 0.777945 0.01 0.01
0 0.434236 0.760123 0.01 0.01
0 0.445693 0.690109 0.01 0.01
0 0.471153 0.926886 0.01 0.01
0 0.552625 0.835230 0.01 0.01
0 0.650646 0.799586 0.01 0.01
0 0.744847 0.863236 0.01 0.01
0 0.724480 0.944708 0.01 0.01
0 0.869601 0.920521 0.01 0.01
0 0.846687 0.790675 0.01 0.01
0 0.819954 0.504251 0.01 0.01
0 0.906518 0.506797 0.01 0.01
0 0.891242 0.417687 0.01 0.01
0 0.693928 0.466061 0.01 0.01
0 0.597180 0.481337 0.01 0.01
0 0.548806 0.466061 0.01 0.01
0 0.355311 0.482610 0.01 0.01
0 0.336216 0.553898 0.01 0.01
0 0.398593 0.397320 0.01 0.01
0 0.378225 0.345127 0.01 0.01
0 0.455877 0.334943 0.01 0.01
0 0.401139 0.231830 0.01 0.01
0 0.365495 0.193640 0.01 0.01
0 0.336216 0.184729 0.01 0.01
0 0.444420 0.160542 0.01 0.01
0 0.402412 0.098165 0.01 0.01
0 0.313302 0.136355 0.01 0.01
0 0.369314 0.137628 0.01 0.01
0 0.348946 0.103257 0.01 0.01
0 0.354038 0.061249 0.01 0.01
0 0.388409 0.034516 0.01 0.01
0 0.354038 0.011602 0.01 0.01
0 0.453331 0.095619 0.01 0.01
0 0.514435 0.086708 0.01 0.01
0 0.474972 0.037062 0.01 0.01
0 0.553898 0.020513 0.01 0.01
0 0.561536 0.079071 0.01 0.01
0 0.544987 0.233103 0.01 0.01
0 0.530984 0.168180 0.01 0.01
0 0.495340 0.268747 0.01 0.01
0 0.515708 0.338762 0.01 0.01
0 0.497886 0.412595 0.01 0.01
0 0.589542 0.357857 0.01 0.01
0 0.630278 0.361676 0.01 0.01
0 0.617548 0.298026 0.01 0.01
0 0.625186 0.212735 0.01 0.01
0 0.654465 0.284023 0.01 0.01
0 0.702839 0.365495 0.01 0.01
0 0.797040 0.314575 0.01 0.01
0 0.935797 0.337489 0.01 0.01
0 0.846687 0.306937 0.01 0.01
0 0.700293 0.636643 0.01 0.01
0 0.533530 0.667195 0.01 0.01
0 0.572993 0.623913 0.01 0.01
0 0.711750 0.718115 0.01 0.01
0 0.892515 0.292934 0.01 0.01
0 0.840322 0.263655 0.01 0.01
0 0.884877 0.243287 0.01 0.01
0 0.938343 0.248379 0.01 0.01
0 0.945981 0.196186 0.01 0.01
0 0.844141 0.169453 0.01 0.01
0 0.720661 0.214008 0.01 0.01
0 0.673560 0.194913 0.01 0.01
0 0.669741 0.121079 0.01 0.01
0 0.710477 0.156723 0.01 0.01
0 0.674833 0.156723 0.01 0.01
0 0.585723 0.127444 0.01 0.01
0 0.597180 0.178364 0.01 0.01
0 0.609910 0.073979 0.01 0.01
0 0.589542 0.029424 0.01 0.01
0 0.704112 0.070160 0.01 0.01
0 0.749939 0.093073 0.01 0.01
0 0.743574 0.049792 0.01 0.01
0 0.713023 0.017967 0.01 0.01
0 0.811043 0.037062 0.01 0.01
0 0.865782 0.051065 0.01 0.01
0 0.853052 0.103257 0.01 0.01
0 0.905245 0.121079 0.01 0.01
0 0.804678 0.108349 0.01 0.01
0 0.836503 0.072706 0.01 0.01
0 0.948527 0.128717 0.01 0.01
0 0.953619 0.075252 0.01 0.01
0 0.435509 0.471153 0.01 0.01
0 0.482610 0.513162 0.01 0.01
0 0.236922 0.243287 0.01 0.01
0 0.289115 0.045973 0.01 0.01
0 0.553898 0.399866 0.01 0.01
0 0.795767 0.219100 0.01 0.01
0 0.837776 0.229284 0.01 0.01
0 0.893788 0.179637 0.01 0.01
0 0.128717 0.163088 0.01 0.01
0 0.310756 0.450785 0.01 0.01
0 0.219100 0.333670 0.01 0.01
0 0.566628 0.290388 0.01 0.01
0 0.713023 0.282750 0.01 0.01
0 0.035789 0.273839 0.01 0.01
0 0.794494 0.156723 0.01 0.01
0 0.613647 0.018533 0.01 0.01
0 0.831742 0.008389 0.01 0.01
