0 0.047733 1.152774 0.01 0.01
0 0.195220 1.177355 0.01 0.01
0 0.216019 1.139538 0.01 0.01
0 0.282199 1.058231 0.01 0.01
0 0.418341 1.094158 0.01 0.01
0 0.112022 0.965579 0.01 0.01
0 0.259509 0.925871 0.01 0.01
0 0.142276 0.886163 0.01 0.01
0 0.199001 0.859691 0.01 0.01
0 0.087441 0.833219 0.01 0.01
0 0.038278 0.710313 0.01 0.01
0 0.157403 0.687623 0.01 0.01
0 0.104458 0.623333 0.01 0.01
0 0.030715 0.644133 0.01 0.01
0 0.023151 0.525009 0.01 0.01
0 0.091222 0.562826 0.01 0.01
0 0.246273 0.500427 0.01 0.01
0 0.204674 0.644133 0.01 0.01
0 0.246273 0.683841 0.01 0.01
0 0.238710 0.740567 0.01 0.01
0 0.223583 0.784056 0.01 0.01
0 0.102568 0.417230 0.01 0.01
0 0.123367 0.364286 0.01 0.01
0 0.009915 0.373740 0.01 0.01
0 0.079877 0.303778 0.01 0.01
0 0.023151 0.305669 0.01 0.01
0 0.055296 0.258397 0.01 0.01
0 0.013697 0.207344 0.01 0.01
0 0.013697 0.141164 0.01 0.01
0 0.006134 0.105238 0.01 0.01
0 0.042060 0.065530 0.01 0.01
0 0.096895 0.042839 0.01 0.01
0 0.008025 0.035276 0.01 0.01
0 0.163075 0.040948 0.01 0.01
0 0.130931 0.078766 0.01 0.01
0 0.102568 0.095783 0.01 0.01
0 0.087441 0.165745 0.01 0.01
0 0.146057 0.135491 0.01 0.01
0 0.189547 0.092002 0.01 0.01
0 0.216019 0.099565 0.01 0.01
0 0.244382 0.144946 0.01 0.01
0 0.278418 0.073093 0.01 0.01
0 0.185765 0.197890 0.01 0.01
0 0.166857 0.160073 0.01 0.01
0 0.121476 0.192217 0.01 0.01
0 0.146057 0.226253 0.01 0.01
0 0.095004 0.233816 0.01 0.01
0 0.168748 0.275415 0.01 0.01
0 0.255727 0.351050 0.01 0.01
0 0.274636 0.313232 0.01 0.01
0 0.274636 0.271633 0.01 0.01
0 0.236819 0.171418 0.01 0.01
0 0.306781 0.186545 0.01 0.01
0 0.318126 0.265961 0.01 0.01
0 0.316235 0.326468 0.01 0.01
0 0.371070 0.347268 0.01 0.01
0 0.393760 0.260288 0.01 0.01
0 0.212238 0.400212 0.01 0.01
0 0.174420 0.358613 0.01 0.01
0 0.276527 0.447483 0.01 0.01
0 0.325689 0.421011 0.01 0.01
0 0.365397 0.403994 0.01 0.01
0 0.399433 0.390758 0.01 0.01
0 0.418341 0.439920 0.01 0.01
0 0.380524 0.466392 0.01 0.01
0 0.372961 0.566608 0.01 0.01
0 0.323798 0.621443 0.01 0.01
0 0.354052 0.763257 0.01 0.01
0 0.412669 0.617661 0.01 0.01
0 0.473176 0.700859 0.01 0.01
0 0.482630 0.823765 0.01 0.01
0 0.327580 0.920198 0.01 0.01
0 0.480740 1.054449 0.01 0.01
0 0.499648 1.162229 0.01 0.01
0 0.718988 1.194373 0.01 0.01
0 0.592300 1.029868 0.01 0.01
0 0.579064 1.190591 0.01 0.01
0 0.586628 0.946670 0.01 0.01
0 0.507212 0.912635 0.01 0.01
0 0.580955 0.859691 0.01 0.01
0 0.701970 0.886163 0.01 0.01
0 0.770041 0.978815 0.01 0.01
0 0.819204 0.935325 0.01 0.01
0 0.802186 1.097939 0.01 0.01
0 0.717097 0.753803 0.01 0.01
0 0.768150 0.829437 0.01 0.01
0 0.641463 0.736785 0.01 0.01
0 0.677389 0.617661 0.01 0.01
0 0.601755 0.674387 0.01 0.01
0 0.741678 0.638460 0.01 0.01
0 0.630118 0.543917 0.01 0.01
0 0.524229 0.517445 0.01 0.01
0 0.442922 0.504209 0.01 0.01
0 0.541247 0.430466 0.01 0.01
0 0.526120 0.386976 0.01 0.01
0 0.450486 0.385085 0.01 0.01
0 0.507212 0.317014 0.01 0.01
0 0.463722 0.294324 0.01 0.01
0 0.422123 0.224362 0.01 0.01
0 0.454268 0.201672 0.01 0.01
0 0.433468 0.118474 0.01 0.01
0 0.418341 0.073093 0.01 0.01
0 0.384306 0.067421 0.01 0.01
0 0.331362 0.056075 0.01 0.01
0 0.352161 0.131710 0.01 0.01
0 0.501539 0.105238 0.01 0.01
0 0.463722 0.073093 0.01 0.01
0 0.533684 0.052294 0.01 0.01
0 0.575283 0.080657 0.01 0.01
0 0.605536 0.046621 0.01 0.01
0 0.632008 0.065530 0.01 0.01
0 0.626336 0.118474 0.01 0.01
0 0.577173 0.139273 0.01 0.01
0 0.554483 0.211126 0.01 0.01
0 0.554483 0.273524 0.01 0.01
0 0.497757 0.260288 0.01 0.01
0 0.611209 0.326468 0.01 0.01
0 0.643354 0.390758 0.01 0.01
0 0.624445 0.356722 0.01 0.01
0 0.677389 0.262179 0.01 0.01
0 0.694407 0.381303 0.01 0.01
0 0.701970 0.492864 0.01 0.01
0 0.758696 0.434247 0.01 0.01
0 0.815422 0.432357 0.01 0.01
0 0.866475 0.511773 0.01 0.01
0 0.809749 0.559044 0.01 0.01
0 0.730333 0.564717 0.01 0.01
0 0.819204 0.680059 0.01 0.01
0 0.904292 0.621443 0.01 0.01
0 0.921310 0.717876 0.01 0.01
0 0.862693 0.736785 0.01 0.01
0 0.874039 0.833219 0.01 0.01
0 0.962909 0.785947 0.01 0.01
0 1.032871 0.863473 0.01 0.01
0 0.930764 0.908853 0.01 0.01
0 1.000726 0.942889 0.01 0.01
0 1.095269 0.908853 0.01 0.01
0 0.957236 1.048777 0.01 0.01
0 0.923201 1.120630 0.01 0.01
0 0.940219 1.183028 0.01 0.01
0 1.106614 1.120630 0.01 0.01
0 1.269228 1.035541 0.01 0.01
0 1.271119 0.880490 0.01 0.01
0 1.401588 1.020414 0.01 0.01
0 1.456423 1.086594 0.01 0.01
0 1.550966 1.135756 0.01 0.01
0 1.515040 1.201937 0.01 0.01
0 1.411043 1.190591 0.01 0.01
0 1.539621 1.005287 0.01 0.01
0 1.550966 0.886163 0.01 0.01
0 1.494241 0.905072 0.01 0.01
0 1.443187 0.808638 0.01 0.01
0 1.339190 0.802965 0.01 0.01
0 1.380789 0.687623 0.01 0.01
0 1.299482 0.697077 0.01 0.01
0 1.208721 0.742458 0.01 0.01
0 1.080142 0.740567 0.01 0.01
0 1.002617 0.689513 0.01 0.01
0 1.110396 0.676277 0.01 0.01
0 1.116069 0.608206 0.01 0.01
0 1.176576 0.577953 0.01 0.01
0 1.265447 0.623333 0.01 0.01
0 1.197376 0.683841 0.01 0.01
0 1.333518 0.630897 0.01 0.01
0 1.412934 0.551481 0.01 0.01
0 1.469659 0.572280 0.01 0.01
0 1.560421 0.538245 0.01 0.01
0 1.516931 0.661151 0.01 0.01
0 1.594456 0.585516 0.01 0.01
0 1.583111 0.789729 0.01 0.01
0 1.530167 0.413448 0.01 0.01
0 1.416715 0.443702 0.01 0.01
0 1.299482 0.332141 0.01 0.01
0 1.193594 0.530681 0.01 0.01
0 1.123632 0.513663 0.01 0.01
0 1.044216 0.557153 0.01 0.01
0 1.012071 0.585516 0.01 0.01
0 0.936437 0.523118 0.01 0.01
0 0.951564 0.460719 0.01 0.01
0 1.027198 0.460719 0.01 0.01
0 1.089597 0.347268 0.01 0.01
0 1.210612 0.294324 0.01 0.01
0 1.242756 0.262179 0.01 0.01
0 1.286246 0.237598 0.01 0.01
0 1.320282 0.218689 0.01 0.01
0 1.367553 0.271633 0.01 0.01
0 1.342972 0.311341 0.01 0.01
0 1.377007 0.377522 0.01 0.01
0 1.469659 0.326468 0.01 0.01
0 1.533949 0.288651 0.01 0.01
0 1.594456 0.311341 0.01 0.01
0 1.532058 0.345377 0.01 0.01
0 1.533949 0.184654 0.01 0.01
0 1.586893 0.065530 0.01 0.01
0 1.481005 0.029603 0.01 0.01
0 1.412934 0.061748 0.01 0.01
0 1.371335 0.078766 0.01 0.01
0 1.352426 0.033385 0.01 0.01
0 1.307045 0.054184 0.01 0.01
0 1.320282 0.131710 0.01 0.01
0 1.252211 0.188436 0.01 0.01
0 0.959127 0.356722 0.01 0.01
0 0.868366 0.403994 0.01 0.01
0 0.794622 0.354831 0.01 0.01
0 0.749242 0.281088 0.01 0.01
0 0.718988 0.233816 0.01 0.01
0 0.777605 0.197890 0.01 0.01
0 0.840003 0.184654 0.01 0.01
0 0.832440 0.271633 0.01 0.01
0 0.847566 0.318905 0.01 0.01
0 0.904292 0.311341 0.01 0.01
0 0.915637 0.260288 0.01 0.01
0 1.006399 0.220580 0.01 0.01
0 1.068797 0.205453 0.01 0.01
0 1.136868 0.180872 0.01 0.01
0 1.161449 0.099565 0.01 0.01
0 1.133086 0.093893 0.01 0.01
0 1.201157 0.040948 0.01 0.01
0 1.082033 0.065530 0.01 0.01
0 0.996944 0.069311 0.01 0.01
0 0.981818 0.126037 0.01 0.01
0 1.040434 0.146837 0.01 0.01
0 0.932655 0.133601 0.01 0.01
0 0.847566 0.118474 0.01 0.01
0 0.887275 0.092002 0.01 0.01
0 0.768150 0.112801 0.01 0.01
0 0.728442 0.152509 0.01 0.01
0 0.671717 0.152509 0.01 0.01
0 0.645244 0.248943 0.01 0.01
0 0.613100 0.211126 0.01 0.01
0 0.666044 0.033385 0.01 0.01
0 0.819204 0.040948 0.01 0.01
0 0.779496 0.033385 0.01 0.01
0 0.881602 0.046621 0.01 0.01
0 0.913747 0.052294 0.01 0.01
0 0.949673 0.065530 0.01 0.01
0 0.947782 0.039058 0.01 0.01
0 1.004508 0.035276 0.01 0.01
0 1.116069 0.275415 0.01 0.01
0 1.013962 0.317014 0.01 0.01
0 0.011806 0.449374 0.01 0.01
0 0.541247 0.687623 0.01 0.01
0 0.573392 0.746239 0.01 0.01
0 0.507212 0.700859 0.01 0.01
0 0.446621 0.026294 0.01 0.01
0 0.350187 0.197417 0.01 0.01
0 0.723632 0.023458 0.01 0.01
0 0.889805 0.011418 0.01 0.01
0 0.378317 0.006623 0.01 0.01
0 0.260035 0.011418 0.01 0.01
0 1.041654 0.019410 0.01 0.01
0 1.338956 0.853775 0.01 0.01
