0 1.016830 0.697806 0.01 0.01
0 1.024635 0.783660 0.01 0.01
0 0.911465 0.481221 0.01 0.01
0 1.176830 0.432440 0.01 0.01
0 1.241221 0.424635 0.01 0.01
0 1.256830 0.375855 0.01 0.01
0 1.354391 0.332928 0.01 0.01
0 1.461709 0.463660 0.01 0.01
0 1.373904 0.565123 0.01 0.01
0 1.528050 0.588538 0.01 0.01
0 1.182684 0.305611 0.01 0.01
0 1.153416 0.247074 0.01 0.01
0 1.055855 0.247074 0.01 0.01
0 0.970001 0.270489 0.01 0.01
0 0.628538 0.420733 0.01 0.01
0 0.480245 0.403172 0.01 0.01
0 0.495855 0.368050 0.01 0.01
0 0.527074 0.315367 0.01 0.01
0 0.568050 0.297806 0.01 0.01
0 0.363172 0.371952 0.01 0.01
0 0.400245 0.319269 0.01 0.01
0 0.402196 0.231465 0.01 0.01
0 0.287074 0.297806 0.01 0.01
0 0.289026 0.346587 0.01 0.01
0 0.205123 0.288050 0.01 0.01
0 0.158294 0.280245 0.01 0.01
0 0.017806 0.301709 0.01 0.01
0 0.090001 0.438294 0.01 0.01
0 0.193416 0.163172 0.01 0.01
0 0.203172 0.139757 0.01 0.01
0 0.226587 0.151465 0.01 0.01
0 0.156343 0.145611 0.01 0.01
0 0.517318 0.086587 0.01 0.01
0 0.568050 0.170489 0.01 0.01
0 0.522196 0.223172 0.01 0.01
0 0.547562 0.249513 0.01 0.01
0 0.637318 0.161709 0.01 0.01
0 0.656830 0.132440 0.01 0.01
0 0.722196 0.098294 0.01 0.01
0 0.716343 0.123660 0.01 0.01
0 0.662684 0.168538 0.01 0.01
0 0.668538 0.152928 0.01 0.01
0 0.714391 0.212440 0.01 0.01
0 0.754391 0.155855 0.01 0.01
0 0.776830 0.175367 0.01 0.01
0 0.844148 0.236830 0.01 0.01
0 0.864635 0.224148 0.01 0.01
0 0.912440 0.236830 0.01 0.01
0 0.924148 0.210489 0.01 0.01
0 0.864635 0.145123 0.01 0.01
0 0.817806 0.055367 0.01 0.01
0 0.904635 0.152928 0.01 0.01
0 0.942684 0.157806 0.01 0.01
0 0.960245 0.110977 0.01 0.01
0 0.921221 0.114879 0.01 0.01
0 0.931952 0.086587 0.01 0.01
0 0.913416 0.082684 0.01 0.01
0 0.958294 0.064148 0.01 0.01
0 0.984635 0.033904 0.01 0.01
0 0.998294 0.103172 0.01 0.01
0 1.013904 0.073904 0.01 0.01
0 1.026587 0.064148 0.01 0.01
0 1.045123 0.031952 0.01 0.01
0 1.063660 0.003660 0.01 0.01
0 1.055855 0.057318 0.01 0.01
0 1.092928 0.027074 0.01 0.01
0 1.126099 0.018294 0.01 0.01
0 1.119269 0.003660 0.01 0.01
0 1.303660 0.002684 0.01 0.01
0 1.130977 0.069026 0.01 0.01
0 1.090977 0.096343 0.01 0.01
0 1.083172 0.098294 0.01 0.01
0 1.074391 0.171465 0.01 0.01
0 1.103660 0.168538 0.01 0.01
0 1.153416 0.132440 0.01 0.01
0 1.315367 0.094391 0.01 0.01
0 1.350489 0.107074 0.01 0.01
0 1.354391 0.138294 0.01 0.01
0 1.433416 0.126587 0.01 0.01
0 1.439269 0.022196 0.01 0.01
0 1.453904 0.027074 0.01 0.01
0 1.391465 0.011465 0.01 0.01
0 1.365123 0.013416 0.01 0.01
0 1.334879 0.013416 0.01 0.01
0 1.335855 0.003660 0.01 0.01
0 1.484148 0.022196 0.01 0.01
0 1.505611 0.022196 0.01 0.01
0 1.533904 0.030977 0.01 0.01
0 1.522196 0.000733 0.01 0.01
0 1.113289 0.542720 0.01 0.01
