0 0.408197 0.990265 0.01 0.01
0 0.476063 0.992099 0.01 0.01
0 0.424705 1.056296 0.01 0.01
0 0.270632 1.052628 0.01 0.01
0 0.294477 0.949913 0.01 0.01
0 0.158746 0.977426 0.01 0.01
0 0.197265 1.030618 0.01 0.01
0 0.144073 1.072804 0.01 0.01
0 0.043192 1.019612 0.01 0.01
0 0.061534 0.940742 0.01 0.01
0 0.576943 1.021447 0.01 0.01
0 0.655814 0.982928 0.01 0.01
0 0.677824 1.072804 0.01 0.01
0 0.718177 0.982928 0.01 0.01
0 0.758529 1.085643 0.01 0.01
0 0.822726 1.081975 0.01 0.01
0 0.881420 1.142504 0.01 0.01
0 0.925441 1.017778 0.01 0.01
0 0.998809 1.001270 0.01 0.01
0 1.066674 1.014110 0.01 0.01
0 1.044664 1.047125 0.01 0.01
0 1.028156 1.078307 0.01 0.01
0 1.220747 0.999436 0.01 0.01
0 0.103720 0.711467 0.01 0.01
0 0.131233 0.676617 0.01 0.01
0 0.175254 0.632597 0.01 0.01
0 0.219275 0.667446 0.01 0.01
0 0.263296 0.687623 0.01 0.01
0 0.334829 0.654607 0.01 0.01
0 0.320156 0.775664 0.01 0.01
0 0.292643 0.845364 0.01 0.01
0 0.239451 0.880213 0.01 0.01
0 0.182591 0.905892 0.01 0.01
0 0.147741 0.872877 0.01 0.01
0 0.070705 0.817851 0.01 0.01
0 0.090881 0.781167 0.01 0.01
0 0.123897 0.757322 0.01 0.01
0 0.026684 0.674783 0.01 0.01
0 0.063368 0.590410 0.01 0.01
0 0.105555 0.616089 0.01 0.01
0 0.164249 0.581239 0.01 0.01
0 0.199099 0.606918 0.01 0.01
0 0.285306 0.634431 0.01 0.01
0 0.325658 0.608752 0.01 0.01
0 0.259627 0.628928 0.01 0.01
0 0.211938 0.641768 0.01 0.01
0 0.200933 0.768327 0.01 0.01
0 0.162415 0.825187 0.01 0.01
0 0.054197 0.893053 0.01 0.01
0 0.061534 0.856369 0.01 0.01
0 0.377016 0.783001 0.01 0.01
0 0.415534 0.757322 0.01 0.01
0 0.454052 0.808680 0.01 0.01
0 0.388021 0.839861 0.01 0.01
0 0.503576 0.883882 0.01 0.01
0 0.454052 0.924234 0.01 0.01
0 0.123897 0.326286 0.01 0.01
0 0.156912 0.313446 0.01 0.01
0 0.199099 0.306109 0.01 0.01
0 0.182591 0.344628 0.01 0.01
0 0.221109 0.340959 0.01 0.01
0 0.382519 0.551892 0.01 0.01
0 0.353171 0.539053 0.01 0.01
0 0.294477 0.506037 0.01 0.01
0 0.259627 0.513374 0.01 0.01
0 0.274301 0.542721 0.01 0.01
0 0.241285 0.555560 0.01 0.01
0 0.217441 0.542721 0.01 0.01
0 0.430208 0.482192 0.01 0.01
0 0.459555 0.506037 0.01 0.01
0 0.503576 0.555560 0.01 0.01
0 0.531089 0.555560 0.01 0.01
0 0.604456 0.535384 0.01 0.01
0 0.406363 0.608752 0.01 0.01
0 0.457721 0.619757 0.01 0.01
0 0.466892 0.584907 0.01 0.01
0 0.446715 0.555560 0.01 0.01
0 0.540260 0.625260 0.01 0.01
0 0.578778 0.623426 0.01 0.01
0 0.622798 0.621591 0.01 0.01
0 0.635638 0.687623 0.01 0.01
0 0.674156 0.667446 0.01 0.01
0 0.635638 0.740814 0.01 0.01
0 0.652146 0.779332 0.01 0.01
0 0.565938 0.790338 0.01 0.01
0 0.584280 0.825187 0.01 0.01
0 0.628301 0.843529 0.01 0.01
0 0.664985 0.889384 0.01 0.01
0 0.663151 0.922400 0.01 0.01
0 0.586114 0.889384 0.01 0.01
0 0.536591 0.935239 0.01 0.01
0 0.131233 0.399654 0.01 0.01
0 0.076208 0.383146 0.01 0.01
0 0.056031 0.410659 0.01 0.01
0 0.076208 0.454679 0.01 0.01
0 0.111057 0.447343 0.01 0.01
0 0.145907 0.462016 0.01 0.01
0 0.219275 0.436337 0.01 0.01
0 0.250456 0.429001 0.01 0.01
0 0.287140 0.441840 0.01 0.01
0 0.316487 0.463850 0.01 0.01
0 0.257793 0.480358 0.01 0.01
0 0.222943 0.507871 0.01 0.01
0 0.199099 0.480358 0.01 0.01
0 0.160581 0.498700 0.01 0.01
0 0.122062 0.493198 0.01 0.01
0 0.078042 0.495032 0.01 0.01
0 0.074373 0.542721 0.01 0.01
0 0.107389 0.531716 0.01 0.01
0 0.120228 0.564731 0.01 0.01
0 0.140404 0.557395 0.01 0.01
0 0.287140 0.718804 0.01 0.01
0 0.531089 0.685788 0.01 0.01
0 0.562270 0.683954 0.01 0.01
0 0.754861 0.713301 0.01 0.01
0 0.822726 0.713301 0.01 0.01
0 0.826394 0.647270 0.01 0.01
0 0.789710 0.636265 0.01 0.01
0 0.749358 0.628928 0.01 0.01
0 0.764032 0.590410 0.01 0.01
0 0.705337 0.548224 0.01 0.01
0 0.773203 0.533550 0.01 0.01
0 0.778705 0.485861 0.01 0.01
0 0.989638 0.801343 0.01 0.01
0 1.013482 0.863706 0.01 0.01
0 0.936446 0.955415 0.01 0.01
0 0.971296 0.905892 0.01 0.01
0 0.833731 0.938908 0.01 0.01
0 0.855741 0.854535 0.01 0.01
0 0.793379 0.909560 0.01 0.01
0 0.762197 0.876545 0.01 0.01
0 1.127203 1.122327 0.01 0.01
0 0.019347 0.100679 0.01 0.01
0 0.039524 0.353799 0.01 0.01
0 0.037689 0.307944 0.01 0.01
0 0.065202 0.287767 0.01 0.01
0 0.107389 0.289602 0.01 0.01
0 0.090881 0.267591 0.01 0.01
0 0.052363 0.241913 0.01 0.01
0 0.023016 0.251084 0.01 0.01
0 0.078042 0.208897 0.01 0.01
0 0.041358 0.207063 0.01 0.01
0 0.065202 0.183218 0.01 0.01
0 0.164249 0.177716 0.01 0.01
0 0.226612 0.194223 0.01 0.01
0 0.268798 0.181384 0.01 0.01
0 0.281638 0.177716 0.01 0.01
0 0.299980 0.216234 0.01 0.01
0 0.272467 0.216234 0.01 0.01
0 0.261461 0.236410 0.01 0.01
0 0.318322 0.221736 0.01 0.01
0 0.373348 0.212565 0.01 0.01
0 0.355006 0.238244 0.01 0.01
0 0.355006 0.267591 0.01 0.01
0 0.332995 0.280431 0.01 0.01
0 0.321990 0.309778 0.01 0.01
0 0.296311 0.269426 0.01 0.01
0 0.261461 0.276762 0.01 0.01
0 0.254125 0.309778 0.01 0.01
0 0.186259 0.271260 0.01 0.01
0 0.012011 0.331788 0.01 0.01
0 1.382156 0.216234 0.01 0.01
0 1.360146 0.238244 0.01 0.01
0 1.317959 0.238244 0.01 0.01
0 1.286778 0.267591 0.01 0.01
0 1.290446 0.302441 0.01 0.01
0 1.323462 0.309778 0.01 0.01
0 1.292281 0.337291 0.01 0.01
0 1.266602 0.339125 0.01 0.01
0 1.262933 0.395985 0.01 0.01
0 1.295949 0.447343 0.01 0.01
0 1.334467 0.412493 0.01 0.01
0 1.439016 0.416161 0.01 0.01
0 1.455524 0.449177 0.01 0.01
0 1.411503 0.436337 0.01 0.01
0 1.415172 0.467519 0.01 0.01
0 1.338135 0.507871 0.01 0.01
0 1.394996 0.511540 0.01 0.01
0 1.428011 1.028783 0.01 0.01
0 1.481203 1.078307 0.01 0.01
0 1.561908 1.037954 0.01 0.01
0 1.387659 1.109488 0.01 0.01
0 1.217078 1.098483 0.01 0.01
0 1.121700 0.915063 0.01 0.01
0 1.173058 0.847198 0.01 0.01
0 1.206073 0.799509 0.01 0.01
0 1.242757 0.838027 0.01 0.01
0 1.286778 0.816016 0.01 0.01
0 1.248260 0.773830 0.01 0.01
0 1.294115 0.757322 0.01 0.01
0 1.279441 0.683954 0.01 0.01
0 1.200571 0.674783 0.01 0.01
0 1.240923 0.650939 0.01 0.01
0 1.119866 0.680286 0.01 0.01
0 1.057503 0.713301 0.01 0.01
0 0.923607 0.713301 0.01 0.01
0 0.901596 0.667446 0.01 0.01
0 0.883254 0.606918 0.01 0.01
0 0.868581 0.581239 0.01 0.01
0 0.872249 0.502369 0.01 0.01
0 0.907099 0.500534 0.01 0.01
0 0.635638 0.568400 0.01 0.01
0 0.626467 0.449177 0.01 0.01
0 0.685161 0.443674 0.01 0.01
0 0.589783 0.467519 0.01 0.01
0 0.580612 0.430835 0.01 0.01
0 0.567772 0.395985 0.01 0.01
0 0.543928 0.383146 0.01 0.01
0 0.523752 0.436337 0.01 0.01
0 0.488902 0.412493 0.01 0.01
0 0.503576 0.462016 0.01 0.01
0 0.529254 0.518876 0.01 0.01
0 0.562270 0.493198 0.01 0.01
0 0.547596 0.467519 0.01 0.01
0 0.428373 0.372141 0.01 0.01
0 0.452218 0.362970 0.01 0.01
0 0.479731 0.337291 0.01 0.01
0 0.490736 0.318949 0.01 0.01
0 0.439379 0.340959 0.01 0.01
0 0.466892 0.315280 0.01 0.01
0 0.369679 0.364804 0.01 0.01
0 0.378850 0.315280 0.01 0.01
0 0.415534 0.293270 0.01 0.01
0 0.329327 0.384980 0.01 0.01
0 0.299980 0.353799 0.01 0.01
0 0.277969 0.357467 0.01 0.01
0 0.254125 0.346462 0.01 0.01
0 0.226612 0.397819 0.01 0.01
0 0.191762 0.408825 0.01 0.01
0 0.171586 0.383146 0.01 0.01
0 0.199099 0.370306 0.01 0.01
0 0.089047 0.339125 0.01 0.01
0 0.010176 0.438172 0.01 0.01
0 0.021182 0.408825 0.01 0.01
0 0.721845 0.324451 0.01 0.01
0 0.754861 0.300607 0.01 0.01
0 0.784208 0.271260 0.01 0.01
0 0.787876 0.243747 0.01 0.01
0 0.773203 0.199726 0.01 0.01
0 0.789710 0.197892 0.01 0.01
0 0.831897 0.174047 0.01 0.01
0 0.745690 0.157539 0.01 0.01
0 0.681493 0.157539 0.01 0.01
0 0.696166 0.108016 0.01 0.01
0 0.543928 0.161208 0.01 0.01
0 0.609959 0.152037 0.01 0.01
0 1.147379 0.318949 0.01 0.01
0 1.116198 0.351964 0.01 0.01
0 1.101524 0.366638 0.01 0.01
0 1.171223 0.370306 0.01 0.01
0 1.107027 0.423498 0.01 0.01
0 1.055669 0.416161 0.01 0.01
0 0.985970 0.423498 0.01 0.01
0 0.971296 0.383146 0.01 0.01
0 0.927275 0.423498 0.01 0.01
0 1.004311 0.495032 0.01 0.01
0 0.984135 0.467519 0.01 0.01
0 0.951120 0.460182 0.01 0.01
0 1.050166 0.476690 0.01 0.01
0 1.108861 0.485861 0.01 0.01
0 1.118032 0.520711 0.01 0.01
0 1.085016 0.539053 0.01 0.01
0 1.222581 0.542721 0.01 0.01
0 1.266602 0.518876 0.01 0.01
0 1.350975 0.454679 0.01 0.01
0 1.393161 0.390483 0.01 0.01
0 1.483037 0.350130 0.01 0.01
0 1.508716 0.340959 0.01 0.01
0 1.516053 0.307944 0.01 0.01
0 1.539897 0.296938 0.01 0.01
0 1.582084 0.282265 0.01 0.01
0 1.567410 0.333622 0.01 0.01
0 1.534395 0.370306 0.01 0.01
0 1.525224 0.405156 0.01 0.01
0 1.571079 0.425332 0.01 0.01
0 1.560073 0.388648 0.01 0.01
0 0.976799 0.641768 0.01 0.01
0 1.083182 0.632597 0.01 0.01
0 1.048332 0.603249 0.01 0.01
0 1.048332 0.564731 0.01 0.01
0 1.006146 0.577571 0.01 0.01
0 0.947451 0.577571 0.01 0.01
0 0.787876 0.700462 0.01 0.01
0 1.006146 0.748151 0.01 0.01
0 1.039161 0.760990 0.01 0.01
0 1.116198 0.779332 0.01 0.01
0 1.162052 0.764659 0.01 0.01
0 1.162052 0.799509 0.01 0.01
0 1.317959 0.805011 0.01 0.01
0 1.382156 0.762825 0.01 0.01
0 1.349141 0.709633 0.01 0.01
0 1.319793 0.744483 0.01 0.01
0 1.561908 0.962752 0.01 0.01
0 1.506882 0.915063 0.01 0.01
0 1.532560 0.803177 0.01 0.01
0 1.571079 0.816016 0.01 0.01
0 1.506882 0.762825 0.01 0.01
0 1.451856 0.773830 0.01 0.01
0 1.444519 0.816016 0.01 0.01
0 1.361980 0.850866 0.01 0.01
0 1.292281 0.902224 0.01 0.01
0 1.317959 0.937073 0.01 0.01
0 1.229918 0.893053 0.01 0.01
0 0.439379 1.153509 0.01 0.01
0 0.716342 1.146172 0.01 0.01
0 1.255597 1.142504 0.01 0.01
0 1.561908 1.125996 0.01 0.01
0 0.128803 0.075627 0.01 0.01
0 0.111364 0.088310 0.01 0.01
0 0.099473 0.103371 0.01 0.01
0 0.044776 0.131116 0.01 0.01
0 0.017031 0.132702 0.01 0.01
0 0.144657 0.135872 0.01 0.01
0 0.204110 0.136665 0.01 0.01
0 0.267527 0.110506 0.01 0.01
0 0.284967 0.096237 0.01 0.01
0 0.332529 0.077212 0.01 0.01
0 0.327773 0.021722 0.01 0.01
0 0.369787 0.018552 0.01 0.01
0 0.392775 0.024893 0.01 0.01
0 0.422898 0.043918 0.01 0.01
0 0.442716 0.018552 0.01 0.01
0 0.388019 0.140629 0.01 0.01
0 0.334115 0.157276 0.01 0.01
0 0.335700 0.130323 0.01 0.01
0 0.284967 0.150934 0.01 0.01
0 0.234233 0.146970 0.01 0.01
0 0.153377 0.233376 0.01 0.01
0 0.190634 0.216729 0.01 0.01
0 0.292101 0.237339 0.01 0.01
0 0.205696 0.061358 0.01 0.01
0 0.217587 0.031235 0.01 0.01
0 0.259600 0.043918 0.01 0.01
0 0.274662 0.021722 0.01 0.01
0 0.295272 0.052638 0.01 0.01
0 0.321431 0.049467 0.01 0.01
0 0.108193 0.029649 0.01 0.01
0 0.134352 0.019344 0.01 0.01
0 0.076484 0.035991 0.01 0.01
0 0.078862 0.010624 0.01 0.01
0 0.108985 0.010624 0.01 0.01
0 0.024166 0.020137 0.01 0.01
0 0.010690 0.011417 0.01 0.01
0 0.052703 0.013795 0.01 0.01
0 0.609185 0.052638 0.01 0.01
0 0.577476 0.035991 0.01 0.01
0 0.637722 0.028064 0.01 0.01
0 0.662296 0.024100 0.01 0.01
0 0.677358 0.027271 0.01 0.01
0 0.682114 0.057394 0.01 0.01
0 0.650405 0.066114 0.01 0.01
0 0.633759 0.078005 0.01 0.01
0 0.667052 0.097822 0.01 0.01
0 0.607599 0.100993 0.01 0.01
0 0.586196 0.081175 0.01 0.01
0 0.570342 0.095444 0.01 0.01
0 0.552902 0.074834 0.01 0.01
0 0.564000 0.013003 0.01 0.01
0 0.526743 0.009039 0.01 0.01
0 0.479180 0.031235 0.01 0.01
0 0.529914 0.078797 0.01 0.01
0 0.526743 0.101786 0.01 0.01
0 0.565586 0.121604 0.01 0.01
0 0.590160 0.129531 0.01 0.01
0 0.626624 0.127153 0.01 0.01
0 0.662296 0.135080 0.01 0.01
0 0.602050 0.217521 0.01 0.01
0 0.629795 0.196911 0.01 0.01
0 0.634551 0.171544 0.01 0.01
0 0.498998 0.200082 0.01 0.01
0 0.506925 0.185813 0.01 0.01
0 0.466497 0.186606 0.01 0.01
0 0.430825 0.150141 0.01 0.01
0 0.411800 0.142214 0.01 0.01
0 0.426862 0.093859 0.01 0.01
0 0.446679 0.069285 0.01 0.01
0 0.394361 0.082761 0.01 0.01
0 0.375336 0.108920 0.01 0.01
0 0.371372 0.127945 0.01 0.01
0 0.367408 0.066907 0.01 0.01
0 0.410215 0.264291 0.01 0.01
0 0.396739 0.262706 0.01 0.01
0 0.615526 0.309476 0.01 0.01
0 0.647235 0.299963 0.01 0.01
0 0.678150 0.283316 0.01 0.01
0 0.536255 0.273804 0.01 0.01
0 0.553695 0.262706 0.01 0.01
0 0.513267 0.273804 0.01 0.01
0 0.494242 0.262706 0.01 0.01
0 0.572720 0.343562 0.01 0.01
0 0.611563 0.342769 0.01 0.01
0 0.631380 0.342769 0.01 0.01
0 0.663089 0.219107 0.01 0.01
0 0.423691 0.229412 0.01 0.01
0 0.105022 0.192155 0.01 0.01
0 0.097095 0.157276 0.01 0.01
0 0.075692 0.138251 0.01 0.01
0 0.076484 0.066907 0.01 0.01
0 0.105022 0.066114 0.01 0.01
0 0.044776 0.074041 0.01 0.01
0 0.358689 0.303134 0.01 0.01
0 0.274662 0.418869 0.01 0.01
0 0.296065 0.497348 0.01 0.01
0 0.583025 0.270633 0.01 0.01
0 0.661503 0.373685 0.01 0.01
0 0.621075 0.387954 0.01 0.01
0 0.682114 0.407771 0.01 0.01
0 0.571135 0.217521 0.01 0.01
0 0.413386 0.169166 0.01 0.01
0 0.388019 0.193740 0.01 0.01
0 0.167646 0.111298 0.01 0.01
0 0.231855 0.107335 0.01 0.01
0 0.250880 0.077212 0.01 0.01
0 0.155755 0.024100 0.01 0.01
0 0.530706 0.033613 0.01 0.01
0 0.297650 0.013795 0.01 0.01
0 1.228083 0.095485 0.01 0.01
0 1.172505 0.114590 0.01 0.01
0 1.171637 0.134563 0.01 0.01
0 1.151664 0.154537 0.01 0.01
0 1.198558 0.029486 0.01 0.01
0 1.222873 0.019934 0.01 0.01
0 1.275846 0.043381 0.01 0.01
0 1.391344 0.025144 0.01 0.01
0 1.372239 0.025144 0.01 0.01
0 1.346186 0.034697 0.01 0.01
0 1.002298 0.051197 0.01 0.01
0 1.036166 0.037302 0.01 0.01
0 0.996219 0.096354 0.01 0.01
0 0.975378 0.085064 0.01 0.01
0 0.996219 0.074644 0.01 0.01
0 1.042245 0.068565 0.01 0.01
0 1.116059 0.037302 0.01 0.01
0 1.071771 0.025144 0.01 0.01
0 1.148190 0.011250 0.01 0.01
0 1.194216 0.012987 0.01 0.01
0 1.400028 0.052933 0.01 0.01
0 1.367028 0.096354 0.01 0.01
0 1.314056 0.080722 0.01 0.01
0 0.926747 0.004303 0.01 0.01
0 1.205505 0.294350 0.01 0.01
0 1.195952 0.283061 0.01 0.01
0 1.228083 0.257877 0.01 0.01
0 1.248925 0.257877 0.01 0.01
0 1.275846 0.193615 0.01 0.01
0 1.278451 0.138906 0.01 0.01
0 1.253267 0.158879 0.01 0.01
0 1.238504 0.150195 0.01 0.01
0 1.222005 0.162352 0.01 0.01
0 1.222005 0.131958 0.01 0.01
0 1.058744 0.168431 0.01 0.01
0 1.038771 0.186668 0.01 0.01
0 1.042245 0.236167 0.01 0.01
0 1.022271 0.230956 0.01 0.01
0 0.976246 0.220536 0.01 0.01
0 0.997088 0.248325 0.01 0.01
0 0.955404 0.257009 0.01 0.01
0 0.952799 0.286534 0.01 0.01
0 0.979720 0.311718 0.01 0.01
0 1.089139 0.298692 0.01 0.01
0 1.076981 0.272640 0.01 0.01
0 1.139506 0.262219 0.01 0.01
0 1.182926 0.238772 0.01 0.01
0 1.208110 0.209246 0.01 0.01
0 1.223741 0.206641 0.01 0.01
0 1.345318 0.189273 0.01 0.01
0 1.363555 0.169300 0.01 0.01
0 1.359213 0.144984 0.01 0.01
0 1.399159 0.092012 0.01 0.01
0 1.417396 0.062486 0.01 0.01
0 1.215057 0.068565 0.01 0.01
0 1.137769 0.095485 0.01 0.01
0 1.149059 0.069433 0.01 0.01
0 1.111717 0.085933 0.01 0.01
0 1.045718 0.097222 0.01 0.01
0 1.081323 0.129353 0.01 0.01
0 1.103901 0.117195 0.01 0.01
0 1.092612 0.153668 0.01 0.01
0 1.109112 0.168431 0.01 0.01
0 1.118664 0.152800 0.01 0.01
0 1.139506 0.144116 0.01 0.01
0 1.009245 0.170168 0.01 0.01
0 1.040508 0.147590 0.01 0.01
0 0.974509 0.140642 0.01 0.01
0 1.471237 0.063354 0.01 0.01
0 1.443448 0.046855 0.01 0.01
0 1.461684 0.017329 0.01 0.01
0 1.527683 0.019066 0.01 0.01
0 1.513789 0.019066 0.01 0.01
0 1.565893 0.012987 0.01 0.01
0 1.576314 0.019066 0.01 0.01
0 1.574577 0.046855 0.01 0.01
0 1.561551 0.031223 0.01 0.01
0 1.545051 0.055539 0.01 0.01
0 1.526815 0.092880 0.01 0.01
0 1.550262 0.105038 0.01 0.01
0 1.534630 0.127616 0.01 0.01
0 1.505105 0.134563 0.01 0.01
0 1.367028 0.068565 0.01 0.01
0 1.347923 0.049460 0.01 0.01
0 1.176848 0.019066 0.01 0.01
0 1.408712 0.168431 0.01 0.01
0 1.425211 0.151932 0.01 0.01
0 1.420001 0.129353 0.01 0.01
0 1.447790 0.109380 0.01 0.01
0 1.264556 0.071170 0.01 0.01
0 1.241109 0.059881 0.01 0.01
0 1.367028 0.124143 0.01 0.01
0 1.263688 0.019934 0.01 0.01
0 1.133427 0.052933 0.01 0.01
0 1.027482 0.012987 0.01 0.01
0 1.001430 0.010382 0.01 0.01
0 0.979720 0.011250 0.01 0.01
0 0.964957 0.040776 0.01 0.01
0 1.011851 0.200562 0.01 0.01
0 0.981456 0.198825 0.01 0.01
0 0.951062 0.182326 0.01 0.01
0 1.325345 0.160616 0.01 0.01
0 1.340108 0.103301 0.01 0.01
0 1.087402 0.050328 0.01 0.01
0 1.107375 0.023408 0.01 0.01
0 1.340108 0.008645 0.01 0.01
0 1.593682 0.127616 0.01 0.01
0 1.551998 0.148458 0.01 0.01
0 1.530288 0.175379 0.01 0.01
0 1.474710 0.182326 0.01 0.01
0 1.437369 0.177984 0.01 0.01
0 1.433027 0.211852 0.01 0.01
0 1.456474 0.254403 0.01 0.01
0 1.479921 0.262219 0.01 0.01
0 1.509447 0.238772 0.01 0.01
0 1.518131 0.250930 0.01 0.01
0 1.588471 0.235298 0.01 0.01
0 1.583261 0.206641 0.01 0.01
0 1.569367 0.194483 0.01 0.01
0 1.355739 0.263087 0.01 0.01
0 1.141243 0.206641 0.01 0.01
0 1.136032 0.232693 0.01 0.01
0 1.151664 0.181457 0.01 0.01
0 1.117796 0.215325 0.01 0.01
0 1.083060 0.226614 0.01 0.01
0 1.210715 0.184931 0.01 0.01
0 1.190742 0.186668 0.01 0.01
0 1.010982 0.117195 0.01 0.01
0 1.076113 0.329955 0.01 0.01
0 1.099559 0.316929 0.01 0.01
0 1.045718 0.336033 0.01 0.01
0 1.049192 0.306508 0.01 0.01
0 1.005772 0.377717 0.01 0.01
0 1.031824 0.384664 0.01 0.01
0 1.023140 0.402901 0.01 0.01
0 1.233294 0.362954 0.01 0.01
0 1.220268 0.385533 0.01 0.01
0 1.200294 0.420269 0.01 0.01
0 1.197689 0.391611 0.01 0.01
0 1.213321 0.442847 0.01 0.01
0 1.192479 0.466294 0.01 0.01
0 1.252399 0.482794 0.01 0.01
0 1.301029 0.513188 0.01 0.01
0 1.223741 0.482794 0.01 0.01
0 1.362686 0.384664 0.01 0.01
0 1.380054 0.351665 0.01 0.01
0 1.382659 0.298692 0.01 0.01
0 1.354002 0.315192 0.01 0.01
0 1.393949 0.251798 0.01 0.01
0 1.443448 0.289140 0.01 0.01
0 1.410448 0.301297 0.01 0.01
0 1.457342 0.345586 0.01 0.01
0 1.550262 0.488873 0.01 0.01
0 1.489473 0.490610 0.01 0.01
0 1.492079 0.452400 0.01 0.01
0 1.558946 0.535767 0.01 0.01
0 1.504236 0.534898 0.01 0.01
0 1.450395 0.529688 0.01 0.01
0 1.490342 0.059881 0.01 0.01
0 1.507710 0.052933 0.01 0.01
0 0.991877 0.286534 0.01 0.01
0 0.991877 0.177115 0.01 0.01
0 1.175111 0.154537 0.01 0.01
0 1.591077 0.188405 0.01 0.01
0 1.269767 0.111985 0.01 0.01
0 1.244583 0.190141 0.01 0.01
0 0.744881 0.068527 0.01 0.01
0 0.725049 0.021425 0.01 0.01
0 0.847349 0.062742 0.01 0.01
0 0.862223 0.044563 0.01 0.01
0 0.829995 0.042084 0.01 0.01
0 0.882882 0.206528 0.01 0.01
0 0.872139 0.172647 0.01 0.01
0 0.902714 0.177605 0.01 0.01
0 0.929984 0.186695 0.01 0.01
0 0.936595 0.123892 0.01 0.01
0 0.938247 0.088359 0.01 0.01
0 0.912630 0.075964 0.01 0.01
0 0.920894 0.036299 0.01 0.01
0 0.853960 0.119761 0.01 0.01
0 0.832474 0.108192 0.01 0.01
0 0.812642 0.108192 0.01 0.01
0 0.820079 0.085054 0.01 0.01
0 0.805205 0.059437 0.01 0.01
0 0.775456 0.050347 0.01 0.01
0 0.781241 0.023904 0.01 0.01
0 0.751492 0.122240 0.01 0.01
0 0.740749 0.103234 0.01 0.01
0 0.718438 0.102407 0.01 0.01
0 0.715132 0.228013 0.01 0.01
0 0.706043 0.198264 0.01 0.01
0 0.577132 0.196611 0.01 0.01
0 0.748187 0.225534 0.01 0.01
0 0.697779 0.246192 0.01 0.01
0 0.655635 0.246192 0.01 0.01
0 0.692821 0.270983 0.01 0.01
0 0.782893 0.299905 0.01 0.01
0 0.835780 0.282552 0.01 0.01
0 0.854786 0.294121 0.01 0.01
0 0.892798 0.331307 0.01 0.01
0 0.848175 0.327175 0.01 0.01
0 0.824211 0.323043 0.01 0.01
0 0.923373 0.249498 0.01 0.01
0 0.901062 0.249498 0.01 0.01
0 0.910978 0.230492 0.01 0.01
0 0.873792 0.138767 0.01 0.01
0 0.890319 0.104060 0.01 0.01
0 0.871313 0.090838 0.01 0.01
0 0.729180 0.513930 0.01 0.01
0 0.752318 0.487487 0.01 0.01
0 0.727528 0.452780 0.01 0.01
0 0.730007 0.413115 0.01 0.01
0 0.744055 0.380061 0.01 0.01
0 0.753971 0.347834 0.01 0.01
0 0.787025 0.323043 0.01 0.01
0 0.834953 0.353618 0.01 0.01
0 0.817600 0.376756 0.01 0.01
0 0.858918 0.407331 0.01 0.01
0 0.890319 0.433774 0.01 0.01
0 0.847349 0.493272 0.01 0.01
0 0.825037 0.450301 0.01 0.01
0 0.805205 0.421379 0.01 0.01
0 0.770498 0.380061 0.01 0.01
0 0.678773 0.350313 0.01 0.01
0 1.407835 0.603249 0.01 0.01
0 1.376654 0.612420 0.01 0.01
0 1.259265 0.581239 0.01 0.01
0 1.218913 0.616089 0.01 0.01
0 1.191400 0.616089 0.01 0.01
0 1.162052 0.654607 0.01 0.01
0 1.406001 0.902224 0.01 0.01
0 1.406001 0.834358 0.01 0.01
0 1.468363 0.705965 0.01 0.01
0 1.494042 0.628928 0.01 0.01
0 1.475700 0.590410 0.01 0.01
0 1.466529 0.561063 0.01 0.01
0 1.545400 0.621591 0.01 0.01
0 1.572913 0.696794 0.01 0.01
0 0.463223 0.238244 0.01 0.01
0 0.498073 0.372141 0.01 0.01
0 0.540260 0.350130 0.01 0.01
0 0.681493 0.619757 0.01 0.01
0 0.661317 0.594078 0.01 0.01
0 0.767700 0.760990 0.01 0.01
0 0.738353 0.799509 0.01 0.01
0 0.072539 0.680286 0.01 0.01
0 0.057866 0.667446 0.01 0.01
0 0.023016 0.529882 0.01 0.01
0 0.028518 0.177716 0.01 0.01
0 0.498073 0.087840 0.01 0.01
0 0.498073 0.051156 0.01 0.01
0 0.837400 0.012638 0.01 0.01
0 0.885089 0.019975 0.01 0.01
0 1.330799 0.647270 0.01 0.01
0 1.152882 0.551892 0.01 0.01
0 1.116198 0.572068 0.01 0.01
0 0.355006 0.937073 0.01 0.01
0 0.395358 0.905892 0.01 0.01
0 0.411866 0.863706 0.01 0.01
0 1.235420 0.561063 0.01 0.01
0 1.583918 0.500534 0.01 0.01
0 1.505047 0.671115 0.01 0.01
0 1.064840 0.812348 0.01 0.01
0 1.108861 0.845364 0.01 0.01
0 1.075845 0.902224 0.01 0.01
0 1.184063 0.940742 0.01 0.01
0 0.841068 0.262089 0.01 0.01
0 0.841068 0.223571 0.01 0.01
0 0.842902 0.207063 0.01 0.01
0 0.533782 0.750552 0.01 0.01
0 0.477838 0.705797 0.01 0.01
0 0.434682 0.686616 0.01 0.01
0 0.391525 0.681821 0.01 0.01
0 0.353163 0.697805 0.01 0.01
0 1.376140 0.645057 0.01 0.01
0 1.590326 0.573129 0.01 0.01
0 1.519996 0.835267 0.01 0.01
0 1.014901 0.624278 0.01 0.01
0 0.973343 0.600302 0.01 0.01
0 0.410706 0.432470 0.01 0.01
0 0.401115 0.402100 0.01 0.01
0 0.367549 0.421281 0.01 0.01
0 0.015900 0.764937 0.01 0.01
0 0.938178 0.320582 0.01 0.01
0 0.911005 0.288614 0.01 0.01
0 1.484831 0.211890 0.01 0.01
0 0.380336 0.962340 0.01 0.01
0 0.381934 1.141361 0.01 0.01
0 0.143773 1.120582 0.01 0.01
0 0.047868 1.085417 0.01 0.01
0 0.247669 1.142959 0.01 0.01
0 0.573743 1.138164 0.01 0.01
0 0.584931 1.098204 0.01 0.01
0 0.781535 0.987914 0.01 0.01
0 0.754362 1.023079 0.01 0.01
0 0.824692 0.829673 0.01 0.01
0 0.856660 0.800901 0.01 0.01
0 0.178937 0.720981 0.01 0.01
0 0.206110 0.706596 0.01 0.01
0 0.228488 0.733769 0.01 0.01
0 0.038278 0.618684 0.01 0.01
0 0.019097 0.631471 0.01 0.01
0 0.135780 0.056046 0.01 0.01
0 0.180536 0.056046 0.01 0.01
0 0.209307 0.006496 0.01 0.01
0 0.198118 0.030472 0.01 0.01
0 0.137379 0.361341 0.01 0.01
0 1.419297 0.625077 0.01 0.01
0 0.102214 0.135966 0.01 0.01
0 0.194921 0.433269 0.01 0.01
0 0.338778 0.490812 0.01 0.01
0 0.340376 0.343759 0.01 0.01
0 0.329187 0.201501 0.01 0.01
0 0.492224 0.012889 0.01 0.01
0 0.575341 0.562740 0.01 0.01
0 0.684032 0.132770 0.01 0.01
0 0.522594 0.645856 0.01 0.01
0 0.594522 0.730572 0.01 0.01
0 0.538578 0.840861 0.01 0.01
0 0.341974 0.725777 0.01 0.01
0 0.800716 0.458843 0.01 0.01
0 0.831085 0.143958 0.01 0.01
0 0.771944 0.156746 0.01 0.01
0 0.747968 0.190312 0.01 0.01
0 0.760756 0.084818 0.01 0.01
0 0.815101 0.032070 0.01 0.01
0 0.912604 0.051251 0.01 0.01
0 0.941375 0.067235 0.01 0.01
0 0.882234 0.388514 0.01 0.01
0 0.850266 0.559543 0.01 0.01
0 0.912604 0.604298 0.01 0.01
0 0.872644 0.736965 0.01 0.01
0 0.904612 0.831271 0.01 0.01
0 0.936580 0.829673 0.01 0.01
0 0.954162 1.110991 0.01 0.01
0 1.075641 0.955946 0.01 0.01
0 1.158758 0.743359 0.01 0.01
0 1.190726 0.741761 0.01 0.01
0 1.129986 0.559543 0.01 0.01
0 1.149167 0.436466 0.01 0.01
0 1.129986 0.430072 0.01 0.01
0 1.147569 0.366136 0.01 0.01
0 1.169946 0.314987 0.01 0.01
0 1.174742 0.302200 0.01 0.01
0 1.171545 0.092810 0.01 0.01
0 1.192324 0.131171 0.01 0.01
0 1.301015 0.182320 0.01 0.01
0 1.315401 0.129573 0.01 0.01
0 1.278638 0.091211 0.01 0.01
0 1.310606 0.048054 0.01 0.01
0 1.291425 0.027275 0.01 0.01
0 1.396919 0.129573 0.01 0.01
0 1.424092 0.088014 0.01 0.01
0 1.454462 0.089613 0.01 0.01
0 1.419297 0.549952 0.01 0.01
0 1.387329 0.545157 0.01 0.01
0 1.364951 0.553149 0.01 0.01
0 1.358558 0.578724 0.01 0.01
0 1.304212 0.594708 0.01 0.01
0 1.315401 0.615487 0.01 0.01
0 1.352164 0.770532 0.01 0.01
0 1.380935 0.951151 0.01 0.01
0 1.499217 0.872829 0.01 0.01
0 1.529587 0.719383 0.01 0.01
0 1.580736 0.732170 0.01 0.01
0 1.555161 0.757745 0.01 0.01
0 1.571145 0.634668 0.01 0.01
0 1.516799 0.442859 0.01 0.01
0 1.569547 0.124778 0.01 0.01
0 1.561555 0.080022 0.01 0.01
0 1.507209 0.156746 0.01 0.01
0 1.364951 0.428474 0.01 0.01
0 1.328188 0.217485 0.01 0.01
0 1.496020 0.016086 0.01 0.01
0 0.592923 0.017685 0.01 0.01
0 0.254062 0.011291 0.01 0.01
0 0.177339 0.155147 0.01 0.01
0 0.282833 0.585117 0.01 0.01
0 0.624891 0.281421 0.01 0.01
0 0.586530 0.297405 0.01 0.01
0 0.540176 0.238264 0.01 0.01
0 0.509806 0.132770 0.01 0.01
0 0.468248 0.135966 0.01 0.01
0 0.457059 0.108794 0.01 0.01
0 0.696819 0.016086 0.01 0.01
0 1.190726 0.073629 0.01 0.01
0 1.166750 0.048054 0.01 0.01
0 1.376140 0.014488 0.01 0.01
0 1.524791 0.068833 0.01 0.01
0 1.010106 0.533968 0.01 0.01
0 0.936580 0.545157 0.01 0.01
0 0.938178 0.506796 0.01 0.01
0 0.819896 0.593109 0.01 0.01
0 0.799117 0.601101 0.01 0.01
0 0.875840 0.661840 0.01 0.01
0 0.348368 0.473229 0.01 0.01
0 0.362754 0.324578 0.01 0.01
0 0.198118 0.244658 0.01 0.01
0 0.233283 0.262240 0.01 0.01
0 0.559357 0.589912 0.01 0.01
0 0.516200 0.402899 0.01 0.01
0 0.489027 0.393309 0.01 0.01
0 0.527389 0.151950 0.01 0.01
0 0.439477 0.169533 0.01 0.01
0 0.568947 0.930372 0.01 0.01
0 0.596120 0.957545 0.01 0.01
0 0.704811 0.944758 0.01 0.01
0 0.906210 0.151950 0.01 0.01
0 1.022893 0.150352 0.01 0.01
0 1.301015 0.148754 0.01 0.01
0 1.385731 0.457245 0.01 0.01
0 1.385731 0.476426 0.01 0.01
0 1.380935 0.687415 0.01 0.01
0 1.417699 0.756146 0.01 0.01
0 0.281235 0.989513 0.01 0.01
0 0.349966 0.989513 0.01 0.01
0 0.354762 0.879223 0.01 0.01
0 0.273243 0.802500 0.01 0.01
0 0.188528 0.808893 0.01 0.01
0 0.225291 0.829673 0.01 0.01
0 0.086230 0.417285 0.01 0.01
0 0.174142 0.012889 0.01 0.01
0 0.357958 0.583519 0.01 0.01
0 0.449067 0.720981 0.01 0.01
0 0.418698 0.533968 0.01 0.01
0 0.409107 0.476426 0.01 0.01
0 0.402714 0.372530 0.01 0.01
0 0.461854 0.054448 0.01 0.01
0 0.487429 0.583519 0.01 0.01
0 0.476240 0.533968 0.01 0.01
0 0.509806 0.629872 0.01 0.01
0 0.613703 0.673029 0.01 0.01
0 0.644072 0.519583 0.01 0.01
0 0.616899 0.594708 0.01 0.01
0 0.744772 0.048054 0.01 0.01
0 0.784732 0.143958 0.01 0.01
0 0.971745 0.024078 0.01 0.01
0 1.102813 0.072030 0.01 0.01
0 1.053263 0.127974 0.01 0.01
