0 0.966851 0.767940 0.01 0.01
0 1.191171 0.733094 0.01 0.01
0 1.430735 0.798430 0.01 0.01
0 1.317486 0.561044 0.01 0.01
0 0.905871 0.635091 0.01 0.01
0 0.938539 0.565399 0.01 0.01
0 0.829646 0.526198 0.01 0.01
0 0.744710 0.504419 0.01 0.01
0 0.696797 0.676470 0.01 0.01
0 0.659773 0.665581 0.01 0.01
0 0.605327 0.630735 0.01 0.01
0 0.537813 0.672114 0.01 0.01
0 0.139265 0.519664 0.01 0.01
0 0.106597 0.421661 0.01 0.01
0 0.043621 0.427105 0.01 0.01
0 0.005508 0.411860 0.01 0.01
0 0.053421 0.402060 0.01 0.01
0 0.067577 0.377015 0.01 0.01
0 0.142713 0.375926 0.01 0.01
0 0.134002 0.396615 0.01 0.01
0 0.177559 0.365036 0.01 0.01
0 0.228739 0.365036 0.01 0.01
0 0.275563 0.339991 0.01 0.01
0 0.328920 0.357414 0.01 0.01
0 0.278013 0.367759 0.01 0.01
0 0.300336 0.375926 0.01 0.01
0 0.342260 0.334546 0.01 0.01
0 0.358049 0.360681 0.01 0.01
0 0.359682 0.324746 0.01 0.01
0 0.385272 0.335635 0.01 0.01
0 0.377650 0.316035 0.01 0.01
0 0.438630 0.343802 0.01 0.01
0 0.447886 0.362859 0.01 0.01
0 0.449519 0.318757 0.01 0.01
0 0.441352 0.303512 0.01 0.01
0 0.445163 0.278467 0.01 0.01
0 0.460953 0.295889 0.01 0.01
0 0.471842 0.289356 0.01 0.01
0 0.496343 0.303512 0.01 0.01
0 0.568848 0.408594 0.01 0.01
0 0.613494 0.382459 0.01 0.01
0 0.587359 0.339991 0.01 0.01
0 0.508957 0.343258 0.01 0.01
0 0.702786 0.309501 0.01 0.01
0 0.758321 0.324746 0.01 0.01
0 0.764855 0.403149 0.01 0.01
0 0.794256 0.380281 0.01 0.01
0 0.865036 0.395526 0.01 0.01
0 0.961951 0.404238 0.01 0.01
0 0.943439 0.390082 0.01 0.01
0 1.006597 0.320390 0.01 0.01
0 1.166670 0.313857 0.01 0.01
0 0.916216 0.350880 0.01 0.01
0 0.832369 0.353058 0.01 0.01
0 0.823657 0.370481 0.01 0.01
0 0.786633 0.342169 0.01 0.01
0 0.511407 0.301878 0.01 0.01
0 0.503240 0.286633 0.01 0.01
0 0.517396 0.281733 0.01 0.01
0 0.532641 0.275744 0.01 0.01
0 0.541897 0.264855 0.01 0.01
0 0.539719 0.293167 0.01 0.01
0 0.556597 0.294256 0.01 0.01
0 0.556597 0.275200 0.01 0.01
0 0.588176 0.280100 0.01 0.01
0 0.601788 0.269211 0.01 0.01
0 0.613766 0.286633 0.01 0.01
0 0.624655 0.279011 0.01 0.01
0 0.638267 0.273022 0.01 0.01
0 0.654056 0.258866 0.01 0.01
0 0.671479 0.263766 0.01 0.01
0 0.692169 0.272477 0.01 0.01
0 0.711225 0.271388 0.01 0.01
0 0.226652 0.361770 0.01 0.01
0 0.723748 0.262133 0.01 0.01
0 0.742260 0.262133 0.01 0.01
0 0.740082 0.279011 0.01 0.01
0 0.740082 0.307323 0.01 0.01
0 0.775472 0.276289 0.01 0.01
0 0.773294 0.261044 0.01 0.01
0 0.791261 0.255055 0.01 0.01
0 0.809229 0.249065 0.01 0.01
0 0.830463 0.257232 0.01 0.01
0 0.840263 0.256143 0.01 0.01
0 0.878376 0.250154 0.01 0.01
0 0.869664 0.242532 0.01 0.01
0 0.897976 0.283911 0.01 0.01
0 0.944256 0.280100 0.01 0.01
0 0.903421 0.253421 0.01 0.01
0 0.900154 0.244710 0.01 0.01
0 0.913766 0.233820 0.01 0.01
0 0.914310 0.221842 0.01 0.01
0 0.953512 0.230009 0.01 0.01
0 0.965853 0.232187 0.01 0.01
0 0.964764 0.218575 0.01 0.01
0 0.982187 0.232187 0.01 0.01
0 0.979465 0.213131 0.01 0.01
0 0.990354 0.221298 0.01 0.01
0 1.000699 0.226198 0.01 0.01
0 1.005599 0.211497 0.01 0.01
0 1.056234 0.232187 0.01 0.01
0 1.013222 0.273022 0.01 0.01
0 1.132459 0.210953 0.01 0.01
0 1.178739 0.226198 0.01 0.01
0 1.219029 0.222931 0.01 0.01
0 1.044800 0.230554 0.01 0.01
0 1.022477 0.218575 0.01 0.01
0 1.013766 0.217486 0.01 0.01
0 1.034047 0.210953 0.01 0.01
0 1.045753 0.212314 0.01 0.01
0 1.047114 0.202786 0.01 0.01
0 1.058276 0.203330 0.01 0.01
0 1.063176 0.215581 0.01 0.01
0 1.074338 0.202786 0.01 0.01
0 1.092033 0.210953 0.01 0.01
0 1.111089 0.201425 0.01 0.01
0 1.120345 0.199519 0.01 0.01
0 1.129329 0.192441 0.01 0.01
0 1.143757 0.191352 0.01 0.01
0 1.163358 0.185635 0.01 0.01
0 1.167169 0.200880 0.01 0.01
0 1.180508 0.182913 0.01 0.01
0 1.173430 0.174746 0.01 0.01
0 1.156007 0.184546 0.01 0.01
0 1.200926 0.181824 0.01 0.01
0 1.203920 0.172296 0.01 0.01
0 1.209909 0.182641 0.01 0.01
0 1.219982 0.186452 0.01 0.01
0 1.230327 0.172568 0.01 0.01
0 1.207459 0.203603 0.01 0.01
0 1.231416 0.184546 0.01 0.01
0 1.230871 0.194619 0.01 0.01
0 1.248839 0.201969 0.01 0.01
0 1.257822 0.226742 0.01 0.01
0 1.262722 0.212859 0.01 0.01
0 1.263811 0.204692 0.01 0.01
0 1.288312 0.193802 0.01 0.01
0 1.287223 0.181824 0.01 0.01
0 1.280145 0.175835 0.01 0.01
0 1.292396 0.172024 0.01 0.01
0 1.311724 0.182913 0.01 0.01
0 1.320708 0.178829 0.01 0.01
0 1.315535 0.204692 0.01 0.01
0 1.324791 0.214220 0.01 0.01
0 1.342214 0.200336 0.01 0.01
0 1.334047 0.196525 0.01 0.01
0 1.347114 0.183730 0.01 0.01
0 1.253739 0.197614 0.01 0.01
0 1.197114 0.216942 0.01 0.01
0 1.196025 0.203603 0.01 0.01
0 1.202831 0.195163 0.01 0.01
0 1.272931 0.285000 0.01 0.01
0 1.295799 0.266488 0.01 0.01
0 1.296343 0.253421 0.01 0.01
0 1.380735 0.232731 0.01 0.01
0 1.375290 0.218575 0.01 0.01
0 1.532822 0.299701 0.01 0.01
0 1.515399 0.293712 0.01 0.01
0 1.438085 0.248521 0.01 0.01
0 1.406506 0.235998 0.01 0.01
0 1.441352 0.213131 0.01 0.01
0 1.466942 0.230009 0.01 0.01
0 1.516488 0.210408 0.01 0.01
0 1.532278 0.209320 0.01 0.01
0 1.557868 0.273022 0.01 0.01
0 1.573657 0.265399 0.01 0.01
0 1.560590 0.219664 0.01 0.01
0 1.549156 0.182096 0.01 0.01
0 1.380372 0.186996 0.01 0.01
0 1.401742 0.190535 0.01 0.01
0 1.396842 0.203875 0.01 0.01
0 1.364991 0.193258 0.01 0.01
0 1.386770 0.189719 0.01 0.01
0 1.419710 0.200064 0.01 0.01
0 1.429510 0.179646 0.01 0.01
0 1.443666 0.184274 0.01 0.01
0 1.455644 0.192441 0.01 0.01
0 1.464628 0.185363 0.01 0.01
0 1.487496 0.175290 0.01 0.01
0 1.491035 0.156234 0.01 0.01
0 1.487496 0.198702 0.01 0.01
0 1.483140 0.187269 0.01 0.01
0 1.473339 0.179646 0.01 0.01
0 1.507369 0.194347 0.01 0.01
0 1.519074 0.184819 0.01 0.01
0 1.520708 0.170935 0.01 0.01
0 1.528875 0.184002 0.01 0.01
0 1.538267 0.174746 0.01 0.01
0 1.543167 0.166579 0.01 0.01
0 1.597069 0.189991 0.01 0.01
0 1.579646 0.168212 0.01 0.01
0 1.597069 0.167124 0.01 0.01
0 1.596525 0.154601 0.01 0.01
0 1.587813 0.164401 0.01 0.01
0 1.556234 0.111588 0.01 0.01
0 1.570935 0.159501 0.01 0.01
0 1.566035 0.107232 0.01 0.01
0 1.587269 0.106688 0.01 0.01
0 1.037142 0.328176 0.01 0.01
0 1.105159 0.234814 0.01 0.01
