0 1.206171 1.149134 0.01 0.01
0 1.209134 0.932838 0.01 0.01
0 1.404690 0.786171 0.01 0.01
0 1.395801 0.715060 0.01 0.01
0 1.237282 0.680986 0.01 0.01
0 1.300986 0.581727 0.01 0.01
0 1.228393 0.243949 0.01 0.01
0 0.770615 0.405430 0.01 0.01
0 0.758764 0.347653 0.01 0.01
0 0.792838 0.286912 0.01 0.01
0 0.927653 0.236541 0.01 0.01
0 0.475801 0.328393 0.01 0.01
0 0.388393 0.316541 0.01 0.01
0 0.505430 0.232097 0.01 0.01
0 0.343949 0.215801 0.01 0.01
0 0.078764 0.341727 0.01 0.01
0 0.006912 0.285245 0.01 0.01
0 0.002838 0.155615 0.01 0.01
0 0.043208 0.138208 0.01 0.01
0 0.010245 0.059319 0.01 0.01
0 0.011727 0.074134 0.01 0.01
0 0.055801 0.073764 0.01 0.01
0 0.078393 0.062282 0.01 0.01
0 0.107282 0.067467 0.01 0.01
0 0.294319 0.073393 0.01 0.01
0 0.319875 0.054504 0.01 0.01
0 0.354690 0.129690 0.01 0.01
0 0.164134 0.028254 0.01 0.01
0 0.081727 0.040893 0.01 0.01
0 0.026356 0.056634 0.01 0.01
0 0.033949 0.050153 0.01 0.01
0 0.251356 0.048671 0.01 0.01
0 0.424319 0.108208 0.01 0.01
0 0.479504 0.120801 0.01 0.01
0 0.417282 0.060430 0.01 0.01
0 0.560245 0.116171 0.01 0.01
0 0.494690 0.099041 0.01 0.01
0 0.423810 0.016009 0.01 0.01
0 0.547815 0.055893 0.01 0.01
0 0.573000 0.048115 0.01 0.01
0 0.670778 0.095523 0.01 0.01
0 0.842120 0.183578 0.01 0.01
0 0.716935 0.086356 0.01 0.01
0 0.770268 0.102653 0.01 0.01
0 0.918046 0.084875 0.01 0.01
0 0.981750 0.067097 0.01 0.01
0 1.597653 0.248416 0.01 0.01
0 1.205430 0.142838 0.01 0.01
0 1.255801 0.125060 0.01 0.01
0 1.264134 0.029921 0.01 0.01
0 1.248115 0.023903 0.01 0.01
0 1.585245 0.089597 0.01 0.01
0 1.598903 0.021946 0.01 0.01
0 0.430345 0.001750 0.01 0.01
