0 0.086321 0.686638 0.01 0.01
0 0.192650 0.398030 0.01 0.01
0 0.293283 0.348663 0.01 0.01
0 0.346448 0.310688 0.01 0.01
0 0.431891 0.225245 0.01 0.01
0 0.477460 0.240435 0.01 0.01
0 0.528726 0.244232 0.01 0.01
0 0.570498 0.196764 0.01 0.01
0 0.665435 0.137903 0.01 0.01
0 0.747081 0.183473 0.01 0.01
0 0.804043 0.417017 0.01 0.01
0 0.720498 0.502460 0.01 0.01
0 1.100245 0.849929 0.01 0.01
0 1.014802 1.108156 0.01 0.01
0 1.404043 0.536638 0.01 0.01
0 1.461005 0.485372 0.01 0.01
0 1.360372 0.426511 0.01 0.01
0 1.561638 0.242334 0.01 0.01
0 1.271131 0.236638 0.01 0.01
0 1.204675 0.179675 0.01 0.01
0 1.060372 0.293600 0.01 0.01
0 1.024296 0.255625 0.01 0.01
0 1.278726 0.143600 0.01 0.01
0 1.212270 0.111321 0.01 0.01
0 1.191384 0.090435 0.01 0.01
0 0.249612 0.179675 0.01 0.01
0 0.268600 0.145498 0.01 0.01
0 0.124296 0.136005 0.01 0.01
0 0.093916 0.122713 0.01 0.01
0 0.069232 0.122713 0.01 0.01
0 0.046448 0.111321 0.01 0.01
0 0.137587 0.090435 0.01 0.01
0 0.152777 0.069549 0.01 0.01
0 0.097713 0.016384 0.01 0.01
0 0.012270 0.018283 0.01 0.01
0 0.160372 0.025878 0.01 0.01
0 0.226827 0.033473 0.01 0.01
0 0.247713 0.037270 0.01 0.01
0 0.281891 0.042967 0.01 0.01
0 0.321764 0.010688 0.01 0.01
0 0.416701 0.073346 0.01 0.01
0 0.279992 0.103726 0.01 0.01
0 0.428093 0.033473 0.01 0.01
0 0.473663 0.058156 0.01 0.01
0 0.460372 0.058156 0.01 0.01
0 0.443283 0.069549 0.01 0.01
0 0.390119 0.079043 0.01 0.01
0 0.399612 0.151194 0.01 0.01
0 0.534422 0.086638 0.01 0.01
0 0.547713 0.023979 0.01 0.01
0 0.591384 0.016384 0.01 0.01
0 0.621764 0.044865 0.01 0.01
0 0.646448 0.029675 0.01 0.01
0 0.665435 0.025878 0.01 0.01
0 0.697713 0.006891 0.01 0.01
0 0.754675 0.004992 0.01 0.01
0 0.722397 0.006891 0.01 0.01
0 0.741384 0.029675 0.01 0.01
0 0.711005 0.052460 0.01 0.01
0 0.866701 0.071448 0.01 0.01
0 0.885688 0.056258 0.01 0.01
0 0.923663 0.029675 0.01 0.01
0 0.897081 0.016384 0.01 0.01
0 1.105941 0.069549 0.01 0.01
0 1.324296 0.025878 0.01 0.01
0 1.394549 0.037270 0.01 0.01
0 1.510372 0.004992 0.01 0.01
0 1.595815 0.050562 0.01 0.01
0 0.515435 0.050562 0.01 0.01
0 0.530625 0.037270 0.01 0.01
0 0.030011 0.018473 0.01 0.01
0 0.195897 0.011449 0.01 0.01
0 0.165797 0.006098 0.01 0.01
0 0.258774 0.017804 0.01 0.01
0 0.246064 0.020814 0.01 0.01
0 0.257101 0.036533 0.01 0.01
0 0.343389 0.007770 0.01 0.01
0 0.371483 0.019476 0.01 0.01
0 0.191215 0.059275 0.01 0.01
0 0.915295 0.292218 0.01 0.01
0 0.732352 0.039543 0.01 0.01
0 0.746733 0.009442 0.01 0.01
0 0.736700 0.014794 0.01 0.01
0 0.862787 0.012452 0.01 0.01
0 0.854091 0.024493 0.01 0.01
0 0.408606 0.009442 0.01 0.01
0 0.573489 0.040546 0.01 0.01
0 0.562787 0.016131 0.01 0.01
0 0.464125 0.037536 0.01 0.01
0 0.427335 0.050245 0.01 0.01
0 1.412620 0.023489 0.01 0.01
0 1.487871 0.011784 0.01 0.01
0 1.528339 0.007770 0.01 0.01
0 1.347737 0.010446 0.01 0.01
0 1.561115 0.014794 0.01 0.01
0 1.575830 0.024827 0.01 0.01
