0 0.240352 1.074577 0.01 0.01
0 0.198641 1.028587 0.01 0.01
0 0.206127 0.869229 0.01 0.01
0 0.015753 0.710940 0.01 0.01
0 0.165486 0.577250 0.01 0.01
0 0.291689 0.599710 0.01 0.01
0 0.247839 0.521635 0.01 0.01
0 0.323775 0.476716 0.01 0.01
0 0.433935 0.467090 0.01 0.01
0 0.396502 0.367625 0.01 0.01
0 0.421101 0.435004 0.01 0.01
0 0.529122 0.589015 0.01 0.01
0 0.570833 0.509871 0.01 0.01
0 0.751582 0.675646 0.01 0.01
0 0.572972 0.790085 0.01 0.01
0 0.785807 0.504523 0.01 0.01
0 0.861742 0.503454 0.01 0.01
0 0.887411 1.012545 0.01 0.01
0 0.632865 1.150512 0.01 0.01
0 1.298106 0.965486 0.01 0.01
0 1.229657 0.469229 0.01 0.01
0 1.161208 0.454256 0.01 0.01
0 1.222170 0.335539 0.01 0.01
0 1.413614 0.447839 0.01 0.01
0 0.559069 0.380459 0.01 0.01
0 0.624309 0.345165 0.01 0.01
0 0.697037 0.301315 0.01 0.01
0 0.720566 0.282063 0.01 0.01
0 0.594363 0.229657 0.01 0.01
0 0.654256 0.253186 0.01 0.01
0 0.697037 0.220031 0.01 0.01
0 0.721635 0.211475 0.01 0.01
0 0.687411 0.179389 0.01 0.01
0 0.012545 0.274577 0.01 0.01
0 0.079924 0.248908 0.01 0.01
0 0.027518 0.210406 0.01 0.01
0 0.153721 0.183668 0.01 0.01
0 0.112010 0.185807 0.01 0.01
0 0.047438 0.063213 0.01 0.01
0 0.099844 0.096368 0.01 0.01
0 0.115352 0.079523 0.01 0.01
0 0.140218 0.098240 0.01 0.01
0 0.205192 0.099844 0.01 0.01
0 0.241823 0.079256 0.01 0.01
0 0.283801 0.127117 0.01 0.01
0 0.284069 0.105459 0.01 0.01
0 0.322839 0.141555 0.01 0.01
0 0.344764 0.134336 0.01 0.01
0 0.334336 0.116422 0.01 0.01
0 0.189416 0.170165 0.01 0.01
0 0.232999 0.183534 0.01 0.01
0 0.070432 0.157598 0.01 0.01
0 0.048240 0.139149 0.01 0.01
0 0.032531 0.031729 0.01 0.01
0 0.016622 0.031863 0.01 0.01
0 0.441689 0.170566 0.01 0.01
0 0.477518 0.165218 0.01 0.01
0 0.499443 0.172170 0.01 0.01
0 0.514416 0.167892 0.01 0.01
0 0.585539 0.147037 0.01 0.01
0 0.463079 0.145967 0.01 0.01
0 0.469496 0.121903 0.01 0.01
0 0.418160 0.132598 0.01 0.01
0 0.407999 0.155593 0.01 0.01
0 0.398373 0.120299 0.01 0.01
0 0.487143 0.094630 0.01 0.01
0 0.709069 0.136876 0.01 0.01
0 0.819229 0.160406 0.01 0.01
0 0.907464 0.105860 0.01 0.01
0 0.962545 0.188748 0.01 0.01
0 1.023507 0.166288 0.01 0.01
0 1.087143 0.121368 0.01 0.01
0 1.110138 0.134202 0.01 0.01
0 0.430927 0.036676 0.01 0.01
0 0.443494 0.040152 0.01 0.01
0 0.565553 0.057264 0.01 0.01
0 0.755593 0.059202 0.01 0.01
0 0.921101 0.099577 0.01 0.01
0 0.577250 0.234336 0.01 0.01
0 0.575111 0.200646 0.01 0.01
0 1.190887 0.150245 0.01 0.01
0 1.366288 0.153454 0.01 0.01
0 1.448641 0.138480 0.01 0.01
0 1.455058 0.297304 0.01 0.01
0 1.507999 0.402652 0.01 0.01
0 1.557197 0.365218 0.01 0.01
0 1.165619 0.047972 0.01 0.01
0 1.194229 0.046903 0.01 0.01
0 1.235138 0.049577 0.01 0.01
0 1.239416 0.075245 0.01 0.01
0 1.276582 0.067224 0.01 0.01
0 1.396903 0.079256 0.01 0.01
0 1.126582 0.046101 0.01 0.01
0 1.375412 0.020800 0.01 0.01
0 1.419329 0.015787 0.01 0.01
0 1.344530 0.012043 0.01 0.01
0 0.859386 0.009736 0.01 0.01
0 0.801843 0.008137 0.01 0.01
0 0.896948 0.016928 0.01 0.01
0 1.051194 0.011334 0.01 0.01
0 1.078367 0.008137 0.01 0.01
0 1.096749 0.008137 0.01 0.01
0 1.117528 0.024920 0.01 0.01
0 1.157488 0.028916 0.01 0.01
0 1.157488 0.013732 0.01 0.01
0 1.147098 0.005740 0.01 0.01
0 1.212633 0.036109 0.01 0.01
0 1.238207 0.019326 0.01 0.01
0 1.227818 0.005740 0.01 0.01
0 1.306938 0.005740 0.01 0.01
0 0.521650 0.003088 0.01 0.01
