0 1.513386 0.993644 0.01 0.01
0 1.510124 0.766937 0.01 0.01
0 1.415527 0.802819 0.01 0.01
0 1.177403 0.861534 0.01 0.01
0 0.903396 0.858272 0.01 0.01
0 0.800644 0.988751 0.01 0.01
0 0.676689 0.837070 0.01 0.01
0 0.748452 0.810974 0.01 0.01
0 0.665272 0.739210 0.01 0.01
0 0.513590 0.926774 0.01 0.01
0 0.415731 0.837070 0.01 0.01
0 0.326026 0.685388 0.01 0.01
0 0.422255 0.701697 0.01 0.01
0 0.381480 0.621779 0.01 0.01
0 0.467922 0.810974 0.01 0.01
0 0.179237 0.802819 0.01 0.01
0 0.128677 0.954501 0.01 0.01
0 0.024293 0.755520 0.01 0.01
0 0.138463 0.744103 0.01 0.01
0 0.091164 0.683757 0.01 0.01
0 0.192285 0.595683 0.01 0.01
0 0.264049 0.616886 0.01 0.01
0 0.218381 0.541861 0.01 0.01
0 0.166189 0.504348 0.01 0.01
0 0.091164 0.541861 0.01 0.01
0 0.021031 0.538599 0.01 0.01
0 0.001460 0.605469 0.01 0.01
0 0.472815 0.605469 0.01 0.01
0 0.368432 0.556539 0.01 0.01
0 0.334181 0.512503 0.01 0.01
0 0.301562 0.504348 0.01 0.01
0 0.237953 0.453787 0.01 0.01
0 0.272204 0.450525 0.01 0.01
0 0.123784 0.481514 0.01 0.01
0 0.055282 0.496193 0.01 0.01
0 0.096057 0.447263 0.01 0.01
0 0.541317 0.659292 0.01 0.01
0 0.583723 0.581004 0.01 0.01
0 0.629390 0.567956 0.01 0.01
0 0.670165 0.486407 0.01 0.01
0 0.588616 0.496193 0.01 0.01
0 0.541317 0.522289 0.01 0.01
0 0.415731 0.520658 0.01 0.01
0 0.449982 0.481514 0.01 0.01
0 0.410838 0.455418 0.01 0.01
0 0.507066 0.484776 0.01 0.01
0 0.764762 0.603838 0.01 0.01
0 0.872408 0.708221 0.01 0.01
0 0.830002 0.522289 0.01 0.01
0 0.738667 0.447263 0.01 0.01
0 0.986577 0.646244 0.01 0.01
0 0.971898 0.576111 0.01 0.01
0 0.965374 0.530444 0.01 0.01
0 0.909920 0.512503 0.01 0.01
0 1.079543 0.757151 0.01 0.01
0 1.037137 0.719638 0.01 0.01
0 1.051816 0.615255 0.01 0.01
0 1.200236 0.716376 0.01 0.01
0 1.260583 0.641351 0.01 0.01
0 1.154569 0.561432 0.01 0.01
0 1.128473 0.488038 0.01 0.01
0 1.182295 0.515765 0.01 0.01
0 1.267107 0.576111 0.01 0.01
0 1.348656 0.610362 0.01 0.01
0 1.332346 0.520658 0.01 0.01
0 1.275262 0.520658 0.01 0.01
0 1.214915 0.488038 0.01 0.01
0 1.229594 0.458680 0.01 0.01
0 1.283417 0.427691 0.01 0.01
0 1.317668 0.484776 0.01 0.01
0 1.381276 0.473359 0.01 0.01
0 1.356811 0.427691 0.01 0.01
0 1.422051 0.520658 0.01 0.01
0 1.430206 0.556539 0.01 0.01
0 1.474242 0.656030 0.01 0.01
0 1.537851 0.687019 0.01 0.01
0 1.506862 0.600576 0.01 0.01
0 1.591674 0.572849 0.01 0.01
0 1.484028 0.435846 0.01 0.01
0 1.453040 0.427691 0.01 0.01
0 1.426944 0.401596 0.01 0.01
0 1.369859 0.373869 0.01 0.01
0 1.316037 0.401596 0.01 0.01
0 1.281786 0.344511 0.01 0.01
0 1.255690 0.409750 0.01 0.01
0 1.214915 0.378762 0.01 0.01
0 1.237749 0.378762 0.01 0.01
0 1.143152 0.386917 0.01 0.01
0 1.121949 0.404858 0.01 0.01
0 1.061602 0.435846 0.01 0.01
0 1.066495 0.344511 0.01 0.01
0 1.006149 0.360821 0.01 0.01
0 0.962112 0.395072 0.01 0.01
0 1.012673 0.461942 0.01 0.01
0 0.914813 0.404858 0.01 0.01
0 0.906658 0.373869 0.01 0.01
0 0.927861 0.357559 0.01 0.01
0 0.807168 0.463573 0.01 0.01
0 0.836526 0.421167 0.01 0.01
0 0.843050 0.450525 0.01 0.01
0 0.754976 0.368976 0.01 0.01
0 0.730512 0.398334 0.01 0.01
0 0.725619 0.372238 0.01 0.01
0 0.707678 0.372238 0.01 0.01
0 0.696261 0.339618 0.01 0.01
0 0.678320 0.362452 0.01 0.01
0 0.637545 0.463573 0.01 0.01
0 0.657117 0.439108 0.01 0.01
0 0.631021 0.378762 0.01 0.01
0 0.609818 0.368976 0.01 0.01
0 0.573937 0.344511 0.01 0.01
0 0.590247 0.311891 0.01 0.01
0 0.614711 0.310260 0.01 0.01
0 0.647331 0.326570 0.01 0.01
0 0.296669 0.427691 0.01 0.01
0 0.272204 0.406488 0.01 0.01
0 0.223274 0.417905 0.01 0.01
0 0.156404 0.424429 0.01 0.01
0 0.092795 0.419536 0.01 0.01
0 0.113998 0.401596 0.01 0.01
0 0.104212 0.373869 0.01 0.01
0 0.086271 0.380393 0.01 0.01
0 0.068330 0.396703 0.01 0.01
0 0.022662 0.367345 0.01 0.01
0 0.007984 0.416274 0.01 0.01
0 0.025924 0.419536 0.01 0.01
0 0.068330 0.337987 0.01 0.01
0 0.087902 0.339618 0.01 0.01
0 0.094426 0.310260 0.01 0.01
0 0.063437 0.308629 0.01 0.01
0 0.043865 0.311891 0.01 0.01
0 0.027555 0.298843 0.01 0.01
0 0.048758 0.300474 0.01 0.01
0 0.038972 0.280902 0.01 0.01
0 0.009615 0.262961 0.01 0.01
0 0.135201 0.344511 0.01 0.01
0 0.234691 0.380393 0.01 0.01
0 0.210226 0.349404 0.01 0.01
0 0.231429 0.344511 0.01 0.01
0 0.202071 0.310260 0.01 0.01
0 0.197178 0.293950 0.01 0.01
0 0.154773 0.308629 0.01 0.01
0 0.141725 0.298843 0.01 0.01
0 0.125415 0.292319 0.01 0.01
0 0.112367 0.300474 0.01 0.01
0 0.810430 0.401596 0.01 0.01
0 0.538055 0.419536 0.01 0.01
0 0.539686 0.398334 0.01 0.01
0 0.467922 0.401596 0.01 0.01
0 0.500542 0.368976 0.01 0.01
0 0.477708 0.333094 0.01 0.01
0 0.443458 0.401596 0.01 0.01
0 0.394528 0.393441 0.01 0.01
0 0.350491 0.395072 0.01 0.01
0 0.321133 0.396703 0.01 0.01
0 0.268942 0.380393 0.01 0.01
0 0.308086 0.355928 0.01 0.01
0 0.335812 0.354297 0.01 0.01
0 0.371694 0.372238 0.01 0.01
0 0.389635 0.351035 0.01 0.01
0 0.401052 0.328201 0.01 0.01
0 0.420624 0.326570 0.01 0.01
0 0.418993 0.292319 0.01 0.01
0 1.117056 0.355928 0.01 0.01
0 1.092591 0.326570 0.01 0.01
0 1.051816 0.331463 0.01 0.01
0 1.177403 0.323308 0.01 0.01
0 1.136628 0.333094 0.01 0.01
0 1.139890 0.292319 0.01 0.01
0 1.203498 0.305367 0.01 0.01
0 1.263845 0.311891 0.01 0.01
0 1.254059 0.300474 0.01 0.01
0 1.281786 0.315153 0.01 0.01
0 1.322561 0.315153 0.01 0.01
0 1.335608 0.305367 0.01 0.01
0 1.330715 0.269485 0.01 0.01
0 1.395955 0.357559 0.01 0.01
0 1.391062 0.320046 0.01 0.01
0 1.404110 0.298843 0.01 0.01
0 1.397586 0.271116 0.01 0.01
0 1.386169 0.251545 0.01 0.01
0 1.441623 0.367345 0.01 0.01
0 1.466088 0.380393 0.01 0.01
0 1.470981 0.357559 0.01 0.01
0 1.572102 0.439108 0.01 0.01
0 1.505231 0.427691 0.01 0.01
0 1.537851 0.349404 0.01 0.01
0 1.591674 0.378762 0.01 0.01
0 1.567209 0.344511 0.01 0.01
0 1.588412 0.331463 0.01 0.01
0 1.077504 0.289057 0.01 0.01
0 1.107678 0.275194 0.01 0.01
0 1.132143 0.274378 0.01 0.01
0 1.176995 0.274378 0.01 0.01
0 1.206353 0.260515 0.01 0.01
0 1.002479 0.297212 0.01 0.01
0 0.977199 0.314338 0.01 0.01
0 0.951103 0.305367 0.01 0.01
0 0.942132 0.327386 0.01 0.01
0 0.917668 0.317600 0.01 0.01
0 0.852428 0.309445 0.01 0.01
0 0.818993 0.340433 0.01 0.01
0 0.849166 0.354297 0.01 0.01
0 0.816546 0.308629 0.01 0.01
0 0.867922 0.294766 0.01 0.01
0 0.871184 0.278456 0.01 0.01
0 0.936424 0.268670 0.01 0.01
0 0.955996 0.288242 0.01 0.01
0 1.408595 0.239312 0.01 0.01
0 1.428983 0.223818 0.01 0.01
0 1.418381 0.208323 0.01 0.01
0 1.440399 0.271116 0.01 0.01
0 1.495038 0.319231 0.01 0.01
0 1.449370 0.333094 0.01 0.01
0 1.482805 0.301290 0.01 0.01
0 1.483621 0.282533 0.01 0.01
0 1.482805 0.267039 0.01 0.01
0 1.495038 0.255622 0.01 0.01
0 1.524395 0.262961 0.01 0.01
0 1.555384 0.249914 0.01 0.01
0 1.531735 0.235235 0.01 0.01
0 1.557831 0.278456 0.01 0.01
0 1.570879 0.231157 0.01 0.01
0 1.534181 0.210770 0.01 0.01
0 1.508086 0.200984 0.01 0.01
0 1.469757 0.231157 0.01 0.01
0 1.469757 0.248283 0.01 0.01
0 1.463233 0.214847 0.01 0.01
0 1.411042 0.223818 0.01 0.01
0 1.377606 0.218109 0.01 0.01
0 1.352326 0.218109 0.01 0.01
0 1.325415 0.212401 0.01 0.01
0 1.308289 0.238497 0.01 0.01
0 1.313998 0.259700 0.01 0.01
0 1.273223 0.269485 0.01 0.01
0 1.265068 0.283349 0.01 0.01
0 1.226740 0.253991 0.01 0.01
0 1.199013 0.243390 0.01 0.01
0 1.185965 0.221371 0.01 0.01
0 1.138667 0.232788 0.01 0.01
0 1.095445 0.259700 0.01 0.01
0 1.066088 0.254807 0.01 0.01
0 1.030206 0.276825 0.01 0.01
0 1.021235 0.265408 0.01 0.01
0 1.015527 0.253991 0.01 0.01
0 0.980461 0.268670 0.01 0.01
0 0.970675 0.249914 0.01 0.01
0 0.913590 0.248283 0.01 0.01
0 0.850797 0.271932 0.01 0.01
0 0.850797 0.256438 0.01 0.01
0 0.811653 0.254807 0.01 0.01
0 0.841011 0.212401 0.01 0.01
0 0.863029 0.212401 0.01 0.01
0 0.933977 0.219740 0.01 0.01
0 0.952734 0.253991 0.01 0.01
0 0.964966 0.214032 0.01 0.01
0 0.938055 0.203430 0.01 0.01
0 0.916852 0.203430 0.01 0.01
0 0.980461 0.199353 0.01 0.01
0 0.971490 0.185490 0.01 0.01
0 0.958442 0.138191 0.01 0.01
0 0.943763 0.164287 0.01 0.01
0 1.000033 0.151239 0.01 0.01
0 1.343356 0.189567 0.01 0.01
0 1.317260 0.169180 0.01 0.01
0 1.280563 0.196906 0.01 0.01
0 1.285456 0.228711 0.01 0.01
0 1.265068 0.237681 0.01 0.01
0 1.234079 0.220556 0.01 0.01
0 1.245496 0.200168 0.01 0.01
0 1.280563 0.212401 0.01 0.01
0 1.200644 0.191198 0.01 0.01
0 1.169655 0.186305 0.01 0.01
0 1.152530 0.183043 0.01 0.01
0 1.128881 0.192013 0.01 0.01
0 1.131327 0.219740 0.01 0.01
0 1.104416 0.208323 0.01 0.01
0 1.070165 0.214847 0.01 0.01
0 1.059564 0.206692 0.01 0.01
0 1.072612 0.187936 0.01 0.01
0 1.054671 0.185490 0.01 0.01
0 1.053040 0.170811 0.01 0.01
0 1.030206 0.204246 0.01 0.01
0 1.022051 0.214847 0.01 0.01
0 1.023682 0.187121 0.01 0.01
0 1.017158 0.163471 0.01 0.01
0 1.001663 0.183859 0.01 0.01
0 0.995140 0.205877 0.01 0.01
0 0.987800 0.227895 0.01 0.01
0 0.994324 0.134113 0.01 0.01
0 1.001663 0.128405 0.01 0.01
0 1.020420 0.130851 0.01 0.01
0 1.032652 0.139822 0.01 0.01
0 1.084028 0.131667 0.01 0.01
0 1.094630 0.165918 0.01 0.01
0 1.092183 0.152054 0.01 0.01
0 1.079135 0.174073 0.01 0.01
0 1.087290 0.166733 0.01 0.01
0 1.060379 0.158578 0.01 0.01
0 1.064457 0.142268 0.01 0.01
0 1.116648 0.188751 0.01 0.01
0 1.125619 0.179781 0.01 0.01
0 1.114202 0.139822 0.01 0.01
0 1.139482 0.153685 0.01 0.01
0 1.115833 0.154501 0.01 0.01
0 1.135405 0.131667 0.01 0.01
0 1.161500 0.136560 0.01 0.01
0 1.184334 0.146346 0.01 0.01
0 1.218585 0.139822 0.01 0.01
0 1.244681 0.142268 0.01 0.01
0 1.266699 0.161025 0.01 0.01
0 1.249574 0.169180 0.01 0.01
0 1.296057 0.165918 0.01 0.01
0 1.282194 0.183859 0.01 0.01
0 1.563539 0.185490 0.01 0.01
0 1.587188 0.193644 0.01 0.01
0 1.594528 0.179781 0.01 0.01
0 1.567617 0.166733 0.01 0.01
0 1.586373 0.161025 0.01 0.01
0 1.476281 0.169995 0.01 0.01
0 1.450185 0.158578 0.01 0.01
0 1.435507 0.188751 0.01 0.01
0 1.396363 0.182228 0.01 0.01
0 1.484436 0.192829 0.01 0.01
0 1.358035 0.170811 0.01 0.01
0 1.345802 0.164287 0.01 0.01
0 1.336832 0.142268 0.01 0.01
0 1.298503 0.145530 0.01 0.01
0 1.313182 0.142268 0.01 0.01
0 1.220216 0.117803 0.01 0.01
0 1.405333 0.168364 0.01 0.01
0 1.419197 0.157763 0.01 0.01
0 1.533366 0.119434 0.01 0.01
0 1.530919 0.181412 0.01 0.01
0 1.537443 0.166733 0.01 0.01
0 1.442846 0.143220 0.01 0.01
0 1.416750 0.110600 0.01 0.01
0 1.402071 0.103261 0.01 0.01
0 1.402071 0.097552 0.01 0.01
0 1.372713 0.089397 0.01 0.01
0 1.389839 0.071456 0.01 0.01
0 1.381684 0.065748 0.01 0.01
0 1.364558 0.069010 0.01 0.01
0 1.359666 0.066563 0.01 0.01
0 1.396363 0.069010 0.01 0.01
0 1.406964 0.072272 0.01 0.01
0 1.411042 0.063301 0.01 0.01
0 1.432245 0.074718 0.01 0.01
0 1.441215 0.074718 0.01 0.01
0 1.455894 0.071456 0.01 0.01
0 1.460787 0.065748 0.01 0.01
0 1.477912 0.072272 0.01 0.01
0 1.484436 0.065748 0.01 0.01
0 1.496669 0.075534 0.01 0.01
0 1.502377 0.065748 0.01 0.01
0 1.514609 0.064117 0.01 0.01
0 1.524395 0.066563 0.01 0.01
0 1.539074 0.071456 0.01 0.01
0 1.562724 0.069010 0.01 0.01
0 1.570063 0.071456 0.01 0.01
0 1.575772 0.108969 0.01 0.01
0 1.567617 0.118755 0.01 0.01
0 1.592897 0.105707 0.01 0.01
0 1.595343 0.063301 0.01 0.01
0 1.332754 0.092659 0.01 0.01
0 1.343356 0.080427 0.01 0.01
0 1.351511 0.069825 0.01 0.01
0 1.342540 0.069825 0.01 0.01
0 1.327046 0.071456 0.01 0.01
0 1.328677 0.064932 0.01 0.01
0 1.321337 0.067379 0.01 0.01
0 1.313182 0.067379 0.01 0.01
0 1.314813 0.074718 0.01 0.01
0 1.302581 0.069010 0.01 0.01
0 1.296872 0.073087 0.01 0.01
0 1.289533 0.069010 0.01 0.01
0 1.270777 0.071456 0.01 0.01
0 1.245496 0.070641 0.01 0.01
0 1.255282 0.069825 0.01 0.01
0 1.238157 0.063301 0.01 0.01
0 1.226740 0.069010 0.01 0.01
0 1.217770 0.060855 0.01 0.01
0 1.209615 0.075534 0.01 0.01
0 1.199013 0.074718 0.01 0.01
0 1.204722 0.120386 0.01 0.01
0 1.234895 0.113046 0.01 0.01
0 1.262622 0.116308 0.01 0.01
0 1.296872 0.114677 0.01 0.01
0 1.359666 0.122832 0.01 0.01
0 1.343356 0.127725 0.01 0.01
0 1.486067 0.104076 0.01 0.01
0 1.505639 0.107338 0.01 0.01
0 1.187596 0.049438 0.01 0.01
0 1.201460 0.053515 0.01 0.01
0 1.221031 0.046176 0.01 0.01
0 1.159869 0.073087 0.01 0.01
0 1.116648 0.080427 0.01 0.01
0 1.109309 0.064117 0.01 0.01
0 1.119095 0.067379 0.01 0.01
0 1.131327 0.070641 0.01 0.01
0 1.141929 0.078796 0.01 0.01
0 1.168840 0.111415 0.01 0.01
0 1.131327 0.114677 0.01 0.01
0 1.090552 0.077165 0.01 0.01
0 1.090552 0.066563 0.01 0.01
0 1.075873 0.074718 0.01 0.01
0 1.063641 0.069010 0.01 0.01
0 1.055486 0.074718 0.01 0.01
0 1.040807 0.074718 0.01 0.01
0 1.026128 0.073087 0.01 0.01
0 1.026128 0.060855 0.01 0.01
0 1.012265 0.072272 0.01 0.01
0 1.003294 0.064932 0.01 0.01
0 0.979645 0.059224 0.01 0.01
0 0.961704 0.066563 0.01 0.01
0 0.933977 0.060855 0.01 0.01
0 0.865476 0.117939 0.01 0.01
0 0.844273 0.115493 0.01 0.01
0 0.827148 0.115493 0.01 0.01
0 0.863845 0.081242 0.01 0.01
0 0.822255 0.080427 0.01 0.01
0 0.920930 0.120386 0.01 0.01
0 1.053040 0.152190 0.01 0.01
0 1.269961 0.137511 0.01 0.01
0 1.276485 0.144035 0.01 0.01
0 1.371082 0.153006 0.01 0.01
0 0.768024 0.285116 0.01 0.01
0 0.788412 0.272068 0.01 0.01
0 0.777810 0.254127 0.01 0.01
0 0.792489 0.241079 0.01 0.01
0 0.759054 0.232109 0.01 0.01
0 0.756607 0.263913 0.01 0.01
0 0.743560 0.266359 0.01 0.01
0 0.734589 0.276961 0.01 0.01
0 0.714202 0.271252 0.01 0.01
0 0.698707 0.282669 0.01 0.01
0 0.715833 0.315289 0.01 0.01
0 0.722357 0.335676 0.01 0.01
0 0.763131 0.329152 0.01 0.01
0 0.675058 0.273699 0.01 0.01
0 0.674242 0.255758 0.01 0.01
0 0.675873 0.237817 0.01 0.01
0 0.712571 0.237817 0.01 0.01
0 0.623682 0.260651 0.01 0.01
0 0.632652 0.241079 0.01 0.01
0 0.606556 0.231293 0.01 0.01
0 0.588616 0.235371 0.01 0.01
0 0.581276 0.282669 0.01 0.01
0 0.548656 0.258204 0.01 0.01
0 0.545394 0.235371 0.01 0.01
0 0.547841 0.215799 0.01 0.01
0 0.549472 0.197858 0.01 0.01
0 0.515221 0.238633 0.01 0.01
0 0.501358 0.218245 0.01 0.01
0 0.477708 0.233740 0.01 0.01
0 0.494018 0.262282 0.01 0.01
0 0.485863 0.276961 0.01 0.01
0 0.472815 0.285116 0.01 0.01
0 0.513590 0.299795 0.01 0.01
0 0.549472 0.328337 0.01 0.01
0 0.564966 0.482465 0.01 0.01
0 0.440196 0.292455 0.01 0.01
0 0.441827 0.254942 0.01 0.01
0 0.376587 0.292455 0.01 0.01
0 0.376587 0.275330 0.01 0.01
0 0.382295 0.252496 0.01 0.01
0 0.391266 0.205197 0.01 0.01
0 0.406760 0.229662 0.01 0.01
0 0.422255 0.208459 0.01 0.01
0 0.442642 0.218245 0.01 0.01
0 0.462214 0.223954 0.01 0.01
0 0.445904 0.179101 0.01 0.01
0 0.467922 0.180732 0.01 0.01
0 0.487494 0.175024 0.01 0.01
0 0.436118 0.146482 0.01 0.01
0 0.430410 0.157899 0.01 0.01
0 0.412469 0.166054 0.01 0.01
0 0.376587 0.209275 0.01 0.01
0 0.360277 0.209275 0.01 0.01
0 0.343152 0.206828 0.01 0.01
0 0.354569 0.220692 0.01 0.01
0 0.392081 0.311212 0.01 0.01
0 0.337443 0.197858 0.01 0.01
0 0.348045 0.161161 0.01 0.01
0 0.345598 0.143220 0.01 0.01
0 0.336628 0.127725 0.01 0.01
0 0.364355 0.127725 0.01 0.01
0 0.379849 0.148928 0.01 0.01
0 0.390450 0.135880 0.01 0.01
0 0.629390 0.233740 0.01 0.01
0 0.653040 0.183994 0.01 0.01
0 0.703600 0.218245 0.01 0.01
0 0.732958 0.193780 0.01 0.01
0 0.578830 0.199489 0.01 0.01
0 0.590247 0.204382 0.01 0.01
0 0.457321 0.186441 0.01 0.01
0 0.463029 0.126910 0.01 0.01
0 0.449166 0.122832 0.01 0.01
0 0.413284 0.126094 0.01 0.01
0 0.384742 0.087766 0.01 0.01
0 0.387188 0.082058 0.01 0.01
0 0.374141 0.081242 0.01 0.01
0 0.398605 0.083689 0.01 0.01
0 0.410838 0.080427 0.01 0.01
0 0.436118 0.080427 0.01 0.01
0 0.446720 0.080427 0.01 0.01
0 0.457321 0.084504 0.01 0.01
0 0.489125 0.083689 0.01 0.01
0 0.507066 0.083689 0.01 0.01
0 0.525823 0.086135 0.01 0.01
0 0.535608 0.082058 0.01 0.01
0 0.547025 0.084504 0.01 0.01
0 0.573121 0.080427 0.01 0.01
0 0.558442 0.086951 0.01 0.01
0 0.577199 0.080427 0.01 0.01
0 0.171490 0.298164 0.01 0.01
0 0.158442 0.265544 0.01 0.01
0 0.092387 0.258204 0.01 0.01
0 0.076077 0.252496 0.01 0.01
0 0.067922 0.286747 0.01 0.01
0 0.065476 0.275330 0.01 0.01
0 0.058952 0.263913 0.01 0.01
0 0.038565 0.266359 0.01 0.01
0 0.024701 0.197042 0.01 0.01
0 0.055690 0.226400 0.01 0.01
0 0.047535 0.246788 0.01 0.01
0 0.068738 0.237002 0.01 0.01
0 0.109513 0.239448 0.01 0.01
0 0.157627 0.244341 0.01 0.01
0 0.184538 0.248419 0.01 0.01
0 0.227759 0.295717 0.01 0.01
0 0.239992 0.316920 0.01 0.01
0 0.227759 0.271252 0.01 0.01
0 0.216342 0.262282 0.01 0.01
0 0.265272 0.246788 0.01 0.01
0 0.265272 0.231293 0.01 0.01
0 0.239176 0.208459 0.01 0.01
0 0.257933 0.206828 0.01 0.01
0 0.295445 0.221507 0.01 0.01
0 0.301969 0.206828 0.01 0.01
0 0.266903 0.197042 0.01 0.01
0 0.310940 0.288378 0.01 0.01
0 0.290552 0.289193 0.01 0.01
0 0.293814 0.312027 0.01 0.01
0 0.290552 0.360141 0.01 0.01
0 0.337851 0.292455 0.01 0.01
0 0.301154 0.261466 0.01 0.01
0 0.284028 0.272068 0.01 0.01
0 0.309309 0.248419 0.01 0.01
0 0.275058 0.183179 0.01 0.01
0 0.265272 0.179101 0.01 0.01
0 0.247331 0.179101 0.01 0.01
0 0.220420 0.183994 0.01 0.01
0 0.207372 0.198673 0.01 0.01
0 0.188616 0.202751 0.01 0.01
0 0.178014 0.202751 0.01 0.01
0 0.149472 0.212537 0.01 0.01
0 0.195955 0.223954 0.01 0.01
0 0.284028 0.157899 0.01 0.01
0 0.284028 0.169316 0.01 0.01
0 0.301154 0.161161 0.01 0.01
0 0.350899 0.092659 0.01 0.01
0 0.346821 0.086135 0.01 0.01
0 0.332958 0.097552 0.01 0.01
0 0.315017 0.089397 0.01 0.01
0 0.310940 0.084504 0.01 0.01
0 0.288921 0.086951 0.01 0.01
0 0.281582 0.086135 0.01 0.01
0 0.268534 0.087766 0.01 0.01
0 0.258748 0.087766 0.01 0.01
0 0.248962 0.091844 0.01 0.01
0 0.270981 0.122832 0.01 0.01
0 0.279135 0.126094 0.01 0.01
0 0.310124 0.126910 0.01 0.01
0 0.231837 0.092659 0.01 0.01
0 0.224497 0.089397 0.01 0.01
0 0.210634 0.086135 0.01 0.01
0 0.203294 0.088582 0.01 0.01
0 0.171490 0.095106 0.01 0.01
0 0.164151 0.086135 0.01 0.01
0 0.153549 0.086135 0.01 0.01
0 0.141317 0.088582 0.01 0.01
0 0.132346 0.087766 0.01 0.01
0 0.125007 0.095106 0.01 0.01
0 0.119299 0.086951 0.01 0.01
0 0.103804 0.097552 0.01 0.01
0 0.086679 0.090213 0.01 0.01
0 0.072000 0.091844 0.01 0.01
0 0.044273 0.095106 0.01 0.01
0 0.034487 0.093475 0.01 0.01
0 0.023886 0.091844 0.01 0.01
0 0.010022 0.091844 0.01 0.01
0 0.052428 0.146482 0.01 0.01
0 0.071184 0.126910 0.01 0.01
0 0.081786 0.137511 0.01 0.01
0 0.112775 0.132618 0.01 0.01
0 0.131531 0.126910 0.01 0.01
0 0.161704 0.128541 0.01 0.01
0 0.180461 0.127725 0.01 0.01
0 0.211449 0.134249 0.01 0.01
0 0.230206 0.127725 0.01 0.01
0 0.244885 0.134249 0.01 0.01
0 0.197586 0.153006 0.01 0.01
0 0.182092 0.163607 0.01 0.01
0 0.214711 0.154637 0.01 0.01
0 0.145394 0.181548 0.01 0.01
0 0.129900 0.190518 0.01 0.01
0 0.125823 0.180732 0.01 0.01
0 0.120930 0.210090 0.01 0.01
0 0.099727 0.206828 0.01 0.01
0 0.109513 0.183994 0.01 0.01
0 0.091572 0.180732 0.01 0.01
0 0.066291 0.189703 0.01 0.01
0 0.063845 0.212537 0.01 0.01
0 0.009207 0.134249 0.01 0.01
0 0.045904 0.199489 0.01 0.01
0 0.026332 0.183994 0.01 0.01
0 0.016546 0.187256 0.01 0.01
0 0.005945 0.179101 0.01 0.01
0 0.306738 0.176675 0.01 0.01
0 0.787857 0.080771 0.01 0.01
0 0.958886 0.360891 0.01 0.01
