0 0.149667 0.762890 0.01 0.01
0 0.106030 0.550658 0.01 0.01
0 0.139749 0.568510 0.01 0.01
0 0.262724 0.626030 0.01 0.01
0 0.393634 0.778757 0.01 0.01
0 0.633634 0.752972 0.01 0.01
0 0.720906 0.784708 0.01 0.01
0 1.022394 0.792642 0.01 0.01
0 1.153303 0.893799 0.01 0.01
0 1.123551 0.624047 0.01 0.01
0 1.323881 0.663716 0.01 0.01
0 1.405204 0.477270 0.01 0.01
0 0.810162 0.451485 0.01 0.01
0 0.500741 0.598262 0.01 0.01
0 0.570162 0.572477 0.01 0.01
0 0.514625 0.512972 0.01 0.01
0 0.389667 0.503055 0.01 0.01
0 0.399584 0.449501 0.01 0.01
0 0.131815 0.425700 0.01 0.01
0 0.080245 0.419749 0.01 0.01
0 0.014791 0.312642 0.01 0.01
0 0.052477 0.306691 0.01 0.01
0 0.117931 0.280906 0.01 0.01
0 0.238923 0.354295 0.01 0.01
0 0.199253 0.403881 0.01 0.01
0 0.266691 0.419749 0.01 0.01
0 0.292477 0.294791 0.01 0.01
0 0.381733 0.314625 0.01 0.01
0 0.453138 0.302724 0.01 0.01
0 0.548344 0.292807 0.01 0.01
0 0.593964 0.286857 0.01 0.01
0 0.461072 0.269005 0.01 0.01
0 0.625700 0.384047 0.01 0.01
0 0.639584 0.306691 0.01 0.01
0 0.663386 0.300741 0.01 0.01
0 0.740741 0.284873 0.01 0.01
0 0.007518 0.240741 0.01 0.01
0 0.048179 0.251650 0.01 0.01
0 0.071981 0.263551 0.01 0.01
0 0.068014 0.234791 0.01 0.01
0 0.086857 0.198096 0.01 0.01
0 0.151319 0.241733 0.01 0.01
0 0.029336 0.135617 0.01 0.01
0 0.014460 0.145534 0.01 0.01
0 0.019749 0.054047 0.01 0.01
0 0.071319 0.030245 0.01 0.01
0 0.076774 0.050080 0.01 0.01
0 0.083716 0.045121 0.01 0.01
0 0.091154 0.035700 0.01 0.01
0 0.096113 0.029749 0.01 0.01
0 0.104543 0.027270 0.01 0.01
0 0.111485 0.023303 0.01 0.01
0 0.051485 0.097683 0.01 0.01
0 0.071319 0.127435 0.01 0.01
0 0.056443 0.144791 0.01 0.01
0 0.091154 0.162146 0.01 0.01
0 0.107022 0.180493 0.01 0.01
0 0.125369 0.204295 0.01 0.01
0 0.140741 0.164129 0.01 0.01
0 0.115452 0.148757 0.01 0.01
0 0.150162 0.141319 0.01 0.01
0 0.184873 0.170576 0.01 0.01
0 0.172477 0.154212 0.01 0.01
0 0.209667 0.152229 0.01 0.01
0 0.200245 0.155700 0.01 0.01
0 0.190328 0.225121 0.01 0.01
0 0.151154 0.210245 0.01 0.01
0 0.119419 0.239005 0.01 0.01
0 0.211650 0.217187 0.01 0.01
0 0.235948 0.223634 0.01 0.01
0 0.235452 0.205782 0.01 0.01
0 0.241898 0.178510 0.01 0.01
0 0.250328 0.147270 0.01 0.01
0 0.270162 0.224129 0.01 0.01
0 0.282063 0.225121 0.01 0.01
0 0.287022 0.254873 0.01 0.01
0 0.311815 0.262311 0.01 0.01
0 0.296939 0.214708 0.01 0.01
0 0.343551 0.242972 0.01 0.01
0 0.354460 0.226609 0.01 0.01
0 0.340080 0.218675 0.01 0.01
0 0.351981 0.193386 0.01 0.01
0 0.327187 0.147270 0.01 0.01
0 0.314295 0.156691 0.01 0.01
0 0.332642 0.134377 0.01 0.01
0 0.359419 0.139832 0.01 0.01
0 0.346030 0.107105 0.01 0.01
0 0.369832 0.088757 0.01 0.01
0 0.369336 0.114047 0.01 0.01
0 0.376278 0.090741 0.01 0.01
0 0.390658 0.161154 0.01 0.01
0 0.375782 0.151237 0.01 0.01
0 0.391154 0.179501 0.01 0.01
0 0.398096 0.134873 0.01 0.01
0 0.398096 0.210245 0.01 0.01
0 0.364873 0.087766 0.01 0.01
0 0.427022 0.237766 0.01 0.01
0 0.405204 0.187187 0.01 0.01
0 0.411154 0.131650 0.01 0.01
0 0.465700 0.223881 0.01 0.01
0 0.443881 0.406361 0.01 0.01
0 0.468675 0.409336 0.01 0.01
0 0.551981 0.253634 0.01 0.01
0 0.596609 0.237766 0.01 0.01
0 0.629336 0.225865 0.01 0.01
0 0.656113 0.209005 0.01 0.01
0 0.692807 0.233799 0.01 0.01
0 0.758262 0.244708 0.01 0.01
0 0.750328 0.206030 0.01 0.01
0 0.763220 0.205038 0.01 0.01
0 0.749336 0.189171 0.01 0.01
0 0.778096 0.193138 0.01 0.01
0 0.571815 0.217931 0.01 0.01
0 0.511319 0.194129 0.01 0.01
0 0.468675 0.164377 0.01 0.01
0 0.407187 0.084047 0.01 0.01
0 0.429005 0.083055 0.01 0.01
0 0.440906 0.145534 0.01 0.01
0 0.444873 0.152477 0.01 0.01
0 0.456774 0.122724 0.01 0.01
0 0.466691 0.148510 0.01 0.01
0 0.485534 0.142559 0.01 0.01
0 0.497435 0.155204 0.01 0.01
0 0.441898 0.109584 0.01 0.01
0 0.447353 0.093716 0.01 0.01
0 0.438923 0.077353 0.01 0.01
0 0.471650 0.069419 0.01 0.01
0 0.489501 0.068923 0.01 0.01
0 0.497435 0.073881 0.01 0.01
0 0.505369 0.070410 0.01 0.01
0 0.513303 0.074377 0.01 0.01
0 0.514295 0.067931 0.01 0.01
0 0.519749 0.074377 0.01 0.01
0 0.532146 0.078840 0.01 0.01
0 0.537105 0.075369 0.01 0.01
0 0.530162 0.086278 0.01 0.01
0 0.547022 0.087270 0.01 0.01
0 0.546526 0.075865 0.01 0.01
0 0.552972 0.079832 0.01 0.01
0 0.560906 0.087270 0.01 0.01
0 0.577766 0.087766 0.01 0.01
0 0.578757 0.099667 0.01 0.01
0 0.564873 0.107105 0.01 0.01
0 0.539088 0.109088 0.01 0.01
0 0.528675 0.115534 0.01 0.01
0 0.508840 0.138840 0.01 0.01
0 0.505865 0.153220 0.01 0.01
0 0.532642 0.162642 0.01 0.01
0 0.528675 0.145286 0.01 0.01
0 0.543055 0.149749 0.01 0.01
0 0.569336 0.153220 0.01 0.01
0 0.574791 0.172063 0.01 0.01
0 0.558427 0.206278 0.01 0.01
0 0.545534 0.219667 0.01 0.01
0 0.535617 0.223138 0.01 0.01
0 0.550493 0.229088 0.01 0.01
0 0.643716 0.173055 0.01 0.01
0 0.594129 0.168096 0.01 0.01
0 0.650658 0.158675 0.01 0.01
0 0.658096 0.168096 0.01 0.01
0 0.678923 0.173551 0.01 0.01
0 0.694791 0.121981 0.01 0.01
0 0.716113 0.119997 0.01 0.01
0 0.686361 0.118014 0.01 0.01
0 0.677931 0.112559 0.01 0.01
0 0.664047 0.112559 0.01 0.01
0 0.668510 0.114047 0.01 0.01
0 0.653138 0.112063 0.01 0.01
0 0.642724 0.115038 0.01 0.01
0 0.643220 0.130410 0.01 0.01
0 0.631815 0.129915 0.01 0.01
0 0.595121 0.128427 0.01 0.01
0 0.571319 0.115534 0.01 0.01
0 0.565369 0.135369 0.01 0.01
0 0.609997 0.117518 0.01 0.01
0 0.623881 0.113551 0.01 0.01
0 0.607022 0.100658 0.01 0.01
0 0.596609 0.096196 0.01 0.01
0 0.593634 0.082807 0.01 0.01
0 0.649667 0.144295 0.01 0.01
0 0.831650 0.153468 0.01 0.01
0 0.831650 0.180245 0.01 0.01
0 0.839584 0.245700 0.01 0.01
0 0.891154 0.237766 0.01 0.01
0 0.906030 0.214956 0.01 0.01
0 0.915948 0.233799 0.01 0.01
0 0.954625 0.283386 0.01 0.01
0 0.961567 0.211981 0.01 0.01
0 0.411154 0.198096 0.01 0.01
0 0.986691 0.303220 0.01 0.01
0 1.002559 0.310162 0.01 0.01
0 1.000576 0.356774 0.01 0.01
0 0.991650 0.270493 0.01 0.01
0 1.006526 0.252642 0.01 0.01
0 0.998592 0.233799 0.01 0.01
0 1.004543 0.211981 0.01 0.01
0 1.016443 0.232807 0.01 0.01
0 1.055121 0.240741 0.01 0.01
0 1.087848 0.261567 0.01 0.01
0 1.121567 0.281402 0.01 0.01
0 1.109667 0.232807 0.01 0.01
0 1.095782 0.222890 0.01 0.01
0 1.163220 0.230824 0.01 0.01
0 1.158262 0.213964 0.01 0.01
0 1.023386 0.210989 0.01 0.01
0 1.011485 0.178262 0.01 0.01
0 0.986691 0.170328 0.01 0.01
0 0.851815 0.151237 0.01 0.01
0 0.836939 0.106113 0.01 0.01
0 0.859749 0.118510 0.01 0.01
0 0.881567 0.114543 0.01 0.01
0 0.867683 0.119501 0.01 0.01
0 0.875121 0.115038 0.01 0.01
0 0.919749 0.117022 0.01 0.01
0 0.873138 0.155204 0.01 0.01
0 0.879088 0.162642 0.01 0.01
0 0.905865 0.164129 0.01 0.01
0 0.916278 0.162146 0.01 0.01
0 0.995617 0.154212 0.01 0.01
0 1.024377 0.138344 0.01 0.01
0 1.039749 0.147766 0.01 0.01
0 1.050162 0.146278 0.01 0.01
0 1.051154 0.159171 0.01 0.01
0 1.042724 0.169584 0.01 0.01
0 1.052642 0.173551 0.01 0.01
0 1.048179 0.183468 0.01 0.01
0 1.170162 0.179997 0.01 0.01
0 1.150328 0.173055 0.01 0.01
0 1.160741 0.161650 0.01 0.01
0 1.151319 0.147766 0.01 0.01
0 1.136443 0.127931 0.01 0.01
0 1.149832 0.118510 0.01 0.01
0 1.162724 0.120493 0.01 0.01
0 1.157270 0.139832 0.01 0.01
0 1.164212 0.135369 0.01 0.01
0 1.170162 0.145286 0.01 0.01
0 1.181567 0.158179 0.01 0.01
0 1.180576 0.144791 0.01 0.01
0 1.176113 0.139336 0.01 0.01
0 1.176609 0.134377 0.01 0.01
0 1.190989 0.137848 0.01 0.01
0 1.336774 0.237022 0.01 0.01
0 1.306030 0.244956 0.01 0.01
0 1.310493 0.275204 0.01 0.01
0 1.435948 0.311154 0.01 0.01
0 1.527187 0.321072 0.01 0.01
0 1.539088 0.343881 0.01 0.01
0 1.534129 0.415286 0.01 0.01
0 1.415121 0.254625 0.01 0.01
0 1.403220 0.266526 0.01 0.01
0 1.540080 0.274956 0.01 0.01
0 1.559253 0.297270 0.01 0.01
0 1.573138 0.290328 0.01 0.01
0 1.598923 0.327022 0.01 0.01
0 1.589997 0.251650 0.01 0.01
0 1.546361 0.237766 0.01 0.01
0 1.494791 0.244708 0.01 0.01
0 1.469005 0.247683 0.01 0.01
0 1.357600 0.190658 0.01 0.01
0 1.355617 0.171815 0.01 0.01
0 1.366030 0.178262 0.01 0.01
0 1.368014 0.167848 0.01 0.01
0 1.375948 0.175286 0.01 0.01
0 1.385865 0.185204 0.01 0.01
0 1.392807 0.182724 0.01 0.01
0 1.409171 0.185700 0.01 0.01
0 1.402724 0.219419 0.01 0.01
0 1.422063 0.221402 0.01 0.01
0 1.408675 0.225369 0.01 0.01
0 1.434460 0.217435 0.01 0.01
0 1.442890 0.228344 0.01 0.01
0 1.455782 0.227353 0.01 0.01
0 1.467683 0.230824 0.01 0.01
0 1.484047 0.222890 0.01 0.01
0 1.505369 0.191650 0.01 0.01
0 1.521733 0.203551 0.01 0.01
0 1.564377 0.214956 0.01 0.01
0 1.592642 0.217435 0.01 0.01
0 1.578757 0.191650 0.01 0.01
0 1.567848 0.190162 0.01 0.01
0 1.561402 0.183220 0.01 0.01
0 1.552972 0.176774 0.01 0.01
0 1.534129 0.180741 0.01 0.01
0 1.539088 0.181237 0.01 0.01
0 1.542559 0.167848 0.01 0.01
0 1.555452 0.164873 0.01 0.01
0 1.565865 0.172311 0.01 0.01
0 1.577270 0.166361 0.01 0.01
0 1.576774 0.173799 0.01 0.01
0 1.590162 0.162394 0.01 0.01
0 1.591154 0.183716 0.01 0.01
0 1.579749 0.183220 0.01 0.01
0 1.565865 0.155948 0.01 0.01
0 1.529171 0.165865 0.01 0.01
0 1.522724 0.172807 0.01 0.01
0 1.519749 0.185700 0.01 0.01
0 1.488014 0.184708 0.01 0.01
0 1.493468 0.199088 0.01 0.01
0 1.465700 0.187683 0.01 0.01
0 1.448344 0.184708 0.01 0.01
0 1.438427 0.188675 0.01 0.01
0 1.424047 0.182229 0.01 0.01
0 1.478592 0.187683 0.01 0.01
0 1.476113 0.164873 0.01 0.01
0 1.489005 0.157931 0.01 0.01
0 1.505865 0.166361 0.01 0.01
0 1.495948 0.162890 0.01 0.01
0 1.512311 0.151485 0.01 0.01
0 1.494956 0.152477 0.01 0.01
0 1.473634 0.153964 0.01 0.01
0 1.473634 0.146030 0.01 0.01
0 1.468179 0.150493 0.01 0.01
0 1.455782 0.159915 0.01 0.01
0 1.460245 0.174791 0.01 0.01
0 1.452807 0.173799 0.01 0.01
0 1.444377 0.168840 0.01 0.01
0 1.439419 0.163386 0.01 0.01
0 1.462229 0.165369 0.01 0.01
0 1.427518 0.161402 0.01 0.01
0 1.418592 0.166361 0.01 0.01
0 1.408675 0.169336 0.01 0.01
0 1.387353 0.172311 0.01 0.01
0 1.392807 0.166857 0.01 0.01
0 1.394791 0.159915 0.01 0.01
0 1.379419 0.163386 0.01 0.01
0 1.370989 0.151981 0.01 0.01
0 1.359584 0.144543 0.01 0.01
0 1.394791 0.132146 0.01 0.01
0 1.398757 0.151981 0.01 0.01
0 1.383881 0.156939 0.01 0.01
0 1.391815 0.152477 0.01 0.01
0 1.416113 0.141567 0.01 0.01
0 1.405700 0.149501 0.01 0.01
0 1.409667 0.150989 0.01 0.01
0 1.429997 0.143055 0.01 0.01
0 1.431485 0.152972 0.01 0.01
0 1.439419 0.144047 0.01 0.01
0 1.447353 0.138096 0.01 0.01
0 1.440906 0.134625 0.01 0.01
0 1.450824 0.147518 0.01 0.01
0 1.458757 0.147518 0.01 0.01
0 1.285760 0.181764 0.01 0.01
0 1.287158 0.213132 0.01 0.01
0 0.570145 0.248406 0.01 0.01
