0 0.046076 0.585153 0.01 0.01
0 0.024334 0.582595 0.01 0.01
0 0.023055 0.544865 0.01 0.01
0 0.010265 0.529517 0.01 0.01
0 0.035205 0.496264 0.01 0.01
0 0.050553 0.471324 0.01 0.01
0 0.063342 0.452139 0.01 0.01
0 0.000033 0.434873 0.01 0.01
0 0.005149 0.429117 0.01 0.01
0 0.009625 0.417607 0.01 0.01
0 0.044158 0.383074 0.01 0.01
0 0.092119 0.372842 0.01 0.01
0 0.127931 0.374761 0.01 0.01
0 0.145197 0.365169 0.01 0.01
0 0.195717 0.351739 0.01 0.01
0 0.108107 0.594105 0.01 0.01
0 0.074214 0.568526 0.01 0.01
0 0.078690 0.551899 0.01 0.01
0 0.062703 0.531436 0.01 0.01
0 0.069098 0.506496 0.01 0.01
0 0.076772 0.480277 0.01 0.01
0 0.130489 0.473882 0.01 0.01
0 0.104270 0.450860 0.01 0.01
0 0.169498 0.502659 0.01 0.01
0 0.153510 0.531436 0.01 0.01
0 0.207227 0.524401 0.01 0.01
0 0.182927 0.529517 0.01 0.01
0 0.191240 0.504577 0.01 0.01
0 0.225133 0.504577 0.01 0.01
0 0.258386 0.536552 0.01 0.01
0 0.265421 0.555736 0.01 0.01
0 0.225773 0.581955 0.01 0.01
0 0.272455 0.619046 0.01 0.01
0 0.282048 0.567247 0.01 0.01
0 0.283966 0.518646 0.01 0.01
0 0.273095 0.506496 0.01 0.01
0 0.250073 0.477719 0.01 0.01
0 0.243678 0.454697 0.01 0.01
0 0.222575 0.450221 0.01 0.01
0 0.209785 0.450221 0.01 0.01
0 0.188043 0.454697 0.01 0.01
0 0.156068 0.450221 0.01 0.01
0 0.161184 0.472603 0.01 0.01
0 0.216180 0.432315 0.01 0.01
0 0.237923 0.436791 0.01 0.01
0 0.227052 0.441268 0.01 0.01
0 0.289082 0.461092 0.01 0.01
0 0.340241 0.473882 0.01 0.01
0 0.333207 0.519925 0.01 0.01
0 0.324893 0.509693 0.01 0.01
0 0.306988 0.510972 0.01 0.01
0 0.345357 0.537830 0.01 0.01
0 0.309546 0.618406 0.01 0.01
0 0.338323 0.620964 0.01 0.01
0 0.381808 0.616488 0.01 0.01
0 0.424653 0.622243 0.01 0.01
0 0.425293 0.553818 0.01 0.01
0 0.387563 0.562771 0.01 0.01
0 0.383726 0.546783 0.01 0.01
0 0.390121 0.526320 0.01 0.01
0 0.363902 0.508414 0.01 0.01
0 0.386284 0.475161 0.01 0.01
0 0.419538 0.478998 0.01 0.01
0 0.419538 0.499461 0.01 0.01
0 0.452151 0.487950 0.01 0.01
0 0.429769 0.524401 0.01 0.01
0 0.489881 0.588350 0.01 0.01
0 0.473255 0.606256 0.01 0.01
0 0.523135 0.610732 0.01 0.01
0 0.539761 0.622243 0.01 0.01
0 0.572375 0.608814 0.01 0.01
0 0.599873 0.616488 0.01 0.01
0 0.609466 0.535912 0.01 0.01
0 0.549993 0.546783 0.01 0.01
0 0.539761 0.491787 0.01 0.01
0 0.496276 0.499461 0.01 0.01
0 0.475813 0.502659 0.01 0.01
0 0.010904 0.362611 0.01 0.01
0 0.018578 0.347263 0.01 0.01
0 0.063982 0.344705 0.01 0.01
0 0.292279 0.372842 0.01 0.01
0 0.278850 0.390109 0.01 0.01
0 0.317219 0.383714 0.01 0.01
0 0.335125 0.376040 0.01 0.01
0 0.317859 0.349821 0.01 0.01
0 0.388842 0.388190 0.01 0.01
0 0.415061 0.383714 0.01 0.01
0 0.401632 0.369645 0.01 0.01
0 0.470697 0.360692 0.01 0.01
0 0.471336 0.393946 0.01 0.01
0 0.521856 0.425281 0.01 0.01
0 0.526972 0.411851 0.01 0.01
0 0.503311 0.439989 0.01 0.01
0 0.534645 0.444465 0.01 0.01
0 0.529530 0.464929 0.01 0.01
0 0.514182 0.461731 0.01 0.01
0 0.491800 0.459173 0.01 0.01
0 0.575573 0.473242 0.01 0.01
0 0.597315 0.470684 0.01 0.01
0 0.589641 0.455976 0.01 0.01
0 0.572375 0.450221 0.01 0.01
0 0.569817 0.428478 0.01 0.01
0 0.596036 0.436791 0.01 0.01
0 0.648474 0.445744 0.01 0.01
0 0.665101 0.453418 0.01 0.01
0 0.675333 0.472603 0.01 0.01
0 0.703470 0.459173 0.01 0.01
0 0.736724 0.504577 0.01 0.01
0 0.709226 0.540388 0.01 0.01
0 0.721376 0.550620 0.01 0.01
0 0.733526 0.569805 0.01 0.01
0 0.761024 0.569805 0.01 0.01
0 0.796196 0.600500 0.01 0.01
0 0.740561 0.613930 0.01 0.01
0 0.714981 0.638870 0.01 0.01
0 0.711784 0.607535 0.01 0.01
0 0.716900 0.587711 0.01 0.01
0 0.657427 0.585153 0.01 0.01
0 0.585805 0.535273 0.01 0.01
0 0.621616 0.461092 0.01 0.01
0 0.626732 0.452779 0.01 0.01
0 0.640161 0.461731 0.01 0.01
0 0.685565 0.518646 0.01 0.01
0 0.672775 0.517367 0.01 0.01
0 0.764222 0.462371 0.01 0.01
0 0.770617 0.380516 0.01 0.01
0 0.709226 0.397143 0.01 0.01
0 0.696436 0.378598 0.01 0.01
0 0.665101 0.358774 0.01 0.01
0 0.638243 0.358774 0.01 0.01
0 0.637603 0.343426 0.01 0.01
0 0.742479 0.365808 0.01 0.01
0 0.790441 0.347263 0.01 0.01
0 0.015381 0.188461 0.01 0.01
0 0.007707 0.189100 0.01 0.01
0 0.005149 0.214040 0.01 0.01
0 0.002591 0.228749 0.01 0.01
0 0.017939 0.217238 0.01 0.01
0 0.026892 0.205727 0.01 0.01
0 0.023694 0.232585 0.01 0.01
0 0.014102 0.252410 0.01 0.01
0 0.037123 0.279908 0.01 0.01
0 0.006428 0.284384 0.01 0.01
0 0.012823 0.331067 0.01 0.01
0 0.033287 0.320835 0.01 0.01
0 0.059506 0.268397 0.01 0.01
0 0.072295 0.239620 0.01 0.01
0 0.070377 0.219156 0.01 0.01
0 0.067179 0.209564 0.01 0.01
0 0.049913 0.205087 0.01 0.01
0 0.044158 0.194216 0.01 0.01
0 0.051192 0.180147 0.01 0.01
0 0.031368 0.196135 0.01 0.01
0 0.058227 0.234504 0.01 0.01
0 0.108107 0.238980 0.01 0.01
0 0.117060 0.179508 0.01 0.01
0 0.097235 0.187821 0.01 0.01
0 0.136244 0.187821 0.01 0.01
0 0.107467 0.209564 0.01 0.01
0 0.140721 0.211482 0.01 0.01
0 0.145837 0.199332 0.01 0.01
0 0.149034 0.191658 0.01 0.01
0 0.155429 0.205087 0.01 0.01
0 0.173335 0.207645 0.01 0.01
0 0.210425 0.200611 0.01 0.01
0 0.211064 0.183984 0.01 0.01
0 0.230888 0.189100 0.01 0.01
0 0.225133 0.216598 0.01 0.01
0 0.235365 0.302290 0.01 0.01
0 0.220017 0.280547 0.01 0.01
0 0.202111 0.292058 0.01 0.01
0 0.190601 0.296534 0.01 0.01
0 0.189322 0.326590 0.01 0.01
0 0.173974 0.340020 0.01 0.01
0 0.173335 0.324032 0.01 0.01
0 0.171416 0.279908 0.01 0.01
0 0.150952 0.254968 0.01 0.01
0 0.173974 0.260723 0.01 0.01
0 0.186764 0.259444 0.01 0.01
0 0.150952 0.231946 0.01 0.01
0 0.127931 0.246015 0.01 0.01
0 0.140081 0.225551 0.01 0.01
0 0.120257 0.335543 0.01 0.01
0 0.083167 0.314440 0.01 0.01
0 0.085085 0.292058 0.01 0.01
0 0.068458 0.319556 0.01 0.01
0 0.285884 0.287581 0.01 0.01
0 0.283966 0.252410 0.01 0.01
0 0.279490 0.237062 0.01 0.01
0 0.280129 0.174392 0.01 0.01
0 0.286524 0.180787 0.01 0.01
0 0.359426 0.187182 0.01 0.01
0 0.342159 0.187182 0.01 0.01
0 0.337044 0.196774 0.01 0.01
0 0.333207 0.254968 0.01 0.01
0 0.335765 0.270955 0.01 0.01
0 0.396516 0.331067 0.01 0.01
0 0.431688 0.322114 0.01 0.01
0 0.370936 0.272873 0.01 0.01
0 0.377971 0.237062 0.01 0.01
0 0.371576 0.251131 0.01 0.01
0 0.410585 0.223633 0.01 0.01
0 0.372215 0.203809 0.01 0.01
0 0.385005 0.198053 0.01 0.01
0 0.399074 0.178229 0.01 0.01
0 0.422095 0.183345 0.01 0.01
0 0.399074 0.190379 0.01 0.01
0 0.528251 0.176950 0.01 0.01
0 0.492439 0.320835 0.01 0.01
0 0.459825 0.336822 0.01 0.01
0 0.389482 0.176950 0.01 0.01
0 0.409306 0.208285 0.01 0.01
0 0.544238 0.178229 0.01 0.01
0 0.557667 0.179508 0.01 0.01
0 0.581968 0.171834 0.01 0.01
0 0.598594 0.176950 0.01 0.01
0 0.595397 0.198693 0.01 0.01
0 0.611384 0.192937 0.01 0.01
0 0.620976 0.175032 0.01 0.01
0 0.642719 0.181426 0.01 0.01
0 0.642719 0.201890 0.01 0.01
0 0.645916 0.170555 0.01 0.01
0 0.668299 0.182705 0.01 0.01
0 0.677251 0.189100 0.01 0.01
0 0.681728 0.176311 0.01 0.01
0 0.686204 0.160323 0.01 0.01
0 0.707307 0.193577 0.01 0.01
0 0.706028 0.214680 0.01 0.01
0 0.724574 0.218517 0.01 0.01
0 0.741840 0.223633 0.01 0.01
0 0.725213 0.182705 0.01 0.01
0 0.734166 0.171195 0.01 0.01
0 0.744398 0.189740 0.01 0.01
0 0.769977 0.172474 0.01 0.01
0 0.779570 0.170555 0.01 0.01
0 0.785964 0.183984 0.01 0.01
0 0.773814 0.313161 0.01 0.01
0 0.785325 0.310603 0.01 0.01
0 0.707307 0.315719 0.01 0.01
0 0.714342 0.302929 0.01 0.01
0 0.716260 0.296534 0.01 0.01
0 0.695797 0.260723 0.01 0.01
0 0.696436 0.230667 0.01 0.01
0 0.686204 0.216598 0.01 0.01
0 0.785964 0.274792 0.01 0.01
0 0.758466 0.295255 0.01 0.01
0 0.606908 0.315079 0.01 0.01
0 0.582607 0.336822 0.01 0.01
0 0.552551 0.331067 0.01 0.01
0 0.565341 0.301011 0.01 0.01
0 0.581328 0.288221 0.01 0.01
0 0.352391 0.212122 0.01 0.01
0 0.350473 0.176311 0.01 0.01
0 0.567899 0.191658 0.01 0.01
0 0.541680 0.197414 0.01 0.01
0 0.777651 0.351530 0.01 0.01
0 0.837123 0.376679 0.01 0.01
0 0.824334 0.365169 0.01 0.01
0 0.888922 0.349181 0.01 0.01
0 0.900433 0.349821 0.01 0.01
0 0.954150 0.356216 0.01 0.01
0 1.034086 0.380516 0.01 0.01
0 1.012983 0.418886 0.01 0.01
0 1.004669 0.416967 0.01 0.01
0 0.966300 0.464929 0.01 0.01
0 0.960545 0.481556 0.01 0.01
0 0.959266 0.456615 0.01 0.01
0 0.950952 0.438070 0.01 0.01
0 0.912583 0.448302 0.01 0.01
0 0.917699 0.432315 0.01 0.01
0 0.889562 0.454697 0.01 0.01
0 0.913223 0.480277 0.01 0.01
0 0.902351 0.463650 0.01 0.01
0 0.850553 0.486032 0.01 0.01
0 0.831368 0.496264 0.01 0.01
0 0.808346 0.489229 0.01 0.01
0 0.800033 0.569805 0.01 0.01
0 0.842879 0.609453 0.01 0.01
0 0.805149 0.573002 0.01 0.01
0 0.838402 0.555097 0.01 0.01
0 0.894677 0.600500 0.01 0.01
0 0.860785 0.601779 0.01 0.01
0 0.957987 0.580676 0.01 0.01
0 0.913862 0.576200 0.01 0.01
0 0.905549 0.555097 0.01 0.01
0 0.961184 0.562771 0.01 0.01
0 1.004669 0.586432 0.01 0.01
0 1.003390 0.574921 0.01 0.01
0 1.029609 0.619046 0.01 0.01
0 1.035365 0.594105 0.01 0.01
0 0.956068 0.537830 0.01 0.01
0 0.930489 0.527599 0.01 0.01
0 0.870377 0.521843 0.01 0.01
0 0.991880 0.491787 0.01 0.01
0 1.016180 0.494985 0.01 0.01
0 1.020017 0.539749 0.01 0.01
0 0.996356 0.548062 0.01 0.01
0 1.068618 0.535273 0.01 0.01
0 1.059665 0.560213 0.01 0.01
0 1.062863 0.507135 0.01 0.01
0 1.043678 0.477079 0.01 0.01
0 1.056468 0.468126 0.01 0.01
0 1.086524 0.455336 0.01 0.01
0 1.109546 0.490508 0.01 0.01
0 1.094198 0.517367 0.01 0.01
0 1.114661 0.537830 0.01 0.01
0 1.108267 0.580676 0.01 0.01
0 1.081408 0.587711 0.01 0.01
0 1.126812 0.598582 0.01 0.01
0 1.107627 0.651020 0.01 0.01
0 1.064142 0.356216 0.01 0.01
0 1.041120 0.344705 0.01 0.01
0 0.999554 0.342787 0.01 0.01
0 1.094198 0.385632 0.01 0.01
0 1.208027 0.365169 0.01 0.01
0 1.205469 0.402898 0.01 0.01
0 1.185645 0.432315 0.01 0.01
0 1.258546 0.484753 0.01 0.01
0 1.232967 0.513530 0.01 0.01
0 1.213143 0.513530 0.01 0.01
0 1.245117 0.424002 0.01 0.01
0 1.226572 0.443186 0.01 0.01
0 1.188203 0.601779 0.01 0.01
0 1.167099 0.587711 0.01 0.01
0 1.288602 0.598582 0.01 0.01
0 1.331448 0.632475 0.01 0.01
0 1.386444 0.635672 0.01 0.01
0 1.339761 0.627359 0.01 0.01
0 1.426092 0.651020 0.01 0.01
0 1.461264 0.633754 0.01 0.01
0 1.490681 0.615209 0.01 0.01
0 1.527131 0.595384 0.01 0.01
0 1.547595 0.628638 0.01 0.01
0 1.543119 0.614569 0.01 0.01
0 1.568059 0.592826 0.01 0.01
0 1.580848 0.618406 0.01 0.01
0 1.596196 0.535912 0.01 0.01
0 1.524574 0.499461 0.01 0.01
0 1.536084 0.536552 0.01 0.01
0 1.240001 0.388190 0.01 0.01
0 1.262383 0.367087 0.01 0.01
0 1.222095 0.344705 0.01 0.01
0 1.259186 0.341508 0.01 0.01
0 1.275813 0.344705 0.01 0.01
0 1.291160 0.344705 0.01 0.01
0 1.355109 0.368366 0.01 0.01
0 1.360225 0.344705 0.01 0.01
0 1.394118 0.392667 0.01 0.01
0 1.426732 0.418886 0.01 0.01
0 1.387084 0.424002 0.01 0.01
0 1.380049 0.457894 0.01 0.01
0 1.380689 0.481556 0.01 0.01
0 1.310345 0.558294 0.01 0.01
0 1.287323 0.582595 0.01 0.01
0 1.252791 0.578758 0.01 0.01
0 1.215061 0.613930 0.01 0.01
0 1.214422 0.591548 0.01 0.01
0 1.218898 0.569805 0.01 0.01
0 1.193958 0.546783 0.01 0.01
0 1.235525 0.549341 0.01 0.01
0 1.165821 0.568526 0.01 0.01
0 1.159426 0.525041 0.01 0.01
0 1.140880 0.505217 0.01 0.01
0 1.275173 0.425281 0.01 0.01
0 1.326972 0.417607 0.01 0.01
0 1.327611 0.400980 0.01 0.01
0 1.460625 0.372842 0.01 0.01
0 1.488123 0.390748 0.01 0.01
0 1.497715 0.428478 0.01 0.01
0 1.586604 0.452139 0.01 0.01
0 1.567419 0.420804 0.01 0.01
0 1.544398 0.395225 0.01 0.01
0 1.560385 0.386272 0.01 0.01
0 1.535445 0.361332 0.01 0.01
0 1.479809 0.345344 0.01 0.01
0 1.416500 0.347263 0.01 0.01
0 1.425453 0.487950 0.01 0.01
0 1.394757 0.523122 0.01 0.01
0 1.413942 0.539749 0.01 0.01
0 1.464462 0.513530 0.01 0.01
0 1.497715 0.526959 0.01 0.01
0 1.457427 0.472603 0.01 0.01
0 1.315461 0.592187 0.01 0.01
0 1.365341 0.592826 0.01 0.01
0 1.357667 0.567247 0.01 0.01
0 1.398594 0.581955 0.01 0.01
0 1.424174 0.592826 0.01 0.01
0 1.463183 0.599861 0.01 0.01
0 1.554629 0.506496 0.01 0.01
0 1.416500 0.420804 0.01 0.01
0 1.552072 0.370285 0.01 0.01
0 1.563582 0.367727 0.01 0.01
0 1.572535 0.367727 0.01 0.01
0 1.303950 0.535912 0.01 0.01
0 1.353191 0.541028 0.01 0.01
0 1.329530 0.470045 0.01 0.01
0 1.316740 0.367727 0.01 0.01
0 1.417779 0.363890 0.01 0.01
0 1.211224 0.553818 0.01 0.01
0 1.171576 0.532075 0.01 0.01
0 1.066060 0.519925 0.01 0.01
0 1.046236 0.539749 0.01 0.01
0 0.981648 0.471324 0.01 0.01
0 0.945837 0.454697 0.01 0.01
0 0.929210 0.455336 0.01 0.01
0 0.840321 0.316358 0.01 0.01
0 0.840960 0.322114 0.01 0.01
0 0.867819 0.336183 0.01 0.01
0 0.883806 0.322753 0.01 0.01
0 0.916420 0.331067 0.01 0.01
0 0.890201 0.302929 0.01 0.01
0 0.881888 0.276071 0.01 0.01
0 0.835844 0.173753 0.01 0.01
0 0.826252 0.184624 0.01 0.01
0 0.811544 0.175671 0.01 0.01
0 0.812183 0.189100 0.01 0.01
0 0.823694 0.288221 0.01 0.01
0 0.813462 0.263281 0.01 0.01
0 0.835205 0.263920 0.01 0.01
0 0.947755 0.331706 0.01 0.01
0 0.947115 0.311882 0.01 0.01
0 0.930489 0.297174 0.01 0.01
0 0.918978 0.286303 0.01 0.01
0 0.994438 0.295895 0.01 0.01
0 1.030249 0.318916 0.01 0.01
0 1.040481 0.317637 0.01 0.01
0 1.066700 0.270315 0.01 0.01
0 1.047515 0.267118 0.01 0.01
0 1.062863 0.243457 0.01 0.01
0 1.033446 0.243457 0.01 0.01
0 1.037923 0.254968 0.01 0.01
0 1.027691 0.241538 0.01 0.01
0 1.043039 0.219156 0.01 0.01
0 1.037923 0.198693 0.01 0.01
0 1.015541 0.196135 0.01 0.01
0 1.021296 0.180147 0.01 0.01
0 1.005309 0.180147 0.01 0.01
0 1.009785 0.169276 0.01 0.01
0 0.993159 0.168637 0.01 0.01
0 0.986764 0.173113 0.01 0.01
0 0.978450 0.175671 0.01 0.01
0 0.969498 0.159684 0.01 0.01
0 0.998275 0.146894 0.01 0.01
0 1.007227 0.139860 0.01 0.01
0 0.949673 0.175671 0.01 0.01
0 0.943279 0.164800 0.01 0.01
0 0.950952 0.196135 0.01 0.01
0 0.935605 0.214040 0.01 0.01
0 0.954150 0.205087 0.01 0.01
0 0.913862 0.194216 0.01 0.01
0 0.886364 0.201251 0.01 0.01
0 0.875493 0.216598 0.01 0.01
0 0.849274 0.214040 0.01 0.01
0 0.856948 0.201251 0.01 0.01
0 0.875493 0.193577 0.01 0.01
0 0.888922 0.180147 0.01 0.01
0 0.908746 0.178229 0.01 0.01
0 0.892759 0.169276 0.01 0.01
0 0.909386 0.152010 0.01 0.01
0 0.931768 0.176311 0.01 0.01
0 0.920896 0.171834 0.01 0.01
0 0.879330 0.154568 0.01 0.01
0 0.863342 0.164160 0.01 0.01
0 0.853111 0.165439 0.01 0.01
0 0.850553 0.182705 0.01 0.01
0 0.854390 0.231946 0.01 0.01
0 0.858866 0.251131 0.01 0.01
0 0.890201 0.238980 0.01 0.01
0 1.079490 0.237062 0.01 0.01
0 1.103790 0.240259 0.01 0.01
0 1.114022 0.244736 0.01 0.01
0 1.108267 0.269036 0.01 0.01
0 1.100593 0.223633 0.01 0.01
0 1.066700 0.192298 0.01 0.01
0 1.051352 0.187821 0.01 0.01
0 1.046236 0.177589 0.01 0.01
0 1.037923 0.173753 0.01 0.01
0 1.062223 0.166718 0.01 0.01
0 1.080769 0.162242 0.01 0.01
0 1.068618 0.176311 0.01 0.01
0 1.087163 0.176311 0.01 0.01
0 1.109546 0.177589 0.01 0.01
0 1.114661 0.167997 0.01 0.01
0 1.145996 0.156486 0.01 0.01
0 1.140880 0.180787 0.01 0.01
0 1.168378 0.201251 0.01 0.01
0 1.166460 0.234504 0.01 0.01
0 1.150473 0.241538 0.01 0.01
0 1.121696 0.230028 0.01 0.01
0 1.124893 0.208285 0.01 0.01
0 1.110825 0.194856 0.01 0.01
0 1.099953 0.191019 0.01 0.01
0 1.247675 0.285663 0.01 0.01
0 1.226572 0.285024 0.01 0.01
0 1.208027 0.290139 0.01 0.01
0 1.190761 0.289500 0.01 0.01
0 1.161344 0.283745 0.01 0.01
0 1.149194 0.267118 0.01 0.01
0 1.148554 0.331067 0.01 0.01
0 1.263023 0.295895 0.01 0.01
0 1.270697 0.292697 0.01 0.01
0 1.286684 0.297174 0.01 0.01
0 1.289242 0.280547 0.01 0.01
0 1.301392 0.269036 0.01 0.01
0 1.319298 0.280547 0.01 0.01
0 1.326972 0.262641 0.01 0.01
0 1.284765 0.210203 0.01 0.01
0 1.265581 0.233225 0.01 0.01
0 1.231688 0.237701 0.01 0.01
0 1.219538 0.244736 0.01 0.01
0 1.198434 0.252410 0.01 0.01
0 1.191400 0.264560 0.01 0.01
0 1.169657 0.263281 0.01 0.01
0 1.192040 0.234504 0.01 0.01
0 1.206108 0.226191 0.01 0.01
0 1.214422 0.205087 0.01 0.01
0 1.224653 0.212122 0.01 0.01
0 1.179250 0.190379 0.01 0.01
0 1.207387 0.164800 0.01 0.01
0 1.227851 0.163521 0.01 0.01
0 1.247036 0.157765 0.01 0.01
0 1.236164 0.172474 0.01 0.01
0 1.241280 0.166718 0.01 0.01
0 1.276452 0.143057 0.01 0.01
0 1.294997 0.154568 0.01 0.01
0 1.367899 0.315079 0.01 0.01
0 1.330169 0.318277 0.01 0.01
0 1.331448 0.331067 0.01 0.01
0 1.300753 0.325311 0.01 0.01
0 1.374294 0.270315 0.01 0.01
0 1.394118 0.263281 0.01 0.01
0 1.385805 0.288221 0.01 0.01
0 1.372375 0.288221 0.01 0.01
0 1.408826 0.310603 0.01 0.01
0 1.396676 0.299092 0.01 0.01
0 1.428650 0.315079 0.01 0.01
0 1.443998 0.298453 0.01 0.01
0 1.472775 0.332346 0.01 0.01
0 1.486204 0.309324 0.01 0.01
0 1.476612 0.299732 0.01 0.01
0 1.472775 0.285663 0.01 0.01
0 1.447195 0.269036 0.01 0.01
0 1.457427 0.256886 0.01 0.01
0 1.443358 0.249852 0.01 0.01
0 1.463822 0.234504 0.01 0.01
0 1.401152 0.236422 0.01 0.01
0 1.411384 0.226191 0.01 0.01
0 1.404989 0.209564 0.01 0.01
0 1.363422 0.219156 0.01 0.01
0 1.328251 0.234504 0.01 0.01
0 1.323774 0.218517 0.01 0.01
0 1.252791 0.231946 0.01 0.01
0 1.270057 0.214040 0.01 0.01
0 1.236164 0.190379 0.01 0.01
0 1.503470 0.205727 0.01 0.01
0 1.463183 0.208285 0.01 0.01
0 1.451032 0.181426 0.01 0.01
0 1.444637 0.169916 0.01 0.01
0 1.452311 0.155847 0.01 0.01
0 1.465741 0.171195 0.01 0.01
0 1.479809 0.167358 0.01 0.01
0 1.585964 0.181426 0.01 0.01
0 1.598115 0.192298 0.01 0.01
0 1.578930 0.154568 0.01 0.01
0 1.569977 0.173113 0.01 0.01
0 1.577651 0.292697 0.01 0.01
0 1.559745 0.286942 0.01 0.01
0 1.588522 0.262641 0.01 0.01
0 1.562303 0.243457 0.01 0.01
0 1.541840 0.265839 0.01 0.01
0 1.539282 0.252410 0.01 0.01
0 1.536084 0.236422 0.01 0.01
0 1.497076 0.227470 0.01 0.01
0 1.490041 0.246654 0.01 0.01
0 1.530329 0.292697 0.01 0.01
0 1.516260 0.276071 0.01 0.01
0 1.534166 0.201251 0.01 0.01
0 1.475333 0.205087 0.01 0.01
0 1.505389 0.180787 0.01 0.01
0 1.596836 0.218517 0.01 0.01
0 1.085884 0.225551 0.01 0.01
0 0.793958 0.435943 0.01 0.01
0 0.825293 0.471115 0.01 0.01
0 0.724254 0.480068 0.01 0.01
0 0.869418 0.442977 0.01 0.01
0 0.940401 0.498613 0.01 0.01
0 0.975573 0.336822 0.01 0.01
