0 0.361933 0.994726 0.01 0.01
0 0.422323 1.070700 0.01 0.01
0 1.180115 0.897323 0.01 0.01
0 1.250245 0.910959 0.01 0.01
0 1.400245 0.723946 0.01 0.01
0 1.302843 0.733687 0.01 0.01
0 1.271674 0.735635 0.01 0.01
0 0.582063 0.774596 0.01 0.01
0 0.506089 0.788232 0.01 0.01
0 0.500245 0.708362 0.01 0.01
0 0.435959 0.720050 0.01 0.01
0 0.284011 0.620700 0.01 0.01
0 1.254628 0.575164 0.01 0.01
0 1.295050 0.557144 0.01 0.01
0 1.424596 0.592209 0.01 0.01
0 1.437745 0.609255 0.01 0.01
0 1.485472 0.555683 0.01 0.01
0 1.473297 0.527437 0.01 0.01
0 1.522485 0.542047 0.01 0.01
0 1.565343 0.546917 0.01 0.01
0 1.579466 0.531333 0.01 0.01
0 1.548297 0.489450 0.01 0.01
0 1.534174 0.473378 0.01 0.01
0 1.593102 0.444157 0.01 0.01
0 1.551219 0.429547 0.01 0.01
0 1.542453 0.383281 0.01 0.01
0 1.535635 0.444644 0.01 0.01
0 1.499109 0.438313 0.01 0.01
0 1.471836 0.485554 0.01 0.01
0 1.449433 0.469482 0.01 0.01
0 1.449920 0.490911 0.01 0.01
0 1.436284 0.506008 0.01 0.01
0 1.408037 0.405683 0.01 0.01
0 1.385148 0.408118 0.01 0.01
0 1.352518 0.411528 0.01 0.01
0 1.298946 0.490424 0.01 0.01
0 1.298946 0.408605 0.01 0.01
0 1.283849 0.397891 0.01 0.01
0 1.283849 0.415911 0.01 0.01
0 1.281901 0.443183 0.01 0.01
0 1.395537 0.378167 0.01 0.01
0 1.513881 0.361609 0.01 0.01
0 1.526057 0.360635 0.01 0.01
0 1.074433 0.582956 0.01 0.01
0 1.171349 0.545456 0.01 0.01
0 1.136771 0.524515 0.01 0.01
0 1.169888 0.506982 0.01 0.01
0 1.187907 0.463151 0.01 0.01
0 1.161609 0.458281 0.01 0.01
0 1.123135 0.448541 0.01 0.01
0 1.132875 0.463151 0.01 0.01
0 1.157226 0.491398 0.01 0.01
0 1.168914 0.476787 0.01 0.01
0 1.159661 0.466560 0.01 0.01
0 1.101219 0.437826 0.01 0.01
0 1.093427 0.463151 0.01 0.01
0 1.075894 0.480683 0.01 0.01
0 1.086122 0.482631 0.01 0.01
0 1.086609 0.497242 0.01 0.01
0 1.077843 0.517209 0.01 0.01
0 1.045213 0.534255 0.01 0.01
0 1.053492 0.527924 0.01 0.01
0 1.054466 0.507469 0.01 0.01
0 1.050083 0.488963 0.01 0.01
0 1.061771 0.450976 0.01 0.01
0 1.073946 0.448054 0.01 0.01
0 1.065180 0.428086 0.01 0.01
0 1.030602 0.450976 0.01 0.01
0 1.029628 0.509417 0.01 0.01
0 0.999433 0.523054 0.01 0.01
0 0.987745 0.510391 0.01 0.01
0 0.975083 0.508443 0.01 0.01
0 0.975570 0.428086 0.01 0.01
0 1.011609 0.426138 0.01 0.01
0 1.029141 0.424677 0.01 0.01
0 1.038394 0.394482 0.01 0.01
0 1.057388 0.397404 0.01 0.01
0 0.926381 0.538638 0.01 0.01
0 0.925407 0.497729 0.01 0.01
0 0.918102 0.520618 0.01 0.01
0 0.917615 0.506008 0.01 0.01
0 0.899109 0.507956 0.01 0.01
0 0.885959 0.478248 0.01 0.01
0 0.862583 0.545456 0.01 0.01
0 0.822161 0.554709 0.01 0.01
0 0.828979 0.531333 0.01 0.01
0 0.733524 0.581982 0.01 0.01
0 0.658037 0.592209 0.01 0.01
0 0.669239 0.567372 0.01 0.01
0 0.679466 0.561528 0.01 0.01
0 0.582550 0.579547 0.01 0.01
0 0.689206 0.541560 0.01 0.01
0 0.706739 0.531820 0.01 0.01
0 0.704791 0.512826 0.01 0.01
0 0.655602 0.493833 0.01 0.01
0 0.664368 0.534742 0.01 0.01
0 0.619563 0.547891 0.01 0.01
0 0.604466 0.517209 0.01 0.01
0 0.600083 0.506008 0.01 0.01
0 0.571349 0.515261 0.01 0.01
0 0.618102 0.503573 0.01 0.01
0 0.621024 0.490424 0.01 0.01
0 0.621024 0.433930 0.01 0.01
0 0.645862 0.431008 0.01 0.01
0 0.616641 0.461203 0.01 0.01
0 0.748622 0.500651 0.01 0.01
0 0.780765 0.498703 0.01 0.01
0 0.770050 0.497729 0.01 0.01
0 0.730602 0.493833 0.01 0.01
0 0.720862 0.461203 0.01 0.01
0 0.699433 0.463151 0.01 0.01
0 0.684823 0.466073 0.01 0.01
0 0.697485 0.402274 0.01 0.01
0 0.708200 0.406657 0.01 0.01
0 0.705278 0.394482 0.01 0.01
0 0.788557 0.468021 0.01 0.01
0 0.773459 0.449028 0.01 0.01
0 0.764206 0.457794 0.01 0.01
0 0.858687 0.476787 0.01 0.01
0 0.831901 0.451463 0.01 0.01
0 0.817778 0.459255 0.01 0.01
0 0.792940 0.422242 0.01 0.01
0 0.779304 0.413476 0.01 0.01
0 0.793914 0.395456 0.01 0.01
0 0.908362 0.418346 0.01 0.01
0 0.927355 0.427112 0.01 0.01
0 0.938070 0.427112 0.01 0.01
0 0.964368 0.400326 0.01 0.01
0 0.940505 0.389612 0.01 0.01
0 0.741317 0.417859 0.01 0.01
0 0.593752 0.512826 0.01 0.01
0 0.496836 0.561528 0.01 0.01
0 0.486122 0.557144 0.01 0.01
0 0.536284 0.538151 0.01 0.01
0 0.524596 0.570781 0.01 0.01
0 0.284498 0.530846 0.01 0.01
0 0.244076 0.539612 0.01 0.01
0 0.178817 0.548378 0.01 0.01
0 0.376544 0.502477 0.01 0.01
0 0.010635 0.609255 0.01 0.01
0 0.292128 0.391438 0.01 0.01
0 0.271430 0.363922 0.01 0.01
0 0.266560 0.373662 0.01 0.01
0 0.269239 0.419685 0.01 0.01
0 0.254628 0.405075 0.01 0.01
0 0.244157 0.419198 0.01 0.01
0 0.241722 0.404101 0.01 0.01
0 0.226868 0.416276 0.01 0.01
0 0.225894 0.402640 0.01 0.01
0 0.216885 0.407266 0.01 0.01
0 0.214206 0.400448 0.01 0.01
0 0.200326 0.408971 0.01 0.01
0 0.177437 0.406049 0.01 0.01
0 0.160148 0.411893 0.01 0.01
0 0.167696 0.423094 0.01 0.01
0 0.146998 0.416276 0.01 0.01
0 0.182307 0.436243 0.01 0.01
0 0.130927 0.442575 0.01 0.01
0 0.123378 0.448662 0.01 0.01
0 0.111690 0.441114 0.01 0.01
0 0.105602 0.438435 0.01 0.01
0 0.146511 0.391925 0.01 0.01
0 0.103654 0.395334 0.01 0.01
0 0.106576 0.392169 0.01 0.01
0 0.106333 0.380237 0.01 0.01
0 0.111690 0.384620 0.01 0.01
0 0.124109 0.381942 0.01 0.01
0 0.132388 0.381211 0.01 0.01
0 0.160878 0.374393 0.01 0.01
0 0.171349 0.376828 0.01 0.01
0 0.174028 0.375367 0.01 0.01
0 0.186446 0.367331 0.01 0.01
0 0.202518 0.370010 0.01 0.01
0 0.208849 0.365870 0.01 0.01
0 0.216398 0.374393 0.01 0.01
0 0.212989 0.368549 0.01 0.01
0 0.235148 0.368549 0.01 0.01
0 0.243914 0.370984 0.01 0.01
0 0.275813 0.359052 0.01 0.01
0 0.190343 0.433200 0.01 0.01
0 0.087096 0.365505 0.01 0.01
0 0.041317 0.389855 0.01 0.01
0 0.043752 0.437705 0.01 0.01
0 0.058118 0.429182 0.01 0.01
0 0.035229 0.430886 0.01 0.01
0 0.019401 0.392656 0.01 0.01
0 0.016479 0.399718 0.01 0.01
0 0.009417 0.405562 0.01 0.01
0 0.025245 0.442818 0.01 0.01
0 0.012339 0.449149 0.01 0.01
0 0.002843 0.471308 0.01 0.01
0 0.099028 0.448419 0.01 0.01
0 0.098784 0.412380 0.01 0.01
0 0.086365 0.397282 0.01 0.01
0 0.082713 0.385838 0.01 0.01
0 0.075651 0.380724 0.01 0.01
0 0.048622 0.389490 0.01 0.01
0 0.180602 0.356373 0.01 0.01
0 0.062420 0.393752 0.01 0.01
0 0.066317 0.400570 0.01 0.01
0 0.001544 0.403979 0.01 0.01
0 0.695050 0.368670 0.01 0.01
0 0.701868 0.363313 0.01 0.01
0 0.697972 0.352599 0.01 0.01
0 0.743265 0.351625 0.01 0.01
0 0.816317 0.355034 0.01 0.01
0 0.721349 0.344807 0.01 0.01
0 0.873541 0.397769 0.01 0.01
0 0.863313 0.382672 0.01 0.01
0 0.879385 0.379506 0.01 0.01
0 0.891073 0.380968 0.01 0.01
0 0.897891 0.372932 0.01 0.01
0 0.917615 0.368062 0.01 0.01
0 0.925894 0.381455 0.01 0.01
0 0.913719 0.385594 0.01 0.01
0 0.929304 0.375367 0.01 0.01
0 0.935878 0.373175 0.01 0.01
0 0.956576 0.391925 0.01 0.01
0 0.938070 0.382185 0.01 0.01
0 0.902761 0.346633 0.01 0.01
0 0.892047 0.348825 0.01 0.01
0 0.884498 0.355399 0.01 0.01
0 0.875976 0.351016 0.01 0.01
0 0.894969 0.343468 0.01 0.01
0 0.922972 0.346877 0.01 0.01
0 0.936122 0.347120 0.01 0.01
0 0.931495 0.342980 0.01 0.01
0 0.928573 0.347607 0.01 0.01
0 0.926625 0.339571 0.01 0.01
0 0.930521 0.338110 0.01 0.01
0 0.935391 0.340302 0.01 0.01
0 0.951219 0.337867 0.01 0.01
0 0.965586 0.346877 0.01 0.01
0 0.945618 0.345416 0.01 0.01
0 0.958524 0.341519 0.01 0.01
0 0.976057 0.346877 0.01 0.01
0 0.964612 0.377071 0.01 0.01
0 1.071511 0.376463 0.01 0.01
0 1.081739 0.367209 0.01 0.01
0 1.092453 0.371593 0.01 0.01
0 1.034011 0.385229 0.01 0.01
0 1.002843 0.385229 0.01 0.01
0 1.000894 0.375002 0.01 0.01
0 0.997972 0.368183 0.01 0.01
0 1.010148 0.375002 0.01 0.01
0 1.003817 0.363800 0.01 0.01
0 1.011609 0.365261 0.01 0.01
0 1.058849 0.342372 0.01 0.01
0 1.042291 0.347729 0.01 0.01
0 1.046674 0.343346 0.01 0.01
0 1.036446 0.344320 0.01 0.01
0 1.032063 0.352599 0.01 0.01
0 1.018914 0.339937 0.01 0.01
0 1.010635 0.345781 0.01 0.01
0 0.998459 0.336528 0.01 0.01
0 1.021836 0.367209 0.01 0.01
0 1.031576 0.372567 0.01 0.01
0 1.080278 0.349190 0.01 0.01
0 1.088557 0.345781 0.01 0.01
0 1.067128 0.348703 0.01 0.01
0 1.080278 0.334580 0.01 0.01
0 1.088557 0.337502 0.01 0.01
0 1.091966 0.307794 0.01 0.01
0 1.058849 0.371593 0.01 0.01
0 1.078330 0.376463 0.01 0.01
0 1.010878 0.325935 0.01 0.01
0 1.017940 0.319117 0.01 0.01
0 1.042047 0.317412 0.01 0.01
0 1.099271 0.327640 0.01 0.01
0 1.111203 0.329831 0.01 0.01
0 1.120943 0.324961 0.01 0.01
0 1.120943 0.319117 0.01 0.01
0 1.116073 0.311081 0.01 0.01
0 1.110716 0.313516 0.01 0.01
0 1.108037 0.300610 0.01 0.01
0 1.106820 0.305237 0.01 0.01
0 1.075164 0.331536 0.01 0.01
0 1.112177 0.352234 0.01 0.01
0 1.100976 0.351016 0.01 0.01
0 1.100245 0.367088 0.01 0.01
0 1.043995 0.356860 0.01 0.01
0 0.992128 0.350042 0.01 0.01
0 0.989937 0.339084 0.01 0.01
0 1.120456 0.364653 0.01 0.01
0 1.088800 0.367331 0.01 0.01
0 1.079304 0.331049 0.01 0.01
0 1.088070 0.330075 0.01 0.01
0 1.097567 0.336162 0.01 0.01
0 1.100976 0.324230 0.01 0.01
0 1.102193 0.306698 0.01 0.01
0 0.968021 0.339571 0.01 0.01
0 1.050570 0.316317 0.01 0.01
0 1.054953 0.315830 0.01 0.01
0 1.130440 0.306576 0.01 0.01
0 0.902518 0.378654 0.01 0.01
0 0.901057 0.339206 0.01 0.01
0 1.094888 0.297323 0.01 0.01
0 1.124596 0.327031 0.01 0.01
0 1.124109 0.317778 0.01 0.01
0 1.107307 0.320821 0.01 0.01
0 1.153086 0.340545 0.01 0.01
0 1.144076 0.342737 0.01 0.01
0 1.149677 0.342250 0.01 0.01
0 1.137015 0.346633 0.01 0.01
0 1.140424 0.349068 0.01 0.01
0 1.146755 0.349555 0.01 0.01
0 1.140911 0.352964 0.01 0.01
0 1.147242 0.372201 0.01 0.01
0 1.135310 0.367818 0.01 0.01
0 1.165018 0.367088 0.01 0.01
0 1.161122 0.357347 0.01 0.01
0 1.156008 0.353208 0.01 0.01
0 1.155034 0.349068 0.01 0.01
0 1.151868 0.349068 0.01 0.01
0 1.163800 0.351503 0.01 0.01
0 1.169888 0.353208 0.01 0.01
0 1.172080 0.346390 0.01 0.01
0 1.179628 0.346146 0.01 0.01
0 1.071268 0.343224 0.01 0.01
0 1.125813 0.359052 0.01 0.01
0 1.125570 0.351260 0.01 0.01
0 0.209336 0.539125 0.01 0.01
0 0.307713 0.512826 0.01 0.01
0 1.025976 0.320334 0.01 0.01
0 1.008200 0.318143 0.01 0.01
0 0.813394 0.359904 0.01 0.01
0 0.818752 0.359904 0.01 0.01
0 0.712096 0.342859 0.01 0.01
0 1.049196 0.334111 0.01 0.01
0 1.034411 0.320525 0.01 0.01
0 1.114731 0.306938 0.01 0.01
0 0.957688 0.356489 0.01 0.01
0 0.202921 0.349911 0.01 0.01
0 0.208941 0.348573 0.01 0.01
0 1.312954 0.456767 0.01 0.01
0 0.695396 0.343556 0.01 0.01
0 0.698573 0.344894 0.01 0.01
0 0.741048 0.342051 0.01 0.01
0 0.760613 0.333188 0.01 0.01
0 1.129677 0.318974 0.01 0.01
0 1.122486 0.308606 0.01 0.01
0 1.100078 0.290546 0.01 0.01
0 1.111951 0.298573 0.01 0.01
0 1.116131 0.297904 0.01 0.01
