0 0.021024 0.977193 0.01 0.01
0 0.079466 0.743427 0.01 0.01
0 0.291804 0.647972 0.01 0.01
0 0.250894 0.525245 0.01 0.01
0 0.235310 0.435635 0.01 0.01
0 0.451544 0.593427 0.01 0.01
0 0.570375 0.381089 0.01 0.01
0 0.492453 0.318752 0.01 0.01
0 0.969726 0.353817 0.01 0.01
0 1.100245 0.312907 0.01 0.01
0 1.102193 0.209661 0.01 0.01
0 1.310635 0.531089 0.01 0.01
0 1.343752 0.844726 0.01 0.01
0 1.384661 0.801868 0.01 0.01
0 1.484011 0.108362 0.01 0.01
0 1.593102 0.127843 0.01 0.01
0 0.772972 0.155115 0.01 0.01
0 0.903492 0.123946 0.01 0.01
0 0.582063 0.137583 0.01 0.01
0 0.416479 0.268102 0.01 0.01
0 0.332713 0.277843 0.01 0.01
0 0.336609 0.172648 0.01 0.01
0 0.424271 0.149271 0.01 0.01
0 0.439855 0.100570 0.01 0.01
0 0.330765 0.088881 0.01 0.01
0 0.293752 0.127843 0.01 0.01
0 0.243102 0.127843 0.01 0.01
0 0.034985 0.167291 0.01 0.01
0 0.071998 0.153654 0.01 0.01
0 0.092453 0.133200 0.01 0.01
0 0.110959 0.135148 0.01 0.01
0 0.148946 0.108849 0.01 0.01
0 0.167453 0.058200 0.01 0.01
0 0.174271 0.202355 0.01 0.01
0 0.132388 0.253005 0.01 0.01
0 0.092453 0.252031 0.01 0.01
0 0.205440 0.033849 0.01 0.01
0 0.221024 0.024109 0.01 0.01
0 0.303817 0.051381 0.01 0.01
0 0.319401 0.033849 0.01 0.01
0 0.335959 0.029953 0.01 0.01
0 0.377843 0.026057 0.01 0.01
0 0.414855 0.009498 0.01 0.01
0 0.437258 0.044563 0.01 0.01
0 0.449920 0.028005 0.01 0.01
0 0.491804 0.037745 0.01 0.01
0 0.521024 0.023135 0.01 0.01
0 0.568752 0.016317 0.01 0.01
0 0.578492 0.009498 0.01 0.01
0 0.592128 0.040667 0.01 0.01
0 0.554141 0.073784 0.01 0.01
0 0.604791 0.027031 0.01 0.01
0 0.643752 0.013394 0.01 0.01
0 0.685635 0.082550 0.01 0.01
0 0.724596 0.043589 0.01 0.01
0 0.724596 0.010472 0.01 0.01
0 0.770375 0.019239 0.01 0.01
0 0.795700 0.043589 0.01 0.01
0 0.295700 0.092778 0.01 0.01
0 0.128167 0.141479 0.01 0.01
0 0.831414 0.010959 0.01 0.01
0 0.856739 0.032388 0.01 0.01
0 1.028167 0.007063 0.01 0.01
0 1.059336 0.005115 0.01 0.01
0 1.106089 0.026544 0.01 0.01
0 1.119726 0.012907 0.01 0.01
0 1.279466 0.005115 0.01 0.01
0 1.355440 0.005115 0.01 0.01
0 1.484011 0.026544 0.01 0.01
0 1.506089 0.040667 0.01 0.01
0 0.909336 0.001219 0.01 0.01
0 1.073572 0.522723 0.01 0.01
0 0.025663 0.270814 0.01 0.01
0 0.320814 0.020396 0.01 0.01
0 0.817302 0.021817 0.01 0.01
0 0.670145 0.011449 0.01 0.01
0 0.691215 0.038874 0.01 0.01
0 1.358774 0.070145 0.01 0.01
0 1.136700 0.100245 0.01 0.01
0 1.148071 0.062118 0.01 0.01
0 1.200245 0.022653 0.01 0.01
0 1.317971 0.121650 0.01 0.01
0 1.255095 0.042051 0.01 0.01
0 1.255095 0.042051 0.01 0.01
0 1.255763 0.042051 0.01 0.01
0 1.143389 0.179175 0.01 0.01
0 0.701917 0.388539 0.01 0.01
0 0.794225 0.319643 0.01 0.01
0 0.573489 0.496901 0.01 0.01
0 1.139376 0.024660 0.01 0.01
0 1.186867 0.191884 0.01 0.01
0 0.893891 0.779509 0.01 0.01
0 1.256432 0.220312 0.01 0.01
0 0.694559 0.210947 0.01 0.01
