0 0.751356 0.959504 0.01 0.01
0 0.763208 0.866171 0.01 0.01
0 0.896541 0.615801 0.01 0.01
0 0.970615 0.467653 0.01 0.01
0 1.252097 0.300245 0.01 0.01
0 1.043208 0.236541 0.01 0.01
0 1.391356 0.208393 0.01 0.01
0 0.671356 0.319504 0.01 0.01
0 0.687653 0.232097 0.01 0.01
0 0.610615 0.208393 0.01 0.01
0 0.493578 0.205430 0.01 0.01
0 0.469875 0.463208 0.01 0.01
0 0.422467 0.512097 0.01 0.01
0 0.330615 0.224690 0.01 0.01
0 0.188393 0.343208 0.01 0.01
0 0.035801 0.249875 0.01 0.01
0 0.041727 0.209875 0.01 0.01
0 0.083208 0.463208 0.01 0.01
0 0.016541 0.455801 0.01 0.01
0 0.016541 0.737282 0.01 0.01
0 0.037282 0.182097 0.01 0.01
0 0.426171 0.159134 0.01 0.01
0 0.623208 0.137653 0.01 0.01
0 0.741727 0.113208 0.01 0.01
0 0.335801 0.107282 0.01 0.01
0 0.378023 0.110245 0.01 0.01
0 0.018023 0.044227 0.01 0.01
0 0.085754 0.007213 0.01 0.01
0 0.358949 0.031078 0.01 0.01
0 0.750986 0.195986 0.01 0.01
0 0.825430 0.127467 0.01 0.01
0 0.854690 0.169319 0.01 0.01
0 0.901356 0.113023 0.01 0.01
0 0.872097 0.215245 0.01 0.01
0 0.763208 0.074504 0.01 0.01
0 0.614690 0.092282 0.01 0.01
0 1.093578 0.240615 0.01 0.01
0 0.992097 0.156912 0.01 0.01
0 0.947653 0.139875 0.01 0.01
0 1.018023 0.145060 0.01 0.01
0 0.252838 0.479875 0.01 0.01
0 1.319504 0.207282 0.01 0.01
0 1.274319 0.116912 0.01 0.01
0 1.185430 0.105801 0.01 0.01
0 1.539504 0.069690 0.01 0.01
0 1.359504 0.088208 0.01 0.01
0 1.574597 0.012699 0.01 0.01
0 1.161356 0.072653 0.01 0.01
0 1.193578 0.063764 0.01 0.01
0 0.938393 0.087097 0.01 0.01
0 0.891541 0.033301 0.01 0.01
0 0.792653 0.037560 0.01 0.01
0 0.822467 0.196727 0.01 0.01
0 1.074184 0.001074 0.01 0.01
0 0.993427 0.001803 0.01 0.01
0 0.988832 0.056664 0.01 0.01
0 0.709910 0.018065 0.01 0.01
0 0.743377 0.034049 0.01 0.01
0 0.066179 0.126819 0.01 0.01
0 0.125320 0.162783 0.01 0.01
0 0.218827 0.229116 0.01 0.01
0 0.342720 0.297904 0.01 0.01
0 1.276499 0.002586 0.01 0.01
