0 0.021661 0.778829 0.01 0.01
0 0.036906 0.676470 0.01 0.01
0 0.093530 0.676470 0.01 0.01
0 0.176289 0.737450 0.01 0.01
0 0.202423 0.645980 0.01 0.01
0 0.557414 0.926924 0.01 0.01
0 0.631461 0.850699 0.01 0.01
0 0.624927 0.741806 0.01 0.01
0 0.692441 0.676470 0.01 0.01
0 1.510045 0.990082 0.01 0.01
0 1.371751 0.888811 0.01 0.01
0 1.287904 0.855055 0.01 0.01
0 1.331461 0.820209 0.01 0.01
0 1.414220 0.766851 0.01 0.01
0 1.458866 0.671025 0.01 0.01
0 1.500245 0.720027 0.01 0.01
0 1.559047 0.739628 0.01 0.01
0 0.427287 0.730917 0.01 0.01
0 0.364129 0.668848 0.01 0.01
0 0.394619 0.636180 0.01 0.01
0 0.458866 0.613312 0.01 0.01
0 0.495889 0.595889 0.01 0.01
0 0.694074 0.582822 0.01 0.01
0 0.707142 0.598067 0.01 0.01
0 0.746343 0.656869 0.01 0.01
0 0.853058 0.526198 0.01 0.01
0 0.619755 0.508775 0.01 0.01
0 0.677468 0.447251 0.01 0.01
0 0.043167 0.446706 0.01 0.01
0 0.008321 0.367214 0.01 0.01
0 0.208140 0.514220 0.01 0.01
0 0.285454 0.491897 0.01 0.01
0 0.225018 0.483185 0.01 0.01
0 1.028104 0.415672 0.01 0.01
0 1.039537 0.384093 0.01 0.01
0 1.043349 0.393349 0.01 0.01
0 0.993802 0.368848 0.01 0.01
0 0.999791 0.344347 0.01 0.01
0 1.011770 0.331824 0.01 0.01
0 1.017759 0.321479 0.01 0.01
0 1.047160 0.308957 0.01 0.01
0 1.047704 0.332913 0.01 0.01
0 0.996525 0.307868 0.01 0.01
0 0.988902 0.313312 0.01 0.01
0 0.994891 0.321479 0.01 0.01
0 0.976379 0.331280 0.01 0.01
0 0.969846 0.311134 0.01 0.01
0 0.979646 0.310045 0.01 0.01
0 0.949701 0.313857 0.01 0.01
0 0.951878 0.335091 0.01 0.01
0 0.959501 0.359592 0.01 0.01
0 0.923022 0.357414 0.01 0.01
0 0.907232 0.372114 0.01 0.01
0 0.890898 0.342169 0.01 0.01
0 0.899610 0.339447 0.01 0.01
0 0.921933 0.307323 0.01 0.01
0 0.932822 0.289900 0.01 0.01
0 0.903421 0.288267 0.01 0.01
0 0.889265 0.292078 0.01 0.01
0 0.839174 0.386815 0.01 0.01
0 0.857686 0.391171 0.01 0.01
0 0.865644 0.301915 0.01 0.01
0 0.871210 0.294679 0.01 0.01
