0 0.019483 0.221298 0.01 0.01
0 0.128376 0.214764 0.01 0.01
0 0.923294 0.569755 0.01 0.01
0 0.801334 0.691715 0.01 0.01
0 0.823113 0.626379 0.01 0.01
0 0.847069 0.430372 0.01 0.01
0 0.894982 0.365036 0.01 0.01
0 0.714220 0.269211 0.01 0.01
0 1.539628 0.672114 0.01 0.01
0 1.463403 1.037995 0.01 0.01
0 0.997341 0.081915 0.01 0.01
0 0.635272 0.088993 0.01 0.01
0 0.708231 0.117305 0.01 0.01
0 0.805145 0.109682 0.01 0.01
0 0.854147 0.121661 0.01 0.01
0 1.122024 0.034546 0.01 0.01
0 0.298249 0.044891 0.01 0.01
0 0.361407 0.016579 0.01 0.01
0 1.339084 0.130372 0.01 0.01
0 1.388085 0.155418 0.01 0.01
0 1.467577 0.183730 0.01 0.01
0 1.591715 0.251243 0.01 0.01
0 0.861470 0.008037 0.01 0.01
