0 0.898171 0.698545 0.01 0.01
0 0.945359 0.604170 0.01 0.01
0 0.927882 0.448626 0.01 0.01
0 0.933125 0.418041 0.01 0.01
0 0.869334 0.500182 0.01 0.01
0 0.843119 0.462607 0.01 0.01
0 0.869334 0.432896 0.01 0.01
0 0.810787 0.403186 0.01 0.01
0 0.798553 0.456490 0.01 0.01
0 0.771464 0.470472 0.01 0.01
0 0.772338 0.411050 0.01 0.01
0 0.803796 0.364737 0.01 0.01
0 0.887685 0.363863 0.01 0.01
0 0.854479 0.325414 0.01 0.01
0 0.708547 0.594557 0.01 0.01
0 0.680584 0.513290 0.01 0.01
0 0.712917 0.668834 0.01 0.01
0 0.645631 0.679320 0.01 0.01
0 0.788941 0.702914 0.01 0.01
0 0.900793 0.304442 0.01 0.01
0 0.884190 0.280848 0.01 0.01
0 0.912153 0.270362 0.01 0.01
0 0.949728 0.308811 0.01 0.01
0 0.837002 0.300946 0.01 0.01
0 0.833507 0.282595 0.01 0.01
0 0.824769 0.260749 0.01 0.01
0 0.806418 0.244146 0.01 0.01
0 0.845741 0.222300 0.01 0.01
0 0.830885 0.169870 0.01 0.01
0 0.848362 0.155014 0.01 0.01
0 0.823021 0.155014 0.01 0.01
0 0.833507 0.144528 0.01 0.01
0 0.807292 0.173365 0.01 0.01
0 0.874578 0.164627 0.01 0.01
0 0.877199 0.153267 0.01 0.01
0 0.906036 0.136664 0.01 0.01
0 0.886811 0.124430 0.01 0.01
0 0.930503 0.127925 0.01 0.01
0 0.951476 0.132295 0.01 0.01
0 0.950602 0.159384 0.01 0.01
0 0.920891 0.151519 0.01 0.01
0 0.900793 0.166374 0.01 0.01
0 0.882442 0.175113 0.01 0.01
0 0.896424 0.192590 0.01 0.01
0 0.917396 0.182977 0.01 0.01
0 0.922639 0.168122 0.01 0.01
0 0.955845 0.180356 0.01 0.01
0 0.899045 0.210940 0.01 0.01
0 0.933999 0.206571 0.01 0.01
0 0.863218 0.245020 0.01 0.01
0 0.894676 0.241525 0.01 0.01
0 0.949728 0.250263 0.01 0.01
0 0.786319 0.311432 0.01 0.01
0 0.778455 0.269488 0.01 0.01
0 0.743501 0.283469 0.01 0.01
0 0.749618 0.340269 0.01 0.01
0 0.690197 0.335900 0.01 0.01
0 0.677963 0.364737 0.01 0.01
0 0.634271 0.348134 0.01 0.01
0 0.662234 0.317549 0.01 0.01
0 0.660486 0.295703 0.01 0.01
0 0.699809 0.264245 0.01 0.01
0 0.709421 0.231039 0.01 0.01
0 0.720781 0.206571 0.01 0.01
0 0.733889 0.210940 0.01 0.01
0 0.713791 0.188220 0.01 0.01
0 0.754861 0.168122 0.01 0.01
0 0.774086 0.156762 0.01 0.01
0 0.807292 0.140159 0.01 0.01
0 0.815156 0.127052 0.01 0.01
0 0.771464 0.138411 0.01 0.01
0 0.546887 0.432896 0.01 0.01
0 0.590579 0.455616 0.01 0.01
0 0.584462 0.335900 0.01 0.01
0 0.615920 0.320171 0.01 0.01
0 0.610677 0.291334 0.01 0.01
0 0.653495 0.232786 0.01 0.01
0 0.678837 0.226670 0.01 0.01
0 0.673594 0.180356 0.01 0.01
0 0.707674 0.158510 0.01 0.01
0 0.721655 0.166374 0.01 0.01
0 0.720781 0.149771 0.01 0.01
0 0.732141 0.148898 0.01 0.01
0 0.738258 0.125304 0.01 0.01
0 0.704178 0.133168 0.01 0.01
0 0.689323 0.143655 0.01 0.01
0 0.645631 0.172491 0.01 0.01
0 0.656117 0.136664 0.01 0.01
0 0.654369 0.229291 0.01 0.01
0 0.644757 0.199580 0.01 0.01
0 0.612425 0.206571 0.01 0.01
0 0.622037 0.226670 0.01 0.01
0 0.615046 0.246768 0.01 0.01
0 0.592326 0.240651 0.01 0.01
0 0.586209 0.266866 0.01 0.01
0 0.580966 0.288712 0.01 0.01
0 0.583588 0.330657 0.01 0.01
0 0.546013 0.340269 0.01 0.01
0 0.546887 0.307937 0.01 0.01
0 0.533779 0.268614 0.01 0.01
0 0.518050 0.326288 0.01 0.01
0 0.488339 0.332405 0.01 0.01
0 0.505816 0.290460 0.01 0.01
0 0.476105 0.355124 0.01 0.01
0 0.520671 0.388330 0.01 0.01
0 0.553877 0.424158 0.01 0.01
0 0.507564 0.414546 0.01 0.01
0 0.507564 0.467850 0.01 0.01
0 0.358137 0.561351 0.01 0.01
0 0.289977 0.689806 0.01 0.01
0 0.163270 0.626016 0.01 0.01
0 0.182494 0.560477 0.01 0.01
0 0.233177 0.531641 0.01 0.01
0 0.288229 0.493192 0.01 0.01
0 0.379983 0.456490 0.01 0.01
0 0.390469 0.407555 0.01 0.01
0 0.379109 0.383961 0.01 0.01
0 0.429792 0.382214 0.01 0.01
0 0.446395 0.383087 0.01 0.01
0 0.557373 0.227543 0.01 0.01
0 0.585336 0.217057 0.01 0.01
0 0.574850 0.207445 0.01 0.01
0 0.596696 0.174239 0.01 0.01
0 0.600191 0.158510 0.01 0.01
0 0.624659 0.127925 0.01 0.01
0 0.639514 0.123556 0.01 0.01
0 0.601939 0.129673 0.01 0.01
0 0.580093 0.127052 0.01 0.01
0 0.561742 0.155888 0.01 0.01
0 0.559994 0.179482 0.01 0.01
0 0.549508 0.210940 0.01 0.01
0 0.517176 0.231913 0.01 0.01
0 0.490087 0.252885 0.01 0.01
0 0.497078 0.272109 0.01 0.01
0 0.449016 0.272109 0.01 0.01
0 0.445521 0.307063 0.01 0.01
0 0.456881 0.252011 0.01 0.01
0 0.413189 0.295703 0.01 0.01
0 0.393964 0.308811 0.01 0.01
0 0.380856 0.356872 0.01 0.01
0 0.372118 0.328909 0.01 0.01
0 0.437656 0.360367 0.01 0.01
0 0.316192 0.377844 0.01 0.01
0 0.009473 0.556108 0.01 0.01
0 0.058409 0.433770 0.01 0.01
0 0.078507 0.484453 0.01 0.01
0 0.149288 0.449499 0.01 0.01
0 0.130064 0.424158 0.01 0.01
0 0.108218 0.401438 0.01 0.01
0 0.165017 0.378718 0.01 0.01
0 0.190359 0.348134 0.01 0.01
0 0.229682 0.376970 0.01 0.01
0 0.265509 0.362115 0.01 0.01
0 0.343281 0.330657 0.01 0.01
0 0.281238 0.332405 0.01 0.01
0 0.270752 0.307937 0.01 0.01
0 0.303084 0.335026 0.01 0.01
0 0.325804 0.305315 0.01 0.01
0 0.289977 0.282595 0.01 0.01
0 0.330174 0.271236 0.01 0.01
0 0.359010 0.289586 0.01 0.01
0 0.386973 0.267740 0.01 0.01
0 0.379109 0.236282 0.01 0.01
0 0.420179 0.259876 0.01 0.01
0 0.403576 0.218805 0.01 0.01
0 0.448142 0.223174 0.01 0.01
0 0.477853 0.221427 0.01 0.01
0 0.476105 0.206571 0.01 0.01
0 0.488339 0.195211 0.01 0.01
0 0.506690 0.183851 0.01 0.01
0 0.518050 0.165501 0.01 0.01
0 0.520671 0.152393 0.01 0.01
0 0.523293 0.144528 0.01 0.01
0 0.553877 0.135790 0.01 0.01
0 0.497078 0.139285 0.01 0.01
0 0.486591 0.153267 0.01 0.01
0 0.463872 0.178608 0.01 0.01
0 0.448142 0.158510 0.01 0.01
0 0.459502 0.144528 0.01 0.01
0 0.469988 0.127052 0.01 0.01
0 0.430666 0.167248 0.01 0.01
0 0.442899 0.192590 0.01 0.01
0 0.426296 0.189094 0.01 0.01
0 0.406198 0.213562 0.01 0.01
0 0.392216 0.168996 0.01 0.01
0 0.405324 0.200454 0.01 0.01
0 0.372992 0.197833 0.01 0.01
0 0.368623 0.216183 0.01 0.01
0 0.343281 0.230165 0.01 0.01
0 0.323183 0.217057 0.01 0.01
0 0.330174 0.202202 0.01 0.01
0 0.341534 0.189968 0.01 0.01
0 0.355515 0.192590 0.01 0.01
0 0.364253 0.175987 0.01 0.01
0 0.372118 0.151519 0.01 0.01
0 0.385226 0.144528 0.01 0.01
0 0.414062 0.133168 0.01 0.01
0 0.386100 0.131421 0.01 0.01
0 0.343281 0.160258 0.01 0.01
0 0.333669 0.141907 0.01 0.01
0 0.317066 0.134916 0.01 0.01
0 0.313571 0.154141 0.01 0.01
0 0.290851 0.171617 0.01 0.01
0 0.290851 0.198707 0.01 0.01
0 0.308328 0.222300 0.01 0.01
0 0.280365 0.211814 0.01 0.01
0 0.265509 0.193464 0.01 0.01
0 0.266383 0.167248 0.01 0.01
0 0.285608 0.140159 0.01 0.01
0 0.245411 0.155888 0.01 0.01
0 0.233177 0.168996 0.01 0.01
0 0.215700 0.159384 0.01 0.01
0 0.189485 0.140159 0.01 0.01
0 0.185116 0.150645 0.01 0.01
0 0.169387 0.158510 0.01 0.01
0 0.145793 0.138411 0.01 0.01
0 0.158900 0.119187 0.01 0.01
0 0.122199 0.120935 0.01 0.01
0 0.091615 0.135790 0.01 0.01
0 0.045301 0.134916 0.01 0.01
0 0.044427 0.148024 0.01 0.01
0 0.005978 0.138411 0.01 0.01
0 0.019086 0.158510 0.01 0.01
0 0.047049 0.158510 0.01 0.01
0 0.087245 0.172491 0.01 0.01
0 0.107344 0.161131 0.01 0.01
0 0.105596 0.143655 0.01 0.01
0 0.130937 0.175987 0.01 0.01
0 0.151036 0.170744 0.01 0.01
0 0.147541 0.194337 0.01 0.01
0 0.110839 0.184725 0.01 0.01
0 0.083750 0.214436 0.01 0.01
0 0.069769 0.192590 0.01 0.01
0 0.041806 0.180356 0.01 0.01
0 0.053166 0.201328 0.01 0.01
0 0.056661 0.224922 0.01 0.01
0 0.048796 0.237156 0.01 0.01
0 0.027824 0.280848 0.01 0.01
0 0.015590 0.321918 0.01 0.01
0 0.067147 0.275605 0.01 0.01
0 0.081128 0.298325 0.01 0.01
0 0.077633 0.283469 0.01 0.01
0 0.096858 0.254633 0.01 0.01
0 0.098605 0.223174 0.01 0.01
0 0.131811 0.216183 0.01 0.01
0 0.144045 0.235408 0.01 0.01
0 0.124821 0.237156 0.01 0.01
0 0.161522 0.270362 0.01 0.01
0 0.177251 0.244146 0.01 0.01
0 0.168513 0.217931 0.01 0.01
0 0.187737 0.203950 0.01 0.01
0 0.205214 0.189094 0.01 0.01
0 0.213953 0.216183 0.01 0.01
0 0.232303 0.202202 0.01 0.01
0 0.242789 0.186473 0.01 0.01
0 0.257645 0.220553 0.01 0.01
0 0.263762 0.233660 0.01 0.01
0 0.221817 0.250263 0.01 0.01
0 0.215700 0.277352 0.01 0.01
0 0.232303 0.268614 0.01 0.01
0 0.264635 0.262497 0.01 0.01
0 0.287355 0.245894 0.01 0.01
0 0.217448 0.305315 0.01 0.01
0 0.180747 0.287839 0.01 0.01
0 0.143171 0.300946 0.01 0.01
0 0.124821 0.295703 0.01 0.01
0 0.122199 0.351629 0.01 0.01
0 0.018212 0.397943 0.01 0.01
0 0.060156 0.393573 0.01 0.01
0 0.977219 0.556654 0.01 0.01
0 0.982025 0.509467 0.01 0.01
0 1.017853 0.487184 0.01 0.01
0 1.017635 0.433443 0.01 0.01
0 1.034674 0.400237 0.01 0.01
0 0.959306 0.368997 0.01 0.01
0 0.862309 0.121044 0.01 0.01
0 0.826263 0.100072 0.01 0.01
0 0.849857 0.095265 0.01 0.01
0 0.894204 0.105752 0.01 0.01
0 0.877383 0.097013 0.01 0.01
0 0.932435 0.110121 0.01 0.01
0 0.957121 0.109902 0.01 0.01
0 0.953626 0.119078 0.01 0.01
0 0.963238 0.130875 0.01 0.01
0 0.970447 0.124758 0.01 0.01
0 0.997536 0.109247 0.01 0.01
0 1.022004 0.108592 0.01 0.01
0 1.020911 0.081066 0.01 0.01
0 1.027902 0.094173 0.01 0.01
0 0.996007 0.090459 0.01 0.01
0 0.976345 0.085653 0.01 0.01
0 0.948819 0.074512 0.01 0.01
0 0.932653 0.095702 0.01 0.01
0 0.970229 0.071235 0.01 0.01
0 0.987269 0.068395 0.01 0.01
0 1.013702 0.043490 0.01 0.01
0 1.031834 0.038029 0.01 0.01
0 1.033364 0.051355 0.01 0.01
0 1.034674 0.074730 0.01 0.01
0 0.994915 0.041087 0.01 0.01
0 0.971758 0.047423 0.01 0.01
0 0.945324 0.050263 0.01 0.01
0 0.876291 0.053321 0.01 0.01
0 0.909715 0.052010 0.01 0.01
0 0.900758 0.066429 0.01 0.01
0 0.841992 0.047204 0.01 0.01
0 0.853789 0.039558 0.01 0.01
0 0.827355 0.050481 0.01 0.01
0 0.807038 0.050481 0.01 0.01
0 0.827137 0.039340 0.01 0.01
0 0.854008 0.065555 0.01 0.01
0 0.843303 0.059875 0.01 0.01
0 0.841555 0.076478 0.01 0.01
0 0.833035 0.075386 0.01 0.01
0 0.814685 0.079973 0.01 0.01
0 0.809223 0.068395 0.01 0.01
0 0.799174 0.110121 0.01 0.01
0 0.837623 0.119733 0.01 0.01
0 0.836312 0.065336 0.01 0.01
0 1.002124 0.054413 0.01 0.01
0 1.028121 0.130219 0.01 0.01
0 1.020038 0.137647 0.01 0.01
0 1.008678 0.131311 0.01 0.01
0 0.989016 0.135462 0.01 0.01
0 1.004320 0.214654 0.01 0.01
0 0.974609 0.223830 0.01 0.01
0 0.979852 0.207227 0.01 0.01
0 0.997329 0.270143 0.01 0.01
0 0.978105 0.260968 0.01 0.01
0 0.966308 0.280629 0.01 0.01
0 0.985969 0.300291 0.01 0.01
0 0.989028 0.335681 0.01 0.01
0 0.972862 0.176205 0.01 0.01
0 0.909071 0.100181 0.01 0.01
0 0.911256 0.083141 0.01 0.01
0 0.920868 0.074402 0.01 0.01
0 0.925674 0.067849 0.01 0.01
0 0.890284 0.074402 0.01 0.01
0 0.862758 0.088821 0.01 0.01
0 0.751780 0.095375 0.01 0.01
0 0.760518 0.079646 0.01 0.01
0 0.779306 0.087510 0.01 0.01
0 0.789355 0.073092 0.01 0.01
0 0.774936 0.108482 0.01 0.01
0 0.788481 0.116347 0.01 0.01
0 0.728186 0.106735 0.01 0.01
0 0.715515 0.102365 0.01 0.01
0 0.706777 0.074402 0.01 0.01
0 0.709835 0.063043 0.01 0.01
0 0.758770 0.063043 0.01 0.01
0 0.689300 0.093190 0.01 0.01
0 0.693669 0.079646 0.01 0.01
0 0.686678 0.061295 0.01 0.01
0 0.665706 0.073966 0.01 0.01
0 0.653472 0.094501 0.01 0.01
0 0.680561 0.106735 0.01 0.01
0 0.694980 0.115473 0.01 0.01
0 0.645171 0.107609 0.01 0.01
0 0.617208 0.094501 0.01 0.01
0 0.642112 0.077461 0.01 0.01
0 0.612839 0.074402 0.01 0.01
0 0.592740 0.074839 0.01 0.01
0 0.565214 0.074402 0.01 0.01
0 0.545116 0.065664 0.01 0.01
0 0.567836 0.062606 0.01 0.01
0 0.581380 0.093627 0.01 0.01
0 0.596672 0.108919 0.01 0.01
0 0.543368 0.121590 0.01 0.01
0 0.554291 0.116784 0.01 0.01
0 0.601916 0.067849 0.01 0.01
0 0.648666 0.072218 0.01 0.01
0 0.557786 0.092316 0.01 0.01
0 0.536377 0.099307 0.01 0.01
0 0.549485 0.084452 0.01 0.01
0 0.567399 0.101055 0.01 0.01
0 1.048541 0.334316 0.01 0.01
0 0.992730 0.186145 0.01 0.01
0 1.018290 0.183961 0.01 0.01
0 1.019819 0.204496 0.01 0.01
0 1.002342 0.171508 0.01 0.01
0 0.838313 0.579047 0.01 0.01
0 0.517394 0.118641 0.01 0.01
0 0.495330 0.124976 0.01 0.01
0 0.490961 0.112305 0.01 0.01
0 0.506690 0.098542 0.01 0.01
0 0.525696 0.105096 0.01 0.01
0 0.487465 0.095375 0.01 0.01
0 0.476105 0.061295 0.01 0.01
0 0.470425 0.073529 0.01 0.01
0 0.452075 0.061295 0.01 0.01
0 0.436782 0.107172 0.01 0.01
0 0.451638 0.117221 0.01 0.01
0 0.476979 0.103676 0.01 0.01
0 0.463435 0.117221 0.01 0.01
0 0.463435 0.103676 0.01 0.01
0 0.467804 0.090132 0.01 0.01
0 0.421490 0.102802 0.01 0.01
0 0.407509 0.107172 0.01 0.01
0 0.397896 0.094501 0.01 0.01
0 0.388721 0.084015 0.01 0.01
0 0.378235 0.067412 0.01 0.01
0 0.393527 0.076150 0.01 0.01
0 0.424549 0.091442 0.01 0.01
0 0.432850 0.135571 0.01 0.01
0 0.369060 0.113288 0.01 0.01
0 0.362943 0.097996 0.01 0.01
0 0.347214 0.091879 0.01 0.01
0 0.370370 0.084015 0.01 0.01
0 0.351146 0.079209 0.01 0.01
0 0.317066 0.074839 0.01 0.01
0 0.297405 0.087510 0.01 0.01
0 0.283423 0.107172 0.01 0.01
0 0.298278 0.103676 0.01 0.01
0 0.275122 0.073966 0.01 0.01
0 0.294783 0.072655 0.01 0.01
0 0.316192 0.062606 0.01 0.01
0 0.246285 0.108045 0.01 0.01
0 0.251528 0.073529 0.01 0.01
0 0.229245 0.065664 0.01 0.01
0 0.608492 0.041743 0.01 0.01
0 0.589923 0.043927 0.01 0.01
0 0.569825 0.043927 0.01 0.01
0 0.532031 0.054413 0.01 0.01
0 0.544484 0.034970 0.01 0.01
0 0.541425 0.051573 0.01 0.01
0 0.530939 0.045020 0.01 0.01
0 0.521327 0.048515 0.01 0.01
0 0.507564 0.034970 0.01 0.01
0 0.517613 0.036718 0.01 0.01
0 0.505816 0.052229 0.01 0.01
0 0.500354 0.053976 0.01 0.01
0 0.506908 0.064026 0.01 0.01
0 0.513899 0.084342 0.01 0.01
0 0.476761 0.039776 0.01 0.01
0 0.461905 0.035189 0.01 0.01
0 0.490305 0.032349 0.01 0.01
0 0.457099 0.050700 0.01 0.01
0 0.420398 0.043053 0.01 0.01
0 0.441807 0.045675 0.01 0.01
0 0.016499 0.098761 0.01 0.01
0 0.042277 0.092644 0.01 0.01
0 0.025019 0.072327 0.01 0.01
0 0.026111 0.053103 0.01 0.01
0 0.054293 0.060749 0.01 0.01
0 0.067837 0.078662 0.01 0.01
0 0.057133 0.041743 0.01 0.01
0 0.075046 0.036063 0.01 0.01
0 0.110874 0.056598 0.01 0.01
0 0.102572 0.043927 0.01 0.01
0 0.131628 0.043709 0.01 0.01
0 0.153692 0.055069 0.01 0.01
0 0.146264 0.036718 0.01 0.01
0 0.174009 0.046767 0.01 0.01
0 0.184277 0.054413 0.01 0.01
0 0.203501 0.045238 0.01 0.01
0 0.211803 0.036063 0.01 0.01
0 0.225566 0.034315 0.01 0.01
0 0.230590 0.064463 0.01 0.01
0 0.226658 0.094610 0.01 0.01
0 0.200661 0.067084 0.01 0.01
0 0.199787 0.083906 0.01 0.01
0 0.187990 0.069924 0.01 0.01
0 0.212458 0.111650 0.01 0.01
0 0.188864 0.102038 0.01 0.01
0 0.184714 0.113179 0.01 0.01
0 0.148449 0.106844 0.01 0.01
0 0.133812 0.081066 0.01 0.01
0 0.105631 0.084124 0.01 0.01
0 0.086625 0.098324 0.01 0.01
0 0.067400 0.066647 0.01 0.01
0 0.168984 0.037592 0.01 0.01
0 0.162431 0.047204 0.01 0.01
0 0.212240 0.052666 0.01 0.01
0 0.079634 0.089586 0.01 0.01
0 0.102572 0.074293 0.01 0.01
0 0.321240 0.055069 0.01 0.01
0 0.353354 0.055724 0.01 0.01
0 0.380443 0.039776 0.01 0.01
0 0.392240 0.064026 0.01 0.01
0 0.301141 0.052229 0.01 0.01
0 0.285849 0.037373 0.01 0.01
0 0.290874 0.043490 0.01 0.01
0 0.636455 0.037373 0.01 0.01
0 0.649563 0.043053 0.01 0.01
0 0.640388 0.052010 0.01 0.01
0 0.628372 0.073856 0.01 0.01
0 0.608711 0.059219 0.01 0.01
0 0.620289 0.063807 0.01 0.01
0 1.047890 0.034133 0.01 0.01
0 1.057443 0.142400 0.01 0.01
0 1.051075 0.131785 0.01 0.01
0 1.045768 0.102065 0.01 0.01
0 1.056382 0.089328 0.01 0.01
0 1.056382 0.071283 0.01 0.01
0 1.047890 0.060669 0.01 0.01
0 1.043645 0.055362 0.01 0.01
0 1.021354 0.057485 0.01 0.01
0 1.026662 0.052178 0.01 0.01
0 1.021354 0.036256 0.01 0.01
0 1.010740 0.032010 0.01 0.01
0 1.022416 0.154076 0.01 0.01
0 1.058505 0.194410 0.01 0.01
0 1.058505 0.206086 0.01 0.01
0 1.044706 0.240052 0.01 0.01
0 1.045768 0.264465 0.01 0.01
0 1.026662 0.265527 0.01 0.01
0 1.011801 0.246421 0.01 0.01
0 1.053198 0.477814 0.01 0.01
0 0.964037 0.026703 0.01 0.01
0 0.949177 0.033072 0.01 0.01
0 0.952361 0.025642 0.01 0.01
0 0.984204 0.028826 0.01 0.01
0 1.001187 0.029887 0.01 0.01
0 1.006494 0.023519 0.01 0.01
0 1.009679 0.025642 0.01 0.01
0 1.031969 0.027764 0.01 0.01
0 1.039399 0.024580 0.01 0.01
0 1.047890 0.024580 0.01 0.01
0 0.923702 0.023519 0.01 0.01
0 0.913088 0.024580 0.01 0.01
0 0.912026 0.027764 0.01 0.01
0 0.900350 0.036256 0.01 0.01
0 0.902473 0.039440 0.01 0.01
0 0.909903 0.045809 0.01 0.01
0 0.916272 0.046870 0.01 0.01
0 0.926886 0.044747 0.01 0.01
0 0.934316 0.030949 0.01 0.01
0 0.885490 0.028826 0.01 0.01
0 0.867446 0.026703 0.01 0.01
0 0.867446 0.021396 0.01 0.01
0 0.845156 0.028826 0.01 0.01
0 0.841971 0.030949 0.01 0.01
0 0.852586 0.027764 0.01 0.01
0 0.854709 0.023519 0.01 0.01
0 0.875937 0.029887 0.01 0.01
0 0.880183 0.047932 0.01 0.01
0 0.907781 0.032010 0.01 0.01
0 0.910965 0.034133 0.01 0.01
0 0.982081 0.050055 0.01 0.01
0 0.992696 0.057485 0.01 0.01
0 0.832418 0.029887 0.01 0.01
0 0.789961 0.041563 0.01 0.01
0 0.801637 0.032010 0.01 0.01
0 0.781469 0.021396 0.01 0.01
0 1.008750 0.008323 0.01 0.01
0 1.004239 0.016815 0.01 0.01
0 1.019364 0.014957 0.01 0.01
0 1.046696 0.009385 0.01 0.01
0 1.034755 0.007262 0.01 0.01
0 0.976376 0.021060 0.01 0.01
0 0.982745 0.013896 0.01 0.01
0 0.989379 0.022387 0.01 0.01
0 0.992032 0.014161 0.01 0.01
0 0.969477 0.017080 0.01 0.01
0 0.957801 0.019203 0.01 0.01
0 0.956474 0.009119 0.01 0.01
0 0.942145 0.008058 0.01 0.01
0 0.927019 0.021060 0.01 0.01
0 0.925427 0.009385 0.01 0.01
0 0.915874 0.008323 0.01 0.01
0 0.904994 0.013630 0.01 0.01
0 0.890930 0.019734 0.01 0.01
0 0.896237 0.010181 0.01 0.01
0 0.884562 0.008058 0.01 0.01
0 0.843165 0.020530 0.01 0.01
0 0.828836 0.025571 0.01 0.01
0 0.833082 0.014692 0.01 0.01
0 0.817426 0.030879 0.01 0.01
0 0.798850 0.019734 0.01 0.01
0 0.817956 0.013630 0.01 0.01
0 0.855372 0.016284 0.01 0.01
0 0.877662 0.021326 0.01 0.01
0 0.867313 0.010977 0.01 0.01
0 0.941614 0.019999 0.01 0.01
0 1.055453 0.021060 0.01 0.01
0 1.058107 0.009650 0.01 0.01
0 1.043777 0.014957 0.01 0.01
0 0.033288 0.024510 0.01 0.01
0 0.046290 0.029021 0.01 0.01
0 0.064070 0.023714 0.01 0.01
0 0.070173 0.016284 0.01 0.01
0 0.094586 0.025571 0.01 0.01
0 0.103343 0.014161 0.01 0.01
0 0.115284 0.030083 0.01 0.01
0 0.198076 0.029021 0.01 0.01
0 0.236288 0.012834 0.01 0.01
0 0.257782 0.019468 0.01 0.01
0 0.256455 0.041228 0.01 0.01
0 0.239738 0.060599 0.01 0.01
0 0.247168 0.013100 0.01 0.01
0 0.175521 0.006731 0.01 0.01
0 0.305149 0.025949 0.01 0.01
0 0.323724 0.027541 0.01 0.01
0 0.306741 0.018519 0.01 0.01
0 0.297719 0.016396 0.01 0.01
0 0.256853 0.031256 0.01 0.01
0 0.215457 0.032317 0.01 0.01
0 0.327439 0.016396 0.01 0.01
0 0.360874 0.019580 0.01 0.01
0 0.379449 0.013742 0.01 0.01
0 0.410762 0.012150 0.01 0.01
0 0.416600 0.028072 0.01 0.01
0 0.433583 0.018519 0.01 0.01
0 0.439951 0.029664 0.01 0.01
0 0.445259 0.015865 0.01 0.01
0 0.478163 0.017988 0.01 0.01
0 0.496208 0.012150 0.01 0.01
0 0.514252 0.022764 0.01 0.01
0 0.408639 0.042401 0.01 0.01
0 0.410762 0.055138 0.01 0.01
0 0.393779 0.029133 0.01 0.01
0 0.404924 0.028072 0.01 0.01
0 0.459057 0.071591 0.01 0.01
0 0.443666 0.091758 0.01 0.01
0 0.734766 0.062038 0.01 0.01
0 0.725213 0.077428 0.01 0.01
0 0.736889 0.110333 0.01 0.01
0 0.725213 0.051954 0.01 0.01
0 0.725744 0.038686 0.01 0.01
0 0.746442 0.032848 0.01 0.01
0 0.770324 0.033379 0.01 0.01
0 0.782531 0.034971 0.01 0.01
0 0.762363 0.023826 0.01 0.01
0 0.765548 0.017988 0.01 0.01
0 0.766609 0.024887 0.01 0.01
0 0.741135 0.023826 0.01 0.01
0 0.727336 0.021703 0.01 0.01
0 0.729459 0.013211 0.01 0.01
0 0.712476 0.023826 0.01 0.01
0 0.710353 0.033379 0.01 0.01
0 0.705046 0.042401 0.01 0.01
0 0.680633 0.051954 0.01 0.01
0 0.687001 0.042932 0.01 0.01
0 0.677979 0.034971 0.01 0.01
0 0.666303 0.041340 0.01 0.01
0 0.676387 0.017457 0.01 0.01
0 0.688063 0.028602 0.01 0.01
0 0.694962 0.021172 0.01 0.01
0 0.693901 0.011089 0.01 0.01
0 0.705046 0.024357 0.01 0.01
0 0.576081 0.022764 0.01 0.01
0 0.554321 0.025949 0.01 0.01
0 0.530439 0.014804 0.01 0.01
0 0.589880 0.033909 0.01 0.01
0 0.589349 0.020641 0.01 0.01
0 0.754933 0.053015 0.01 0.01
0 0.745911 0.042932 0.01 0.01
0 0.785184 0.010558 0.01 0.01
0 0.841971 0.136869 0.01 0.01
0 0.774039 0.230806 0.01 0.01
0 0.761302 0.244605 0.01 0.01
0 0.734766 0.269018 0.01 0.01
0 0.753341 0.229214 0.01 0.01
0 0.364324 0.058323 0.01 0.01
0 0.465161 0.059384 0.01 0.01
0 0.229521 0.010781 0.01 0.01
0 0.219968 0.007597 0.01 0.01
0 0.747503 0.009720 0.01 0.01
