0 0.126198 0.894256 0.01 0.01
0 0.089174 0.804964 0.01 0.01
0 0.132731 0.743984 0.01 0.01
0 0.178467 0.691715 0.01 0.01
0 0.367940 0.687359 0.01 0.01
0 0.276470 0.526198 0.01 0.01
0 0.753421 0.713494 0.01 0.01
0 0.879737 0.739628 0.01 0.01
0 0.986452 1.151243 0.01 0.01
0 0.997341 0.833276 0.01 0.01
0 1.430735 0.957414 0.01 0.01
0 0.982096 0.569755 0.01 0.01
0 1.365399 0.550154 0.01 0.01
0 1.513494 0.600245 0.01 0.01
0 1.361044 0.443439 0.01 0.01
0 1.215127 0.319301 0.01 0.01
0 0.306416 0.451062 0.01 0.01
0 0.372840 0.476107 0.01 0.01
0 0.452332 0.467396 0.01 0.01
0 0.452332 0.422750 0.01 0.01
0 0.578648 0.338902 0.01 0.01
0 0.302060 0.382459 0.01 0.01
0 0.363040 0.350880 0.01 0.01
0 0.414220 0.342169 0.01 0.01
0 0.442532 0.276833 0.01 0.01
0 0.542713 0.307323 0.01 0.01
0 0.541624 0.418394 0.01 0.01
0 0.336906 0.208231 0.01 0.01
0 0.380463 0.199519 0.01 0.01
0 0.307505 0.173385 0.01 0.01
0 0.306416 0.148339 0.01 0.01
0 0.280281 0.128739 0.01 0.01
0 0.292260 0.092804 0.01 0.01
0 0.346706 0.092804 0.01 0.01
0 0.389174 0.138539 0.01 0.01
0 0.195345 0.097160 0.01 0.01
0 0.209501 0.120027 0.01 0.01
0 0.146343 0.123294 0.01 0.01
0 0.158321 0.102604 0.01 0.01
0 0.107142 0.104782 0.01 0.01
0 0.112586 0.143984 0.01 0.01
0 0.087541 0.130917 0.01 0.01
0 0.026561 0.120027 0.01 0.01
0 0.045073 0.170118 0.01 0.01
0 0.062496 0.181007 0.01 0.01
0 0.452332 0.100427 0.01 0.01
0 0.490445 0.160318 0.01 0.01
0 0.583004 0.105871 0.01 0.01
0 0.531824 0.123294 0.01 0.01
0 0.547069 0.097160 0.01 0.01
0 0.506779 0.097160 0.01 0.01
0 0.630917 0.105871 0.01 0.01
0 0.681007 0.093893 0.01 0.01
0 0.728920 0.087359 0.01 0.01
0 0.755055 0.090626 0.01 0.01
0 0.700608 0.154873 0.01 0.01
0 0.785545 0.150517 0.01 0.01
0 0.777922 0.130917 0.01 0.01
0 0.036633 0.054419 0.01 0.01
0 0.088902 0.042441 0.01 0.01
0 0.380191 0.002695 0.01 0.01
0 0.395980 0.077831 0.01 0.01
0 0.446797 0.076198 0.01 0.01
0 0.419029 0.061497 0.01 0.01
0 0.461497 0.042986 0.01 0.01
0 0.491443 0.016851 0.01 0.01
0 0.521388 0.013040 0.01 0.01
0 0.531733 0.006506 0.01 0.01
0 0.562768 0.015218 0.01 0.01
0 0.486543 0.045708 0.01 0.01
0 0.471298 0.087632 0.01 0.01
0 0.485998 0.076198 0.01 0.01
0 0.524655 0.074020 0.01 0.01
0 0.557868 0.064764 0.01 0.01
0 0.604692 0.059864 0.01 0.01
0 0.637359 0.069664 0.01 0.01
0 0.638448 0.058775 0.01 0.01
0 0.667849 0.051153 0.01 0.01
0 0.725563 0.047341 0.01 0.01
0 0.717396 0.016851 0.01 0.01
0 0.714129 0.003784 0.01 0.01
0 0.659682 0.016851 0.01 0.01
0 0.608503 0.015218 0.01 0.01
0 0.781643 0.011407 0.01 0.01
0 0.808866 0.019029 0.01 0.01
0 0.415490 0.018212 0.01 0.01
0 0.411407 0.083820 0.01 0.01
0 0.517033 0.038085 0.01 0.01
0 0.533911 0.026652 0.01 0.01
0 0.566035 0.040263 0.01 0.01
0 0.564946 0.080009 0.01 0.01
0 0.321570 0.145345 0.01 0.01
0 1.519846 0.455962 0.01 0.01
0 1.469755 0.292623 0.01 0.01
0 1.365218 0.315490 0.01 0.01
0 1.507868 0.190263 0.01 0.01
0 1.557958 0.184819 0.01 0.01
0 1.552514 0.103149 0.01 0.01
0 1.515490 0.075926 0.01 0.01
0 1.552514 0.068303 0.01 0.01
0 1.540535 0.022568 0.01 0.01
0 1.588448 0.068303 0.01 0.01
0 1.419664 0.104238 0.01 0.01
0 1.363040 0.091171 0.01 0.01
0 1.267214 0.177196 0.01 0.01
0 1.295526 0.136906 0.01 0.01
0 1.331461 0.102060 0.01 0.01
0 1.438176 0.057414 0.01 0.01
0 1.595980 0.085998 0.01 0.01
0 1.513222 0.035908 0.01 0.01
0 1.471842 0.038085 0.01 0.01
0 1.481643 0.017940 0.01 0.01
0 1.452786 0.009229 0.01 0.01
0 1.454419 0.044074 0.01 0.01
0 1.409229 0.059864 0.01 0.01
0 1.412496 0.011407 0.01 0.01
0 1.393439 0.005418 0.01 0.01
0 1.397251 0.030463 0.01 0.01
0 1.339537 0.028829 0.01 0.01
0 1.333004 0.005962 0.01 0.01
0 1.301425 0.015218 0.01 0.01
0 1.285635 0.045708 0.01 0.01
0 1.313403 0.039174 0.01 0.01
0 1.286724 0.005418 0.01 0.01
0 1.244800 0.014129 0.01 0.01
0 1.226289 0.028285 0.01 0.01
0 1.204510 0.067486 0.01 0.01
0 1.214310 0.124655 0.01 0.01
0 1.287813 0.118666 0.01 0.01
0 1.362949 0.007595 0.01 0.01
0 1.282913 0.025563 0.01 0.01
0 0.831280 0.258866 0.01 0.01
0 0.871570 0.243621 0.01 0.01
0 0.877015 0.141261 0.01 0.01
0 0.978285 0.129283 0.01 0.01
0 1.119029 0.131733 0.01 0.01
0 1.070027 0.139900 0.01 0.01
0 1.114129 0.071298 0.01 0.01
0 1.083639 0.076198 0.01 0.01
0 1.102151 0.032641 0.01 0.01
0 1.096162 0.011951 0.01 0.01
0 1.150608 0.016851 0.01 0.01
0 1.174020 0.036452 0.01 0.01
0 0.936996 0.107232 0.01 0.01
0 1.006143 0.084909 0.01 0.01
0 1.046978 0.075109 0.01 0.01
0 1.008866 0.043530 0.01 0.01
0 1.060590 0.007595 0.01 0.01
0 1.006143 0.019574 0.01 0.01
0 0.989265 0.052241 0.01 0.01
0 0.984909 0.003784 0.01 0.01
0 0.903240 0.026652 0.01 0.01
0 0.890717 0.074565 0.01 0.01
0 0.931552 0.069664 0.01 0.01
0 0.832459 0.078920 0.01 0.01
0 0.872205 0.022840 0.01 0.01
0 0.821570 0.005418 0.01 0.01
0 0.878376 0.069120 0.01 0.01
0 1.039537 0.005418 0.01 0.01
0 0.275161 0.471148 0.01 0.01
0 0.272151 0.145228 0.01 0.01
0 0.449743 0.001081 0.01 0.01
0 0.541048 0.009108 0.01 0.01
0 0.625998 0.079677 0.01 0.01
0 1.286533 0.272151 0.01 0.01
0 1.206934 0.012452 0.01 0.01
0 1.581182 0.031182 0.01 0.01
