0 0.143927 0.492369 0.01 0.01
0 0.219107 0.468828 0.01 0.01
0 0.117348 0.465790 0.01 0.01
0 0.260873 0.438452 0.01 0.01
0 0.255557 0.474903 0.01 0.01
0 0.199362 0.523504 0.01 0.01
0 0.234294 0.512113 0.01 0.01
0 0.374782 0.494647 0.01 0.01
0 0.462872 0.434655 0.01 0.01
0 0.501601 0.496166 0.01 0.01
0 0.520585 0.472625 0.01 0.01
0 0.522104 0.528820 0.01 0.01
0 0.649682 0.447565 0.01 0.01
0 0.699043 0.458197 0.01 0.01
0 0.805358 0.489332 0.01 0.01
0 0.797004 0.455159 0.01 0.01
0 0.808395 0.402002 0.01 0.01
0 0.779538 0.402002 0.01 0.01
0 0.790929 0.326062 0.01 0.01
0 0.763591 0.294927 0.01 0.01
0 0.784095 0.259995 0.01 0.01
0 0.772704 0.244048 0.01 0.01
0 0.746125 0.225063 0.01 0.01
0 0.751441 0.203800 0.01 0.01
0 0.746884 0.169627 0.01 0.01
0 0.724862 0.151402 0.01 0.01
0 0.732456 0.125583 0.01 0.01
0 0.703599 0.120267 0.01 0.01
0 0.726381 0.111914 0.01 0.01
0 0.690689 0.072425 0.01 0.01
0 0.699043 0.088372 0.01 0.01
0 0.789410 0.068628 0.01 0.01
0 0.794726 0.116470 0.01 0.01
0 0.793967 0.168109 0.01 0.01
0 0.650442 0.371626 0.01 0.01
0 0.645126 0.323784 0.01 0.01
0 0.651201 0.289611 0.01 0.01
0 0.644366 0.266830 0.01 0.01
0 0.637532 0.230379 0.01 0.01
0 0.629179 0.200763 0.01 0.01
0 0.627660 0.174943 0.01 0.01
0 0.657276 0.173424 0.01 0.01
0 0.611713 0.164312 0.01 0.01
0 0.607156 0.146086 0.01 0.01
0 0.636772 0.126342 0.01 0.01
0 0.626900 0.103560 0.01 0.01
0 0.619306 0.108876 0.01 0.01
0 0.484135 0.365551 0.01 0.01
0 0.494766 0.331378 0.01 0.01
0 0.525142 0.320747 0.01 0.01
0 0.507676 0.299484 0.01 0.01
0 0.513751 0.275942 0.01 0.01
0 0.521345 0.240251 0.01 0.01
0 0.494007 0.215950 0.01 0.01
0 0.536533 0.215191 0.01 0.01
0 0.513751 0.192409 0.01 0.01
0 0.508435 0.168868 0.01 0.01
0 0.514510 0.149883 0.01 0.01
0 0.512991 0.133936 0.01 0.01
0 0.503879 0.114951 0.01 0.01
0 0.525901 0.080779 0.01 0.01
0 0.373263 0.465790 0.01 0.01
0 0.394526 0.376182 0.01 0.01
0 0.393007 0.446046 0.01 0.01
0 0.391489 0.303281 0.01 0.01
0 0.408955 0.316190 0.01 0.01
0 0.402120 0.255439 0.01 0.01
0 0.423383 0.201522 0.01 0.01
0 0.434015 0.124823 0.01 0.01
0 0.421864 0.074703 0.01 0.01
0 0.444646 0.144567 0.01 0.01
0 0.461353 0.073185 0.01 0.01
0 0.389211 0.068628 0.01 0.01
0 0.392248 0.084575 0.01 0.01
0 0.364151 0.089891 0.01 0.01
0 0.364151 0.073185 0.01 0.01
0 0.362632 0.066350 0.01 0.01
0 0.360354 0.123304 0.01 0.01
0 0.353519 0.100523 0.01 0.01
0 0.372504 0.135455 0.01 0.01
0 0.332256 0.199244 0.01 0.01
0 0.339091 0.231138 0.01 0.01
0 0.315549 0.280499 0.01 0.01
0 0.313271 0.317709 0.01 0.01
0 0.284414 0.349603 0.01 0.01
0 0.173543 0.374663 0.01 0.01
0 0.145446 0.378460 0.01 0.01
0 0.099882 0.381498 0.01 0.01
0 0.108235 0.298724 0.01 0.01
0 0.134055 0.335934 0.01 0.01
0 0.118867 0.349603 0.01 0.01
0 0.212272 0.329859 0.01 0.01
0 0.221385 0.312393 0.01 0.01
0 0.238851 0.283536 0.01 0.01
0 0.218347 0.279739 0.01 0.01
0 0.244167 0.253161 0.01 0.01
0 0.253279 0.228860 0.01 0.01
0 0.244926 0.199244 0.01 0.01
0 0.204678 0.203800 0.01 0.01
0 0.290489 0.177221 0.01 0.01
0 0.168987 0.247845 0.01 0.01
0 0.095326 0.250882 0.01 0.01
0 0.115829 0.243288 0.01 0.01
0 0.093047 0.193928 0.01 0.01
0 0.108235 0.178740 0.01 0.01
0 0.133295 0.149883 0.01 0.01
0 0.143167 0.134695 0.01 0.01
0 0.108235 0.122545 0.01 0.01
0 0.092288 0.122545 0.01 0.01
0 0.083935 0.098245 0.01 0.01
0 0.117348 0.082297 0.01 0.01
0 0.200881 0.121026 0.01 0.01
0 0.209994 0.107357 0.01 0.01
0 0.251760 0.114192 0.01 0.01
0 0.258595 0.094448 0.01 0.01
0 0.311752 0.084575 0.01 0.01
0 0.288211 0.067869 0.01 0.01
0 0.310234 0.067869 0.01 0.01
0 0.235813 0.089132 0.01 0.01
0 0.177340 0.078500 0.01 0.01
0 0.162152 0.072425 0.01 0.01
0 0.172024 0.102041 0.01 0.01
0 0.149242 0.099004 0.01 0.01
0 0.179618 0.147605 0.01 0.01
0 0.161393 0.191650 0.01 0.01
0 0.277580 0.099004 0.01 0.01
0 0.866790 0.123713 0.01 0.01
0 0.849707 0.107579 0.01 0.01
0 0.822185 0.064872 0.01 0.01
0 0.807949 0.037349 0.01 0.01
0 0.779478 0.013623 0.01 0.01
0 0.732737 0.068890 0.01 0.01
0 0.690979 0.048011 0.01 0.01
0 0.693826 0.023336 0.01 0.01
0 0.677692 0.012422 0.01 0.01
0 0.811983 0.086448 0.01 0.01
0 0.822422 0.112072 0.01 0.01
0 0.621223 0.071738 0.01 0.01
0 0.675794 0.051333 0.01 0.01
0 0.657287 0.035199 0.01 0.01
0 0.613156 0.017642 0.01 0.01
0 0.591803 0.033301 0.01 0.01
0 0.552417 0.006253 0.01 0.01
0 0.542452 0.019540 0.01 0.01
0 0.548146 0.048486 0.01 0.01
0 0.494050 0.048011 0.01 0.01
0 0.493576 0.023811 0.01 0.01
0 0.495000 0.010049 0.01 0.01
0 0.517302 0.190844 0.01 0.01
0 0.485984 0.037097 0.01 0.01
0 0.620274 0.032352 0.01 0.01
0 0.599870 0.093091 0.01 0.01
0 0.161883 0.174710 0.01 0.01
0 0.430939 0.045639 0.01 0.01
0 0.426193 0.025709 0.01 0.01
0 0.419550 0.035674 0.01 0.01
0 0.421448 0.057502 0.01 0.01
0 0.456563 0.002931 0.01 0.01
0 0.387757 0.041843 0.01 0.01
0 0.370674 0.047537 0.01 0.01
0 0.196523 0.080279 0.01 0.01
0 0.193201 0.059400 0.01 0.01
0 0.181813 0.022387 0.01 0.01
0 0.215979 0.021438 0.01 0.01
0 0.226418 0.009100 0.01 0.01
0 0.218351 0.037097 0.01 0.01
0 0.082162 0.061298 0.01 0.01
0 0.152867 0.075059 0.01 0.01
0 0.177542 0.060349 0.01 0.01
0 0.123921 0.139120 0.01 0.01
0 0.212182 0.095938 0.01 0.01
0 0.231163 0.107802 0.01 0.01
0 0.222622 0.158101 0.01 0.01
0 0.265804 0.134375 0.01 0.01
0 0.163781 0.177082 0.01 0.01
0 0.077892 0.083601 0.01 0.01
0 0.097822 0.066518 0.01 0.01
0 0.241603 0.015269 0.01 0.01
0 0.239705 0.113021 0.01 0.01
0 0.144325 0.183726 0.01 0.01
0 0.126768 0.173286 0.01 0.01
0 0.718738 0.100936 0.01 0.01
0 0.622410 0.136051 0.01 0.01
0 0.593938 0.043044 0.01 0.01
0 0.136970 0.290746 0.01 0.01
0 0.140292 0.270341 0.01 0.01
0 0.156426 0.267494 0.01 0.01
0 0.144562 0.248513 0.01 0.01
0 0.139343 0.238074 0.01 0.01
0 0.128429 0.211500 0.01 0.01
0 0.099008 0.222889 0.01 0.01
0 0.204353 0.407731 0.01 0.01
0 0.331526 0.032604 0.01 0.01
0 0.338169 0.060127 0.01 0.01
0 0.152155 0.120866 0.01 0.01
0 0.201506 0.013623 0.01 0.01
0 0.454902 0.030706 0.01 0.01
0 0.851605 0.014572 0.01 0.01
0 0.805102 0.244242 0.01 0.01
0 0.597260 0.232854 0.01 0.01
