0 0.017499 0.075770 0.01 0.01
0 0.014221 0.090193 0.01 0.01
0 0.023399 0.046924 0.01 0.01
0 0.041100 0.044302 0.01 0.01
0 0.044378 0.081015 0.01 0.01
0 0.031266 0.069870 0.01 0.01
0 0.053557 0.060692 0.01 0.01
0 0.062079 0.082982 0.01 0.01
0 0.032578 0.098716 0.01 0.01
0 0.012254 0.119695 0.01 0.01
0 0.028644 0.131496 0.01 0.01
0 0.043067 0.121006 0.01 0.01
0 0.029300 0.113139 0.01 0.01
0 0.011599 0.141985 0.01 0.01
0 0.021432 0.151819 0.01 0.01
0 0.045689 0.147886 0.01 0.01
0 0.008321 0.177387 0.01 0.01
0 0.035200 0.178699 0.01 0.01
0 0.050279 0.176076 0.01 0.01
0 0.045689 0.197055 0.01 0.01
0 0.009632 0.214101 0.01 0.01
0 0.025366 0.225901 0.01 0.01
0 0.011599 0.252125 0.01 0.01
0 0.050934 0.248847 0.01 0.01
0 0.033233 0.263926 0.01 0.01
0 0.012910 0.273104 0.01 0.01
0 0.073224 0.255403 0.01 0.01
0 0.098137 0.261304 0.01 0.01
0 0.117805 0.269171 0.01 0.01
0 0.119772 0.234424 0.01 0.01
0 0.092237 0.216723 0.01 0.01
0 0.074536 0.214101 0.01 0.01
0 0.081747 0.197711 0.01 0.01
0 0.079780 0.169520 0.01 0.01
0 0.062735 0.201644 0.01 0.01
0 0.116494 0.192466 0.01 0.01
0 0.152551 0.264582 0.01 0.01
0 0.160418 0.229179 0.01 0.01
0 0.176153 0.264582 0.01 0.01
0 0.142717 0.253436 0.01 0.01
0 0.159107 0.208200 0.01 0.01
0 0.143373 0.194433 0.01 0.01
0 0.140751 0.170176 0.01 0.01
0 0.121738 0.166898 0.01 0.01
0 0.098793 0.146575 0.01 0.01
0 0.088959 0.138707 0.01 0.01
0 0.082403 0.128873 0.01 0.01
0 0.051590 0.099372 0.01 0.01
0 0.077158 0.096749 0.01 0.01
0 0.094203 0.111172 0.01 0.01
0 0.108627 0.103961 0.01 0.01
0 0.094203 0.079048 0.01 0.01
0 0.093548 0.062003 0.01 0.01
0 0.111905 0.034468 0.01 0.01
0 0.098793 0.017422 0.01 0.01
0 0.129606 0.018078 0.01 0.01
0 0.094859 0.036435 0.01 0.01
0 0.053557 0.042335 0.01 0.01
0 0.107971 0.051513 0.01 0.01
0 0.131572 0.048235 0.01 0.01
0 0.154518 0.050858 0.01 0.01
0 0.159107 0.031190 0.01 0.01
0 0.159107 0.008900 0.01 0.01
0 0.183364 0.004966 0.01 0.01
0 0.205655 0.029879 0.01 0.01
0 0.233845 0.029879 0.01 0.01
0 0.234501 0.009555 0.01 0.01
0 0.245646 0.014800 0.01 0.01
0 0.254168 0.029879 0.01 0.01
0 0.268592 0.018734 0.01 0.01
0 0.286948 0.010211 0.01 0.01
0 0.323006 0.006933 0.01 0.01
0 0.315139 0.018734 0.01 0.01
0 0.315139 0.034468 0.01 0.01
0 0.284326 0.025945 0.01 0.01
0 0.273181 0.034468 0.01 0.01
0 0.264658 0.046269 0.01 0.01
0 0.258758 0.056102 0.01 0.01
0 0.249579 0.062658 0.01 0.01
0 0.220733 0.053480 0.01 0.01
0 0.204343 0.050202 0.01 0.01
0 0.188609 0.057414 0.01 0.01
0 0.195821 0.048235 0.01 0.01
0 0.184675 0.039057 0.01 0.01
0 0.166319 0.048235 0.01 0.01
0 0.145340 0.083637 0.01 0.01
0 0.178120 0.090193 0.01 0.01
0 0.168286 0.090193 0.01 0.01
0 0.198443 0.071181 0.01 0.01
0 0.210899 0.077737 0.01 0.01
0 0.231223 0.075770 0.01 0.01
0 0.243023 0.071837 0.01 0.01
0 0.252202 0.090193 0.01 0.01
0 0.237779 0.094127 0.01 0.01
0 0.221389 0.092160 0.01 0.01
0 0.176153 0.062658 0.01 0.01
0 0.121738 0.082982 0.01 0.01
0 0.117149 0.066592 0.01 0.01
0 0.106004 0.075770 0.01 0.01
0 0.127639 0.094783 0.01 0.01
0 0.148618 0.115106 0.01 0.01
0 0.134195 0.118384 0.01 0.01
0 0.120427 0.129529 0.01 0.01
0 0.117805 0.145263 0.01 0.01
0 0.134195 0.141985 0.01 0.01
0 0.148618 0.133463 0.01 0.01
0 0.151896 0.148541 0.01 0.01
0 0.162385 0.180010 0.01 0.01
0 0.161730 0.163620 0.01 0.01
0 0.179431 0.217379 0.01 0.01
0 0.189920 0.187877 0.01 0.01
0 0.203688 0.192466 0.01 0.01
0 0.203688 0.240980 0.01 0.01
0 0.197132 0.229179 0.01 0.01
0 0.213522 0.265893 0.01 0.01
0 0.237123 0.242947 0.01 0.01
0 0.222044 0.238358 0.01 0.01
0 0.241057 0.223279 0.01 0.01
0 0.254824 0.236391 0.01 0.01
0 0.265314 0.254748 0.01 0.01
0 0.276459 0.269826 0.01 0.01
0 0.297438 0.265893 0.01 0.01
0 0.299405 0.250814 0.01 0.01
0 0.276459 0.231802 0.01 0.01
0 0.307272 0.224590 0.01 0.01
0 0.331529 0.239013 0.01 0.01
0 0.347263 0.273760 0.01 0.01
0 0.362997 0.242947 0.01 0.01
0 0.385943 0.240980 0.01 0.01
0 0.401677 0.277693 0.01 0.01
0 0.370864 0.265893 0.01 0.01
0 0.443635 0.235080 0.01 0.01
0 0.452158 0.262615 0.01 0.01
0 0.430523 0.221312 0.01 0.01
0 0.433801 0.200333 0.01 0.01
0 0.337429 0.048235 0.01 0.01
0 0.357752 0.048235 0.01 0.01
0 0.356441 0.034468 0.01 0.01
0 0.343329 0.019389 0.01 0.01
0 0.376765 0.021356 0.01 0.01
0 0.356441 0.018734 0.01 0.01
0 0.394466 0.044302 0.01 0.01
0 0.370864 0.043646 0.01 0.01
0 0.385287 0.058069 0.01 0.01
0 0.374142 0.073804 0.01 0.01
0 0.383976 0.094783 0.01 0.01
0 0.296127 0.042335 0.01 0.01
0 0.290882 0.063970 0.01 0.01
0 0.278425 0.069870 0.01 0.01
0 0.298093 0.069214 0.01 0.01
0 0.321039 0.058069 0.01 0.01
0 0.286293 0.085604 0.01 0.01
0 0.270558 0.090849 0.01 0.01
0 0.248268 0.108550 0.01 0.01
0 0.229256 0.111172 0.01 0.01
0 0.222044 0.134774 0.01 0.01
0 0.208277 0.148541 0.01 0.01
0 0.187298 0.136085 0.01 0.01
0 0.193198 0.117073 0.01 0.01
0 0.181398 0.109206 0.01 0.01
0 0.165663 0.117728 0.01 0.01
0 0.210244 0.115106 0.01 0.01
0 0.238434 0.148541 0.01 0.01
0 0.225322 0.159031 0.01 0.01
0 0.226634 0.178699 0.01 0.01
0 0.250891 0.151819 0.01 0.01
0 0.268592 0.128218 0.01 0.01
0 0.267936 0.110517 0.01 0.01
0 0.160418 0.071181 0.01 0.01
0 0.033889 0.222623 0.01 0.01
0 0.218766 0.197711 0.01 0.01
0 0.241712 0.193122 0.01 0.01
0 0.252857 0.181977 0.01 0.01
0 0.267936 0.154442 0.01 0.01
0 0.331529 0.022012 0.01 0.01
0 0.343329 0.072492 0.01 0.01
0 0.329562 0.071837 0.01 0.01
0 0.397088 0.072492 0.01 0.01
0 0.406266 0.054791 0.01 0.01
0 0.411511 0.084949 0.01 0.01
0 0.411511 0.115762 0.01 0.01
0 0.395777 0.129529 0.01 0.01
0 0.372175 0.106583 0.01 0.01
0 0.372175 0.117728 0.01 0.01
0 0.375453 0.141985 0.01 0.01
0 0.362342 0.131496 0.01 0.01
0 0.342674 0.111172 0.01 0.01
0 0.336118 0.094783 0.01 0.01
0 0.342018 0.084949 0.01 0.01
0 0.307927 0.120351 0.01 0.01
0 0.296127 0.126907 0.01 0.01
0 0.293504 0.105928 0.01 0.01
0 0.302682 0.096749 0.01 0.01
0 0.279081 0.151164 0.01 0.01
0 0.305305 0.151164 0.01 0.01
0 0.311861 0.137396 0.01 0.01
0 0.324317 0.143297 0.01 0.01
0 0.337429 0.141985 0.01 0.01
0 0.368898 0.155753 0.01 0.01
0 0.357097 0.159031 0.01 0.01
0 0.334807 0.174765 0.01 0.01
0 0.322350 0.171487 0.01 0.01
0 0.289571 0.180010 0.01 0.01
0 0.269903 0.192466 0.01 0.01
0 0.309238 0.206234 0.01 0.01
0 0.327595 0.212134 0.01 0.01
0 0.347263 0.206234 0.01 0.01
0 0.356441 0.185255 0.01 0.01
0 0.376765 0.187877 0.01 0.01
0 0.390532 0.208200 0.01 0.01
0 0.404955 0.208200 0.01 0.01
0 0.391843 0.168209 0.01 0.01
0 0.389877 0.148541 0.01 0.01
0 0.404955 0.155753 0.01 0.01
0 0.410856 0.141985 0.01 0.01
0 0.422001 0.140674 0.01 0.01
0 0.428557 0.120351 0.01 0.01
0 0.439046 0.100027 0.01 0.01
0 0.427901 0.100027 0.01 0.01
0 0.429212 0.071181 0.01 0.01
0 0.423312 0.056102 0.01 0.01
0 0.413478 0.027912 0.01 0.01
0 0.401022 0.031190 0.01 0.01
0 0.402333 0.010211 0.01 0.01
0 0.412167 0.008900 0.01 0.01
0 0.361030 0.006933 0.01 0.01
0 0.446258 0.006933 0.01 0.01
0 0.424623 0.007589 0.01 0.01
0 0.458714 0.021356 0.01 0.01
0 0.456092 0.008244 0.01 0.01
0 0.479037 0.011522 0.01 0.01
0 0.494772 0.006933 0.01 0.01
0 0.482315 0.025945 0.01 0.01
0 0.470515 0.028568 0.01 0.01
0 0.454125 0.044302 0.01 0.01
0 0.450847 0.032501 0.01 0.01
0 0.440357 0.060036 0.01 0.01
0 0.461992 0.060692 0.01 0.01
0 0.446258 0.081015 0.01 0.01
0 0.470515 0.072492 0.01 0.01
0 0.477071 0.054136 0.01 0.01
0 0.482315 0.044302 0.01 0.01
0 0.502639 0.025945 0.01 0.01
0 0.505261 0.008244 0.01 0.01
0 0.517062 0.018078 0.01 0.01
0 0.528863 0.014144 0.01 0.01
0 0.530829 0.003655 0.01 0.01
0 0.555086 0.014800 0.01 0.01
0 0.572787 0.016767 0.01 0.01
0 0.595733 0.020700 0.01 0.01
0 0.585899 0.006933 0.01 0.01
0 0.606223 0.016111 0.01 0.01
0 0.620646 0.025290 0.01 0.01
0 0.640969 0.011522 0.01 0.01
0 0.636380 0.026601 0.01 0.01
0 0.651459 0.018078 0.01 0.01
0 0.631791 0.040368 0.01 0.01
0 0.567543 0.027912 0.01 0.01
0 0.524929 0.026601 0.01 0.01
0 0.536074 0.043646 0.01 0.01
0 0.535418 0.034468 0.01 0.01
0 0.522307 0.049547 0.01 0.01
0 0.506572 0.050202 0.01 0.01
0 0.493460 0.048891 0.01 0.01
0 0.496738 0.066592 0.01 0.01
0 0.535418 0.066592 0.01 0.01
0 0.523618 0.085604 0.01 0.01
0 0.506572 0.094127 0.01 0.01
0 0.491494 0.087571 0.01 0.01
0 0.498050 0.109206 0.01 0.01
0 0.509850 0.113139 0.01 0.01
0 0.490182 0.129529 0.01 0.01
0 0.498705 0.154442 0.01 0.01
0 0.456092 0.110517 0.01 0.01
0 0.452158 0.123629 0.01 0.01
0 0.444291 0.137396 0.01 0.01
0 0.454125 0.147230 0.01 0.01
0 0.463959 0.128218 0.01 0.01
0 0.467237 0.174109 0.01 0.01
0 0.452814 0.170832 0.01 0.01
0 0.448880 0.194433 0.01 0.01
0 0.460025 0.195744 0.01 0.01
0 0.481004 0.192466 0.01 0.01
0 0.465270 0.203611 0.01 0.01
0 0.467237 0.212134 0.01 0.01
0 0.451502 0.216068 0.01 0.01
0 0.467237 0.235080 0.01 0.01
0 0.484938 0.208200 0.01 0.01
0 0.500016 0.235735 0.01 0.01
0 0.504606 0.258026 0.01 0.01
0 0.517717 0.238358 0.01 0.01
0 0.570821 0.250158 0.01 0.01
0 0.559020 0.239013 0.01 0.01
0 0.584588 0.238358 0.01 0.01
0 0.597700 0.234424 0.01 0.01
0 0.608189 0.276382 0.01 0.01
0 0.582621 0.280316 0.01 0.01
0 0.539352 0.273760 0.01 0.01
0 0.521651 0.263926 0.01 0.01
0 0.522962 0.204922 0.01 0.01
0 0.545252 0.183288 0.01 0.01
0 0.538041 0.170832 0.01 0.01
0 0.535418 0.155753 0.01 0.01
0 0.542630 0.141985 0.01 0.01
0 0.543941 0.131496 0.01 0.01
0 0.527551 0.124940 0.01 0.01
0 0.513784 0.153130 0.01 0.01
0 0.510506 0.138707 0.01 0.01
0 0.477071 0.138052 0.01 0.01
0 0.557053 0.160342 0.01 0.01
0 0.587866 0.166898 0.01 0.01
0 0.599011 0.183943 0.01 0.01
0 0.587866 0.214101 0.01 0.01
0 0.576065 0.217379 0.01 0.01
0 0.616057 0.217379 0.01 0.01
0 0.645558 0.263926 0.01 0.01
0 0.653425 0.229179 0.01 0.01
0 0.635069 0.187877 0.01 0.01
0 0.608189 0.165587 0.01 0.01
0 0.630480 0.171487 0.01 0.01
0 0.652770 0.149852 0.01 0.01
0 0.650803 0.124284 0.01 0.01
0 0.648836 0.104616 0.01 0.01
0 0.627202 0.107894 0.01 0.01
0 0.619990 0.099372 0.01 0.01
0 0.607534 0.104616 0.01 0.01
0 0.594422 0.129529 0.01 0.01
0 0.609501 0.143297 0.01 0.01
0 0.580655 0.113139 0.01 0.01
0 0.566887 0.103961 0.01 0.01
0 0.545252 0.117728 0.01 0.01
0 0.536074 0.103961 0.01 0.01
0 0.549186 0.082982 0.01 0.01
0 0.554431 0.072492 0.01 0.01
0 0.554431 0.062003 0.01 0.01
0 0.566887 0.050858 0.01 0.01
0 0.576721 0.046924 0.01 0.01
0 0.600978 0.037090 0.01 0.01
0 0.595078 0.050202 0.01 0.01
0 0.618023 0.048235 0.01 0.01
0 0.613434 0.031190 0.01 0.01
0 0.602945 0.063314 0.01 0.01
0 0.593111 0.077737 0.01 0.01
0 0.583277 0.092816 0.01 0.01
0 0.631791 0.063970 0.01 0.01
0 0.625235 0.085604 0.01 0.01
0 0.610812 0.077737 0.01 0.01
0 0.602945 0.094783 0.01 0.01
0 0.037167 0.019389 0.01 0.01
0 0.008321 0.056102 0.01 0.01
0 0.645558 0.058725 0.01 0.01
0 0.652770 0.174109 0.01 0.01
0 0.430523 0.037746 0.01 0.01
0 0.382009 0.035779 0.01 0.01
