0 0.071094 0.182465 0.01 0.01
0 0.023698 0.233924 0.01 0.01
0 0.155503 0.153576 0.01 0.01
0 0.158663 0.187882 0.01 0.01
0 0.142865 0.220382 0.01 0.01
0 0.107656 0.233924 0.01 0.01
0 0.238559 0.264167 0.01 0.01
0 0.186649 0.241597 0.01 0.01
0 0.230434 0.204132 0.01 0.01
0 0.330191 0.242049 0.01 0.01
0 0.408733 0.285382 0.01 0.01
0 0.475538 0.293958 0.01 0.01
0 0.362240 0.327361 0.01 0.01
0 0.310781 0.285382 0.01 0.01
0 0.161372 0.283576 0.01 0.01
0 0.104497 0.281319 0.01 0.01
0 0.117587 0.354896 0.01 0.01
0 0.168142 0.330972 0.01 0.01
0 0.005191 0.315174 0.01 0.01
0 0.134740 0.302986 0.01 0.01
0 0.025052 0.168472 0.01 0.01
0 0.079670 0.140486 0.01 0.01
0 0.120295 0.140486 0.01 0.01
0 0.096823 0.118368 0.01 0.01
0 0.155955 0.096701 0.01 0.01
0 0.111719 0.078646 0.01 0.01
0 0.180781 0.140486 0.01 0.01
0 0.220955 0.128299 0.01 0.01
0 0.248941 0.113854 0.01 0.01
0 0.203351 0.164410 0.01 0.01
0 0.231337 0.152222 0.01 0.01
0 0.300851 0.150417 0.01 0.01
0 0.257969 0.191493 0.01 0.01
0 0.333351 0.183368 0.01 0.01
0 0.456580 0.205035 0.01 0.01
0 0.514358 0.220382 0.01 0.01
0 0.522934 0.326458 0.01 0.01
0 0.523385 0.275000 0.01 0.01
0 0.400608 0.232569 0.01 0.01
0 0.392031 0.199167 0.01 0.01
0 0.453420 0.247917 0.01 0.01
0 0.469219 0.232569 0.01 0.01
0 0.503976 0.185625 0.01 0.01
0 0.448003 0.167569 0.01 0.01
0 0.400156 0.173889 0.01 0.01
0 0.382552 0.142292 0.01 0.01
0 0.426337 0.131910 0.01 0.01
0 0.468316 0.146354 0.01 0.01
0 0.499462 0.145903 0.01 0.01
0 0.539635 0.154931 0.01 0.01
0 0.485920 0.118819 0.01 0.01
0 0.471476 0.121528 0.01 0.01
0 0.517517 0.104375 0.01 0.01
0 0.491788 0.083160 0.01 0.01
0 0.443941 0.092639 0.01 0.01
0 0.349149 0.125139 0.01 0.01
0 0.279184 0.125139 0.01 0.01
0 0.286858 0.105278 0.01 0.01
0 0.322969 0.118819 0.01 0.01
0 0.322066 0.146806 0.01 0.01
0 0.203351 0.111146 0.01 0.01
0 0.175365 0.100764 0.01 0.01
0 0.038142 0.132361 0.01 0.01
0 0.032726 0.098507 0.01 0.01
0 0.076962 0.080903 0.01 0.01
0 0.074253 0.100313 0.01 0.01
0 0.133837 0.076389 0.01 0.01
0 0.163628 0.075486 0.01 0.01
0 0.200642 0.088125 0.01 0.01
0 0.204253 0.064653 0.01 0.01
0 0.187101 0.062847 0.01 0.01
0 0.230885 0.073229 0.01 0.01
0 0.296788 0.076840 0.01 0.01
0 0.324774 0.074132 0.01 0.01
0 0.374427 0.083611 0.01 0.01
0 0.415052 0.070069 0.01 0.01
0 0.532865 0.105278 0.01 0.01
0 0.272413 0.071424 0.01 0.01
0 0.262934 0.050660 0.01 0.01
0 0.330642 0.044792 0.01 0.01
0 0.400608 0.035764 0.01 0.01
0 0.431302 0.032604 0.01 0.01
0 0.450712 0.058785 0.01 0.01
0 0.494497 0.058785 0.01 0.01
0 0.507135 0.048854 0.01 0.01
0 0.526094 0.073681 0.01 0.01
0 0.542344 0.072326 0.01 0.01
0 0.544149 0.037569 0.01 0.01
0 0.474184 0.066458 0.01 0.01
0 0.391580 0.066910 0.01 0.01
0 0.150990 0.053368 0.01 0.01
0 0.161823 0.040278 0.01 0.01
0 0.133837 0.058785 0.01 0.01
0 0.120295 0.063750 0.01 0.01
0 0.120295 0.040278 0.01 0.01
0 0.081476 0.049306 0.01 0.01
0 0.100885 0.021319 0.01 0.01
0 0.080122 0.028993 0.01 0.01
0 0.055747 0.024931 0.01 0.01
0 0.037691 0.033056 0.01 0.01
0 0.053490 0.069167 0.01 0.01
0 0.044913 0.084063 0.01 0.01
0 0.005642 0.140035 0.01 0.01
0 0.114427 0.101667 0.01 0.01
0 0.206962 0.046146 0.01 0.01
0 0.230885 0.054271 0.01 0.01
0 0.233594 0.033958 0.01 0.01
0 0.203351 0.029444 0.01 0.01
0 0.188455 0.029896 0.01 0.01
0 0.136094 0.023576 0.01 0.01
0 0.057552 0.053368 0.01 0.01
0 0.032274 0.064653 0.01 0.01
0 0.005642 0.046146 0.01 0.01
0 0.011510 0.060590 0.01 0.01
0 0.091406 0.088576 0.01 0.01
0 0.044010 0.116563 0.01 0.01
0 0.487726 0.018160 0.01 0.01
0 0.478247 0.049306 0.01 0.01
0 0.543698 0.055174 0.01 0.01
0 0.311684 0.037569 0.01 0.01
0 0.286858 0.037118 0.01 0.01
0 0.303108 0.100313 0.01 0.01
0 0.272413 0.238437 0.01 0.01
0 0.297240 0.209097 0.01 0.01
0 0.292274 0.183819 0.01 0.01
0 0.192517 0.192396 0.01 0.01
0 0.310330 0.061493 0.01 0.01
0 0.494497 0.107535 0.01 0.01
0 0.448906 0.110694 0.01 0.01
0 0.420017 0.052917 0.01 0.01
0 0.015573 0.030799 0.01 0.01
0 0.261128 0.010486 0.01 0.01
0 0.273316 0.016354 0.01 0.01
0 0.323872 0.020868 0.01 0.01
0 0.304913 0.026736 0.01 0.01
0 0.271962 0.038472 0.01 0.01
0 0.378941 0.024931 0.01 0.01
0 0.459740 0.013194 0.01 0.01
0 0.441684 0.013194 0.01 0.01
0 0.513003 0.034410 0.01 0.01
0 0.451163 0.040278 0.01 0.01
0 0.355469 0.038021 0.01 0.01
0 0.242622 0.022674 0.01 0.01
0 0.182587 0.009583 0.01 0.01
0 0.157309 0.024931 0.01 0.01
0 0.114878 0.011840 0.01 0.01
0 0.066580 0.013194 0.01 0.01
0 0.504427 0.240694 0.01 0.01
0 0.359983 0.024028 0.01 0.01
0 0.004879 0.113117 0.01 0.01
0 0.016898 0.075421 0.01 0.01
0 0.019083 0.019695 0.01 0.01
0 0.022361 0.009861 0.01 0.01
0 0.004879 0.009861 0.01 0.01
0 0.004332 0.021334 0.01 0.01
0 0.049131 0.013139 0.01 0.01
0 0.037112 0.010954 0.01 0.01
0 0.079179 0.008769 0.01 0.01
0 0.019630 0.004398 0.01 0.01
0 0.135998 0.008769 0.01 0.01
0 0.125071 0.021880 0.01 0.01
0 0.151295 0.009861 0.01 0.01
0 0.190630 0.018602 0.01 0.01
0 0.208659 0.019149 0.01 0.01
0 0.214669 0.012593 0.01 0.01
0 0.203196 0.003305 0.01 0.01
0 0.225049 0.006037 0.01 0.01
0 0.242532 0.002759 0.01 0.01
0 0.220132 0.032261 0.01 0.01
0 0.219040 0.048651 0.01 0.01
0 0.215762 0.058484 0.01 0.01
0 0.297711 0.050836 0.01 0.01
0 0.320110 0.029529 0.01 0.01
0 0.390040 0.024066 0.01 0.01
0 0.443034 0.046465 0.01 0.01
0 0.414079 0.089625 0.01 0.01
0 0.388401 0.092903 0.01 0.01
0 0.396050 0.082523 0.01 0.01
0 0.351251 0.075421 0.01 0.01
0 0.523345 0.039909 0.01 0.01
0 0.527169 0.048651 0.01 0.01
0 0.482370 0.009861 0.01 0.01
0 0.463795 0.030075 0.01 0.01
0 0.461609 0.091811 0.01 0.01
0 0.528808 0.208179 0.01 0.01
0 0.473629 0.195067 0.01 0.01
0 0.273672 0.027344 0.01 0.01
0 0.364909 0.053568 0.01 0.01
0 0.431015 0.021334 0.01 0.01
0 0.511325 0.021880 0.01 0.01
