0 0.115309 1.098975 0.01 0.01
0 0.296071 1.175200 0.01 0.01
0 0.437632 1.142532 0.01 0.01
0 0.450699 0.996615 0.01 0.01
0 0.620572 0.946525 0.01 0.01
0 0.563947 0.783185 0.01 0.01
0 0.232913 0.733094 0.01 0.01
0 0.357051 0.667759 0.01 0.01
0 0.147976 0.338902 0.01 0.01
0 0.115309 0.219120 0.01 0.01
0 0.047795 0.101516 0.01 0.01
0 0.110953 0.151606 0.01 0.01
0 0.128376 0.114583 0.01 0.01
0 0.063040 0.031824 0.01 0.01
0 0.191534 0.062314 0.01 0.01
0 0.130554 0.044891 0.01 0.01
0 0.211134 0.212586 0.01 0.01
0 0.243802 0.243076 0.01 0.01
0 0.217668 0.308412 0.01 0.01
0 0.296071 0.349791 0.01 0.01
0 0.402786 0.323657 0.01 0.01
0 0.616216 0.526198 0.01 0.01
0 0.685908 0.561044 0.01 0.01
0 0.753421 0.619846 0.01 0.01
0 1.154147 1.085908 0.01 0.01
0 1.417668 1.129465 0.01 0.01
0 1.567940 0.937813 0.01 0.01
0 1.476470 0.831098 0.01 0.01
0 1.310953 0.889900 0.01 0.01
0 1.324020 0.743984 0.01 0.01
0 1.154147 0.680826 0.01 0.01
0 0.988630 0.615490 0.01 0.01
0 1.191171 0.574111 0.01 0.01
0 1.086633 0.534909 0.01 0.01
0 0.908049 0.460862 0.01 0.01
0 0.803512 0.526198 0.01 0.01
0 0.640173 0.384637 0.01 0.01
0 0.579192 0.312768 0.01 0.01
0 0.570481 0.245254 0.01 0.01
0 0.696797 0.216942 0.01 0.01
0 0.838358 0.297523 0.01 0.01
0 0.984274 0.380281 0.01 0.01
0 0.445799 0.119483 0.01 0.01
0 0.382641 0.144528 0.01 0.01
0 0.326016 0.083548 0.01 0.01
0 0.297704 0.077015 0.01 0.01
0 0.286815 0.014946 0.01 0.01
0 0.367396 0.025835 0.01 0.01
0 0.508957 0.080281 0.01 0.01
0 0.523113 0.129283 0.01 0.01
0 0.663584 0.190263 0.01 0.01
0 0.617849 0.057414 0.01 0.01
0 0.628739 0.030191 0.01 0.01
0 0.694074 0.050880 0.01 0.01
0 0.740898 0.011679 0.01 0.01
0 0.716942 0.098793 0.01 0.01
0 0.771388 0.088993 0.01 0.01
0 0.738721 0.129283 0.01 0.01
0 0.788811 0.167396 0.01 0.01
0 1.483911 0.585000 0.01 0.01
0 1.403330 0.643802 0.01 0.01
0 1.323839 0.562133 0.01 0.01
0 1.344528 0.370481 0.01 0.01
0 1.453421 0.400971 0.01 0.01
0 1.418575 0.322568 0.01 0.01
0 1.489356 0.347614 0.01 0.01
0 1.567759 0.367214 0.01 0.01
0 1.585182 0.406416 0.01 0.01
0 1.553603 0.482641 0.01 0.01
0 1.579737 0.539265 0.01 0.01
0 1.138721 0.435817 0.01 0.01
0 1.209501 0.373748 0.01 0.01
0 1.285726 0.309501 0.01 0.01
0 1.246525 0.275744 0.01 0.01
0 1.205145 0.244165 0.01 0.01
0 1.086452 0.286633 0.01 0.01
0 1.078829 0.344347 0.01 0.01
0 0.983004 0.245254 0.01 0.01
0 1.015672 0.236543 0.01 0.01
0 1.308594 0.286633 0.01 0.01
0 0.923839 0.214220 0.01 0.01
0 0.984819 0.129283 0.01 0.01
0 0.951062 0.106416 0.01 0.01
0 0.934728 0.093349 0.01 0.01
0 0.808412 0.033457 0.01 0.01
0 0.892260 0.031280 0.01 0.01
0 0.958684 0.069392 0.01 0.01
0 1.022931 0.061770 0.01 0.01
0 1.052332 0.180463 0.01 0.01
0 1.098067 0.048702 0.01 0.01
0 1.059955 0.012768 0.01 0.01
0 1.020753 0.030191 0.01 0.01
0 1.321298 0.014946 0.01 0.01
0 1.340898 0.033457 0.01 0.01
0 1.359410 0.058503 0.01 0.01
0 1.408412 0.050880 0.01 0.01
0 1.386633 0.121661 0.01 0.01
0 1.409501 0.129283 0.01 0.01
0 1.353966 0.207686 0.01 0.01
0 1.246162 0.217486 0.01 0.01
0 1.272296 0.190263 0.01 0.01
0 1.186271 0.124927 0.01 0.01
0 1.262496 0.106416 0.01 0.01
0 1.251606 0.083548 0.01 0.01
0 1.237450 0.084637 0.01 0.01
0 1.344165 0.092260 0.01 0.01
0 0.881915 0.402060 0.01 0.01
0 1.585182 0.264310 0.01 0.01
0 1.479555 0.205508 0.01 0.01
0 1.467577 0.157595 0.01 0.01
0 1.492623 0.147795 0.01 0.01
0 1.503512 0.170663 0.01 0.01
0 1.548158 0.167396 0.01 0.01
0 1.498067 0.080281 0.01 0.01
0 1.464310 0.117305 0.01 0.01
0 1.479555 0.033457 0.01 0.01
0 1.532913 0.020390 0.01 0.01
0 1.555780 0.053058 0.01 0.01
0 1.548612 0.046797 0.01 0.01
0 1.523566 0.201425 0.01 0.01
0 0.437142 0.007486 0.01 0.01
0 0.488866 0.013693 0.01 0.01
0 1.249743 0.030011 0.01 0.01
