0 0.401137 0.716504 0.01 0.01
0 0.779577 0.719256 0.01 0.01
0 0.691504 1.004118 0.01 0.01
0 1.053430 0.595403 0.01 0.01
0 0.966733 0.603660 0.01 0.01
0 0.886917 0.516962 0.01 0.01
0 0.767192 0.537605 0.01 0.01
0 0.658476 0.548614 0.01 0.01
0 0.589669 0.551366 0.01 0.01
0 0.555265 0.532100 0.01 0.01
0 0.483706 0.603660 0.01 0.01
0 0.390128 0.578889 0.01 0.01
0 0.157559 0.723384 0.01 0.01
0 0.008935 0.885770 0.01 0.01
0 0.058476 0.975219 0.01 0.01
0 0.018568 0.719256 0.01 0.01
0 1.319027 0.866504 0.01 0.01
0 1.389210 0.541733 0.01 0.01
0 1.273614 0.554118 0.01 0.01
0 1.225449 0.576137 0.01 0.01
0 1.147008 0.594027 0.01 0.01
0 1.091962 0.464669 0.01 0.01
0 1.131871 0.482559 0.01 0.01
0 1.145632 0.459164 0.01 0.01
0 1.180036 0.457788 0.01 0.01
0 1.222696 0.426137 0.01 0.01
0 1.281871 0.416504 0.01 0.01
0 1.323155 0.468797 0.01 0.01
0 1.387834 0.474302 0.01 0.01
0 1.453889 0.471550 0.01 0.01
0 1.413981 0.489439 0.01 0.01
0 1.422238 0.435770 0.01 0.01
0 1.390586 0.428889 0.01 0.01
0 1.458017 0.422008 0.01 0.01
0 1.500678 0.413751 0.01 0.01
0 1.543339 0.450907 0.01 0.01
0 1.491045 0.481183 0.01 0.01
0 1.554348 0.479806 0.01 0.01
0 1.504806 0.560999 0.01 0.01
0 1.536458 0.694485 0.01 0.01
0 0.046091 0.592650 0.01 0.01
0 0.242880 0.627054 0.01 0.01
0 0.258017 0.551366 0.01 0.01
0 0.241504 0.496320 0.01 0.01
0 0.215357 0.445403 0.01 0.01
0 0.050219 0.468797 0.01 0.01
0 0.037834 0.391733 0.01 0.01
0 0.007559 0.405495 0.01 0.01
0 0.110770 0.391733 0.01 0.01
0 0.081871 0.397238 0.01 0.01
0 0.136917 0.422008 0.01 0.01
0 0.275907 0.428889 0.01 0.01
0 0.252513 0.380724 0.01 0.01
0 0.278660 0.376595 0.01 0.01
0 0.306183 0.371091 0.01 0.01
0 0.307559 0.390357 0.01 0.01
0 0.308935 0.424761 0.01 0.01
0 0.332329 0.420632 0.01 0.01
0 0.343339 0.449531 0.01 0.01
0 0.438293 0.526595 0.01 0.01
0 0.447926 0.442650 0.01 0.01
0 0.403889 0.464669 0.01 0.01
0 0.381871 0.445403 0.01 0.01
0 0.346091 0.527972 0.01 0.01
0 0.352972 0.395862 0.01 0.01
0 0.332329 0.380724 0.01 0.01
0 0.372238 0.368339 0.01 0.01
0 0.425907 0.394485 0.01 0.01
0 0.408017 0.399990 0.01 0.01
0 0.449302 0.394485 0.01 0.01
0 0.428660 0.365586 0.01 0.01
0 0.446550 0.365586 0.01 0.01
0 0.463063 0.376595 0.01 0.01
0 0.486458 0.387605 0.01 0.01
0 0.480953 0.409623 0.01 0.01
0 0.500219 0.409623 0.01 0.01
0 0.518109 0.430265 0.01 0.01
0 0.588293 0.478430 0.01 0.01
0 0.567650 0.441274 0.01 0.01
0 0.551137 0.438522 0.01 0.01
0 0.531871 0.387605 0.01 0.01
0 0.586917 0.413751 0.01 0.01
0 0.558017 0.404118 0.01 0.01
0 0.574531 0.390357 0.01 0.01
0 0.562146 0.377972 0.01 0.01
0 0.574531 0.377972 0.01 0.01
0 0.596550 0.384852 0.01 0.01
0 0.614439 0.365586 0.01 0.01
0 0.615816 0.384852 0.01 0.01
0 0.637834 0.390357 0.01 0.01
0 0.633706 0.371091 0.01 0.01
0 0.665357 0.387605 0.01 0.01
0 0.681871 0.390357 0.01 0.01
0 0.651595 0.409623 0.01 0.01
0 0.677742 0.423384 0.01 0.01
0 0.666733 0.448155 0.01 0.01
0 0.635082 0.477054 0.01 0.01
0 0.712146 0.413751 0.01 0.01
0 0.732788 0.366962 0.01 0.01
0 0.786458 0.391733 0.01 0.01
0 0.764439 0.397238 0.01 0.01
0 0.736917 0.387605 0.01 0.01
0 0.789210 0.434394 0.01 0.01
0 0.760311 0.433017 0.01 0.01
0 0.816733 0.404118 0.01 0.01
0 0.831871 0.416504 0.01 0.01
0 0.840128 0.426137 0.01 0.01
0 0.824990 0.439898 0.01 0.01
0 0.812605 0.382100 0.01 0.01
0 0.811228 0.395862 0.01 0.01
0 0.827742 0.397238 0.01 0.01
0 0.842880 0.371091 0.01 0.01
0 0.807100 0.368339 0.01 0.01
0 0.862146 0.384852 0.01 0.01
0 0.845632 0.394485 0.01 0.01
0 0.878660 0.399990 0.01 0.01
0 0.903430 0.380724 0.01 0.01
0 0.921320 0.387605 0.01 0.01
0 0.940586 0.401366 0.01 0.01
0 0.961228 0.382100 0.01 0.01
0 0.973614 0.382100 0.01 0.01
0 0.962605 0.401366 0.01 0.01
0 0.940586 0.419256 0.01 0.01
0 0.957100 0.449531 0.01 0.01
0 0.972238 0.423384 0.01 0.01
0 1.005265 0.496320 0.01 0.01
0 1.014898 0.438522 0.01 0.01
0 1.021779 0.404118 0.01 0.01
0 0.994256 0.404118 0.01 0.01
0 1.001137 0.384852 0.01 0.01
0 1.030036 0.384852 0.01 0.01
0 1.058935 0.375219 0.01 0.01
0 1.063063 0.401366 0.01 0.01
0 1.091962 0.371091 0.01 0.01
0 1.116733 0.404118 0.01 0.01
0 1.135999 0.422008 0.01 0.01
0 1.144256 0.394485 0.01 0.01
0 1.134623 0.382100 0.01 0.01
0 1.149761 0.377972 0.01 0.01
0 1.164898 0.366962 0.01 0.01
0 1.169027 0.387605 0.01 0.01
0 1.169027 0.409623 0.01 0.01
0 1.213063 0.375219 0.01 0.01
0 1.200678 0.375219 0.01 0.01
0 1.193797 0.357329 0.01 0.01
0 1.211687 0.361458 0.01 0.01
0 1.192421 0.343568 0.01 0.01
0 1.142880 0.327054 0.01 0.01
0 1.160770 0.342192 0.01 0.01
0 1.171779 0.310540 0.01 0.01
0 1.189669 0.305036 0.01 0.01
0 1.207559 0.314669 0.01 0.01
0 1.218568 0.298155 0.01 0.01
0 1.239210 0.307788 0.01 0.01
0 1.251595 0.298155 0.01 0.01
0 1.257100 0.291274 0.01 0.01
0 1.281871 0.342192 0.01 0.01
0 1.297008 0.310540 0.01 0.01
0 1.310770 0.298155 0.01 0.01
0 1.321779 0.310540 0.01 0.01
0 1.347926 0.294027 0.01 0.01
0 1.353430 0.281641 0.01 0.01
0 1.367192 0.288522 0.01 0.01
0 1.342421 0.313293 0.01 0.01
0 1.358935 0.307788 0.01 0.01
0 1.321779 0.353201 0.01 0.01
0 1.257100 0.346320 0.01 0.01
0 1.247467 0.351825 0.01 0.01
0 1.239210 0.342192 0.01 0.01
0 1.213063 0.332559 0.01 0.01
0 1.252972 0.371091 0.01 0.01
0 1.265357 0.361458 0.01 0.01
0 1.280495 0.361458 0.01 0.01
0 1.295632 0.365586 0.01 0.01
0 1.240586 0.380724 0.01 0.01
0 1.310770 0.380724 0.01 0.01
0 1.345173 0.362834 0.01 0.01
0 1.375449 0.371091 0.01 0.01
0 1.339669 0.390357 0.01 0.01
0 1.372696 0.401366 0.01 0.01
0 1.360311 0.391733 0.01 0.01
0 1.320403 0.415128 0.01 0.01
0 1.356183 0.416504 0.01 0.01
0 1.404348 0.387605 0.01 0.01
0 1.385082 0.386228 0.01 0.01
0 1.441504 0.386228 0.01 0.01
0 1.459394 0.391733 0.01 0.01
0 1.440128 0.332559 0.01 0.01
0 1.400219 0.338063 0.01 0.01
0 1.466274 0.338063 0.01 0.01
0 1.484164 0.336687 0.01 0.01
0 1.525449 0.346320 0.01 0.01
0 1.539210 0.351825 0.01 0.01
0 1.453889 0.371091 0.01 0.01
0 1.441504 0.362834 0.01 0.01
0 1.405724 0.362834 0.01 0.01
0 1.551595 0.384852 0.01 0.01
0 1.565357 0.399990 0.01 0.01
0 0.679118 0.638063 0.01 0.01
0 0.891045 0.699990 0.01 0.01
0 0.735540 0.265128 0.01 0.01
0 1.536458 0.280265 0.01 0.01
0 1.529577 0.285770 0.01 0.01
0 1.259852 0.318797 0.01 0.01
0 1.291504 0.288522 0.01 0.01
0 1.272238 0.299531 0.01 0.01
0 0.987375 0.471550 0.01 0.01
0 0.654348 0.299531 0.01 0.01
0 0.666733 0.298155 0.01 0.01
0 0.399761 0.386228 0.01 0.01
0 1.348367 0.335775 0.01 0.01
0 1.367627 0.319479 0.01 0.01
