0 0.052193 0.766804 0.01 0.01
0 0.007388 0.400570 0.01 0.01
0 0.071674 0.338232 0.01 0.01
0 0.149596 0.443427 0.01 0.01
0 0.307388 0.486284 0.01 0.01
0 0.243102 0.291479 0.01 0.01
0 0.959985 1.173946 0.01 0.01
0 1.351544 0.920700 0.01 0.01
0 1.359336 0.856414 0.01 0.01
0 1.096349 0.373297 0.01 0.01
0 1.111933 0.264206 0.01 0.01
0 1.158687 0.250570 0.01 0.01
0 1.259985 0.336284 0.01 0.01
0 1.228817 0.277843 0.01 0.01
0 0.944401 0.404466 0.01 0.01
0 0.782713 0.244726 0.01 0.01
0 0.671674 0.217453 0.01 0.01
0 0.887907 0.182388 0.01 0.01
0 0.796349 0.123946 0.01 0.01
0 0.652193 0.155115 0.01 0.01
0 0.622972 0.168752 0.01 0.01
0 0.494401 0.213557 0.01 0.01
0 0.404791 0.211609 0.01 0.01
0 0.066154 0.291966 0.01 0.01
0 0.006739 0.315343 0.01 0.01
0 0.099271 0.287096 0.01 0.01
0 0.153817 0.250083 0.01 0.01
0 0.185959 0.229628 0.01 0.01
0 0.218102 0.215018 0.01 0.01
0 0.274596 0.197485 0.01 0.01
0 0.296998 0.200407 0.01 0.01
0 0.308687 0.193589 0.01 0.01
0 0.334985 0.193589 0.01 0.01
0 0.307713 0.080602 0.01 0.01
0 0.282388 0.085472 0.01 0.01
0 0.269726 0.099109 0.01 0.01
0 0.241479 0.108849 0.01 0.01
0 0.247323 0.125407 0.01 0.01
0 0.250245 0.119563 0.01 0.01
0 0.221024 0.123459 0.01 0.01
0 0.192778 0.084498 0.01 0.01
0 0.162583 0.087420 0.01 0.01
0 0.136284 0.068914 0.01 0.01
0 0.117778 0.020213 0.01 0.01
0 0.076868 0.027031 0.01 0.01
0 0.055440 0.037745 0.01 0.01
0 0.036933 0.003654 0.01 0.01
0 0.019401 0.028005 0.01 0.01
0 0.185959 0.005602 0.01 0.01
0 0.144076 0.147810 0.01 0.01
0 0.128492 0.152680 0.01 0.01
0 0.104141 0.186771 0.01 0.01
0 0.072972 0.181901 0.01 0.01
0 0.057388 0.190667 0.01 0.01
0 0.012583 0.212096 0.01 0.01
0 0.293102 0.159498 0.01 0.01
0 0.371024 0.114693 0.01 0.01
0 0.383687 0.099109 0.01 0.01
0 0.362258 0.074758 0.01 0.01
0 0.363232 0.024109 0.01 0.01
0 0.400245 0.019239 0.01 0.01
0 0.402193 0.062096 0.01 0.01
0 0.426544 0.047485 0.01 0.01
0 0.435310 0.040667 0.01 0.01
0 0.441154 0.032875 0.01 0.01
0 0.437258 0.066966 0.01 0.01
0 0.461609 0.100083 0.01 0.01
0 0.403167 0.104953 0.01 0.01
0 0.474271 0.140018 0.01 0.01
0 0.527843 0.120537 0.01 0.01
0 0.522972 0.080602 0.01 0.01
0 0.508362 0.065018 0.01 0.01
0 0.490830 0.080602 0.01 0.01
0 0.537583 0.071836 0.01 0.01
0 0.561933 0.086446 0.01 0.01
0 0.596998 0.066966 0.01 0.01
0 0.636933 0.067940 0.01 0.01
0 0.614531 0.032875 0.01 0.01
0 0.597972 0.039693 0.01 0.01
0 0.527843 0.023135 0.01 0.01
0 0.543427 0.016317 0.01 0.01
0 0.500570 0.019239 0.01 0.01
0 0.609661 0.012420 0.01 0.01
0 0.650570 0.019239 0.01 0.01
0 0.695375 0.101057 0.01 0.01
0 0.656414 0.055278 0.01 0.01
0 0.723622 0.099109 0.01 0.01
0 0.746024 0.087420 0.01 0.01
0 0.718752 0.040667 0.01 0.01
0 0.705115 0.028005 0.01 0.01
0 0.686609 0.026057 0.01 0.01
0 0.699271 0.010472 0.01 0.01
0 0.743102 0.037745 0.01 0.01
0 0.781089 0.014368 0.01 0.01
0 0.571674 0.380602 0.01 0.01
0 0.827518 0.100083 0.01 0.01
0 0.831414 0.077680 0.01 0.01
0 0.846024 0.023135 0.01 0.01
0 0.913232 0.012420 0.01 0.01
0 0.957063 0.003654 0.01 0.01
0 0.929791 0.006576 0.01 0.01
0 0.985310 0.060148 0.01 0.01
0 0.995050 0.013394 0.01 0.01
0 1.007713 0.040667 0.01 0.01
0 1.024271 0.021187 0.01 0.01
0 1.015505 0.077680 0.01 0.01
0 0.983362 0.009498 0.01 0.01
0 1.085635 0.098135 0.01 0.01
0 1.073946 0.033849 0.01 0.01
0 1.043752 0.062096 0.01 0.01
0 1.040830 0.005602 0.01 0.01
0 1.065180 0.002680 0.01 0.01
0 1.111933 0.050407 0.01 0.01
0 1.087583 0.012420 0.01 0.01
0 1.168427 0.026057 0.01 0.01
0 1.154791 0.048459 0.01 0.01
0 1.139206 0.071836 0.01 0.01
0 1.223622 0.111771 0.01 0.01
0 1.305440 0.190667 0.01 0.01
0 1.318102 0.140018 0.01 0.01
0 1.295700 0.051381 0.01 0.01
0 1.237258 0.070862 0.01 0.01
0 1.231414 0.026057 0.01 0.01
0 1.270375 0.016317 0.01 0.01
0 1.253817 0.036771 0.01 0.01
0 1.330765 0.064044 0.01 0.01
0 1.428167 0.080602 0.01 0.01
0 1.401868 0.043589 0.01 0.01
0 1.394076 0.014368 0.01 0.01
0 1.417453 0.002680 0.01 0.01
0 1.475894 0.009498 0.01 0.01
0 1.498297 0.016317 0.01 0.01
0 1.495375 0.043589 0.01 0.01
0 1.472972 0.047485 0.01 0.01
0 1.447648 0.040667 0.01 0.01
0 1.453492 0.091317 0.01 0.01
0 1.531414 0.080602 0.01 0.01
0 1.544076 0.060148 0.01 0.01
0 1.595700 0.032875 0.01 0.01
0 1.537258 0.211122 0.01 0.01
0 1.509985 0.175083 0.01 0.01
0 1.526544 0.135148 0.01 0.01
0 1.596998 0.094726 0.01 0.01
0 0.457388 0.005115 0.01 0.01
0 0.437907 0.014855 0.01 0.01
0 0.502942 0.799246 0.01 0.01
0 1.062383 0.577068 0.01 0.01
0 0.089877 0.175496 0.01 0.01
0 0.287202 0.099075 0.01 0.01
0 1.154760 0.915964 0.01 0.01
0 1.281850 0.565462 0.01 0.01
0 0.782185 0.352419 0.01 0.01
0 0.805262 0.022151 0.01 0.01
0 0.832018 0.002419 0.01 0.01
0 0.899242 0.003088 0.01 0.01
0 0.687536 0.003088 0.01 0.01
0 0.485529 0.024158 0.01 0.01
0 1.178840 0.097068 0.01 0.01
0 1.184860 0.131516 0.01 0.01
0 1.040044 0.066299 0.01 0.01
0 1.051750 0.037536 0.01 0.01
0 1.114961 0.008105 0.01 0.01
0 1.217971 0.041215 0.01 0.01
0 1.574493 0.085697 0.01 0.01
0 1.555429 0.017469 0.01 0.01
0 1.383857 0.003088 0.01 0.01
0 1.365128 0.024493 0.01 0.01
