0 0.319267 0.765385 0.01 0.01
0 0.348171 0.752614 0.01 0.01
0 0.377075 0.780845 0.01 0.01
0 0.371025 0.739842 0.01 0.01
0 0.432194 0.815127 0.01 0.01
0 0.479246 0.810421 0.01 0.01
0 0.517560 0.792945 0.01 0.01
0 0.554530 0.779501 0.01 0.01
0 0.602255 0.761352 0.01 0.01
0 0.678211 0.807733 0.01 0.01
0 0.653341 0.824537 0.01 0.01
0 0.654013 0.790256 0.01 0.01
0 0.648635 0.751270 0.01 0.01
0 0.718542 0.784879 0.01 0.01
0 0.695016 0.763369 0.01 0.01
0 0.713165 0.710267 0.01 0.01
0 0.770300 0.760680 0.01 0.01
0 0.769628 0.711611 0.01 0.01
0 0.720559 0.683379 0.01 0.01
0 0.668129 0.721694 0.01 0.01
0 0.650652 0.708922 0.01 0.01
0 0.596878 0.731776 0.01 0.01
0 0.586795 0.714972 0.01 0.01
0 0.465803 0.750261 0.01 0.01
0 0.430849 0.774460 0.01 0.01
0 0.432194 0.730096 0.01 0.01
0 0.464458 0.734129 0.01 0.01
0 0.448326 0.709930 0.01 0.01
0 0.425472 0.674977 0.01 0.01
0 0.391863 0.691109 0.01 0.01
0 0.393207 0.681699 0.01 0.01
0 0.320612 0.738162 0.01 0.01
0 0.331367 0.728752 0.01 0.01
0 0.340777 0.774460 0.01 0.01
0 0.359598 0.782526 0.01 0.01
0 0.373042 0.809413 0.01 0.01
0 0.523610 0.685732 0.01 0.01
0 0.467147 0.650779 0.01 0.01
0 0.448326 0.644057 0.01 0.01
0 0.460425 0.631958 0.01 0.01
0 0.500756 0.622547 0.01 0.01
0 0.475213 0.623892 0.01 0.01
0 0.547808 0.674977 0.01 0.01
0 0.576040 0.748917 0.01 0.01
0 0.594861 0.692454 0.01 0.01
0 0.565285 0.692454 0.01 0.01
0 0.582762 0.669600 0.01 0.01
0 0.772316 0.683043 0.01 0.01
0 0.804581 0.679010 0.01 0.01
0 0.850289 0.701864 0.01 0.01
0 0.838190 0.692454 0.01 0.01
0 0.844912 0.674977 0.01 0.01
0 0.831468 0.676322 0.01 0.01
0 0.836846 0.673633 0.01 0.01
0 0.879865 0.685732 0.01 0.01
0 0.914818 0.740851 0.01 0.01
0 0.930951 0.693798 0.01 0.01
0 0.943050 0.631958 0.01 0.01
0 0.949772 0.606415 0.01 0.01
0 0.936328 0.613137 0.01 0.01
0 0.924229 0.595660 0.01 0.01
0 0.914818 0.625236 0.01 0.01
0 0.895997 0.615825 0.01 0.01
0 0.894653 0.645401 0.01 0.01
0 0.881209 0.650779 0.01 0.01
0 0.865077 0.644057 0.01 0.01
0 0.617715 0.676322 0.01 0.01
0 0.616371 0.662878 0.01 0.01
0 0.651324 0.653467 0.01 0.01
0 0.625781 0.693798 0.01 0.01
0 0.627126 0.669600 0.01 0.01
0 0.656702 0.631958 0.01 0.01
0 0.605616 0.617170 0.01 0.01
0 0.574696 0.638679 0.01 0.01
0 0.549153 0.631958 0.01 0.01
0 0.539742 0.648090 0.01 0.01
0 0.533020 0.622547 0.01 0.01
0 0.547808 0.615825 0.01 0.01
0 0.539742 0.584905 0.01 0.01
0 0.512855 0.597004 0.01 0.01
0 0.520921 0.601037 0.01 0.01
0 0.506133 0.586249 0.01 0.01
0 0.520921 0.549952 0.01 0.01
0 0.506133 0.558018 0.01 0.01
0 0.459081 0.597004 0.01 0.01
0 0.445637 0.597004 0.01 0.01
0 0.393207 0.595660 0.01 0.01
0 0.399929 0.576839 0.01 0.01
0 0.395896 0.510965 0.01 0.01
0 0.455048 0.567428 0.01 0.01
0 0.479246 0.544574 0.01 0.01
0 0.301791 0.614481 0.01 0.01
0 0.331367 0.634646 0.01 0.01
0 0.303135 0.644057 0.01 0.01
0 0.315234 0.672288 0.01 0.01
0 0.835501 0.626580 0.01 0.01
0 0.815336 0.631958 0.01 0.01
0 0.826091 0.607759 0.01 0.01
0 0.815336 0.579528 0.01 0.01
0 0.800548 0.564740 0.01 0.01
0 0.789793 0.553985 0.01 0.01
0 0.770972 0.558018 0.01 0.01
0 0.769628 0.576839 0.01 0.01
0 0.775005 0.613137 0.01 0.01
0 0.781727 0.653467 0.01 0.01
0 0.768283 0.645401 0.01 0.01
0 0.772316 0.631958 0.01 0.01
0 0.760217 0.631958 0.01 0.01
0 0.758873 0.619858 0.01 0.01
0 0.745429 0.598349 0.01 0.01
0 0.713165 0.634646 0.01 0.01
0 0.698377 0.629269 0.01 0.01
0 0.719886 0.606415 0.01 0.01
0 0.722575 0.591627 0.01 0.01
0 0.682244 0.594316 0.01 0.01
0 0.672834 0.610448 0.01 0.01
0 0.662079 0.603726 0.01 0.01
0 0.651324 0.613137 0.01 0.01
0 0.664768 0.595660 0.01 0.01
0 0.666112 0.578183 0.01 0.01
0 0.679556 0.576839 0.01 0.01
0 0.639225 0.570117 0.01 0.01
0 0.616371 0.595660 0.01 0.01
0 0.597550 0.579528 0.01 0.01
0 0.588139 0.591627 0.01 0.01
0 0.581417 0.575495 0.01 0.01
0 0.553186 0.553985 0.01 0.01
0 0.561252 0.535164 0.01 0.01
0 0.576040 0.535164 0.01 0.01
0 0.601583 0.544574 0.01 0.01
0 0.627126 0.535164 0.01 0.01
0 0.645947 0.555329 0.01 0.01
0 0.629814 0.544574 0.01 0.01
0 0.660735 0.545919 0.01 0.01
0 0.678211 0.564740 0.01 0.01
0 0.703754 0.564740 0.01 0.01
0 0.731986 0.560707 0.01 0.01
0 0.752151 0.572806 0.01 0.01
0 0.757528 0.547263 0.01 0.01
0 0.748118 0.528442 0.01 0.01
0 0.643258 0.541886 0.01 0.01
0 0.625781 0.508277 0.01 0.01
0 0.636536 0.497522 0.01 0.01
0 0.590828 0.500211 0.01 0.01
0 0.578729 0.504244 0.01 0.01
0 0.537054 0.506932 0.01 0.01
0 0.531676 0.506932 0.01 0.01
0 0.515544 0.490800 0.01 0.01
0 0.506133 0.500211 0.01 0.01
0 0.492690 0.490800 0.01 0.01
0 0.401273 0.494833 0.01 0.01
0 0.393207 0.476012 0.01 0.01
0 0.393207 0.459880 0.01 0.01
0 0.383797 0.453158 0.01 0.01
0 0.390518 0.441059 0.01 0.01
0 0.382452 0.428960 0.01 0.01
0 0.391863 0.412827 0.01 0.01
0 0.398585 0.410138 0.01 0.01
0 0.385141 0.395351 0.01 0.01
0 0.441604 0.364430 0.01 0.01
0 0.477902 0.501555 0.01 0.01
0 0.495378 0.459880 0.01 0.01
0 0.487312 0.428960 0.01 0.01
0 0.471180 0.400728 0.01 0.01
0 0.444293 0.403417 0.01 0.01
0 0.455048 0.379218 0.01 0.01
0 0.469836 0.363086 0.01 0.01
0 0.483279 0.361742 0.01 0.01
0 0.496723 0.363086 0.01 0.01
0 0.473869 0.338887 0.01 0.01
0 0.460425 0.329477 0.01 0.01
0 0.496723 0.310656 0.01 0.01
0 0.451015 0.295868 0.01 0.01
0 0.383797 0.259570 0.01 0.01
0 0.437571 0.267636 0.01 0.01
0 0.455048 0.260915 0.01 0.01
0 0.442948 0.255537 0.01 0.01
0 0.429505 0.225961 0.01 0.01
0 0.464458 0.242094 0.01 0.01
0 0.498067 0.248815 0.01 0.01
0 0.526299 0.263603 0.01 0.01
0 0.530332 0.248815 0.01 0.01
0 0.541087 0.291835 0.01 0.01
0 0.582762 0.295868 0.01 0.01
0 0.518233 0.368463 0.01 0.01
0 0.522266 0.344265 0.01 0.01
0 0.547808 0.344265 0.01 0.01
0 0.570663 0.361742 0.01 0.01
0 0.581417 0.334854 0.01 0.01
0 0.605616 0.334854 0.01 0.01
0 0.600238 0.372496 0.01 0.01
0 0.586795 0.363086 0.01 0.01
0 0.566629 0.372496 0.01 0.01
0 0.554530 0.391317 0.01 0.01
0 0.534365 0.384596 0.01 0.01
0 0.597550 0.384596 0.01 0.01
0 0.612338 0.385940 0.01 0.01
0 0.625781 0.364430 0.01 0.01
0 0.636536 0.342921 0.01 0.01
0 0.644602 0.334854 0.01 0.01
0 0.639225 0.361742 0.01 0.01
0 0.644602 0.353675 0.01 0.01
0 0.644602 0.388629 0.01 0.01
0 0.631159 0.388629 0.01 0.01
0 0.671489 0.385940 0.01 0.01
0 0.686277 0.372496 0.01 0.01
0 0.666112 0.340232 0.01 0.01
0 0.659390 0.330821 0.01 0.01
0 0.691655 0.355020 0.01 0.01
0 0.710476 0.352331 0.01 0.01
0 0.729297 0.353675 0.01 0.01
0 0.727953 0.326788 0.01 0.01
0 0.707787 0.391317 0.01 0.01
0 0.706443 0.364430 0.01 0.01
0 0.736019 0.400728 0.01 0.01
0 0.750807 0.324100 0.01 0.01
0 0.756184 0.345609 0.01 0.01
0 0.776349 0.336199 0.01 0.01
0 0.783071 0.329477 0.01 0.01
0 0.812647 0.306623 0.01 0.01
0 0.826091 0.282424 0.01 0.01
0 0.850289 0.325444 0.01 0.01
0 0.838190 0.306623 0.01 0.01
0 0.885242 0.563395 0.01 0.01
0 0.854322 0.566084 0.01 0.01
0 0.836846 0.564740 0.01 0.01
0 0.822058 0.551296 0.01 0.01
0 0.875832 0.578183 0.01 0.01
0 0.857011 0.583561 0.01 0.01
0 0.904064 0.566084 0.01 0.01
0 0.912130 0.567428 0.01 0.01
0 0.943050 0.555329 0.01 0.01
0 0.943050 0.527098 0.01 0.01
0 0.918851 0.532475 0.01 0.01
0 0.863733 0.509621 0.01 0.01
0 0.890620 0.497522 0.01 0.01
0 0.926918 0.476012 0.01 0.01
0 0.901375 0.490800 0.01 0.01
0 0.975315 0.529786 0.01 0.01
0 0.988758 0.520376 0.01 0.01
0 1.037155 0.523065 0.01 0.01
0 1.006235 0.488111 0.01 0.01
0 0.975315 0.466602 0.01 0.01
0 0.949772 0.476012 0.01 0.01
0 0.953805 0.462568 0.01 0.01
0 0.965904 0.445092 0.01 0.01
0 0.960527 0.431648 0.01 0.01
0 0.944394 0.384596 0.01 0.01
0 0.992791 0.391317 0.01 0.01
0 0.515544 0.442403 0.01 0.01
0 0.480591 0.469290 0.01 0.01
0 0.528987 0.438370 0.01 0.01
0 0.539742 0.441059 0.01 0.01
0 0.557219 0.470635 0.01 0.01
0 0.559908 0.457191 0.01 0.01
0 0.534365 0.489456 0.01 0.01
0 0.589484 0.478701 0.01 0.01
0 0.600238 0.466602 0.01 0.01
0 0.582762 0.441059 0.01 0.01
0 0.570663 0.438370 0.01 0.01
0 0.578729 0.412827 0.01 0.01
0 0.565285 0.396695 0.01 0.01
0 0.580073 0.381907 0.01 0.01
0 0.567974 0.412827 0.01 0.01
0 0.633847 0.431648 0.01 0.01
0 0.655357 0.422238 0.01 0.01
0 0.672834 0.422238 0.01 0.01
0 0.686277 0.435681 0.01 0.01
0 0.658046 0.447781 0.01 0.01
0 0.648635 0.461224 0.01 0.01
0 0.637880 0.470635 0.01 0.01
0 0.621748 0.485423 0.01 0.01
0 0.682244 0.466602 0.01 0.01
0 0.666112 0.494833 0.01 0.01
0 0.655357 0.488111 0.01 0.01
0 0.702410 0.478701 0.01 0.01
0 0.688966 0.478701 0.01 0.01
0 0.714509 0.469290 0.01 0.01
0 0.734674 0.488111 0.01 0.01
0 0.730641 0.451814 0.01 0.01
0 0.723919 0.447781 0.01 0.01
0 0.714509 0.450469 0.01 0.01
0 0.705098 0.450469 0.01 0.01
0 0.709131 0.434337 0.01 0.01
0 0.731986 0.438370 0.01 0.01
0 0.762906 0.457191 0.01 0.01
0 0.789793 0.478701 0.01 0.01
0 0.773661 0.494833 0.01 0.01
0 0.791137 0.509621 0.01 0.01
0 0.783071 0.525753 0.01 0.01
0 0.764250 0.516343 0.01 0.01
0 0.748118 0.478701 0.01 0.01
0 0.847600 0.513654 0.01 0.01
0 0.787104 0.447781 0.01 0.01
0 0.780383 0.459880 0.01 0.01
0 0.769628 0.428960 0.01 0.01
0 0.753495 0.422238 0.01 0.01
0 0.697032 0.396695 0.01 0.01
0 0.835501 0.466602 0.01 0.01
0 0.846256 0.453158 0.01 0.01
0 0.840879 0.441059 0.01 0.01
0 0.832812 0.450469 0.01 0.01
0 0.848945 0.412827 0.01 0.01
0 0.858355 0.414172 0.01 0.01
0 0.890620 0.415516 0.01 0.01
0 0.926918 0.419549 0.01 0.01
0 0.909441 0.457191 0.01 0.01
0 0.928262 0.453158 0.01 0.01
0 0.848945 0.470635 0.01 0.01
0 0.858355 0.445092 0.01 0.01
0 0.870455 0.457191 0.01 0.01
0 0.885242 0.473323 0.01 0.01
0 0.865077 0.482734 0.01 0.01
0 0.914818 0.419549 0.01 0.01
0 0.897342 0.394006 0.01 0.01
0 0.904064 0.394006 0.01 0.01
0 0.877176 0.381907 0.01 0.01
0 0.866421 0.385940 0.01 0.01
0 0.858355 0.391317 0.01 0.01
0 0.855667 0.377874 0.01 0.01
0 0.838190 0.369808 0.01 0.01
0 0.819369 0.353675 0.01 0.01
0 0.758873 0.376530 0.01 0.01
0 0.797859 0.394006 0.01 0.01
0 0.815336 0.407450 0.01 0.01
0 0.808614 0.476012 0.01 0.01
0 0.820713 0.416860 0.01 0.01
0 1.000857 0.404761 0.01 0.01
0 0.991447 0.435681 0.01 0.01
0 1.008923 0.410138 0.01 0.01
0 1.029089 0.416860 0.01 0.01
0 1.053287 0.441059 0.01 0.01
0 1.058665 0.450469 0.01 0.01
0 1.069420 0.447781 0.01 0.01
0 1.100340 0.462568 0.01 0.01
0 1.100340 0.473323 0.01 0.01
0 1.078830 0.490800 0.01 0.01
0 1.064042 0.488111 0.01 0.01
0 1.051943 0.473323 0.01 0.01
0 1.029089 0.466602 0.01 0.01
0 1.047910 0.504244 0.01 0.01
0 1.037155 0.504244 0.01 0.01
0 1.031778 0.482734 0.01 0.01
0 1.167558 0.535164 0.01 0.01
0 1.140671 0.516343 0.01 0.01
0 1.131260 0.517687 0.01 0.01
0 1.160836 0.516343 0.01 0.01
0 1.123194 0.523065 0.01 0.01
0 1.112439 0.525753 0.01 0.01
0 1.111095 0.539197 0.01 0.01
0 1.098996 0.504244 0.01 0.01
0 1.090929 0.525753 0.01 0.01
0 1.057320 0.520376 0.01 0.01
0 1.002202 0.506932 0.01 0.01
0 0.758873 0.274358 0.01 0.01
0 0.764250 0.250160 0.01 0.01
0 0.761561 0.263603 0.01 0.01
0 0.757528 0.259570 0.01 0.01
0 0.734674 0.236716 0.01 0.01
0 0.711820 0.227306 0.01 0.01
0 0.691655 0.279736 0.01 0.01
0 0.674178 0.282424 0.01 0.01
0 0.633847 0.281080 0.01 0.01
0 0.629814 0.255537 0.01 0.01
0 0.636536 0.267636 0.01 0.01
0 0.654013 0.246127 0.01 0.01
0 0.692999 0.263603 0.01 0.01
0 0.671489 0.250160 0.01 0.01
0 0.702410 0.216551 0.01 0.01
0 0.662079 0.215206 0.01 0.01
0 0.682244 0.225961 0.01 0.01
0 0.644602 0.217895 0.01 0.01
0 0.615026 0.236716 0.01 0.01
0 0.600238 0.231339 0.01 0.01
0 0.608305 0.220584 0.01 0.01
0 0.616371 0.207140 0.01 0.01
0 0.602927 0.208485 0.01 0.01
0 0.632503 0.204452 0.01 0.01
0 0.615026 0.178909 0.01 0.01
0 0.601583 0.186975 0.01 0.01
0 0.578729 0.173531 0.01 0.01
0 0.593517 0.156055 0.01 0.01
0 0.578729 0.139922 0.01 0.01
0 0.570663 0.145300 0.01 0.01
0 0.565285 0.177564 0.01 0.01
0 0.551842 0.186975 0.01 0.01
0 0.537054 0.186975 0.01 0.01
0 0.528987 0.177564 0.01 0.01
0 0.524954 0.169498 0.01 0.01
0 0.508822 0.185631 0.01 0.01
0 0.503445 0.170843 0.01 0.01
0 0.494034 0.188319 0.01 0.01
0 0.468491 0.186975 0.01 0.01
0 0.553186 0.232683 0.01 0.01
0 0.527643 0.229994 0.01 0.01
0 0.570663 0.242094 0.01 0.01
0 0.588139 0.250160 0.01 0.01
0 0.578729 0.221928 0.01 0.01
0 0.502100 0.232683 0.01 0.01
0 0.468491 0.211173 0.01 0.01
0 0.446982 0.203107 0.01 0.01
0 0.523610 0.153030 0.01 0.01
0 0.492690 0.163113 0.01 0.01
0 0.475213 0.160424 0.01 0.01
0 0.490673 0.103289 0.01 0.01
0 0.543103 0.211509 0.01 0.01
0 0.602927 0.263939 0.01 0.01
0 0.641241 0.249824 0.01 0.01
0 0.744757 0.271333 0.01 0.01
0 0.502772 0.300909 0.01 0.01
0 0.478574 0.296204 0.01 0.01
0 0.490001 0.137234 0.01 0.01
0 0.483279 0.145300 0.01 0.01
0 0.510166 0.133201 0.01 0.01
0 0.530332 0.141267 0.01 0.01
0 0.533020 0.123790 0.01 0.01
0 0.518233 0.122446 0.01 0.01
0 0.553186 0.135889 0.01 0.01
0 0.538398 0.161432 0.01 0.01
0 0.545120 0.173531 0.01 0.01
0 0.643258 0.165465 0.01 0.01
0 0.433538 0.161432 0.01 0.01
0 0.436227 0.137234 0.01 0.01
0 0.403962 0.137234 0.01 0.01
0 0.389174 0.118413 0.01 0.01
0 0.472524 0.088837 0.01 0.01
0 0.460425 0.088837 0.01 0.01
0 0.453703 0.109002 0.01 0.01
0 0.442948 0.102280 0.01 0.01
0 0.446982 0.084804 0.01 0.01
0 0.490001 0.092870 0.01 0.01
0 0.389174 0.043129 0.01 0.01
0 0.409339 0.032374 0.01 0.01
0 0.403962 0.010864 0.01 0.01
0 0.413373 0.067327 0.01 0.01
0 0.390518 0.080771 0.01 0.01
0 0.487312 0.697831 0.01 0.01
0 0.503445 0.687076 0.01 0.01
0 0.490001 0.684388 0.01 0.01
0 0.512855 0.672288 0.01 0.01
0 0.401273 0.180253 0.01 0.01
0 0.416061 0.170843 0.01 0.01
0 0.407995 0.216551 0.01 0.01
0 0.464458 0.135889 0.01 0.01
0 0.455048 0.118413 0.01 0.01
