0 0.278178 0.644172 0.01 0.01
0 0.189028 0.634788 0.01 0.01
0 1.380817 0.267242 0.01 0.01
0 1.032039 0.262550 0.01 0.01
0 0.032626 0.483078 0.01 0.01
0 0.109263 0.464309 0.01 0.01
0 0.084238 0.387672 0.01 0.01
0 0.048266 0.395492 0.01 0.01
0 0.015421 0.403312 0.01 0.01
0 0.065470 0.345443 0.01 0.01
0 0.103007 0.345443 0.01 0.01
0 0.223437 0.529998 0.01 0.01
0 0.221873 0.431465 0.01 0.01
0 0.282870 0.461181 0.01 0.01
0 0.356379 0.534690 0.01 0.01
0 0.384532 0.464309 0.01 0.01
0 0.448657 0.526870 0.01 0.01
0 0.514346 0.533126 0.01 0.01
0 0.501834 0.598816 0.01 0.01
0 0.569087 0.475257 0.01 0.01
0 0.709849 0.508102 0.01 0.01
0 0.778667 0.515922 0.01 0.01
0 0.808383 0.622276 0.01 0.01
0 0.475245 0.705169 0.01 0.01
0 0.997630 0.653557 0.01 0.01
0 0.999194 0.738014 0.01 0.01
0 1.132137 0.555023 0.01 0.01
0 1.061756 0.504974 0.01 0.01
0 0.939761 0.478385 0.01 0.01
0 0.780231 0.744270 0.01 0.01
0 0.849048 0.834984 0.01 0.01
0 1.341716 0.689529 0.01 0.01
0 1.218158 0.680145 0.01 0.01
0 1.484043 0.634788 0.01 0.01
0 1.482479 0.766166 0.01 0.01
0 1.554424 0.845932 0.01 0.01
0 1.279155 0.562843 0.01 0.01
0 1.307308 0.542511 0.01 0.01
0 1.347973 0.498718 0.01 0.01
0 1.268207 0.472129 0.01 0.01
0 1.179058 0.498718 0.01 0.01
0 1.210338 0.439285 0.01 0.01
0 1.125881 0.420516 0.01 0.01
0 1.017963 0.453361 0.01 0.01
0 0.978862 0.487770 0.01 0.01
0 1.064884 0.356391 0.01 0.01
0 1.125881 0.314163 0.01 0.01
0 1.205646 0.298522 0.01 0.01
0 1.260387 0.339187 0.01 0.01
0 1.247875 0.378288 0.01 0.01
0 1.365177 0.364211 0.01 0.01
0 1.297924 0.381416 0.01 0.01
0 1.410534 0.390800 0.01 0.01
0 1.413662 0.345443 0.01 0.01
0 1.473095 0.318855 0.01 0.01
0 1.476223 0.345443 0.01 0.01
0 1.479351 0.400184 0.01 0.01
0 1.551296 0.400184 0.01 0.01
0 0.980426 0.296958 0.01 0.01
0 0.340739 0.373596 0.01 0.01
0 0.328227 0.328239 0.01 0.01
0 0.414248 0.339187 0.01 0.01
0 0.426760 0.379852 0.01 0.01
0 0.456477 0.401748 0.01 0.01
0 0.483065 0.420516 0.01 0.01
0 0.529986 0.384544 0.01 0.01
0 0.565959 0.433029 0.01 0.01
0 0.586291 0.411132 0.01 0.01
0 0.633212 0.398620 0.01 0.01
0 0.686389 0.422080 0.01 0.01
0 0.750514 0.401748 0.01 0.01
0 0.817767 0.414260 0.01 0.01
0 0.154620 0.428337 0.01 0.01
0 0.235949 0.362647 0.01 0.01
0 0.226565 0.336059 0.01 0.01
0 0.189028 0.342315 0.01 0.01
0 0.512782 0.318855 0.01 0.01
0 0.910045 0.334495 0.01 0.01
0 0.842792 0.329803 0.01 0.01
0 0.881892 0.317291 0.01 0.01
0 0.875636 0.373596 0.01 0.01
0 0.766154 0.361083 0.01 0.01
0 0.730182 0.340751 0.01 0.01
0 0.702029 0.340751 0.01 0.01
0 0.655108 0.356391 0.01 0.01
0 0.265666 0.290702 0.01 0.01
0 0.290690 0.356391 0.01 0.01
0 0.259410 0.361083 0.01 0.01
0 1.498119 0.562843 0.01 0.01
0 1.448070 0.508102 0.01 0.01
0 0.877200 0.439285 0.01 0.01
0 1.032039 0.286010 0.01 0.01
0 1.060192 0.290702 0.01 0.01
0 0.997630 0.286010 0.01 0.01
0 0.949146 0.373596 0.01 0.01
0 0.924121 0.378288 0.01 0.01
0 0.429888 0.290702 0.01 0.01
0 0.453349 0.295394 0.01 0.01
0 0.495578 0.296958 0.01 0.01
0 0.386096 0.273498 0.01 0.01
0 0.343867 0.248473 0.01 0.01
0 0.309458 0.240653 0.01 0.01
0 0.074854 0.268806 0.01 0.01
0 0.126467 0.287574 0.01 0.01
0 0.029497 0.295394 0.01 0.01
0 0.007601 0.309470 0.01 0.01
0 0.027933 0.336059 0.01 0.01
0 0.204669 0.295394 0.01 0.01
0 0.164004 0.284446 0.01 0.01
0 0.190592 0.259422 0.01 0.01
0 0.221873 0.229705 0.01 0.01
0 0.462733 0.268806 0.01 0.01
0 0.443965 0.264114 0.01 0.01
0 0.392352 0.336059 0.01 0.01
0 0.375148 0.334495 0.01 0.01
0 0.798999 0.357955 0.01 0.01
0 0.791179 0.284446 0.01 0.01
0 0.781795 0.257858 0.01 0.01
0 0.739566 0.254730 0.01 0.01
0 0.778667 0.185912 0.01 0.01
0 1.157161 0.276626 0.01 0.01
0 1.133701 0.281318 0.01 0.01
0 1.163417 0.312599 0.01 0.01
0 0.636340 0.303214 0.01 0.01
0 0.622264 0.357955 0.01 0.01
0 0.614444 0.334495 0.01 0.01
0 0.580035 0.342315 0.01 0.01
0 0.578471 0.307906 0.01 0.01
0 0.595675 0.303214 0.01 0.01
0 0.456477 0.350135 0.01 0.01
0 0.479937 0.342315 0.01 0.01
0 0.500270 0.362647 0.01 0.01
0 0.575343 0.384544 0.01 0.01
0 0.267230 0.403312 0.01 0.01
0 0.142107 0.340751 0.01 0.01
0 0.151492 0.242217 0.01 0.01
0 0.049830 0.237525 0.01 0.01
0 0.767718 0.331367 0.01 0.01
0 0.540934 0.218757 0.01 0.01
0 0.528422 0.237525 0.01 0.01
0 0.508090 0.245345 0.01 0.01
0 0.246897 0.242217 0.01 0.01
0 0.013857 0.235961 0.01 0.01
0 0.029497 0.225013 0.01 0.01
0 0.010729 0.273498 0.01 0.01
0 1.438686 0.318855 0.01 0.01
0 0.897533 0.298522 0.01 0.01
0 0.686389 0.295394 0.01 0.01
0 0.653544 0.270370 0.01 0.01
0 0.597239 0.265678 0.01 0.01
0 0.580035 0.267242 0.01 0.01
0 0.362635 0.235961 0.01 0.01
0 0.478373 0.234397 0.01 0.01
0 0.433017 0.251601 0.01 0.01
0 0.398608 0.254730 0.01 0.01
0 0.157748 0.392364 0.01 0.01
0 0.260974 0.220321 0.01 0.01
0 0.716106 0.259422 0.01 0.01
0 0.756770 0.223449 0.01 0.01
0 0.786487 0.225013 0.01 0.01
0 1.174366 0.232833 0.01 0.01
0 1.146213 0.243781 0.01 0.01
0 1.543476 0.251601 0.01 0.01
0 1.538784 0.290702 0.01 0.01
0 1.574757 0.292266 0.01 0.01
0 1.587269 0.268806 0.01 0.01
0 1.571628 0.243781 0.01 0.01
0 1.358921 0.329803 0.01 0.01
0 1.329204 0.336059 0.01 0.01
0 1.186878 0.361083 0.01 0.01
0 0.235949 0.295394 0.01 0.01
0 0.331355 0.276626 0.01 0.01
0 0.187464 0.221885 0.01 0.01
0 0.659801 0.212501 0.01 0.01
0 0.107699 0.220321 0.01 0.01
0 0.079546 0.212501 0.01 0.01
0 0.115519 0.259422 0.01 0.01
0 0.282870 0.220321 0.01 0.01
0 0.558139 0.237525 0.01 0.01
0 0.595675 0.229705 0.01 0.01
0 0.639468 0.240653 0.01 0.01
0 0.512782 0.458053 0.01 0.01
0 0.102061 0.309204 0.01 0.01
0 0.071692 0.302810 0.01 0.01
0 0.054109 0.282031 0.01 0.01
0 0.074889 0.232481 0.01 0.01
0 0.159604 0.219694 0.01 0.01
0 0.341822 0.221292 0.01 0.01
0 0.412151 0.227686 0.01 0.01
0 0.455308 0.224489 0.01 0.01
0 0.452111 0.245268 0.01 0.01
0 0.380183 0.230882 0.01 0.01
0 0.546417 0.261252 0.01 0.01
0 0.616747 0.230882 0.01 0.01
0 0.731832 0.232481 0.01 0.01
0 0.696667 0.243670 0.01 0.01
0 0.941222 0.329983 0.01 0.01
0 1.220943 0.350763 0.01 0.01
0 1.228935 0.344369 0.01 0.01
0 1.523041 0.251662 0.01 0.01
0 0.667896 0.325188 0.01 0.01
0 0.838925 0.301212 0.01 0.01
0 0.811752 0.321991 0.01 0.01
0 0.819744 0.290023 0.01 0.01
0 0.814949 0.232481 0.01 0.01
0 0.798965 0.243670 0.01 0.01
