0 0.179603 0.990383 0.01 0.01
0 0.241530 0.613318 0.01 0.01
0 0.131438 0.655979 0.01 0.01
0 0.080520 0.643594 0.01 0.01
0 0.021346 0.627080 0.01 0.01
0 0.050245 0.532126 0.01 0.01
0 0.018594 0.534878 0.01 0.01
0 0.139695 0.536254 0.01 0.01
0 0.142447 0.565153 0.01 0.01
0 0.248410 0.536254 0.01 0.01
0 0.259419 0.511484 0.01 0.01
0 0.300704 0.492218 0.01 0.01
0 0.347493 0.511484 0.01 0.01
0 0.401163 0.539007 0.01 0.01
0 0.401163 0.510107 0.01 0.01
0 0.018594 0.453685 0.01 0.01
0 0.238777 0.438548 0.01 0.01
0 0.463089 0.457814 0.01 0.01
0 0.468594 0.445429 0.01 0.01
0 0.475474 0.435796 0.01 0.01
0 0.482355 0.434419 0.01 0.01
0 0.569052 0.395887 0.01 0.01
0 0.581438 0.453685 0.01 0.01
0 0.567676 0.438548 0.01 0.01
0 0.547034 0.455062 0.01 0.01
0 0.542906 0.507355 0.01 0.01
0 0.512630 0.507355 0.01 0.01
0 0.592447 0.539007 0.01 0.01
0 0.699786 0.448181 0.01 0.01
0 0.738318 0.452309 0.01 0.01
0 0.731438 0.428915 0.01 0.01
0 0.749328 0.444052 0.01 0.01
0 0.756208 0.444052 0.01 0.01
0 0.765841 0.431667 0.01 0.01
0 0.826392 0.428915 0.01 0.01
0 0.877309 0.423410 0.01 0.01
0 0.895199 0.445429 0.01 0.01
0 0.904832 0.423410 0.01 0.01
0 0.812630 0.611942 0.01 0.01
0 0.947493 0.459190 0.01 0.01
0 0.939236 0.423410 0.01 0.01
0 1.258502 0.500474 0.01 0.01
0 0.964007 0.400016 0.01 0.01
0 0.950245 0.395887 0.01 0.01
0 0.970887 0.413777 0.01 0.01
0 0.992906 0.411025 0.01 0.01
0 0.988777 0.384878 0.01 0.01
0 1.100245 0.371117 0.01 0.01
0 1.067218 0.420658 0.01 0.01
0 1.097493 0.448181 0.01 0.01
0 1.145658 0.419282 0.01 0.01
0 1.195199 0.406896 0.01 0.01
0 1.239236 0.404144 0.01 0.01
0 1.277768 0.404144 0.01 0.01
0 1.276392 0.375245 0.01 0.01
0 1.246117 0.375245 0.01 0.01
0 1.197952 0.375245 0.01 0.01
0 1.192447 0.357355 0.01 0.01
0 1.182814 0.357355 0.01 0.01
0 1.368594 0.442676 0.01 0.01
0 1.341071 0.428915 0.01 0.01
0 1.559878 0.413777 0.01 0.01
0 1.414924 0.356323 0.01 0.01
0 1.391530 0.352195 0.01 0.01
0 1.382585 0.374901 0.01 0.01
0 1.357126 0.353571 0.01 0.01
0 1.307585 0.354947 0.01 0.01
0 1.293823 0.371461 0.01 0.01
0 1.337172 0.317103 0.01 0.01
0 1.480291 0.326048 0.01 0.01
0 1.489924 0.329488 0.01 0.01
0 1.513318 0.329488 0.01 0.01
0 1.524328 0.330864 0.01 0.01
0 1.496805 0.375589 0.01 0.01
0 1.485796 0.376277 0.01 0.01
0 1.445199 0.378341 0.01 0.01
0 1.222263 0.357011 0.01 0.01
0 1.424557 0.318479 0.01 0.01
0 1.405291 0.325360 0.01 0.01
0 1.403227 0.342562 0.01 0.01
0 1.444511 0.305406 0.01 0.01
0 1.517447 0.306782 0.01 0.01
0 1.308961 0.325360 0.01 0.01
0 1.263548 0.372149 0.01 0.01
0 0.060785 0.508537 0.01 0.01
0 0.073572 0.521324 0.01 0.01
0 0.115130 0.537308 0.01 0.01
0 0.073172 0.475770 0.01 0.01
0 0.070775 0.467778 0.01 0.01
0 0.087957 0.454591 0.01 0.01
0 0.103142 0.459386 0.01 0.01
0 0.122323 0.456589 0.01 0.01
0 0.130315 0.450195 0.01 0.01
0 0.141104 0.448597 0.01 0.01
0 0.151094 0.454990 0.01 0.01
0 0.186259 0.447398 0.01 0.01
0 0.216229 0.435410 0.01 0.01
0 0.231414 0.533312 0.01 0.01
0 0.250195 0.512932 0.01 0.01
0 0.287358 0.494151 0.01 0.01
0 0.145899 0.443702 0.01 0.01
0 0.502942 0.587058 0.01 0.01
0 0.518926 0.596649 0.01 0.01
0 0.559686 0.453792 0.01 0.01
0 0.614831 0.443802 0.01 0.01
0 0.632013 0.447398 0.01 0.01
0 0.712733 0.443802 0.01 0.01
0 0.427418 0.535710 0.01 0.01
0 0.452593 0.518926 0.01 0.01
0 0.843002 0.596449 0.01 0.01
0 0.986459 0.373871 0.01 0.01
0 1.055190 0.407838 0.01 0.01
0 1.112533 0.379566 0.01 0.01
0 1.122123 0.361184 0.01 0.01
0 1.087758 0.380165 0.01 0.01
0 1.091754 0.370175 0.01 0.01
0 1.154491 0.418727 0.01 0.01
0 1.131714 0.430315 0.01 0.01
0 1.175869 0.416329 0.01 0.01
0 1.186858 0.416129 0.01 0.01
0 1.320525 0.327118 0.01 0.01
0 1.237408 0.347498 0.01 0.01
0 1.381064 0.305340 0.01 0.01
0 1.397648 0.294551 0.01 0.01
0 1.421224 0.294551 0.01 0.01
0 1.443002 0.282363 0.01 0.01
0 1.410035 0.291154 0.01 0.01
0 1.415030 0.290755 0.01 0.01
0 1.433412 0.291554 0.01 0.01
0 1.598247 0.409736 0.01 0.01
