0 1.082713 1.033687 0.01 0.01
0 1.228817 0.918752 0.01 0.01
0 1.000894 0.760959 0.01 0.01
0 0.712583 0.774596 0.01 0.01
0 0.689206 0.809661 0.01 0.01
0 0.570375 0.747323 0.01 0.01
0 0.492453 0.684985 0.01 0.01
0 0.369726 0.760959 0.01 0.01
0 0.204141 0.825245 0.01 0.01
0 0.209985 0.792128 0.01 0.01
0 0.155440 0.887583 0.01 0.01
0 0.130115 0.737583 0.01 0.01
0 0.083362 0.720050 0.01 0.01
0 0.104791 0.593427 0.01 0.01
0 0.116479 0.589531 0.01 0.01
0 0.141804 0.560310 0.01 0.01
0 0.139855 0.531089 0.01 0.01
0 0.081414 0.531089 0.01 0.01
0 0.065830 0.519401 0.01 0.01
0 1.522972 0.733687 0.01 0.01
0 1.429466 0.593427 0.01 0.01
0 1.339855 0.593427 0.01 0.01
0 1.462583 0.534985 0.01 0.01
0 1.102193 0.620700 0.01 0.01
0 0.837258 0.548622 0.01 0.01
0 0.695050 0.525245 0.01 0.01
0 0.511933 0.517453 0.01 0.01
0 0.447648 0.517453 0.01 0.01
0 0.352193 0.486284 0.01 0.01
0 1.340830 0.459742 0.01 0.01
0 1.359336 0.403735 0.01 0.01
0 1.487907 0.379872 0.01 0.01
0 1.553654 0.425164 0.01 0.01
0 1.561446 0.418346 0.01 0.01
0 1.572161 0.303411 0.01 0.01
0 1.565343 0.301463 0.01 0.01
0 1.514206 0.281008 0.01 0.01
0 1.484985 0.261041 0.01 0.01
0 1.368102 0.279060 0.01 0.01
0 1.395862 0.305846 0.01 0.01
0 1.409985 0.311690 0.01 0.01
0 1.432875 0.369644 0.01 0.01
0 1.469888 0.315099 0.01 0.01
0 1.486446 0.308281 0.01 0.01
0 1.493265 0.313151 0.01 0.01
0 1.520050 0.356008 0.01 0.01
0 1.465180 0.511609 0.01 0.01
0 1.170050 0.527193 0.01 0.01
0 1.149596 0.503817 0.01 0.01
0 1.081414 0.416154 0.01 0.01
0 1.081414 0.400570 0.01 0.01
0 1.078492 0.384985 0.01 0.01
0 1.162258 0.369401 0.01 0.01
0 1.177112 0.326179 0.01 0.01
0 1.162258 0.276260 0.01 0.01
0 1.157388 0.275042 0.01 0.01
0 1.125002 0.279669 0.01 0.01
0 1.111852 0.278451 0.01 0.01
0 1.098703 0.277721 0.01 0.01
0 1.115748 0.286974 0.01 0.01
0 1.102355 0.281130 0.01 0.01
0 1.078248 0.285269 0.01 0.01
0 1.086528 0.291357 0.01 0.01
0 1.088719 0.312542 0.01 0.01
0 1.108443 0.330075 0.01 0.01
0 1.050002 0.328370 0.01 0.01
0 1.066073 0.359052 0.01 0.01
0 1.168102 0.293914 0.01 0.01
0 1.087745 0.282713 0.01 0.01
0 0.969888 0.362096 0.01 0.01
0 1.000570 0.373297 0.01 0.01
0 1.027843 0.373297 0.01 0.01
0 1.068265 0.365505 0.01 0.01
0 1.071674 0.372323 0.01 0.01
0 0.863963 0.381942 0.01 0.01
0 0.889531 0.374636 0.01 0.01
0 0.900489 0.371958 0.01 0.01
0 0.895862 0.380237 0.01 0.01
0 0.916804 0.369523 0.01 0.01
0 0.895618 0.366601 0.01 0.01
0 0.956739 0.369523 0.01 0.01
0 0.793346 0.366357 0.01 0.01
0 0.797242 0.325448 0.01 0.01
0 0.733443 0.343955 0.01 0.01
0 0.729547 0.341032 0.01 0.01
0 0.841073 0.375610 0.01 0.01
0 0.587826 0.488354 0.01 0.01
0 0.609255 0.466925 0.01 0.01
0 0.641398 0.469847 0.01 0.01
0 0.512339 0.474474 0.01 0.01
0 0.555196 0.399474 0.01 0.01
0 0.646755 0.358565 0.01 0.01
0 0.668670 0.343955 0.01 0.01
0 0.623865 0.324961 0.01 0.01
0 0.596593 0.347364 0.01 0.01
0 0.565911 0.375610 0.01 0.01
0 0.544482 0.378045 0.01 0.01
0 0.536203 0.375610 0.01 0.01
0 0.515261 0.382429 0.01 0.01
0 0.442940 0.390830 0.01 0.01
0 0.329222 0.472769 0.01 0.01
0 0.362339 0.475205 0.01 0.01
0 0.262015 0.347607 0.01 0.01
0 0.492372 0.471308 0.01 0.01
0 0.087177 0.387786 0.01 0.01
0 0.115424 0.384864 0.01 0.01
0 0.135878 0.388760 0.01 0.01
0 0.040505 0.398378 0.01 0.01
0 0.203642 0.868777 0.01 0.01
0 0.192218 0.390212 0.01 0.01
0 0.163456 0.390212 0.01 0.01
0 0.174158 0.394894 0.01 0.01
0 0.687871 0.334693 0.01 0.01
0 1.475830 0.267135 0.01 0.01
