0 0.022518 0.939238 0.01 0.01
0 0.059617 0.922543 0.01 0.01
0 0.023446 0.910486 0.01 0.01
0 0.062400 0.878025 0.01 0.01
0 0.040140 0.877097 0.01 0.01
0 0.079094 0.943875 0.01 0.01
0 0.131960 0.929963 0.01 0.01
0 0.181116 0.910486 0.01 0.01
0 0.223780 0.921616 0.01 0.01
0 0.258097 0.935528 0.01 0.01
0 0.263661 0.909559 0.01 0.01
0 0.308180 0.933673 0.01 0.01
0 0.325802 0.885445 0.01 0.01
0 0.395363 0.901212 0.01 0.01
0 0.345279 0.942948 0.01 0.01
0 0.432462 0.905849 0.01 0.01
0 0.443591 0.942020 0.01 0.01
0 0.486255 0.929963 0.01 0.01
0 0.497385 0.901212 0.01 0.01
0 0.531701 0.908631 0.01 0.01
0 0.544686 0.899357 0.01 0.01
0 0.570655 0.895647 0.01 0.01
0 0.548396 0.933673 0.01 0.01
0 0.619811 0.897502 0.01 0.01
0 0.456576 0.865040 0.01 0.01
0 0.440809 0.863185 0.01 0.01
0 0.387943 0.865040 0.01 0.01
0 0.374031 0.848346 0.01 0.01
0 0.400000 0.841853 0.01 0.01
0 0.486255 0.866895 0.01 0.01
0 0.489037 0.877097 0.01 0.01
0 0.497385 0.881735 0.01 0.01
0 0.490892 0.850201 0.01 0.01
0 0.520572 0.828869 0.01 0.01
0 0.549323 0.839071 0.01 0.01
0 0.565090 0.824231 0.01 0.01
0 0.579930 0.847418 0.01 0.01
0 0.525209 0.880807 0.01 0.01
0 0.559525 0.865968 0.01 0.01
0 0.541903 0.861330 0.01 0.01
0 0.155147 0.860403 0.01 0.01
0 0.187609 0.869677 0.01 0.01
0 0.233982 0.879880 0.01 0.01
0 0.221925 0.874315 0.01 0.01
0 0.256242 0.868750 0.01 0.01
0 0.232127 0.849273 0.01 0.01
0 0.185754 0.834433 0.01 0.01
0 0.284993 0.839071 0.01 0.01
0 0.298905 0.838143 0.01 0.01
0 0.336932 0.766728 0.01 0.01
0 0.364756 0.810319 0.01 0.01
0 0.378668 0.800117 0.01 0.01
0 0.412985 0.803827 0.01 0.01
0 0.425969 0.791770 0.01 0.01
0 0.439881 0.804754 0.01 0.01
0 0.458431 0.795480 0.01 0.01
0 0.477908 0.796407 0.01 0.01
0 0.469560 0.774148 0.01 0.01
0 0.521499 0.796407 0.01 0.01
0 0.535411 0.806609 0.01 0.01
0 0.551178 0.798262 0.01 0.01
0 0.146800 0.815884 0.01 0.01
0 0.157929 0.804754 0.01 0.01
0 0.168132 0.795480 0.01 0.01
0 0.157929 0.774148 0.01 0.01
0 0.131960 0.794552 0.01 0.01
0 0.090224 0.788987 0.01 0.01
0 0.101354 0.774148 0.01 0.01
0 0.056835 0.786205 0.01 0.01
0 0.043850 0.822376 0.01 0.01
0 0.034576 0.814029 0.01 0.01
0 0.064255 0.760236 0.01 0.01
0 0.087442 0.762091 0.01 0.01
0 0.127323 0.733339 0.01 0.01
0 0.146800 0.741686 0.01 0.01
0 0.162567 0.745396 0.01 0.01
0 0.223780 0.751888 0.01 0.01
0 0.200593 0.805682 0.01 0.01
0 0.213578 0.796407 0.01 0.01
0 0.275719 0.782495 0.01 0.01
0 0.283138 0.789915 0.01 0.01
0 0.295196 0.796407 0.01 0.01
0 0.322092 0.750033 0.01 0.01
0 0.319310 0.736121 0.01 0.01
0 0.275719 0.751888 0.01 0.01
0 0.272936 0.724992 0.01 0.01
0 0.303543 0.720354 0.01 0.01
0 0.200593 0.735194 0.01 0.01
0 0.226563 0.718499 0.01 0.01
0 0.251604 0.719427 0.01 0.01
0 0.192246 0.723137 0.01 0.01
0 0.182044 0.706442 0.01 0.01
0 0.156075 0.721282 0.01 0.01
0 0.004896 0.768583 0.01 0.01
0 0.021591 0.751888 0.01 0.01
0 0.041995 0.753743 0.01 0.01
0 0.013244 0.801044 0.01 0.01
0 0.008606 0.793625 0.01 0.01
0 0.037358 0.726847 0.01 0.01
0 0.061472 0.731484 0.01 0.01
0 0.080949 0.708297 0.01 0.01
0 0.102281 0.686965 0.01 0.01
0 0.110628 0.699950 0.01 0.01
0 0.137525 0.689748 0.01 0.01
0 0.123613 0.686965 0.01 0.01
0 0.148655 0.673053 0.01 0.01
0 0.198738 0.669343 0.01 0.01
0 0.222853 0.696240 0.01 0.01
0 0.252532 0.683255 0.01 0.01
0 0.269226 0.693458 0.01 0.01
0 0.266444 0.673053 0.01 0.01
0 0.300760 0.689748 0.01 0.01
0 0.320237 0.696240 0.01 0.01
0 0.336004 0.739831 0.01 0.01
0 0.342497 0.731484 0.01 0.01
0 0.345279 0.716644 0.01 0.01
0 0.345279 0.701805 0.01 0.01
0 0.177406 0.753743 0.01 0.01
0 0.300760 0.763946 0.01 0.01
0 0.242330 0.806609 0.01 0.01
0 0.028083 0.830724 0.01 0.01
0 0.332294 0.869677 0.01 0.01
0 0.351771 0.772293 0.01 0.01
0 0.370321 0.771365 0.01 0.01
0 0.400000 0.755598 0.01 0.01
0 0.384233 0.784350 0.01 0.01
0 0.094861 0.796407 0.01 0.01
0 0.029011 0.708297 0.01 0.01
0 0.034576 0.687893 0.01 0.01
0 0.018808 0.683255 0.01 0.01
0 0.041068 0.673053 0.01 0.01
0 0.056835 0.674908 0.01 0.01
0 0.080949 0.666561 0.01 0.01
0 0.089296 0.653576 0.01 0.01
0 0.115266 0.639664 0.01 0.01
0 0.149582 0.635954 0.01 0.01
0 0.023446 0.652649 0.01 0.01
0 0.010461 0.668416 0.01 0.01
0 0.009534 0.653576 0.01 0.01
0 0.031793 0.641519 0.01 0.01
0 0.058690 0.652649 0.01 0.01
0 0.060545 0.635027 0.01 0.01
0 0.080022 0.636882 0.01 0.01
0 0.085587 0.636882 0.01 0.01
0 0.084659 0.610912 0.01 0.01
0 0.046633 0.621115 0.01 0.01
0 0.019736 0.622970 0.01 0.01
0 0.011389 0.616477 0.01 0.01
0 0.019736 0.599783 0.01 0.01
0 0.035503 0.601638 0.01 0.01
0 0.062400 0.593290 0.01 0.01
0 0.070747 0.591435 0.01 0.01
0 0.091151 0.591435 0.01 0.01
0 0.120831 0.601638 0.01 0.01
0 0.155147 0.593290 0.01 0.01
0 0.166277 0.597928 0.01 0.01
0 0.192246 0.614622 0.01 0.01
0 0.198738 0.622970 0.01 0.01
0 0.186681 0.649866 0.01 0.01
0 0.206158 0.648011 0.01 0.01
0 0.231200 0.636882 0.01 0.01
0 0.235837 0.658214 0.01 0.01
0 0.038285 0.585871 0.01 0.01
0 0.054980 0.569176 0.01 0.01
0 0.008606 0.584943 0.01 0.01
0 0.004896 0.572886 0.01 0.01
0 0.041995 0.524657 0.01 0.01
0 0.015099 0.526512 0.01 0.01
0 0.029011 0.518165 0.01 0.01
0 0.072602 0.528367 0.01 0.01
0 0.093006 0.536715 0.01 0.01
0 0.120831 0.535787 0.01 0.01
0 0.127323 0.554337 0.01 0.01
0 0.140307 0.547844 0.01 0.01
0 0.161639 0.577523 0.01 0.01
0 0.135670 0.572886 0.01 0.01
0 0.125468 0.584943 0.01 0.01
0 0.182971 0.584943 0.01 0.01
0 0.186681 0.564539 0.01 0.01
0 0.201521 0.583088 0.01 0.01
0 0.208941 0.596073 0.01 0.01
0 0.278501 0.628534 0.01 0.01
0 0.267371 0.618332 0.01 0.01
0 0.255314 0.612767 0.01 0.01
0 0.256242 0.579378 0.01 0.01
0 0.267371 0.597928 0.01 0.01
0 0.282211 0.609985 0.01 0.01
0 0.247894 0.641519 0.01 0.01
0 0.257169 0.656359 0.01 0.01
0 0.267371 0.644301 0.01 0.01
0 0.271081 0.652649 0.01 0.01
0 0.312818 0.649866 0.01 0.01
0 0.307253 0.673053 0.01 0.01
0 0.346207 0.668416 0.01 0.01
0 0.334149 0.676763 0.01 0.01
0 0.392580 0.728702 0.01 0.01
0 0.405565 0.719427 0.01 0.01
0 0.367538 0.721282 0.01 0.01
0 0.388870 0.711080 0.01 0.01
0 0.387015 0.693458 0.01 0.01
0 0.396290 0.691603 0.01 0.01
0 0.374958 0.685110 0.01 0.01
0 0.372176 0.670271 0.01 0.01
0 0.380523 0.674908 0.01 0.01
0 0.371248 0.653576 0.01 0.01
0 0.348989 0.644301 0.01 0.01
0 0.357336 0.614622 0.01 0.01
0 0.340642 0.606275 0.01 0.01
0 0.327657 0.599783 0.01 0.01
0 0.331367 0.579378 0.01 0.01
0 0.302615 0.596073 0.01 0.01
0 0.307253 0.581233 0.01 0.01
0 0.297978 0.571031 0.01 0.01
0 0.279428 0.589581 0.01 0.01
0 0.278501 0.564539 0.01 0.01
0 0.250677 0.554337 0.01 0.01
0 0.254387 0.543207 0.01 0.01
0 0.245112 0.536715 0.01 0.01
0 0.246039 0.602565 0.01 0.01
0 0.230272 0.564539 0.01 0.01
0 0.281283 0.545989 0.01 0.01
0 0.290558 0.552482 0.01 0.01
0 0.311890 0.547844 0.01 0.01
0 0.317455 0.534860 0.01 0.01
0 0.326730 0.534860 0.01 0.01
0 0.355481 0.591435 0.01 0.01
0 0.381451 0.619260 0.01 0.01
0 0.417622 0.621115 0.01 0.01
0 0.399073 0.658214 0.01 0.01
0 0.419477 0.671198 0.01 0.01
0 0.432462 0.701805 0.01 0.01
0 0.433389 0.744469 0.01 0.01
0 0.414840 0.735194 0.01 0.01
0 0.394435 0.741686 0.01 0.01
0 0.520572 0.744469 0.01 0.01
0 0.507587 0.748178 0.01 0.01
0 0.469560 0.750033 0.01 0.01
0 0.503877 0.720354 0.01 0.01
0 0.519644 0.720354 0.01 0.01
0 0.559525 0.761163 0.01 0.01
0 0.595697 0.773220 0.01 0.01
0 0.600334 0.737976 0.01 0.01
0 0.557670 0.723137 0.01 0.01
0 0.569728 0.714789 0.01 0.01
0 0.579930 0.704587 0.01 0.01
0 0.602189 0.699950 0.01 0.01
0 0.610536 0.806609 0.01 0.01
0 0.562308 0.776930 0.01 0.01
0 0.564163 0.686038 0.01 0.01
0 0.590132 0.686965 0.01 0.01
0 0.602189 0.683255 0.01 0.01
0 0.559525 0.701805 0.01 0.01
0 0.559525 0.662851 0.01 0.01
0 0.549323 0.666561 0.01 0.01
0 0.573438 0.656359 0.01 0.01
0 0.572510 0.635954 0.01 0.01
0 0.553961 0.644301 0.01 0.01
0 0.562308 0.624825 0.01 0.01
0 0.526136 0.664706 0.01 0.01
0 0.517789 0.662851 0.01 0.01
0 0.521499 0.694385 0.01 0.01
0 0.502022 0.702732 0.01 0.01
0 0.503877 0.696240 0.01 0.01
0 0.507587 0.683255 0.01 0.01
0 0.495530 0.670271 0.01 0.01
0 0.505732 0.656359 0.01 0.01
0 0.515007 0.627607 0.01 0.01
0 0.517789 0.614622 0.01 0.01
0 0.517789 0.601638 0.01 0.01
0 0.528919 0.589581 0.01 0.01
0 0.576220 0.601638 0.01 0.01
0 0.593842 0.602565 0.01 0.01
0 0.608681 0.604420 0.01 0.01
0 0.611464 0.631317 0.01 0.01
0 0.603117 0.641519 0.01 0.01
0 0.606827 0.581233 0.01 0.01
0 0.598479 0.577523 0.01 0.01
0 0.616101 0.591435 0.01 0.01
0 0.620739 0.619260 0.01 0.01
0 0.475125 0.699950 0.01 0.01
0 0.480690 0.679545 0.01 0.01
0 0.475125 0.677691 0.01 0.01
0 0.455648 0.689748 0.01 0.01
0 0.456576 0.664706 0.01 0.01
0 0.475125 0.651721 0.01 0.01
0 0.473270 0.641519 0.01 0.01
0 0.471415 0.633172 0.01 0.01
0 0.460286 0.622970 0.01 0.01
0 0.475125 0.604420 0.01 0.01
0 0.485328 0.614622 0.01 0.01
0 0.499240 0.614622 0.01 0.01
0 0.455648 0.585871 0.01 0.01
0 0.451939 0.616477 0.01 0.01
0 0.436171 0.629462 0.01 0.01
0 0.431534 0.635027 0.01 0.01
0 0.431534 0.596073 0.01 0.01
0 0.418549 0.593290 0.01 0.01
0 0.400000 0.596073 0.01 0.01
0 0.284066 0.660069 0.01 0.01
0 0.296123 0.639664 0.01 0.01
0 0.325802 0.552482 0.01 0.01
0 0.617029 0.562684 0.01 0.01
0 0.596624 0.562684 0.01 0.01
0 0.602189 0.546917 0.01 0.01
0 0.613319 0.656359 0.01 0.01
0 0.589205 0.516310 0.01 0.01
0 0.579002 0.538570 0.01 0.01
0 0.573438 0.512600 0.01 0.01
0 0.578075 0.497761 0.01 0.01
0 0.598479 0.488486 0.01 0.01
0 0.607754 0.469009 0.01 0.01
0 0.593842 0.472719 0.01 0.01
0 0.555816 0.516310 0.01 0.01
0 0.564163 0.533932 0.01 0.01
0 0.548396 0.490341 0.01 0.01
0 0.539121 0.505180 0.01 0.01
0 0.533556 0.493123 0.01 0.01
0 0.509442 0.512600 0.01 0.01
0 0.507587 0.476429 0.01 0.01
0 0.536339 0.471791 0.01 0.01
0 0.554888 0.456952 0.01 0.01
0 0.569728 0.467154 0.01 0.01
0 0.576220 0.453242 0.01 0.01
0 0.598479 0.452315 0.01 0.01
0 0.594769 0.434693 0.01 0.01
0 0.619811 0.488486 0.01 0.01
0 0.623521 0.456952 0.01 0.01
0 0.620739 0.522802 0.01 0.01
0 0.621666 0.438402 0.01 0.01
0 0.168132 0.527440 0.01 0.01
0 0.175551 0.515383 0.01 0.01
0 0.222853 0.528367 0.01 0.01
0 0.208941 0.526512 0.01 0.01
0 0.197811 0.544134 0.01 0.01
0 0.242330 0.526512 0.01 0.01
0 0.246039 0.502398 0.01 0.01
0 0.257169 0.496833 0.01 0.01
0 0.277574 0.526512 0.01 0.01
0 0.287776 0.532077 0.01 0.01
0 0.302615 0.529295 0.01 0.01
0 0.305398 0.517238 0.01 0.01
0 0.331367 0.520020 0.01 0.01
0 0.356409 0.522802 0.01 0.01
0 0.365683 0.520020 0.01 0.01
0 0.392580 0.523730 0.01 0.01
0 0.433389 0.510745 0.01 0.01
0 0.456576 0.510745 0.01 0.01
0 0.464923 0.496833 0.01 0.01
0 0.100426 0.493123 0.01 0.01
0 0.060545 0.490341 0.01 0.01
0 0.030866 0.493123 0.01 0.01
0 0.016026 0.494978 0.01 0.01
0 0.019736 0.471791 0.01 0.01
0 0.042923 0.452315 0.01 0.01
0 0.020663 0.452315 0.01 0.01
0 0.006751 0.446750 0.01 0.01
0 0.029938 0.433765 0.01 0.01
0 0.005824 0.411506 0.01 0.01
0 0.047560 0.418925 0.01 0.01
0 0.064255 0.434693 0.01 0.01
0 0.090224 0.438402 0.01 0.01
0 0.118976 0.436547 0.01 0.01
0 0.112483 0.458807 0.01 0.01
0 0.075384 0.463444 0.01 0.01
0 0.138453 0.428200 0.01 0.01
0 0.140307 0.452315 0.01 0.01
0 0.162567 0.465299 0.01 0.01
0 0.177406 0.455097 0.01 0.01
0 0.177406 0.494051 0.01 0.01
0 0.155147 0.496833 0.01 0.01
0 0.144017 0.506108 0.01 0.01
0 0.184826 0.478284 0.01 0.01
0 0.205231 0.512600 0.01 0.01
0 0.202448 0.498688 0.01 0.01
0 0.209868 0.489413 0.01 0.01
0 0.226563 0.481066 0.01 0.01
0 0.246039 0.480139 0.01 0.01
0 0.287776 0.494978 0.01 0.01
0 0.310963 0.490341 0.01 0.01
0 0.268299 0.496833 0.01 0.01
0 0.265516 0.481994 0.01 0.01
0 0.289631 0.459734 0.01 0.01
0 0.289631 0.480139 0.01 0.01
0 0.299833 0.506108 0.01 0.01
0 0.335077 0.488486 0.01 0.01
0 0.353626 0.485704 0.01 0.01
0 0.320237 0.460662 0.01 0.01
0 0.338787 0.435620 0.01 0.01
0 0.382378 0.476429 0.01 0.01
0 0.399073 0.477356 0.01 0.01
0 0.409275 0.486631 0.01 0.01
0 0.425969 0.486631 0.01 0.01
0 0.445446 0.488486 0.01 0.01
0 0.421332 0.463444 0.01 0.01
0 0.375886 0.508890 0.01 0.01
0 0.391653 0.501471 0.01 0.01
0 0.412057 0.507035 0.01 0.01
0 0.487182 0.477356 0.01 0.01
0 0.364756 0.453242 0.01 0.01
0 0.379596 0.455097 0.01 0.01
0 0.396290 0.456024 0.01 0.01
0 0.398145 0.427273 0.01 0.01
0 0.419477 0.438402 0.01 0.01
0 0.430607 0.439330 0.01 0.01
0 0.444519 0.443967 0.01 0.01
0 0.507587 0.422635 0.01 0.01
0 0.555816 0.435620 0.01 0.01
0 0.577147 0.440257 0.01 0.01
0 0.551178 0.423563 0.01 0.01
0 0.489037 0.433765 0.01 0.01
0 0.489037 0.444895 0.01 0.01
0 0.487182 0.458807 0.01 0.01
0 0.458431 0.413361 0.01 0.01
0 0.418549 0.405013 0.01 0.01
0 0.438954 0.392956 0.01 0.01
0 0.003969 0.550627 0.01 0.01
0 0.137322 0.518861 0.01 0.01
0 0.299630 0.427505 0.01 0.01
0 0.278298 0.470632 0.01 0.01
0 0.269951 0.435852 0.01 0.01
0 0.256039 0.434924 0.01 0.01
0 0.235171 0.461357 0.01 0.01
0 0.224505 0.463676 0.01 0.01
0 0.214303 0.447909 0.01 0.01
0 0.190652 0.446054 0.01 0.01
0 0.188333 0.431214 0.01 0.01
0 0.059415 0.389942 0.01 0.01
0 0.039010 0.394116 0.01 0.01
0 0.018142 0.389942 0.01 0.01
0 0.019070 0.373711 0.01 0.01
0 0.029736 0.362581 0.01 0.01
0 0.083065 0.389942 0.01 0.01
0 0.118773 0.382522 0.01 0.01
0 0.130830 0.384841 0.01 0.01
0 0.124802 0.370929 0.01 0.01
0 0.155408 0.379276 0.01 0.01
0 0.159582 0.401072 0.01 0.01
0 0.185551 0.384377 0.01 0.01
0 0.181377 0.408955 0.01 0.01
0 0.201782 0.401072 0.01 0.01
0 0.200391 0.414984 0.01 0.01
0 0.128975 0.399217 0.01 0.01
0 0.086311 0.405709 0.01 0.01
0 0.051067 0.363045 0.01 0.01
0 0.013505 0.338931 0.01 0.01
0 0.028344 0.340786 0.01 0.01
0 0.062661 0.329656 0.01 0.01
0 0.072863 0.350524 0.01 0.01
0 0.084920 0.371392 0.01 0.01
0 0.098369 0.357480 0.01 0.01
0 0.103470 0.367219 0.01 0.01
0 0.227751 0.388087 0.01 0.01
0 0.218476 0.413592 0.01 0.01
0 0.220331 0.435852 0.01 0.01
0 0.243982 0.423331 0.01 0.01
0 0.244909 0.409419 0.01 0.01
0 0.308441 0.413592 0.01 0.01
0 0.006085 0.323164 0.01 0.01
0 0.035764 0.277254 0.01 0.01
0 0.021388 0.300904 0.01 0.01
0 0.064980 0.256386 0.01 0.01
0 0.026489 0.253140 0.01 0.01
0 0.010722 0.254531 0.01 0.01
0 0.013041 0.240619 0.01 0.01
0 0.011186 0.231344 0.01 0.01
0 0.013041 0.213258 0.01 0.01
0 0.040401 0.210476 0.01 0.01
0 0.076109 0.221142 0.01 0.01
0 0.135467 0.261023 0.01 0.01
0 0.146133 0.280036 0.01 0.01
0 0.133613 0.308788 0.01 0.01
0 0.157727 0.283746 0.01 0.01
0 0.162364 0.296731 0.01 0.01
0 0.174421 0.293021 0.01 0.01
0 0.134540 0.344032 0.01 0.01
0 0.133149 0.332439 0.01 0.01
0 0.121092 0.332439 0.01 0.01
0 0.109498 0.334294 0.01 0.01
0 0.097441 0.325483 0.01 0.01
0 0.080747 0.319918 0.01 0.01
0 0.088630 0.302759 0.01 0.01
0 0.081674 0.288847 0.01 0.01
0 0.070081 0.302759 0.01 0.01
0 0.058023 0.297195 0.01 0.01
0 0.034373 0.292093 0.01 0.01
0 0.049676 0.323164 0.01 0.01
0 0.032982 0.325483 0.01 0.01
0 0.239345 0.371856 0.01 0.01
0 0.221259 0.373247 0.01 0.01
0 0.248155 0.365828 0.01 0.01
0 0.270879 0.364900 0.01 0.01
0 0.298239 0.373711 0.01 0.01
0 0.280153 0.348206 0.01 0.01
0 0.297312 0.348669 0.01 0.01
0 0.292674 0.317599 0.01 0.01
0 0.310760 0.350061 0.01 0.01
0 0.243982 0.348206 0.01 0.01
0 0.231461 0.336148 0.01 0.01
0 0.236562 0.331511 0.01 0.01
0 0.256503 0.313889 0.01 0.01
0 0.304731 0.314817 0.01 0.01
0 0.265777 0.274935 0.01 0.01
0 0.270415 0.266588 0.01 0.01
0 0.286182 0.267515 0.01 0.01
0 0.308905 0.272153 0.01 0.01
0 0.301949 0.290702 0.01 0.01
0 0.110889 0.275399 0.01 0.01
0 0.120164 0.274935 0.01 0.01
0 0.153553 0.267979 0.01 0.01
0 0.136859 0.269834 0.01 0.01
0 0.157263 0.248966 0.01 0.01
0 0.164683 0.259632 0.01 0.01
0 0.184160 0.230417 0.01 0.01
0 0.184160 0.221606 0.01 0.01
0 0.182769 0.210940 0.01 0.01
0 0.204101 0.211403 0.01 0.01
0 0.201782 0.229953 0.01 0.01
0 0.200391 0.218823 0.01 0.01
0 0.213375 0.224852 0.01 0.01
0 0.221723 0.229025 0.01 0.01
0 0.220331 0.219287 0.01 0.01
0 0.230070 0.209085 0.01 0.01
0 0.229606 0.250357 0.01 0.01
0 0.211984 0.304614 0.01 0.01
0 0.194826 0.292093 0.01 0.01
0 0.141496 0.296267 0.01 0.01
0 0.186942 0.319918 0.01 0.01
0 0.195290 0.315280 0.01 0.01
0 0.172103 0.319454 0.01 0.01
0 0.161437 0.314817 0.01 0.01
0 0.176740 0.340786 0.01 0.01
0 0.183232 0.358872 0.01 0.01
0 0.158654 0.350524 0.01 0.01
0 0.154944 0.338003 0.01 0.01
0 0.151235 0.327801 0.01 0.01
0 0.148916 0.314817 0.01 0.01
0 0.192971 0.337540 0.01 0.01
0 0.209202 0.338003 0.01 0.01
0 0.167465 0.370929 0.01 0.01
0 0.064980 0.363045 0.01 0.01
0 0.031590 0.234126 0.01 0.01
0 0.040401 0.219751 0.01 0.01
0 0.059415 0.226243 0.01 0.01
0 0.083065 0.239691 0.01 0.01
0 0.265314 0.334757 0.01 0.01
0 0.253720 0.334757 0.01 0.01
0 0.289892 0.219751 0.01 0.01
0 0.282008 0.213722 0.01 0.01
0 0.260213 0.211403 0.01 0.01
0 0.274588 0.229025 0.01 0.01
0 0.295920 0.212331 0.01 0.01
0 0.309832 0.228098 0.01 0.01
0 0.305195 0.261023 0.01 0.01
0 0.224505 0.298122 0.01 0.01
0 0.079819 0.325483 0.01 0.01
0 0.106716 0.310643 0.01 0.01
0 0.117846 0.210012 0.01 0.01
0 0.125265 0.216968 0.01 0.01
0 0.137786 0.208157 0.01 0.01
0 0.159118 0.207693 0.01 0.01
0 0.110889 0.223460 0.01 0.01
0 0.093267 0.207230 0.01 0.01
0 0.088630 0.219287 0.01 0.01
0 0.083065 0.206302 0.01 0.01
0 0.058023 0.210012 0.01 0.01
0 0.154017 0.230417 0.01 0.01
0 0.180450 0.269370 0.01 0.01
0 0.186942 0.267979 0.01 0.01
0 0.185087 0.248039 0.01 0.01
0 0.192971 0.244792 0.01 0.01
0 0.216158 0.246647 0.01 0.01
0 0.242127 0.278181 0.01 0.01
0 0.239808 0.267052 0.01 0.01
0 0.258358 0.263342 0.01 0.01
0 0.217549 0.275399 0.01 0.01
0 0.099760 0.296731 0.01 0.01
0 0.088630 0.256386 0.01 0.01
0 0.297312 0.392724 0.01 0.01
0 0.289892 0.404318 0.01 0.01
0 0.271342 0.417302 0.01 0.01
0 0.220795 0.466458 0.01 0.01
0 0.207810 0.473878 0.01 0.01
0 0.199927 0.468777 0.01 0.01
0 0.208738 0.461357 0.01 0.01
0 0.218013 0.457184 0.01 0.01
0 0.303804 0.453010 0.01 0.01
0 0.226824 0.509122 0.01 0.01
0 0.138714 0.560133 0.01 0.01
0 0.034373 0.473878 0.01 0.01
0 0.118309 0.356553 0.01 0.01
0 0.105325 0.348206 0.01 0.01
0 0.168393 0.357480 0.01 0.01
0 0.252329 0.384841 0.01 0.01
0 0.283863 0.389014 0.01 0.01
0 0.140105 0.216504 0.01 0.01
0 0.044111 0.246184 0.01 0.01
0 0.047821 0.235518 0.01 0.01
0 0.288037 0.281428 0.01 0.01
0 0.114338 0.238068 0.01 0.01
0 0.131960 0.235286 0.01 0.01
0 0.143090 0.338235 0.01 0.01
0 0.325802 0.430055 0.01 0.01
0 0.345279 0.406868 0.01 0.01
0 0.314672 0.388319 0.01 0.01
0 0.351771 0.386464 0.01 0.01
0 0.359191 0.402231 0.01 0.01
0 0.370321 0.375334 0.01 0.01
0 0.391653 0.392029 0.01 0.01
0 0.389798 0.376262 0.01 0.01
0 0.397218 0.366987 0.01 0.01
0 0.394435 0.354930 0.01 0.01
0 0.379596 0.363277 0.01 0.01
0 0.474198 0.346583 0.01 0.01
0 0.463068 0.346583 0.01 0.01
0 0.454721 0.335453 0.01 0.01
0 0.483473 0.336380 0.01 0.01
0 0.490892 0.338235 0.01 0.01
0 0.432462 0.369769 0.01 0.01
0 0.483473 0.367914 0.01 0.01
0 0.502950 0.363277 0.01 0.01
0 0.531701 0.354930 0.01 0.01
0 0.541903 0.366987 0.01 0.01
0 0.483473 0.384609 0.01 0.01
0 0.505732 0.383681 0.01 0.01
0 0.501095 0.393884 0.01 0.01
0 0.540048 0.386464 0.01 0.01
0 0.570655 0.377189 0.01 0.01
0 0.603117 0.373479 0.01 0.01
0 0.595697 0.422635 0.01 0.01
0 0.487182 0.405941 0.01 0.01
0 0.450084 0.359567 0.01 0.01
0 0.370321 0.346583 0.01 0.01
0 0.351771 0.359567 0.01 0.01
0 0.348061 0.334525 0.01 0.01
0 0.314672 0.323396 0.01 0.01
0 0.482284 0.463676 0.01 0.01
0 0.468372 0.460430 0.01 0.01
0 0.474864 0.455329 0.01 0.01
0 0.505935 0.468313 0.01 0.01
0 0.521702 0.457647 0.01 0.01
0 0.526803 0.446518 0.01 0.01
0 0.605638 0.323164 0.01 0.01
0 0.603319 0.423795 0.01 0.01
0 0.585697 0.419157 0.01 0.01
0 0.575031 0.312498 0.01 0.01
0 0.558801 0.326410 0.01 0.01
0 0.547671 0.324091 0.01 0.01
0 0.528658 0.322236 0.01 0.01
0 0.517992 0.321773 0.01 0.01
0 0.517992 0.305542 0.01 0.01
0 0.481820 0.314817 0.01 0.01
0 0.467444 0.308788 0.01 0.01
0 0.580596 0.250821 0.01 0.01
0 0.589871 0.284674 0.01 0.01
0 0.573640 0.302296 0.01 0.01
0 0.597754 0.271689 0.01 0.01
0 0.607493 0.255922 0.01 0.01
0 0.615840 0.237836 0.01 0.01
0 0.591262 0.225779 0.01 0.01
0 0.575031 0.246647 0.01 0.01
0 0.583842 0.255922 0.01 0.01
0 0.556482 0.280036 0.01 0.01
0 0.567612 0.272617 0.01 0.01
0 0.560192 0.243865 0.01 0.01
0 0.566220 0.240155 0.01 0.01
0 0.543034 0.248502 0.01 0.01
0 0.554163 0.224852 0.01 0.01
0 0.568539 0.204911 0.01 0.01
0 0.585697 0.195173 0.01 0.01
0 0.392319 0.333366 0.01 0.01
0 0.370523 0.317135 0.01 0.01
0 0.363104 0.310643 0.01 0.01
0 0.362176 0.304151 0.01 0.01
0 0.341772 0.308788 0.01 0.01
0 0.331570 0.309715 0.01 0.01
0 0.324614 0.301368 0.01 0.01
0 0.353829 0.297195 0.01 0.01
0 0.346873 0.296267 0.01 0.01
0 0.345018 0.291630 0.01 0.01
0 0.400666 0.318990 0.01 0.01
0 0.398348 0.308324 0.01 0.01
0 0.409941 0.306469 0.01 0.01
0 0.396493 0.301368 0.01 0.01
0 0.406231 0.289775 0.01 0.01
0 0.380262 0.275399 0.01 0.01
0 0.377943 0.291630 0.01 0.01
0 0.398811 0.274472 0.01 0.01
0 0.416897 0.279109 0.01 0.01
0 0.422926 0.277718 0.01 0.01
0 0.433128 0.284674 0.01 0.01
0 0.453532 0.305542 0.01 0.01
0 0.443330 0.302296 0.01 0.01
0 0.475792 0.290702 0.01 0.01
0 0.500370 0.259168 0.01 0.01
0 0.525412 0.277254 0.01 0.01
0 0.535150 0.258704 0.01 0.01
0 0.543034 0.259632 0.01 0.01
0 0.461416 0.254067 0.01 0.01
0 0.441939 0.251748 0.01 0.01
0 0.472546 0.236909 0.01 0.01
0 0.462807 0.216968 0.01 0.01
0 0.443794 0.228562 0.01 0.01
0 0.429418 0.222997 0.01 0.01
0 0.403913 0.243401 0.01 0.01
0 0.386754 0.255922 0.01 0.01
0 0.381189 0.237373 0.01 0.01
0 0.358466 0.245256 0.01 0.01
0 0.352438 0.256386 0.01 0.01
0 0.342236 0.243401 0.01 0.01
0 0.332033 0.233199 0.01 0.01
0 0.331570 0.216968 0.01 0.01
0 0.346409 0.228562 0.01 0.01
0 0.317194 0.233199 0.01 0.01
0 0.489240 0.301368 0.01 0.01
0 0.505007 0.293021 0.01 0.01
0 0.617695 0.295803 0.01 0.01
0 0.615840 0.273080 0.01 0.01
0 0.436374 0.334294 0.01 0.01
0 0.338989 0.325483 0.01 0.01
0 0.329251 0.319918 0.01 0.01
0 0.316266 0.199810 0.01 0.01
0 0.463735 0.235981 0.01 0.01
0 0.608884 0.216504 0.01 0.01
0 0.524020 0.216504 0.01 0.01
0 0.543034 0.214186 0.01 0.01
0 0.506862 0.208157 0.01 0.01
0 0.506398 0.193318 0.01 0.01
0 0.517992 0.194245 0.01 0.01
0 0.487849 0.195173 0.01 0.01
0 0.495732 0.184970 0.01 0.01
0 0.352438 0.202592 0.01 0.01
0 0.363567 0.212331 0.01 0.01
0 0.377480 0.210012 0.01 0.01
0 0.377480 0.219287 0.01 0.01
0 0.400666 0.208621 0.01 0.01
0 0.415042 0.193781 0.01 0.01
0 0.407622 0.193318 0.01 0.01
0 0.401594 0.185434 0.01 0.01
0 0.375161 0.191463 0.01 0.01
0 0.374697 0.181260 0.01 0.01
0 0.352438 0.181724 0.01 0.01
0 0.330178 0.176623 0.01 0.01
0 0.337598 0.168276 0.01 0.01
0 0.327860 0.162247 0.01 0.01
0 0.319512 0.174304 0.01 0.01
0 0.329251 0.146480 0.01 0.01
0 0.341772 0.146480 0.01 0.01
0 0.356148 0.141379 0.01 0.01
0 0.358003 0.151581 0.01 0.01
0 0.367277 0.156219 0.01 0.01
0 0.364959 0.144162 0.01 0.01
0 0.393710 0.163175 0.01 0.01
0 0.388609 0.172913 0.01 0.01
0 0.414578 0.178942 0.01 0.01
0 0.431737 0.170595 0.01 0.01
0 0.442403 0.181724 0.01 0.01
0 0.445649 0.172449 0.01 0.01
0 0.437302 0.200274 0.01 0.01
0 0.457706 0.200274 0.01 0.01
0 0.441011 0.218359 0.01 0.01
0 0.484603 0.197955 0.01 0.01
0 0.482748 0.178942 0.01 0.01
0 0.496660 0.164102 0.01 0.01
0 0.491559 0.149726 0.01 0.01
0 0.468372 0.169203 0.01 0.01
0 0.449822 0.166421 0.01 0.01
0 0.436374 0.159001 0.01 0.01
0 0.441011 0.146480 0.01 0.01
0 0.383044 0.144162 0.01 0.01
0 0.374233 0.133032 0.01 0.01
0 0.354293 0.126540 0.01 0.01
0 0.345945 0.133032 0.01 0.01
0 0.328323 0.132568 0.01 0.01
0 0.335743 0.122830 0.01 0.01
0 0.333888 0.110772 0.01 0.01
0 0.345945 0.112164 0.01 0.01
0 0.341772 0.099179 0.01 0.01
0 0.540715 0.189144 0.01 0.01
0 0.528194 0.180797 0.01 0.01
0 0.518919 0.182652 0.01 0.01
0 0.527266 0.169203 0.01 0.01
0 0.538860 0.171058 0.01 0.01
0 0.562047 0.195636 0.01 0.01
0 0.555091 0.210012 0.01 0.01
0 0.579669 0.186825 0.01 0.01
0 0.599609 0.180797 0.01 0.01
0 0.595436 0.165957 0.01 0.01
0 0.614449 0.177551 0.01 0.01
0 0.602856 0.303223 0.01 0.01
0 0.390000 0.097788 0.01 0.01
0 0.403913 0.097324 0.01 0.01
0 0.410405 0.097788 0.01 0.01
0 0.410869 0.107526 0.01 0.01
0 0.423853 0.110772 0.01 0.01
0 0.425708 0.103816 0.01 0.01
0 0.418752 0.099179 0.01 0.01
0 0.444721 0.118192 0.01 0.01
0 0.434055 0.127003 0.01 0.01
0 0.435447 0.109845 0.01 0.01
0 0.438229 0.103353 0.01 0.01
0 0.440548 0.094078 0.01 0.01
0 0.354293 0.097788 0.01 0.01
0 0.362176 0.106135 0.01 0.01
0 0.348264 0.091759 0.01 0.01
0 0.341308 0.087586 0.01 0.01
0 0.384436 0.110309 0.01 0.01
0 0.375161 0.084803 0.01 0.01
0 0.380262 0.068572 0.01 0.01
0 0.392783 0.087586 0.01 0.01
0 0.399739 0.074601 0.01 0.01
0 0.385363 0.080630 0.01 0.01
0 0.426172 0.074137 0.01 0.01
0 0.420143 0.082948 0.01 0.01
0 0.433592 0.081557 0.01 0.01
0 0.456778 0.089441 0.01 0.01
0 0.459097 0.076920 0.01 0.01
0 0.488776 0.107990 0.01 0.01
0 0.549990 0.146016 0.01 0.01
0 0.562510 0.145553 0.01 0.01
0 0.580596 0.128858 0.01 0.01
0 0.594045 0.147408 0.01 0.01
0 0.611203 0.139060 0.01 0.01
0 0.556946 0.125612 0.01 0.01
0 0.524020 0.147871 0.01 0.01
0 0.528194 0.139060 0.01 0.01
0 0.540715 0.138133 0.01 0.01
0 0.551845 0.175696 0.01 0.01
0 0.501297 0.204911 0.01 0.01
0 0.585697 0.212331 0.01 0.01
0 0.369596 0.066254 0.01 0.01
0 0.356148 0.068109 0.01 0.01
0 0.470691 0.069964 0.01 0.01
0 0.482284 0.068572 0.01 0.01
0 0.474864 0.061616 0.01 0.01
0 0.414578 0.055588 0.01 0.01
0 0.418752 0.043531 0.01 0.01
0 0.434055 0.051414 0.01 0.01
0 0.511036 0.081093 0.01 0.01
0 0.507326 0.074137 0.01 0.01
0 0.491559 0.068572 0.01 0.01
0 0.496660 0.057443 0.01 0.01
0 0.500370 0.050487 0.01 0.01
0 0.504543 0.055588 0.01 0.01
0 0.476255 0.080630 0.01 0.01
0 0.527266 0.068109 0.01 0.01
0 0.456315 0.153900 0.01 0.01
0 0.473473 0.153436 0.01 0.01
0 0.467908 0.143698 0.01 0.01
0 0.463271 0.116337 0.01 0.01
0 0.403449 0.232735 0.01 0.01
0 0.477647 0.267515 0.01 0.01
0 0.455387 0.323164 0.01 0.01
0 0.331570 0.358408 0.01 0.01
0 0.330642 0.341713 0.01 0.01
0 0.321367 0.363973 0.01 0.01
0 0.412724 0.385768 0.01 0.01
0 0.421998 0.365828 0.01 0.01
0 0.358930 0.433997 0.01 0.01
0 0.568539 0.361654 0.01 0.01
0 0.473937 0.247575 0.01 0.01
0 0.505935 0.216504 0.01 0.01
0 0.495269 0.136742 0.01 0.01
0 0.505471 0.104744 0.01 0.01
0 0.511036 0.096397 0.01 0.01
0 0.516137 0.106599 0.01 0.01
0 0.381653 0.056052 0.01 0.01
0 0.490631 0.078775 0.01 0.01
0 0.602392 0.100107 0.01 0.01
0 0.398348 0.113091 0.01 0.01
0 0.407622 0.156682 0.01 0.01
0 0.417361 0.159001 0.01 0.01
0 0.408086 0.147408 0.01 0.01
0 0.433128 0.178942 0.01 0.01
0 0.333888 0.156219 0.01 0.01
0 0.405767 0.063008 0.01 0.01
0 0.401130 0.057443 0.01 0.01
0 0.416433 0.069036 0.01 0.01
0 0.440084 0.051414 0.01 0.01
0 0.492022 0.046313 0.01 0.01
0 0.497124 0.041676 0.01 0.01
0 0.447967 0.042603 0.01 0.01
0 0.084920 0.197491 0.01 0.01
0 0.071008 0.205838 0.01 0.01
0 0.107643 0.203984 0.01 0.01
0 0.113672 0.195636 0.01 0.01
0 0.124802 0.186825 0.01 0.01
0 0.148452 0.193781 0.01 0.01
0 0.147525 0.184970 0.01 0.01
0 0.253257 0.196564 0.01 0.01
0 0.214766 0.186825 0.01 0.01
0 0.277835 0.193318 0.01 0.01
0 0.307514 0.184970 0.01 0.01
0 0.290356 0.179405 0.01 0.01
0 0.269487 0.176623 0.01 0.01
0 0.260676 0.170595 0.01 0.01
0 0.283863 0.168740 0.01 0.01
0 0.310296 0.154827 0.01 0.01
0 0.301021 0.150654 0.01 0.01
0 0.288501 0.158537 0.01 0.01
0 0.020925 0.208157 0.01 0.01
0 0.009331 0.199346 0.01 0.01
0 0.019997 0.168276 0.01 0.01
0 0.019997 0.190999 0.01 0.01
0 0.043648 0.182652 0.01 0.01
0 0.051995 0.186825 0.01 0.01
0 0.037619 0.168276 0.01 0.01
0 0.050140 0.167348 0.01 0.01
0 0.053386 0.177551 0.01 0.01
0 0.058487 0.182652 0.01 0.01
0 0.070081 0.180797 0.01 0.01
0 0.070081 0.172449 0.01 0.01
0 0.083065 0.166421 0.01 0.01
0 0.067762 0.159001 0.01 0.01
0 0.085848 0.157610 0.01 0.01
0 0.032054 0.127467 0.01 0.01
0 0.043184 0.116801 0.01 0.01
0 0.052459 0.135814 0.01 0.01
0 0.060806 0.114482 0.01 0.01
0 0.070544 0.120047 0.01 0.01
0 0.082138 0.108454 0.01 0.01
0 0.108107 0.124685 0.01 0.01
0 0.103006 0.112164 0.01 0.01
0 0.035300 0.091759 0.01 0.01
0 0.135004 0.094078 0.01 0.01
0 0.157263 0.097324 0.01 0.01
0 0.143815 0.150654 0.01 0.01
0 0.123874 0.150190 0.01 0.01
0 0.141032 0.131641 0.01 0.01
0 0.165610 0.142307 0.01 0.01
0 0.175349 0.139988 0.01 0.01
0 0.115991 0.163175 0.01 0.01
0 0.103006 0.177551 0.01 0.01
0 0.116454 0.179405 0.01 0.01
0 0.180450 0.167348 0.01 0.01
0 0.169320 0.162711 0.01 0.01
0 0.177204 0.152509 0.01 0.01
0 0.190652 0.162247 0.01 0.01
0 0.192507 0.155755 0.01 0.01
0 0.191116 0.151581 0.01 0.01
0 0.166538 0.190999 0.01 0.01
0 0.158191 0.181724 0.01 0.01
0 0.201782 0.162247 0.01 0.01
0 0.204101 0.151581 0.01 0.01
0 0.213375 0.142307 0.01 0.01
0 0.220795 0.150190 0.01 0.01
0 0.213839 0.159929 0.01 0.01
0 0.218476 0.164102 0.01 0.01
0 0.231925 0.146016 0.01 0.01
0 0.247228 0.153900 0.01 0.01
0 0.246764 0.145553 0.01 0.01
0 0.252329 0.124685 0.01 0.01
0 0.247228 0.118192 0.01 0.01
0 0.247692 0.112627 0.01 0.01
0 0.236562 0.101498 0.01 0.01
0 0.243982 0.093150 0.01 0.01
0 0.211984 0.095469 0.01 0.01
0 0.195290 0.109845 0.01 0.01
0 0.205955 0.122366 0.01 0.01
0 0.277835 0.135351 0.01 0.01
0 0.285254 0.124685 0.01 0.01
0 0.297312 0.127003 0.01 0.01
0 0.286646 0.143234 0.01 0.01
0 0.270879 0.108454 0.01 0.01
0 0.309832 0.123293 0.01 0.01
0 0.219404 0.190999 0.01 0.01
0 0.198536 0.190999 0.01 0.01
0 0.094195 0.192390 0.01 0.01
0 0.070544 0.190999 0.01 0.01
0 0.111817 0.062080 0.01 0.01
0 0.117846 0.061616 0.01 0.01
0 0.108107 0.069036 0.01 0.01
0 0.144742 0.047704 0.01 0.01
0 0.118309 0.044922 0.01 0.01
0 0.198999 0.037502 0.01 0.01
0 0.241199 0.068109 0.01 0.01
0 0.070081 0.286529 0.01 0.01
0 0.303340 0.166421 0.01 0.01
0 0.035300 0.158074 0.01 0.01
0 0.013505 0.107526 0.01 0.01
0 0.082602 0.083876 0.01 0.01
0 0.065443 0.097324 0.01 0.01
0 0.158191 0.144162 0.01 0.01
0 0.124802 0.122830 0.01 0.01
0 0.207347 0.084803 0.01 0.01
0 0.116918 0.078775 0.01 0.01
0 0.117121 0.097092 0.01 0.01
0 0.104136 0.083180 0.01 0.01
0 0.011389 0.072050 0.01 0.01
0 0.023446 0.066486 0.01 0.01
0 0.031793 0.068341 0.01 0.01
0 0.051270 0.067413 0.01 0.01
0 0.286848 0.108222 0.01 0.01
0 0.297978 0.105440 0.01 0.01
0 0.285921 0.079470 0.01 0.01
0 0.268299 0.071123 0.01 0.01
0 0.255314 0.070196 0.01 0.01
0 0.220070 0.068341 0.01 0.01
0 0.204303 0.068341 0.01 0.01
0 0.182971 0.068341 0.01 0.01
0 0.194101 0.068341 0.01 0.01
0 0.153292 0.067413 0.01 0.01
0 0.138453 0.073905 0.01 0.01
0 0.124540 0.068341 0.01 0.01
0 0.380523 0.527440 0.01 0.01
0 0.069820 0.238068 0.01 0.01
0 0.509644 0.004113 0.01 0.01
0 0.394174 0.005968 0.01 0.01
0 0.421998 0.024981 0.01 0.01
0 0.402985 0.032401 0.01 0.01
0 0.397420 0.040748 0.01 0.01
0 0.354756 0.016634 0.01 0.01
0 0.341772 0.020808 0.01 0.01
0 0.343627 0.032865 0.01 0.01
0 0.325077 0.018025 0.01 0.01
0 0.406231 0.018489 0.01 0.01
0 0.415506 0.013852 0.01 0.01
0 0.422462 0.009678 0.01 0.01
0 0.433128 0.018025 0.01 0.01
0 0.432200 0.024981 0.01 0.01
0 0.442866 0.015706 0.01 0.01
0 0.464198 0.049559 0.01 0.01
0 0.329251 0.004577 0.01 0.01
0 0.375625 0.037038 0.01 0.01
0 0.385827 0.026372 0.01 0.01
0 0.311194 0.076456 0.01 0.01
0 0.153988 0.024054 0.01 0.01
0 0.217056 0.056515 0.01 0.01
0 0.227722 0.053733 0.01 0.01
0 0.226794 0.041212 0.01 0.01
0 0.196651 0.058834 0.01 0.01
0 0.203144 0.055588 0.01 0.01
0 0.189232 0.048168 0.01 0.01
0 0.153988 0.051414 0.01 0.01
0 0.150278 0.057907 0.01 0.01
0 0.138684 0.057907 0.01 0.01
0 0.182276 0.047704 0.01 0.01
0 0.331135 0.056515 0.01 0.01
0 0.306093 0.041212 0.01 0.01
0 0.265748 0.047241 0.01 0.01
0 0.284761 0.016170 0.01 0.01
0 0.235142 0.041676 0.01 0.01
0 0.245344 0.043531 0.01 0.01
0 0.178566 0.013852 0.01 0.01
0 0.168827 0.003649 0.01 0.01
0 0.161871 0.011997 0.01 0.01
0 0.145177 0.014315 0.01 0.01
0 0.170682 0.082485 0.01 0.01
0 0.179957 0.077383 0.01 0.01
0 0.109005 0.018489 0.01 0.01
0 0.097441 0.122366 0.01 0.01
0 0.226360 0.128394 0.01 0.01
0 0.218940 0.129322 0.01 0.01
0 0.211057 0.129786 0.01 0.01
0 0.204564 0.120511 0.01 0.01
0 0.038547 0.106599 0.01 0.01
0 0.258358 0.089441 0.01 0.01
0 0.261140 0.062544 0.01 0.01
0 0.544112 0.017717 0.01 0.01
0 0.540349 0.008936 0.01 0.01
0 0.556658 0.008936 0.01 0.01
0 0.560421 0.017717 0.01 0.01
0 0.576730 0.007681 0.01 0.01
0 0.583002 0.016463 0.01 0.01
0 0.515259 0.035280 0.01 0.01
0 0.520277 0.022735 0.01 0.01
0 0.483896 0.015208 0.01 0.01
0 0.491423 0.006427 0.01 0.01
0 0.473859 0.008936 0.01 0.01
0 0.461314 0.015208 0.01 0.01
0 0.455042 0.032771 0.01 0.01
0 0.463823 0.035280 0.01 0.01
0 0.475114 0.030262 0.01 0.01
0 0.482641 0.039044 0.01 0.01
0 0.481387 0.049080 0.01 0.01
0 0.458805 0.057862 0.01 0.01
0 0.446260 0.065389 0.01 0.01
0 0.439987 0.075425 0.01 0.01
0 0.428697 0.060371 0.01 0.01
0 0.010943 0.081698 0.01 0.01
0 0.027251 0.079189 0.01 0.01
0 0.038542 0.077934 0.01 0.01
0 0.059869 0.079189 0.01 0.01
0 0.014706 0.134387 0.01 0.01
0 0.015961 0.155714 0.01 0.01
0 0.032269 0.143169 0.01 0.01
0 0.076178 0.136896 0.01 0.01
0 0.089977 0.148187 0.01 0.01
0 0.097504 0.154460 0.01 0.01
0 0.128867 0.163241 0.01 0.01
0 0.138903 0.179550 0.01 0.01
0 0.148940 0.173277 0.01 0.01
0 0.347153 0.281166 0.01 0.01
0 0.355935 0.272384 0.01 0.01
0 0.330844 0.276148 0.01 0.01
0 0.332099 0.287438 0.01 0.01
0 0.426188 0.321310 0.01 0.01
0 0.429951 0.251057 0.01 0.01
0 0.418661 0.253566 0.01 0.01
0 0.432460 0.266112 0.01 0.01
0 0.434969 0.274893 0.01 0.01
0 0.451278 0.274893 0.01 0.01
0 0.450024 0.288693 0.01 0.01
0 0.460060 0.288693 0.01 0.01
0 0.545367 0.284929 0.01 0.01
0 0.506477 0.233494 0.01 0.01
0 0.527804 0.239767 0.01 0.01
0 0.243028 0.234749 0.01 0.01
0 0.239265 0.228476 0.01 0.01
0 0.190339 0.139405 0.01 0.01
0 0.179048 0.123097 0.01 0.01
0 0.158976 0.111806 0.01 0.01
0 0.151449 0.119333 0.01 0.01
0 0.184066 0.101770 0.01 0.01
0 0.169012 0.099261 0.01 0.01
0 0.165248 0.065389 0.01 0.01
0 0.166503 0.042808 0.01 0.01
0 0.153958 0.040299 0.01 0.01
0 0.140158 0.034026 0.01 0.01
0 0.135140 0.023990 0.01 0.01
0 0.132631 0.005172 0.01 0.01
0 0.123849 0.018972 0.01 0.01
0 0.111304 0.032771 0.01 0.01
0 0.103777 0.037790 0.01 0.01
0 0.094995 0.055353 0.01 0.01
0 0.078687 0.041553 0.01 0.01
0 0.084959 0.062880 0.01 0.01
0 0.072414 0.060371 0.01 0.01
0 0.067396 0.047826 0.01 0.01
0 0.053596 0.037790 0.01 0.01
0 0.049833 0.050335 0.01 0.01
0 0.028506 0.049080 0.01 0.01
0 0.036033 0.037790 0.01 0.01
0 0.023488 0.023990 0.01 0.01
0 0.013452 0.032771 0.01 0.01
0 0.007179 0.041553 0.01 0.01
0 0.018470 0.040299 0.01 0.01
0 0.041051 0.018972 0.01 0.01
0 0.022233 0.011445 0.01 0.01
0 0.010943 0.010190 0.01 0.01
0 0.042306 0.007681 0.01 0.01
0 0.057360 0.015208 0.01 0.01
0 0.063632 0.008936 0.01 0.01
0 0.076178 0.008936 0.01 0.01
0 0.074923 0.020226 0.01 0.01
0 0.068650 0.026499 0.01 0.01
0 0.086214 0.029008 0.01 0.01
0 0.092486 0.018972 0.01 0.01
0 0.096250 0.011445 0.01 0.01
0 0.094995 0.031517 0.01 0.01
0 0.088723 0.042808 0.01 0.01
0 0.176539 0.029008 0.01 0.01
0 0.174030 0.042808 0.01 0.01
0 0.189084 0.031517 0.01 0.01
0 0.200375 0.017717 0.01 0.01
0 0.210411 0.026499 0.01 0.01
0 0.211665 0.032771 0.01 0.01
0 0.207902 0.040299 0.01 0.01
0 0.222956 0.029008 0.01 0.01
0 0.234247 0.025244 0.01 0.01
0 0.229229 0.017717 0.01 0.01
0 0.243028 0.022735 0.01 0.01
0 0.249301 0.022735 0.01 0.01
0 0.256828 0.018972 0.01 0.01
0 0.248046 0.011445 0.01 0.01
0 0.234247 0.011445 0.01 0.01
0 0.251810 0.041553 0.01 0.01
0 0.284427 0.059116 0.01 0.01
0 0.296973 0.061625 0.01 0.01
0 0.290700 0.044062 0.01 0.01
0 0.281918 0.037790 0.01 0.01
0 0.265610 0.031517 0.01 0.01
0 0.266864 0.020226 0.01 0.01
0 0.271882 0.012699 0.01 0.01
0 0.295718 0.012699 0.01 0.01
0 0.293209 0.025244 0.01 0.01
0 0.303245 0.021481 0.01 0.01
0 0.310772 0.015208 0.01 0.01
0 0.309518 0.006427 0.01 0.01
0 0.357189 0.007681 0.01 0.01
0 0.374753 0.010190 0.01 0.01
0 0.368480 0.021481 0.01 0.01
0 0.357189 0.041553 0.01 0.01
0 0.340881 0.042808 0.01 0.01
0 0.338372 0.052844 0.01 0.01
0 0.353426 0.051589 0.01 0.01
0 0.365971 0.052844 0.01 0.01
0 0.392316 0.023990 0.01 0.01
0 0.521531 0.045317 0.01 0.01
0 0.547876 0.085461 0.01 0.01
0 0.565439 0.108042 0.01 0.01
0 0.581748 0.113061 0.01 0.01
