0 0.097328 0.848627 0.01 0.01
0 0.159666 0.728747 0.01 0.01
0 0.100525 0.664811 0.01 0.01
0 0.026999 0.747928 0.01 0.01
0 0.042983 0.645630 0.01 0.01
0 0.022203 0.568907 0.01 0.01
0 0.226799 0.496979 0.01 0.01
0 0.277948 0.453822 0.01 0.01
0 0.204421 0.597678 0.01 0.01
0 0.284341 0.640835 0.01 0.01
0 0.345081 0.714361 0.01 0.01
0 0.461764 0.719156 0.01 0.01
0 0.471354 0.613662 0.01 0.01
0 0.490535 0.543332 0.01 0.01
0 0.391434 0.485790 0.01 0.01
0 0.444181 0.409067 0.01 0.01
0 0.597628 0.855021 0.01 0.01
0 0.575250 0.591284 0.01 0.01
0 0.741484 0.709566 0.01 0.01
0 0.941284 0.752723 0.01 0.01
0 0.912513 0.656819 0.01 0.01
0 0.957268 0.557718 0.01 0.01
0 1.024401 0.594481 0.01 0.01
0 0.797428 0.564112 0.01 0.01
0 0.719107 0.588088 0.01 0.01
0 0.683942 0.487388 0.01 0.01
0 0.627998 0.512963 0.01 0.01
0 0.525700 0.493782 0.01 0.01
0 0.535290 0.423452 0.01 0.01
0 0.511314 0.394681 0.01 0.01
0 0.495330 0.357918 0.01 0.01
0 0.551274 0.394681 0.01 0.01
0 0.583242 0.388287 0.01 0.01
0 0.565660 0.412263 0.01 0.01
0 0.624801 0.442633 0.01 0.01
0 0.309916 0.457019 0.01 0.01
0 0.210815 0.543332 0.01 0.01
0 1.471954 0.853422 0.01 0.01
0 1.569456 0.495380 0.01 0.01
0 1.449576 0.447428 0.01 0.01
0 1.321704 0.436239 0.01 0.01
0 1.371254 0.396279 0.01 0.01
0 1.316909 0.332343 0.01 0.01
0 1.198627 0.346729 0.01 0.01
0 1.093132 0.389886 0.01 0.01
0 1.035590 0.436239 0.01 0.01
0 1.067558 0.343532 0.01 0.01
0 1.021204 0.332343 0.01 0.01
0 1.037188 0.300375 0.01 0.01
0 1.022803 0.287588 0.01 0.01
0 0.979646 0.300375 0.01 0.01
0 0.901324 0.332343 0.01 0.01
0 0.832593 0.413862 0.01 0.01
0 0.834191 0.488987 0.01 0.01
0 0.767059 0.473003 0.01 0.01
0 0.799027 0.445830 0.01 0.01
0 0.746279 0.412263 0.01 0.01
0 0.703123 0.380295 0.01 0.01
0 0.672753 0.380295 0.01 0.01
0 0.695130 0.455420 0.01 0.01
0 0.728697 0.345130 0.01 0.01
0 0.709516 0.351524 0.01 0.01
0 0.698327 0.313162 0.01 0.01
0 0.613612 0.351524 0.01 0.01
0 0.634391 0.396279 0.01 0.01
0 0.650375 0.349926 0.01 0.01
0 0.485740 0.295580 0.01 0.01
0 0.506519 0.317958 0.01 0.01
0 0.525700 0.306769 0.01 0.01
0 0.516110 0.285990 0.01 0.01
0 0.530495 0.274801 0.01 0.01
0 0.556070 0.287588 0.01 0.01
0 0.576849 0.306769 0.01 0.01
0 0.570455 0.327548 0.01 0.01
0 0.650375 0.281194 0.01 0.01
0 0.635990 0.300375 0.01 0.01
0 0.613612 0.297178 0.01 0.01
0 0.583242 0.289186 0.01 0.01
0 0.685540 0.262014 0.01 0.01
0 0.671154 0.293982 0.01 0.01
0 0.699926 0.282793 0.01 0.01
0 0.687138 0.282793 0.01 0.01
0 0.743083 0.287588 0.01 0.01
0 0.723902 0.293982 0.01 0.01
0 0.727099 0.311564 0.01 0.01
0 0.735091 0.327548 0.01 0.01
0 0.768657 0.362713 0.01 0.01
0 0.763862 0.330745 0.01 0.01
0 0.786239 0.292383 0.01 0.01
0 0.759067 0.277998 0.01 0.01
0 0.791035 0.257218 0.01 0.01
0 0.802223 0.246030 0.01 0.01
0 0.823003 0.255620 0.01 0.01
0 0.842183 0.281194 0.01 0.01
0 0.859766 0.281194 0.01 0.01
0 0.915710 0.268407 0.01 0.01
0 0.880545 0.246030 0.01 0.01
0 0.890135 0.230046 0.01 0.01
0 0.947678 0.249226 0.01 0.01
0 0.966859 0.255620 0.01 0.01
0 0.902923 0.250825 0.01 0.01
0 0.624801 0.323927 0.01 0.01
0 0.840585 0.259191 0.01 0.01
0 0.896529 0.287163 0.01 0.01
0 0.942883 0.291159 0.01 0.01
0 0.931694 0.302348 0.01 0.01
0 0.944481 0.267983 0.01 0.01
0 0.959666 0.282368 0.01 0.01
0 0.634391 0.282368 0.01 0.01
