0 0.412098 0.973074 0.01 0.01
0 0.960391 0.850147 0.01 0.01
0 0.546732 1.123317 0.01 0.01
0 1.481366 1.152586 0.01 0.01
0 1.551610 1.016000 0.01 0.01
0 1.338927 0.809171 0.01 0.01
0 1.485269 0.748683 0.01 0.01
0 1.338927 0.653074 0.01 0.01
0 1.434537 0.573074 0.01 0.01
0 1.122342 0.635513 0.01 0.01
0 0.977952 0.614049 0.01 0.01
0 0.519415 0.518439 0.01 0.01
0 0.484293 0.688196 0.01 0.01
0 0.117464 0.450147 0.01 0.01
0 0.306732 0.393561 0.01 0.01
0 0.663805 0.428683 0.01 0.01
0 0.837464 0.582830 0.01 0.01
0 0.878439 0.498927 0.01 0.01
0 1.018927 0.446244 0.01 0.01
0 1.169171 0.539903 0.01 0.01
0 1.272586 0.520391 0.01 0.01
0 1.219903 0.469659 0.01 0.01
0 1.315513 0.485269 0.01 0.01
0 1.340878 0.536000 0.01 0.01
0 1.418927 0.502830 0.01 0.01
0 1.391610 0.463805 0.01 0.01
0 1.491122 0.502830 0.01 0.01
0 1.559415 0.498927 0.01 0.01
0 1.469659 0.428683 0.01 0.01
0 1.409171 0.420878 0.01 0.01
0 0.936976 0.372098 0.01 0.01
0 1.001366 0.346732 0.01 0.01
0 0.236488 0.280878 0.01 0.01
0 0.366244 0.312098 0.01 0.01
0 0.470635 0.278927 0.01 0.01
0 0.491122 0.225269 0.01 0.01
0 0.575025 0.238927 0.01 0.01
0 0.684293 0.291610 0.01 0.01
0 0.648196 0.280878 0.01 0.01
0 0.730147 0.265269 0.01 0.01
0 0.764293 0.335513 0.01 0.01
0 0.740878 0.223317 0.01 0.01
0 0.686244 0.228196 0.01 0.01
0 0.644293 0.210635 0.01 0.01
0 0.570147 0.196976 0.01 0.01
0 0.710635 0.201854 0.01 0.01
0 0.777952 0.195025 0.01 0.01
0 0.762342 0.179415 0.01 0.01
0 0.758439 0.149171 0.01 0.01
0 0.783805 0.121854 0.01 0.01
0 0.738927 0.184293 0.01 0.01
0 0.735025 0.173561 0.01 0.01
0 0.706732 0.180391 0.01 0.01
0 0.693074 0.149171 0.01 0.01
0 0.698927 0.168683 0.01 0.01
0 0.774049 0.223317 0.01 0.01
0 0.792586 0.293561 0.01 0.01
0 0.668683 0.184293 0.01 0.01
0 0.346732 0.018439 0.01 0.01
0 0.515513 0.191122 0.01 0.01
0 0.511610 0.140391 0.01 0.01
0 0.569171 0.151122 0.01 0.01
0 0.534049 0.153074 0.01 0.01
0 0.568196 0.130635 0.01 0.01
0 0.554537 0.116000 0.01 0.01
0 0.534049 0.108196 0.01 0.01
0 0.600391 0.117952 0.01 0.01
0 0.623805 0.135513 0.01 0.01
0 0.601366 0.140391 0.01 0.01
0 0.582830 0.131610 0.01 0.01
0 0.573074 0.121854 0.01 0.01
0 0.676488 0.145269 0.01 0.01
0 0.598439 0.164781 0.01 0.01
0 0.434537 0.195025 0.01 0.01
0 0.372098 0.225269 0.01 0.01
0 0.368196 0.166732 0.01 0.01
0 0.397464 0.140391 0.01 0.01
0 0.423805 0.120878 0.01 0.01
0 0.443317 0.114049 0.01 0.01
0 0.456000 0.111122 0.01 0.01
0 0.475513 0.113074 0.01 0.01
0 0.488196 0.128683 0.01 0.01
0 0.472586 0.140391 0.01 0.01
0 0.446244 0.134537 0.01 0.01
0 0.462830 0.126732 0.01 0.01
0 0.476488 0.122830 0.01 0.01
0 0.399415 0.166732 0.01 0.01
0 0.303805 0.182342 0.01 0.01
0 0.339903 0.145269 0.01 0.01
0 0.341854 0.116000 0.01 0.01
0 0.300878 0.105269 0.01 0.01
0 0.292098 0.136488 0.01 0.01
0 0.264781 0.151122 0.01 0.01
0 0.224781 0.138439 0.01 0.01
0 0.238439 0.199903 0.01 0.01
0 0.377952 0.106244 0.01 0.01
0 0.324293 0.099415 0.01 0.01
0 0.141854 0.212586 0.01 0.01
0 0.176000 0.162830 0.01 0.01
0 0.175025 0.114049 0.01 0.01
0 0.262830 0.089659 0.01 0.01
0 0.268683 0.066244 0.01 0.01
0 0.235513 0.083805 0.01 0.01
0 0.232586 0.071122 0.01 0.01
0 0.246244 0.067220 0.01 0.01
0 0.191610 0.040878 0.01 0.01
0 0.143805 0.082830 0.01 0.01
0 0.180878 0.079903 0.01 0.01
0 0.170147 0.048683 0.01 0.01
0 0.137952 0.037952 0.01 0.01
0 0.155513 0.052586 0.01 0.01
0 0.087220 0.051610 0.01 0.01
0 0.049171 0.074049 0.01 0.01
0 0.066732 0.090635 0.01 0.01
0 0.033561 0.099415 0.01 0.01
0 0.097952 0.130635 0.01 0.01
0 0.051122 0.136488 0.01 0.01
0 0.088196 0.201854 0.01 0.01
0 0.083317 0.300391 0.01 0.01
0 0.123317 0.056488 0.01 0.01
0 0.013074 0.182342 0.01 0.01
0 0.611122 0.338439 0.01 0.01
0 1.196488 0.413074 0.01 0.01
0 1.126244 0.389659 0.01 0.01
0 1.288196 0.420878 0.01 0.01
0 1.335025 0.399415 0.01 0.01
0 0.432586 0.047708 0.01 0.01
0 0.443317 0.047708 0.01 0.01
0 0.461854 0.053561 0.01 0.01
0 0.826732 0.342342 0.01 0.01
0 0.798439 0.313074 0.01 0.01
0 0.783805 0.270147 0.01 0.01
0 0.812098 0.238927 0.01 0.01
0 0.824781 0.212586 0.01 0.01
0 1.089171 0.360878 0.01 0.01
0 1.056976 0.365756 0.01 0.01
0 1.053074 0.324781 0.01 0.01
0 1.013074 0.316000 0.01 0.01
0 0.965269 0.313074 0.01 0.01
0 0.940878 0.280878 0.01 0.01
0 0.982830 0.296488 0.01 0.01
0 0.875513 0.302342 0.01 0.01
0 0.896976 0.247708 0.01 0.01
0 0.921366 0.245756 0.01 0.01
0 0.943805 0.221366 0.01 0.01
0 0.944781 0.245756 0.01 0.01
0 0.874537 0.217464 0.01 0.01
0 0.868683 0.238927 0.01 0.01
0 0.797464 0.197952 0.01 0.01
0 0.799415 0.186244 0.01 0.01
0 0.797464 0.180391 0.01 0.01
0 0.807220 0.161854 0.01 0.01
0 0.813074 0.189171 0.01 0.01
0 0.829659 0.195025 0.01 0.01
0 0.830635 0.179415 0.01 0.01
0 0.836488 0.170635 0.01 0.01
0 0.845269 0.191122 0.01 0.01
0 0.864781 0.186244 0.01 0.01
0 0.858927 0.205756 0.01 0.01
0 0.874537 0.199903 0.01 0.01
0 0.887220 0.188196 0.01 0.01
0 0.898927 0.199903 0.01 0.01
0 0.908683 0.184293 0.01 0.01
0 0.915513 0.195025 0.01 0.01
0 0.929171 0.203805 0.01 0.01
0 0.897952 0.215513 0.01 0.01
0 0.952586 0.205756 0.01 0.01
0 0.970147 0.221366 0.01 0.01
0 0.976976 0.203805 0.01 0.01
0 0.989659 0.212586 0.01 0.01
0 0.996488 0.214537 0.01 0.01
0 1.005269 0.205756 0.01 0.01
0 1.037464 0.214537 0.01 0.01
0 0.998439 0.234049 0.01 0.01
0 1.036488 0.247708 0.01 0.01
0 1.013074 0.258439 0.01 0.01
0 0.981854 0.261366 0.01 0.01
0 0.999415 0.268196 0.01 0.01
0 1.068683 0.270147 0.01 0.01
0 0.944781 0.153074 0.01 0.01
0 0.950635 0.156000 0.01 0.01
0 0.966244 0.157952 0.01 0.01
0 0.986732 0.159903 0.01 0.01
0 1.173074 0.193074 0.01 0.01
0 1.200391 0.201854 0.01 0.01
0 1.087220 0.232098 0.01 0.01
0 1.076488 0.221366 0.01 0.01
0 1.081366 0.212586 0.01 0.01
0 1.058927 0.236976 0.01 0.01
0 1.050147 0.223317 0.01 0.01
0 1.103805 0.226244 0.01 0.01
0 1.100878 0.241854 0.01 0.01
0 1.086244 0.247708 0.01 0.01
0 1.071610 0.249659 0.01 0.01
0 1.126244 0.254537 0.01 0.01
0 1.137952 0.241854 0.01 0.01
0 1.098927 0.272098 0.01 0.01
0 1.107708 0.259415 0.01 0.01
0 1.129171 0.293561 0.01 0.01
0 1.102830 0.302342 0.01 0.01
0 1.074537 0.287708 0.01 0.01
0 1.047220 0.291610 0.01 0.01
0 1.123317 0.332586 0.01 0.01
0 1.157464 0.353074 0.01 0.01
0 1.194537 0.331610 0.01 0.01
0 1.236488 0.361854 0.01 0.01
0 1.169171 0.302342 0.01 0.01
0 1.193561 0.304293 0.01 0.01
0 1.209171 0.303317 0.01 0.01
0 1.198439 0.277952 0.01 0.01
0 1.175025 0.267220 0.01 0.01
0 1.145756 0.267220 0.01 0.01
0 1.159415 0.270147 0.01 0.01
0 1.167220 0.249659 0.01 0.01
0 1.164293 0.241854 0.01 0.01
0 1.153561 0.245756 0.01 0.01
0 1.191610 0.235025 0.01 0.01
0 1.199415 0.249659 0.01 0.01
0 1.223805 0.245756 0.01 0.01
0 1.222830 0.263317 0.01 0.01
0 1.243317 0.267220 0.01 0.01
0 1.249171 0.322830 0.01 0.01
0 1.251122 0.293561 0.01 0.01
0 1.271610 0.313074 0.01 0.01
0 1.288196 0.286732 0.01 0.01
0 1.271610 0.274049 0.01 0.01
0 1.460878 0.244293 0.01 0.01
0 1.345756 0.270635 0.01 0.01
0 1.338927 0.287220 0.01 0.01
0 1.359415 0.279415 0.01 0.01
0 1.311610 0.270635 0.01 0.01
0 1.366244 0.358439 0.01 0.01
0 1.305756 0.331122 0.01 0.01
0 1.279415 0.371122 0.01 0.01
0 1.337952 0.302830 0.01 0.01
0 1.380878 0.331122 0.01 0.01
0 1.374049 0.306732 0.01 0.01
0 1.385756 0.285269 0.01 0.01
0 1.399415 0.276488 0.01 0.01
0 1.409171 0.276488 0.01 0.01
0 1.416976 0.289171 0.01 0.01
0 1.433561 0.300878 0.01 0.01
0 1.414049 0.297952 0.01 0.01
0 1.419903 0.337952 0.01 0.01
0 1.431610 0.392586 0.01 0.01
0 1.458927 0.348683 0.01 0.01
0 1.521366 0.419903 0.01 0.01
0 1.480391 0.379903 0.01 0.01
0 1.504781 0.377952 0.01 0.01
0 1.520391 0.346732 0.01 0.01
0 1.512586 0.323317 0.01 0.01
0 1.477464 0.302830 0.01 0.01
0 1.481366 0.333074 0.01 0.01
0 1.460878 0.296000 0.01 0.01
0 1.496000 0.300878 0.01 0.01
0 1.547708 0.327220 0.01 0.01
0 1.575025 0.342830 0.01 0.01
0 1.560391 0.379903 0.01 0.01
0 1.583805 0.431610 0.01 0.01
0 1.592586 0.448196 0.01 0.01
0 0.081110 0.610780 0.01 0.01
0 0.478313 0.067474 0.01 0.01
0 0.616574 0.089851 0.01 0.01
