0 0.089960 0.386170 0.01 0.01
0 0.033061 0.380699 0.01 0.01
0 0.018836 0.271277 0.01 0.01
0 0.053851 0.259241 0.01 0.01
0 0.080112 0.281125 0.01 0.01
0 0.141388 0.301915 0.01 0.01
0 0.182969 0.343496 0.01 0.01
0 0.224549 0.386170 0.01 0.01
0 0.285825 0.355532 0.01 0.01
0 0.297862 0.392735 0.01 0.01
0 0.228926 0.306292 0.01 0.01
0 0.156707 0.262523 0.01 0.01
0 0.109656 0.248299 0.01 0.01
0 0.109656 0.215472 0.01 0.01
0 0.066981 0.200153 0.01 0.01
0 0.027590 0.227508 0.01 0.01
0 0.040720 0.191399 0.01 0.01
0 0.014459 0.144348 0.01 0.01
0 0.027590 0.135594 0.01 0.01
0 0.019930 0.107144 0.01 0.01
0 0.040720 0.107144 0.01 0.01
0 0.069170 0.125746 0.01 0.01
0 0.079018 0.090731 0.01 0.01
0 0.060416 0.080883 0.01 0.01
0 0.036343 0.084166 0.01 0.01
0 0.041814 0.048057 0.01 0.01
0 0.023213 0.025078 0.01 0.01
0 0.011176 0.031643 0.01 0.01
0 0.010082 0.049151 0.01 0.01
0 0.011176 0.079789 0.01 0.01
0 0.100902 0.158573 0.01 0.01
0 0.133729 0.196870 0.01 0.01
0 0.189534 0.210001 0.01 0.01
0 0.150142 0.157478 0.01 0.01
0 0.185157 0.150913 0.01 0.01
0 0.115127 0.125746 0.01 0.01
0 0.242056 0.234074 0.01 0.01
0 0.317557 0.288785 0.01 0.01
0 0.377739 0.317234 0.01 0.01
0 0.399624 0.376322 0.01 0.01
0 0.410566 0.281125 0.01 0.01
0 0.371174 0.220943 0.01 0.01
0 0.302238 0.242827 0.01 0.01
0 0.318652 0.190305 0.01 0.01
0 0.286919 0.179363 0.01 0.01
0 0.261752 0.170609 0.01 0.01
0 0.244245 0.204530 0.01 0.01
0 0.246433 0.192493 0.01 0.01
0 0.224549 0.160761 0.01 0.01
0 0.216889 0.141065 0.01 0.01
0 0.180780 0.122463 0.01 0.01
0 0.165461 0.112616 0.01 0.01
0 0.181874 0.090731 0.01 0.01
0 0.168744 0.068847 0.01 0.01
0 0.156707 0.096202 0.01 0.01
0 0.107468 0.076506 0.01 0.01
0 0.119504 0.069941 0.01 0.01
0 0.124975 0.065564 0.01 0.01
0 0.141388 0.032738 0.01 0.01
0 0.122787 0.036020 0.01 0.01
0 0.105279 0.043680 0.01 0.01
0 0.084489 0.044774 0.01 0.01
0 0.044003 0.028361 0.01 0.01
0 0.061510 0.014136 0.01 0.01
0 0.080112 0.026172 0.01 0.01
0 0.097620 0.025078 0.01 0.01
0 0.111844 0.013042 0.01 0.01
0 0.131540 0.008665 0.01 0.01
0 0.123881 0.021795 0.01 0.01
0 0.141388 0.019607 0.01 0.01
0 0.157802 0.018513 0.01 0.01
0 0.146859 0.008665 0.01 0.01
0 0.146859 0.056810 0.01 0.01
0 0.158896 0.038209 0.01 0.01
0 0.178592 0.045868 0.01 0.01
0 0.198288 0.061187 0.01 0.01
0 0.210324 0.096202 0.01 0.01
0 0.221266 0.060093 0.01 0.01
0 0.207041 0.038209 0.01 0.01
0 0.192817 0.019607 0.01 0.01
0 0.222360 0.028361 0.01 0.01
0 0.220172 0.011947 0.01 0.01
0 0.239868 0.037114 0.01 0.01
0 0.268318 0.061187 0.01 0.01
0 0.249716 0.104956 0.01 0.01
0 0.258470 0.089637 0.01 0.01
0 0.239868 0.078695 0.01 0.01
0 0.269412 0.147630 0.01 0.01
0 0.295673 0.160761 0.01 0.01
0 0.296767 0.148725 0.01 0.01
0 0.290202 0.102768 0.01 0.01
0 0.274883 0.085260 0.01 0.01
0 0.281448 0.061187 0.01 0.01
0 0.260658 0.043680 0.01 0.01
0 0.266129 0.022890 0.01 0.01
0 0.294579 0.048057 0.01 0.01
0 0.290202 0.008665 0.01 0.01
0 0.297862 0.019607 0.01 0.01
0 0.316463 0.013042 0.01 0.01
0 0.338348 0.041491 0.01 0.01
0 0.327405 0.076506 0.01 0.01
0 0.317557 0.119181 0.01 0.01
0 0.329594 0.144348 0.01 0.01
0 0.348196 0.173892 0.01 0.01
0 0.351478 0.135594 0.01 0.01
0 0.373363 0.113710 0.01 0.01
0 0.364609 0.079789 0.01 0.01
0 0.362420 0.049151 0.01 0.01
0 0.351478 0.039303 0.01 0.01
0 0.342724 0.022890 0.01 0.01
0 0.328500 0.023984 0.01 0.01
0 0.338348 0.004288 0.01 0.01
0 0.355855 0.008665 0.01 0.01
0 0.372268 0.008665 0.01 0.01
0 0.366797 0.019607 0.01 0.01
0 0.379928 0.030549 0.01 0.01
0 0.390870 0.016324 0.01 0.01
0 0.402906 0.052434 0.01 0.01
0 0.401812 0.030549 0.01 0.01
0 0.416037 0.031643 0.01 0.01
0 0.402906 0.013042 0.01 0.01
0 0.430262 0.033832 0.01 0.01
0 0.448864 0.036020 0.01 0.01
0 0.443393 0.013042 0.01 0.01
0 0.420414 0.069941 0.01 0.01
0 0.404001 0.080883 0.01 0.01
0 0.396341 0.144348 0.01 0.01
0 0.407283 0.156384 0.01 0.01
0 0.441204 0.252675 0.01 0.01
0 0.442298 0.197965 0.01 0.01
0 0.474031 0.194682 0.01 0.01
0 0.486067 0.308481 0.01 0.01
0 0.517799 0.367568 0.01 0.01
0 0.539684 0.253770 0.01 0.01
0 0.521082 0.210001 0.01 0.01
0 0.497009 0.177174 0.01 0.01
0 0.504669 0.157478 0.01 0.01
0 0.509046 0.123558 0.01 0.01
0 0.436827 0.143254 0.01 0.01
0 0.418226 0.135594 0.01 0.01
0 0.455429 0.123558 0.01 0.01
0 0.446675 0.107144 0.01 0.01
0 0.456523 0.075412 0.01 0.01
0 0.483879 0.071035 0.01 0.01
0 0.469654 0.032738 0.01 0.01
0 0.470748 0.019607 0.01 0.01
0 0.474031 0.006476 0.01 0.01
0 0.495915 0.027266 0.01 0.01
0 0.492632 0.045868 0.01 0.01
0 0.478408 0.050245 0.01 0.01
0 0.500292 0.074318 0.01 0.01
0 0.499198 0.058999 0.01 0.01
0 0.522176 0.020701 0.01 0.01
0 0.530930 0.055716 0.01 0.01
0 0.498103 0.097296 0.01 0.01
0 0.536401 0.107144 0.01 0.01
0 0.552814 0.083072 0.01 0.01
0 0.561568 0.056810 0.01 0.01
0 0.583452 0.065564 0.01 0.01
0 0.522176 0.075412 0.01 0.01
0 0.563757 0.077601 0.01 0.01
0 0.579076 0.125746 0.01 0.01
0 0.544061 0.143254 0.01 0.01
0 0.548437 0.170609 0.01 0.01
0 0.582358 0.170609 0.01 0.01
0 0.595489 0.143254 0.01 0.01
0 0.628315 0.134500 0.01 0.01
0 0.637069 0.098391 0.01 0.01
0 0.591112 0.100579 0.01 0.01
0 0.609714 0.054622 0.01 0.01
0 0.586735 0.046962 0.01 0.01
0 0.597677 0.026172 0.01 0.01
0 0.576887 0.023984 0.01 0.01
0 0.557191 0.026172 0.01 0.01
0 0.547343 0.017419 0.01 0.01
0 0.534213 0.036020 0.01 0.01
0 0.607525 0.228603 0.01 0.01
0 0.643634 0.254864 0.01 0.01
0 0.640352 0.288785 0.01 0.01
0 0.585641 0.371945 0.01 0.01
0 0.639258 0.386170 0.01 0.01
0 0.670990 0.344590 0.01 0.01
0 0.726795 0.376322 0.01 0.01
0 0.784789 0.315046 0.01 0.01
0 0.797919 0.275654 0.01 0.01
0 0.715853 0.253770 0.01 0.01
0 0.711476 0.207813 0.01 0.01
0 0.758527 0.195776 0.01 0.01
0 0.723512 0.161855 0.01 0.01
0 0.680838 0.148725 0.01 0.01
0 0.666613 0.159667 0.01 0.01
0 0.643634 0.157478 0.01 0.01
0 0.656765 0.125746 0.01 0.01
0 0.709288 0.110427 0.01 0.01
0 0.683026 0.114804 0.01 0.01
0 0.680838 0.083072 0.01 0.01
0 0.644729 0.073224 0.01 0.01
0 0.634881 0.050245 0.01 0.01
0 0.660048 0.056810 0.01 0.01
0 0.623939 0.028361 0.01 0.01
0 0.619562 0.017419 0.01 0.01
0 0.633787 0.013042 0.01 0.01
0 0.657859 0.014136 0.01 0.01
0 0.648011 0.031643 0.01 0.01
0 0.689592 0.039303 0.01 0.01
0 0.692874 0.054622 0.01 0.01
0 0.674273 0.065564 0.01 0.01
0 0.731172 0.068847 0.01 0.01
0 0.722418 0.036020 0.01 0.01
0 0.733360 0.023984 0.01 0.01
0 0.686309 0.020701 0.01 0.01
0 0.704911 0.004288 0.01 0.01
0 0.674273 0.007571 0.01 0.01
0 0.784789 0.247204 0.01 0.01
0 0.863572 0.262523 0.01 0.01
0 0.906247 0.345684 0.01 0.01
0 0.859195 0.364286 0.01 0.01
0 0.932508 0.255958 0.01 0.01
0 0.999255 0.297538 0.01 0.01
0 0.999255 0.253770 0.01 0.01
0 1.021140 0.217660 0.01 0.01
0 0.951110 0.213284 0.01 0.01
0 0.954392 0.187022 0.01 0.01
0 0.889834 0.183740 0.01 0.01
0 0.839500 0.218755 0.01 0.01
0 0.825275 0.179363 0.01 0.01
0 0.811050 0.144348 0.01 0.01
0 0.757433 0.138877 0.01 0.01
0 0.760716 0.107144 0.01 0.01
0 0.785883 0.091825 0.01 0.01
0 0.819804 0.111521 0.01 0.01
0 0.843876 0.080883 0.01 0.01
0 0.824181 0.073224 0.01 0.01
0 0.801202 0.048057 0.01 0.01
0 0.797919 0.037114 0.01 0.01
0 0.765093 0.052434 0.01 0.01
0 0.784789 0.019607 0.01 0.01
0 0.855913 0.119181 0.01 0.01
0 0.842782 0.153102 0.01 0.01
0 0.901870 0.149819 0.01 0.01
0 0.879986 0.129029 0.01 0.01
0 0.896399 0.118087 0.01 0.01
0 0.869043 0.091825 0.01 0.01
0 0.867949 0.064470 0.01 0.01
0 0.854819 0.053528 0.01 0.01
0 0.860290 0.042586 0.01 0.01
0 0.841688 0.033832 0.01 0.01
0 0.853724 0.015230 0.01 0.01
0 0.832934 0.016324 0.01 0.01
0 0.816521 0.023984 0.01 0.01
0 0.819804 0.008665 0.01 0.01
0 0.762904 0.021795 0.01 0.01
0 0.744303 0.009759 0.01 0.01
0 0.959864 0.139971 0.01 0.01
0 0.929225 0.124652 0.01 0.01
0 0.952204 0.111521 0.01 0.01
0 0.955487 0.099485 0.01 0.01
0 0.951110 0.083072 0.01 0.01
0 0.919377 0.086354 0.01 0.01
0 0.902964 0.061187 0.01 0.01
0 0.890928 0.046962 0.01 0.01
0 0.876703 0.037114 0.01 0.01
0 0.878891 0.010853 0.01 0.01
0 0.889834 0.025078 0.01 0.01
0 0.898587 0.016324 0.01 0.01
0 0.905153 0.008665 0.01 0.01
0 0.918283 0.019607 0.01 0.01
0 0.911718 0.043680 0.01 0.01
0 0.945639 0.054622 0.01 0.01
0 0.923754 0.042586 0.01 0.01
0 0.962052 0.016324 0.01 0.01
0 0.951110 0.034926 0.01 0.01
0 0.975183 0.083072 0.01 0.01
0 0.959864 0.072129 0.01 0.01
0 0.971900 0.056810 0.01 0.01
0 0.998161 0.100579 0.01 0.01
0 1.004727 0.087448 0.01 0.01
0 1.021140 0.080883 0.01 0.01
0 0.999255 0.068847 0.01 0.01
0 0.999255 0.048057 0.01 0.01
0 1.015669 0.046962 0.01 0.01
0 1.001444 0.036020 0.01 0.01
0 1.016763 0.026172 0.01 0.01
0 0.993784 0.015230 0.01 0.01
0 1.032082 0.014136 0.01 0.01
0 1.040836 0.048057 0.01 0.01
0 1.072568 0.026172 0.01 0.01
0 1.076945 0.087448 0.01 0.01
0 1.057249 0.103862 0.01 0.01
0 1.051778 0.061187 0.01 0.01
0 1.060532 0.139971 0.01 0.01
0 0.995973 0.136688 0.01 0.01
0 1.066003 0.322705 0.01 0.01
0 0.985031 0.364286 0.01 0.01
0 1.073662 0.280031 0.01 0.01
0 1.085699 0.201247 0.01 0.01
0 1.081322 0.113710 0.01 0.01
0 1.069285 0.044774 0.01 0.01
0 0.500292 0.008665 0.01 0.01
0 0.555003 0.007571 0.01 0.01
0 0.567039 0.008665 0.01 0.01
0 0.648558 0.205351 0.01 0.01
