0 0.407497 0.647192 0.01 0.01
0 0.251772 0.466276 0.01 0.01
0 0.100627 0.457115 0.01 0.01
0 0.084596 0.347192 0.01 0.01
0 0.164749 0.255589 0.01 0.01
0 0.329634 0.198337 0.01 0.01
0 0.325054 0.239558 0.01 0.01
0 0.421237 0.328871 0.01 0.01
0 0.558642 0.356352 0.01 0.01
0 0.574673 0.255589 0.01 0.01
0 0.453299 0.175436 0.01 0.01
0 0.476199 0.131924 0.01 0.01
0 0.478489 0.088413 0.01 0.01
0 0.522001 0.131924 0.01 0.01
0 0.551772 0.063222 0.01 0.01
0 0.609024 0.026581 0.01 0.01
0 0.599863 0.081543 0.01 0.01
0 0.641085 0.264749 0.01 0.01
0 0.675436 0.228108 0.01 0.01
0 0.698337 0.086123 0.01 0.01
0 0.696047 0.049482 0.01 0.01
0 0.737268 0.170856 0.01 0.01
0 0.817421 0.177726 0.01 0.01
0 0.760169 0.095283 0.01 0.01
0 0.831161 0.331161 0.01 0.01
0 0.824291 0.251008 0.01 0.01
0 0.897573 0.280779 0.01 0.01
0 1.046428 0.573909 0.01 0.01
0 1.016657 1.011314 0.01 0.01
0 1.055589 0.931161 0.01 0.01
0 1.167802 0.777726 0.01 0.01
0 1.211314 0.583070 0.01 0.01
0 1.291466 0.553299 0.01 0.01
0 1.273146 0.502917 0.01 0.01
0 0.651963 0.015703 0.01 0.01
0 0.586695 0.027153 0.01 0.01
0 0.779062 0.074100 0.01 0.01
0 0.808833 0.059215 0.01 0.01
0 0.788222 0.015703 0.01 0.01
0 0.816848 0.108451 0.01 0.01
0 0.886695 0.079825 0.01 0.01
0 0.933642 0.135932 0.01 0.01
0 0.927917 0.072955 0.01 0.01
0 0.956543 0.021428 0.01 0.01
0 0.934787 0.021428 0.01 0.01
0 1.022955 0.020283 0.01 0.01
0 0.998909 0.053489 0.01 0.01
0 1.027535 0.059215 0.01 0.01
0 1.064176 0.063795 0.01 0.01
0 1.058451 0.019138 0.01 0.01
0 0.997764 0.211505 0.01 0.01
0 1.051581 0.243566 0.01 0.01
0 1.047001 0.305398 0.01 0.01
0 0.988604 0.371810 0.01 0.01
0 1.136314 0.291657 0.01 0.01
0 1.216466 0.177153 0.01 0.01
0 1.294329 0.259596 0.01 0.01
0 1.278299 0.138222 0.01 0.01
0 1.202726 0.113031 0.01 0.01
0 1.195856 0.052344 0.01 0.01
0 1.174100 0.092421 0.01 0.01
0 1.113413 0.087841 0.01 0.01
0 1.073337 0.119902 0.01 0.01
0 1.024100 0.167993 0.01 0.01
0 1.124863 0.177153 0.01 0.01
0 1.155779 0.031734 0.01 0.01
0 1.113413 0.029444 0.01 0.01
0 1.077917 0.015703 0.01 0.01
0 1.014940 0.005398 0.01 0.01
0 0.915321 0.001963 0.01 0.01
0 0.764176 0.007688 0.01 0.01
0 1.374863 0.203489 0.01 0.01
0 1.325627 0.359215 0.01 0.01
0 1.422955 0.337459 0.01 0.01
0 1.506543 0.363795 0.01 0.01
0 1.598146 0.133642 0.01 0.01
0 1.586695 0.083260 0.01 0.01
0 1.539749 0.077535 0.01 0.01
0 1.501963 0.075245 0.01 0.01
0 1.444711 0.039749 0.01 0.01
0 1.406924 0.032879 0.01 0.01
0 1.388604 0.045474 0.01 0.01
0 1.371428 0.085550 0.01 0.01
0 1.330207 0.012268 0.01 0.01
0 1.508833 0.007688 0.01 0.01
