0 0.402919 0.842491 0.01 0.01
0 0.553721 0.831796 0.01 0.01
0 0.396502 0.697037 0.01 0.01
0 0.349443 0.640352 0.01 0.01
0 0.516288 0.618962 0.01 0.01
0 0.648908 0.566555 0.01 0.01
0 0.669229 0.724844 0.01 0.01
0 0.793293 0.582598 0.01 0.01
0 0.844630 0.514149 0.01 0.01
0 0.783668 0.422170 0.01 0.01
0 1.016823 0.608266 0.01 0.01
0 1.214684 0.571903 0.01 0.01
0 1.125914 0.492758 0.01 0.01
0 1.072438 0.427518 0.01 0.01
0 1.029657 0.437143 0.01 0.01
0 1.170833 0.393293 0.01 0.01
0 1.254256 0.397571 0.01 0.01
0 1.316288 0.361208 0.01 0.01
0 1.421101 0.326983 0.01 0.01
0 1.468160 0.293828 0.01 0.01
0 1.500245 0.298106 0.01 0.01
0 1.525914 0.617892 0.01 0.01
0 0.268160 0.431796 0.01 0.01
0 0.206127 0.430726 0.01 0.01
0 0.189015 0.359069 0.01 0.01
0 0.045700 0.344095 0.01 0.01
0 0.138748 0.184737 0.01 0.01
0 0.248908 0.181529 0.01 0.01
0 0.417892 0.368694 0.01 0.01
0 0.476716 0.213614 0.01 0.01
0 0.447839 0.186876 0.01 0.01
0 0.669229 0.224309 0.01 0.01
0 0.743026 0.229657 0.01 0.01
0 0.941956 0.271368 0.01 0.01
0 0.758133 0.108935 0.01 0.01
0 0.709470 0.058668 0.01 0.01
0 0.725245 0.057331 0.01 0.01
0 0.733801 0.048240 0.01 0.01
0 0.854924 0.077652 0.01 0.01
0 0.871769 0.064817 0.01 0.01
0 0.904389 0.110272 0.01 0.01
0 0.854122 0.131930 0.01 0.01
0 0.871502 0.163213 0.01 0.01
0 1.028186 0.059737 0.01 0.01
0 0.963012 0.026916 0.01 0.01
0 1.157598 0.056261 0.01 0.01
0 1.209202 0.048240 0.01 0.01
0 1.271234 0.104389 0.01 0.01
0 1.299844 0.047170 0.01 0.01
0 1.330058 0.085138 0.01 0.01
0 1.369630 0.080593 0.01 0.01
0 1.388347 0.081930 0.01 0.01
0 1.394496 0.087277 0.01 0.01
0 1.415085 0.092625 0.01 0.01
0 1.510004 0.070432 0.01 0.01
0 1.511876 0.171769 0.01 0.01
0 1.557063 0.236742 0.01 0.01
0 1.570700 0.209202 0.01 0.01
0 1.577652 0.117758 0.01 0.01
0 1.577117 0.285406 0.01 0.01
0 0.657987 0.046399 0.01 0.01
0 0.624421 0.071973 0.01 0.01
0 0.629216 0.095949 0.01 0.01
0 0.773072 0.016029 0.01 0.01
0 0.657987 0.016029 0.01 0.01
0 0.838607 0.011234 0.01 0.01
0 1.177468 0.017628 0.01 0.01
0 1.127917 0.033612 0.01 0.01
0 1.239806 0.011234 0.01 0.01
0 1.362882 0.022423 0.01 0.01
0 1.386858 0.049596 0.01 0.01
0 0.190546 0.061616 0.01 0.01
0 0.092553 0.156432 0.01 0.01
0 0.113289 0.039543 0.01 0.01
0 0.354760 0.018640 0.01 0.01
0 1.220981 0.017469 0.01 0.01
0 1.289877 0.006098 0.01 0.01
0 1.287536 0.019476 0.01 0.01
0 1.444727 0.098071 0.01 0.01
