0 0.766071 0.884913 0.01 0.01
0 0.786897 0.888880 0.01 0.01
0 0.806732 0.898798 0.01 0.01
0 0.852351 1.042599 0.01 0.01
0 0.893013 1.067393 0.01 0.01
0 0.946566 1.082269 0.01 0.01
0 0.533013 1.100120 0.01 0.01
0 0.505244 1.140781 0.01 0.01
0 0.960451 0.970203 0.01 0.01
0 0.991194 0.968219 0.01 0.01
0 0.927723 0.956318 0.01 0.01
0 0.777971 0.958302 0.01 0.01
0 0.737310 0.973178 0.01 0.01
0 0.689707 0.982104 0.01 0.01
0 0.683756 1.011856 0.01 0.01
0 0.772021 0.853178 0.01 0.01
0 0.801773 0.858137 0.01 0.01
0 0.810699 0.871029 0.01 0.01
0 0.828550 0.884913 0.01 0.01
0 0.863261 0.945409 0.01 0.01
0 0.841442 0.962269 0.01 0.01
0 0.960451 0.928550 0.01 0.01
0 0.699624 0.890864 0.01 0.01
0 0.727393 0.899790 0.01 0.01
0 0.738302 0.902765 0.01 0.01
0 0.601442 0.946401 0.01 0.01
0 0.623261 0.929542 0.01 0.01
0 0.510203 0.992021 0.01 0.01
0 0.530037 0.937475 0.01 0.01
0 0.544913 0.895823 0.01 0.01
0 0.715492 0.830368 0.01 0.01
0 0.734335 0.848219 0.01 0.01
0 0.732351 0.804583 0.01 0.01
0 0.770037 0.820451 0.01 0.01
0 0.750203 0.849211 0.01 0.01
0 0.793839 0.826401 0.01 0.01
0 0.807723 0.842269 0.01 0.01
0 0.835492 0.859128 0.01 0.01
0 0.857310 0.865079 0.01 0.01
0 0.812682 0.965244 0.01 0.01
0 0.796814 0.970203 0.01 0.01
0 0.912847 0.838302 0.01 0.01
0 0.926732 0.853178 0.01 0.01
0 0.937641 0.881938 0.01 0.01
0 1.027889 1.006897 0.01 0.01
0 1.010037 1.061442 0.01 0.01
0 0.481442 1.086236 0.01 0.01
0 1.350203 0.110864 0.01 0.01
0 1.328385 0.100947 0.01 0.01
0 1.306566 0.094996 0.01 0.01
0 1.292682 0.108880 0.01 0.01
0 1.395823 0.305244 0.01 0.01
0 0.997145 0.926071 0.01 0.01
0 1.011029 0.916153 0.01 0.01
0 1.046732 0.912186 0.01 0.01
0 1.393839 0.182269 0.01 0.01
0 1.294666 0.279459 0.01 0.01
0 1.268880 0.265575 0.01 0.01
0 1.223261 0.233839 0.01 0.01
0 1.181608 0.229872 0.01 0.01
0 1.070533 0.908219 0.01 0.01
0 0.899955 0.719790 0.01 0.01
0 1.358137 0.957806 0.01 0.01
0 1.026897 0.860616 0.01 0.01
0 0.989211 0.880451 0.01 0.01
0 0.969376 0.874500 0.01 0.01
0 1.001112 0.852682 0.01 0.01
0 0.818632 0.771360 0.01 0.01
0 0.808715 0.759459 0.01 0.01
0 0.892021 0.781277 0.01 0.01
0 0.701608 0.799128 0.01 0.01
0 0.971360 0.795161 0.01 0.01
0 0.985244 0.807062 0.01 0.01
0 0.963426 0.765409 0.01 0.01
0 0.981277 0.741608 0.01 0.01
0 0.941608 0.715823 0.01 0.01
0 0.927723 0.703922 0.01 0.01
0 0.911856 0.695988 0.01 0.01
0 0.886071 0.695988 0.01 0.01
0 0.868219 0.705905 0.01 0.01
0 0.858302 0.743591 0.01 0.01
0 0.866236 0.775327 0.01 0.01
0 0.937641 0.769376 0.01 0.01
0 1.130037 0.928054 0.01 0.01
0 1.163756 0.928054 0.01 0.01
0 1.068550 0.775327 0.01 0.01
0 1.028880 0.822930 0.01 0.01
0 1.007062 0.797145 0.01 0.01
0 0.755161 0.733674 0.01 0.01
0 0.778963 0.729707 0.01 0.01
0 0.707558 0.737641 0.01 0.01
0 0.717475 0.763426 0.01 0.01
0 1.028880 0.735657 0.01 0.01
0 1.030864 0.767393 0.01 0.01
0 1.007062 0.741608 0.01 0.01
0 1.141938 0.892351 0.01 0.01
0 1.135988 0.826897 0.01 0.01
0 1.306897 0.945905 0.01 0.01
0 1.331690 0.947889 0.01 0.01
0 1.379294 0.977641 0.01 0.01
0 1.370368 1.044087 0.01 0.01
0 1.151194 0.815988 0.01 0.01
0 1.263261 0.813013 0.01 0.01
0 1.195823 0.850699 0.01 0.01
0 1.200781 0.797145 0.01 0.01
0 1.159128 0.871525 0.01 0.01
0 1.102599 0.879459 0.01 0.01
0 1.068880 0.850699 0.01 0.01
0 1.042104 0.792186 0.01 0.01
0 0.913178 0.740616 0.01 0.01
0 1.368385 0.885409 0.01 0.01
0 1.249376 0.917145 0.01 0.01
0 1.225575 0.908219 0.01 0.01
0 1.314831 0.886401 0.01 0.01
0 1.343591 0.722765 0.01 0.01
0 1.334666 0.742599 0.01 0.01
0 1.299955 0.749542 0.01 0.01
0 1.128385 0.769376 0.01 0.01
0 1.095657 0.782269 0.01 0.01
0 1.044087 0.703922 0.01 0.01
0 1.049046 0.722765 0.01 0.01
0 0.987558 0.706897 0.01 0.01
0 1.028219 0.694004 0.01 0.01
0 1.063922 0.678137 0.01 0.01
0 1.008385 0.719790 0.01 0.01
0 1.142269 0.751525 0.01 0.01
0 1.108550 0.757475 0.01 0.01
0 1.088715 0.760451 0.01 0.01
0 1.116484 0.740616 0.01 0.01
0 1.130368 0.723756 0.01 0.01
0 1.166071 0.760451 0.01 0.01
0 1.244418 0.741608 0.01 0.01
0 1.236484 0.800120 0.01 0.01
0 1.247393 0.857641 0.01 0.01
0 1.196814 0.934004 0.01 0.01
0 1.281112 0.861608 0.01 0.01
0 1.296980 0.872517 0.01 0.01
0 1.296980 0.904252 0.01 0.01
0 1.266236 0.899294 0.01 0.01
0 1.243426 0.895327 0.01 0.01
0 1.349542 0.825905 0.01 0.01
0 1.373343 0.599790 0.01 0.01
0 1.378302 0.619624 0.01 0.01
0 1.316814 0.620616 0.01 0.01
0 1.332682 0.558137 0.01 0.01
0 1.329707 0.584913 0.01 0.01
0 1.305905 0.583922 0.01 0.01
0 1.315823 0.563095 0.01 0.01
0 1.286071 0.576980 0.01 0.01
0 1.259294 0.603756 0.01 0.01
0 1.238467 0.634500 0.01 0.01
0 1.219624 0.627558 0.01 0.01
0 1.120451 0.679128 0.01 0.01
0 1.106566 0.661277 0.01 0.01
0 1.168054 0.715823 0.01 0.01
0 1.251360 0.706897 0.01 0.01
0 1.220616 0.647393 0.01 0.01
0 1.224583 0.664252 0.01 0.01
0 1.306897 0.651360 0.01 0.01
0 1.279128 0.611690 0.01 0.01
0 1.401112 0.633509 0.01 0.01
0 1.393178 0.642434 0.01 0.01
0 1.359459 0.636484 0.01 0.01
0 1.348550 0.613674 0.01 0.01
0 1.348550 0.580947 0.01 0.01
0 1.334666 0.666236 0.01 0.01
0 1.323756 0.651360 0.01 0.01
0 1.372351 0.692021 0.01 0.01
0 1.339624 0.692021 0.01 0.01
0 1.306897 0.732682 0.01 0.01
0 1.277145 0.628550 0.01 0.01
0 1.274170 0.685079 0.01 0.01
0 1.292021 0.658302 0.01 0.01
0 1.120451 0.800120 0.01 0.01
0 1.086732 0.652351 0.01 0.01
0 1.085740 0.667228 0.01 0.01
0 1.071856 0.706897 0.01 0.01
0 1.180947 0.654335 0.01 0.01
0 1.164087 0.640451 0.01 0.01
0 1.142269 0.625575 0.01 0.01
0 1.137310 0.646401 0.01 0.01
0 1.151194 0.665244 0.01 0.01
0 1.206732 0.602765 0.01 0.01
0 1.175988 0.602765 0.01 0.01
0 1.226566 0.554170 0.01 0.01
0 1.201773 0.533343 0.01 0.01
0 1.214666 0.522434 0.01 0.01
0 1.177971 0.513509 0.01 0.01
0 1.225575 0.490699 0.01 0.01
0 1.273178 0.511525 0.01 0.01
0 1.269211 0.482765 0.01 0.01
0 1.222599 0.574004 0.01 0.01
0 1.244418 0.574996 0.01 0.01
0 1.221608 0.604748 0.01 0.01
0 1.242434 0.603756 0.01 0.01
0 1.184913 0.561112 0.01 0.01
0 1.177971 0.581938 0.01 0.01
0 1.129376 0.604748 0.01 0.01
0 1.104583 0.606732 0.01 0.01
0 1.080781 0.606732 0.01 0.01
0 1.105575 0.563095 0.01 0.01
0 1.108550 0.528385 0.01 0.01
0 1.091690 0.552186 0.01 0.01
0 1.084748 0.578963 0.01 0.01
0 1.068880 0.584913 0.01 0.01
0 1.124418 0.515492 0.01 0.01
0 1.157145 0.491690 0.01 0.01
0 1.146236 0.516484 0.01 0.01
0 1.108550 0.498632 0.01 0.01
0 1.093674 0.523426 0.01 0.01
0 1.312847 0.518467 0.01 0.01
0 1.326732 0.504583 0.01 0.01
0 1.310864 0.482765 0.01 0.01
0 1.302930 0.497641 0.01 0.01
0 1.342599 0.499624 0.01 0.01
0 1.349542 0.478798 0.01 0.01
0 1.401112 0.481773 0.01 0.01
0 1.381277 0.484748 0.01 0.01
0 1.384252 0.506566 0.01 0.01
0 1.368385 0.508550 0.01 0.01
0 1.357475 0.515492 0.01 0.01
0 1.363426 0.529376 0.01 0.01
0 1.377310 0.523426 0.01 0.01
0 1.396153 0.538302 0.01 0.01
0 1.383261 0.573013 0.01 0.01
0 1.400120 0.589872 0.01 0.01
0 1.424913 0.546236 0.01 0.01
0 1.426897 0.574004 0.01 0.01
0 1.423922 0.614666 0.01 0.01
0 1.431856 0.597806 0.01 0.01
0 1.445740 0.590864 0.01 0.01
0 1.440781 0.515492 0.01 0.01
0 1.456649 0.526401 0.01 0.01
0 1.458632 0.546236 0.01 0.01
0 1.472517 0.505575 0.01 0.01
0 1.447723 0.487723 0.01 0.01
0 1.490368 0.484748 0.01 0.01
0 1.469542 0.489707 0.01 0.01
0 1.410037 0.506566 0.01 0.01
0 1.227558 0.782269 0.01 0.01
0 1.224583 0.766401 0.01 0.01
0 1.211690 0.779294 0.01 0.01
0 1.150203 0.796153 0.01 0.01
0 1.143261 0.781277 0.01 0.01
0 1.170037 0.784252 0.01 0.01
0 1.174004 0.815988 0.01 0.01
0 1.118467 0.922104 0.01 0.01
0 1.068880 0.943922 0.01 0.01
0 1.024252 0.926071 0.01 0.01
0 0.849707 0.653343 0.01 0.01
0 0.878467 0.628550 0.01 0.01
0 0.898302 0.629542 0.01 0.01
0 0.835823 0.685079 0.01 0.01
0 0.808054 0.694996 0.01 0.01
0 0.832847 0.744583 0.01 0.01
0 0.834831 0.717806 0.01 0.01
0 0.856649 0.692021 0.01 0.01
0 0.883426 0.669211 0.01 0.01
0 0.905244 0.661277 0.01 0.01
0 0.923095 0.653343 0.01 0.01
0 0.893343 0.609707 0.01 0.01
0 0.902269 0.601773 0.01 0.01
0 0.970699 0.662269 0.01 0.01
0 0.966732 0.681112 0.01 0.01
0 0.942930 0.670203 0.01 0.01
0 1.021277 0.675161 0.01 0.01
0 1.004418 0.696980 0.01 0.01
0 1.045079 0.582930 0.01 0.01
0 1.017310 0.607723 0.01 0.01
0 1.032186 0.597806 0.01 0.01
0 1.012351 0.661277 0.01 0.01
0 1.033178 0.618632 0.01 0.01
0 1.077806 0.544252 0.01 0.01
0 1.050037 0.538302 0.01 0.01
0 1.091690 0.501608 0.01 0.01
0 1.119459 0.555161 0.01 0.01
0 1.139294 0.580947 0.01 0.01
0 1.145244 0.534335 0.01 0.01
0 1.174996 0.540285 0.01 0.01
0 1.148219 0.560120 0.01 0.01
0 1.043095 0.482765 0.01 0.01
0 1.148219 0.473839 0.01 0.01
0 1.162104 0.466897 0.01 0.01
0 1.186897 0.468880 0.01 0.01
0 1.174004 0.479790 0.01 0.01
0 1.213674 0.471856 0.01 0.01
0 1.249376 0.498632 0.01 0.01
0 0.974666 0.512517 0.01 0.01
0 1.013343 0.573013 0.01 0.01
0 0.990533 0.583922 0.01 0.01
0 0.981608 0.622599 0.01 0.01
0 0.952847 0.625575 0.01 0.01
0 1.048054 0.651360 0.01 0.01
0 1.080781 0.626566 0.01 0.01
0 1.105575 0.631525 0.01 0.01
0 1.121442 0.631525 0.01 0.01
0 1.065905 0.658302 0.01 0.01
0 0.942930 0.601773 0.01 0.01
0 0.917145 0.602765 0.01 0.01
0 0.859624 0.600781 0.01 0.01
0 0.868550 0.552186 0.01 0.01
0 0.885409 0.550203 0.01 0.01
0 0.858632 0.538302 0.01 0.01
0 0.934004 0.553178 0.01 0.01
0 0.905244 0.560120 0.01 0.01
0 0.913178 0.516484 0.01 0.01
0 0.899294 0.504583 0.01 0.01
0 0.938963 0.514500 0.01 0.01
0 0.814996 0.596814 0.01 0.01
0 0.833839 0.621608 0.01 0.01
0 0.809046 0.610699 0.01 0.01
0 0.807062 0.643426 0.01 0.01
0 0.817971 0.634500 0.01 0.01
0 0.834831 0.658302 0.01 0.01
0 0.855657 0.824913 0.01 0.01
0 0.828880 0.825905 0.01 0.01
0 0.855657 0.794170 0.01 0.01
0 0.870533 0.807062 0.01 0.01
0 0.890368 0.806071 0.01 0.01
0 0.888385 0.842765 0.01 0.01
0 0.819955 0.802104 0.01 0.01
0 0.941938 0.832847 0.01 0.01
0 0.941938 0.809046 0.01 0.01
0 0.913178 0.809046 0.01 0.01
0 1.262269 0.729707 0.01 0.01
0 1.265244 0.706897 0.01 0.01
0 1.285079 0.722765 0.01 0.01
0 1.090699 0.682104 0.01 0.01
0 0.951856 0.534335 0.01 0.01
0 0.962765 0.571029 0.01 0.01
0 0.912186 0.582930 0.01 0.01
0 0.764087 0.688054 0.01 0.01
0 0.719459 0.692021 0.01 0.01
0 0.676814 0.686071 0.01 0.01
0 0.776980 0.653343 0.01 0.01
0 0.668235 0.721525 0.01 0.01
0 0.648803 0.710043 0.01 0.01
0 0.623188 0.695027 0.01 0.01
0 0.599340 0.688844 0.01 0.01
0 0.602873 0.672946 0.01 0.01
0 0.584325 0.707393 0.01 0.01
0 0.567543 0.720642 0.01 0.01
0 0.675301 0.662346 0.01 0.01
0 0.664702 0.645564 0.01 0.01
0 0.720347 0.627016 0.01 0.01
0 0.689433 0.596985 0.01 0.01
0 0.739779 0.657930 0.01 0.01
0 0.755678 0.637615 0.01 0.01
0 0.847537 0.549288 0.01 0.01
0 0.797191 0.569604 0.01 0.01
0 0.757444 0.566071 0.01 0.01
0 0.803374 0.498942 0.01 0.01
0 0.813090 0.526324 0.01 0.01
0 0.844004 0.494526 0.01 0.01
0 0.817506 0.488343 0.01 0.01
0 0.879335 0.455662 0.01 0.01
0 0.904950 0.453896 0.01 0.01
0 0.933214 0.472444 0.01 0.01
0 1.000342 0.383235 0.01 0.01
0 0.963245 0.392951 0.01 0.01
0 0.950879 0.387651 0.01 0.01
0 0.936747 0.392067 0.01 0.01
0 0.908483 0.400017 0.01 0.01
0 0.938514 0.448596 0.01 0.01
0 0.957946 0.435347 0.01 0.01
0 0.970311 0.422982 0.01 0.01
0 0.978261 0.411499 0.01 0.01
0 0.959712 0.506892 0.01 0.01
0 0.966778 0.490110 0.01 0.01
0 0.980027 0.470678 0.01 0.01
0 0.995043 0.470678 0.01 0.01
0 0.982677 0.543106 0.01 0.01
0 0.946463 0.329356 0.01 0.01
0 0.963245 0.312574 0.01 0.01
0 0.970311 0.347904 0.01 0.01
0 0.889934 0.398250 0.01 0.01
0 0.869619 0.400900 0.01 0.01
0 0.881101 0.382351 0.01 0.01
0 0.854604 0.404433 0.01 0.01
0 0.850187 0.428281 0.01 0.01
0 0.835172 0.415032 0.01 0.01
0 0.992393 0.295792 0.01 0.01
0 0.922615 0.299325 0.01 0.01
0 0.896117 0.315223 0.01 0.01
0 0.932331 0.309041 0.01 0.01
0 0.894350 0.341721 0.01 0.01
0 0.870502 0.334655 0.01 0.01
0 0.864319 0.313457 0.01 0.01
0 0.850187 0.336422 0.01 0.01
0 0.857253 0.378818 0.01 0.01
0 0.837822 0.389418 0.01 0.01
0 0.822806 0.362920 0.01 0.01
0 0.791009 0.369103 0.01 0.01
0 0.798075 0.347904 0.01 0.01
0 0.811324 0.336422 0.01 0.01
0 0.807791 0.314340 0.01 0.01
0 0.827222 0.327589 0.01 0.01
0 0.826339 0.342605 0.01 0.01
0 0.783059 0.442413 0.01 0.01
0 0.768044 0.456546 0.01 0.01
0 0.786592 0.468911 0.01 0.01
0 0.806024 0.449480 0.01 0.01
0 0.758328 0.479511 0.01 0.01
0 0.778643 0.488343 0.01 0.01
0 0.750378 0.407966 0.01 0.01
0 0.731830 0.421215 0.01 0.01
0 0.755678 0.425631 0.01 0.01
0 0.780409 0.404433 0.01 0.01
0 0.796308 0.422982 0.01 0.01
0 0.727413 0.528973 0.01 0.01
0 0.714165 0.551055 0.01 0.01
0 0.731830 0.601401 0.01 0.01
0 0.748612 0.617300 0.01 0.01
0 0.771577 0.624366 0.01 0.01
0 0.795425 0.590802 0.01 0.01
0 0.631138 0.527207 0.01 0.01
0 0.571959 0.581969 0.01 0.01
0 0.556943 0.566071 0.01 0.01
0 0.506597 0.574020 0.01 0.01
0 0.473033 0.581969 0.01 0.01
0 0.516313 0.589035 0.01 0.01
0 0.496881 0.596101 0.01 0.01
0 0.395306 0.626132 0.01 0.01
0 0.405905 0.693261 0.01 0.01
0 0.413855 0.670296 0.01 0.01
0 0.446535 0.624366 0.01 0.01
0 0.373224 0.630549 0.01 0.01
0 0.455368 0.630549 0.01 0.01
0 0.373224 0.599635 0.01 0.01
0 0.390890 0.599635 0.01 0.01
0 0.414738 0.602284 0.01 0.01
0 0.419154 0.575786 0.01 0.01
0 0.444769 0.578436 0.01 0.01
0 0.444769 0.593452 0.01 0.01
0 0.582558 0.626132 0.01 0.01
0 0.609056 0.618183 0.01 0.01
0 0.626721 0.590802 0.01 0.01
0 0.634671 0.619950 0.01 0.01
0 0.596690 0.597868 0.01 0.01
0 0.531329 0.659697 0.01 0.01
0 0.601107 0.526324 0.01 0.01
0 0.677951 0.515724 0.01 0.01
0 0.661169 0.506892 0.01 0.01
0 0.641737 0.508658 0.01 0.01
0 0.671768 0.587269 0.01 0.01
0 0.686783 0.572253 0.01 0.01
0 0.704449 0.496293 0.01 0.01
0 0.723880 0.478627 0.01 0.01
0 0.706215 0.481277 0.01 0.01
0 0.706215 0.443297 0.01 0.01
0 0.715931 0.453896 0.01 0.01
0 0.702682 0.465378 0.01 0.01
0 0.690316 0.453013 0.01 0.01
0 0.650569 0.481277 0.01 0.01
0 0.603756 0.491876 0.01 0.01
0 0.615239 0.507775 0.01 0.01
0 0.587858 0.512191 0.01 0.01
0 0.577259 0.488343 0.01 0.01
0 0.571076 0.507775 0.01 0.01
0 0.552527 0.499826 0.01 0.01
0 0.544578 0.484810 0.01 0.01
0 0.518080 0.482160 0.01 0.01
0 0.529562 0.513075 0.01 0.01
0 0.531329 0.535156 0.01 0.01
0 0.507481 0.518374 0.01 0.01
0 0.512780 0.551938 0.01 0.01
0 0.473033 0.551938 0.01 0.01
0 0.454485 0.541339 0.01 0.01
0 0.484516 0.528973 0.01 0.01
0 0.484516 0.508658 0.01 0.01
0 0.452718 0.506009 0.01 0.01
0 0.465967 0.469795 0.01 0.01
0 0.416504 0.540456 0.01 0.01
0 0.384707 0.503359 0.01 0.01
0 0.361742 0.499826 0.01 0.01
0 0.484516 0.469795 0.01 0.01
0 0.571959 0.416799 0.01 0.01
0 0.581675 0.469795 0.01 0.01
0 0.568426 0.453013 0.01 0.01
0 0.594924 0.446830 0.01 0.01
0 0.609056 0.456546 0.01 0.01
0 0.579025 0.429165 0.01 0.01
0 0.556943 0.439764 0.01 0.01
0 0.636437 0.452129 0.01 0.01
0 0.630254 0.502475 0.01 0.01
0 0.577259 0.542222 0.01 0.01
0 0.553410 0.549288 0.01 0.01
0 0.760094 0.539573 0.01 0.01
0 0.774226 0.382351 0.01 0.01
0 0.798075 0.385885 0.01 0.01
0 0.737129 0.364686 0.01 0.01
0 0.751262 0.331122 0.01 0.01
0 0.739779 0.339955 0.01 0.01
0 0.731830 0.324056 0.01 0.01
0 0.779526 0.295792 0.01 0.01
0 0.746845 0.279010 0.01 0.01
0 0.757444 0.283426 0.01 0.01
0 0.731830 0.277243 0.01 0.01
0 0.807791 0.294025 0.01 0.01
0 0.829872 0.292259 0.01 0.01
0 0.842238 0.293142 0.01 0.01
0 0.877568 0.302858 0.01 0.01
0 0.958829 0.265761 0.01 0.01
0 0.934097 0.268410 0.01 0.01
0 0.876685 0.725941 0.01 0.01
0 0.666468 0.383235 0.01 0.01
0 0.658519 0.377052 0.01 0.01
0 0.633787 0.379702 0.01 0.01
0 0.711515 0.348787 0.01 0.01
0 0.717698 0.308157 0.01 0.01
0 0.665585 0.295792 0.01 0.01
0 0.683250 0.298441 0.01 0.01
0 0.680600 0.326706 0.01 0.01
0 0.702682 0.285192 0.01 0.01
0 0.647920 0.286076 0.01 0.01
0 0.628488 0.309041 0.01 0.01
0 0.651453 0.265761 0.01 0.01
0 0.617005 0.299325 0.01 0.01
0 0.613472 0.322290 0.01 0.01
0 0.557827 0.329356 0.01 0.01
0 0.503064 0.468911 0.01 0.01
0 0.524263 0.461845 0.01 0.01
0 0.526029 0.437114 0.01 0.01
0 0.487166 0.422982 0.01 0.01
0 0.370575 0.548405 0.01 0.01
0 0.429753 0.467145 0.01 0.01
0 0.414738 0.470678 0.01 0.01
0 0.365275 0.452129 0.01 0.01
0 0.377641 0.454779 0.01 0.01
0 0.388240 0.453896 0.01 0.01
0 0.404139 0.441530 0.01 0.01
0 0.417388 0.427398 0.01 0.01
0 0.426220 0.407083 0.01 0.01
0 0.440353 0.397367 0.01 0.01
0 0.465967 0.415032 0.01 0.01
0 0.464201 0.427398 0.01 0.01
0 0.442119 0.427398 0.01 0.01
0 0.394423 0.405316 0.01 0.01
0 0.388240 0.377052 0.01 0.01
0 0.357326 0.385885 0.01 0.01
0 0.403255 0.371752 0.01 0.01
0 0.374108 0.405316 0.01 0.01
0 0.470384 0.364686 0.01 0.01
0 0.503948 0.344371 0.01 0.01
0 0.518080 0.338188 0.01 0.01
0 0.536628 0.343488 0.01 0.01
0 0.506597 0.381468 0.01 0.01
0 0.487166 0.372636 0.01 0.01
0 0.527796 0.394717 0.01 0.01
0 0.548994 0.384118 0.01 0.01
0 0.525146 0.360270 0.01 0.01
0 0.596690 0.392067 0.01 0.01
0 0.612589 0.388534 0.01 0.01
0 0.582558 0.345254 0.01 0.01
0 0.565776 0.291375 0.01 0.01
0 0.582558 0.284309 0.01 0.01
0 0.577259 0.255161 0.01 0.01
0 0.556060 0.253395 0.01 0.01
0 0.621422 0.258694 0.01 0.01
0 0.479216 0.324939 0.01 0.01
0 0.518963 0.309041 0.01 0.01
0 0.465084 0.301974 0.01 0.01
0 0.400606 0.325823 0.01 0.01
0 0.452718 0.311690 0.01 0.01
0 0.438586 0.316107 0.01 0.01
0 0.402372 0.488343 0.01 0.01
0 0.430637 0.494526 0.01 0.01
0 0.711515 0.368219 0.01 0.01
0 0.720347 0.378818 0.01 0.01
0 0.970311 0.362920 0.01 0.01
0 0.919965 0.376169 0.01 0.01
0 0.898767 0.355854 0.01 0.01
0 0.657636 0.445063 0.01 0.01
0 0.673534 0.536040 0.01 0.01
0 0.410322 0.268410 0.01 0.01
0 0.476566 0.269294 0.01 0.01
0 0.458018 0.263111 0.01 0.01
0 0.386473 0.226014 0.01 0.01
0 0.425337 0.240146 0.01 0.01
0 0.432403 0.946757 0.01 0.01
0 0.460668 0.950291 0.01 0.01
0 1.001225 0.415032 0.01 0.01
0 1.068354 0.439764 0.01 0.01
0 1.045389 0.443297 0.01 0.01
0 1.006525 0.445063 0.01 0.01
0 1.038323 0.429165 0.01 0.01
0 1.059521 0.406200 0.01 0.01
0 1.169046 0.409733 0.01 0.01
0 1.170812 0.418565 0.01 0.01
0 1.257372 0.441530 0.01 0.01
0 1.329800 0.406200 0.01 0.01
0 1.338632 0.376169 0.01 0.01
0 1.333333 0.333772 0.01 0.01
0 1.366897 0.330239 0.01 0.01
0 1.407527 0.367336 0.01 0.01
0 1.414593 0.339072 0.01 0.01
0 1.354531 0.374402 0.01 0.01
0 1.370430 0.376169 0.01 0.01
0 1.398694 0.406200 0.01 0.01
0 1.381029 0.407966 0.01 0.01
0 1.386329 0.377935 0.01 0.01
0 1.234407 0.286076 0.01 0.01
0 1.142548 0.271943 0.01 0.01
0 1.004759 0.275476 0.01 0.01
0 1.022424 0.280776 0.01 0.01
0 1.064821 0.286076 0.01 0.01
0 1.149614 0.447713 0.01 0.01
0 1.123999 0.434464 0.01 0.01
0 1.131065 0.411499 0.01 0.01
0 1.106334 0.415916 0.01 0.01
0 1.118700 0.365569 0.01 0.01
0 1.128416 0.380585 0.01 0.01
0 1.143431 0.362920 0.01 0.01
0 1.170812 0.362920 0.01 0.01
0 1.138131 0.351437 0.01 0.01
0 1.154030 0.313457 0.01 0.01
0 1.134598 0.317873 0.01 0.01
0 1.101918 0.332005 0.01 0.01
0 1.066587 0.343488 0.01 0.01
0 1.138131 0.303741 0.01 0.01
0 1.118700 0.302858 0.01 0.01
0 1.101034 0.306391 0.01 0.01
0 1.085136 0.315223 0.01 0.01
0 1.041856 0.322290 0.01 0.01
0 1.024190 0.354087 0.01 0.01
0 0.998576 0.332005 0.01 0.01
0 1.024190 0.332889 0.01 0.01
0 1.024190 0.363803 0.01 0.01
0 1.031256 0.376169 0.01 0.01
0 1.049805 0.391184 0.01 0.01
0 1.086019 0.380585 0.01 0.01
0 1.082486 0.395600 0.01 0.01
0 1.086902 0.415032 0.01 0.01
0 1.082486 0.459196 0.01 0.01
0 1.224691 0.347021 0.01 0.01
0 1.194660 0.352321 0.01 0.01
0 1.218509 0.331122 0.01 0.01
0 1.207909 0.303741 0.01 0.01
0 1.160213 0.096174 0.01 0.01
0 1.430492 0.170368 0.01 0.01
0 1.412827 0.094407 0.01 0.01
0 1.290053 0.465378 0.01 0.01
0 1.275037 0.458312 0.01 0.01
0 1.188478 0.436231 0.01 0.01
0 1.178762 0.458312 0.01 0.01
0 1.212326 0.435347 0.01 0.01
0 1.203493 0.407966 0.01 0.01
0 1.216742 0.395600 0.01 0.01
0 1.199077 0.392951 0.01 0.01
0 1.211442 0.368219 0.01 0.01
0 1.228224 0.373519 0.01 0.01
0 1.252956 0.385001 0.01 0.01
0 1.237940 0.403550 0.01 0.01
0 1.281220 0.414149 0.01 0.01
0 1.260905 0.401783 0.01 0.01
0 1.281220 0.389418 0.01 0.01
0 1.316551 0.376169 0.01 0.01
0 1.305068 0.409733 0.01 0.01
0 1.314784 0.455662 0.01 0.01
0 1.461406 0.462729 0.01 0.01
0 1.482605 0.463612 0.01 0.01
0 1.493204 0.449480 0.01 0.01
0 1.471122 0.449480 0.01 0.01
0 1.502036 0.463612 0.01 0.01
0 1.533834 0.384118 0.01 0.01
0 1.476422 0.389418 0.01 0.01
0 1.434908 0.450363 0.01 0.01
0 1.449924 0.431814 0.01 0.01
0 1.391628 0.462729 0.01 0.01
0 1.368663 0.457429 0.01 0.01
0 1.388095 0.435347 0.01 0.01
0 1.373963 0.430931 0.01 0.01
0 1.438441 0.347021 0.01 0.01
0 1.432259 0.331122 0.01 0.01
0 1.460523 0.327589 0.01 0.01
0 1.421659 0.430048 0.01 0.01
0 1.421659 0.430048 0.01 0.01
0 1.411060 0.400017 0.01 0.01
0 1.429609 0.395600 0.01 0.01
0 1.446391 0.387651 0.01 0.01
0 1.352765 0.427398 0.01 0.01
0 1.472889 0.541339 0.01 0.01
0 1.479955 0.524557 0.01 0.01
0 1.530301 0.416799 0.01 0.01
0 1.311251 0.316990 0.01 0.01
0 1.258255 0.323173 0.01 0.01
0 1.243240 0.331122 0.01 0.01
0 1.296236 0.348787 0.01 0.01
0 1.279454 0.300208 0.01 0.01
0 1.320084 0.286076 0.01 0.01
0 1.226458 0.434464 0.01 0.01
0 1.237057 0.453896 0.01 0.01
0 1.145198 0.146520 0.01 0.01
0 1.554149 0.341721 0.01 0.01
0 1.150497 0.346138 0.01 0.01
0 1.173462 0.339072 0.01 0.01
0 1.294877 0.849598 0.01 0.01
0 1.310776 0.852248 0.01 0.01
0 1.327558 0.816918 0.01 0.01
0 1.315192 0.830167 0.01 0.01
0 1.303710 0.835466 0.01 0.01
0 1.340807 0.859314 0.01 0.01
0 1.366422 0.847832 0.01 0.01
0 1.218033 0.710043 0.01 0.01
0 1.148255 0.691494 0.01 0.01
0 1.161504 0.698560 0.01 0.01
0 1.141189 0.682661 0.01 0.01
0 1.097909 0.721525 0.01 0.01
0 1.104975 0.729474 0.01 0.01
0 1.075828 0.728591 0.01 0.01
0 1.204784 0.687078 0.01 0.01
0 1.289578 0.784237 0.01 0.01
0 0.845885 0.924319 0.01 0.01
0 0.874149 0.924319 0.01 0.01
0 0.870616 0.890755 0.01 0.01
0 0.814087 0.934919 0.01 0.01
0 0.831752 0.933152 0.01 0.01
0 0.789356 0.919020 0.01 0.01
0 0.746959 0.922553 0.01 0.01
0 0.711628 0.929619 0.01 0.01
0 0.672765 0.934919 0.01 0.01
0 0.907713 0.991448 0.01 0.01
0 0.911071 0.880502 0.01 0.01
0 0.890292 0.896486 0.01 0.01
0 0.901481 0.934847 0.01 0.01
0 0.853529 0.976406 0.01 0.01
0 0.869513 0.974807 0.01 0.01
0 0.604178 0.570412 0.01 0.01
0 0.618563 0.562420 0.01 0.01
0 1.037345 0.503279 0.01 0.01
0 0.631351 0.410571 0.01 0.01
0 0.656925 0.413768 0.01 0.01
0 0.680901 0.410571 0.01 0.01
0 0.688893 0.388194 0.01 0.01
0 0.735247 0.396186 0.01 0.01
0 0.711271 0.418563 0.01 0.01
0 0.712869 0.404178 0.01 0.01
0 1.122060 0.963618 0.01 0.01
0 1.083698 1.014767 0.01 0.01
0 1.059722 0.981201 0.01 0.01
0 1.098084 0.944438 0.01 0.01
0 0.871111 0.437744 0.01 0.01
0 0.839143 0.524058 0.01 0.01
0 0.607375 0.345037 0.01 0.01
0 0.570611 0.377005 0.01 0.01
0 0.469912 0.394587 0.01 0.01
0 0.433149 0.372210 0.01 0.01
0 0.450731 0.375407 0.01 0.01
0 0.506675 0.241141 0.01 0.01
0 0.524258 0.271511 0.01 0.01
0 0.503479 0.271511 0.01 0.01
0 0.391590 0.257125 0.01 0.01
0 1.018164 0.295487 0.01 0.01
0 0.887095 0.530452 0.01 0.01
0 0.840741 0.586396 0.01 0.01
0 0.761620 0.784597 0.01 0.01
0 0.744038 0.763019 0.01 0.01
0 0.733648 0.747834 0.01 0.01
0 0.735247 0.727854 0.01 0.01
0 0.691291 0.711071 0.01 0.01
0 0.645736 0.562420 0.01 0.01
0 0.736845 0.580002 0.01 0.01
0 0.716066 0.572010 0.01 0.01
0 0.925457 0.570412 0.01 0.01
0 0.754428 0.712669 0.01 0.01
0 0.797584 0.707874 0.01 0.01
0 1.233948 0.535247 0.01 0.01
0 1.256326 0.551231 0.01 0.01
0 1.261121 0.541640 0.01 0.01
0 1.285097 0.551231 0.01 0.01
0 1.307475 0.532050 0.01 0.01
0 1.291491 0.519263 0.01 0.01
0 1.385796 0.557624 0.01 0.01
0 1.337844 0.460122 0.01 0.01
0 1.363419 0.472909 0.01 0.01
0 1.366615 0.400981 0.01 0.01
0 1.309073 0.394587 0.01 0.01
