0 1.166398 0.739084 0.01 0.01
0 1.016670 0.768485 0.01 0.01
0 1.432913 0.569755 0.01 0.01
0 1.526561 0.517486 0.01 0.01
0 1.483004 0.136361 0.01 0.01
0 1.522205 0.288811 0.01 0.01
0 1.567940 0.232187 0.01 0.01
0 1.472114 0.449973 0.01 0.01
0 1.350154 0.341080 0.01 0.01
0 1.239084 0.360681 0.01 0.01
0 1.300064 0.264855 0.01 0.01
0 1.125835 0.203875 0.01 0.01
0 1.056143 0.397704 0.01 0.01
0 0.992986 0.406416 0.01 0.01
0 0.903693 0.430372 0.01 0.01
0 0.916761 0.304056 0.01 0.01
0 0.688085 0.365036 0.01 0.01
0 0.672840 0.314946 0.01 0.01
0 0.688085 0.243076 0.01 0.01
0 0.716398 0.162496 0.01 0.01
0 0.463766 0.465218 0.01 0.01
0 0.431098 0.402060 0.01 0.01
0 0.922024 0.171751 0.01 0.01
0 0.967759 0.167396 0.01 0.01
0 0.895889 0.098793 0.01 0.01
0 1.552514 0.068303 0.01 0.01
0 1.346706 0.045436 0.01 0.01
0 1.363040 0.026924 0.01 0.01
0 1.396797 0.037813 0.01 0.01
0 1.432731 0.056325 0.01 0.01
0 1.452332 0.049791 0.01 0.01
0 1.486089 0.061770 0.01 0.01
0 1.519846 0.079192 0.01 0.01
0 1.318394 0.034546 0.01 0.01
0 0.394619 0.359047 0.01 0.01
0 0.394619 0.320935 0.01 0.01
0 0.380463 0.285000 0.01 0.01
0 0.391352 0.259955 0.01 0.01
0 0.391352 0.221842 0.01 0.01
0 0.341261 0.206597 0.01 0.01
0 0.390263 0.185908 0.01 0.01
0 0.323839 0.122750 0.01 0.01
0 0.280281 0.134728 0.01 0.01
0 0.253058 0.142350 0.01 0.01
0 0.238902 0.129283 0.01 0.01
0 0.195345 0.109682 0.01 0.01
0 0.397886 0.037813 0.01 0.01
0 0.454510 0.026924 0.01 0.01
0 0.641806 0.152151 0.01 0.01
0 0.574292 0.025835 0.01 0.01
0 0.606960 0.035635 0.01 0.01
0 0.674474 0.018212 0.01 0.01
0 0.750699 0.053058 0.01 0.01
0 0.796434 0.053058 0.01 0.01
0 0.785545 0.012768 0.01 0.01
0 0.102423 0.109682 0.01 0.01
0 0.020753 0.081370 0.01 0.01
0 0.307110 0.003585 0.01 0.01
0 0.198019 0.008037 0.01 0.01
0 0.821395 0.008037 0.01 0.01
0 0.892638 0.010264 0.01 0.01
