0 0.007388 0.665505 0.01 0.01
0 0.393102 0.630440 0.01 0.01
0 0.381414 0.914855 0.01 0.01
0 0.661933 0.858362 0.01 0.01
0 1.446998 0.836933 0.01 0.01
0 1.166479 0.562258 0.01 0.01
0 1.361284 0.340180 0.01 0.01
0 1.232713 0.196024 0.01 0.01
0 0.954141 0.305115 0.01 0.01
0 0.679466 0.301219 0.01 0.01
0 0.671674 0.176544 0.01 0.01
0 0.566479 0.172648 0.01 0.01
0 0.511933 0.133687 0.01 0.01
0 0.305440 0.246674 0.01 0.01
0 0.324920 0.129791 0.01 0.01
0 0.223622 0.332388 0.01 0.01
0 0.013232 0.256414 0.01 0.01
0 0.003492 0.283687 0.01 0.01
0 0.021349 0.075732 0.01 0.01
0 0.034985 0.066966 0.01 0.01
0 0.100245 0.108849 0.01 0.01
0 0.144076 0.094239 0.01 0.01
0 0.161609 0.084498 0.01 0.01
0 0.177193 0.087420 0.01 0.01
0 0.210310 0.057226 0.01 0.01
0 0.228817 0.050407 0.01 0.01
0 0.280440 0.005602 0.01 0.01
0 0.333037 0.026057 0.01 0.01
0 0.327193 0.036771 0.01 0.01
0 0.352518 0.010472 0.01 0.01
0 0.372972 0.009498 0.01 0.01
0 0.392453 0.043589 0.01 0.01
0 0.341804 0.077680 0.01 0.01
0 0.381739 0.075732 0.01 0.01
0 0.389531 0.095213 0.01 0.01
0 0.314531 0.119563 0.01 0.01
0 0.259011 0.145862 0.01 0.01
0 0.244401 0.155602 0.01 0.01
0 0.153492 0.192128 0.01 0.01
0 0.182713 0.186284 0.01 0.01
0 0.089206 0.223297 0.01 0.01
0 0.517778 0.001219 0.01 0.01
0 0.605440 0.038232 0.01 0.01
0 0.669726 0.047972 0.01 0.01
0 0.772972 0.081089 0.01 0.01
0 0.811933 0.018752 0.01 0.01
0 0.790505 0.010959 0.01 0.01
0 0.858687 0.007063 0.01 0.01
0 0.903492 0.020700 0.01 0.01
0 0.956089 0.028492 0.01 0.01
0 1.252193 0.182388 0.01 0.01
0 1.295050 0.073297 0.01 0.01
0 1.415830 0.133687 0.01 0.01
0 1.143102 0.032388 0.01 0.01
0 1.082713 0.086933 0.01 0.01
0 1.295050 0.005115 0.01 0.01
0 1.470375 0.051868 0.01 0.01
0 1.522972 0.053817 0.01 0.01
0 1.575570 0.028492 0.01 0.01
0 1.559985 0.014855 0.01 0.01
0 1.235010 0.906339 0.01 0.01
0 1.377268 0.517927 0.01 0.01
0 1.335710 0.169476 0.01 0.01
0 0.713957 0.129509 0.01 0.01
0 1.105262 0.001416 0.01 0.01
0 1.225663 0.002419 0.01 0.01
0 1.249743 0.051248 0.01 0.01
0 1.343054 0.004426 0.01 0.01
0 1.021984 0.189041 0.01 0.01
0 1.445061 0.080345 0.01 0.01
