0 0.435959 0.914855 0.01 0.01
0 0.564531 0.883687 0.01 0.01
0 0.548946 1.103817 0.01 0.01
0 1.127518 0.669401 0.01 0.01
0 1.199596 0.760959 0.01 0.01
0 1.485959 0.702518 0.01 0.01
0 0.043752 0.590992 0.01 0.01
0 0.050570 0.539368 0.01 0.01
0 0.043752 0.481901 0.01 0.01
0 0.035959 0.450732 0.01 0.01
0 0.007713 0.442940 0.01 0.01
0 0.031089 0.419563 0.01 0.01
0 0.066154 0.404953 0.01 0.01
0 0.061284 0.441966 0.01 0.01
0 0.082713 0.468265 0.01 0.01
0 0.100245 0.428330 0.01 0.01
0 0.137258 0.447810 0.01 0.01
0 0.146024 0.414693 0.01 0.01
0 0.197648 0.541317 0.01 0.01
0 0.153817 0.626057 0.01 0.01
0 0.417778 0.614368 0.01 0.01
0 0.417778 0.559823 0.01 0.01
0 0.458687 0.504304 0.01 0.01
0 0.214206 0.428330 0.01 0.01
0 0.177193 0.405927 0.01 0.01
0 0.229791 0.411771 0.01 0.01
0 0.265830 0.407875 0.01 0.01
0 0.259985 0.418589 0.01 0.01
0 0.293102 0.403979 0.01 0.01
0 0.293102 0.403979 0.01 0.01
0 0.317453 0.403979 0.01 0.01
0 0.355440 0.380602 0.01 0.01
0 0.355440 0.411771 0.01 0.01
0 0.398297 0.443914 0.01 0.01
0 0.397323 0.388394 0.01 0.01
0 0.434336 0.398135 0.01 0.01
0 0.489855 0.399109 0.01 0.01
0 0.466479 0.452680 0.01 0.01
0 0.475245 0.479953 0.01 0.01
0 0.592128 0.473135 0.01 0.01
0 0.553167 0.568589 0.01 0.01
0 0.581414 0.398135 0.01 0.01
0 0.581414 0.398135 0.01 0.01
0 0.518102 0.387420 0.01 0.01
0 0.448946 0.394239 0.01 0.01
0 0.611609 0.394239 0.01 0.01
0 0.659336 0.512096 0.01 0.01
0 0.645700 0.615343 0.01 0.01
0 0.617453 0.626057 0.01 0.01
0 0.746998 0.611446 0.01 0.01
0 0.790830 0.612420 0.01 0.01
0 0.673946 0.477031 0.01 0.01
0 0.675894 0.378654 0.01 0.01
0 0.672972 0.360148 0.01 0.01
0 0.730440 0.371836 0.01 0.01
0 0.758687 0.372810 0.01 0.01
0 0.782063 0.358200 0.01 0.01
0 0.953167 0.429304 0.01 0.01
0 0.810959 0.531576 0.01 0.01
0 0.847972 0.636771 0.01 0.01
0 0.820700 0.359174 0.01 0.01
0 0.833362 0.372810 0.01 0.01
0 0.867453 0.362096 0.01 0.01
0 0.916154 0.341641 0.01 0.01
0 0.936609 0.365992 0.01 0.01
0 0.961933 0.361122 0.01 0.01
0 0.976544 0.341641 0.01 0.01
0 0.989206 0.361122 0.01 0.01
0 1.018427 0.345537 0.01 0.01
0 1.041804 0.367940 0.01 0.01
0 1.047648 0.336771 0.01 0.01
0 1.084661 0.379628 0.01 0.01
0 1.097323 0.403005 0.01 0.01
0 1.105115 0.345537 0.01 0.01
0 1.138232 0.350407 0.01 0.01
0 1.161609 0.386446 0.01 0.01
0 1.161609 0.386446 0.01 0.01
0 1.204466 0.359174 0.01 0.01
0 1.170375 0.354304 0.01 0.01
0 1.170375 0.354304 0.01 0.01
0 1.183037 0.345537 0.01 0.01
0 1.225894 0.328005 0.01 0.01
0 1.250245 0.340667 0.01 0.01
0 1.275570 0.332875 0.01 0.01
0 1.302843 0.338719 0.01 0.01
0 1.268752 0.367940 0.01 0.01
0 1.255115 0.402031 0.01 0.01
0 1.309661 0.396187 0.01 0.01
0 1.146024 0.522810 0.01 0.01
0 1.371998 0.483849 0.01 0.01
0 1.335959 0.454628 0.01 0.01
0 1.350570 0.400083 0.01 0.01
0 1.350570 0.400083 0.01 0.01
0 1.362258 0.345537 0.01 0.01
0 1.351544 0.325083 0.01 0.01
0 1.333037 0.322161 0.01 0.01
0 1.401219 0.324109 0.01 0.01
0 1.432388 0.340667 0.01 0.01
0 1.406089 0.367940 0.01 0.01
0 1.406089 0.367940 0.01 0.01
0 1.428492 0.372810 0.01 0.01
0 1.428492 0.372810 0.01 0.01
0 1.412907 0.512096 0.01 0.01
0 1.412907 0.512096 0.01 0.01
0 1.471998 0.422485 0.01 0.01
0 1.510959 0.372810 0.01 0.01
0 1.471998 0.331901 0.01 0.01
0 1.478817 0.308524 0.01 0.01
0 1.522648 0.307550 0.01 0.01
0 1.550894 0.372810 0.01 0.01
0 1.585959 0.316317 0.01 0.01
0 1.564531 0.295862 0.01 0.01
0 1.556739 0.315343 0.01 0.01
0 0.659586 1.182862 0.01 0.01
0 0.729915 0.989456 0.01 0.01
0 1.523991 0.351416 0.01 0.01
