0 0.022750 0.781007 0.01 0.01
0 0.120753 0.497886 0.01 0.01
0 0.266670 0.515309 0.01 0.01
0 0.131643 0.454329 0.01 0.01
0 0.170844 0.417305 0.01 0.01
0 0.142532 0.325835 0.01 0.01
0 0.159955 0.077559 0.01 0.01
0 0.183911 0.088448 0.01 0.01
0 0.188267 0.010045 0.01 0.01
0 0.284093 0.038358 0.01 0.01
0 0.277559 0.382459 0.01 0.01
0 0.347251 0.382459 0.01 0.01
0 0.689174 0.887722 0.01 0.01
0 0.902604 1.007505 0.01 0.01
0 1.185726 0.926924 0.01 0.01
0 1.194437 0.534909 0.01 0.01
0 0.978829 0.637269 0.01 0.01
0 0.896071 0.534909 0.01 0.01
0 0.684819 0.452151 0.01 0.01
0 0.702241 0.382459 0.01 0.01
0 0.826379 0.367214 0.01 0.01
0 1.033276 0.397704 0.01 0.01
0 1.105145 0.373748 0.01 0.01
0 1.564673 0.025290 0.01 0.01
0 1.425290 0.038358 0.01 0.01
0 1.447069 0.094982 0.01 0.01
0 1.335998 0.064492 0.01 0.01
0 1.144347 0.057958 0.01 0.01
0 1.063766 0.123294 0.01 0.01
0 0.957051 0.123294 0.01 0.01
0 0.856869 0.040535 0.01 0.01
0 0.673929 0.016579 0.01 0.01
0 0.713131 0.084093 0.01 0.01
0 0.758866 0.103693 0.01 0.01
0 0.721842 0.262677 0.01 0.01
0 0.551969 0.149428 0.01 0.01
0 0.560681 0.114583 0.01 0.01
0 0.506234 0.084093 0.01 0.01
0 0.226419 0.000045 0.01 0.01
0 0.231214 0.022423 0.01 0.01
0 0.025020 0.027218 0.01 0.01
0 0.394894 0.015295 0.01 0.01
0 0.422988 0.098238 0.01 0.01
0 0.317302 0.135028 0.01 0.01
0 0.329342 0.144392 0.01 0.01
0 0.348071 0.177837 0.01 0.01
0 0.102586 0.285529 0.01 0.01
0 0.480513 0.338372 0.01 0.01
0 0.579509 0.172486 0.01 0.01
0 0.934024 0.324660 0.01 0.01
0 1.420981 0.162118 0.01 0.01
