0 0.133578 0.486912 0.01 0.01
0 0.145430 0.359504 0.01 0.01
0 0.154319 0.258764 0.01 0.01
0 0.305430 0.258764 0.01 0.01
0 0.388393 0.383208 0.01 0.01
0 0.431356 0.359504 0.01 0.01
0 0.698023 0.300245 0.01 0.01
0 0.646171 0.254319 0.01 0.01
0 0.992838 0.298764 0.01 0.01
0 1.059504 0.251356 0.01 0.01
0 0.924690 0.235060 0.01 0.01
0 0.964690 0.229134 0.01 0.01
0 0.218764 0.175430 0.01 0.01
0 0.186171 0.165801 0.01 0.01
0 0.086912 0.185060 0.01 0.01
0 0.255801 0.168764 0.01 0.01
0 0.286171 0.122097 0.01 0.01
0 0.005615 0.035338 0.01 0.01
0 0.099134 0.026634 0.01 0.01
0 0.011634 0.010824 0.01 0.01
0 0.033254 0.007629 0.01 0.01
0 0.495060 0.095245 0.01 0.01
0 0.693578 0.153393 0.01 0.01
0 0.763578 0.179319 0.01 0.01
0 0.836541 0.118949 0.01 0.01
0 1.009875 0.110245 0.01 0.01
0 1.051356 0.110986 0.01 0.01
0 1.283208 0.141356 0.01 0.01
0 1.076912 0.054504 0.01 0.01
0 1.295430 0.086727 0.01 0.01
0 1.197097 0.044782 0.01 0.01
0 1.343208 0.051078 0.01 0.01
0 1.338995 0.008926 0.01 0.01
0 1.452282 0.042190 0.01 0.01
0 1.406773 0.008046 0.01 0.01
0 1.568949 0.030708 0.01 0.01
0 0.868764 0.043856 0.01 0.01
0 1.022004 0.019180 0.01 0.01
0 0.818578 0.013440 0.01 0.01
0 0.848856 0.015014 0.01 0.01
0 0.857930 0.013995 0.01 0.01
0 0.350986 0.044412 0.01 0.01
0 0.412838 0.037190 0.01 0.01
0 0.466912 0.050060 0.01 0.01
0 0.443856 0.018347 0.01 0.01
0 0.438764 0.053347 0.01 0.01
0 0.471217 0.006796 0.01 0.01
0 0.388578 0.015199 0.01 0.01
0 0.175060 0.221171 0.01 0.01
0 1.097235 0.203924 0.01 0.01
0 1.160111 0.194559 0.01 0.01
0 0.372486 0.004426 0.01 0.01
0 0.428339 0.001750 0.01 0.01
0 1.249409 0.039543 0.01 0.01
0 1.442720 0.105763 0.01 0.01
