0 0.516759 1.085337 0.01 0.01
0 0.776851 0.801851 0.01 0.01
0 0.680520 0.738548 0.01 0.01
0 1.034190 0.676621 0.01 0.01
0 0.863548 0.510107 0.01 0.01
0 0.863548 0.343594 0.01 0.01
0 0.903456 0.333961 0.01 0.01
0 0.932355 0.346346 0.01 0.01
0 0.877309 0.300933 0.01 0.01
0 0.902080 0.255520 0.01 0.01
0 0.827768 0.208731 0.01 0.01
0 0.826392 0.160566 0.01 0.01
0 0.862172 0.188089 0.01 0.01
0 1.053456 0.265153 0.01 0.01
0 1.111254 0.284419 0.01 0.01
0 1.137401 0.310566 0.01 0.01
0 1.211713 0.317447 0.01 0.01
0 1.232355 0.400016 0.01 0.01
0 1.383731 0.237630 0.01 0.01
0 1.507585 0.201851 0.01 0.01
0 1.562630 0.208731 0.01 0.01
0 1.166300 0.168823 0.01 0.01
0 0.490612 0.332585 0.01 0.01
0 0.191988 0.255520 0.01 0.01
0 0.124557 0.250016 0.01 0.01
0 0.131438 0.211484 0.01 0.01
0 0.075016 0.211484 0.01 0.01
0 0.026851 0.284419 0.01 0.01
0 0.099786 0.227997 0.01 0.01
0 0.123296 0.167963 0.01 0.01
0 0.084419 0.039293 0.01 0.01
0 0.116415 0.030692 0.01 0.01
0 0.163204 0.152137 0.01 0.01
0 0.157699 0.161770 0.01 0.01
0 0.220658 0.155578 0.01 0.01
0 0.249901 0.165211 0.01 0.01
0 0.335910 0.167963 0.01 0.01
0 0.332470 0.092275 0.01 0.01
0 0.305979 0.103628 0.01 0.01
0 0.262286 0.106036 0.01 0.01
0 0.232011 0.106724 0.01 0.01
0 0.362401 0.123582 0.01 0.01
0 0.389580 0.101220 0.01 0.01
0 0.363433 0.069913 0.01 0.01
0 0.340039 0.090555 0.01 0.01
0 0.428456 0.095371 0.01 0.01
0 0.436025 0.080922 0.01 0.01
0 0.619568 0.102682 0.01 0.01
0 0.599958 0.056409 0.01 0.01
0 0.554718 0.071031 0.01 0.01
0 0.540440 0.076707 0.01 0.01
0 0.506724 0.070687 0.01 0.01
0 0.485910 0.070687 0.01 0.01
0 0.471977 0.015469 0.01 0.01
0 0.567103 0.014093 0.01 0.01
0 0.625761 0.145859 0.01 0.01
0 0.685710 0.150116 0.01 0.01
0 0.660165 0.110509 0.01 0.01
0 0.669282 0.084190 0.01 0.01
0 0.712802 0.090727 0.01 0.01
0 0.716587 0.120142 0.01 0.01
0 0.699385 0.077395 0.01 0.01
0 0.701621 0.057613 0.01 0.01
0 0.658617 0.066386 0.01 0.01
0 0.651908 0.049700 0.01 0.01
0 0.685280 0.024414 0.01 0.01
0 0.678055 0.017705 0.01 0.01
0 0.706266 0.034047 0.01 0.01
0 0.731552 0.016673 0.01 0.01
0 0.748926 0.063634 0.01 0.01
0 0.763204 0.064666 0.01 0.01
0 0.720457 0.014394 0.01 0.01
0 0.806552 0.041788 0.01 0.01
0 0.784706 0.049012 0.01 0.01
0 0.787974 0.022693 0.01 0.01
0 0.819626 0.024242 0.01 0.01
0 0.793995 0.019597 0.01 0.01
0 0.800532 0.014093 0.01 0.01
0 0.831323 0.115755 0.01 0.01
0 0.606495 0.085996 0.01 0.01
0 0.835796 0.021833 0.01 0.01
0 0.699385 0.081696 0.01 0.01
0 0.837344 0.035939 0.01 0.01
0 0.845773 0.041099 0.01 0.01
0 0.851965 0.023210 0.01 0.01
0 0.874500 0.023038 0.01 0.01
0 0.867619 0.045056 0.01 0.01
0 0.878284 0.056925 0.01 0.01
0 0.894626 0.078255 0.01 0.01
0 0.870887 0.107843 0.01 0.01
0 0.896346 0.127797 0.01 0.01
0 0.926105 0.077051 0.01 0.01
0 0.898754 0.029402 0.01 0.01
0 0.904603 0.044196 0.01 0.01
0 0.916472 0.052625 0.01 0.01
0 0.921289 0.044196 0.01 0.01
0 0.940125 0.022650 0.01 0.01
0 0.932556 0.017834 0.01 0.01
0 0.955004 0.026091 0.01 0.01
0 0.953112 0.038218 0.01 0.01
0 0.962745 0.038562 0.01 0.01
0 0.966099 0.008373 0.01 0.01
0 0.937157 0.004008 0.01 0.01
0 0.913376 0.004180 0.01 0.01
0 0.945285 0.024930 0.01 0.01
0 0.989494 0.107499 0.01 0.01
0 0.982441 0.097866 0.01 0.01
0 0.979861 0.084620 0.01 0.01
0 0.986398 0.050732 0.01 0.01
0 0.984161 0.037487 0.01 0.01
0 1.004632 0.037831 0.01 0.01
0 1.007728 0.071203 0.01 0.01
0 0.995515 0.055205 0.01 0.01
0 1.025790 0.095801 0.01 0.01
0 1.039723 0.115067 0.01 0.01
0 1.066386 0.147063 0.01 0.01
0 1.084964 0.129861 0.01 0.01
0 1.108875 0.127453 0.01 0.01
0 1.053829 0.090125 0.01 0.01
0 1.072407 0.054173 0.01 0.01
0 1.062258 0.047120 0.01 0.01
0 1.045572 0.026994 0.01 0.01
0 1.036283 0.022521 0.01 0.01
0 1.019081 0.028198 0.01 0.01
0 0.990526 0.029230 0.01 0.01
0 1.079460 0.023382 0.01 0.01
0 1.060538 0.020629 0.01 0.01
0 1.096489 0.056581 0.01 0.01
0 1.102338 0.030434 0.01 0.01
0 1.106810 0.022521 0.01 0.01
0 1.120572 0.023726 0.01 0.01
0 1.119368 0.036455 0.01 0.01
0 1.117476 0.061226 0.01 0.01
0 1.124700 0.059333 0.01 0.01
0 1.089695 0.014738 0.01 0.01
0 1.031466 0.010437 0.01 0.01
0 1.022263 0.015254 0.01 0.01
0 1.154288 0.065827 0.01 0.01
0 1.164523 0.060667 0.01 0.01
0 1.155062 0.052066 0.01 0.01
0 1.163318 0.046045 0.01 0.01
0 1.187057 0.057484 0.01 0.01
0 1.202883 0.039680 0.01 0.01
0 1.218450 0.034735 0.01 0.01
0 1.238749 0.028542 0.01 0.01
0 1.252166 0.022693 0.01 0.01
0 1.213290 0.111627 0.01 0.01
0 1.183015 0.112143 0.01 0.01
0 1.154976 0.123324 0.01 0.01
0 1.035079 0.085824 0.01 0.01
0 1.293450 0.072579 0.01 0.01
0 1.285366 0.056753 0.01 0.01
0 1.264207 0.056409 0.01 0.01
0 1.266788 0.040583 0.01 0.01
0 1.249070 0.053485 0.01 0.01
0 1.266960 0.138290 0.01 0.01
0 1.339723 0.080664 0.01 0.01
0 1.357097 0.071203 0.01 0.01
0 1.340239 0.057441 0.01 0.01
0 1.319081 0.058301 0.01 0.01
0 1.306868 0.049528 0.01 0.01
0 1.327854 0.043680 0.01 0.01
0 1.294138 0.050216 0.01 0.01
0 1.281409 0.046088 0.01 0.01
0 1.262659 0.029058 0.01 0.01
0 1.255004 0.015340 0.01 0.01
0 1.195873 0.005642 0.01 0.01
0 1.182068 0.004352 0.01 0.01
0 1.222364 0.005212 0.01 0.01
0 1.119884 0.173812 0.01 0.01
0 1.478542 0.095629 0.01 0.01
0 1.515526 0.042992 0.01 0.01
0 1.543049 0.041443 0.01 0.01
0 1.582957 0.038691 0.01 0.01
0 1.570056 0.086512 0.01 0.01
0 1.586054 0.080320 0.01 0.01
0 1.555950 0.018909 0.01 0.01
0 1.563347 0.021833 0.01 0.01
0 1.543393 0.015813 0.01 0.01
0 1.485595 0.014093 0.01 0.01
0 1.428485 0.008825 0.01 0.01
0 1.598840 0.178499 0.01 0.01
0 1.585423 0.014996 0.01 0.01
0 1.098181 0.154718 0.01 0.01
0 1.166300 0.138204 0.01 0.01
0 1.516530 0.005406 0.01 0.01
0 1.119511 0.003341 0.01 0.01
0 1.102309 0.006094 0.01 0.01
0 1.013548 0.005406 0.01 0.01
0 1.140153 0.003341 0.01 0.01
0 1.162860 0.004718 0.01 0.01
0 1.043389 0.009860 0.01 0.01
0 0.945061 0.087369 0.01 0.01
0 0.946733 0.103757 0.01 0.01
0 0.924994 0.107436 0.01 0.01
0 1.275496 0.023406 0.01 0.01
0 1.271148 0.052252 0.01 0.01
0 1.199242 0.099743 0.01 0.01
0 1.470145 0.001750 0.01 0.01
0 1.476165 0.003088 0.01 0.01
0 1.444225 0.001332 0.01 0.01
0 1.457101 0.001499 0.01 0.01
0 1.491048 0.001667 0.01 0.01
0 1.510279 0.006683 0.01 0.01
0 1.544727 0.009024 0.01 0.01
