0 0.149667 1.054460 0.01 0.01
0 0.554295 0.820410 0.01 0.01
0 0.992642 0.812477 0.01 0.01
0 0.451154 0.407848 0.01 0.01
0 0.359915 0.334460 0.01 0.01
0 0.010824 0.191650 0.01 0.01
0 0.512642 0.100410 0.01 0.01
0 0.564212 0.062724 0.01 0.01
0 0.643551 0.046857 0.01 0.01
0 0.601898 0.118262 0.01 0.01
0 0.617766 0.015121 0.01 0.01
0 0.736774 0.181733 0.01 0.01
0 1.157270 0.304708 0.01 0.01
0 1.419088 0.683551 0.01 0.01
0 1.440906 0.510989 0.01 0.01
0 1.544047 0.550658 0.01 0.01
0 1.474625 0.322559 0.01 0.01
0 1.145369 0.132146 0.01 0.01
0 1.040245 0.052807 0.01 0.01
0 1.042229 0.009171 0.01 0.01
0 0.859749 0.040906 0.01 0.01
0 0.879584 0.007187 0.01 0.01
0 1.139419 0.007187 0.01 0.01
0 1.278262 0.011154 0.01 0.01
0 1.341733 0.009171 0.01 0.01
0 1.415121 0.092477 0.01 0.01
