0 0.981896 0.982126 0.01 0.01
0 1.100245 0.924328 0.01 0.01
0 1.480062 0.786713 0.01 0.01
0 1.404374 0.693135 0.01 0.01
0 1.335566 0.627080 0.01 0.01
0 1.328685 0.541759 0.01 0.01
0 1.324557 0.510107 0.01 0.01
0 1.396117 0.409649 0.01 0.01
0 1.236484 0.317447 0.01 0.01
0 1.127768 0.313318 0.01 0.01
0 1.047952 0.438548 0.01 0.01
0 0.926851 0.530750 0.01 0.01
0 0.900704 0.516988 0.01 0.01
0 0.969511 0.693135 0.01 0.01
0 0.183731 1.057814 0.01 0.01
0 0.175474 0.818364 0.01 0.01
0 0.136942 0.551392 0.01 0.01
0 0.341988 0.448181 0.01 0.01
0 0.341988 0.317447 0.01 0.01
0 0.047493 0.192218 0.01 0.01
0 0.180979 0.130291 0.01 0.01
0 0.220887 0.266530 0.01 0.01
0 0.339236 0.163318 0.01 0.01
0 0.436942 0.146805 0.01 0.01
0 0.354374 0.236254 0.01 0.01
0 0.457585 0.366988 0.01 0.01
0 0.439695 0.197722 0.01 0.01
0 0.515383 0.197722 0.01 0.01
0 0.533273 0.240383 0.01 0.01
0 0.625474 0.221117 0.01 0.01
0 0.652997 0.201851 0.01 0.01
0 0.743823 0.218364 0.01 0.01
0 0.747952 0.317447 0.01 0.01
0 0.670887 0.365612 0.01 0.01
0 0.736942 0.423410 0.01 0.01
0 0.797493 0.222493 0.01 0.01
0 0.869052 0.159190 0.01 0.01
0 0.935107 0.159190 0.01 0.01
0 1.013548 0.149557 0.01 0.01
0 1.039695 0.155062 0.01 0.01
0 1.097493 0.150933 0.01 0.01
0 1.332814 0.163318 0.01 0.01
0 1.400245 0.163318 0.01 0.01
0 1.469052 0.153685 0.01 0.01
0 1.552997 0.250016 0.01 0.01
0 0.280062 0.076105 0.01 0.01
0 0.293135 0.060280 0.01 0.01
0 0.031667 0.092275 0.01 0.01
0 0.348181 0.055463 0.01 0.01
0 0.184935 0.013448 0.01 0.01
0 0.610681 0.092963 0.01 0.01
0 0.645773 0.098124 0.01 0.01
0 0.659878 0.038605 0.01 0.01
0 0.396518 0.005685 0.01 0.01
0 0.628829 0.023898 0.01 0.01
0 0.754918 0.097866 0.01 0.01
0 0.824242 0.083932 0.01 0.01
0 0.751994 0.008201 0.01 0.01
0 0.881352 0.025790 0.01 0.01
0 0.922980 0.014265 0.01 0.01
0 0.902166 0.080492 0.01 0.01
0 0.919196 0.101306 0.01 0.01
0 0.855506 0.008825 0.01 0.01
0 1.000560 0.058645 0.01 0.01
0 0.968909 0.022521 0.01 0.01
0 0.992132 0.045916 0.01 0.01
0 0.986627 0.059161 0.01 0.01
0 1.006237 0.039379 0.01 0.01
0 1.040813 0.028026 0.01 0.01
0 1.059391 0.023038 0.01 0.01
0 1.061455 0.037487 0.01 0.01
0 1.016902 0.056925 0.01 0.01
0 1.058703 0.072063 0.01 0.01
0 1.090698 0.044196 0.01 0.01
0 1.098095 0.077911 0.01 0.01
0 1.140067 0.095371 0.01 0.01
0 1.105578 0.009921 0.01 0.01
0 1.012688 0.012931 0.01 0.01
0 1.559190 0.180692 0.01 0.01
0 1.328341 0.038605 0.01 0.01
0 1.312516 0.038949 0.01 0.01
0 1.373754 0.027940 0.01 0.01
0 1.384419 0.048238 0.01 0.01
0 1.429144 0.051335 0.01 0.01
0 1.457355 0.042390 0.01 0.01
0 1.489351 0.032068 0.01 0.01
0 1.504488 0.034477 0.01 0.01
0 1.343135 0.014093 0.01 0.01
0 1.386140 0.015297 0.01 0.01
0 1.422780 0.011641 0.01 0.01
0 1.488318 0.013448 0.01 0.01
0 1.474729 0.030262 0.01 0.01
