0 0.517271 0.856214 0.01 0.01
0 0.620597 0.640167 0.01 0.01
0 0.730969 0.607290 0.01 0.01
0 0.869521 0.790460 0.01 0.01
0 0.968151 0.898484 0.01 0.01
0 1.153670 0.656605 0.01 0.01
0 1.057388 0.529795 0.01 0.01
0 1.010421 0.466390 0.01 0.01
0 1.102006 0.393591 0.01 0.01
0 1.148973 0.356018 0.01 0.01
0 1.259345 0.339580 0.01 0.01
0 1.360323 0.410030 0.01 0.01
0 1.550539 0.788112 0.01 0.01
0 0.275392 0.715314 0.01 0.01
0 0.096918 0.839775 0.01 0.01
0 0.120402 0.487525 0.01 0.01
0 0.049952 0.492222 0.01 0.01
0 0.193200 0.339580 0.01 0.01
0 0.120402 0.344276 0.01 0.01
0 0.014727 0.236253 0.01 0.01
0 0.049952 0.158758 0.01 0.01
0 0.404550 0.191635 0.01 0.01
0 0.446820 0.168151 0.01 0.01
0 0.475000 0.201028 0.01 0.01
0 0.505529 0.184590 0.01 0.01
0 0.604159 0.231556 0.01 0.01
0 0.622946 0.269130 0.01 0.01
0 0.665216 0.236253 0.01 0.01
0 0.897701 0.229208 0.01 0.01
0 0.867173 0.198680 0.01 0.01
0 0.890656 0.191635 0.01 0.01
0 0.939971 0.215118 0.01 0.01
0 0.951713 0.184590 0.01 0.01
0 0.984590 0.175196 0.01 0.01
0 0.965803 0.165803 0.01 0.01
0 0.996331 0.208073 0.01 0.01
0 1.057388 0.191635 0.01 0.01
0 1.264042 0.201028 0.01 0.01
0 1.379110 0.149364 0.01 0.01
0 1.386155 0.219815 0.01 0.01
0 1.435470 0.240950 0.01 0.01
0 1.501224 0.219815 0.01 0.01
0 1.524707 0.257388 0.01 0.01
0 1.555235 0.348973 0.01 0.01
0 1.592809 0.332535 0.01 0.01
0 0.085177 0.109443 0.01 0.01
0 0.045255 0.109443 0.01 0.01
0 0.167368 0.123533 0.01 0.01
0 0.216683 0.116488 0.01 0.01
0 0.261302 0.093004 0.01 0.01
0 0.223728 0.041341 0.01 0.01
0 0.186155 0.041341 0.01 0.01
0 0.193200 0.013161 0.01 0.01
0 0.310617 0.062476 0.01 0.01
0 0.305920 0.100049 0.01 0.01
0 0.308269 0.076566 0.01 0.01
0 0.359932 0.076566 0.01 0.01
0 0.381067 0.060128 0.01 0.01
0 0.439775 0.093004 0.01 0.01
0 0.404550 0.102398 0.01 0.01
0 0.446820 0.074218 0.01 0.01
0 0.517271 0.102398 0.01 0.01
0 0.571282 0.109443 0.01 0.01
0 0.594766 0.064824 0.01 0.01
0 0.557192 0.048386 0.01 0.01
0 0.561889 0.024903 0.01 0.01
0 0.655822 0.015509 0.01 0.01
0 0.646429 0.046038 0.01 0.01
0 0.674609 0.050734 0.01 0.01
0 0.686351 0.085959 0.01 0.01
0 0.676957 0.144668 0.01 0.01
0 0.627642 0.083611 0.01 0.01
0 0.629991 0.132926 0.01 0.01
0 0.714531 0.060128 0.01 0.01
0 0.702789 0.041341 0.01 0.01
0 0.698092 0.010813 0.01 0.01
0 0.782633 0.069521 0.01 0.01
0 0.801419 0.102398 0.01 0.01
0 0.789678 0.017858 0.01 0.01
0 0.827251 0.057779 0.01 0.01
0 0.843689 0.046038 0.01 0.01
0 0.841341 0.008464 0.01 0.01
0 0.883611 0.031948 0.01 0.01
0 0.855431 0.102398 0.01 0.01
0 0.848386 0.128229 0.01 0.01
0 0.871869 0.149364 0.01 0.01
0 0.904746 0.118836 0.01 0.01
0 0.916488 0.093004 0.01 0.01
0 0.954061 0.043689 0.01 0.01
0 0.925881 0.034296 0.01 0.01
0 0.935274 0.008464 0.01 0.01
0 0.972848 0.046038 0.01 0.01
0 1.036253 0.031948 0.01 0.01
0 0.979893 0.093004 0.01 0.01
0 1.083220 0.132926 0.01 0.01
0 1.113748 0.132926 0.01 0.01
0 0.841341 0.151713 0.01 0.01
0 1.165411 0.177545 0.01 0.01
0 1.160715 0.144668 0.01 0.01
0 1.202985 0.175196 0.01 0.01
0 1.202985 0.158758 0.01 0.01
0 1.200636 0.107094 0.01 0.01
0 1.163063 0.102398 0.01 0.01
0 1.125490 0.090656 0.01 0.01
0 1.099658 0.027251 0.01 0.01
0 1.062085 0.017858 0.01 0.01
0 1.059736 0.060128 0.01 0.01
0 1.240558 0.041341 0.01 0.01
0 1.249952 0.050734 0.01 0.01
0 1.259345 0.024903 0.01 0.01
0 1.299267 0.024903 0.01 0.01
0 1.329795 0.041341 0.01 0.01
0 1.325098 0.008464 0.01 0.01
0 1.411987 0.053083 0.01 0.01
0 1.362672 0.048386 0.01 0.01
0 1.350930 0.095353 0.01 0.01
0 1.318053 0.078914 0.01 0.01
0 1.271087 0.123533 0.01 0.01
0 1.231165 0.158758 0.01 0.01
0 1.409638 0.125881 0.01 0.01
0 1.409638 0.085959 0.01 0.01
0 1.381458 0.085959 0.01 0.01
0 1.491830 0.083611 0.01 0.01
0 1.543494 0.062476 0.01 0.01
0 1.475392 0.046038 0.01 0.01
0 1.458954 0.041341 0.01 0.01
0 1.494179 0.031948 0.01 0.01
0 1.508269 0.048386 0.01 0.01
0 1.534100 0.017858 0.01 0.01
0 1.538797 0.041341 0.01 0.01
0 1.569325 0.100049 0.01 0.01
0 1.508269 0.135274 0.01 0.01
0 0.142103 0.064081 0.01 0.01
0 0.297947 0.128817 0.01 0.01
0 0.278767 0.142403 0.01 0.01
0 0.531314 0.022523 0.01 0.01
0 0.596049 0.048896 0.01 0.01
0 0.586459 0.040105 0.01 0.01
0 0.711933 0.481264 0.01 0.01
0 0.749096 0.296649 0.01 0.01
0 0.718727 0.030515 0.01 0.01
0 0.622023 0.199146 0.01 0.01
0 0.858587 0.036908 0.01 0.01
0 1.119925 0.052892 0.01 0.01
0 1.108737 0.056888 0.01 0.01
0 1.127917 0.042503 0.01 0.01
0 1.143901 0.067278 0.01 0.01
0 1.097548 0.099246 0.01 0.01
0 1.063981 0.039306 0.01 0.01
0 1.210235 0.076868 0.01 0.01
0 1.188657 0.067278 0.01 0.01
0 1.248597 0.067278 0.01 0.01
0 1.188657 0.058487 0.01 0.01
0 1.315730 0.054491 0.01 0.01
0 1.310135 0.032113 0.01 0.01
0 1.093951 0.013732 0.01 0.01
0 1.154691 0.040105 0.01 0.01
0 1.452793 0.067278 0.01 0.01
0 1.556689 0.047298 0.01 0.01
0 1.524721 0.039306 0.01 0.01
0 1.503941 0.034511 0.01 0.01
0 1.375270 0.023322 0.01 0.01
0 1.594251 0.120825 0.01 0.01
0 1.023622 0.043302 0.01 0.01
0 1.525919 0.084761 0.01 0.01
0 1.557887 0.079965 0.01 0.01
0 1.477568 0.016928 0.01 0.01
0 0.104593 0.034860 0.01 0.01
0 0.129342 0.058272 0.01 0.01
0 0.144392 0.034860 0.01 0.01
0 0.120646 0.005429 0.01 0.01
0 0.134024 0.002753 0.01 0.01
0 0.051081 0.001416 0.01 0.01
0 0.026332 0.058272 0.01 0.01
0 0.055095 0.027168 0.01 0.01
0 0.030345 0.022486 0.01 0.01
0 0.009944 0.181014 0.01 0.01
0 0.121984 0.179342 0.01 0.01
0 0.328673 0.176667 0.01 0.01
0 0.317636 0.155596 0.01 0.01
0 0.285864 0.297570 0.01 0.01
0 0.336700 0.290881 0.01 0.01
0 0.332018 0.355763 0.01 0.01
0 0.486533 0.388539 0.01 0.01
0 0.137369 0.432352 0.01 0.01
0 0.231850 0.027419 0.01 0.01
0 0.237536 0.017553 0.01 0.01
0 0.267636 0.007687 0.01 0.01
0 0.279677 0.029927 0.01 0.01
0 0.287202 0.024576 0.01 0.01
0 0.221817 0.021566 0.01 0.01
0 0.190881 0.058272 0.01 0.01
0 0.340379 0.013790 0.01 0.01
0 0.351750 0.049911 0.01 0.01
0 0.433355 0.052252 0.01 0.01
0 0.431683 0.074994 0.01 0.01
0 0.444058 0.034860 0.01 0.01
0 0.457436 0.049911 0.01 0.01
0 0.480513 0.064626 0.01 0.01
0 0.487202 0.070312 0.01 0.01
0 0.511282 0.052921 0.01 0.01
0 0.542386 0.066299 0.01 0.01
0 0.475161 0.024493 0.01 0.01
0 0.516968 0.023155 0.01 0.01
0 0.478172 0.005429 0.01 0.01
0 0.459442 0.016131 0.01 0.01
0 0.512954 0.001081 0.01 0.01
0 0.410947 0.034192 0.01 0.01
0 0.420312 0.037202 0.01 0.01
0 0.395897 0.019476 0.01 0.01
0 0.390546 0.091717 0.01 0.01
0 0.579509 0.077001 0.01 0.01
0 0.565462 0.079342 0.01 0.01
0 0.615295 0.027837 0.01 0.01
0 0.616633 0.008439 0.01 0.01
0 0.575496 0.026834 0.01 0.01
0 0.659108 0.003422 0.01 0.01
0 0.758105 0.006767 0.01 0.01
0 0.768473 0.045563 0.01 0.01
0 0.718974 0.079677 0.01 0.01
0 0.655095 0.072653 0.01 0.01
0 0.677503 0.066299 0.01 0.01
0 0.823322 0.031850 0.01 0.01
0 0.717302 0.116800 0.01 0.01
0 0.812954 0.261449 0.01 0.01
0 1.265128 0.429008 0.01 0.01
0 1.242051 0.134860 0.01 0.01
0 1.317636 0.133523 0.01 0.01
0 1.286198 0.142887 0.01 0.01
0 1.420312 0.168473 0.01 0.01
0 1.447068 0.126332 0.01 0.01
0 1.463790 0.456767 0.01 0.01
0 1.452085 0.091215 0.01 0.01
0 1.342386 0.079509 0.01 0.01
0 1.285864 0.042051 0.01 0.01
0 1.196064 0.019559 0.01 0.01
0 1.205763 0.041800 0.01 0.01
0 1.219810 0.011365 0.01 0.01
0 1.231516 0.025914 0.01 0.01
0 1.134359 0.009024 0.01 0.01
0 1.143723 0.047988 0.01 0.01
0 1.016633 0.015128 0.01 0.01
0 1.030345 0.006767 0.01 0.01
0 0.890546 0.006767 0.01 0.01
0 0.800580 0.044225 0.01 0.01
0 1.433690 0.038205 0.01 0.01
0 1.430011 0.025830 0.01 0.01
0 1.413623 0.035195 0.01 0.01
0 1.581850 0.065630 0.01 0.01
0 1.543389 0.258272 0.01 0.01
0 1.581850 0.205429 0.01 0.01
0 1.552085 0.005763 0.01 0.01
0 1.590546 0.002753 0.01 0.01
0 1.495563 0.016131 0.01 0.01
0 1.428004 0.012452 0.01 0.01
0 1.357436 0.004426 0.01 0.01
0 1.592553 0.045897 0.01 0.01
0 1.570814 0.032519 0.01 0.01
0 1.005596 0.085028 0.01 0.01
0 1.027335 0.070312 0.01 0.01
0 0.997904 0.043556 0.01 0.01
0 1.031014 0.100747 0.01 0.01
0 1.173489 0.267804 0.01 0.01
0 1.280513 0.176165 0.01 0.01
0 1.262452 0.147402 0.01 0.01
0 1.021650 0.252085 0.01 0.01
0 1.077837 0.275496 0.01 0.01
0 0.678506 0.973489 0.01 0.01
0 1.593556 0.495897 0.01 0.01
0 0.500580 0.477837 0.01 0.01
0 0.627001 0.468473 0.01 0.01
0 0.190212 0.184192 0.01 0.01
0 1.101248 0.200580 0.01 0.01
