0 0.104523 1.014684 0.01 0.01
0 0.125914 0.893828 0.01 0.01
0 0.398641 0.538748 0.01 0.01
0 0.211475 0.517357 0.01 0.01
0 0.222170 0.396502 0.01 0.01
0 0.103454 0.409336 0.01 0.01
0 0.295967 0.245700 0.01 0.01
0 0.016823 0.340887 0.01 0.01
0 0.512010 0.390085 0.01 0.01
0 0.728053 0.346234 0.01 0.01
0 1.110940 0.948373 0.01 0.01
0 1.368694 0.889550 0.01 0.01
0 1.102384 0.581529 0.01 0.01
0 1.223240 0.378320 0.01 0.01
0 1.379389 0.394363 0.01 0.01
0 1.235004 0.316288 0.01 0.01
0 1.061742 0.286341 0.01 0.01
0 0.981529 0.273507 0.01 0.01
0 0.940887 0.195432 0.01 0.01
0 1.319496 0.259603 0.01 0.01
0 1.343026 0.245700 0.01 0.01
0 1.466020 0.286341 0.01 0.01
0 1.531261 0.357999 0.01 0.01
0 1.456395 0.197571 0.01 0.01
0 1.301315 0.187946 0.01 0.01
0 0.224443 0.128721 0.01 0.01
0 0.343427 0.073641 0.01 0.01
0 0.338079 0.051448 0.01 0.01
0 0.778721 0.093427 0.01 0.01
0 0.929791 0.106796 0.01 0.01
0 0.814015 0.055192 0.01 0.01
0 0.766422 0.050379 0.01 0.01
0 1.127919 0.063748 0.01 0.01
0 1.218828 0.119898 0.01 0.01
0 1.305994 0.117758 0.01 0.01
0 1.213012 0.037210 0.01 0.01
0 1.365085 0.164283 0.01 0.01
0 1.451448 0.164283 0.01 0.01
0 1.562678 0.172037 0.01 0.01
0 1.581395 0.184603 0.01 0.01
0 1.542090 0.269630 0.01 0.01
0 1.572304 0.104924 0.01 0.01
0 1.481996 0.039082 0.01 0.01
0 1.529724 0.035071 0.01 0.01
0 1.555660 0.030125 0.01 0.01
0 0.325520 0.033612 0.01 0.01
0 0.691554 0.033612 0.01 0.01
0 0.846599 0.011234 0.01 0.01
0 0.817828 0.016029 0.01 0.01
0 1.155090 0.040005 0.01 0.01
0 1.578667 0.067178 0.01 0.01
0 1.402843 0.004841 0.01 0.01
0 1.541903 0.008037 0.01 0.01
0 1.589855 0.016029 0.01 0.01
0 1.287202 0.015295 0.01 0.01
0 1.347402 0.010613 0.01 0.01
0 1.237703 0.005931 0.01 0.01
0 1.426332 0.022653 0.01 0.01
0 1.443723 0.015295 0.01 0.01
0 1.475161 0.017971 0.01 0.01
0 0.606265 0.407603 0.01 0.01
