0 0.155627 0.229208 0.01 0.01
0 0.390460 0.177545 0.01 0.01
0 0.374022 0.201028 0.01 0.01
0 0.369325 0.240950 0.01 0.01
0 0.392809 0.285568 0.01 0.01
0 0.327055 0.299658 0.01 0.01
0 0.446820 0.257388 0.01 0.01
0 0.437427 0.215118 0.01 0.01
0 0.705137 0.210421 0.01 0.01
0 0.005333 0.269130 0.01 0.01
0 0.026468 0.442907 0.01 0.01
0 0.099267 0.405333 0.01 0.01
0 0.089873 0.348973 0.01 0.01
0 0.188503 0.363063 0.01 0.01
0 0.277740 0.480480 0.01 0.01
0 0.167368 0.574413 0.01 0.01
0 0.324707 0.428817 0.01 0.01
0 0.385764 0.410030 0.01 0.01
0 0.432730 0.344276 0.01 0.01
0 0.594766 0.412378 0.01 0.01
0 0.641732 0.323141 0.01 0.01
0 0.730969 0.511008 0.01 0.01
0 0.695744 0.581458 0.01 0.01
0 0.620597 0.734100 0.01 0.01
0 0.463259 1.062867 0.01 0.01
0 1.071478 0.475783 0.01 0.01
0 1.052691 0.426468 0.01 0.01
0 1.153670 0.107094 0.01 0.01
0 1.242907 0.010813 0.01 0.01
0 1.372065 0.161106 0.01 0.01
0 1.447212 0.128229 0.01 0.01
0 1.496527 0.116488 0.01 0.01
0 1.548190 0.093004 0.01 0.01
0 1.449560 0.074218 0.01 0.01
0 1.308660 0.344276 0.01 0.01
0 1.346233 0.297310 0.01 0.01
0 1.574022 0.992417 0.01 0.01
0 0.080964 0.273372 0.01 0.01
0 0.681963 0.361284 0.01 0.01
0 1.272972 0.025720 0.01 0.01
0 1.122723 0.050495 0.01 0.01
0 0.474827 0.003088 0.01 0.01
0 0.544058 0.005429 0.01 0.01
0 0.643054 0.217469 0.01 0.01
0 0.412620 0.169978 0.01 0.01
0 0.479844 0.172653 0.01 0.01
0 0.046399 0.219309 0.01 0.01
0 0.006265 0.124325 0.01 0.01
0 0.924660 0.187871 0.01 0.01
0 0.841048 0.185195 0.01 0.01
0 0.956767 0.246064 0.01 0.01
