0 0.043561 1.156930 0.01 0.01
0 0.249978 0.821101 0.01 0.01
0 0.035004 0.751582 0.01 0.01
0 0.082063 0.717357 0.01 0.01
0 0.318427 0.617892 0.01 0.01
0 0.293828 0.541956 0.01 0.01
0 0.339817 0.536609 0.01 0.01
0 0.472438 0.551582 0.01 0.01
0 0.589015 0.457464 0.01 0.01
0 0.546234 0.341956 0.01 0.01
0 0.610406 0.278855 0.01 0.01
0 0.795432 0.282063 0.01 0.01
0 0.762277 0.200780 0.01 0.01
0 0.807197 0.189015 0.01 0.01
0 0.835004 0.182598 0.01 0.01
0 0.892758 0.184737 0.01 0.01
0 0.915218 0.200780 0.01 0.01
0 0.956930 0.194363 0.01 0.01
0 0.986876 0.187946 0.01 0.01
0 0.978320 0.182598 0.01 0.01
0 1.008266 0.236074 0.01 0.01
0 1.085272 0.338748 0.01 0.01
0 1.090619 0.229657 0.01 0.01
0 1.123775 0.230726 0.01 0.01
0 1.110940 0.213614 0.01 0.01
0 1.046769 0.220031 0.01 0.01
0 1.043561 0.191154 0.01 0.01
0 1.067090 0.189015 0.01 0.01
0 1.093828 0.196502 0.01 0.01
0 1.105593 0.200780 0.01 0.01
0 1.185807 0.248908 0.01 0.01
0 1.179389 0.235004 0.01 0.01
0 1.209336 0.187946 0.01 0.01
0 1.237143 0.224309 0.01 0.01
0 1.220031 0.243561 0.01 0.01
0 1.237143 0.240352 0.01 0.01
0 1.291689 0.320566 0.01 0.01
0 1.326983 0.274577 0.01 0.01
0 1.360138 0.301315 0.01 0.01
0 1.366555 0.236074 0.01 0.01
0 1.351582 0.206127 0.01 0.01
0 1.318427 0.205058 0.01 0.01
0 1.284202 0.205058 0.01 0.01
0 1.255325 0.199710 0.01 0.01
0 1.307732 0.174042 0.01 0.01
0 1.328053 0.182598 0.01 0.01
0 1.381529 0.187946 0.01 0.01
0 1.396502 0.218962 0.01 0.01
0 1.400780 0.248908 0.01 0.01
0 1.438213 0.262812 0.01 0.01
0 1.438213 0.248908 0.01 0.01
0 1.457464 0.248908 0.01 0.01
0 1.514149 0.272438 0.01 0.01
0 1.517357 0.292758 0.01 0.01
0 1.493828 0.315218 0.01 0.01
0 1.466020 0.210406 0.01 0.01
0 1.494898 0.211475 0.01 0.01
0 1.510940 0.195432 0.01 0.01
0 1.531261 0.229657 0.01 0.01
0 1.428587 0.201849 0.01 0.01
0 0.309871 0.261742 0.01 0.01
0 0.257464 0.247839 0.01 0.01
0 0.010138 0.150245 0.01 0.01
0 0.034202 0.137411 0.01 0.01
0 0.099443 0.134737 0.01 0.01
0 0.117090 0.128855 0.01 0.01
0 0.140619 0.148106 0.01 0.01
0 0.196234 0.128855 0.01 0.01
0 0.240619 0.117090 0.01 0.01
0 0.325111 0.135807 0.01 0.01
0 0.344363 0.136341 0.01 0.01
0 0.355593 0.131529 0.01 0.01
0 0.366823 0.131529 0.01 0.01
0 0.187277 0.048507 0.01 0.01
0 0.204389 0.059737 0.01 0.01
0 0.388614 0.070700 0.01 0.01
0 0.393427 0.076849 0.01 0.01
0 0.029991 0.054991 0.01 0.01
0 0.026649 0.044697 0.01 0.01
0 0.097772 0.039750 0.01 0.01
0 0.827919 0.132464 0.01 0.01
0 0.839416 0.116689 0.01 0.01
0 0.899844 0.130860 0.01 0.01
0 0.892892 0.170967 0.01 0.01
0 0.925512 0.161876 0.01 0.01
0 0.920967 0.121769 0.01 0.01
0 0.901448 0.112143 0.01 0.01
0 0.859470 0.070700 0.01 0.01
0 0.907598 0.057331 0.01 0.01
0 0.965887 0.071234 0.01 0.01
0 0.991823 0.067491 0.01 0.01
0 1.014015 0.072839 0.01 0.01
0 1.012411 0.046368 0.01 0.01
0 0.991288 0.046903 0.01 0.01
0 1.053855 0.092090 0.01 0.01
0 1.047705 0.104389 0.01 0.01
0 1.059202 0.112678 0.01 0.01
0 1.034069 0.127117 0.01 0.01
0 1.029523 0.137812 0.01 0.01
0 0.980860 0.132999 0.01 0.01
0 0.962411 0.142625 0.01 0.01
0 0.948240 0.134336 0.01 0.01
0 0.956261 0.157598 0.01 0.01
0 1.086475 0.140753 0.01 0.01
0 1.099042 0.116422 0.01 0.01
0 1.125780 0.104657 0.01 0.01
0 1.144764 0.087277 0.01 0.01
0 1.119363 0.061074 0.01 0.01
0 1.168561 0.120967 0.01 0.01
0 1.184336 0.117758 0.01 0.01
0 1.193962 0.104924 0.01 0.01
0 1.178186 0.079256 0.01 0.01
0 1.195299 0.073373 0.01 0.01
0 1.201448 0.121502 0.01 0.01
0 0.897638 0.036141 0.01 0.01
0 0.902986 0.028253 0.01 0.01
0 0.920633 0.030793 0.01 0.01
0 0.924911 0.024109 0.01 0.01
0 0.934002 0.024242 0.01 0.01
0 0.872471 0.022337 0.01 0.01
0 0.887578 0.015787 0.01 0.01
0 0.894129 0.015252 0.01 0.01
0 0.901348 0.019463 0.01 0.01
0 0.917324 0.014249 0.01 0.01
0 0.936041 0.012043 0.01 0.01
0 0.952484 0.012578 0.01 0.01
0 0.931963 0.018728 0.01 0.01
0 1.289684 0.114283 0.01 0.01
0 1.289416 0.103053 0.01 0.01
0 1.262946 0.081395 0.01 0.01
0 1.264283 0.073641 0.01 0.01
0 1.220700 0.066956 0.01 0.01
0 1.205459 0.089684 0.01 0.01
0 1.202250 0.080860 0.01 0.01
0 1.214817 0.064817 0.01 0.01
0 1.231395 0.118561 0.01 0.01
0 1.291020 0.068293 0.01 0.01
0 1.321769 0.084871 0.01 0.01
0 1.325512 0.075512 0.01 0.01
0 1.333801 0.073641 0.01 0.01
0 1.340753 0.076849 0.01 0.01
0 1.338079 0.120967 0.01 0.01
0 1.336475 0.142625 0.01 0.01
0 1.336475 0.149844 0.01 0.01
0 1.342625 0.157063 0.01 0.01
0 1.365085 0.141555 0.01 0.01
0 1.308400 0.142892 0.01 0.01
0 1.305726 0.129523 0.01 0.01
0 1.376047 0.123373 0.01 0.01
0 1.386475 0.118561 0.01 0.01
0 1.357598 0.128454 0.01 0.01
0 1.406261 0.124710 0.01 0.01
0 1.397972 0.092357 0.01 0.01
0 1.402250 0.084871 0.01 0.01
0 1.408133 0.081395 0.01 0.01
0 1.430058 0.092090 0.01 0.01
0 1.420165 0.134336 0.01 0.01
0 1.461876 0.129523 0.01 0.01
0 1.473373 0.126582 0.01 0.01
0 1.489951 0.127652 0.01 0.01
0 1.483801 0.119898 0.01 0.01
0 1.485940 0.114283 0.01 0.01
0 1.390218 0.165887 0.01 0.01
0 1.402518 0.165619 0.01 0.01
0 1.542357 0.168026 0.01 0.01
0 1.571234 0.187545 0.01 0.01
0 1.576582 0.206796 0.01 0.01
0 1.564015 0.221769 0.01 0.01
0 1.577919 0.227384 0.01 0.01
0 1.582732 0.177384 0.01 0.01
0 1.581930 0.163213 0.01 0.01
0 1.557865 0.157063 0.01 0.01
0 1.561074 0.148240 0.01 0.01
0 1.583266 0.142892 0.01 0.01
0 1.576047 0.123641 0.01 0.01
0 1.565619 0.115085 0.01 0.01
0 1.541020 0.118828 0.01 0.01
0 1.534871 0.137010 0.01 0.01
0 1.526047 0.093694 0.01 0.01
0 1.543160 0.062143 0.01 0.01
0 1.499844 0.068828 0.01 0.01
0 1.522037 0.057598 0.01 0.01
0 1.533534 0.050379 0.01 0.01
0 1.566154 0.056529 0.01 0.01
0 1.568561 0.070700 0.01 0.01
0 1.571502 0.078186 0.01 0.01
0 1.557063 0.072839 0.01 0.01
0 1.549844 0.046368 0.01 0.01
0 1.522638 0.037344 0.01 0.01
0 1.516756 0.024242 0.01 0.01
0 1.548574 0.035472 0.01 0.01
0 1.540419 0.044162 0.01 0.01
0 1.565018 0.046301 0.01 0.01
0 1.576248 0.034938 0.01 0.01
0 1.584403 0.039750 0.01 0.01
0 1.589617 0.044430 0.01 0.01
0 1.585873 0.067959 0.01 0.01
0 1.587210 0.084135 0.01 0.01
0 1.568360 0.026916 0.01 0.01
0 1.554857 0.024777 0.01 0.01
0 1.587745 0.025847 0.01 0.01
0 1.528520 0.023975 0.01 0.01
0 1.563213 0.275512 0.01 0.01
0 1.575245 0.254122 0.01 0.01
0 0.291953 0.027218 0.01 0.01
0 0.181664 0.022423 0.01 0.01
0 0.482163 0.019226 0.01 0.01
0 0.316729 0.033712 0.01 0.01
0 0.407038 0.041704 0.01 0.01
0 0.510135 0.043302 0.01 0.01
0 0.462982 0.076069 0.01 0.01
0 0.494151 0.067278 0.01 0.01
0 0.546099 0.045700 0.01 0.01
0 0.537308 0.012133 0.01 0.01
0 0.590854 0.037708 0.01 0.01
0 0.606039 0.039306 0.01 0.01
0 0.563682 0.019326 0.01 0.01
0 0.634011 0.034511 0.01 0.01
0 0.645200 0.048896 0.01 0.01
0 0.654791 0.032113 0.01 0.01
0 1.096749 0.045700 0.01 0.01
0 1.105540 0.039306 0.01 0.01
0 1.094351 0.022523 0.01 0.01
0 1.063981 0.024920 0.01 0.01
0 0.874571 0.005790 0.01 0.01
0 0.851394 0.005790 0.01 0.01
0 0.890555 0.001794 0.01 0.01
0 0.925320 0.010185 0.01 0.01
0 0.942902 0.006988 0.01 0.01
0 0.950095 0.008587 0.01 0.01
0 0.963282 0.011384 0.01 0.01
0 0.957288 0.006189 0.01 0.01
0 0.965680 0.002193 0.01 0.01
0 0.983262 0.016978 0.01 0.01
0 0.997248 0.016179 0.01 0.01
0 0.998047 0.002992 0.01 0.01
0 0.990055 0.001394 0.01 0.01
0 1.002843 0.004591 0.01 0.01
0 1.010835 0.011384 0.01 0.01
0 1.019226 0.008986 0.01 0.01
0 1.017628 0.019776 0.01 0.01
0 1.034811 0.014181 0.01 0.01
0 1.027218 0.004990 0.01 0.01
0 1.030815 0.014181 0.01 0.01
0 1.044801 0.011384 0.01 0.01
0 1.040005 0.004191 0.01 0.01
0 1.052793 0.005790 0.01 0.01
0 1.052793 0.023772 0.01 0.01
0 1.065979 0.011384 0.01 0.01
0 1.068777 0.004591 0.01 0.01
0 1.058387 0.003392 0.01 0.01
0 1.080365 0.009786 0.01 0.01
0 1.097947 0.015380 0.01 0.01
0 1.111134 0.005790 0.01 0.01
0 1.120325 0.024571 0.01 0.01
0 1.124721 0.003392 0.01 0.01
0 1.516129 0.015780 0.01 0.01
0 1.506938 0.004591 0.01 0.01
0 1.498946 0.005790 0.01 0.01
0 1.485360 0.003392 0.01 0.01
0 1.523322 0.004591 0.01 0.01
0 1.538107 0.018177 0.01 0.01
0 1.544101 0.017378 0.01 0.01
0 1.544101 0.004591 0.01 0.01
0 1.556888 0.008587 0.01 0.01
0 1.572473 0.012583 0.01 0.01
0 1.582862 0.011384 0.01 0.01
0 1.594850 0.014581 0.01 0.01
0 0.362954 0.035111 0.01 0.01
0 0.353590 0.040630 0.01 0.01
0 0.584024 0.033272 0.01 0.01
0 0.519141 0.018723 0.01 0.01
0 0.564292 0.009526 0.01 0.01
0 0.453757 0.039877 0.01 0.01
0 1.072820 0.015713 0.01 0.01
0 1.035195 0.057352 0.01 0.01
0 0.908439 0.009359 0.01 0.01
0 0.907269 0.022904 0.01 0.01
0 0.827335 0.008857 0.01 0.01
0 0.885028 0.005178 0.01 0.01
0 0.930011 0.835697 0.01 0.01
