0 0.981414 0.932388 0.01 0.01
0 1.018427 0.946024 0.01 0.01
0 1.086609 0.708362 0.01 0.01
0 1.024271 0.612907 0.01 0.01
0 0.858687 0.519401 0.01 0.01
0 0.693102 0.642128 0.01 0.01
0 0.391154 0.665505 0.01 0.01
0 0.303492 0.638232 0.01 0.01
0 0.003492 0.675245 0.01 0.01
0 0.895700 0.408362 0.01 0.01
0 0.846998 0.400570 0.01 0.01
0 1.166479 0.525245 0.01 0.01
0 1.552193 0.429791 0.01 0.01
0 0.597648 0.258362 0.01 0.01
0 0.229466 0.217453 0.01 0.01
0 0.204141 0.223297 0.01 0.01
0 1.576219 0.201381 0.01 0.01
0 1.585959 0.112745 0.01 0.01
0 1.592778 0.085472 0.01 0.01
0 1.578167 0.057226 0.01 0.01
0 1.593752 0.046511 0.01 0.01
0 1.595700 0.105927 0.01 0.01
0 1.567453 0.089368 0.01 0.01
0 1.513881 0.043589 0.01 0.01
0 1.493427 0.055278 0.01 0.01
0 1.474920 0.060148 0.01 0.01
0 1.463232 0.060148 0.01 0.01
0 1.463232 0.084498 0.01 0.01
0 1.462258 0.070862 0.01 0.01
0 1.511933 0.084498 0.01 0.01
0 1.516804 0.103005 0.01 0.01
0 1.499271 0.084498 0.01 0.01
0 1.506089 0.104953 0.01 0.01
0 1.546998 0.135148 0.01 0.01
0 1.545050 0.096187 0.01 0.01
0 1.579141 0.104953 0.01 0.01
0 1.531414 0.140018 0.01 0.01
0 1.470050 0.132226 0.01 0.01
0 1.435959 0.092291 0.01 0.01
0 1.458362 0.186771 0.01 0.01
0 1.434011 0.153654 0.01 0.01
0 1.397972 0.152680 0.01 0.01
0 1.369726 0.168265 0.01 0.01
0 1.364855 0.152680 0.01 0.01
0 1.350245 0.118589 0.01 0.01
0 1.351219 0.103005 0.01 0.01
0 1.322972 0.126381 0.01 0.01
0 1.319076 0.105927 0.01 0.01
0 1.274271 0.128330 0.01 0.01
0 1.269401 0.112745 0.01 0.01
0 1.217778 0.125407 0.01 0.01
0 1.195375 0.081576 0.01 0.01
0 1.178817 0.055278 0.01 0.01
0 1.190505 0.048459 0.01 0.01
0 1.161284 0.039693 0.01 0.01
0 1.156414 0.053330 0.01 0.01
0 1.095050 0.039693 0.01 0.01
0 1.246024 0.054304 0.01 0.01
0 1.255765 0.060148 0.01 0.01
0 1.279141 0.053330 0.01 0.01
0 1.323946 0.050407 0.01 0.01
0 1.351219 0.074758 0.01 0.01
0 1.377518 0.047485 0.01 0.01
0 1.059011 0.050407 0.01 0.01
0 1.036609 0.099109 0.01 0.01
0 1.001544 0.100083 0.01 0.01
0 0.990830 0.168265 0.01 0.01
0 0.954791 0.150732 0.01 0.01
0 0.952843 0.121511 0.01 0.01
0 0.944076 0.101057 0.01 0.01
0 0.938232 0.119563 0.01 0.01
0 0.919726 0.098135 0.01 0.01
0 0.900245 0.098135 0.01 0.01
0 0.888557 0.098135 0.01 0.01
0 0.918752 0.135148 0.01 0.01
0 0.819401 0.122485 0.01 0.01
0 0.807713 0.104953 0.01 0.01
0 1.239450 0.043468 0.01 0.01
0 0.791154 0.051138 0.01 0.01
0 0.798946 0.070618 0.01 0.01
0 0.836446 0.054060 0.01 0.01
0 0.945537 0.057956 0.01 0.01
0 0.949920 0.044807 0.01 0.01
0 0.930927 0.034093 0.01 0.01
0 0.979141 0.038963 0.01 0.01
0 0.965018 0.033605 0.01 0.01
0 0.957226 0.009742 0.01 0.01
0 0.939206 0.007307 0.01 0.01
0 0.934336 0.011690 0.01 0.01
0 0.969401 0.016560 0.01 0.01
0 0.965018 0.018995 0.01 0.01
0 1.115992 0.077924 0.01 0.01
0 1.113070 0.037989 0.01 0.01
0 1.126219 0.054547 0.01 0.01
0 0.989855 0.032631 0.01 0.01
0 0.742291 0.043833 0.01 0.01
0 0.763719 0.039450 0.01 0.01
0 0.788557 0.043346 0.01 0.01
0 0.718914 0.060391 0.01 0.01
0 0.613232 0.024352 0.01 0.01
0 0.604953 0.134904 0.01 0.01
0 0.558200 0.142696 0.01 0.01
0 0.549920 0.100326 0.01 0.01
0 0.550894 0.059417 0.01 0.01
0 0.525570 0.091560 0.01 0.01
0 0.504628 0.073054 0.01 0.01
0 0.471024 0.032631 0.01 0.01
0 0.465180 0.013151 0.01 0.01
0 0.490992 0.125164 0.01 0.01
0 0.418914 0.091560 0.01 0.01
0 0.347323 0.145862 0.01 0.01
0 0.355115 0.118589 0.01 0.01
0 0.366804 0.101057 0.01 0.01
0 0.272323 0.054304 0.01 0.01
0 0.266479 0.105927 0.01 0.01
0 0.251868 0.084498 0.01 0.01
0 0.117778 0.129304 0.01 0.01
0 0.142128 0.155602 0.01 0.01
0 0.107063 0.028005 0.01 0.01
0 0.184985 0.068914 0.01 0.01
0 1.433849 0.049190 0.01 0.01
0 1.573135 0.090099 0.01 0.01
0 1.213719 0.075002 0.01 0.01
0 1.231739 0.115911 0.01 0.01
0 1.115830 0.721998 0.01 0.01
