0 0.019705 0.372387 0.01 0.01
0 0.056788 0.379083 0.01 0.01
0 0.155677 0.387323 0.01 0.01
0 0.188125 0.394019 0.01 0.01
0 0.204091 0.383203 0.01 0.01
0 0.225723 0.376508 0.01 0.01
0 0.262807 0.377538 0.01 0.01
0 0.307101 0.379598 0.01 0.01
0 0.351395 0.381143 0.01 0.01
0 0.374572 0.375992 0.01 0.01
0 0.418866 0.377538 0.01 0.01
0 0.445133 0.378053 0.01 0.01
0 0.475006 0.379083 0.01 0.01
0 0.520845 0.371872 0.01 0.01
0 0.588316 0.381658 0.01 0.01
0 0.560503 0.387323 0.01 0.01
0 0.623339 0.346120 0.01 0.01
0 0.534236 0.338394 0.01 0.01
0 0.496123 0.330153 0.01 0.01
0 0.451314 0.334274 0.01 0.01
0 0.427106 0.329638 0.01 0.01
0 0.387963 0.331698 0.01 0.01
0 0.326157 0.336849 0.01 0.01
0 0.293194 0.334274 0.01 0.01
0 0.250446 0.329123 0.01 0.01
0 0.182459 0.328608 0.01 0.01
0 0.126319 0.338394 0.01 0.01
0 0.089236 0.339424 0.01 0.01
0 0.027946 0.347150 0.01 0.01
0 0.006829 0.293070 0.01 0.01
0 0.063999 0.291010 0.01 0.01
0 0.107778 0.298736 0.01 0.01
0 0.129410 0.300796 0.01 0.01
0 0.164433 0.283799 0.01 0.01
0 0.204091 0.288950 0.01 0.01
0 0.236539 0.285344 0.01 0.01
0 0.282378 0.289465 0.01 0.01
0 0.317917 0.301826 0.01 0.01
0 0.349850 0.286374 0.01 0.01
0 0.394144 0.291010 0.01 0.01
0 0.520845 0.287405 0.01 0.01
0 0.571834 0.294100 0.01 0.01
0 0.599132 0.291525 0.01 0.01
0 0.594497 0.259077 0.01 0.01
0 0.557928 0.260622 0.01 0.01
0 0.510029 0.250321 0.01 0.01
0 0.473976 0.251866 0.01 0.01
0 0.435347 0.255472 0.01 0.01
0 0.396719 0.247746 0.01 0.01
0 0.359120 0.254442 0.01 0.01
0 0.304525 0.251351 0.01 0.01
0 0.272593 0.257017 0.01 0.01
0 0.253536 0.257532 0.01 0.01
0 0.216453 0.250836 0.01 0.01
0 0.176279 0.252381 0.01 0.01
0 0.135590 0.240020 0.01 0.01
0 0.113958 0.248261 0.01 0.01
0 0.078420 0.240020 0.01 0.01
0 0.040307 0.243626 0.01 0.01
0 0.039277 0.209633 0.01 0.01
0 0.076360 0.206542 0.01 0.01
0 0.108808 0.208087 0.01 0.01
0 0.142801 0.213753 0.01 0.01
0 0.180914 0.214268 0.01 0.01
0 0.210787 0.216328 0.01 0.01
0 0.231389 0.217358 0.01 0.01
0 0.287014 0.235385 0.01 0.01
0 0.260747 0.234355 0.01 0.01
0 0.333368 0.213753 0.01 0.01
0 0.346244 0.217358 0.01 0.01
0 0.381782 0.177185 0.01 0.01
0 0.350880 0.184395 0.01 0.01
0 0.473461 0.179245 0.01 0.01
0 0.504878 0.177185 0.01 0.01
0 0.530631 0.179245 0.01 0.01
0 0.564109 0.186970 0.01 0.01
0 0.567714 0.216328 0.01 0.01
0 0.593466 0.216328 0.01 0.01
0 0.620764 0.190576 0.01 0.01
0 0.583681 0.159673 0.01 0.01
0 0.602222 0.161733 0.01 0.01
0 0.541447 0.156068 0.01 0.01
0 0.513119 0.152462 0.01 0.01
0 0.495608 0.151947 0.01 0.01
0 0.468825 0.128770 0.01 0.01
0 0.431227 0.164823 0.01 0.01
0 0.402899 0.151432 0.01 0.01
0 0.313796 0.176155 0.01 0.01
0 0.272078 0.176155 0.01 0.01
0 0.231904 0.170489 0.01 0.01
0 0.196366 0.169974 0.01 0.01
0 0.180914 0.173064 0.01 0.01
0 0.148981 0.183365 0.01 0.01
0 0.116019 0.141131 0.01 0.01
0 0.060394 0.178730 0.01 0.01
0 0.033611 0.165854 0.01 0.01
0 0.012494 0.105078 0.01 0.01
0 0.039792 0.121045 0.01 0.01
0 0.057818 0.121560 0.01 0.01
0 0.087176 0.117954 0.01 0.01
0 0.117564 0.112804 0.01 0.01
0 0.144861 0.128770 0.01 0.01
0 0.157222 0.142677 0.01 0.01
0 0.187095 0.115894 0.01 0.01
0 0.193791 0.148857 0.01 0.01
0 0.216453 0.146282 0.01 0.01
0 0.244265 0.150402 0.01 0.01
0 0.266412 0.131345 0.01 0.01
0 0.288044 0.144737 0.01 0.01
0 0.292679 0.123620 0.01 0.01
0 0.316887 0.132891 0.01 0.01
0 0.318947 0.157098 0.01 0.01
0 0.335428 0.155038 0.01 0.01
0 0.375602 0.158128 0.01 0.01
0 0.367361 0.131861 0.01 0.01
0 0.384873 0.129800 0.01 0.01
0 0.405990 0.131345 0.01 0.01
0 0.429682 0.124135 0.01 0.01
0 0.501273 0.099928 0.01 0.01
0 0.466250 0.078811 0.01 0.01
0 0.224693 0.126710 0.01 0.01
0 0.207182 0.115894 0.01 0.01
0 0.023310 0.093232 0.01 0.01
0 0.052153 0.092717 0.01 0.01
0 0.085116 0.082416 0.01 0.01
0 0.049578 0.073660 0.01 0.01
0 0.063999 0.059239 0.01 0.01
0 0.054213 0.012885 0.01 0.01
0 0.023310 0.010825 0.01 0.01
0 0.025885 0.054089 0.01 0.01
0 0.108808 0.007734 0.01 0.01
0 0.133530 0.040697 0.01 0.01
0 0.123744 0.060269 0.01 0.01
0 0.136105 0.083446 0.01 0.01
0 0.143316 0.103533 0.01 0.01
0 0.139711 0.007734 0.01 0.01
0 0.172674 0.029881 0.01 0.01
0 0.168038 0.043788 0.01 0.01
0 0.178339 0.062844 0.01 0.01
0 0.205637 0.044818 0.01 0.01
0 0.205122 0.087567 0.01 0.01
0 0.176279 0.088597 0.01 0.01
0 0.162373 0.098383 0.01 0.01
0 0.257141 0.101473 0.01 0.01
0 0.222118 0.020095 0.01 0.01
0 0.224693 0.003614 0.01 0.01
0 0.242205 0.011340 0.01 0.01
0 0.249931 0.027306 0.01 0.01
0 0.243750 0.051513 0.01 0.01
0 0.241690 0.069540 0.01 0.01
0 0.214907 0.067480 0.01 0.01
0 0.241175 0.098383 0.01 0.01
0 0.289589 0.214268 0.01 0.01
0 0.270017 0.025761 0.01 0.01
0 0.269502 0.006189 0.01 0.01
0 0.271047 0.049968 0.01 0.01
0 0.285984 0.086536 0.01 0.01
0 0.272593 0.097352 0.01 0.01
0 0.306071 0.094262 0.01 0.01
0 0.306586 0.071085 0.01 0.01
0 0.292164 0.051513 0.01 0.01
0 0.295255 0.004644 0.01 0.01
0 0.306071 0.026276 0.01 0.01
0 0.328218 0.029366 0.01 0.01
0 0.316372 0.043273 0.01 0.01
0 0.331823 0.071600 0.01 0.01
0 0.356545 0.070055 0.01 0.01
0 0.365301 0.052028 0.01 0.01
0 0.476551 0.279164 0.01 0.01
0 0.585741 0.105078 0.01 0.01
0 0.571834 0.110229 0.01 0.01
0 0.593981 0.138556 0.01 0.01
0 0.620249 0.137011 0.01 0.01
0 0.606343 0.100443 0.01 0.01
0 0.540932 0.125165 0.01 0.01
0 0.523935 0.092717 0.01 0.01
0 0.539902 0.053058 0.01 0.01
0 0.560503 0.029366 0.01 0.01
0 0.573380 0.025246 0.01 0.01
0 0.590376 0.012370 0.01 0.01
0 0.588316 0.028336 0.01 0.01
0 0.607373 0.055119 0.01 0.01
0 0.622309 0.045848 0.01 0.01
0 0.620249 0.033487 0.01 0.01
0 0.527541 0.035547 0.01 0.01
0 0.495608 0.013400 0.01 0.01
0 0.479641 0.015460 0.01 0.01
0 0.459039 0.034002 0.01 0.01
0 0.439983 0.033487 0.01 0.01
0 0.459554 0.054604 0.01 0.01
0 0.425561 0.071085 0.01 0.01
0 0.405990 0.092202 0.01 0.01
0 0.358605 0.029366 0.01 0.01
0 0.403414 0.049453 0.01 0.01
0 0.405475 0.077266 0.01 0.01
0 0.378177 0.074690 0.01 0.01
0 0.357060 0.101473 0.01 0.01
0 0.335428 0.106623 0.01 0.01
0 0.324097 0.094262 0.01 0.01
0 0.413200 0.034002 0.01 0.01
0 0.389508 0.011855 0.01 0.01
0 0.407535 0.015975 0.01 0.01
0 0.433802 0.012370 0.01 0.01
0 0.452859 0.014945 0.01 0.01
0 0.378177 0.035032 0.01 0.01
0 0.505394 0.057694 0.01 0.01
0 0.505394 0.032457 0.01 0.01
0 0.281348 0.068510 0.01 0.01
0 0.336973 0.127225 0.01 0.01
0 0.386418 0.108168 0.01 0.01
0 0.441013 0.098898 0.01 0.01
0 0.580590 0.085506 0.01 0.01
0 0.601192 0.083961 0.01 0.01
0 0.622309 0.097867 0.01 0.01
0 0.575955 0.054604 0.01 0.01
0 0.518270 0.063874 0.01 0.01
0 0.481186 0.062329 0.01 0.01
0 0.089751 0.062329 0.01 0.01
0 0.201516 0.020611 0.01 0.01
0 0.393628 0.035547 0.01 0.01
0 0.546597 0.003614 0.01 0.01
0 0.520845 0.015975 0.01 0.01
0 0.370966 0.008764 0.01 0.01
0 0.343154 0.007734 0.01 0.01
0 0.551748 0.080871 0.01 0.01
0 0.557413 0.131861 0.01 0.01
0 0.011464 0.251351 0.01 0.01
0 0.130440 0.382173 0.01 0.01
0 0.220249 0.305529 0.01 0.01
0 0.181538 0.082627 0.01 0.01
0 0.149695 0.079505 0.01 0.01
0 0.622972 0.080754 0.01 0.01
0 0.422547 0.103856 0.01 0.01
0 0.350744 0.086997 0.01 0.01
0 0.339505 0.088871 0.01 0.01
0 0.320149 0.002707 0.01 0.01
0 0.224620 0.186897 0.01 0.01
0 0.518701 0.074510 0.01 0.01
