0 0.200491 1.007182 0.01 0.01
0 1.007760 1.010669 0.01 0.01
0 1.220474 0.871185 0.01 0.01
0 1.522110 0.729956 0.01 0.01
0 1.244884 0.803186 0.01 0.01
0 1.281499 0.616625 0.01 0.01
0 1.482008 0.559087 0.01 0.01
0 1.574417 0.487601 0.01 0.01
0 1.347754 0.478884 0.01 0.01
0 1.086220 0.580010 0.01 0.01
0 1.142014 0.571292 0.01 0.01
0 1.014734 0.613138 0.01 0.01
0 0.802020 0.721238 0.01 0.01
0 0.505615 0.799699 0.01 0.01
0 0.338233 0.756110 0.01 0.01
0 0.550947 0.661957 0.01 0.01
0 0.224901 0.620112 0.01 0.01
0 0.027879 0.649752 0.01 0.01
0 0.019161 0.550370 0.01 0.01
0 0.146441 0.452730 0.01 0.01
0 0.695663 0.597446 0.01 0.01
0 0.784584 0.538165 0.01 0.01
0 0.863044 0.635804 0.01 0.01
0 0.913608 0.531190 0.01 0.01
0 0.988581 0.485858 0.01 0.01
0 1.047862 0.457961 0.01 0.01
0 1.105399 0.498063 0.01 0.01
0 1.218731 0.475396 0.01 0.01
0 1.443650 0.450987 0.01 0.01
0 1.499444 0.444012 0.01 0.01
0 0.725303 0.475396 0.01 0.01
0 0.700893 0.515498 0.01 0.01
0 0.669509 0.559087 0.01 0.01
0 0.657304 0.494576 0.01 0.01
0 0.568383 0.463192 0.01 0.01
0 0.507358 0.445756 0.01 0.01
0 0.472487 0.503293 0.01 0.01
0 0.380078 0.459704 0.01 0.01
0 0.294644 0.501550 0.01 0.01
0 0.242337 0.457961 0.01 0.01
0 0.291157 0.421346 0.01 0.01
0 0.205722 0.470166 0.01 0.01
0 0.015674 0.433551 0.01 0.01
0 0.043571 0.440525 0.01 0.01
0 0.094134 0.440525 0.01 0.01
0 0.059263 0.407398 0.01 0.01
0 0.101765 0.382770 0.01 0.01
0 0.121380 0.404128 0.01 0.01
0 0.015023 0.396282 0.01 0.01
0 0.030715 0.389308 0.01 0.01
0 0.034638 0.371001 0.01 0.01
0 0.019382 0.361411 0.01 0.01
0 0.002382 0.366642 0.01 0.01
0 0.028100 0.356616 0.01 0.01
0 0.028100 0.349642 0.01 0.01
0 0.049458 0.356180 0.01 0.01
0 0.066022 0.340488 0.01 0.01
0 0.064714 0.369693 0.01 0.01
0 0.080842 0.352257 0.01 0.01
0 0.104816 0.356616 0.01 0.01
0 0.094791 0.355309 0.01 0.01
0 0.124867 0.358360 0.01 0.01
0 0.134021 0.357488 0.01 0.01
0 0.115278 0.374924 0.01 0.01
0 0.083022 0.385821 0.01 0.01
0 0.151021 0.356616 0.01 0.01
0 0.166713 0.369693 0.01 0.01
0 0.181533 0.373616 0.01 0.01
0 0.185892 0.385821 0.01 0.01
0 0.196789 0.410667 0.01 0.01
0 0.210302 0.386693 0.01 0.01
0 0.226430 0.426359 0.01 0.01
0 0.255198 0.401513 0.01 0.01
0 0.248224 0.382770 0.01 0.01
0 0.230353 0.372744 0.01 0.01
0 0.236019 0.362283 0.01 0.01
0 0.231660 0.348770 0.01 0.01
0 0.252147 0.347899 0.01 0.01
0 0.265224 0.358796 0.01 0.01
0 0.264352 0.374924 0.01 0.01
0 0.282659 0.368385 0.01 0.01
0 0.307069 0.394103 0.01 0.01
0 0.310556 0.377103 0.01 0.01
0 0.348479 0.400205 0.01 0.01
0 0.423378 0.416333 0.01 0.01
0 0.449532 0.397154 0.01 0.01
0 0.480480 0.379283 0.01 0.01
0 0.454327 0.375796 0.01 0.01
0 0.419455 0.374052 0.01 0.01
0 0.392430 0.389308 0.01 0.01
0 0.368020 0.390180 0.01 0.01
0 0.375431 0.364027 0.01 0.01
0 0.367149 0.364462 0.01 0.01
0 0.355380 0.365770 0.01 0.01
0 0.342739 0.366642 0.01 0.01
0 0.327047 0.375796 0.01 0.01
0 0.314406 0.367078 0.01 0.01
0 0.306560 0.357488 0.01 0.01
0 0.322688 0.350514 0.01 0.01
0 0.308303 0.343104 0.01 0.01
0 0.315714 0.335694 0.01 0.01
0 0.278227 0.350078 0.01 0.01
0 0.286509 0.354873 0.01 0.01
0 0.292611 0.354873 0.01 0.01
0 0.293483 0.341360 0.01 0.01
0 0.303073 0.345719 0.01 0.01
0 0.284765 0.336565 0.01 0.01
0 0.277791 0.340053 0.01 0.01
0 0.264279 0.335258 0.01 0.01
0 0.238561 0.332207 0.01 0.01
0 0.219818 0.333514 0.01 0.01
0 0.339252 0.350950 0.01 0.01
0 0.361918 0.333950 0.01 0.01
0 0.357995 0.336565 0.01 0.01
0 0.354072 0.348770 0.01 0.01
0 0.342303 0.332207 0.01 0.01
0 0.335329 0.338309 0.01 0.01
0 0.374123 0.331771 0.01 0.01
0 0.373687 0.340924 0.01 0.01
0 0.384584 0.342668 0.01 0.01
0 0.391123 0.341796 0.01 0.01
0 0.397225 0.337001 0.01 0.01
0 0.405071 0.333514 0.01 0.01
0 0.397661 0.347463 0.01 0.01
0 0.388507 0.360539 0.01 0.01
0 0.400712 0.371873 0.01 0.01
0 0.415968 0.351931 0.01 0.01
0 0.439506 0.360212 0.01 0.01
0 0.456070 0.352584 0.01 0.01
0 0.436891 0.346482 0.01 0.01
0 0.436455 0.330354 0.01 0.01
0 0.427955 0.339508 0.01 0.01
0 0.420109 0.342341 0.01 0.01
0 0.415750 0.334059 0.01 0.01
0 0.422507 0.328175 0.01 0.01
0 0.456070 0.365225 0.01 0.01
0 0.467185 0.354546 0.01 0.01
0 0.457814 0.345610 0.01 0.01
0 0.454327 0.337546 0.01 0.01
0 0.469147 0.338200 0.01 0.01
0 0.475903 0.345392 0.01 0.01
0 0.486147 0.345828 0.01 0.01
0 0.590177 0.425269 0.01 0.01
0 0.624177 0.443576 0.01 0.01
0 0.703509 0.429628 0.01 0.01
0 0.762790 0.447935 0.01 0.01
0 0.657304 0.397372 0.01 0.01
0 0.861301 0.430500 0.01 0.01
0 0.801148 0.430500 0.01 0.01
0 0.774123 0.393013 0.01 0.01
0 0.643356 0.419167 0.01 0.01
0 0.600639 0.368603 0.01 0.01
0 0.518691 0.389526 0.01 0.01
0 0.502127 0.369475 0.01 0.01
0 0.550075 0.379065 0.01 0.01
0 0.527627 0.363046 0.01 0.01
0 0.507794 0.359995 0.01 0.01
0 0.486435 0.359995 0.01 0.01
0 0.557485 0.364135 0.01 0.01
0 0.564460 0.357161 0.01 0.01
0 0.552037 0.356289 0.01 0.01
0 0.550511 0.347136 0.01 0.01
0 0.536345 0.346918 0.01 0.01
0 0.536999 0.360648 0.01 0.01
0 0.524794 0.350623 0.01 0.01
0 0.500166 0.307470 0.01 0.01
0 0.516294 0.307252 0.01 0.01
0 0.533947 0.310085 0.01 0.01
0 0.554434 0.310303 0.01 0.01
0 0.568165 0.310085 0.01 0.01
0 0.574267 0.347572 0.01 0.01
0 0.548986 0.401622 0.01 0.01
0 0.740995 0.376231 0.01 0.01
0 0.728354 0.369693 0.01 0.01
0 0.705252 0.376231 0.01 0.01
0 0.687381 0.376667 0.01 0.01
0 0.652945 0.365334 0.01 0.01
0 0.630279 0.395846 0.01 0.01
0 0.675612 0.369693 0.01 0.01
0 0.668202 0.356180 0.01 0.01
0 0.754944 0.359232 0.01 0.01
0 0.720726 0.360430 0.01 0.01
0 0.725303 0.345610 0.01 0.01
0 0.708521 0.346046 0.01 0.01
0 0.771072 0.357052 0.01 0.01
0 0.760610 0.342232 0.01 0.01
0 0.748405 0.316950 0.01 0.01
0 0.726611 0.317386 0.01 0.01
0 0.792430 0.321745 0.01 0.01
0 0.838635 0.340488 0.01 0.01
0 0.846481 0.344847 0.01 0.01
0 0.862609 0.342232 0.01 0.01
0 0.867839 0.343976 0.01 0.01
0 0.880480 0.346591 0.01 0.01
0 0.833404 0.346591 0.01 0.01
0 0.813789 0.344847 0.01 0.01
0 0.798969 0.346155 0.01 0.01
0 0.784584 0.346591 0.01 0.01
0 0.788943 0.355745 0.01 0.01
0 0.806815 0.359232 0.01 0.01
0 0.825122 0.363155 0.01 0.01
0 0.842993 0.363591 0.01 0.01
0 0.854763 0.361411 0.01 0.01
0 0.821199 0.384513 0.01 0.01
0 0.899223 0.369257 0.01 0.01
0 0.925813 0.394103 0.01 0.01
0 1.006888 0.420692 0.01 0.01
0 1.019093 0.391488 0.01 0.01
0 1.066605 0.399334 0.01 0.01
0 1.099297 0.391052 0.01 0.01
0 1.114989 0.428974 0.01 0.01
0 1.108886 0.373180 0.01 0.01
0 1.080118 0.367950 0.01 0.01
0 0.899659 0.340488 0.01 0.01
0 0.893121 0.336130 0.01 0.01
0 1.001222 0.364789 0.01 0.01
0 0.989235 0.376994 0.01 0.01
0 1.206937 0.359158 0.01 0.01
0 1.193025 0.369979 0.01 0.01
0 1.154380 0.389559 0.01 0.01
0 1.136346 0.373586 0.01 0.01
0 1.147166 0.359158 0.01 0.01
0 1.147166 0.347823 0.01 0.01
0 1.173445 0.370494 0.01 0.01
0 1.168292 0.362765 0.01 0.01
0 1.096670 0.354521 0.01 0.01
0 1.061632 0.365342 0.01 0.01
0 0.926633 0.340094 0.01 0.01
0 0.935392 0.340094 0.01 0.01
0 0.943121 0.340609 0.01 0.01
0 0.987434 0.342155 0.01 0.01
0 0.992587 0.343700 0.01 0.01
0 1.002377 0.343700 0.01 0.01
0 1.007529 0.342155 0.01 0.01
0 1.021957 0.344216 0.01 0.01
0 1.032777 0.367403 0.01 0.01
0 1.058025 0.355552 0.01 0.01
0 1.034323 0.355552 0.01 0.01
0 1.056480 0.374616 0.01 0.01
0 1.254857 0.424082 0.01 0.01
0 1.267738 0.399864 0.01 0.01
0 1.261040 0.380800 0.01 0.01
0 1.237853 0.388529 0.01 0.01
0 1.211059 0.394196 0.01 0.01
0 1.227032 0.377193 0.01 0.01
0 1.265162 0.366372 0.01 0.01
0 1.317531 0.381026 0.01 0.01
0 1.297916 0.374052 0.01 0.01
0 1.281788 0.380590 0.01 0.01
0 1.351094 0.387129 0.01 0.01
0 1.337146 0.376231 0.01 0.01
0 1.344556 0.359232 0.01 0.01
0 1.311864 0.364027 0.01 0.01
0 1.282224 0.363591 0.01 0.01
0 1.250839 0.348770 0.01 0.01
0 1.317095 0.339617 0.01 0.01
0 1.387273 0.387565 0.01 0.01
0 1.429990 0.385385 0.01 0.01
0 1.215968 0.362283 0.01 0.01
0 1.214007 0.301149 0.01 0.01
0 1.222507 0.299406 0.01 0.01
0 1.231442 0.300931 0.01 0.01
0 1.248878 0.306816 0.01 0.01
0 1.269147 0.280663 0.01 0.01
0 1.216186 0.310085 0.01 0.01
0 1.231442 0.312483 0.01 0.01
0 1.244301 0.317059 0.01 0.01
0 1.254545 0.323380 0.01 0.01
0 1.261737 0.327521 0.01 0.01
0 1.233186 0.331444 0.01 0.01
0 1.221635 0.327957 0.01 0.01
0 1.275249 0.328392 0.01 0.01
0 1.273070 0.318585 0.01 0.01
0 1.267621 0.310303 0.01 0.01
0 1.258468 0.309431 0.01 0.01
0 1.281570 0.302021 0.01 0.01
0 1.287018 0.308777 0.01 0.01
0 1.292249 0.298970 0.01 0.01
0 1.302492 0.317931 0.01 0.01
0 1.307941 0.300496 0.01 0.01
0 1.320582 0.302021 0.01 0.01
0 1.314697 0.317277 0.01 0.01
0 1.297698 0.329482 0.01 0.01
0 1.284621 0.325341 0.01 0.01
0 1.326466 0.319675 0.01 0.01
0 1.329300 0.343649 0.01 0.01
0 1.288980 0.354982 0.01 0.01
0 1.279826 0.353674 0.01 0.01
0 1.267839 0.354328 0.01 0.01
0 1.334021 0.302130 0.01 0.01
0 1.345354 0.302566 0.01 0.01
0 1.357995 0.299515 0.01 0.01
0 1.368020 0.299951 0.01 0.01
0 1.386764 0.302130 0.01 0.01
0 1.330970 0.334386 0.01 0.01
0 1.344482 0.328719 0.01 0.01
0 1.359303 0.330027 0.01 0.01
0 1.343611 0.348334 0.01 0.01
0 1.374123 0.346155 0.01 0.01
0 1.387635 0.338309 0.01 0.01
0 1.412045 0.337001 0.01 0.01
0 1.480916 0.374488 0.01 0.01
0 1.467839 0.371001 0.01 0.01
0 1.447788 0.365334 0.01 0.01
0 1.438635 0.359232 0.01 0.01
0 1.591196 0.397154 0.01 0.01
0 1.565479 0.381898 0.01 0.01
0 1.582914 0.364462 0.01 0.01
0 1.571145 0.363591 0.01 0.01
0 1.545864 0.366642 0.01 0.01
0 1.522325 0.391923 0.01 0.01
0 1.511428 0.364462 0.01 0.01
0 1.497916 0.372744 0.01 0.01
0 1.498352 0.361847 0.01 0.01
0 1.498352 0.345283 0.01 0.01
0 1.506633 0.337437 0.01 0.01
0 1.525813 0.326976 0.01 0.01
0 1.404199 0.278592 0.01 0.01
0 1.415097 0.277720 0.01 0.01
0 1.429917 0.272490 0.01 0.01
0 1.475685 0.280772 0.01 0.01
0 1.490941 0.289053 0.01 0.01
0 1.505762 0.277720 0.01 0.01
0 1.556325 0.302130 0.01 0.01
0 1.543248 0.299079 0.01 0.01
0 1.527556 0.300822 0.01 0.01
0 1.516223 0.309104 0.01 0.01
0 1.544556 0.317822 0.01 0.01
0 1.561991 0.322181 0.01 0.01
0 1.579427 0.328284 0.01 0.01
0 1.567658 0.339181 0.01 0.01
0 1.557197 0.346155 0.01 0.01
0 1.543248 0.347463 0.01 0.01
0 1.376302 0.333078 0.01 0.01
0 1.425558 0.340053 0.01 0.01
0 1.437763 0.319566 0.01 0.01
0 1.456506 0.307361 0.01 0.01
0 1.480044 0.313463 0.01 0.01
0 1.479608 0.323925 0.01 0.01
0 1.405507 0.327412 0.01 0.01
0 1.409866 0.314335 0.01 0.01
0 1.395917 0.304310 0.01 0.01
0 1.364533 0.316079 0.01 0.01
0 1.346662 0.316514 0.01 0.01
0 1.372815 0.313463 0.01 0.01
0 1.452147 0.338309 0.01 0.01
0 1.437763 0.337437 0.01 0.01
0 1.508377 0.350514 0.01 0.01
0 1.519710 0.355309 0.01 0.01
0 1.592504 0.347463 0.01 0.01
0 1.408558 0.381898 0.01 0.01
0 1.402456 0.363591 0.01 0.01
0 1.299150 0.335258 0.01 0.01
0 1.295227 0.335258 0.01 0.01
0 1.281278 0.337001 0.01 0.01
0 1.494428 0.340053 0.01 0.01
0 1.470455 0.328284 0.01 0.01
0 1.469583 0.306925 0.01 0.01
0 1.463480 0.299951 0.01 0.01
0 1.417712 0.297771 0.01 0.01
0 1.387635 0.313027 0.01 0.01
0 1.486147 0.356180 0.01 0.01
0 1.473070 0.357488 0.01 0.01
0 1.457378 0.356616 0.01 0.01
0 1.447352 0.355745 0.01 0.01
0 1.531915 0.352693 0.01 0.01
0 0.511844 0.350399 0.01 0.01
0 0.623142 0.340609 0.01 0.01
0 0.620565 0.355036 0.01 0.01
0 0.624172 0.364311 0.01 0.01
0 0.636023 0.352975 0.01 0.01
0 0.639630 0.338548 0.01 0.01
0 0.606138 0.344216 0.01 0.01
0 0.613352 0.334941 0.01 0.01
0 0.680851 0.348853 0.01 0.01
0 0.693218 0.355036 0.01 0.01
0 0.696309 0.344216 0.01 0.01
0 0.696309 0.363796 0.01 0.01
0 0.740107 0.356067 0.01 0.01
0 0.748351 0.354006 0.01 0.01
0 0.709191 0.315361 0.01 0.01
0 0.766385 0.243095 0.01 0.01
0 0.739849 0.253400 0.01 0.01
0 0.730832 0.242064 0.01 0.01
0 0.629582 0.316263 0.01 0.01
0 0.692445 0.242580 0.01 0.01
0 1.038038 0.343886 0.01 0.01
0 1.042834 0.344685 0.01 0.01
0 1.048428 0.344685 0.01 0.01
0 1.062015 0.340689 0.01 0.01
0 1.057219 0.344685 0.01 0.01
0 1.068408 0.351878 0.01 0.01
0 1.077199 0.341489 0.01 0.01
0 1.112364 0.349481 0.01 0.01
0 1.121955 0.353477 0.01 0.01
0 1.217859 0.343087 0.01 0.01
0 1.413663 0.348681 0.01 0.01
0 1.415261 0.368661 0.01 0.01
0 1.523153 0.315914 0.01 0.01
0 1.493583 0.311119 0.01 0.01
0 1.503973 0.306324 0.01 0.01
0 1.493583 0.328701 0.01 0.01
0 1.499177 0.327103 0.01 0.01
0 1.492784 0.319111 0.01 0.01
0 1.536740 0.323107 0.01 0.01
0 1.401675 0.311119 0.01 0.01
0 1.437639 0.305525 0.01 0.01
0 0.811465 0.907323 0.01 0.01
