0 0.470299 0.915218 0.01 0.01
0 0.383668 0.805058 0.01 0.01
0 0.171903 0.695967 0.01 0.01
0 0.184737 0.632865 0.01 0.01
0 0.137678 0.589015 0.01 0.01
0 0.012545 0.735539 0.01 0.01
0 0.348373 0.515218 0.01 0.01
0 0.396502 0.498106 0.01 0.01
0 0.467090 0.536609 0.01 0.01
0 0.562277 0.437143 0.01 0.01
0 0.632865 0.394363 0.01 0.01
0 0.642491 0.372972 0.01 0.01
0 0.762277 0.359069 0.01 0.01
0 0.734470 0.316288 0.01 0.01
0 0.801849 0.277785 0.01 0.01
0 0.889550 0.297037 0.01 0.01
0 0.917357 0.363347 0.01 0.01
0 1.027518 0.261742 0.01 0.01
0 1.098106 0.248908 0.01 0.01
0 1.145165 0.345165 0.01 0.01
0 1.074577 0.440352 0.01 0.01
0 1.298106 0.517357 0.01 0.01
0 1.493828 0.540887 0.01 0.01
0 1.224309 0.749443 0.01 0.01
0 0.812545 0.653186 0.01 0.01
0 0.724844 0.637143 0.01 0.01
0 0.700245 0.532331 0.01 0.01
0 0.030726 1.118427 0.01 0.01
0 1.384737 0.218962 0.01 0.01
0 1.316288 0.211475 0.01 0.01
0 1.516288 0.215753 0.01 0.01
0 0.057464 0.300245 0.01 0.01
0 0.121635 0.272438 0.01 0.01
0 0.145165 0.195432 0.01 0.01
0 0.037411 0.136876 0.01 0.01
0 0.169496 0.169496 0.01 0.01
0 0.123507 0.104791 0.01 0.01
0 0.228855 0.102117 0.01 0.01
0 0.270566 0.127785 0.01 0.01
0 0.339550 0.131529 0.01 0.01
0 0.391956 0.092491 0.01 0.01
0 0.424042 0.096769 0.01 0.01
0 0.443293 0.097304 0.01 0.01
0 0.314550 0.048240 0.01 0.01
0 0.130593 0.047705 0.01 0.01
0 0.477652 0.060004 0.01 0.01
0 0.495833 0.071234 0.01 0.01
0 0.521234 0.069630 0.01 0.01
0 0.586475 0.089684 0.01 0.01
0 0.636475 0.099577 0.01 0.01
0 0.653855 0.078186 0.01 0.01
0 0.662143 0.092090 0.01 0.01
0 0.677652 0.104389 0.01 0.01
0 0.599844 0.138079 0.01 0.01
0 0.601983 0.061341 0.01 0.01
0 0.569630 0.051716 0.01 0.01
0 0.536742 0.050111 0.01 0.01
0 0.402184 0.034135 0.01 0.01
0 0.449109 0.023708 0.01 0.01
0 0.510472 0.046569 0.01 0.01
0 0.374309 0.137277 0.01 0.01
0 0.252317 0.077451 0.01 0.01
0 0.263012 0.023039 0.01 0.01
0 1.281395 0.046635 0.01 0.01
0 1.310272 0.051181 0.01 0.01
0 1.457331 0.097170 0.01 0.01
0 1.051194 0.030415 0.01 0.01
0 1.032013 0.083162 0.01 0.01
0 0.984061 0.062383 0.01 0.01
0 0.971274 0.027218 0.01 0.01
0 0.868976 0.231814 0.01 0.01
0 0.821024 0.180665 0.01 0.01
0 0.761883 0.161484 0.01 0.01
0 0.718727 0.091154 0.01 0.01
0 0.755490 0.071973 0.01 0.01
0 0.728317 0.012833 0.01 0.01
0 0.838607 0.095949 0.01 0.01
0 0.883362 0.062383 0.01 0.01
0 0.196049 0.011234 0.01 0.01
0 0.141704 0.016029 0.01 0.01
0 0.069776 0.016029 0.01 0.01
0 0.012233 0.011234 0.01 0.01
0 1.233412 0.022423 0.01 0.01
