0 0.014301 0.870788 0.01 0.01
0 0.089326 0.893622 0.01 0.01
0 0.257318 0.929504 0.01 0.01
0 0.239377 0.823489 0.01 0.01
0 0.131732 0.792500 0.01 0.01
0 0.011039 0.768036 0.01 0.01
0 0.195341 0.722368 0.01 0.01
0 0.280152 0.748464 0.01 0.01
0 0.537848 0.821858 0.01 0.01
0 0.730305 0.872419 0.01 0.01
0 0.766187 0.922980 0.01 0.01
0 0.855891 0.828382 0.01 0.01
0 0.898297 0.825120 0.01 0.01
0 0.888511 0.927873 0.01 0.01
0 1.036931 0.856109 0.01 0.01
0 1.102170 0.790869 0.01 0.01
0 1.157624 0.821858 0.01 0.01
0 1.227756 0.926242 0.01 0.01
0 1.294627 0.888729 0.01 0.01
0 1.258745 0.816965 0.01 0.01
0 1.235911 0.763143 0.01 0.01
0 1.345188 0.746833 0.01 0.01
0 1.368021 0.795762 0.01 0.01
0 1.444678 0.908301 0.01 0.01
0 1.045086 0.750095 0.01 0.01
0 0.986370 0.745202 0.01 0.01
0 0.751508 0.766405 0.01 0.01
0 0.709102 0.745202 0.01 0.01
0 0.800437 0.743571 0.01 0.01
0 0.658541 0.676700 0.01 0.01
0 0.089326 0.701165 0.01 0.01
0 0.134586 0.603306 0.01 0.01
0 0.195748 0.631033 0.01 0.01
0 0.225106 0.594335 0.01 0.01
0 0.266696 0.632664 0.01 0.01
0 0.327858 0.633479 0.01 0.01
0 0.428980 0.625324 0.01 0.01
0 0.406146 0.567424 0.01 0.01
0 0.339275 0.566609 0.01 0.01
0 0.252017 0.565793 0.01 0.01
0 0.216136 0.526649 0.01 0.01
0 0.159867 0.529096 0.01 0.01
0 0.097889 0.536435 0.01 0.01
0 0.119907 0.550299 0.01 0.01
0 0.049775 0.533989 0.01 0.01
0 0.020417 0.529911 0.01 0.01
0 0.058745 0.482613 0.01 0.01
0 0.100335 0.463041 0.01 0.01
0 0.127247 0.466303 0.01 0.01
0 0.145188 0.485059 0.01 0.01
0 0.164760 0.476089 0.01 0.01
0 0.183516 0.475273 0.01 0.01
0 0.218582 0.482613 0.01 0.01
0 0.255279 0.490768 0.01 0.01
0 0.269958 0.524203 0.01 0.01
0 0.317257 0.509524 0.01 0.01
0 0.460784 0.556823 0.01 0.01
0 0.392282 0.498923 0.01 0.01
0 0.350692 0.494030 0.01 0.01
0 0.375973 0.462225 0.01 0.01
0 0.453445 0.503000 0.01 0.01
0 0.430611 0.483428 0.01 0.01
0 0.556197 0.610645 0.01 0.01
0 0.549673 0.564978 0.01 0.01
0 0.526024 0.539697 0.01 0.01
0 0.487695 0.472827 0.01 0.01
0 0.512976 0.470380 0.01 0.01
0 0.520315 0.448362 0.01 0.01
0 0.530917 0.489952 0.01 0.01
0 0.574138 0.524203 0.01 0.01
0 0.632038 0.536435 0.01 0.01
0 0.659765 0.595966 0.01 0.01
0 0.685860 0.593520 0.01 0.01
0 0.707063 0.633479 0.01 0.01
0 0.725004 0.525018 0.01 0.01
0 0.704617 0.503815 0.01 0.01
0 0.663842 0.495661 0.01 0.01
0 0.663842 0.463041 0.01 0.01
0 0.629591 0.494845 0.01 0.01
0 0.635300 0.462225 0.01 0.01
0 0.734790 0.483428 0.01 0.01
0 0.705432 0.481797 0.01 0.01
0 0.750284 0.467934 0.01 0.01
0 0.706248 0.450808 0.01 0.01
0 0.706248 0.430421 0.01 0.01
0 0.741314 0.430421 0.01 0.01
0 0.794321 0.438576 0.01 0.01
0 0.789428 0.466303 0.01 0.01
0 0.764148 0.500553 0.01 0.01
0 0.782089 0.554376 0.01 0.01
0 0.784535 0.494030 0.01 0.01
0 0.618990 0.421451 0.01 0.01
0 0.602680 0.454070 0.01 0.01
0 0.583924 0.465487 0.01 0.01
0 0.570876 0.482613 0.01 0.01
0 0.566798 0.429605 0.01 0.01
0 0.596156 0.425528 0.01 0.01
0 0.525208 0.415742 0.01 0.01
0 0.481171 0.401879 0.01 0.01
0 0.386574 0.440207 0.01 0.01
0 0.304209 0.439391 0.01 0.01
0 0.313995 0.465487 0.01 0.01
0 0.329489 0.462225 0.01 0.01
0 0.266696 0.462225 0.01 0.01
0 0.225922 0.452439 0.01 0.01
0 0.197379 0.432867 0.01 0.01
0 0.115014 0.437760 0.01 0.01
0 0.025310 0.404325 0.01 0.01
0 0.067716 0.405141 0.01 0.01
0 0.084026 0.392093 0.01 0.01
0 0.133771 0.406772 0.01 0.01
0 0.159867 0.402694 0.01 0.01
0 0.177807 0.395355 0.01 0.01
0 0.199826 0.403510 0.01 0.01
0 0.229184 0.405141 0.01 0.01
0 0.243047 0.388831 0.01 0.01
0 0.256095 0.383122 0.01 0.01
0 0.268327 0.388831 0.01 0.01
0 0.287899 0.388015 0.01 0.01
0 0.305840 0.403510 0.01 0.01
0 0.280771 0.415802 0.01 0.01
0 0.257030 0.416715 0.01 0.01
0 0.252464 0.442283 0.01 0.01
0 0.324145 0.413062 0.01 0.01
0 0.336929 0.400278 0.01 0.01
0 0.373912 0.412606 0.01 0.01
0 0.395370 0.419911 0.01 0.01
0 0.424134 0.417628 0.01 0.01
0 0.396283 0.397082 0.01 0.01
0 0.443767 0.403018 0.01 0.01
0 0.455181 0.401192 0.01 0.01
0 0.513165 0.391147 0.01 0.01
0 0.393544 0.376993 0.01 0.01
0 0.352453 0.378363 0.01 0.01
0 0.306339 0.370145 0.01 0.01
0 0.287620 0.374711 0.01 0.01
0 0.261139 0.370145 0.01 0.01
0 0.224613 0.380189 0.01 0.01
0 0.201328 0.382472 0.01 0.01
0 0.198132 0.369232 0.01 0.01
0 0.179413 0.366492 0.01 0.01
0 0.180782 0.346860 0.01 0.01
0 0.206350 0.357817 0.01 0.01
0 0.220504 0.342751 0.01 0.01
0 0.225526 0.363753 0.01 0.01
0 0.239680 0.358731 0.01 0.01
0 0.262508 0.358731 0.01 0.01
0 0.275749 0.358274 0.01 0.01
0 0.307709 0.352339 0.01 0.01
0 0.296295 0.343664 0.01 0.01
0 0.331451 0.359187 0.01 0.01
0 0.367520 0.374254 0.01 0.01
0 0.407241 0.370601 0.01 0.01
0 0.405415 0.352339 0.01 0.01
0 0.370259 0.351882 0.01 0.01
0 0.357932 0.346403 0.01 0.01
0 0.346974 0.345033 0.01 0.01
0 0.451072 0.373341 0.01 0.01
0 0.458834 0.376993 0.01 0.01
0 0.478923 0.373341 0.01 0.01
0 0.459747 0.358731 0.01 0.01
0 0.435548 0.350969 0.01 0.01
0 0.415003 0.344577 0.01 0.01
0 0.397197 0.320379 0.01 0.01
0 0.374368 0.324031 0.01 0.01
0 0.506773 0.371058 0.01 0.01
0 0.518188 0.367405 0.01 0.01
0 0.493076 0.371515 0.01 0.01
0 0.528689 0.379276 0.01 0.01
0 0.546038 0.371058 0.01 0.01
0 0.541473 0.413519 0.01 0.01
0 0.550604 0.410323 0.01 0.01
0 0.574802 0.378820 0.01 0.01
0 0.558366 0.373797 0.01 0.01
0 0.588499 0.364666 0.01 0.01
0 0.590782 0.386581 0.01 0.01
0 0.609045 0.371971 0.01 0.01
0 0.613611 0.387494 0.01 0.01
0 0.598544 0.351425 0.01 0.01
0 0.580738 0.353708 0.01 0.01
0 0.583021 0.337728 0.01 0.01
0 0.562475 0.328140 0.01 0.01
0 0.552887 0.324944 0.01 0.01
0 0.536907 0.344120 0.01 0.01
0 0.504034 0.350056 0.01 0.01
0 0.495816 0.347773 0.01 0.01
0 0.478466 0.345947 0.01 0.01
0 0.470248 0.334532 0.01 0.01
0 0.464769 0.321748 0.01 0.01
0 0.441940 0.324031 0.01 0.01
0 0.433266 0.313074 0.01 0.01
0 0.448332 0.319466 0.01 0.01
0 0.451072 0.300746 0.01 0.01
0 0.471161 0.314443 0.01 0.01
0 0.478466 0.310334 0.01 0.01
0 0.483945 0.311704 0.01 0.01
0 0.491707 0.307595 0.01 0.01
0 0.500381 0.322205 0.01 0.01
0 0.512709 0.328140 0.01 0.01
0 0.522297 0.331336 0.01 0.01
0 0.530972 0.321748 0.01 0.01
0 0.541929 0.317639 0.01 0.01
0 0.328255 0.319009 0.01 0.01
0 0.319580 0.319466 0.01 0.01
0 0.271183 0.323118 0.01 0.01
0 0.253834 0.336815 0.01 0.01
0 0.236484 0.337272 0.01 0.01
0 0.228722 0.328140 0.01 0.01
0 0.203611 0.326771 0.01 0.01
0 0.188088 0.316726 0.01 0.01
0 0.171195 0.308508 0.01 0.01
0 0.181696 0.310334 0.01 0.01
0 0.202698 0.310791 0.01 0.01
0 0.187174 0.295724 0.01 0.01
0 0.212286 0.293441 0.01 0.01
0 0.221417 0.306682 0.01 0.01
0 0.248811 0.314443 0.01 0.01
0 0.290359 0.311704 0.01 0.01
0 0.340125 0.309421 0.01 0.01
0 0.332364 0.301659 0.01 0.01
0 0.344691 0.298007 0.01 0.01
0 0.125994 0.326314 0.01 0.01
0 0.148366 0.358731 0.01 0.01
0 0.120515 0.365579 0.01 0.01
0 0.125538 0.384755 0.01 0.01
0 0.165259 0.367862 0.01 0.01
0 0.162976 0.327227 0.01 0.01
0 0.148823 0.323575 0.01 0.01
0 0.096317 0.314443 0.01 0.01
0 0.076228 0.324031 0.01 0.01
0 0.057965 0.317639 0.01 0.01
0 0.060705 0.307595 0.01 0.01
0 0.363410 0.308051 0.01 0.01
0 0.350170 0.306225 0.01 0.01
0 0.383043 0.306225 0.01 0.01
0 0.405415 0.306682 0.01 0.01
0 0.872537 0.629526 0.01 0.01
0 0.802577 0.596212 0.01 0.01
0 0.659324 0.665062 0.01 0.01
0 0.781477 0.647294 0.01 0.01
0 0.882531 0.519588 0.01 0.01
0 0.176264 0.569560 0.01 0.01
0 0.650440 0.395214 0.01 0.01
0 0.664877 0.416313 0.01 0.01
0 0.680423 0.397435 0.01 0.01
0 0.724843 0.405209 0.01 0.01
0 0.693749 0.385220 0.01 0.01
0 0.674871 0.373005 0.01 0.01
0 0.648219 0.369673 0.01 0.01
0 0.636004 0.366342 0.01 0.01
0 0.834225 0.336775 0.01 0.01
0 0.846996 0.336220 0.01 0.01
0 0.860599 0.335942 0.01 0.01
0 0.874897 0.339274 0.01 0.01
0 0.808823 0.326781 0.01 0.01
0 0.797163 0.330529 0.01 0.01
0 0.802438 0.314010 0.01 0.01
0 0.818956 0.303877 0.01 0.01
0 0.876701 0.316925 0.01 0.01
0 0.865735 0.316509 0.01 0.01
0 0.853937 0.312622 0.01 0.01
0 0.888917 0.326364 0.01 0.01
0 0.783421 0.311928 0.01 0.01
0 0.785642 0.324976 0.01 0.01
0 0.770650 0.319424 0.01 0.01
0 0.725953 0.316648 0.01 0.01
0 0.707908 0.314982 0.01 0.01
0 0.690418 0.310262 0.01 0.01
0 0.772871 0.368285 0.01 0.01
0 0.746497 0.376058 0.01 0.01
0 0.724288 0.382444 0.01 0.01
0 0.706797 0.372449 0.01 0.01
0 0.753993 0.389384 0.01 0.01
0 0.803410 0.376891 0.01 0.01
0 0.812571 0.372449 0.01 0.01
0 0.836446 0.387163 0.01 0.01
0 0.816458 0.363288 0.01 0.01
0 0.875313 0.364676 0.01 0.01
0 0.851993 0.323866 0.01 0.01
0 0.353108 0.315815 0.01 0.01
0 0.346168 0.323866 0.01 0.01
0 0.150168 0.290274 0.01 0.01
0 0.152389 0.301934 0.01 0.01
0 0.269545 0.306376 0.01 0.01
0 0.255108 0.306376 0.01 0.01
0 0.230400 0.313039 0.01 0.01
0 0.297307 0.302211 0.01 0.01
0 0.283703 0.297492 0.01 0.01
0 0.276207 0.303877 0.01 0.01
0 0.262604 0.303322 0.01 0.01
0 0.246780 0.293327 0.01 0.01
0 0.227901 0.297769 0.01 0.01
0 0.220683 0.291662 0.01 0.01
0 0.239006 0.283888 0.01 0.01
0 0.233176 0.290829 0.01 0.01
0 0.233454 0.280279 0.01 0.01
0 0.244559 0.266953 0.01 0.01
0 0.258162 0.264455 0.01 0.01
0 0.268712 0.273339 0.01 0.01
0 0.283703 0.242800 0.01 0.01
0 0.298972 0.243078 0.01 0.01
0 0.307856 0.226143 0.01 0.01
0 0.315907 0.226976 0.01 0.01
0 0.330899 0.233917 0.01 0.01
0 0.342559 0.230030 0.01 0.01
0 0.174598 0.236970 0.01 0.01
0 0.170434 0.238914 0.01 0.01
0 0.164326 0.236693 0.01 0.01
0 0.168213 0.294438 0.01 0.01
0 0.178485 0.287220 0.01 0.01
0 0.177374 0.275282 0.01 0.01
0 0.186814 0.272506 0.01 0.01
0 0.193199 0.280279 0.01 0.01
0 0.195697 0.287497 0.01 0.01
0 0.199584 0.295826 0.01 0.01
0 0.180984 0.325809 0.01 0.01
0 0.137397 0.287497 0.01 0.01
0 0.136842 0.272783 0.01 0.01
0 0.307579 0.301656 0.01 0.01
0 0.325346 0.287497 0.01 0.01
0 0.319516 0.289996 0.01 0.01
0 0.320627 0.303322 0.01 0.01
0 0.353108 0.285276 0.01 0.01
0 0.353941 0.294160 0.01 0.01
0 0.257884 0.280002 0.01 0.01
0 0.253720 0.291384 0.01 0.01
0 0.245392 0.279169 0.01 0.01
0 0.272598 0.286665 0.01 0.01
0 0.281205 0.288608 0.01 0.01
0 0.317018 0.284721 0.01 0.01
0 0.225680 0.273616 0.01 0.01
0 0.223182 0.254183 0.01 0.01
0 0.228734 0.255016 0.01 0.01
0 0.217629 0.266953 0.01 0.01
0 0.234287 0.254183 0.01 0.01
0 0.312853 0.276948 0.01 0.01
0 0.320904 0.273061 0.01 0.01
0 0.333675 0.265288 0.01 0.01
0 0.305358 0.279446 0.01 0.01
0 0.306746 0.260013 0.01 0.01
0 0.309800 0.256126 0.01 0.01
0 0.233731 0.241135 0.01 0.01
0 0.278428 0.272228 0.01 0.01
0 0.375041 0.288053 0.01 0.01
0 0.390310 0.299713 0.01 0.01
0 0.394474 0.303322 0.01 0.01
0 0.415573 0.299990 0.01 0.01
0 0.430287 0.288608 0.01 0.01
0 0.424457 0.285276 0.01 0.01
0 0.420015 0.281945 0.01 0.01
0 0.403913 0.281112 0.01 0.01
0 0.425012 0.266953 0.01 0.01
0 0.357550 0.241690 0.01 0.01
0 0.368378 0.240024 0.01 0.01
0 0.381703 0.248075 0.01 0.01
0 0.388644 0.247520 0.01 0.01
0 0.395307 0.248630 0.01 0.01
0 0.435007 0.247798 0.01 0.01
0 0.439449 0.248908 0.01 0.01
0 0.478038 0.232528 0.01 0.01
0 0.452219 0.255849 0.01 0.01
0 0.469709 0.275560 0.01 0.01
0 0.465823 0.281667 0.01 0.01
0 0.466100 0.294993 0.01 0.01
0 0.373652 0.277225 0.01 0.01
0 0.339227 0.277781 0.01 0.01
0 0.342559 0.276393 0.01 0.01
0 0.318961 0.258347 0.01 0.01
0 0.292032 0.277503 0.01 0.01
0 0.443058 0.270840 0.01 0.01
0 0.435839 0.266121 0.01 0.01
0 0.432230 0.263900 0.01 0.01
0 0.397805 0.278891 0.01 0.01
0 0.402525 0.294716 0.01 0.01
0 0.393363 0.287220 0.01 0.01
0 0.448610 0.280557 0.01 0.01
0 0.479981 0.285832 0.01 0.01
0 0.527732 0.300823 0.01 0.01
0 0.542168 0.305265 0.01 0.01
0 0.555494 0.304710 0.01 0.01
0 0.579925 0.324699 0.01 0.01
0 0.574372 0.307486 0.01 0.01
0 0.589364 0.312483 0.01 0.01
0 0.547721 0.292495 0.01 0.01
0 0.521069 0.290829 0.01 0.01
0 0.537726 0.279724 0.01 0.01
0 0.552163 0.273061 0.01 0.01
0 0.572707 0.283611 0.01 0.01
0 0.562712 0.288608 0.01 0.01
0 0.478315 0.273616 0.01 0.01
0 0.497194 0.274727 0.01 0.01
0 0.515517 0.261401 0.01 0.01
0 0.583256 0.268619 0.01 0.01
0 0.366712 0.259735 0.01 0.01
0 0.155165 0.244744 0.01 0.01
0 0.164049 0.244189 0.01 0.01
0 0.547721 0.264732 0.01 0.01
0 0.539392 0.261956 0.01 0.01
0 0.537171 0.250851 0.01 0.01
0 0.544944 0.252517 0.01 0.01
0 0.223460 0.445186 0.01 0.01
0 0.247890 0.240302 0.01 0.01
0 0.226791 0.263622 0.01 0.01
0 0.300638 0.263067 0.01 0.01
0 0.295641 0.268064 0.01 0.01
0 0.285091 0.273061 0.01 0.01
0 0.497749 0.296381 0.01 0.01
0 0.517738 0.302489 0.01 0.01
0 0.538837 0.290274 0.01 0.01
0 0.546610 0.278614 0.01 0.01
0 0.596027 0.333582 0.01 0.01
0 0.467211 0.260846 0.01 0.01
0 0.380038 0.262512 0.01 0.01
0 0.492752 0.236970 0.01 0.01
0 0.497749 0.238081 0.01 0.01
0 0.504967 0.235305 0.01 0.01
0 0.569930 0.257514 0.01 0.01
0 0.576038 0.255849 0.01 0.01
0 0.565488 0.235860 0.01 0.01
0 0.557715 0.234749 0.01 0.01
0 0.573817 0.235860 0.01 0.01
0 0.592695 0.266398 0.01 0.01
0 0.589919 0.300268 0.01 0.01
0 0.596027 0.289718 0.01 0.01
0 0.596582 0.280279 0.01 0.01
0 0.483313 0.260846 0.01 0.01
0 0.389477 0.258625 0.01 0.01
0 0.332842 0.282500 0.01 0.01
0 0.354497 0.265843 0.01 0.01
0 0.566599 0.306376 0.01 0.01
0 0.038399 0.401698 0.01 0.01
0 0.015223 0.460839 0.01 0.01
0 0.051187 0.456043 0.01 0.01
0 0.032805 0.492008 0.01 0.01
0 0.063974 0.506393 0.01 0.01
0 0.186252 0.504795 0.01 0.01
0 0.087950 0.375324 0.01 0.01
0 0.049588 0.388111 0.01 0.01
0 0.027211 0.378521 0.01 0.01
0 0.007231 0.384915 0.01 0.01
0 0.015223 0.344155 0.01 0.01
0 0.026411 0.336963 0.01 0.01
0 0.037600 0.365734 0.01 0.01
0 0.055183 0.359340 0.01 0.01
0 0.050387 0.334565 0.01 0.01
0 0.088749 0.354545 0.01 0.01
0 0.099938 0.340159 0.01 0.01
0 0.108729 0.338561 0.01 0.01
0 0.010427 0.309790 0.01 0.01
0 0.014423 0.323376 0.01 0.01
0 0.032805 0.306593 0.01 0.01
0 0.015223 0.293806 0.01 0.01
0 0.003235 0.297802 0.01 0.01
0 0.047990 0.294605 0.01 0.01
0 0.079958 0.292207 0.01 0.01
0 0.071966 0.297802 0.01 0.01
0 0.089548 0.298601 0.01 0.01
0 0.095942 0.298601 0.01 0.01
0 0.104733 0.300999 0.01 0.01
0 0.111926 0.300999 0.01 0.01
0 0.106332 0.289010 0.01 0.01
0 0.108729 0.277822 0.01 0.01
0 0.100737 0.277022 0.01 0.01
0 0.092745 0.285814 0.01 0.01
0 0.092745 0.276223 0.01 0.01
0 0.118320 0.280219 0.01 0.01
0 0.116721 0.285814 0.01 0.01
0 0.445592 0.874025 0.01 0.01
0 0.364074 0.827672 0.01 0.01
0 0.349688 0.915584 0.01 0.01
0 0.418419 0.787712 0.01 0.01
0 0.442395 0.752547 0.01 0.01
0 0.496741 0.726973 0.01 0.01
0 0.514324 0.674225 0.01 0.01
0 0.455183 0.666233 0.01 0.01
0 1.011426 0.687012 0.01 0.01
0 0.934703 0.658241 0.01 0.01
0 0.982655 0.632667 0.01 0.01
0 1.017820 0.631068 0.01 0.01
0 1.054583 0.619880 0.01 0.01
0 0.992246 0.567132 0.01 0.01
0 1.009828 0.536763 0.01 0.01
0 0.973065 0.511188 0.01 0.01
0 0.953884 0.482417 0.01 0.01
0 0.937900 0.515984 0.01 0.01
0 0.864373 0.500000 0.01 0.01
0 0.846791 0.485614 0.01 0.01
0 0.838799 0.464835 0.01 0.01
0 0.872365 0.458441 0.01 0.01
0 0.851586 0.418481 0.01 0.01
0 0.873964 0.405694 0.01 0.01
0 0.902735 0.383316 0.01 0.01
0 0.901137 0.447252 0.01 0.01
0 0.947490 0.432867 0.01 0.01
0 0.961876 0.439260 0.01 0.01
0 1.080158 0.698201 0.01 0.01
0 1.121716 0.687012 0.01 0.01
0 1.195243 0.723776 0.01 0.01
0 1.257580 0.699800 0.01 0.01
0 1.276761 0.611888 0.01 0.01
0 1.225612 0.600699 0.01 0.01
0 1.185652 0.562337 0.01 0.01
0 1.160078 0.568731 0.01 0.01
0 1.112126 0.586313 0.01 0.01
0 1.081756 0.536763 0.01 0.01
0 1.041796 0.519180 0.01 0.01
0 1.008230 0.496803 0.01 0.01
0 0.973065 0.469630 0.01 0.01
0 1.011426 0.468031 0.01 0.01
0 1.033804 0.472827 0.01 0.01
0 1.005033 0.453646 0.01 0.01
0 1.067370 0.461638 0.01 0.01
0 1.075362 0.484015 0.01 0.01
0 1.076961 0.506393 0.01 0.01
0 1.316721 0.679020 0.01 0.01
0 1.401436 0.715784 0.01 0.01
0 1.590048 0.827672 0.01 0.01
0 1.466971 0.698201 0.01 0.01
0 1.450987 0.627872 0.01 0.01
0 1.383854 0.664635 0.01 0.01
0 1.388649 0.632667 0.01 0.01
0 1.340697 0.613486 0.01 0.01
0 1.340697 0.579920 0.01 0.01
0 1.287950 0.552747 0.01 0.01
0 1.289548 0.523976 0.01 0.01
0 1.134104 0.526373 0.01 0.01
0 1.158879 0.508791 0.01 0.01
0 1.156481 0.476823 0.01 0.01
0 1.132505 0.492807 0.01 0.01
0 1.116521 0.481618 0.01 0.01
0 1.117321 0.443256 0.01 0.01
0 1.105333 0.448851 0.01 0.01
0 1.185253 0.501598 0.01 0.01
0 1.205233 0.535964 0.01 0.01
0 1.236401 0.499200 0.01 0.01
0 1.225213 0.538361 0.01 0.01
0 1.426611 0.573526 0.01 0.01
0 1.367470 0.588711 0.01 0.01
0 1.392246 0.556743 0.01 0.01
0 1.429808 0.544755 0.01 0.01
0 1.521716 0.594305 0.01 0.01
0 1.477760 0.631068 0.01 0.01
0 1.491346 0.645454 0.01 0.01
0 1.588849 0.604695 0.01 0.01
0 1.532106 0.507192 0.01 0.01
0 1.474563 0.470429 0.01 0.01
0 1.385053 0.476023 0.01 0.01
0 1.421816 0.464035 0.01 0.01
0 1.041796 0.381718 0.01 0.01
0 0.898339 0.352147 0.01 0.01
0 0.915123 0.359340 0.01 0.01
0 0.937500 0.359340 0.01 0.01
0 0.950288 0.369730 0.01 0.01
0 0.969468 0.368931 0.01 0.01
0 0.996641 0.356943 0.01 0.01
0 0.979059 0.356143 0.01 0.01
0 0.957480 0.346553 0.01 0.01
0 0.943894 0.339360 0.01 0.01
0 0.929508 0.342557 0.01 0.01
0 0.917520 0.344155 0.01 0.01
0 0.900737 0.334565 0.01 0.01
0 0.912725 0.329770 0.01 0.01
0 0.928709 0.325774 0.01 0.01
0 0.951886 0.318581 0.01 0.01
0 0.962276 0.318581 0.01 0.01
0 0.975063 0.323376 0.01 0.01
0 0.975063 0.344955 0.01 0.01
0 0.982256 0.332967 0.01 0.01
0 1.001436 0.343356 0.01 0.01
0 1.010228 0.352947 0.01 0.01
0 1.007031 0.367332 0.01 0.01
0 1.021416 0.383316 0.01 0.01
0 1.032605 0.370529 0.01 0.01
0 1.021416 0.363336 0.01 0.01
0 1.031007 0.355344 0.01 0.01
0 1.046192 0.349750 0.01 0.01
0 1.062975 0.356143 0.01 0.01
0 1.058979 0.369730 0.01 0.01
0 1.071766 0.385714 0.01 0.01
0 1.088549 0.376923 0.01 0.01
0 1.109329 0.381718 0.01 0.01
0 1.121317 0.401698 0.01 0.01
0 1.144493 0.407292 0.01 0.01
0 1.145293 0.387312 0.01 0.01
0 1.126911 0.387312 0.01 0.01
0 1.173265 0.404095 0.01 0.01
0 1.194044 0.404895 0.01 0.01
0 1.180457 0.396103 0.01 0.01
0 1.214024 0.406493 0.01 0.01
0 1.198839 0.392907 0.01 0.01
0 1.194843 0.377722 0.01 0.01
0 1.180457 0.371328 0.01 0.01
0 1.213225 0.379320 0.01 0.01
0 1.224413 0.380119 0.01 0.01
0 1.242795 0.389710 0.01 0.01
0 1.227610 0.392907 0.01 0.01
0 1.265173 0.409690 0.01 0.01
0 1.276361 0.402497 0.01 0.01
0 1.284353 0.404095 0.01 0.01
0 1.299538 0.421678 0.01 0.01
0 1.295542 0.400099 0.01 0.01
0 1.300337 0.387312 0.01 0.01
0 1.333105 0.412887 0.01 0.01
0 1.310727 0.455244 0.01 0.01
0 1.351486 0.455244 0.01 0.01
0 1.346691 0.430469 0.01 0.01
0 1.390647 0.443256 0.01 0.01
0 1.393844 0.418481 0.01 0.01
0 1.375462 0.412087 0.01 0.01
0 1.353085 0.404095 0.01 0.01
0 1.445792 0.464035 0.01 0.01
0 1.462575 0.449650 0.01 0.01
0 1.448989 0.433666 0.01 0.01
0 1.437001 0.412887 0.01 0.01
0 1.421017 0.400099 0.01 0.01
0 1.399438 0.383316 0.01 0.01
0 1.418619 0.378521 0.01 0.01
0 1.429808 0.372927 0.01 0.01
0 1.466571 0.400099 0.01 0.01
0 1.459378 0.413686 0.01 0.01
0 1.439398 0.382517 0.01 0.01
0 1.480957 0.416083 0.01 0.01
0 1.501736 0.473626 0.01 0.01
0 1.488150 0.472827 0.01 0.01
0 1.516122 0.441658 0.01 0.01
0 1.513724 0.476823 0.01 0.01
0 1.584054 0.501598 0.01 0.01
0 1.584054 0.472027 0.01 0.01
0 1.552086 0.481618 0.01 0.01
0 1.557680 0.462437 0.01 0.01
0 1.563275 0.451248 0.01 0.01
0 1.541696 0.424075 0.01 0.01
0 1.565672 0.424875 0.01 0.01
0 1.588050 0.426473 0.01 0.01
0 1.547291 0.409690 0.01 0.01
0 1.558479 0.408891 0.01 0.01
0 1.576062 0.406493 0.01 0.01
0 1.550487 0.383316 0.01 0.01
0 1.509728 0.396103 0.01 0.01
0 1.521716 0.388111 0.01 0.01
0 1.524913 0.376123 0.01 0.01
0 1.534503 0.387312 0.01 0.01
0 1.577660 0.380919 0.01 0.01
0 1.563275 0.374525 0.01 0.01
0 1.590447 0.374525 0.01 0.01
0 1.567271 0.363336 0.01 0.01
0 1.553684 0.354545 0.01 0.01
0 1.537700 0.357742 0.01 0.01
0 1.518519 0.364935 0.01 0.01
0 1.490547 0.380919 0.01 0.01
0 1.480158 0.392907 0.01 0.01
0 1.462575 0.381718 0.01 0.01
0 1.452985 0.364135 0.01 0.01
0 1.429009 0.355344 0.01 0.01
0 1.426611 0.344155 0.01 0.01
0 1.463374 0.352947 0.01 0.01
0 1.480158 0.353746 0.01 0.01
0 1.495342 0.346553 0.01 0.01
0 1.504933 0.356143 0.01 0.01
0 1.481756 0.343356 0.01 0.01
0 1.473764 0.341758 0.01 0.01
0 1.481756 0.332167 0.01 0.01
0 1.504933 0.340959 0.01 0.01
0 1.524114 0.344955 0.01 0.01
0 1.376262 0.389710 0.01 0.01
0 1.368270 0.392107 0.01 0.01
0 1.341097 0.388911 0.01 0.01
0 1.355482 0.384115 0.01 0.01
0 1.359478 0.371328 0.01 0.01
0 1.383454 0.372927 0.01 0.01
0 1.452186 0.340959 0.01 0.01
0 1.448989 0.330569 0.01 0.01
0 1.438599 0.330569 0.01 0.01
0 1.461776 0.333766 0.01 0.01
0 1.394643 0.352147 0.01 0.01
0 1.409828 0.348151 0.01 0.01
0 1.384254 0.343356 0.01 0.01
0 1.373065 0.354545 0.01 0.01
0 1.366671 0.348951 0.01 0.01
0 1.347490 0.363336 0.01 0.01
0 1.324314 0.380919 0.01 0.01
0 1.309928 0.373726 0.01 0.01
0 1.521716 0.332167 0.01 0.01
0 1.512925 0.328971 0.01 0.01
0 1.500937 0.329770 0.01 0.01
0 1.530507 0.331368 0.01 0.01
0 1.537700 0.340959 0.01 0.01
0 1.552885 0.343356 0.01 0.01
0 1.564873 0.344955 0.01 0.01
0 1.574463 0.347352 0.01 0.01
0 1.588849 0.342557 0.01 0.01
0 1.570467 0.335364 0.01 0.01
0 1.329109 0.362537 0.01 0.01
0 1.317920 0.343356 0.01 0.01
0 1.305133 0.355344 0.01 0.01
0 1.289149 0.362537 0.01 0.01
0 1.279558 0.361738 0.01 0.01
0 1.266771 0.380119 0.01 0.01
0 1.257980 0.384115 0.01 0.01
0 1.253185 0.368931 0.01 0.01
0 1.248389 0.357742 0.01 0.01
0 1.240397 0.348151 0.01 0.01
0 1.207630 0.344955 0.01 0.01
0 1.212425 0.344955 0.01 0.01
0 1.196441 0.350549 0.01 0.01
0 1.192445 0.359340 0.01 0.01
0 1.174863 0.339360 0.01 0.01
0 1.156481 0.350549 0.01 0.01
0 1.142895 0.368131 0.01 0.01
0 1.133305 0.366533 0.01 0.01
0 1.112525 0.352147 0.01 0.01
0 1.106132 0.359340 0.01 0.01
0 1.098939 0.353746 0.01 0.01
0 1.098939 0.362537 0.01 0.01
0 1.078959 0.357742 0.01 0.01
0 1.089348 0.340959 0.01 0.01
0 1.063774 0.346553 0.01 0.01
0 1.064573 0.328971 0.01 0.01
0 1.047790 0.332967 0.01 0.01
0 1.143694 0.351348 0.01 0.01
0 1.131706 0.351348 0.01 0.01
0 1.123714 0.352147 0.01 0.01
0 1.125313 0.338561 0.01 0.01
0 1.114923 0.340959 0.01 0.01
0 1.108529 0.337762 0.01 0.01
0 1.023814 0.332967 0.01 0.01
0 1.010228 0.324175 0.01 0.01
0 0.990248 0.324175 0.01 0.01
0 1.246791 0.340959 0.01 0.01
0 1.234004 0.336163 0.01 0.01
0 1.230807 0.360939 0.01 0.01
0 1.214823 0.360139 0.01 0.01
0 1.265972 0.336163 0.01 0.01
0 1.286751 0.349750 0.01 0.01
0 1.289948 0.340959 0.01 0.01
0 1.280357 0.338561 0.01 0.01
0 1.286751 0.327372 0.01 0.01
0 1.280357 0.325774 0.01 0.01
0 1.271566 0.325774 0.01 0.01
0 1.259578 0.320179 0.01 0.01
0 1.251586 0.320979 0.01 0.01
0 1.246791 0.317782 0.01 0.01
0 1.211626 0.327372 0.01 0.01
0 1.202036 0.329770 0.01 0.01
0 1.188449 0.324175 0.01 0.01
0 1.178060 0.324175 0.01 0.01
0 1.167670 0.322577 0.01 0.01
0 1.162076 0.328971 0.01 0.01
0 1.155682 0.320979 0.01 0.01
0 1.142895 0.332167 0.01 0.01
0 1.118120 0.327372 0.01 0.01
0 1.126911 0.328171 0.01 0.01
0 1.096541 0.325774 0.01 0.01
0 1.108529 0.322577 0.01 0.01
0 1.079758 0.320179 0.01 0.01
0 1.077360 0.332167 0.01 0.01
0 1.057380 0.324975 0.01 0.01
0 1.035003 0.318581 0.01 0.01
0 1.042995 0.319380 0.01 0.01
0 1.052585 0.311388 0.01 0.01
0 1.060577 0.314585 0.01 0.01
0 1.067770 0.318581 0.01 0.01
0 1.034204 0.326573 0.01 0.01
0 1.023015 0.320179 0.01 0.01
0 1.003834 0.316983 0.01 0.01
0 0.996641 0.316183 0.01 0.01
0 0.945492 0.459240 0.01 0.01
0 0.802435 0.407292 0.01 0.01
0 0.836801 0.303396 0.01 0.01
0 0.814423 0.314585 0.01 0.01
0 0.830407 0.314585 0.01 0.01
0 0.855183 0.294605 0.01 0.01
0 0.844793 0.302597 0.01 0.01
0 0.842395 0.314585 0.01 0.01
0 0.883155 0.310589 0.01 0.01
0 0.897540 0.304195 0.01 0.01
0 0.890347 0.312987 0.01 0.01
0 1.307530 0.333766 0.01 0.01
0 1.326711 0.329770 0.01 0.01
0 1.344294 0.329770 0.01 0.01
0 1.334703 0.328971 0.01 0.01
0 1.358679 0.340159 0.01 0.01
0 1.350687 0.347352 0.01 0.01
0 1.345093 0.340959 0.01 0.01
0 1.364274 0.330569 0.01 0.01
0 1.373065 0.332167 0.01 0.01
0 1.389848 0.332967 0.01 0.01
0 1.400238 0.325774 0.01 0.01
0 1.421816 0.328971 0.01 0.01
0 1.427410 0.330569 0.01 0.01
0 1.168469 0.313786 0.01 0.01
0 1.178859 0.315384 0.01 0.01
0 1.226012 0.324175 0.01 0.01
0 1.218819 0.312987 0.01 0.01
0 1.210028 0.316183 0.01 0.01
0 1.103734 0.306593 0.01 0.01
0 1.543295 0.323376 0.01 0.01
0 1.082955 0.306593 0.01 0.01
0 1.110927 0.312987 0.01 0.01
0 1.123714 0.316183 0.01 0.01
0 1.130907 0.307392 0.01 0.01
0 1.131706 0.318581 0.01 0.01
0 1.138100 0.312187 0.01 0.01
0 1.137301 0.301798 0.01 0.01
0 0.971067 0.310589 0.01 0.01
0 0.960677 0.310589 0.01 0.01
0 0.937500 0.307392 0.01 0.01
0 0.948689 0.304195 0.01 0.01
0 0.914324 0.298601 0.01 0.01
0 0.620617 0.356943 0.01 0.01
0 0.627810 0.381718 0.01 0.01
0 0.638200 0.392107 0.01 0.01
0 0.653384 0.352147 0.01 0.01
0 0.637400 0.351348 0.01 0.01
0 0.638999 0.328171 0.01 0.01
0 0.604633 0.331368 0.01 0.01
0 0.615822 0.333766 0.01 0.01
0 0.601436 0.317782 0.01 0.01
0 0.607830 0.311388 0.01 0.01
0 0.624613 0.305794 0.01 0.01
0 0.626212 0.311388 0.01 0.01
0 0.632605 0.316183 0.01 0.01
0 0.650188 0.327372 0.01 0.01
0 0.658180 0.325774 0.01 0.01
0 0.672565 0.326573 0.01 0.01
0 0.666172 0.336163 0.01 0.01
0 0.674963 0.346553 0.01 0.01
0 0.690947 0.353746 0.01 0.01
0 0.726911 0.356143 0.01 0.01
0 0.712525 0.358541 0.01 0.01
0 0.697340 0.338561 0.01 0.01
0 0.694144 0.332167 0.01 0.01
0 0.669368 0.308991 0.01 0.01
0 0.650188 0.313786 0.01 0.01
0 0.656581 0.308991 0.01 0.01
0 0.643794 0.303396 0.01 0.01
0 0.653384 0.304195 0.01 0.01
0 0.604633 0.297802 0.01 0.01
0 0.617420 0.297802 0.01 0.01
0 0.631806 0.296203 0.01 0.01
0 0.639798 0.294605 0.01 0.01
0 0.647790 0.294605 0.01 0.01
0 0.655782 0.293806 0.01 0.01
0 0.663774 0.293806 0.01 0.01
0 0.680557 0.301798 0.01 0.01
0 0.687750 0.302597 0.01 0.01
0 0.697340 0.301798 0.01 0.01
0 0.707730 0.296203 0.01 0.01
0 0.696541 0.290609 0.01 0.01
0 0.686152 0.289010 0.01 0.01
0 0.664573 0.285814 0.01 0.01
0 0.650987 0.282617 0.01 0.01
0 0.654184 0.282617 0.01 0.01
0 0.638200 0.285014 0.01 0.01
0 0.623015 0.287412 0.01 0.01
0 0.620617 0.287412 0.01 0.01
0 0.611027 0.291408 0.01 0.01
0 0.601436 0.284215 0.01 0.01
0 0.264174 0.231468 0.01 0.01
0 0.260178 0.249850 0.01 0.01
0 0.270567 0.249850 0.01 0.01
0 0.274563 0.249850 0.01 0.01
0 0.280158 0.249850 0.01 0.01
0 0.260178 0.255444 0.01 0.01
0 0.268969 0.255444 0.01 0.01
0 0.274563 0.257042 0.01 0.01
0 0.280158 0.257042 0.01 0.01
0 0.284154 0.258641 0.01 0.01
0 0.262575 0.265834 0.01 0.01
0 0.274563 0.265834 0.01 0.01
0 0.282555 0.262637 0.01 0.01
0 0.320917 0.248251 0.01 0.01
0 0.340098 0.257842 0.01 0.01
0 0.349688 0.259440 0.01 0.01
0 0.344893 0.253846 0.01 0.01
0 0.354483 0.249850 0.01 0.01
0 0.346491 0.249850 0.01 0.01
0 0.343295 0.249050 0.01 0.01
0 0.330507 0.251448 0.01 0.01
0 0.397640 0.255444 0.01 0.01
0 0.408829 0.264235 0.01 0.01
0 0.424014 0.244255 0.01 0.01
0 0.406431 0.253046 0.01 0.01
0 0.606232 0.264235 0.01 0.01
0 0.611826 0.262637 0.01 0.01
0 0.622216 0.269830 0.01 0.01
0 0.627810 0.269830 0.01 0.01
0 0.615822 0.278621 0.01 0.01
0 0.662975 0.271428 0.01 0.01
0 0.727710 0.300999 0.01 0.01
0 0.715722 0.290609 0.01 0.01
0 0.698939 0.281018 0.01 0.01
0 0.706931 0.281818 0.01 0.01
0 0.715722 0.285014 0.01 0.01
0 0.719718 0.279420 0.01 0.01
0 0.732505 0.285014 0.01 0.01
0 0.748489 0.307392 0.01 0.01
0 0.739698 0.307392 0.01 0.01
0 0.762875 0.303396 0.01 0.01
0 0.772465 0.304995 0.01 0.01
0 0.714124 0.344155 0.01 0.01
0 0.582256 0.285014 0.01 0.01
0 0.572665 0.293007 0.01 0.01
0 0.579858 0.297003 0.01 0.01
0 0.750088 0.297003 0.01 0.01
0 0.765273 0.297003 0.01 0.01
0 0.772465 0.288211 0.01 0.01
0 0.763674 0.289010 0.01 0.01
0 0.754084 0.289010 0.01 0.01
0 0.742895 0.283416 0.01 0.01
0 0.750088 0.283416 0.01 0.01
0 0.744493 0.275424 0.01 0.01
0 0.738899 0.275424 0.01 0.01
0 0.733305 0.275424 0.01 0.01
0 0.686152 0.265834 0.01 0.01
0 0.676561 0.267432 0.01 0.01
0 0.599838 0.251448 0.01 0.01
0 0.604633 0.251448 0.01 0.01
0 0.619019 0.249850 0.01 0.01
0 0.627810 0.254645 0.01 0.01
0 0.637400 0.257042 0.01 0.01
0 0.642995 0.254645 0.01 0.01
0 0.645392 0.253846 0.01 0.01
0 0.661376 0.257042 0.01 0.01
0 0.682156 0.257042 0.01 0.01
0 0.685352 0.257042 0.01 0.01
0 0.674963 0.257842 0.01 0.01
0 0.694943 0.259440 0.01 0.01
0 0.712525 0.249850 0.01 0.01
0 0.703734 0.260239 0.01 0.01
0 0.724513 0.258641 0.01 0.01
0 0.730108 0.257842 0.01 0.01
0 0.618220 0.258641 0.01 0.01
0 0.567870 0.268231 0.01 0.01
0 0.575862 0.274625 0.01 0.01
0 0.559079 0.277022 0.01 0.01
0 0.479958 0.253846 0.01 0.01
0 0.472765 0.253046 0.01 0.01
0 0.450387 0.248251 0.01 0.01
0 0.459179 0.252247 0.01 0.01
0 0.745293 0.262637 0.01 0.01
0 0.765273 0.278621 0.01 0.01
0 0.772465 0.278621 0.01 0.01
0 0.786052 0.299400 0.01 0.01
0 0.776461 0.294605 0.01 0.01
0 0.786851 0.283416 0.01 0.01
0 0.797241 0.286613 0.01 0.01
0 0.769269 0.259440 0.01 0.01
0 0.758879 0.259440 0.01 0.01
0 0.782056 0.272227 0.01 0.01
0 0.774064 0.269830 0.01 0.01
0 0.766871 0.269030 0.01 0.01
0 0.779658 0.257842 0.01 0.01
0 0.790048 0.261038 0.01 0.01
0 0.795642 0.261038 0.01 0.01
0 0.804433 0.259440 0.01 0.01
0 0.797241 0.274625 0.01 0.01
0 0.806032 0.277022 0.01 0.01
0 0.809229 0.288211 0.01 0.01
0 0.814024 0.283416 0.01 0.01
0 0.821217 0.273826 0.01 0.01
0 0.828409 0.271428 0.01 0.01
0 0.829209 0.261038 0.01 0.01
0 0.820417 0.264235 0.01 0.01
0 0.834803 0.262637 0.01 0.01
0 0.833205 0.264235 0.01 0.01
0 0.847590 0.264235 0.01 0.01
0 0.849988 0.269830 0.01 0.01
0 0.845992 0.280219 0.01 0.01
0 0.832405 0.288211 0.01 0.01
0 0.870767 0.296203 0.01 0.01
0 0.876361 0.296203 0.01 0.01
0 0.885952 0.297003 0.01 0.01
0 0.882755 0.286613 0.01 0.01
0 0.868369 0.281018 0.01 0.01
0 0.021616 0.289810 0.01 0.01
0 0.014423 0.285014 0.01 0.01
0 0.003235 0.280219 0.01 0.01
0 0.025612 0.279420 0.01 0.01
0 0.032805 0.270629 0.01 0.01
0 0.037600 0.279420 0.01 0.01
0 0.042395 0.272227 0.01 0.01
0 0.045592 0.280219 0.01 0.01
0 0.052785 0.272227 0.01 0.01
0 0.047990 0.262637 0.01 0.01
0 0.025612 0.264235 0.01 0.01
0 0.013624 0.262637 0.01 0.01
0 0.003235 0.260239 0.01 0.01
0 0.076761 0.283416 0.01 0.01
0 0.059978 0.287412 0.01 0.01
0 0.051986 0.288211 0.01 0.01
0 0.073564 0.269030 0.01 0.01
0 0.060777 0.262637 0.01 0.01
0 0.077560 0.259440 0.01 0.01
0 0.083155 0.265034 0.01 0.01
0 0.090347 0.261038 0.01 0.01
0 0.102335 0.262637 0.01 0.01
0 0.102335 0.253846 0.01 0.01
0 0.114324 0.253046 0.01 0.01
0 0.121516 0.249050 0.01 0.01
0 0.133504 0.250649 0.01 0.01
0 0.130308 0.236263 0.01 0.01
0 0.124713 0.237062 0.01 0.01
0 0.118320 0.239460 0.01 0.01
0 0.111926 0.240259 0.01 0.01
0 0.104733 0.244255 0.01 0.01
0 0.101536 0.241858 0.01 0.01
0 0.095942 0.242657 0.01 0.01
0 0.091147 0.234665 0.01 0.01
0 0.093544 0.235464 0.01 0.01
0 0.044793 0.255444 0.01 0.01
0 0.005632 0.233066 0.01 0.01
0 0.003235 0.238661 0.01 0.01
0 0.012825 0.233866 0.01 0.01
0 0.012825 0.239460 0.01 0.01
0 0.012825 0.249850 0.01 0.01
0 0.020817 0.229870 0.01 0.01
0 0.024813 0.242657 0.01 0.01
0 0.036801 0.233066 0.01 0.01
0 0.036801 0.236263 0.01 0.01
0 0.034403 0.245054 0.01 0.01
0 0.051187 0.231468 0.01 0.01
0 0.045592 0.239460 0.01 0.01
0 0.045592 0.244255 0.01 0.01
0 0.038399 0.256243 0.01 0.01
0 0.029608 0.246653 0.01 0.01
0 0.020817 0.248251 0.01 0.01
0 0.020817 0.248251 0.01 0.01
0 0.075163 0.237062 0.01 0.01
0 0.067171 0.243456 0.01 0.01
0 0.061576 0.234665 0.01 0.01
0 0.151087 0.259440 0.01 0.01
0 0.138300 0.261038 0.01 0.01
0 0.123115 0.261838 0.01 0.01
0 0.176661 0.251448 0.01 0.01
0 0.186252 0.253046 0.01 0.01
0 0.190248 0.251448 0.01 0.01
0 0.187051 0.240259 0.01 0.01
0 0.195842 0.227472 0.01 0.01
0 0.168669 0.265834 0.01 0.01
0 0.179059 0.267432 0.01 0.01
0 0.202236 0.255444 0.01 0.01
0 0.210228 0.252247 0.01 0.01
0 0.206232 0.268231 0.01 0.01
0 0.875962 0.269030 0.01 0.01
0 0.856781 0.273026 0.01 0.01
0 0.857580 0.263436 0.01 0.01
0 1.481356 0.840459 0.01 0.01
0 0.895143 0.288211 0.01 0.01
0 0.904733 0.289010 0.01 0.01
0 0.920717 0.290609 0.01 0.01
0 0.911926 0.285014 0.01 0.01
0 0.927111 0.291408 0.01 0.01
0 0.930308 0.285814 0.01 0.01
0 0.941496 0.290609 0.01 0.01
0 0.949488 0.289010 0.01 0.01
0 0.955083 0.297802 0.01 0.01
0 0.968669 0.302597 0.01 0.01
0 0.968669 0.297802 0.01 0.01
0 0.975063 0.295404 0.01 0.01
0 0.998240 0.305794 0.01 0.01
0 0.987051 0.306593 0.01 0.01
0 0.977460 0.305794 0.01 0.01
0 0.989448 0.297802 0.01 0.01
0 0.999039 0.293007 0.01 0.01
0 1.003035 0.292207 0.01 0.01
0 1.016621 0.299400 0.01 0.01
0 0.881556 0.278621 0.01 0.01
0 0.896741 0.279420 0.01 0.01
0 0.887950 0.268231 0.01 0.01
0 0.899938 0.269030 0.01 0.01
0 0.908729 0.275424 0.01 0.01
0 0.913524 0.265034 0.01 0.01
0 0.906332 0.263436 0.01 0.01
0 0.896741 0.264235 0.01 0.01
0 0.926312 0.273026 0.01 0.01
0 0.919119 0.271428 0.01 0.01
0 0.934304 0.280219 0.01 0.01
0 0.943894 0.269030 0.01 0.01
0 0.934304 0.268231 0.01 0.01
0 0.942296 0.279420 0.01 0.01
0 0.961476 0.284215 0.01 0.01
0 0.965472 0.289010 0.01 0.01
0 0.958280 0.275424 0.01 0.01
0 0.959878 0.269830 0.01 0.01
0 0.973464 0.268231 0.01 0.01
0 0.985452 0.284215 0.01 0.01
0 0.995043 0.270629 0.01 0.01
0 0.995043 0.275424 0.01 0.01
0 1.006232 0.276223 0.01 0.01
0 1.013424 0.278621 0.01 0.01
0 1.015023 0.290609 0.01 0.01
0 1.021416 0.311388 0.01 0.01
0 1.014224 0.304995 0.01 0.01
0 1.030208 0.296203 0.01 0.01
0 1.023814 0.281818 0.01 0.01
0 1.027011 0.280219 0.01 0.01
0 1.029408 0.273026 0.01 0.01
0 1.023814 0.275424 0.01 0.01
0 1.019818 0.269030 0.01 0.01
0 1.004633 0.266633 0.01 0.01
0 1.060577 0.249050 0.01 0.01
0 1.073364 0.253046 0.01 0.01
0 1.086951 0.253046 0.01 0.01
0 1.044593 0.292207 0.01 0.01
0 1.054983 0.289810 0.01 0.01
0 1.050188 0.277822 0.01 0.01
0 1.043794 0.269830 0.01 0.01
0 1.044593 0.274625 0.01 0.01
0 1.035802 0.268231 0.01 0.01
0 1.050987 0.266633 0.01 0.01
0 1.065372 0.270629 0.01 0.01
0 1.056581 0.273826 0.01 0.01
0 1.061376 0.286613 0.01 0.01
0 1.073364 0.288211 0.01 0.01
0 1.060577 0.302597 0.01 0.01
0 1.047790 0.305794 0.01 0.01
0 1.078959 0.296203 0.01 0.01
0 1.071766 0.296203 0.01 0.01
0 1.058180 0.296203 0.01 0.01
0 1.084553 0.290609 0.01 0.01
0 1.088549 0.275424 0.01 0.01
0 1.086951 0.281818 0.01 0.01
0 1.096541 0.316183 0.01 0.01
0 1.094943 0.308191 0.01 0.01
0 1.034204 0.306593 0.01 0.01
0 1.094943 0.282617 0.01 0.01
0 1.102136 0.282617 0.01 0.01
0 1.107730 0.282617 0.01 0.01
0 1.111726 0.281018 0.01 0.01
0 1.125313 0.281818 0.01 0.01
0 1.120517 0.282617 0.01 0.01
0 1.103734 0.275424 0.01 0.01
0 1.114923 0.267432 0.01 0.01
0 1.122116 0.269030 0.01 0.01
0 1.122116 0.274625 0.01 0.01
0 1.133305 0.279420 0.01 0.01
0 1.140497 0.280219 0.01 0.01
0 1.125313 0.294605 0.01 0.01
0 1.123714 0.302597 0.01 0.01
0 1.110927 0.303396 0.01 0.01
0 1.114124 0.295404 0.01 0.01
0 1.169269 0.304195 0.01 0.01
0 1.152485 0.307392 0.01 0.01
0 1.159678 0.304195 0.01 0.01
0 1.159678 0.288211 0.01 0.01
0 1.160477 0.274625 0.01 0.01
0 1.152485 0.277822 0.01 0.01
0 1.137301 0.269030 0.01 0.01
0 1.142895 0.270629 0.01 0.01
0 1.147690 0.269830 0.01 0.01
0 1.094943 0.274625 0.01 0.01
0 1.074963 0.281818 0.01 0.01
0 1.068569 0.280219 0.01 0.01
0 1.234803 0.312187 0.01 0.01
0 1.187650 0.312187 0.01 0.01
0 1.193245 0.316983 0.01 0.01
0 1.198040 0.309790 0.01 0.01
0 1.204433 0.296203 0.01 0.01
0 1.188449 0.297802 0.01 0.01
0 1.182056 0.304995 0.01 0.01
0 1.193245 0.298601 0.01 0.01
0 1.198040 0.298601 0.01 0.01
0 1.187650 0.290609 0.01 0.01
0 1.173265 0.297802 0.01 0.01
0 1.169269 0.281818 0.01 0.01
0 1.167670 0.277022 0.01 0.01
0 1.178859 0.278621 0.01 0.01
0 1.185253 0.274625 0.01 0.01
0 1.186851 0.279420 0.01 0.01
0 1.204433 0.281818 0.01 0.01
0 1.203634 0.287412 0.01 0.01
0 1.196441 0.278621 0.01 0.01
0 1.200437 0.271428 0.01 0.01
0 1.200437 0.262637 0.01 0.01
0 1.215622 0.253846 0.01 0.01
0 1.239598 0.256243 0.01 0.01
0 1.229209 0.278621 0.01 0.01
0 1.221217 0.277022 0.01 0.01
0 1.214024 0.281018 0.01 0.01
0 1.223614 0.300999 0.01 0.01
0 1.234004 0.291408 0.01 0.01
0 1.242795 0.301798 0.01 0.01
0 1.237201 0.300999 0.01 0.01
0 1.252385 0.271428 0.01 0.01
0 1.247590 0.284215 0.01 0.01
0 1.241996 0.277822 0.01 0.01
0 1.222815 0.285014 0.01 0.01
0 1.263574 0.273826 0.01 0.01
0 1.257980 0.280219 0.01 0.01
0 1.257181 0.297802 0.01 0.01
0 1.255582 0.303396 0.01 0.01
0 1.263574 0.295404 0.01 0.01
0 1.269968 0.284215 0.01 0.01
0 1.262775 0.284215 0.01 0.01
0 1.256381 0.287412 0.01 0.01
0 1.269968 0.273826 0.01 0.01
0 1.283554 0.269030 0.01 0.01
0 1.265173 0.301798 0.01 0.01
0 1.269968 0.288211 0.01 0.01
0 1.285952 0.300199 0.01 0.01
0 1.281956 0.297003 0.01 0.01
0 1.278759 0.311388 0.01 0.01
0 1.275562 0.314585 0.01 0.01
0 1.286751 0.316183 0.01 0.01
0 1.295542 0.316183 0.01 0.01
0 1.297141 0.327372 0.01 0.01
0 1.306731 0.316983 0.01 0.01
0 1.306731 0.320979 0.01 0.01
0 1.301137 0.308991 0.01 0.01
0 1.301137 0.285014 0.01 0.01
0 1.288349 0.288211 0.01 0.01
0 1.295542 0.286613 0.01 0.01
0 1.305932 0.297802 0.01 0.01
0 1.311526 0.285814 0.01 0.01
0 1.317920 0.285014 0.01 0.01
0 1.313924 0.293007 0.01 0.01
0 1.317121 0.308991 0.01 0.01
0 1.312326 0.309790 0.01 0.01
0 1.333904 0.313786 0.01 0.01
0 1.326711 0.308191 0.01 0.01
0 1.332306 0.305794 0.01 0.01
0 1.330707 0.279420 0.01 0.01
0 1.341896 0.289010 0.01 0.01
0 1.335502 0.296203 0.01 0.01
0 1.344294 0.312187 0.01 0.01
0 1.353884 0.299400 0.01 0.01
0 1.361876 0.302597 0.01 0.01
0 1.371466 0.318581 0.01 0.01
0 1.364274 0.314585 0.01 0.01
0 1.361077 0.311388 0.01 0.01
0 1.385852 0.316983 0.01 0.01
0 1.380258 0.314585 0.01 0.01
0 1.379458 0.289810 0.01 0.01
0 1.371466 0.289010 0.01 0.01
0 1.363474 0.287412 0.01 0.01
0 1.357081 0.288211 0.01 0.01
0 1.422615 0.312187 0.01 0.01
0 1.403434 0.319380 0.01 0.01
0 1.412226 0.319380 0.01 0.01
0 1.413025 0.328971 0.01 0.01
0 1.390647 0.292207 0.01 0.01
0 1.408230 0.290609 0.01 0.01
0 1.401836 0.286613 0.01 0.01
0 1.435402 0.312187 0.01 0.01
0 1.448989 0.322577 0.01 0.01
0 1.457780 0.315384 0.01 0.01
0 1.444993 0.315384 0.01 0.01
0 1.416222 0.290609 0.01 0.01
0 1.413025 0.286613 0.01 0.01
0 1.420218 0.285814 0.01 0.01
0 1.425812 0.289010 0.01 0.01
0 1.437800 0.299400 0.01 0.01
0 1.435402 0.289010 0.01 0.01
0 1.448989 0.290609 0.01 0.01
0 1.458579 0.287412 0.01 0.01
0 1.467370 0.288211 0.01 0.01
0 1.468170 0.293007 0.01 0.01
0 1.479358 0.312187 0.01 0.01
0 1.483354 0.318581 0.01 0.01
0 1.490547 0.306593 0.01 0.01
0 1.487350 0.292207 0.01 0.01
0 1.476961 0.289010 0.01 0.01
0 1.494543 0.290609 0.01 0.01
0 1.504134 0.315384 0.01 0.01
0 1.529708 0.316983 0.01 0.01
0 1.507331 0.292207 0.01 0.01
0 1.516921 0.288211 0.01 0.01
0 1.529708 0.287412 0.01 0.01
0 1.538499 0.290609 0.01 0.01
0 1.543295 0.298601 0.01 0.01
0 1.548889 0.289010 0.01 0.01
0 1.549688 0.305794 0.01 0.01
0 1.557680 0.296203 0.01 0.01
0 1.554483 0.289010 0.01 0.01
0 1.565672 0.289810 0.01 0.01
0 1.572066 0.308991 0.01 0.01
0 1.576062 0.318581 0.01 0.01
0 1.596042 0.328171 0.01 0.01
0 1.577660 0.297003 0.01 0.01
0 1.569668 0.297003 0.01 0.01
0 1.584054 0.289010 0.01 0.01
0 1.589648 0.299400 0.01 0.01
0 1.596042 0.294605 0.01 0.01
0 1.450587 0.296203 0.01 0.01
0 1.460977 0.321778 0.01 0.01
0 1.492146 0.324975 0.01 0.01
0 0.693344 0.805294 0.01 0.01
0 0.624613 0.806893 0.01 0.01
0 1.546891 0.671028 0.01 0.01
0 1.518120 0.704595 0.01 0.01
0 1.593245 0.667832 0.01 0.01
0 0.455183 0.448851 0.01 0.01
0 0.925113 0.814885 0.01 0.01
0 1.454184 0.835664 0.01 0.01
0 1.586851 0.726973 0.01 0.01
