0 0.138318 0.580291 0.01 0.01
0 0.262172 0.274786 0.01 0.01
0 0.229144 0.236254 0.01 0.01
0 0.117676 0.342218 0.01 0.01
0 0.033731 0.223869 0.01 0.01
0 0.047493 0.216988 0.01 0.01
0 0.036484 0.115153 0.01 0.01
0 0.677768 0.899557 0.01 0.01
0 0.972263 0.771575 0.01 0.01
0 1.097493 1.096346 0.01 0.01
0 1.298410 1.009649 0.01 0.01
0 1.255750 0.614695 0.01 0.01
0 1.272263 0.522493 0.01 0.01
0 1.258502 0.371117 0.01 0.01
0 1.173181 0.387630 0.01 0.01
0 0.794741 0.413777 0.01 0.01
0 1.587401 0.702768 0.01 0.01
0 1.513089 0.423410 0.01 0.01
0 1.379603 0.391759 0.01 0.01
0 1.316300 0.406896 0.01 0.01
0 1.502080 0.339465 0.01 0.01
0 1.550245 0.241759 0.01 0.01
0 1.535107 0.179832 0.01 0.01
0 1.552997 0.163318 0.01 0.01
0 1.459419 0.159190 0.01 0.01
0 1.482814 0.141300 0.01 0.01
0 1.590153 0.144052 0.01 0.01
0 1.579144 0.117906 0.01 0.01
0 1.599786 0.236254 0.01 0.01
0 0.782355 0.300933 0.01 0.01
0 0.681896 0.298181 0.01 0.01
0 0.604832 0.188089 0.01 0.01
0 0.553915 0.201851 0.01 0.01
0 0.518135 0.182585 0.01 0.01
0 0.508502 0.175704 0.01 0.01
0 0.461713 0.182585 0.01 0.01
0 0.456208 0.266530 0.01 0.01
0 0.395658 0.278915 0.01 0.01
0 0.491988 0.149557 0.01 0.01
0 0.472722 0.135796 0.01 0.01
0 1.343823 0.131667 0.01 0.01
0 1.310796 0.149557 0.01 0.01
0 1.291530 0.159190 0.01 0.01
0 1.266759 0.170199 0.01 0.01
0 1.275016 0.117906 0.01 0.01
0 1.217218 0.115153 0.01 0.01
0 1.182814 0.134419 0.01 0.01
0 1.089236 0.164695 0.01 0.01
0 1.075474 0.144052 0.01 0.01
0 1.031438 0.155062 0.01 0.01
0 0.059649 0.092103 0.01 0.01
0 0.078915 0.086598 0.01 0.01
0 0.114007 0.104488 0.01 0.01
0 0.120199 0.123066 0.01 0.01
0 0.135337 0.139580 0.01 0.01
0 0.181438 0.118250 0.01 0.01
0 0.166300 0.086598 0.01 0.01
0 0.166300 0.072149 0.01 0.01
0 0.147722 0.072149 0.01 0.01
0 0.118135 0.072149 0.01 0.01
0 0.220658 0.110681 0.01 0.01
0 0.245429 0.137516 0.01 0.01
0 0.214465 0.070085 0.01 0.01
0 0.263318 0.086598 0.01 0.01
0 0.257126 0.067332 0.01 0.01
0 0.250245 0.062516 0.01 0.01
0 0.270199 0.070085 0.01 0.01
0 0.290153 0.084534 0.01 0.01
0 0.312860 0.096231 0.01 0.01
0 0.308043 0.128571 0.01 0.01
0 0.289465 0.134763 0.01 0.01
0 0.263318 0.110681 0.01 0.01
0 0.329374 0.125130 0.01 0.01
0 0.339007 0.101048 0.01 0.01
0 0.347263 0.089351 0.01 0.01
0 0.343135 0.065268 0.01 0.01
0 0.323869 0.056323 0.01 0.01
0 0.385796 0.101736 0.01 0.01
0 0.373410 0.118938 0.01 0.01
0 0.380979 0.087974 0.01 0.01
0 0.136713 0.062258 0.01 0.01
0 0.079947 0.071891 0.01 0.01
0 0.066185 0.081008 0.01 0.01
0 0.073754 0.083588 0.01 0.01
0 0.099901 0.073267 0.01 0.01
0 0.115039 0.064838 0.01 0.01
0 0.104202 0.069482 0.01 0.01
0 0.046231 0.075675 0.01 0.01
0 0.037802 0.073267 0.01 0.01
0 0.217275 0.061054 0.01 0.01
0 0.243422 0.054517 0.01 0.01
0 0.247722 0.041271 0.01 0.01
0 0.280922 0.044196 0.01 0.01
0 0.318078 0.049872 0.01 0.01
0 0.324270 0.045916 0.01 0.01
0 0.205922 0.051421 0.01 0.01
0 0.327883 0.039895 0.01 0.01
0 0.328399 0.025446 0.01 0.01
0 0.348525 0.027854 0.01 0.01
0 0.339408 0.044196 0.01 0.01
0 0.340956 0.059849 0.01 0.01
0 0.372435 0.051937 0.01 0.01
0 0.386025 0.045056 0.01 0.01
0 0.380692 0.034563 0.01 0.01
0 0.375876 0.031466 0.01 0.01
0 0.358330 0.026134 0.01 0.01
0 0.390841 0.031466 0.01 0.01
0 0.404087 0.027338 0.01 0.01
0 0.388261 0.067934 0.01 0.01
0 0.512114 0.101650 0.01 0.01
0 0.498181 0.061054 0.01 0.01
0 0.414236 0.062258 0.01 0.01
0 0.416644 0.046088 0.01 0.01
0 0.424385 0.033359 0.01 0.01
0 0.437974 0.027510 0.01 0.01
0 0.443307 0.029058 0.01 0.01
0 0.439007 0.035767 0.01 0.01
0 0.435050 0.073095 0.01 0.01
0 0.440383 0.060538 0.01 0.01
0 0.452424 0.053829 0.01 0.01
0 0.463433 0.044196 0.01 0.01
0 0.465841 0.030950 0.01 0.01
0 0.471002 0.029746 0.01 0.01
0 0.480979 0.029230 0.01 0.01
0 0.488032 0.035079 0.01 0.01
0 0.470658 0.053313 0.01 0.01
0 0.491988 0.050905 0.01 0.01
0 0.524500 0.058645 0.01 0.01
0 0.520543 0.042992 0.01 0.01
0 0.501449 0.032327 0.01 0.01
0 0.496461 0.029058 0.01 0.01
0 0.510910 0.029230 0.01 0.01
0 0.522607 0.026134 0.01 0.01
0 0.545486 0.061054 0.01 0.01
0 0.537229 0.050216 0.01 0.01
0 0.552367 0.040583 0.01 0.01
0 0.549098 0.030434 0.01 0.01
0 0.557183 0.020113 0.01 0.01
0 0.566128 0.034047 0.01 0.01
0 0.563204 0.044884 0.01 0.01
0 0.573009 0.045056 0.01 0.01
0 0.573353 0.061226 0.01 0.01
0 0.549098 0.098554 0.01 0.01
0 0.531036 0.097866 0.01 0.01
0 0.585558 0.069491 0.01 0.01
0 0.590927 0.051595 0.01 0.01
0 0.598682 0.046908 0.01 0.01
0 0.592120 0.042732 0.01 0.01
0 0.584962 0.036255 0.01 0.01
0 0.587774 0.030290 0.01 0.01
0 0.590416 0.027052 0.01 0.01
0 0.579849 0.018615 0.01 0.01
0 0.596126 0.021938 0.01 0.01
0 0.611039 0.039323 0.01 0.01
0 0.618624 0.030716 0.01 0.01
0 0.612914 0.050913 0.01 0.01
0 0.624333 0.052277 0.01 0.01
0 0.618794 0.023217 0.01 0.01
0 0.604477 0.034636 0.01 0.01
0 0.583598 0.010945 0.01 0.01
0 0.605585 0.019590 0.01 0.01
0 0.617175 0.016863 0.01 0.01
0 0.608312 0.027942 0.01 0.01
0 0.610357 0.013625 0.01 0.01
0 0.448269 0.082142 0.01 0.01
0 0.630640 0.028283 0.01 0.01
0 0.642741 0.026578 0.01 0.01
0 0.633708 0.016863 0.01 0.01
0 0.657058 0.048565 0.01 0.01
0 0.628083 0.092027 0.01 0.01
0 0.647172 0.072427 0.01 0.01
0 0.646491 0.054019 0.01 0.01
0 0.663364 0.083335 0.01 0.01
0 0.662342 0.044304 0.01 0.01
0 0.652627 0.031180 0.01 0.01
0 0.664046 0.026749 0.01 0.01
0 0.651263 0.015329 0.01 0.01
0 0.661660 0.018908 0.01 0.01
0 0.666432 0.022317 0.01 0.01
0 0.620499 0.009151 0.01 0.01
0 0.700350 0.067995 0.01 0.01
0 0.679045 0.066632 0.01 0.01
0 0.673761 0.041577 0.01 0.01
0 0.695577 0.039872 0.01 0.01
0 0.691316 0.051462 0.01 0.01
0 0.693873 0.028453 0.01 0.01
0 0.688249 0.016522 0.01 0.01
0 0.679045 0.026578 0.01 0.01
0 0.707167 0.038509 0.01 0.01
0 0.719269 0.032373 0.01 0.01
0 0.717564 0.076347 0.01 0.01
0 0.748925 0.096459 0.01 0.01
0 0.740915 0.082823 0.01 0.01
0 0.771764 0.083505 0.01 0.01
0 0.772276 0.068336 0.01 0.01
0 0.783525 0.076688 0.01 0.01
0 0.742108 0.035441 0.01 0.01
0 0.729325 0.033055 0.01 0.01
0 0.717394 0.025215 0.01 0.01
0 0.722507 0.018738 0.01 0.01
0 0.706486 0.021294 0.01 0.01
0 0.740915 0.019590 0.01 0.01
0 0.755061 0.037827 0.01 0.01
0 0.800909 0.060496 0.01 0.01
0 0.791706 0.043111 0.01 0.01
0 0.790001 0.021635 0.01 0.01
0 0.746198 0.028794 0.01 0.01
0 0.740574 0.024703 0.01 0.01
0 0.827839 0.148699 0.01 0.01
0 0.799546 0.089044 0.01 0.01
0 0.836361 0.077795 0.01 0.01
0 0.843520 0.094499 0.01 0.01
0 0.834657 0.047798 0.01 0.01
0 0.831589 0.040639 0.01 0.01
0 0.810454 0.042344 0.01 0.01
0 0.859541 0.045412 0.01 0.01
0 0.863631 0.034844 0.01 0.01
0 0.873176 0.038935 0.01 0.01
0 0.876926 0.061433 0.01 0.01
0 0.869767 0.069273 0.01 0.01
0 0.884425 0.095521 0.01 0.01
0 0.853746 0.100293 0.01 0.01
0 0.856814 0.146994 0.01 0.01
0 0.874881 0.169833 0.01 0.01
0 0.888857 0.217215 0.01 0.01
0 0.803296 0.264598 0.01 0.01
0 0.926694 0.183127 0.01 0.01
0 0.898742 0.163697 0.01 0.01
0 0.913059 0.139836 0.01 0.01
0 0.939307 0.116315 0.01 0.01
0 0.910332 0.114610 0.01 0.01
0 0.917831 0.067228 0.01 0.01
0 0.914082 0.056320 0.01 0.01
0 0.903514 0.057683 0.01 0.01
0 0.905560 0.047116 0.01 0.01
0 0.885448 0.035867 0.01 0.01
0 0.937943 0.032799 0.01 0.01
0 0.949533 0.044730 0.01 0.01
0 0.650922 0.200342 0.01 0.01
0 0.674784 0.183980 0.01 0.01
0 0.933171 0.306015 0.01 0.01
0 1.027936 0.261700 0.01 0.01
0 1.104975 0.093987 0.01 0.01
0 1.066114 0.123985 0.01 0.01
0 1.117247 0.138983 0.01 0.01
0 1.047025 0.096032 0.01 0.01
0 1.022482 0.117849 0.01 0.01
0 0.999302 0.117167 0.01 0.01
0 1.019755 0.088533 0.01 0.01
0 1.023845 0.093305 0.01 0.01
0 0.977486 0.057172 0.01 0.01
0 0.965896 0.072171 0.01 0.01
0 1.083840 0.084954 0.01 0.01
0 1.096794 0.039617 0.01 0.01
0 1.114179 0.045753 0.01 0.01
0 1.070205 0.028709 0.01 0.01
0 1.046003 0.053252 0.01 0.01
0 1.059638 0.050184 0.01 0.01
0 1.037480 0.045412 0.01 0.01
0 1.023164 0.037231 0.01 0.01
0 1.014301 0.050184 0.01 0.01
0 1.012596 0.034844 0.01 0.01
0 0.997597 0.045753 0.01 0.01
0 0.986008 0.052570 0.01 0.01
0 0.981235 0.030072 0.01 0.01
0 0.997257 0.033822 0.01 0.01
0 0.964873 0.043707 0.01 0.01
0 1.036458 0.027004 0.01 0.01
0 1.078386 0.029390 0.01 0.01
0 1.106679 0.029049 0.01 0.01
0 1.125428 0.041321 0.01 0.01
0 1.188150 0.043707 0.01 0.01
0 1.183718 0.034844 0.01 0.01
0 1.197694 0.035185 0.01 0.01
0 1.196331 0.081204 0.01 0.01
0 1.179628 0.082909 0.01 0.01
0 1.243713 0.070637 0.01 0.01
0 1.241668 0.085977 0.01 0.01
0 1.215079 0.091431 0.01 0.01
0 1.209284 0.033481 0.01 0.01
0 1.204853 0.033481 0.01 0.01
0 1.228374 0.038594 0.01 0.01
0 1.227351 0.027004 0.01 0.01
0 1.239282 0.038935 0.01 0.01
0 1.255985 0.038594 0.01 0.01
0 1.275074 0.031777 0.01 0.01
0 1.275756 0.082909 0.01 0.01
0 1.286323 0.075750 0.01 0.01
0 1.289391 0.088363 0.01 0.01
0 1.281551 0.061092 0.01 0.01
0 1.269961 0.067228 0.01 0.01
0 1.311207 0.030413 0.01 0.01
0 1.328791 0.099271 0.01 0.01
0 1.347198 0.089044 0.01 0.01
0 1.352652 0.044730 0.01 0.01
0 1.322314 0.039617 0.01 0.01
0 1.350607 0.031095 0.01 0.01
0 1.365947 0.030072 0.01 0.01
0 1.392876 0.033822 0.01 0.01
0 1.407534 0.032458 0.01 0.01
0 1.402762 0.066205 0.01 0.01
0 1.366628 0.082568 0.01 0.01
0 1.410261 0.096885 0.01 0.01
0 1.432077 0.071660 0.01 0.01
0 1.445372 0.039617 0.01 0.01
0 1.462075 0.069955 0.01 0.01
0 1.446735 0.092112 0.01 0.01
0 1.479460 0.080182 0.01 0.01
0 1.490709 0.050525 0.01 0.01
0 1.491391 0.043026 0.01 0.01
0 1.498208 0.044389 0.01 0.01
0 1.513548 0.029390 0.01 0.01
0 1.515934 0.036208 0.01 0.01
0 1.527183 0.039958 0.01 0.01
0 1.539114 0.043707 0.01 0.01
0 1.542523 0.030413 0.01 0.01
0 1.530933 0.066887 0.01 0.01
0 1.539114 0.070637 0.01 0.01
0 1.511843 0.077114 0.01 0.01
0 1.508435 0.092112 0.01 0.01
0 1.536728 0.085977 0.01 0.01
0 1.553431 0.070637 0.01 0.01
0 1.593996 0.049161 0.01 0.01
0 1.595359 0.076773 0.01 0.01
0 1.380604 0.021124 0.01 0.01
0 1.396796 0.018738 0.01 0.01
0 1.415033 0.019931 0.01 0.01
0 1.435145 0.015670 0.01 0.01
0 1.457473 0.021124 0.01 0.01
0 1.476562 0.019249 0.01 0.01
0 1.337142 0.029476 0.01 0.01
0 1.320950 0.024192 0.01 0.01
0 1.343278 0.015159 0.01 0.01
0 1.309531 0.014647 0.01 0.01
0 1.374469 0.007361 0.01 0.01
0 1.384695 0.006594 0.01 0.01
0 1.289078 0.007446 0.01 0.01
0 1.267177 0.025598 0.01 0.01
0 1.259336 0.019633 0.01 0.01
0 1.252945 0.022445 0.01 0.01
0 1.253115 0.012900 0.01 0.01
0 1.260103 0.010685 0.01 0.01
0 1.242292 0.040000 0.01 0.01
0 1.217664 0.028794 0.01 0.01
0 1.299645 0.030157 0.01 0.01
0 1.251922 0.072597 0.01 0.01
0 1.184428 0.021252 0.01 0.01
0 1.190734 0.010685 0.01 0.01
0 1.190905 0.030115 0.01 0.01
0 1.204369 0.008043 0.01 0.01
0 1.217152 0.007787 0.01 0.01
0 1.212039 0.008384 0.01 0.01
0 1.184939 0.008128 0.01 0.01
0 1.087703 0.020314 0.01 0.01
0 1.077903 0.018099 0.01 0.01
0 1.080204 0.011537 0.01 0.01
0 1.088981 0.008554 0.01 0.01
0 1.101935 0.013156 0.01 0.01
0 1.110627 0.010940 0.01 0.01
0 1.044667 0.016735 0.01 0.01
0 1.040662 0.009918 0.01 0.01
0 1.032225 0.010344 0.01 0.01
0 1.066568 0.017332 0.01 0.01
0 1.068614 0.011111 0.01 0.01
0 1.025833 0.023553 0.01 0.01
0 0.929136 0.031065 0.01 0.01
0 0.936266 0.023841 0.01 0.01
0 0.917502 0.011550 0.01 0.01
0 0.912155 0.013990 0.01 0.01
0 0.899677 0.013052 0.01 0.01
0 0.895079 0.026186 0.01 0.01
0 0.956344 0.013052 0.01 0.01
0 0.950433 0.020276 0.01 0.01
0 0.970511 0.013333 0.01 0.01
0 0.976046 0.017930 0.01 0.01
0 0.883258 0.025342 0.01 0.01
0 0.889638 0.022715 0.01 0.01
0 0.876503 0.019900 0.01 0.01
0 0.864119 0.024873 0.01 0.01
0 0.858396 0.021871 0.01 0.01
0 0.855862 0.044669 0.01 0.01
0 0.810172 0.015960 0.01 0.01
0 0.795911 0.012676 0.01 0.01
0 0.800133 0.010425 0.01 0.01
0 0.787843 0.010706 0.01 0.01
0 0.821993 0.009768 0.01 0.01
0 0.819366 0.012489 0.01 0.01
0 0.823588 0.019619 0.01 0.01
0 0.830906 0.023653 0.01 0.01
0 0.837005 0.014365 0.01 0.01
0 0.846011 0.015303 0.01 0.01
0 0.853611 0.022246 0.01 0.01
0 0.855581 0.007610 0.01 0.01
0 0.717524 0.014623 0.01 0.01
0 0.730659 0.010260 0.01 0.01
0 0.738728 0.011621 0.01 0.01
0 0.747875 0.009651 0.01 0.01
0 0.695289 0.009416 0.01 0.01
0 0.686658 0.015092 0.01 0.01
0 0.687361 0.007774 0.01 0.01
0 0.702091 0.008337 0.01 0.01
0 0.671036 0.011386 0.01 0.01
0 0.671928 0.017578 0.01 0.01
0 0.634634 0.010120 0.01 0.01
0 0.640920 0.012747 0.01 0.01
0 0.646033 0.011386 0.01 0.01
0 0.638106 0.006132 0.01 0.01
0 0.643266 0.006789 0.01 0.01
0 0.648613 0.006367 0.01 0.01
0 0.667002 0.011105 0.01 0.01
0 0.643735 0.044950 0.01 0.01
0 0.591759 0.008330 0.01 0.01
0 0.587286 0.002481 0.01 0.01
0 0.614121 0.007986 0.01 0.01
0 0.661254 0.003513 0.01 0.01
0 0.661254 0.003513 0.01 0.01
0 0.719052 0.004890 0.01 0.01
0 0.712516 0.004890 0.01 0.01
0 0.725589 0.003513 0.01 0.01
0 0.785107 0.007298 0.01 0.01
0 0.782699 0.012114 0.01 0.01
0 0.807470 0.000073 0.01 0.01
0 0.807470 0.002481 0.01 0.01
0 0.848754 0.005234 0.01 0.01
0 0.992906 0.019339 0.01 0.01
0 1.002883 0.025532 0.01 0.01
0 1.014236 0.018651 0.01 0.01
0 0.992562 0.007298 0.01 0.01
0 0.980176 0.006610 0.01 0.01
0 0.975704 0.009018 0.01 0.01
0 0.954718 0.002825 0.01 0.01
0 0.947837 0.004202 0.01 0.01
0 0.939924 0.015211 0.01 0.01
0 0.933731 0.018307 0.01 0.01
0 1.048296 0.004202 0.01 0.01
0 1.010796 0.002825 0.01 0.01
0 1.002883 0.002825 0.01 0.01
0 1.235796 0.020715 0.01 0.01
0 1.119855 0.004546 0.01 0.01
0 1.117791 0.094339 0.01 0.01
0 0.231683 0.098071 0.01 0.01
0 0.705763 0.001499 0.01 0.01
0 0.737871 0.005178 0.01 0.01
0 1.185529 0.262118 0.01 0.01
0 1.117302 0.192553 0.01 0.01
0 1.196901 0.112285 0.01 0.01
0 0.326667 0.457101 0.01 0.01
0 1.458105 0.011784 0.01 0.01
0 1.519309 0.013121 0.01 0.01
0 1.536365 0.017469 0.01 0.01
0 1.469810 0.000747 0.01 0.01
0 1.314626 0.078673 0.01 0.01
0 1.285195 0.114459 0.01 0.01
0 1.290546 0.032519 0.01 0.01
0 1.323489 0.006683 0.01 0.01
0 1.331850 0.006683 0.01 0.01
0 1.310947 0.002335 0.01 0.01
0 1.277503 0.000998 0.01 0.01
0 1.286533 0.000998 0.01 0.01
0 1.388205 0.000998 0.01 0.01
0 1.249409 0.006014 0.01 0.01
0 1.130178 0.016884 0.01 0.01
0 1.019309 0.004008 0.01 0.01
0 0.963874 0.014250 0.01 0.01
0 1.395061 0.025245 0.01 0.01
