0 0.111008 0.734100 0.01 0.01
0 0.345842 0.503963 0.01 0.01
0 0.334100 0.412378 0.01 0.01
0 0.268347 0.377153 0.01 0.01
0 0.089873 0.410030 0.01 0.01
0 0.195548 0.306703 0.01 0.01
0 0.075783 0.266781 0.01 0.01
0 0.012378 0.351321 0.01 0.01
0 0.947016 1.018249 0.01 0.01
0 1.184198 0.898484 0.01 0.01
0 1.217075 0.738797 0.01 0.01
0 1.052691 0.393591 0.01 0.01
0 0.442124 0.438210 0.01 0.01
0 0.547799 0.198680 0.01 0.01
0 0.559541 0.175196 0.01 0.01
0 0.538406 0.151713 0.01 0.01
0 0.510226 0.151713 0.01 0.01
0 0.599462 0.161106 0.01 0.01
0 0.620597 0.158758 0.01 0.01
0 0.665216 0.182241 0.01 0.01
0 0.761498 0.224511 0.01 0.01
0 0.740363 0.191635 0.01 0.01
0 0.796723 0.257388 0.01 0.01
0 0.759149 0.327838 0.01 0.01
0 0.893004 0.247995 0.01 0.01
0 0.989286 0.215118 0.01 0.01
0 0.935274 0.168151 0.01 0.01
0 0.984590 0.158758 0.01 0.01
0 1.038601 0.182241 0.01 0.01
0 1.184198 0.224511 0.01 0.01
0 1.184198 0.144668 0.01 0.01
0 1.139580 0.095353 0.01 0.01
0 1.118445 0.100049 0.01 0.01
0 1.141928 0.043689 0.01 0.01
0 1.174805 0.031948 0.01 0.01
0 1.198288 0.031948 0.01 0.01
0 1.289873 0.050734 0.01 0.01
0 1.289873 0.015509 0.01 0.01
0 1.266390 0.010813 0.01 0.01
0 1.289873 0.031948 0.01 0.01
0 1.329795 0.031948 0.01 0.01
0 1.355627 0.050734 0.01 0.01
0 1.348582 0.083611 0.01 0.01
0 1.350930 0.125881 0.01 0.01
0 1.318053 0.107094 0.01 0.01
0 1.301615 0.083611 0.01 0.01
0 1.285177 0.116488 0.01 0.01
0 1.245255 0.076566 0.01 0.01
0 1.200636 0.109443 0.01 0.01
0 1.383807 0.076566 0.01 0.01
0 1.442515 0.060128 0.01 0.01
0 1.435470 0.050734 0.01 0.01
0 1.440167 0.027251 0.01 0.01
0 1.456605 0.034296 0.01 0.01
0 1.470695 0.008464 0.01 0.01
0 1.430773 0.008464 0.01 0.01
0 1.407290 0.003768 0.01 0.01
0 1.501224 0.067173 0.01 0.01
0 1.477740 0.125881 0.01 0.01
0 1.534100 0.083611 0.01 0.01
0 1.534100 0.053083 0.01 0.01
0 1.536449 0.008464 0.01 0.01
0 1.557584 0.008464 0.01 0.01
0 1.574022 0.008464 0.01 0.01
0 1.510617 0.013161 0.01 0.01
0 1.562280 0.090656 0.01 0.01
0 1.583415 0.074218 0.01 0.01
0 1.132535 0.015509 0.01 0.01
0 1.118445 0.013161 0.01 0.01
0 1.210030 0.010813 0.01 0.01
0 1.195940 0.013161 0.01 0.01
0 1.224120 0.013161 0.01 0.01
0 1.038601 0.109443 0.01 0.01
0 1.010421 0.041341 0.01 0.01
0 1.040950 0.041341 0.01 0.01
0 1.043298 0.010813 0.01 0.01
0 1.012770 0.015509 0.01 0.01
0 0.986938 0.029599 0.01 0.01
0 0.968151 0.029599 0.01 0.01
0 0.956409 0.001419 0.01 0.01
0 0.982241 0.003768 0.01 0.01
0 0.935274 0.041341 0.01 0.01
0 0.965803 0.078914 0.01 0.01
0 0.944668 0.083611 0.01 0.01
0 0.942319 0.102398 0.01 0.01
0 0.989286 0.062476 0.01 0.01
0 0.991635 0.083611 0.01 0.01
0 0.857779 0.027251 0.01 0.01
0 0.874218 0.024903 0.01 0.01
0 0.893004 0.034296 0.01 0.01
0 0.909443 0.017858 0.01 0.01
0 0.890656 0.017858 0.01 0.01
0 0.862476 0.008464 0.01 0.01
0 0.834296 0.024903 0.01 0.01
0 0.862476 0.076566 0.01 0.01
0 0.867173 0.125881 0.01 0.01
0 0.827251 0.102398 0.01 0.01
0 0.808464 0.135274 0.01 0.01
0 0.749756 0.116488 0.01 0.01
0 0.749756 0.085959 0.01 0.01
0 0.803768 0.020206 0.01 0.01
0 0.730969 0.024903 0.01 0.01
0 0.716879 0.003768 0.01 0.01
0 0.698092 0.008464 0.01 0.01
0 0.691047 0.076566 0.01 0.01
0 0.646429 0.090656 0.01 0.01
0 0.625294 0.128229 0.01 0.01
0 0.691047 0.139971 0.01 0.01
0 0.557192 0.151713 0.01 0.01
0 0.604159 0.090656 0.01 0.01
0 0.604159 0.008464 0.01 0.01
0 0.512574 0.036644 0.01 0.01
0 0.435079 0.034296 0.01 0.01
0 0.458562 0.010813 0.01 0.01
0 0.425685 0.008464 0.01 0.01
0 0.409247 0.008464 0.01 0.01
0 0.322359 0.043689 0.01 0.01
0 0.273044 0.029599 0.01 0.01
0 0.258954 0.048386 0.01 0.01
0 0.209638 0.043689 0.01 0.01
0 0.216683 0.017858 0.01 0.01
0 0.197897 0.031948 0.01 0.01
0 0.155627 0.029599 0.01 0.01
0 0.160323 0.036644 0.01 0.01
0 0.099267 0.062476 0.01 0.01
0 0.139188 0.062476 0.01 0.01
0 0.169717 0.060128 0.01 0.01
0 0.092222 0.123533 0.01 0.01
0 0.068738 0.076566 0.01 0.01
0 0.007681 0.067173 0.01 0.01
0 0.308269 0.217466 0.01 0.01
0 0.176762 0.205725 0.01 0.01
0 0.017075 0.233905 0.01 0.01
0 0.058986 0.047298 0.01 0.01
0 0.107738 0.052892 0.01 0.01
0 0.108537 0.028117 0.01 0.01
0 0.203642 0.024920 0.01 0.01
0 0.195650 0.045700 0.01 0.01
0 0.225220 0.058487 0.01 0.01
0 0.255590 0.034511 0.01 0.01
0 0.281164 0.031314 0.01 0.01
0 0.291554 0.031314 0.01 0.01
0 0.328317 0.054491 0.01 0.01
0 0.366679 0.048896 0.01 0.01
0 0.336309 0.011334 0.01 0.01
0 0.326719 0.028916 0.01 0.01
0 0.365879 0.033712 0.01 0.01
0 0.392253 0.043302 0.01 0.01
0 0.409836 0.064081 0.01 0.01
0 0.397048 0.071274 0.01 0.01
0 0.409836 0.036908 0.01 0.01
0 0.401843 0.019326 0.01 0.01
0 0.418627 0.016928 0.01 0.01
0 0.468976 0.014531 0.01 0.01
0 0.451394 0.008137 0.01 0.01
0 0.480165 0.019326 0.01 0.01
0 0.488157 0.019326 0.01 0.01
0 0.511334 0.022523 0.01 0.01
0 0.511334 0.014531 0.01 0.01
0 0.557688 0.016928 0.01 0.01
0 0.557688 0.006539 0.01 0.01
0 0.580864 0.011334 0.01 0.01
0 0.572073 0.023322 0.01 0.01
0 0.609636 0.028117 0.01 0.01
0 0.603242 0.017728 0.01 0.01
0 0.637608 0.011334 0.01 0.01
0 0.628017 0.012133 0.01 0.01
0 0.359486 0.005740 0.01 0.01
0 0.659186 0.003342 0.01 0.01
0 0.687158 0.015330 0.01 0.01
0 0.694351 0.030515 0.01 0.01
0 0.661584 0.025720 0.01 0.01
0 0.721524 0.013732 0.01 0.01
0 0.743901 0.006539 0.01 0.01
0 0.735909 0.004141 0.01 0.01
0 0.784661 0.084860 0.01 0.01
0 0.563282 0.100844 0.01 0.01
0 0.596848 0.106439 0.01 0.01
0 0.696749 0.167977 0.01 0.01
0 0.073372 0.226319 0.01 0.01
0 0.162083 0.187957 0.01 0.01
0 0.289955 0.220725 0.01 0.01
0 0.389855 0.294251 0.01 0.01
0 0.667977 0.263082 0.01 0.01
0 0.337108 0.044900 0.01 0.01
0 0.503342 0.012133 0.01 0.01
0 0.870575 0.050495 0.01 0.01
0 1.252593 0.403742 0.01 0.01
0 1.121524 0.336609 0.01 0.01
0 1.256589 0.073672 0.01 0.01
0 1.236609 0.024920 0.01 0.01
0 1.224621 0.041704 0.01 0.01
0 1.157488 0.006539 0.01 0.01
0 1.152693 0.019326 0.01 0.01
0 1.146299 0.026519 0.01 0.01
0 1.088757 0.011334 0.01 0.01
0 1.107937 0.041704 0.01 0.01
0 1.095150 0.030515 0.01 0.01
0 1.083162 0.033712 0.01 0.01
0 1.065580 0.061684 0.01 0.01
0 1.054391 0.020924 0.01 0.01
0 1.039206 0.084061 0.01 0.01
0 1.010435 0.171174 0.01 0.01
0 0.958487 0.171174 0.01 0.01
0 0.977668 0.053692 0.01 0.01
0 0.937708 0.009736 0.01 0.01
0 0.928117 0.016928 0.01 0.01
0 0.900145 0.028117 0.01 0.01
0 0.826619 0.013732 0.01 0.01
0 0.848996 0.020125 0.01 0.01
0 0.765879 0.033712 0.01 0.01
0 0.756289 0.014531 0.01 0.01
0 0.767478 0.008137 0.01 0.01
0 1.340105 0.062483 0.01 0.01
0 0.809436 0.266279 0.01 0.01
0 0.991654 0.414930 0.01 0.01
0 1.322523 0.016928 0.01 0.01
0 1.351294 0.015330 0.01 0.01
0 1.392852 0.013732 0.01 0.01
0 0.997248 0.009736 0.01 0.01
0 0.699911 0.406265 0.01 0.01
0 0.157436 0.300245 0.01 0.01
0 0.121650 0.122151 0.01 0.01
0 0.160111 0.160947 0.01 0.01
0 0.155763 0.129509 0.01 0.01
0 0.173155 0.087369 0.01 0.01
0 0.230011 0.080345 0.01 0.01
0 0.023155 0.090044 0.01 0.01
0 0.034359 0.061784 0.01 0.01
0 0.047570 0.066466 0.01 0.01
0 0.107937 0.042051 0.01 0.01
0 0.130680 0.038539 0.01 0.01
0 0.153590 0.051416 0.01 0.01
0 0.135362 0.112118 0.01 0.01
0 0.178840 0.031600 0.01 0.01
0 0.236700 0.039292 0.01 0.01
0 0.219978 0.040964 0.01 0.01
0 0.291048 0.052001 0.01 0.01
0 0.298740 0.077085 0.01 0.01
0 0.555763 0.033523 0.01 0.01
0 0.583188 0.032519 0.01 0.01
0 0.494559 0.190379 0.01 0.01
0 0.458439 0.198071 0.01 0.01
0 0.459777 0.158272 0.01 0.01
0 0.509944 0.098406 0.01 0.01
0 0.482854 0.046148 0.01 0.01
0 0.498573 0.030931 0.01 0.01
0 0.541048 0.010529 0.01 0.01
0 0.530011 0.021232 0.01 0.01
0 0.464961 0.034610 0.01 0.01
0 0.406600 0.153590 0.01 0.01
0 0.367135 0.224493 0.01 0.01
0 0.362452 0.170981 0.01 0.01
0 0.267135 0.152419 0.01 0.01
0 0.317302 0.278172 0.01 0.01
0 0.287202 0.266800 0.01 0.01
0 0.275830 0.608272 0.01 0.01
0 0.298573 0.532687 0.01 0.01
0 0.531349 1.136700 0.01 0.01
0 0.234359 0.941382 0.01 0.01
0 0.344058 0.907937 0.01 0.01
0 0.013623 0.561449 0.01 0.01
0 1.145396 0.572151 0.01 0.01
0 0.243723 0.301583 0.01 0.01
0 0.452419 0.338372 0.01 0.01
0 0.489208 0.324994 0.01 0.01
0 0.536700 0.360446 0.01 0.01
0 0.307603 0.060947 0.01 0.01
0 0.317636 0.063957 0.01 0.01
0 0.389543 0.012787 0.01 0.01
0 0.360613 0.071566 0.01 0.01
0 0.381516 0.026416 0.01 0.01
0 0.375830 0.006683 0.01 0.01
0 0.397402 0.006349 0.01 0.01
0 0.427001 0.033272 0.01 0.01
0 0.438707 0.015713 0.01 0.01
0 0.428339 0.018222 0.01 0.01
0 0.332185 0.022235 0.01 0.01
0 0.348573 0.028924 0.01 0.01
0 0.347402 0.035111 0.01 0.01
0 0.302586 0.168473 0.01 0.01
