0 0.252843 0.961609 0.01 0.01
0 0.398946 0.720050 0.01 0.01
0 0.428167 0.815505 0.01 0.01
0 0.276219 0.597323 0.01 0.01
0 0.235310 0.566154 0.01 0.01
0 0.182713 0.464855 0.01 0.01
0 0.067778 0.359661 0.01 0.01
0 0.040505 0.254466 0.01 0.01
0 0.112583 0.301219 0.01 0.01
0 0.120375 0.281739 0.01 0.01
0 0.256739 0.318752 0.01 0.01
0 0.262583 0.186284 0.01 0.01
0 0.293752 0.332388 0.01 0.01
0 0.356089 0.353817 0.01 0.01
0 0.398946 0.365505 0.01 0.01
0 0.490505 0.353817 0.01 0.01
0 0.490505 0.472648 0.01 0.01
0 0.356089 0.620700 0.01 0.01
0 0.743752 1.029791 0.01 0.01
0 0.913232 0.924596 0.01 0.01
0 0.671674 0.499920 0.01 0.01
0 0.669726 0.400570 0.01 0.01
0 0.837258 0.381089 0.01 0.01
0 0.884011 0.363557 0.01 0.01
0 0.864531 0.283687 0.01 0.01
0 0.885959 0.246674 0.01 0.01
0 0.930765 0.291479 0.01 0.01
0 0.944401 0.219401 0.01 0.01
0 0.685310 0.353817 0.01 0.01
0 0.718427 0.338232 0.01 0.01
0 0.745700 0.318752 0.01 0.01
0 0.763232 0.305115 0.01 0.01
0 0.739855 0.283687 0.01 0.01
0 0.934661 0.614855 0.01 0.01
0 0.887907 0.694726 0.01 0.01
0 1.148946 0.634336 0.01 0.01
0 1.411933 1.168102 0.01 0.01
0 1.532713 0.834985 0.01 0.01
0 1.423622 0.597323 0.01 0.01
0 1.347648 0.599271 0.01 0.01
0 1.273622 0.517453 0.01 0.01
0 1.059336 0.318752 0.01 0.01
0 1.018427 0.285635 0.01 0.01
0 1.057388 0.236933 0.01 0.01
0 1.074920 0.188232 0.01 0.01
0 1.084661 0.236933 0.01 0.01
0 1.193752 0.254466 0.01 0.01
0 1.217128 0.252518 0.01 0.01
0 1.213232 0.219401 0.01 0.01
0 1.145050 0.349920 0.01 0.01
0 1.135310 0.312907 0.01 0.01
0 1.279466 0.457063 0.01 0.01
0 1.394401 0.373297 0.01 0.01
0 1.376868 0.334336 0.01 0.01
0 1.347648 0.258362 0.01 0.01
0 1.318427 0.264206 0.01 0.01
0 1.400245 0.233037 0.01 0.01
0 1.462583 0.260310 0.01 0.01
0 1.474271 0.279791 0.01 0.01
0 1.485959 0.240830 0.01 0.01
0 1.548297 0.307063 0.01 0.01
0 1.554141 0.260310 0.01 0.01
0 1.558037 0.227193 0.01 0.01
0 1.530765 0.361609 0.01 0.01
0 1.493752 0.427843 0.01 0.01
0 1.585310 0.470700 0.01 0.01
0 1.256739 0.047729 0.01 0.01
0 1.263070 0.049190 0.01 0.01
0 1.270862 0.044807 0.01 0.01
0 1.280602 0.050164 0.01 0.01
0 1.308849 0.039450 0.01 0.01
0 1.336609 0.030196 0.01 0.01
0 1.318589 0.052599 0.01 0.01
0 1.333200 0.048216 0.01 0.01
0 1.194888 0.049677 0.01 0.01
0 1.006252 0.035554 0.01 0.01
0 1.016966 0.036041 0.01 0.01
0 1.552680 0.063313 0.01 0.01
0 1.546836 0.064774 0.01 0.01
0 1.573622 0.053573 0.01 0.01
0 1.589693 0.064287 0.01 0.01
0 1.576057 0.235716 0.01 0.01
