0 0.155212 1.049832 0.01 0.01
0 0.307110 0.907427 0.01 0.01
0 0.440022 0.920718 0.01 0.01
0 0.198883 0.960591 0.01 0.01
0 0.170402 0.956794 0.01 0.01
0 0.145718 0.954895 0.01 0.01
0 0.073566 0.951098 0.01 0.01
0 0.062174 0.996667 0.01 0.01
0 0.084958 0.801098 0.01 0.01
0 0.041288 0.814389 0.01 0.01
0 0.024199 0.801098 0.01 0.01
0 0.033693 0.774515 0.01 0.01
0 0.301414 0.806794 0.01 0.01
0 0.335591 0.801098 0.01 0.01
0 0.362174 0.804895 0.01 0.01
0 1.199515 0.964389 0.01 0.01
0 1.377996 0.996667 0.01 0.01
0 1.509009 0.943503 0.01 0.01
0 1.514705 0.888439 0.01 0.01
0 1.524199 0.835275 0.01 0.01
0 1.440655 0.820085 0.01 0.01
0 1.364705 0.842870 0.01 0.01
0 1.315338 0.846667 0.01 0.01
0 1.279262 0.820085 0.01 0.01
0 1.245085 0.802996 0.01 0.01
0 1.210908 0.804895 0.01 0.01
0 1.199515 0.835275 0.01 0.01
0 1.176731 0.802996 0.01 0.01
0 1.167237 0.818186 0.01 0.01
0 1.112174 0.818186 0.01 0.01
0 1.041920 0.802996 0.01 0.01
0 1.015338 0.818186 0.01 0.01
0 0.986857 0.823883 0.01 0.01
0 0.912807 0.854262 0.01 0.01
0 0.882427 0.808693 0.01 0.01
0 0.897617 0.816288 0.01 0.01
0 0.812174 0.867553 0.01 0.01
0 0.831161 0.821984 0.01 0.01
0 0.796984 0.804895 0.01 0.01
0 0.741920 0.844769 0.01 0.01
0 0.736224 0.814389 0.01 0.01
0 0.753313 0.784009 0.01 0.01
0 0.686857 0.820085 0.01 0.01
0 0.673566 0.840971 0.01 0.01
0 0.633693 0.829579 0.01 0.01
0 0.607110 0.846667 0.01 0.01
0 0.660275 0.808693 0.01 0.01
0 0.645085 0.793503 0.01 0.01
0 0.684958 0.787807 0.01 0.01
0 0.664072 0.776414 0.01 0.01
0 0.591920 0.797300 0.01 0.01
0 0.542553 0.820085 0.01 0.01
0 0.546351 0.778313 0.01 0.01
0 0.519769 0.774515 0.01 0.01
0 0.506477 0.797300 0.01 0.01
0 0.466604 0.806794 0.01 0.01
0 0.476098 0.787807 0.01 0.01
0 0.424832 0.814389 0.01 0.01
0 0.409642 0.784009 0.01 0.01
0 0.383060 0.770718 0.01 0.01
0 0.350781 0.844769 0.01 0.01
0 0.312807 0.784009 0.01 0.01
0 0.798883 1.063123 0.01 0.01
0 0.664072 1.025148 0.01 0.01
0 0.557743 1.011857 0.01 0.01
0 0.777996 0.994769 0.01 0.01
0 0.802680 0.994769 0.01 0.01
0 0.882427 0.996667 0.01 0.01
0 0.743819 0.983376 0.01 0.01
0 0.760908 0.941604 0.01 0.01
0 0.876731 1.116288 0.01 0.01
0 0.730528 1.135275 0.01 0.01
0 0.726731 1.070718 0.01 0.01
0 0.707743 1.066920 0.01 0.01
0 0.584326 1.173250 0.01 0.01
0 1.003946 0.994769 0.01 0.01
0 1.584958 0.960591 0.01 0.01
0 1.169136 0.690971 0.01 0.01
0 1.077996 0.696667 0.01 0.01
0 1.036224 0.687174 0.01 0.01
0 0.876731 0.704262 0.01 0.01
0 0.734326 0.694769 0.01 0.01
0 0.717237 0.694769 0.01 0.01
0 1.467237 0.856161 0.01 0.01
0 1.408376 0.854262 0.01 0.01
0 1.184326 0.901731 0.01 0.01
0 1.040022 0.890338 0.01 0.01
0 0.918503 0.801098 0.01 0.01
0 0.855845 0.804895 0.01 0.01
0 0.814072 0.787807 0.01 0.01
0 0.234958 0.804895 0.01 0.01
0 0.191288 0.787807 0.01 0.01
0 0.179895 0.810591 0.01 0.01
0 0.138123 0.801098 0.01 0.01
0 0.126731 0.784009 0.01 0.01
0 0.054328 0.788593 0.01 0.01
0 0.335646 0.780601 0.01 0.01
0 0.508274 1.041141 0.01 0.01
0 0.786396 0.791790 0.01 0.01
0 1.086895 0.796585 0.01 0.01
0 1.272310 0.790192 0.01 0.01
0 0.140641 0.871710 0.01 0.01
0 0.012769 0.986795 0.01 0.01
0 0.287694 1.181800 0.01 0.01
0 1.104478 0.796585 0.01 0.01
0 1.093186 0.818186 0.01 0.01
0 0.155212 0.787807 0.01 0.01
0 0.436224 0.791604 0.01 0.01
0 0.379262 0.814389 0.01 0.01
0 0.206477 0.989072 0.01 0.01
0 0.702047 0.804895 0.01 0.01
0 0.713439 0.793503 0.01 0.01
0 0.941288 0.814389 0.01 0.01
0 0.954579 0.808693 0.01 0.01
0 1.123566 0.820085 0.01 0.01
0 1.499515 0.840971 0.01 0.01
0 0.523780 0.801122 0.01 0.01
0 0.544734 0.795500 0.01 0.01
0 0.527868 0.770969 0.01 0.01
0 0.515091 0.768413 0.01 0.01
0 0.406744 0.812877 0.01 0.01
0 0.446096 0.804188 0.01 0.01
0 1.561258 0.835875 0.01 0.01
0 1.561258 0.815432 0.01 0.01
0 0.117647 0.800100 0.01 0.01
0 0.104359 0.791923 0.01 0.01
0 0.086982 0.927868 0.01 0.01
0 0.064495 0.928890 0.01 0.01
0 1.409772 1.009173 0.01 0.01
