0 0.370615 0.584690 0.01 0.01
0 0.524690 0.546171 0.01 0.01
0 0.629875 0.534319 0.01 0.01
0 0.702467 0.718023 0.01 0.01
0 0.754319 0.863208 0.01 0.01
0 0.829875 0.879504 0.01 0.01
0 0.926171 0.913578 0.01 0.01
0 1.164690 0.723949 0.01 0.01
0 1.078764 0.532838 0.01 0.01
0 1.182467 0.454319 0.01 0.01
0 1.355801 0.518023 0.01 0.01
0 1.463949 0.292838 0.01 0.01
0 1.166171 0.383208 0.01 0.01
0 1.106912 0.402467 0.01 0.01
0 1.065430 0.360986 0.01 0.01
0 0.970615 0.301727 0.01 0.01
0 0.994319 0.245430 0.01 0.01
0 0.865430 0.358023 0.01 0.01
0 0.825430 0.366912 0.01 0.01
0 0.823949 0.325430 0.01 0.01
0 0.783949 0.309134 0.01 0.01
0 0.825430 0.248393 0.01 0.01
0 0.880245 0.249875 0.01 0.01
0 0.792838 0.243949 0.01 0.01
0 0.616541 0.363949 0.01 0.01
0 0.552838 0.240986 0.01 0.01
0 0.412097 0.224690 0.01 0.01
0 0.352838 0.279504 0.01 0.01
0 0.324690 0.252838 0.01 0.01
0 0.258023 0.266171 0.01 0.01
0 0.225430 0.322467 0.01 0.01
0 0.650615 0.193949 0.01 0.01
0 0.663208 0.139875 0.01 0.01
0 0.678764 0.128023 0.01 0.01
0 0.157282 0.193208 0.01 0.01
0 0.175801 0.142097 0.01 0.01
0 0.120986 0.132467 0.01 0.01
0 0.147653 0.127282 0.01 0.01
0 0.002467 0.168023 0.01 0.01
0 0.340245 0.111727 0.01 0.01
0 0.389875 0.103578 0.01 0.01
0 0.470615 0.117653 0.01 0.01
0 0.529134 0.126541 0.01 0.01
0 0.053208 0.108949 0.01 0.01
0 0.033208 0.097838 0.01 0.01
0 0.023949 0.090430 0.01 0.01
0 0.035430 0.074134 0.01 0.01
0 0.045801 0.071171 0.01 0.01
0 0.059875 0.075245 0.01 0.01
0 0.063208 0.088208 0.01 0.01
0 0.071727 0.114875 0.01 0.01
0 0.113578 0.068578 0.01 0.01
0 0.122467 0.077467 0.01 0.01
0 0.233949 0.090801 0.01 0.01
0 0.202467 0.076727 0.01 0.01
0 0.215430 0.082282 0.01 0.01
0 0.303949 0.084875 0.01 0.01
0 0.267653 0.070801 0.01 0.01
0 0.248764 0.062282 0.01 0.01
0 0.245430 0.076727 0.01 0.01
0 0.320245 0.067838 0.01 0.01
0 0.332467 0.069690 0.01 0.01
0 0.347653 0.073023 0.01 0.01
0 0.339504 0.051912 0.01 0.01
0 0.212838 0.051912 0.01 0.01
0 0.199875 0.063393 0.01 0.01
0 0.327653 0.035893 0.01 0.01
0 0.318949 0.030338 0.01 0.01
0 0.351541 0.034597 0.01 0.01
0 0.340615 0.029227 0.01 0.01
0 0.365986 0.036819 0.01 0.01
0 0.377838 0.044041 0.01 0.01
0 0.375060 0.031264 0.01 0.01
0 0.394134 0.032004 0.01 0.01
0 0.420430 0.030708 0.01 0.01
0 0.394134 0.079782 0.01 0.01
0 0.362282 0.070523 0.01 0.01
0 0.294134 0.035708 0.01 0.01
0 0.271727 0.054782 0.01 0.01
0 0.277282 0.045338 0.01 0.01
0 0.275801 0.069690 0.01 0.01
0 0.286171 0.063023 0.01 0.01
0 0.477282 0.079690 0.01 0.01
0 0.453949 0.058208 0.01 0.01
0 0.557920 0.067625 0.01 0.01
0 0.505684 0.079477 0.01 0.01
0 0.478249 0.040080 0.01 0.01
0 0.466397 0.047104 0.01 0.01
0 0.540581 0.038764 0.01 0.01
0 0.628812 0.032399 0.01 0.01
0 0.770814 0.102851 0.01 0.01
0 0.813393 0.088585 0.01 0.01
0 0.800883 0.161452 0.01 0.01
0 0.678853 0.031027 0.01 0.01
0 0.688181 0.017858 0.01 0.01
0 0.846315 0.078599 0.01 0.01
0 0.856850 0.070698 0.01 0.01
0 0.892845 0.066308 0.01 0.01
0 0.863434 0.166061 0.01 0.01
0 0.948153 0.112947 0.01 0.01
0 1.013997 0.112728 0.01 0.01
0 0.997755 0.050177 0.01 0.01
0 1.030897 0.016322 0.01 0.01
0 0.902831 0.064388 0.01 0.01
0 0.996768 0.009765 0.01 0.01
0 1.512097 0.539875 0.01 0.01
0 1.047997 0.136709 0.01 0.01
0 1.062383 0.122323 0.01 0.01
0 1.126319 0.157488 0.01 0.01
0 1.118327 0.087658 0.01 0.01
0 1.187857 0.098047 0.01 0.01
0 1.234211 0.084461 0.01 0.01
0 1.297348 0.086858 0.01 0.01
0 1.178267 0.062882 0.01 0.01
0 1.246998 0.054890 0.01 0.01
0 1.144301 0.029166 0.01 0.01
0 1.209036 0.038357 0.01 0.01
0 1.167078 0.051943 0.01 0.01
0 0.954291 0.006676 0.01 0.01
0 0.929316 0.006876 0.01 0.01
0 0.161284 0.072473 0.01 0.01
0 0.321124 0.016529 0.01 0.01
0 0.273971 0.018127 0.01 0.01
0 0.265180 0.026918 0.01 0.01
0 0.230015 0.050894 0.01 0.01
0 0.244401 0.038906 0.01 0.01
0 0.208437 0.034910 0.01 0.01
0 0.227618 0.026119 0.01 0.01
0 0.361084 0.010934 0.01 0.01
0 1.588257 0.326918 0.01 0.01
