0 0.162612 0.893765 0.01 0.01
0 0.211313 0.908984 0.01 0.01
0 0.202942 0.882351 0.01 0.01
0 0.202181 0.867132 0.01 0.01
0 0.186962 0.845064 0.01 0.01
0 0.244795 0.861044 0.01 0.01
0 0.233381 0.848108 0.01 0.01
0 0.260775 0.833650 0.01 0.01
0 0.253166 0.825279 0.01 0.01
0 0.239468 0.814626 0.01 0.01
0 0.225010 0.799406 0.01 0.01
0 0.240990 0.799406 0.01 0.01
0 0.275994 0.800928 0.01 0.01
0 0.298823 0.803972 0.01 0.01
0 0.262297 0.768207 0.01 0.01
0 0.269146 0.758315 0.01 0.01
0 0.307194 0.779622 0.01 0.01
0 0.317086 0.774295 0.01 0.01
0 0.323174 0.782665 0.01 0.01
0 0.337632 0.778100 0.01 0.01
0 0.346002 0.790275 0.01 0.01
0 0.302628 0.766685 0.01 0.01
0 0.274472 0.718745 0.01 0.01
0 0.271429 0.736247 0.01 0.01
0 0.310237 0.729398 0.01 0.01
0 0.326218 0.749183 0.01 0.01
0 0.345241 0.733203 0.01 0.01
0 0.368831 0.735486 0.01 0.01
0 0.339915 0.717223 0.01 0.01
0 0.320891 0.714940 0.01 0.01
0 0.361222 0.704287 0.01 0.01
0 0.387855 0.708092 0.01 0.01
0 0.380246 0.695916 0.01 0.01
0 0.296287 0.648737 0.01 0.01
0 0.307701 0.620581 0.01 0.01
0 0.322159 0.633518 0.01 0.01
0 0.327486 0.594709 0.01 0.01
0 0.348032 0.620581 0.01 0.01
0 0.355641 0.603079 0.01 0.01
0 0.371621 0.647215 0.01 0.01
0 0.373143 0.635040 0.01 0.01
0 0.437064 0.689829 0.01 0.01
0 0.427171 0.679936 0.01 0.01
0 0.405103 0.670805 0.01 0.01
0 0.445434 0.682219 0.01 0.01
0 0.445434 0.666239 0.01 0.01
0 0.425649 0.666239 0.01 0.01
0 0.424888 0.653303 0.01 0.01
0 0.453044 0.676892 0.01 0.01
0 0.450761 0.651020 0.01 0.01
0 0.410430 0.637322 0.01 0.01
0 0.384558 0.629713 0.01 0.01
0 0.366295 0.630474 0.01 0.01
0 0.373143 0.602318 0.01 0.01
0 0.392167 0.602318 0.01 0.01
0 0.421845 0.628191 0.01 0.01
0 0.442390 0.605362 0.01 0.01
0 0.406625 0.618298 0.01 0.01
0 0.357163 0.589382 0.01 0.01
0 0.360207 0.580251 0.01 0.01
0 0.349554 0.573402 0.01 0.01
0 0.411191 0.578729 0.01 0.01
0 0.442390 0.561227 0.01 0.01
0 0.463697 0.584816 0.01 0.01
0 0.462175 0.598514 0.01 0.01
0 0.488048 0.599275 0.01 0.01
0 0.508594 0.603840 0.01 0.01
0 0.491853 0.582533 0.01 0.01
0 0.481960 0.561227 0.01 0.01
0 0.438586 0.539920 0.01 0.01
0 0.412713 0.552856 0.01 0.01
0 0.392928 0.561227 0.01 0.01
0 0.377709 0.550573 0.01 0.01
0 0.361729 0.533071 0.01 0.01
0 0.375426 0.527745 0.01 0.01
0 0.411191 0.534593 0.01 0.01
0 0.403582 0.518613 0.01 0.01
0 0.376948 0.515569 0.01 0.01
0 0.377709 0.504155 0.01 0.01
0 0.395972 0.506438 0.01 0.01
0 0.411952 0.493501 0.01 0.01
0 0.389123 0.518613 0.01 0.01
0 0.500223 0.593187 0.01 0.01
0 0.479677 0.518613 0.01 0.01
0 0.556534 0.578729 0.01 0.01
0 0.548925 0.551334 0.01 0.01
0 0.560339 0.545247 0.01 0.01
0 0.614367 0.518613 0.01 0.01
0 0.587733 0.522418 0.01 0.01
0 0.593821 0.510242 0.01 0.01
0 0.590016 0.514047 0.01 0.01
0 0.565666 0.520135 0.01 0.01
0 0.555012 0.518613 0.01 0.01
0 0.531422 0.517091 0.01 0.01
0 0.511638 0.517091 0.01 0.01
0 0.501745 0.506438 0.01 0.01
0 0.492614 0.492740 0.01 0.01
0 0.479677 0.507960 0.01 0.01
0 0.473590 0.502633 0.01 0.01
0 0.444673 0.502633 0.01 0.01
0 0.446195 0.488175 0.01 0.01
0 0.432498 0.487414 0.01 0.01
0 0.555012 0.502633 0.01 0.01
0 0.527618 0.468390 0.01 0.01
0 0.508594 0.460780 0.01 0.01
0 0.490331 0.472195 0.01 0.01
0 0.396733 0.473717 0.01 0.01
0 0.419562 0.468390 0.01 0.01
0 0.425649 0.455454 0.01 0.01
0 0.409669 0.440234 0.01 0.01
0 0.336617 0.392294 0.01 0.01
0 0.396733 0.412079 0.01 0.01
0 0.405103 0.413601 0.01 0.01
0 0.411191 0.428059 0.01 0.01
0 0.426410 0.422732 0.01 0.01
0 0.445434 0.425776 0.01 0.01
0 0.443912 0.413601 0.01 0.01
0 0.459131 0.409796 0.01 0.01
0 0.448478 0.386206 0.01 0.01
0 0.442390 0.373270 0.01 0.01
0 0.459892 0.429581 0.01 0.01
0 0.463697 0.425776 0.01 0.01
0 0.425649 0.437191 0.01 0.01
0 0.615128 0.495784 0.01 0.01
0 0.602953 0.492740 0.01 0.01
0 0.607518 0.475238 0.01 0.01
0 0.571753 0.469151 0.01 0.01
0 0.602953 0.460780 0.01 0.01
0 0.634152 0.455454 0.01 0.01
0 0.626542 0.442517 0.01 0.01
0 0.606757 0.450127 0.01 0.01
0 0.602192 0.431864 0.01 0.01
0 0.593821 0.409796 0.01 0.01
0 0.577080 0.423493 0.01 0.01
0 0.564144 0.437952 0.01 0.01
0 0.533705 0.444800 0.01 0.01
0 0.552729 0.420449 0.01 0.01
0 0.548164 0.420449 0.01 0.01
0 0.566427 0.407513 0.01 0.01
0 0.556534 0.409796 0.01 0.01
0 0.547403 0.406752 0.01 0.01
0 0.538271 0.380880 0.01 0.01
0 0.539032 0.395338 0.01 0.01
0 0.514681 0.418928 0.01 0.01
0 0.500223 0.396860 0.01 0.01
0 0.516964 0.376314 0.01 0.01
0 0.504789 0.386206 0.01 0.01
0 0.472068 0.377836 0.01 0.01
0 0.478916 0.365661 0.01 0.01
0 0.470546 0.357290 0.01 0.01
0 0.461414 0.329895 0.01 0.01
0 0.450000 0.324569 0.01 0.01
0 0.509355 0.348158 0.01 0.01
0 0.496418 0.343593 0.01 0.01
0 0.494897 0.362236 0.01 0.01
0 0.484243 0.372890 0.01 0.01
0 0.455327 0.357670 0.01 0.01
0 0.462936 0.347017 0.01 0.01
0 0.473590 0.432244 0.01 0.01
0 0.655459 0.418928 0.01 0.01
0 0.669917 0.402947 0.01 0.01
0 0.684375 0.393055 0.01 0.01
0 0.679809 0.437191 0.01 0.01
0 0.676004 0.424254 0.01 0.01
0 0.666873 0.437191 0.01 0.01
0 0.678287 0.457736 0.01 0.01
0 0.666873 0.457736 0.01 0.01
0 0.690463 0.472195 0.01 0.01
0 0.714052 0.457736 0.01 0.01
0 0.712530 0.473717 0.01 0.01
0 0.718618 0.489697 0.01 0.01
0 0.731554 0.493501 0.01 0.01
0 0.766558 0.485131 0.01 0.01
0 0.751339 0.469151 0.01 0.01
0 0.735359 0.454693 0.01 0.01
0 0.739925 0.444800 0.01 0.01
0 0.747534 0.437191 0.01 0.01
0 0.759710 0.440234 0.01 0.01
0 0.765797 0.439473 0.01 0.01
0 0.768080 0.434908 0.01 0.01
0 0.771885 0.452410 0.01 0.01
0 0.784821 0.480565 0.01 0.01
0 0.796236 0.479043 0.01 0.01
0 0.829718 0.488175 0.01 0.01
0 0.820586 0.486653 0.01 0.01
0 0.807650 0.468390 0.01 0.01
0 0.852547 0.468390 0.01 0.01
0 0.838849 0.452410 0.01 0.01
0 0.823630 0.445561 0.01 0.01
0 0.787104 0.440234 0.01 0.01
0 0.803084 0.425015 0.01 0.01
0 0.832762 0.410557 0.01 0.01
0 0.819825 0.418928 0.01 0.01
0 0.845698 0.405230 0.01 0.01
0 0.854830 0.452410 0.01 0.01
0 0.851025 0.442517 0.01 0.01
0 0.882224 0.463063 0.01 0.01
0 0.874614 0.442517 0.01 0.01
0 0.867766 0.424254 0.01 0.01
0 0.886790 0.434908 0.01 0.01
0 0.879180 0.442517 0.01 0.01
0 0.880702 0.447844 0.01 0.01
0 0.900487 0.437191 0.01 0.01
0 0.879941 0.402947 0.01 0.01
0 0.898965 0.387728 0.01 0.01
0 0.917989 0.405230 0.01 0.01
0 0.924077 0.415884 0.01 0.01
0 0.926360 0.395338 0.01 0.01
0 0.930925 0.392294 0.01 0.01
0 0.930925 0.375553 0.01 0.01
0 0.949949 0.396860 0.01 0.01
0 0.957559 0.388489 0.01 0.01
0 0.973539 0.392294 0.01 0.01
0 0.965929 0.445561 0.01 0.01
0 0.946144 0.440995 0.01 0.01
0 0.930925 0.439473 0.01 0.01
0 0.939296 0.421210 0.01 0.01
0 0.939296 0.402947 0.01 0.01
0 1.016153 0.424254 0.01 0.01
0 0.590016 0.385445 0.01 0.01
0 0.637196 0.347398 0.01 0.01
0 0.657741 0.344354 0.01 0.01
0 0.682092 0.329895 0.01 0.01
0 0.657741 0.325330 0.01 0.01
0 0.663068 0.313915 0.01 0.01
0 0.674483 0.297935 0.01 0.01
0 0.625781 0.321525 0.01 0.01
0 0.637957 0.328374 0.01 0.01
0 0.646327 0.317720 0.01 0.01
0 0.654698 0.308589 0.01 0.01
0 0.629586 0.303262 0.01 0.01
0 0.574036 0.323047 0.01 0.01
0 0.564905 0.312393 0.01 0.01
0 0.537510 0.299457 0.01 0.01
0 0.526096 0.299457 0.01 0.01
0 0.529901 0.269780 0.01 0.01
0 0.541315 0.265214 0.01 0.01
0 0.547403 0.259126 0.01 0.01
0 0.573275 0.271302 0.01 0.01
0 0.567948 0.256083 0.01 0.01
0 0.577841 0.247712 0.01 0.01
0 0.512399 0.267497 0.01 0.01
0 0.520769 0.256083 0.01 0.01
0 0.504789 0.253800 0.01 0.01
0 0.499462 0.253800 0.01 0.01
0 0.495657 0.240102 0.01 0.01
0 0.496418 0.218035 0.01 0.01
0 0.513159 0.234776 0.01 0.01
0 0.514681 0.221839 0.01 0.01
0 0.532183 0.232493 0.01 0.01
0 0.530662 0.224122 0.01 0.01
0 0.525335 0.248473 0.01 0.01
0 0.525335 0.237059 0.01 0.01
0 0.521530 0.240863 0.01 0.01
0 0.537510 0.194445 0.01 0.01
0 0.555012 0.199772 0.01 0.01
0 0.556534 0.194445 0.01 0.01
0 0.577841 0.198250 0.01 0.01
0 0.594582 0.200533 0.01 0.01
0 0.593060 0.190640 0.01 0.01
0 0.591538 0.226405 0.01 0.01
0 0.566427 0.221839 0.01 0.01
0 0.562622 0.227166 0.01 0.01
0 0.596104 0.224883 0.01 0.01
0 0.621976 0.189118 0.01 0.01
0 0.610562 0.183792 0.01 0.01
0 0.650893 0.191401 0.01 0.01
0 0.657741 0.195206 0.01 0.01
0 0.632630 0.212708 0.01 0.01
0 0.637196 0.224122 0.01 0.01
0 0.617411 0.214230 0.01 0.01
0 0.629586 0.196728 0.01 0.01
0 0.628064 0.186074 0.01 0.01
0 0.656981 0.232493 0.01 0.01
0 0.663068 0.219557 0.01 0.01
0 0.663068 0.224122 0.01 0.01
0 0.659263 0.208903 0.01 0.01
0 0.669156 0.214230 0.01 0.01
0 0.677526 0.216513 0.01 0.01
0 0.685136 0.195967 0.01 0.01
0 0.666112 0.259887 0.01 0.01
0 0.657741 0.253800 0.01 0.01
0 0.638718 0.250756 0.01 0.01
0 0.634913 0.285760 0.01 0.01
0 0.628825 0.285760 0.01 0.01
0 0.611323 0.288043 0.01 0.01
0 0.605235 0.238581 0.01 0.01
0 0.610562 0.231732 0.01 0.01
0 0.691224 0.273585 0.01 0.01
0 0.665351 0.281955 0.01 0.01
0 0.701877 0.238581 0.01 0.01
0 0.709487 0.224122 0.01 0.01
0 0.703399 0.224122 0.01 0.01
0 0.707965 0.205098 0.01 0.01
0 0.714813 0.194445 0.01 0.01
0 0.700355 0.190640 0.01 0.01
0 0.735359 0.202816 0.01 0.01
0 0.746013 0.207381 0.01 0.01
0 0.755144 0.208903 0.01 0.01
0 0.749056 0.215752 0.01 0.01
0 0.781017 0.218035 0.01 0.01
0 0.788626 0.237820 0.01 0.01
0 0.771124 0.256083 0.01 0.01
0 0.749056 0.259126 0.01 0.01
0 0.739164 0.243907 0.01 0.01
0 0.714052 0.247712 0.01 0.01
0 0.720901 0.233254 0.01 0.01
0 0.741447 0.234776 0.01 0.01
0 0.762754 0.242385 0.01 0.01
0 0.806128 0.254561 0.01 0.01
0 0.809933 0.243146 0.01 0.01
0 0.821347 0.243146 0.01 0.01
0 0.816782 0.251517 0.01 0.01
0 0.838088 0.284238 0.01 0.01
0 0.818304 0.281955 0.01 0.01
0 0.816021 0.292609 0.01 0.01
0 0.810694 0.298696 0.01 0.01
0 0.825913 0.297935 0.01 0.01
0 0.797758 0.323047 0.01 0.01
0 0.790148 0.330656 0.01 0.01
0 0.781778 0.313915 0.01 0.01
0 0.775690 0.331417 0.01 0.01
0 0.771885 0.320764 0.01 0.01
0 0.765797 0.313915 0.01 0.01
0 0.784821 0.280433 0.01 0.01
0 0.739164 0.278150 0.01 0.01
0 0.709487 0.280433 0.01 0.01
0 0.761232 0.333700 0.01 0.01
0 0.749056 0.332178 0.01 0.01
0 0.752100 0.317720 0.01 0.01
0 0.736120 0.323047 0.01 0.01
0 0.729272 0.324569 0.01 0.01
0 0.711769 0.308589 0.01 0.01
0 0.718618 0.323047 0.01 0.01
0 0.722423 0.305545 0.01 0.01
0 0.719379 0.298696 0.01 0.01
0 0.745252 0.301740 0.01 0.01
0 0.761993 0.307067 0.01 0.01
0 0.763515 0.300218 0.01 0.01
0 0.300852 0.163246 0.01 0.01
0 0.338900 0.144222 0.01 0.01
0 0.351836 0.141178 0.01 0.01
0 0.360968 0.142700 0.01 0.01
0 0.367817 0.141178 0.01 0.01
0 0.379992 0.129003 0.01 0.01
0 0.388362 0.134329 0.01 0.01
0 0.420323 0.141178 0.01 0.01
0 0.424888 0.126720 0.01 0.01
0 0.474351 0.123676 0.01 0.01
0 0.494136 0.115305 0.01 0.01
0 0.500984 0.109218 0.01 0.01
0 0.529140 0.121393 0.01 0.01
0 0.518486 0.114544 0.01 0.01
0 0.521530 0.105413 0.01 0.01
0 0.530662 0.104652 0.01 0.01
0 0.543598 0.103891 0.01 0.01
0 0.545881 0.125198 0.01 0.01
0 0.563383 0.102369 0.01 0.01
0 0.558817 0.096281 0.01 0.01
0 0.574036 0.121393 0.01 0.01
0 0.585450 0.119871 0.01 0.01
0 0.577841 0.118349 0.01 0.01
0 0.585450 0.109218 0.01 0.01
0 0.580885 0.098564 0.01 0.01
0 0.592299 0.106174 0.01 0.01
0 0.602953 0.118349 0.01 0.01
0 0.620455 0.114544 0.01 0.01
0 0.640239 0.109218 0.01 0.01
0 0.647849 0.127481 0.01 0.01
0 0.658502 0.129003 0.01 0.01
0 0.662307 0.111501 0.01 0.01
0 0.673722 0.127481 0.01 0.01
0 0.673722 0.117588 0.01 0.01
0 0.683614 0.116066 0.01 0.01
0 0.692746 0.119871 0.01 0.01
0 0.695028 0.109979 0.01 0.01
0 0.700355 0.137373 0.01 0.01
0 0.707204 0.141178 0.01 0.01
0 0.704160 0.116066 0.01 0.01
0 0.711009 0.102369 0.01 0.01
0 0.719379 0.103891 0.01 0.01
0 0.728511 0.105413 0.01 0.01
0 0.723184 0.114544 0.01 0.01
0 0.742969 0.133568 0.01 0.01
0 0.737642 0.129003 0.01 0.01
0 0.733076 0.141178 0.01 0.01
0 0.755905 0.133568 0.01 0.01
0 0.765797 0.138134 0.01 0.01
0 0.766558 0.116066 0.01 0.01
0 0.778734 0.122154 0.01 0.01
0 0.782539 0.132807 0.01 0.01
0 0.790909 0.155636 0.01 0.01
0 0.793953 0.143461 0.01 0.01
0 0.774929 0.134329 0.01 0.01
0 0.808411 0.126720 0.01 0.01
0 0.815260 0.125959 0.01 0.01
0 0.834284 0.129003 0.01 0.01
0 0.818304 0.143461 0.01 0.01
0 0.825913 0.165529 0.01 0.01
0 0.835806 0.151831 0.01 0.01
0 0.866244 0.142700 0.01 0.01
0 0.887551 0.141939 0.01 0.01
0 0.910379 0.151831 0.01 0.01
0 0.933969 0.157158 0.01 0.01
0 0.939296 0.170855 0.01 0.01
0 0.924838 0.174660 0.01 0.01
0 0.903531 0.192923 0.01 0.01
0 0.930925 0.195206 0.01 0.01
0 0.911140 0.212708 0.01 0.01
0 0.930164 0.205859 0.01 0.01
0 0.944623 0.192162 0.01 0.01
0 0.959081 0.192162 0.01 0.01
0 0.965168 0.192162 0.01 0.01
0 0.953754 0.169333 0.01 0.01
0 0.992563 0.192162 0.01 0.01
0 0.990280 0.205859 0.01 0.01
0 0.986475 0.198250 0.01 0.01
0 0.984953 0.205859 0.01 0.01
0 0.981909 0.221839 0.01 0.01
0 1.020718 0.208903 0.01 0.01
0 1.012348 0.205098 0.01 0.01
0 1.048874 0.240102 0.01 0.01
0 0.987236 0.256844 0.01 0.01
0 0.975061 0.259126 0.01 0.01
0 0.982670 0.248473 0.01 0.01
0 0.983431 0.236298 0.01 0.01
0 0.996368 0.255322 0.01 0.01
0 1.062571 0.265975 0.01 0.01
0 1.087683 0.264453 0.01 0.01
0 1.109750 0.300218 0.01 0.01
0 1.130296 0.304023 0.01 0.01
0 1.112033 0.326091 0.01 0.01
0 1.096814 0.335222 0.01 0.01
0 1.098336 0.355007 0.01 0.01
0 1.081595 0.351202 0.01 0.01
0 1.081595 0.335983 0.01 0.01
0 1.088444 0.300218 0.01 0.01
0 1.063332 0.319242 0.01 0.01
0 1.052679 0.296413 0.01 0.01
0 1.040503 0.291087 0.01 0.01
0 1.037459 0.308589 0.01 0.01
0 1.048874 0.323047 0.01 0.01
0 1.049635 0.335983 0.01 0.01
0 1.049635 0.360334 0.01 0.01
0 1.054961 0.377836 0.01 0.01
0 1.072463 0.368704 0.01 0.01
0 1.070942 0.386967 0.01 0.01
0 1.026045 0.352724 0.01 0.01
0 1.029850 0.332939 0.01 0.01
0 1.016914 0.347398 0.01 0.01
0 1.016914 0.332939 0.01 0.01
0 1.006260 0.335222 0.01 0.01
0 0.992563 0.325330 0.01 0.01
0 1.010826 0.311633 0.01 0.01
0 1.000172 0.304023 0.01 0.01
0 1.006260 0.297935 0.01 0.01
0 0.986475 0.289565 0.01 0.01
0 0.965168 0.335983 0.01 0.01
0 0.975822 0.356529 0.01 0.01
0 0.985714 0.308589 0.01 0.01
