0 0.120402 0.433513 0.01 0.01
0 0.160323 0.410030 0.01 0.01
0 0.146233 0.356018 0.01 0.01
0 0.183807 0.311400 0.01 0.01
0 0.111008 0.266781 0.01 0.01
0 0.223728 0.245646 0.01 0.01
0 0.249560 0.339580 0.01 0.01
0 0.284785 0.264433 0.01 0.01
0 0.524316 0.503963 0.01 0.01
0 0.482045 0.348973 0.01 0.01
0 0.409247 0.262085 0.01 0.01
0 0.416292 0.245646 0.01 0.01
0 0.456214 0.215118 0.01 0.01
0 0.402202 0.198680 0.01 0.01
0 0.423337 0.198680 0.01 0.01
0 0.392809 0.215118 0.01 0.01
0 0.357584 0.224511 0.01 0.01
0 0.371674 0.193983 0.01 0.01
0 0.606507 0.363063 0.01 0.01
0 0.632339 0.257388 0.01 0.01
0 0.700441 0.334883 0.01 0.01
0 0.869521 0.236253 0.01 0.01
0 0.895353 0.283220 0.01 0.01
0 0.958758 0.257388 0.01 0.01
0 0.949364 0.205725 0.01 0.01
0 0.972848 0.198680 0.01 0.01
0 1.003376 0.536840 0.01 0.01
0 0.998680 0.356018 0.01 0.01
0 1.102006 0.273826 0.01 0.01
0 1.057388 0.269130 0.01 0.01
0 1.038601 0.252691 0.01 0.01
0 0.979893 0.294961 0.01 0.01
0 1.219423 0.273826 0.01 0.01
0 1.207681 0.388895 0.01 0.01
0 1.275783 0.379501 0.01 0.01
0 1.332143 0.508660 0.01 0.01
0 1.362672 0.640167 0.01 0.01
0 1.458954 0.527447 0.01 0.01
0 1.576370 0.635470 0.01 0.01
0 1.569325 0.471087 0.01 0.01
0 1.489482 0.426468 0.01 0.01
0 1.477740 0.377153 0.01 0.01
0 1.588112 0.348973 0.01 0.01
0 1.534100 0.313748 0.01 0.01
0 1.545842 0.273826 0.01 0.01
0 1.428425 0.299658 0.01 0.01
0 1.442515 0.360715 0.01 0.01
0 1.329795 0.348973 0.01 0.01
0 1.407290 0.433513 0.01 0.01
0 1.367368 0.306703 0.01 0.01
0 1.376762 0.264433 0.01 0.01
0 1.423728 0.269130 0.01 0.01
0 1.458954 0.236253 0.01 0.01
0 1.527055 0.236253 0.01 0.01
0 1.517662 0.165803 0.01 0.01
0 1.296918 0.264433 0.01 0.01
0 1.275783 0.236253 0.01 0.01
0 1.590460 0.100049 0.01 0.01
0 1.545842 0.125881 0.01 0.01
0 1.559932 0.102398 0.01 0.01
0 1.529404 0.100049 0.01 0.01
0 1.515314 0.116488 0.01 0.01
0 1.498875 0.093004 0.01 0.01
0 1.496527 0.118836 0.01 0.01
0 1.484785 0.102398 0.01 0.01
0 1.470695 0.111791 0.01 0.01
0 1.426077 0.109443 0.01 0.01
0 1.402593 0.093004 0.01 0.01
0 1.367368 0.074218 0.01 0.01
0 1.369717 0.093004 0.01 0.01
0 1.346233 0.083611 0.01 0.01
0 1.348582 0.074218 0.01 0.01
0 1.346233 0.074218 0.01 0.01
0 1.357975 0.107094 0.01 0.01
0 1.325098 0.109443 0.01 0.01
0 1.343885 0.100049 0.01 0.01
0 1.325098 0.168151 0.01 0.01
0 1.311008 0.135274 0.01 0.01
0 1.306312 0.116488 0.01 0.01
0 1.313357 0.107094 0.01 0.01
0 1.280480 0.118836 0.01 0.01
0 1.282828 0.135274 0.01 0.01
0 1.240558 0.118836 0.01 0.01
0 1.231165 0.118836 0.01 0.01
0 1.219423 0.135274 0.01 0.01
0 1.177153 0.132926 0.01 0.01
0 1.148973 0.116488 0.01 0.01
0 1.134883 0.139971 0.01 0.01
0 1.118445 0.125881 0.01 0.01
0 1.076175 0.158758 0.01 0.01
0 1.099658 0.142319 0.01 0.01
0 1.080871 0.109443 0.01 0.01
0 1.052691 0.109443 0.01 0.01
0 1.050343 0.139971 0.01 0.01
0 1.033905 0.116488 0.01 0.01
0 1.017466 0.139971 0.01 0.01
0 1.005725 0.116488 0.01 0.01
0 0.996331 0.144668 0.01 0.01
0 0.977545 0.135274 0.01 0.01
0 0.996331 0.205725 0.01 0.01
0 0.949364 0.151713 0.01 0.01
0 0.965803 0.125881 0.01 0.01
0 0.932926 0.123533 0.01 0.01
0 0.932926 0.132926 0.01 0.01
0 0.918836 0.142319 0.01 0.01
0 0.907094 0.111791 0.01 0.01
0 0.918836 0.158758 0.01 0.01
0 0.893004 0.182241 0.01 0.01
0 0.867173 0.158758 0.01 0.01
0 0.843689 0.189286 0.01 0.01
0 0.834296 0.193983 0.01 0.01
0 0.878914 0.135274 0.01 0.01
0 0.893004 0.109443 0.01 0.01
0 0.843689 0.116488 0.01 0.01
0 0.846038 0.142319 0.01 0.01
0 0.815509 0.182241 0.01 0.01
0 0.817858 0.149364 0.01 0.01
0 0.822554 0.116488 0.01 0.01
0 0.806116 0.128229 0.01 0.01
0 0.780284 0.123533 0.01 0.01
0 0.777936 0.165803 0.01 0.01
0 0.789678 0.149364 0.01 0.01
0 0.770891 0.177545 0.01 0.01
0 0.784981 0.198680 0.01 0.01
0 0.815509 0.208073 0.01 0.01
0 0.740363 0.168151 0.01 0.01
0 0.740363 0.149364 0.01 0.01
0 0.735666 0.132926 0.01 0.01
0 0.756801 0.109443 0.01 0.01
0 0.721576 0.109443 0.01 0.01
0 0.712182 0.142319 0.01 0.01
0 0.702789 0.158758 0.01 0.01
0 0.728621 0.205725 0.01 0.01
0 0.684002 0.208073 0.01 0.01
0 0.655822 0.189286 0.01 0.01
0 0.575979 0.193983 0.01 0.01
0 0.620597 0.215118 0.01 0.01
0 0.545451 0.184590 0.01 0.01
0 0.526664 0.205725 0.01 0.01
0 0.491439 0.165803 0.01 0.01
0 0.526664 0.132926 0.01 0.01
0 0.550147 0.149364 0.01 0.01
0 0.573631 0.135274 0.01 0.01
0 0.594766 0.135274 0.01 0.01
0 0.559541 0.128229 0.01 0.01
0 0.564237 0.116488 0.01 0.01
0 0.557192 0.100049 0.01 0.01
0 0.543102 0.102398 0.01 0.01
0 0.545451 0.090656 0.01 0.01
0 0.564237 0.093004 0.01 0.01
0 0.615901 0.109443 0.01 0.01
0 0.604159 0.123533 0.01 0.01
0 0.646429 0.109443 0.01 0.01
0 0.693396 0.109443 0.01 0.01
0 0.712182 0.109443 0.01 0.01
0 0.693396 0.128229 0.01 0.01
0 0.686351 0.149364 0.01 0.01
0 0.498484 0.111791 0.01 0.01
0 0.519619 0.100049 0.01 0.01
0 0.524316 0.118836 0.01 0.01
0 0.512574 0.142319 0.01 0.01
0 0.475000 0.142319 0.01 0.01
0 0.489090 0.144668 0.01 0.01
0 0.460910 0.149364 0.01 0.01
0 0.430382 0.149364 0.01 0.01
0 0.385764 0.158758 0.01 0.01
0 0.399854 0.182241 0.01 0.01
0 0.355235 0.156409 0.01 0.01
0 0.263650 0.198680 0.01 0.01
0 0.235470 0.191635 0.01 0.01
0 0.256605 0.224511 0.01 0.01
0 0.291830 0.219815 0.01 0.01
0 0.195548 0.184590 0.01 0.01
0 0.162672 0.191635 0.01 0.01
0 0.064042 0.158758 0.01 0.01
0 0.045255 0.142319 0.01 0.01
0 0.068738 0.142319 0.01 0.01
0 0.047603 0.107094 0.01 0.01
0 0.028817 0.083611 0.01 0.01
0 0.056997 0.074218 0.01 0.01
0 0.103963 0.100049 0.01 0.01
0 0.141537 0.109443 0.01 0.01
0 0.146233 0.128229 0.01 0.01
0 0.106312 0.158758 0.01 0.01
0 0.183807 0.165803 0.01 0.01
0 0.209638 0.165803 0.01 0.01
0 0.251909 0.123533 0.01 0.01
0 0.207290 0.128229 0.01 0.01
0 0.193200 0.095353 0.01 0.01
0 0.226077 0.064824 0.01 0.01
0 0.237818 0.064824 0.01 0.01
0 0.251909 0.074218 0.01 0.01
0 0.261302 0.083611 0.01 0.01
0 0.268347 0.074218 0.01 0.01
0 0.273044 0.125881 0.01 0.01
0 0.287134 0.041341 0.01 0.01
0 0.277740 0.046038 0.01 0.01
0 0.294179 0.046038 0.01 0.01
0 0.268347 0.010813 0.01 0.01
0 0.211987 0.041341 0.01 0.01
0 0.195548 0.017858 0.01 0.01
0 0.289482 0.116488 0.01 0.01
0 0.315314 0.128229 0.01 0.01
0 0.329404 0.125881 0.01 0.01
0 0.357584 0.109443 0.01 0.01
0 0.322359 0.083611 0.01 0.01
0 0.369325 0.069521 0.01 0.01
0 0.376370 0.083611 0.01 0.01
0 0.395157 0.083611 0.01 0.01
0 0.404550 0.074218 0.01 0.01
0 0.374022 0.060128 0.01 0.01
0 0.432730 0.062476 0.01 0.01
0 0.432730 0.074218 0.01 0.01
0 0.385764 0.116488 0.01 0.01
0 0.404550 0.132926 0.01 0.01
0 0.456214 0.093004 0.01 0.01
0 0.446820 0.083611 0.01 0.01
0 0.470304 0.083611 0.01 0.01
0 0.756801 0.151713 0.01 0.01
0 0.114930 0.072872 0.01 0.01
0 0.146898 0.065680 0.01 0.01
0 0.129316 0.103242 0.01 0.01
0 0.073372 0.118427 0.01 0.01
0 0.085360 0.114431 0.01 0.01
0 0.116529 0.156789 0.01 0.01
0 0.222823 0.136809 0.01 0.01
0 0.485760 0.235110 0.01 0.01
0 0.456189 0.183162 0.01 0.01
0 0.446599 0.184761 0.01 0.01
0 0.510535 0.168777 0.01 0.01
0 0.442603 0.126419 0.01 0.01
0 0.441804 0.110435 0.01 0.01
0 0.425820 0.107238 0.01 0.01
0 0.383462 0.062483 0.01 0.01
0 0.260385 0.041704 0.01 0.01
0 0.277168 0.067278 0.01 0.01
0 0.209236 0.052892 0.01 0.01
0 0.206039 0.061684 0.01 0.01
0 0.190854 0.042503 0.01 0.01
0 0.177268 0.056888 0.01 0.01
0 0.166079 0.061684 0.01 0.01
0 0.150894 0.050495 0.01 0.01
0 0.122922 0.048896 0.01 0.01
0 0.106139 0.044900 0.01 0.01
0 0.296349 0.004141 0.01 0.01
0 0.287558 0.003342 0.01 0.01
0 0.239606 0.013732 0.01 0.01
0 0.254791 0.014531 0.01 0.01
0 0.255590 0.002543 0.01 0.01
0 0.225220 0.008137 0.01 0.01
0 0.202043 0.012133 0.01 0.01
0 0.168477 0.019326 0.01 0.01
0 0.153292 0.012133 0.01 0.01
0 0.143702 0.011334 0.01 0.01
0 0.137308 0.012133 0.01 0.01
0 0.089356 0.128817 0.01 0.01
0 0.034211 0.054491 0.01 0.01
0 0.015030 0.056089 0.01 0.01
0 0.092553 0.051294 0.01 0.01
0 0.210035 0.092053 0.01 0.01
0 0.236409 0.081664 0.01 0.01
0 0.198047 0.071274 0.01 0.01
0 0.596049 0.088057 0.01 0.01
0 0.581664 0.097648 0.01 0.01
0 0.580065 0.107238 0.01 0.01
0 0.616829 0.121624 0.01 0.01
0 0.743901 0.116029 0.01 0.01
0 0.468577 0.108837 0.01 0.01
0 0.872972 0.197548 0.01 0.01
0 0.967278 0.156789 0.01 0.01
0 1.197847 0.142403 0.01 0.01
0 1.234611 0.433312 0.01 0.01
0 1.513532 0.103242 0.01 0.01
0 0.188856 0.006189 0.01 0.01
0 0.164481 0.006988 0.01 0.01
0 0.262383 0.033762 0.01 0.01
0 0.345899 0.037758 0.01 0.01
0 0.354291 0.049746 0.01 0.01
0 0.360285 0.043352 0.01 0.01
0 0.358687 0.081314 0.01 0.01
0 0.338307 0.077718 0.01 0.01
0 0.382663 0.080515 0.01 0.01
0 0.389456 0.075720 0.01 0.01
0 0.335909 0.046948 0.01 0.01
0 0.309536 0.042153 0.01 0.01
0 0.374671 0.014181 0.01 0.01
0 0.388257 0.019776 0.01 0.01
0 1.419226 0.097648 0.01 0.01
0 0.014961 0.494559 0.01 0.01
0 1.102586 0.507937 0.01 0.01
0 1.355429 0.562118 0.01 0.01
0 1.004927 0.319643 0.01 0.01
0 1.075496 0.299576 0.01 0.01
0 1.122653 0.341048 0.01 0.01
0 0.406934 0.359108 0.01 0.01
0 0.415630 0.289543 0.01 0.01
0 0.148740 0.209944 0.01 0.01
0 0.085864 0.170981 0.01 0.01
0 0.018974 0.101416 0.01 0.01
0 0.168138 0.140212 0.01 0.01
0 0.288874 0.158272 0.01 0.01
0 0.299911 0.185028 0.01 0.01
0 0.313957 0.197737 0.01 0.01
0 0.084526 0.075496 0.01 0.01
0 0.100245 0.070145 0.01 0.01
0 0.048071 0.079677 0.01 0.01
0 0.081349 0.089208 0.01 0.01
0 0.064125 0.104426 0.01 0.01
0 0.120312 0.117636 0.01 0.01
0 0.163121 0.084024 0.01 0.01
0 0.177168 0.117804 0.01 0.01
0 0.220646 0.107436 0.01 0.01
0 0.182185 0.068640 0.01 0.01
0 0.291884 0.069978 0.01 0.01
0 0.299242 0.120145 0.01 0.01
0 0.316299 0.094727 0.01 0.01
0 0.309275 0.067971 0.01 0.01
0 0.332687 0.059944 0.01 0.01
0 0.346064 0.103757 0.01 0.01
0 0.185362 0.028590 0.01 0.01
0 0.231516 0.048656 0.01 0.01
0 0.037202 0.113539 0.01 0.01
0 0.177837 0.017218 0.01 0.01
0 0.290546 0.009359 0.01 0.01
0 0.306265 0.011365 0.01 0.01
0 0.234192 0.037452 0.01 0.01
0 0.231014 0.014125 0.01 0.01
0 0.272820 0.026834 0.01 0.01
0 0.168138 0.034108 0.01 0.01
0 0.064459 0.091131 0.01 0.01
0 0.203422 0.005345 0.01 0.01
0 0.146064 0.031850 0.01 0.01
0 0.437369 0.054342 0.01 0.01
0 0.447737 0.057687 0.01 0.01
0 0.466131 0.060864 0.01 0.01
0 0.507101 0.085279 0.01 0.01
0 0.487369 0.106014 0.01 0.01
0 0.416299 0.069978 0.01 0.01
0 0.389877 0.031516 0.01 0.01
0 0.613957 0.169309 0.01 0.01
0 0.627001 0.150914 0.01 0.01
0 0.634359 0.126165 0.01 0.01
0 0.664459 0.140212 0.01 0.01
0 0.654426 0.135864 0.01 0.01
0 0.652753 0.108774 0.01 0.01
0 0.665128 0.105095 0.01 0.01
0 0.674827 0.119141 0.01 0.01
