0 0.042453 1.004466 0.01 0.01
0 0.221674 0.848622 0.01 0.01
0 0.379466 0.850570 0.01 0.01
0 0.313232 1.006414 0.01 0.01
0 0.321024 1.152518 0.01 0.01
0 0.182713 1.023946 0.01 0.01
0 0.157388 0.975245 0.01 0.01
0 0.601544 1.029791 0.01 0.01
0 0.745700 0.988881 0.01 0.01
0 0.607388 0.907063 0.01 0.01
0 0.504141 0.887583 0.01 0.01
0 0.517778 0.823297 0.01 0.01
0 0.513881 0.766804 0.01 0.01
0 0.564531 0.739531 0.01 0.01
0 0.654141 0.723946 0.01 0.01
0 0.677518 0.780440 0.01 0.01
0 0.774920 0.747323 0.01 0.01
0 0.763232 0.706414 0.01 0.01
0 0.640505 0.679141 0.01 0.01
0 0.500245 0.638232 0.01 0.01
0 0.568427 0.607063 0.01 0.01
0 0.560635 0.570050 0.01 0.01
0 0.642453 0.634336 0.01 0.01
0 0.722323 0.610959 0.01 0.01
0 0.696998 0.583687 0.01 0.01
0 1.248297 1.021998 0.01 0.01
0 1.515180 0.435635 0.01 0.01
0 1.507388 0.533037 0.01 0.01
0 1.466479 0.503817 0.01 0.01
0 1.495700 0.386933 0.01 0.01
0 1.575570 0.028492 0.01 0.01
0 1.511284 0.086933 0.01 0.01
0 1.509336 0.114206 0.01 0.01
0 1.542453 0.149271 0.01 0.01
0 1.573622 0.151219 0.01 0.01
0 1.598946 0.236933 0.01 0.01
0 1.497648 0.157063 0.01 0.01
0 0.447932 0.488068 0.01 0.01
0 0.526700 0.432639 0.01 0.01
0 0.589131 0.412218 0.01 0.01
0 0.553540 0.417469 0.01 0.01
0 0.566960 0.398798 0.01 0.01
0 0.634642 0.427388 0.01 0.01
0 0.634642 0.411051 0.01 0.01
0 0.523200 0.471731 0.01 0.01
0 0.585047 0.516075 0.01 0.01
0 0.618888 0.493903 0.01 0.01
0 0.746667 0.574422 0.01 0.01
0 0.754252 0.524243 0.01 0.01
0 0.809682 0.532995 0.01 0.01
0 0.851108 0.524243 0.01 0.01
0 0.679569 0.394714 0.01 0.01
0 0.855776 0.397631 0.01 0.01
0 0.587964 0.385670 0.01 0.01
0 0.635809 0.352996 0.01 0.01
0 0.649812 0.365832 0.01 0.01
0 0.664982 0.357664 0.01 0.01
0 0.667316 0.341327 0.01 0.01
0 0.697656 0.349495 0.01 0.01
0 0.732664 0.327323 0.01 0.01
0 0.713993 0.310986 0.01 0.01
0 0.751335 0.275978 0.01 0.01
0 0.709325 0.295816 0.01 0.01
0 0.737332 0.354163 0.01 0.01
0 0.757170 0.319155 0.01 0.01
0 0.774674 0.287648 0.01 0.01
0 0.798012 0.256140 0.01 0.01
0 0.833020 0.308652 0.01 0.01
0 0.869195 0.288815 0.01 0.01
0 0.865695 0.374001 0.01 0.01
0 0.873863 0.476691 0.01 0.01
0 0.935711 0.240970 0.01 0.01
0 1.076910 0.216465 0.01 0.01
0 1.006894 0.349495 0.01 0.01
0 0.995224 0.383336 0.01 0.01
0 1.036067 0.366999 0.01 0.01
0 1.082744 0.468522 0.01 0.01
0 1.479131 0.017635 0.01 0.01
0 1.454710 0.010975 0.01 0.01
0 1.439170 0.004315 0.01 0.01
0 1.408090 0.018375 0.01 0.01
0 1.445830 0.069436 0.01 0.01
0 1.456190 0.101996 0.01 0.01
0 1.423630 0.173777 0.01 0.01
0 1.408090 0.194497 0.01 0.01
0 1.489491 0.217437 0.01 0.01
0 1.496151 0.305498 0.01 0.01
0 1.456930 0.310678 0.01 0.01
0 1.326689 0.046496 0.01 0.01
0 1.288209 0.042055 0.01 0.01
0 1.305969 0.087936 0.01 0.01
0 1.311889 0.105696 0.01 0.01
0 1.330389 0.152316 0.01 0.01
0 1.402910 0.107916 0.01 0.01
0 1.311149 0.181177 0.01 0.01
0 1.289689 0.164157 0.01 0.01
0 1.263049 0.229277 0.01 0.01
0 1.257129 0.181917 0.01 0.01
0 1.263789 0.160457 0.01 0.01
0 1.285249 0.144176 0.01 0.01
0 1.266749 0.134556 0.01 0.01
0 1.254909 0.064256 0.01 0.01
0 1.205328 0.045756 0.01 0.01
0 1.228268 0.079796 0.01 0.01
0 1.231968 0.103476 0.01 0.01
0 1.220868 0.126416 0.01 0.01
0 1.203848 0.147876 0.01 0.01
0 1.186828 0.165637 0.01 0.01
0 1.171288 0.187097 0.01 0.01
0 1.139468 0.237417 0.01 0.01
0 1.231968 0.419459 0.01 0.01
0 1.109867 0.378759 0.01 0.01
0 1.078787 0.189317 0.01 0.01
0 1.089147 0.178217 0.01 0.01
0 1.006266 0.157497 0.01 0.01
0 1.019586 0.142696 0.01 0.01
0 1.029207 0.127156 0.01 0.01
0 1.042527 0.099036 0.01 0.01
0 1.073607 0.079796 0.01 0.01
0 1.109127 0.082016 0.01 0.01
0 1.114307 0.067956 0.01 0.01
0 1.160188 0.059816 0.01 0.01
0 1.168328 0.069436 0.01 0.01
0 1.180168 0.070916 0.01 0.01
0 1.155748 0.076836 0.01 0.01
0 1.135028 0.109396 0.01 0.01
0 1.114307 0.131596 0.01 0.01
0 1.132067 0.150836 0.01 0.01
0 1.175728 0.141956 0.01 0.01
0 1.079527 0.132336 0.01 0.01
0 1.055847 0.121976 0.01 0.01
0 1.061767 0.116056 0.01 0.01
0 1.089147 0.128636 0.01 0.01
0 1.063987 0.148616 0.01 0.01
0 1.414750 0.163417 0.01 0.01
0 0.922707 0.188808 0.01 0.01
0 0.938380 0.195183 0.01 0.01
0 0.924301 0.212716 0.01 0.01
0 0.957506 0.186151 0.01 0.01
0 0.968929 0.172072 0.01 0.01
0 0.963616 0.155337 0.01 0.01
0 0.989915 0.144711 0.01 0.01
0 0.980351 0.167291 0.01 0.01
0 1.363456 0.467469 0.01 0.01
0 1.499911 0.439376 0.01 0.01
