0 0.053533 1.172793 0.01 0.01
0 0.200200 1.172793 0.01 0.01
0 0.323163 1.178719 0.01 0.01
0 0.410570 1.149089 0.01 0.01
0 0.515756 1.149089 0.01 0.01
0 0.573533 1.125385 0.01 0.01
0 0.715756 1.086867 0.01 0.01
0 0.740941 1.183163 0.01 0.01
0 0.973533 1.166867 0.01 0.01
0 0.844644 1.077978 0.01 0.01
0 0.977978 1.067607 0.01 0.01
0 1.006126 1.024644 0.01 0.01
0 1.087607 1.146126 0.01 0.01
0 1.176496 1.103163 0.01 0.01
0 1.296496 1.109089 0.01 0.01
0 1.443163 1.002422 0.01 0.01
0 1.432793 1.155015 0.01 0.01
0 1.357237 0.974274 0.01 0.01
0 1.474274 0.937237 0.01 0.01
0 1.407607 0.935756 0.01 0.01
0 1.306867 1.012793 0.01 0.01
0 1.244644 1.055756 0.01 0.01
0 1.274274 0.932793 0.01 0.01
0 1.271311 0.872052 0.01 0.01
0 1.311311 0.903163 0.01 0.01
0 1.361681 0.904644 0.01 0.01
0 1.383904 0.866126 0.01 0.01
0 1.438719 0.900200 0.01 0.01
0 1.419459 0.877978 0.01 0.01
0 1.450570 0.829089 0.01 0.01
0 1.459459 0.763904 0.01 0.01
0 1.406126 0.780200 0.01 0.01
0 1.311311 0.765385 0.01 0.01
0 1.179459 0.833533 0.01 0.01
0 1.155756 0.913533 0.01 0.01
0 1.132052 0.969830 0.01 0.01
0 1.071311 0.997978 0.01 0.01
0 1.062422 0.950570 0.01 0.01
0 1.111311 0.928348 0.01 0.01
0 0.997237 0.952052 0.01 0.01
0 0.943904 0.989089 0.01 0.01
0 0.884644 0.929830 0.01 0.01
0 0.935015 0.916496 0.01 0.01
0 0.998719 0.906126 0.01 0.01
0 0.960200 0.900200 0.01 0.01
0 0.995756 0.873533 0.01 0.01
0 1.044644 0.877978 0.01 0.01
0 1.095015 0.858719 0.01 0.01
0 1.046126 0.839459 0.01 0.01
0 1.124644 0.855756 0.01 0.01
0 1.343904 0.820200 0.01 0.01
0 0.936496 0.845385 0.01 0.01
0 0.875756 0.866126 0.01 0.01
0 0.841681 0.934274 0.01 0.01
0 0.783904 0.864644 0.01 0.01
0 0.822422 0.845385 0.01 0.01
0 0.751311 0.952052 0.01 0.01
0 0.646126 0.940200 0.01 0.01
0 0.597237 1.036496 0.01 0.01
0 0.674274 0.861681 0.01 0.01
0 0.770570 0.829089 0.01 0.01
0 0.484644 0.805385 0.01 0.01
0 0.629830 0.715015 0.01 0.01
0 0.764644 0.999459 0.01 0.01
0 0.883163 1.027607 0.01 0.01
0 0.407607 1.035015 0.01 0.01
0 0.431311 0.952052 0.01 0.01
0 0.380941 0.952052 0.01 0.01
0 0.293533 0.947607 0.01 0.01
0 0.229830 1.054274 0.01 0.01
0 0.169089 1.125385 0.01 0.01
0 0.123163 1.157978 0.01 0.01
0 0.053533 1.086867 0.01 0.01
0 0.020941 1.026126 0.01 0.01
0 0.013533 0.953533 0.01 0.01
0 0.059459 0.957978 0.01 0.01
0 0.182422 1.029089 0.01 0.01
0 0.155756 0.996496 0.01 0.01
0 0.228348 0.969830 0.01 0.01
0 0.256496 0.940200 0.01 0.01
0 0.314274 0.870570 0.01 0.01
0 0.361681 0.920941 0.01 0.01
0 0.232793 0.880941 0.01 0.01
0 0.163163 0.929830 0.01 0.01
0 0.166126 0.880941 0.01 0.01
0 0.124644 0.897237 0.01 0.01
0 0.012052 0.904644 0.01 0.01
0 0.062422 0.883904 0.01 0.01
0 0.029830 0.836496 0.01 0.01
0 0.010570 0.800941 0.01 0.01
0 0.049089 0.744644 0.01 0.01
0 0.092052 0.815756 0.01 0.01
0 0.152793 0.843904 0.01 0.01
0 0.191311 0.835015 0.01 0.01
0 0.225385 0.820200 0.01 0.01
0 0.289089 0.837978 0.01 0.01
0 0.352793 0.829089 0.01 0.01
0 0.391311 0.852793 0.01 0.01
0 0.386867 0.821681 0.01 0.01
0 0.370570 0.777237 0.01 0.01
0 0.286126 0.789089 0.01 0.01
0 0.314274 0.806867 0.01 0.01
0 0.409089 0.757978 0.01 0.01
0 0.363163 0.744644 0.01 0.01
0 0.367607 0.712052 0.01 0.01
0 0.389830 0.691311 0.01 0.01
0 0.299459 0.757978 0.01 0.01
0 0.232793 0.775756 0.01 0.01
0 0.166126 0.741681 0.01 0.01
0 0.140941 0.803904 0.01 0.01
0 0.081681 0.741681 0.01 0.01
0 0.133533 0.768348 0.01 0.01
0 0.121681 0.756496 0.01 0.01
0 0.114274 0.729830 0.01 0.01
0 0.140941 0.723904 0.01 0.01
0 0.145385 0.691311 0.01 0.01
0 0.215015 0.686867 0.01 0.01
0 0.238719 0.716496 0.01 0.01
0 0.019459 0.712052 0.01 0.01
0 0.041681 0.697237 0.01 0.01
0 0.062422 0.669089 0.01 0.01
0 0.087607 0.686867 0.01 0.01
0 0.097978 0.661681 0.01 0.01
0 0.111311 0.642422 0.01 0.01
0 0.140941 0.645385 0.01 0.01
0 0.040200 0.615756 0.01 0.01
0 0.089089 0.618719 0.01 0.01
0 0.139459 0.614274 0.01 0.01
0 0.124644 0.630570 0.01 0.01
0 0.192793 0.640941 0.01 0.01
0 0.206126 0.669089 0.01 0.01
0 0.246126 0.639459 0.01 0.01
0 0.228348 0.630570 0.01 0.01
0 0.284644 0.626126 0.01 0.01
0 0.312793 0.661681 0.01 0.01
0 0.369089 0.657237 0.01 0.01
0 0.407607 0.636496 0.01 0.01
0 0.480200 0.657237 0.01 0.01
0 0.455015 0.649830 0.01 0.01
0 0.463904 0.629089 0.01 0.01
0 0.459459 0.612793 0.01 0.01
0 0.429830 0.630570 0.01 0.01
0 0.335015 0.706126 0.01 0.01
0 0.235756 0.683904 0.01 0.01
0 0.502422 0.700200 0.01 0.01
0 0.481681 0.729830 0.01 0.01
0 0.437237 0.707607 0.01 0.01
0 0.432793 0.735756 0.01 0.01
0 0.452052 0.722422 0.01 0.01
0 0.543904 0.790570 0.01 0.01
0 0.549830 0.747607 0.01 0.01
0 0.548348 0.698719 0.01 0.01
0 0.576496 0.669089 0.01 0.01
0 0.545385 0.658719 0.01 0.01
0 0.696496 0.692793 0.01 0.01
0 0.751311 0.698719 0.01 0.01
0 0.726126 0.583163 0.01 0.01
0 0.773533 0.571311 0.01 0.01
0 0.791311 0.731311 0.01 0.01
0 0.849089 0.689830 0.01 0.01
0 0.877237 0.706126 0.01 0.01
0 0.878719 0.743163 0.01 0.01
0 0.837237 0.778719 0.01 0.01
0 0.801681 0.783163 0.01 0.01
0 0.739459 0.787607 0.01 0.01
0 0.757237 0.774274 0.01 0.01
0 0.969089 0.784644 0.01 0.01
0 0.923163 0.726867 0.01 0.01
0 0.961681 0.725385 0.01 0.01
0 0.991311 0.725385 0.01 0.01
0 1.009089 0.698719 0.01 0.01
0 1.046126 0.695756 0.01 0.01
0 1.046126 0.738719 0.01 0.01
0 1.077237 0.703163 0.01 0.01
0 1.086126 0.666126 0.01 0.01
0 1.093533 0.719459 0.01 0.01
0 1.118719 0.750570 0.01 0.01
0 1.155756 0.722422 0.01 0.01
0 1.223904 0.743163 0.01 0.01
0 1.263904 0.723904 0.01 0.01
0 1.219459 0.680941 0.01 0.01
0 1.169089 0.673533 0.01 0.01
0 1.163163 0.643904 0.01 0.01
0 1.105385 0.617237 0.01 0.01
0 1.219459 0.646867 0.01 0.01
0 1.281681 0.640941 0.01 0.01
0 1.295015 0.689830 0.01 0.01
0 1.332052 0.700200 0.01 0.01
0 1.367607 0.719459 0.01 0.01
0 1.441681 0.725385 0.01 0.01
0 1.465385 0.723904 0.01 0.01
0 1.409089 0.688348 0.01 0.01
0 1.403163 0.661681 0.01 0.01
0 1.450570 0.630570 0.01 0.01
0 1.466867 0.624644 0.01 0.01
0 1.420941 0.637978 0.01 0.01
0 1.372052 0.602422 0.01 0.01
0 1.367607 0.648348 0.01 0.01
0 1.349830 0.643904 0.01 0.01
0 1.340941 0.648348 0.01 0.01
0 1.330570 0.664644 0.01 0.01
0 1.332052 0.630570 0.01 0.01
0 1.320200 0.612793 0.01 0.01
0 1.229830 0.608348 0.01 0.01
0 1.299459 0.590570 0.01 0.01
0 1.293533 0.627607 0.01 0.01
0 1.160200 0.584644 0.01 0.01
0 1.207607 0.608348 0.01 0.01
0 1.269830 0.523904 0.01 0.01
0 1.300941 0.517978 0.01 0.01
0 1.314274 0.472052 0.01 0.01
0 1.327607 0.473533 0.01 0.01
0 1.343904 0.469089 0.01 0.01
0 1.358719 0.469089 0.01 0.01
0 1.373533 0.476496 0.01 0.01
0 1.388348 0.516496 0.01 0.01
0 1.416496 0.525385 0.01 0.01
0 1.435756 0.555015 0.01 0.01
0 1.477237 0.522422 0.01 0.01
0 1.400200 0.557978 0.01 0.01
0 1.354274 0.528348 0.01 0.01
0 1.358719 0.560941 0.01 0.01
0 1.354274 0.569830 0.01 0.01
0 1.432793 0.574274 0.01 0.01
0 1.209089 0.531311 0.01 0.01
0 1.212052 0.494274 0.01 0.01
0 1.244644 0.479459 0.01 0.01
0 1.259459 0.479459 0.01 0.01
0 1.281681 0.473533 0.01 0.01
0 1.140941 0.560941 0.01 0.01
0 1.126126 0.550570 0.01 0.01
0 1.072793 0.593533 0.01 0.01
0 1.046126 0.520941 0.01 0.01
0 1.026867 0.479459 0.01 0.01
0 1.034274 0.415756 0.01 0.01
0 1.136496 0.399459 0.01 0.01
0 1.163163 0.442422 0.01 0.01
0 1.176496 0.460200 0.01 0.01
0 1.152793 0.466126 0.01 0.01
0 1.135015 0.480941 0.01 0.01
0 1.120200 0.486867 0.01 0.01
0 1.127607 0.472052 0.01 0.01
0 1.172052 0.528348 0.01 0.01
0 1.192793 0.543163 0.01 0.01
0 1.197237 0.583163 0.01 0.01
0 0.770570 0.698719 0.01 0.01
0 0.951311 0.676496 0.01 0.01
0 1.090570 0.415756 0.01 0.01
0 1.240200 0.458719 0.01 0.01
0 1.277237 0.463163 0.01 0.01
0 1.292052 0.455756 0.01 0.01
0 1.256496 0.458719 0.01 0.01
0 1.306867 0.461681 0.01 0.01
0 1.425385 0.503163 0.01 0.01
0 1.440200 0.503163 0.01 0.01
0 1.382422 0.492793 0.01 0.01
0 1.357237 0.488348 0.01 0.01
0 1.216496 0.470570 0.01 0.01
0 1.127607 0.420200 0.01 0.01
0 1.074274 0.440941 0.01 0.01
0 1.063904 0.443904 0.01 0.01
0 1.090570 0.451311 0.01 0.01
0 1.050570 0.458719 0.01 0.01
0 1.118719 0.446867 0.01 0.01
0 1.106867 0.436496 0.01 0.01
0 0.026867 0.529830 0.01 0.01
0 0.370570 0.583163 0.01 0.01
0 0.351311 0.584644 0.01 0.01
0 0.329089 0.599459 0.01 0.01
0 0.348348 0.600941 0.01 0.01
0 0.434274 0.589089 0.01 0.01
0 0.472793 0.473533 0.01 0.01
0 0.493533 0.599459 0.01 0.01
0 0.326126 0.589089 0.01 0.01
0 0.271311 0.590570 0.01 0.01
0 0.275756 0.566867 0.01 0.01
0 0.238719 0.584644 0.01 0.01
0 0.213533 0.597978 0.01 0.01
0 0.250570 0.617237 0.01 0.01
0 0.292052 0.592052 0.01 0.01
0 0.309830 0.605385 0.01 0.01
0 0.049089 0.528348 0.01 0.01
0 0.074274 0.529830 0.01 0.01
0 0.120200 0.500200 0.01 0.01
0 0.139459 0.494274 0.01 0.01
0 0.160200 0.486867 0.01 0.01
0 0.176496 0.537237 0.01 0.01
0 0.191311 0.534274 0.01 0.01
0 0.198719 0.528348 0.01 0.01
0 0.210570 0.531311 0.01 0.01
0 0.213533 0.509089 0.01 0.01
0 0.235756 0.510570 0.01 0.01
0 0.255015 0.517978 0.01 0.01
0 0.237237 0.529830 0.01 0.01
0 0.006126 0.386126 0.01 0.01
0 0.010570 0.399459 0.01 0.01
0 0.035756 0.386126 0.01 0.01
0 0.092052 0.386126 0.01 0.01
0 0.063904 0.383163 0.01 0.01
0 0.083163 0.392052 0.01 0.01
0 0.072793 0.395015 0.01 0.01
0 0.232793 0.369830 0.01 0.01
0 0.146867 0.383163 0.01 0.01
0 0.490570 0.365385 0.01 0.01
0 0.351311 0.532793 0.01 0.01
0 0.309830 0.535756 0.01 0.01
0 0.297978 0.528348 0.01 0.01
0 0.275756 0.525385 0.01 0.01
0 0.280200 0.543163 0.01 0.01
0 0.243163 0.559459 0.01 0.01
0 0.154274 0.600941 0.01 0.01
0 0.169089 0.589089 0.01 0.01
0 0.139459 0.577237 0.01 0.01
0 0.129089 0.580200 0.01 0.01
0 0.105385 0.587607 0.01 0.01
0 0.123163 0.593533 0.01 0.01
0 0.204644 0.583163 0.01 0.01
0 0.426867 0.461681 0.01 0.01
0 0.471311 0.437978 0.01 0.01
0 0.474274 0.449830 0.01 0.01
0 0.463904 0.452793 0.01 0.01
0 0.452052 0.445385 0.01 0.01
0 0.428348 0.440941 0.01 0.01
0 0.503904 0.430570 0.01 0.01
0 0.529089 0.433533 0.01 0.01
0 0.520200 0.448348 0.01 0.01
0 0.532052 0.451311 0.01 0.01
0 0.497978 0.466126 0.01 0.01
0 0.551311 0.386126 0.01 0.01
0 0.345385 0.377237 0.01 0.01
0 0.329089 0.381681 0.01 0.01
0 0.327607 0.393533 0.01 0.01
0 0.246126 0.390570 0.01 0.01
0 0.278719 0.371311 0.01 0.01
0 0.172052 0.397978 0.01 0.01
0 0.155756 0.408348 0.01 0.01
0 0.188348 0.387607 0.01 0.01
0 0.148348 0.436496 0.01 0.01
0 0.163163 0.424644 0.01 0.01
0 0.118719 0.420200 0.01 0.01
0 0.121681 0.475015 0.01 0.01
0 0.047607 0.467607 0.01 0.01
0 0.037237 0.479459 0.01 0.01
0 0.017978 0.470570 0.01 0.01
0 0.010570 0.486867 0.01 0.01
0 0.029830 0.506126 0.01 0.01
0 0.188348 0.472052 0.01 0.01
0 0.201681 0.467607 0.01 0.01
0 0.188348 0.448348 0.01 0.01
0 0.197237 0.427607 0.01 0.01
0 0.183904 0.433533 0.01 0.01
0 0.401681 0.475015 0.01 0.01
0 0.527607 0.390570 0.01 0.01
0 0.505385 0.390570 0.01 0.01
0 0.292052 0.489830 0.01 0.01
0 0.260941 0.488348 0.01 0.01
0 0.278719 0.494274 0.01 0.01
0 0.243163 0.464644 0.01 0.01
0 0.363163 0.463163 0.01 0.01
0 0.375015 0.442422 0.01 0.01
0 0.397237 0.424644 0.01 0.01
0 0.386867 0.409830 0.01 0.01
0 0.397237 0.390570 0.01 0.01
0 0.386867 0.395015 0.01 0.01
0 0.373533 0.396496 0.01 0.01
0 0.450570 0.384644 0.01 0.01
0 0.419459 0.417237 0.01 0.01
0 0.484644 0.418719 0.01 0.01
0 0.521681 0.423163 0.01 0.01
0 0.530570 0.408348 0.01 0.01
0 0.478719 0.405385 0.01 0.01
0 0.466867 0.408348 0.01 0.01
0 0.332052 0.454274 0.01 0.01
0 0.274274 0.460200 0.01 0.01
0 0.246126 0.445385 0.01 0.01
0 0.212052 0.424644 0.01 0.01
0 0.231311 0.424644 0.01 0.01
0 0.237237 0.426126 0.01 0.01
0 0.348348 0.489830 0.01 0.01
0 0.302422 0.500200 0.01 0.01
0 0.306867 0.525385 0.01 0.01
0 0.320200 0.526867 0.01 0.01
0 0.337978 0.537237 0.01 0.01
0 0.114274 0.433533 0.01 0.01
0 0.422422 0.389089 0.01 0.01
0 0.412052 0.387607 0.01 0.01
0 0.290570 0.423163 0.01 0.01
0 0.283163 0.440941 0.01 0.01
0 0.315756 0.432052 0.01 0.01
0 0.297978 0.442422 0.01 0.01
0 0.314274 0.443904 0.01 0.01
0 0.303904 0.470570 0.01 0.01
0 0.210570 0.454274 0.01 0.01
0 0.216496 0.477978 0.01 0.01
0 0.229830 0.467607 0.01 0.01
0 0.120200 0.395015 0.01 0.01
0 0.103904 0.403904 0.01 0.01
0 0.808192 0.985415 0.01 0.01
0 0.862538 0.963037 0.01 0.01
0 1.500300 1.041359 0.01 0.01
0 1.253129 0.994927 0.01 0.01
0 1.299777 1.053237 0.01 0.01
0 1.193362 1.075103 0.01 0.01
0 0.570906 1.085307 0.01 0.01
0 0.234168 0.837491 0.01 0.01
0 0.328921 1.054694 0.01 0.01
0 0.098598 0.973061 0.01 0.01
0 0.184604 0.666935 0.01 0.01
0 1.406192 0.745653 0.01 0.01
0 1.403277 0.596963 0.01 0.01
0 1.454298 0.598421 0.01 0.01
0 0.256034 1.008047 0.01 0.01
0 0.643793 0.983265 0.01 0.01
0 0.512961 0.749571 0.01 0.01
0 0.636140 0.869105 0.01 0.01
0 0.711214 0.865461 0.01 0.01
0 0.029719 0.729891 0.01 0.01
0 0.036279 0.673768 0.01 0.01
0 0.322725 0.733535 0.01 0.01
0 0.410190 0.721874 0.01 0.01
0 0.461211 0.744469 0.01 0.01
0 0.620105 0.667937 0.01 0.01
0 0.133219 0.599514 0.01 0.01
0 0.160916 0.574733 0.01 0.01
0 0.188249 0.602065 0.01 0.01
0 0.294300 0.578013 0.01 0.01
0 0.336574 0.582750 0.01 0.01
0 0.350787 0.620652 0.01 0.01
0 0.021702 0.598057 0.01 0.01
0 0.108802 0.532458 0.01 0.01
0 0.145245 0.504397 0.01 0.01
0 0.149983 0.531729 0.01 0.01
0 0.165289 0.532458 0.01 0.01
0 0.184604 0.533551 0.01 0.01
0 0.198817 0.549587 0.01 0.01
0 0.242914 0.514601 0.01 0.01
0 0.244736 0.497472 0.01 0.01
0 0.254576 0.485082 0.01 0.01
0 0.230159 0.485446 0.01 0.01
0 0.154356 0.473784 0.01 0.01
0 0.153627 0.461029 0.01 0.01
0 0.150712 0.454104 0.01 0.01
0 0.137592 0.453011 0.01 0.01
0 0.156543 0.445722 0.01 0.01
0 0.117184 0.460300 0.01 0.01
0 0.128481 0.457020 0.01 0.01
0 0.037372 0.446087 0.01 0.01
0 0.011862 0.451918 0.01 0.01
0 0.251296 0.529543 0.01 0.01
0 0.265145 0.458113 0.01 0.01
0 0.256763 0.435883 0.01 0.01
0 0.349694 0.461029 0.01 0.01
0 0.353338 0.450096 0.01 0.01
0 0.342769 0.469775 0.01 0.01
0 0.334387 0.463944 0.01 0.01
0 0.334387 0.493464 0.01 0.01
0 0.321997 0.508041 0.01 0.01
0 0.313615 0.512050 0.01 0.01
0 0.307055 0.520432 0.01 0.01
0 0.320174 0.518245 0.01 0.01
0 0.330014 0.533551 0.01 0.01
0 0.337303 0.522983 0.01 0.01
0 0.333294 0.516059 0.01 0.01
0 0.338761 0.507312 0.01 0.01
0 0.363178 0.512414 0.01 0.01
0 0.358440 0.526992 0.01 0.01
0 0.367187 0.587852 0.01 0.01
0 0.356254 0.502574 0.01 0.01
0 0.301953 0.484717 0.01 0.01
0 0.295757 0.479979 0.01 0.01
0 0.287011 0.475606 0.01 0.01
0 0.274620 0.470140 0.01 0.01
0 0.210844 0.438434 0.01 0.01
0 0.202462 0.447180 0.01 0.01
0 0.215946 0.463944 0.01 0.01
0 0.227243 0.523712 0.01 0.01
0 0.213030 0.568537 0.01 0.01
0 0.182782 0.580564 0.01 0.01
0 0.102242 0.564528 0.01 0.01
0 0.114268 0.591132 0.01 0.01
0 0.045026 0.595141 0.01 0.01
0 0.049581 0.396888 0.01 0.01
0 0.054319 0.388142 0.01 0.01
0 0.101695 0.395430 0.01 0.01
0 0.111535 0.396524 0.01 0.01
0 0.130486 0.390328 0.01 0.01
0 0.137046 0.381582 0.01 0.01
0 0.157818 0.389235 0.01 0.01
0 0.152352 0.384862 0.01 0.01
0 0.177133 0.389235 0.01 0.01
0 0.204102 0.398346 0.01 0.01
0 0.205924 0.382675 0.01 0.01
0 0.220137 0.386319 0.01 0.01
0 0.231070 0.401626 0.01 0.01
0 0.230341 0.389599 0.01 0.01
0 0.233985 0.380853 0.01 0.01
0 0.239452 0.406728 0.01 0.01
0 0.244190 0.398710 0.01 0.01
0 0.263505 0.387048 0.01 0.01
0 0.262411 0.408550 0.01 0.01
0 0.280269 0.410008 0.01 0.01
0 0.278447 0.421305 0.01 0.01
0 0.258403 0.423856 0.01 0.01
0 0.271887 0.443171 0.01 0.01
0 0.280269 0.431509 0.01 0.01
0 0.293388 0.432238 0.01 0.01
0 0.301042 0.430781 0.01 0.01
0 0.304686 0.412923 0.01 0.01
0 0.293753 0.410737 0.01 0.01
0 0.289380 0.413288 0.01 0.01
0 0.282091 0.394337 0.01 0.01
0 0.276624 0.383404 0.01 0.01
0 0.289744 0.386684 0.01 0.01
0 0.299584 0.387777 0.01 0.01
0 0.309424 0.388506 0.01 0.01
0 0.312339 0.373929 0.01 0.01
0 0.309059 0.396159 0.01 0.01
0 0.300313 0.399439 0.01 0.01
0 0.296668 0.399804 0.01 0.01
0 0.318534 0.393608 0.01 0.01
0 0.332019 0.400532 0.01 0.01
0 0.342223 0.396888 0.01 0.01
0 0.339672 0.408186 0.01 0.01
0 0.352063 0.403084 0.01 0.01
0 0.356436 0.384862 0.01 0.01
0 0.354614 0.426772 0.01 0.01
0 0.360080 0.418390 0.01 0.01
0 0.340401 0.419848 0.01 0.01
0 0.334570 0.436976 0.01 0.01
0 0.319628 0.417661 0.01 0.01
0 0.273344 0.395795 0.01 0.01
0 0.262776 0.394337 0.01 0.01
0 0.224146 0.410737 0.01 0.01
0 0.235079 0.433696 0.01 0.01
0 0.285735 0.453376 0.01 0.01
0 0.314526 0.489455 0.01 0.01
0 0.341858 0.482530 0.01 0.01
0 0.299948 0.517152 0.01 0.01
0 0.286100 0.502574 0.01 0.01
0 0.286464 0.526263 0.01 0.01
0 0.228883 0.445722 0.01 0.01
0 0.140325 0.399075 0.01 0.01
0 0.158183 0.401261 0.01 0.01
0 0.165836 0.405999 0.01 0.01
0 0.103517 0.418390 0.01 0.01
0 0.100966 0.430052 0.01 0.01
0 0.094771 0.415839 0.01 0.01
0 0.021519 0.395795 0.01 0.01
0 0.013137 0.412194 0.01 0.01
0 0.024435 0.435518 0.01 0.01
0 0.040835 0.425314 0.01 0.01
0 0.059421 0.428230 0.01 0.01
0 0.067438 0.432238 0.01 0.01
0 0.002569 0.459207 0.01 0.01
0 0.006942 0.480708 0.01 0.01
0 0.311064 0.453740 0.01 0.01
0 0.370831 0.436612 0.01 0.01
0 0.405088 0.412559 0.01 0.01
0 0.408368 0.405635 0.01 0.01
0 0.415292 0.399804 0.01 0.01
0 0.433514 0.416932 0.01 0.01
0 0.442260 0.411466 0.01 0.01
0 0.446634 0.399439 0.01 0.01
0 0.439709 0.400897 0.01 0.01
0 0.435336 0.387413 0.01 0.01
0 0.441896 0.388506 0.01 0.01
0 0.463762 0.388142 0.01 0.01
0 0.377026 0.472326 0.01 0.01
0 0.386866 0.478886 0.01 0.01
0 0.393426 0.458478 0.01 0.01
0 0.389053 0.446451 0.01 0.01
0 0.388324 0.437705 0.01 0.01
0 0.415292 0.466131 0.01 0.01
0 0.412741 0.448638 0.01 0.01
0 0.409461 0.442443 0.01 0.01
0 0.417114 0.441349 0.01 0.01
0 0.417843 0.430052 0.01 0.01
0 0.386137 0.382675 0.01 0.01
0 0.394519 0.384133 0.01 0.01
0 0.402537 0.384133 0.01 0.01
0 0.406181 0.386319 0.01 0.01
0 0.428412 0.392515 0.01 0.01
0 0.430598 0.405270 0.01 0.01
0 0.454651 0.410372 0.01 0.01
0 0.446998 0.421305 0.01 0.01
0 0.444447 0.435883 0.01 0.01
0 0.454287 0.434061 0.01 0.01
0 0.461211 0.421670 0.01 0.01
0 0.476882 0.415110 0.01 0.01
0 0.470686 0.385955 0.01 0.01
0 0.479433 0.386684 0.01 0.01
0 0.490001 0.386684 0.01 0.01
0 0.496561 0.384133 0.01 0.01
0 0.494010 0.393973 0.01 0.01
0 0.516241 0.389235 0.01 0.01
0 0.519885 0.385955 0.01 0.01
0 0.522072 0.392515 0.01 0.01
0 0.511868 0.388506 0.01 0.01
0 0.511503 0.422399 0.01 0.01
0 0.503486 0.422763 0.01 0.01
0 0.502028 0.404177 0.01 0.01
0 0.506401 0.399075 0.01 0.01
0 0.496561 0.403448 0.01 0.01
0 0.483077 0.391057 0.01 0.01
0 0.498383 0.436976 0.01 0.01
0 0.522436 0.434061 0.01 0.01
0 0.521343 0.465766 0.01 0.01
0 0.512961 0.477793 0.01 0.01
0 0.500934 0.485810 0.01 0.01
0 0.522072 0.508405 0.01 0.01
0 0.455380 0.468317 0.01 0.01
0 0.442260 0.453011 0.01 0.01
0 0.463033 0.400897 0.01 0.01
0 0.378484 0.418754 0.01 0.01
0 0.399621 0.434425 0.01 0.01
0 0.366822 0.402719 0.01 0.01
0 0.337303 0.383404 0.01 0.01
0 0.325641 0.411101 0.01 0.01
0 0.327099 0.424585 0.01 0.01
0 0.186791 0.419483 0.01 0.01
0 0.192986 0.411101 0.01 0.01
0 0.205377 0.418025 0.01 0.01
0 0.187155 0.485446 0.01 0.01
0 0.369009 0.529543 0.01 0.01
0 0.372653 0.539382 0.01 0.01
0 0.381400 0.529178 0.01 0.01
0 0.388324 0.548129 0.01 0.01
0 0.380306 0.506583 0.01 0.01
0 0.377391 0.489455 0.01 0.01
0 0.366822 0.482530 0.01 0.01
0 0.518427 0.541569 0.01 0.01
0 0.600061 0.476700 0.01 0.01
0 0.612452 0.477793 0.01 0.01
0 0.545396 0.501846 0.01 0.01
0 0.531183 0.482166 0.01 0.01
0 0.543573 0.420576 0.01 0.01
0 0.532276 0.419848 0.01 0.01
0 0.536649 0.404177 0.01 0.01
0 0.542480 0.430416 0.01 0.01
0 0.478886 0.400532 0.01 0.01
0 0.535556 0.390510 0.01 0.01
0 0.540840 0.388688 0.01 0.01
0 0.563617 0.386866 0.01 0.01
0 0.576919 0.386502 0.01 0.01
0 0.570359 0.393790 0.01 0.01
0 0.581839 0.393062 0.01 0.01
0 0.598968 0.381400 0.01 0.01
0 0.546671 0.395430 0.01 0.01
0 0.483988 0.461211 0.01 0.01
0 0.549222 0.450825 0.01 0.01
0 0.551044 0.439892 0.01 0.01
0 0.564346 0.433149 0.01 0.01
0 0.559244 0.442807 0.01 0.01
0 0.564164 0.415110 0.01 0.01
0 0.571271 0.413105 0.01 0.01
0 0.542845 0.406728 0.01 0.01
0 0.454833 0.395066 0.01 0.01
0 0.438616 0.461575 0.01 0.01
0 0.485264 0.585666 0.01 0.01
0 0.424039 0.597328 0.01 0.01
0 0.407275 0.600243 0.01 0.01
0 0.319081 0.624296 0.01 0.01
0 1.065810 0.498930 0.01 0.01
0 1.069090 0.466495 0.01 0.01
0 1.096422 0.486539 0.01 0.01
0 1.100431 0.514965 0.01 0.01
0 1.150359 0.496379 0.01 0.01
0 1.179149 0.449002 0.01 0.01
0 1.178420 0.434425 0.01 0.01
0 1.195549 0.430052 0.01 0.01
0 1.193362 0.439163 0.01 0.01
0 1.189718 0.448274 0.01 0.01
0 1.195913 0.461029 0.01 0.01
0 1.189353 0.535009 0.01 0.01
0 0.969963 0.441349 0.01 0.01
0 0.983447 0.425679 0.01 0.01
0 0.993651 0.423492 0.01 0.01
0 1.015153 0.407821 0.01 0.01
0 1.053054 0.423856 0.01 0.01
0 1.041392 0.428594 0.01 0.01
0 1.067267 0.422399 0.01 0.01
0 1.075285 0.422399 0.01 0.01
0 1.099338 0.422399 0.01 0.01
0 1.117559 0.426772 0.01 0.01
0 1.117559 0.413288 0.01 0.01
0 1.126306 0.431509 0.01 0.01
0 1.143799 0.440620 0.01 0.01
0 1.152181 0.444265 0.01 0.01
0 1.156190 0.424221 0.01 0.01
0 1.161656 0.431145 0.01 0.01
0 1.170038 0.436612 0.01 0.01
0 1.176234 0.427865 0.01 0.01
0 1.095693 0.443536 0.01 0.01
0 1.104440 0.445722 0.01 0.01
0 1.326745 0.527720 0.01 0.01
0 1.379953 0.494192 0.01 0.01
0 1.347883 0.599150 0.01 0.01
0 1.361002 0.590403 0.01 0.01
0 1.361731 0.576555 0.01 0.01
0 1.323101 0.637780 0.01 0.01
0 1.180242 0.644340 0.01 0.01
0 1.193362 0.633407 0.01 0.01
0 1.189718 0.616643 0.01 0.01
0 1.189718 0.607167 0.01 0.01
0 1.115373 0.603523 0.01 0.01
0 1.456849 0.719414 0.01 0.01
0 1.430610 0.930786 0.01 0.01
0 0.913111 0.935159 0.01 0.01
0 1.060343 0.693174 0.01 0.01
0 1.085854 0.927871 0.01 0.01
0 1.093871 0.892885 0.01 0.01
0 1.458307 0.931788 0.01 0.01
0 1.023900 0.968232 0.01 0.01
0 1.527473 1.154845 0.01 0.01
0 1.585015 1.161239 0.01 0.01
0 1.554646 0.830370 0.01 0.01
0 1.585015 0.804795 0.01 0.01
0 1.586614 0.668931 0.01 0.01
0 1.556244 0.638562 0.01 0.01
0 1.548252 0.600200 0.01 0.01
0 1.506694 0.593806 0.01 0.01
0 1.492308 0.628971 0.01 0.01
0 1.493906 0.600200 0.01 0.01
0 1.477922 0.597003 0.01 0.01
0 1.477922 0.609790 0.01 0.01
0 1.538662 0.577822 0.01 0.01
0 1.183816 0.477123 0.01 0.01
0 1.175824 0.478721 0.01 0.01
0 1.553047 0.776024 0.01 0.01
0 0.112887 0.705695 0.01 0.01
0 0.150050 0.416786 0.01 0.01
0 0.135465 0.415587 0.01 0.01
0 0.128672 0.398405 0.01 0.01
0 0.083317 0.462341 0.01 0.01
0 0.191209 0.399204 0.01 0.01
0 0.066933 0.464538 0.01 0.01
0 0.062338 0.497805 0.01 0.01
0 0.021179 0.502600 0.01 0.01
0 0.078222 0.407046 0.01 0.01
0 0.036264 0.401651 0.01 0.01
0 0.058242 0.439214 0.01 0.01
