0 0.098946 0.914855 0.01 0.01
0 0.243102 0.815505 0.01 0.01
0 0.231414 0.665505 0.01 0.01
0 0.340505 0.671349 0.01 0.01
0 0.124271 0.531089 0.01 0.01
0 0.106739 0.404466 0.01 0.01
0 0.243102 0.451219 0.01 0.01
0 0.324920 0.470700 0.01 0.01
0 0.441804 0.451219 0.01 0.01
0 0.562583 0.459011 0.01 0.01
0 0.597648 0.457063 0.01 0.01
0 0.685310 0.435635 0.01 0.01
0 0.654141 0.579791 0.01 0.01
0 0.622972 0.583687 0.01 0.01
0 0.615180 0.720050 0.01 0.01
0 0.593752 0.733687 0.01 0.01
0 0.679466 0.815505 0.01 0.01
0 0.860635 0.683037 0.01 0.01
0 0.876219 0.842778 0.01 0.01
0 0.870375 0.570050 0.01 0.01
0 0.827518 0.534985 0.01 0.01
0 0.794401 0.517453 0.01 0.01
0 1.030115 0.552518 0.01 0.01
0 1.106089 0.585635 0.01 0.01
0 1.178167 0.616804 0.01 0.01
0 1.211284 0.653817 0.01 0.01
0 1.240505 0.708362 0.01 0.01
0 1.285310 0.774596 0.01 0.01
0 1.487907 0.716154 0.01 0.01
0 1.583362 0.665505 0.01 0.01
0 1.569726 0.562258 0.01 0.01
0 1.593102 0.509661 0.01 0.01
0 1.544401 0.470700 0.01 0.01
0 1.595050 0.363557 0.01 0.01
0 1.493752 0.546674 0.01 0.01
0 1.404141 0.570050 0.01 0.01
0 1.355440 0.587583 0.01 0.01
0 1.411933 0.497972 0.01 0.01
0 1.330115 0.457063 0.01 0.01
0 1.277518 0.468752 0.01 0.01
0 1.254141 0.490180 0.01 0.01
0 1.221024 0.497972 0.01 0.01
0 1.205440 0.421998 0.01 0.01
0 1.291154 0.332388 0.01 0.01
0 1.119726 0.334336 0.01 0.01
0 1.080765 0.346024 0.01 0.01
0 0.952193 0.404466 0.01 0.01
0 0.745700 0.421998 0.01 0.01
0 0.774920 0.416154 0.01 0.01
0 0.798297 0.400570 0.01 0.01
0 0.823622 0.386933 0.01 0.01
0 0.856739 0.390830 0.01 0.01
0 0.745700 0.338232 0.01 0.01
0 0.917128 0.277843 0.01 0.01
0 0.969726 0.256414 0.01 0.01
0 0.780765 0.246674 0.01 0.01
0 1.263881 0.256414 0.01 0.01
0 1.215180 0.266154 0.01 0.01
0 1.279466 0.260310 0.01 0.01
0 1.230765 0.250570 0.01 0.01
0 1.228817 0.203817 0.01 0.01
0 1.211284 0.213557 0.01 0.01
0 1.480115 0.268102 0.01 0.01
0 1.454791 0.246674 0.01 0.01
0 1.540505 0.227193 0.01 0.01
0 1.552193 0.211609 0.01 0.01
0 0.049596 0.245213 0.01 0.01
0 0.043752 0.221836 0.01 0.01
0 0.051544 0.215018 0.01 0.01
0 0.018427 0.208200 0.01 0.01
0 0.047648 0.182875 0.01 0.01
0 0.025245 0.200407 0.01 0.01
0 0.463557 0.122485 0.01 0.01
0 0.459661 0.143914 0.01 0.01
0 0.476219 0.142940 0.01 0.01
0 0.489855 0.145862 0.01 0.01
0 0.502518 0.147810 0.01 0.01
0 0.478167 0.159498 0.01 0.01
0 0.658362 0.211122 0.01 0.01
0 0.694401 0.195537 0.01 0.01
0 0.695375 0.188719 0.01 0.01
0 0.748946 0.186771 0.01 0.01
0 0.777193 0.202355 0.01 0.01
0 0.794726 0.204304 0.01 0.01
0 0.808037 0.198459 0.01 0.01
0 0.817778 0.188719 0.01 0.01
0 0.839206 0.204304 0.01 0.01
0 0.836284 0.195537 0.01 0.01
0 0.915180 0.200407 0.01 0.01
0 0.978492 0.177031 0.01 0.01
0 0.979466 0.171187 0.01 0.01
0 1.004791 0.162420 0.01 0.01
0 1.008687 0.193589 0.01 0.01
0 1.020375 0.174109 0.01 0.01
0 1.035959 0.143914 0.01 0.01
0 1.057388 0.134174 0.01 0.01
0 1.125570 0.179953 0.01 0.01
0 1.144076 0.179953 0.01 0.01
0 1.130440 0.137096 0.01 0.01
0 1.144076 0.130278 0.01 0.01
0 1.151381 0.097404 0.01 0.01
0 1.143589 0.083768 0.01 0.01
0 1.124109 0.084255 0.01 0.01
0 1.099271 0.089612 0.01 0.01
0 1.104141 0.097404 0.01 0.01
0 1.090992 0.100813 0.01 0.01
0 1.053492 0.093995 0.01 0.01
0 1.044239 0.093995 0.01 0.01
0 1.020862 0.094482 0.01 0.01
0 1.015505 0.092047 0.01 0.01
0 1.010635 0.091560 0.01 0.01
0 0.999433 0.099352 0.01 0.01
0 0.993589 0.092534 0.01 0.01
0 0.991154 0.102761 0.01 0.01
0 0.971187 0.085716 0.01 0.01
0 0.947323 0.087664 0.01 0.01
0 0.942453 0.093995 0.01 0.01
0 0.980440 0.095456 0.01 0.01
0 1.165992 0.027274 0.01 0.01
0 1.118752 0.033118 0.01 0.01
0 0.916154 0.087177 0.01 0.01
0 0.910310 0.086690 0.01 0.01
0 0.905440 0.091073 0.01 0.01
0 0.897161 0.101300 0.01 0.01
0 0.870375 0.114937 0.01 0.01
0 0.880602 0.123216 0.01 0.01
0 0.909336 0.124677 0.01 0.01
0 0.905927 0.143670 0.01 0.01
0 0.879628 0.140261 0.01 0.01
0 0.850407 0.129547 0.01 0.01
0 0.515830 0.160229 0.01 0.01
0 0.453004 0.143138 0.01 0.01
0 0.466800 0.142553 0.01 0.01
0 0.456265 0.129091 0.01 0.01
0 1.014292 0.126834 0.01 0.01
0 1.024994 0.125830 0.01 0.01
0 0.895897 0.089710 0.01 0.01
0 0.886282 0.098155 0.01 0.01
0 0.835947 0.129927 0.01 0.01
0 0.814961 0.121064 0.01 0.01
0 0.830763 0.118974 0.01 0.01
0 0.866633 0.100830 0.01 0.01
0 0.881014 0.198238 0.01 0.01
0 1.309275 0.265462 0.01 0.01
0 1.243723 0.232018 0.01 0.01
0 1.142218 0.031098 0.01 0.01
