0 0.035032 0.555786 0.01 0.01
0 0.014253 0.550990 0.01 0.01
0 0.049418 0.538203 0.01 0.01
0 0.076591 0.541400 0.01 0.01
0 0.102165 0.555786 0.01 0.01
0 0.132535 0.542998 0.01 0.01
0 0.089378 0.498243 0.01 0.01
0 0.110157 0.507833 0.01 0.01
0 0.052615 0.512629 0.01 0.01
0 0.033434 0.493448 0.01 0.01
0 0.022245 0.443897 0.01 0.01
0 0.039828 0.427913 0.01 0.01
0 0.038229 0.410331 0.01 0.01
0 0.020647 0.394347 0.01 0.01
0 0.038229 0.379961 0.01 0.01
0 0.078189 0.386355 0.01 0.01
0 0.014253 0.370371 0.01 0.01
0 0.019048 0.347993 0.01 0.01
0 0.011056 0.341600 0.01 0.01
0 0.041426 0.352789 0.01 0.01
0 0.049418 0.336805 0.01 0.01
0 0.030237 0.330411 0.01 0.01
0 0.035032 0.312829 0.01 0.01
0 0.027040 0.285656 0.01 0.01
0 0.055812 0.290451 0.01 0.01
0 0.074992 0.304836 0.01 0.01
0 0.057410 0.312829 0.01 0.01
0 0.019048 0.317624 0.01 0.01
0 0.124543 0.527014 0.01 0.01
0 0.140527 0.522219 0.01 0.01
0 0.119748 0.496645 0.01 0.01
0 0.129338 0.483857 0.01 0.01
0 0.150117 0.475865 0.01 0.01
0 0.153314 0.504637 0.01 0.01
0 0.164503 0.530211 0.01 0.01
0 0.159708 0.550990 0.01 0.01
0 0.177290 0.563778 0.01 0.01
0 0.199668 0.562179 0.01 0.01
0 0.210856 0.533408 0.01 0.01
0 0.225242 0.546195 0.01 0.01
0 0.231636 0.552589 0.01 0.01
0 0.178888 0.507833 0.01 0.01
0 0.151716 0.459881 0.01 0.01
0 0.132535 0.443897 0.01 0.01
0 0.121346 0.453488 0.01 0.01
0 0.071796 0.459881 0.01 0.01
0 0.071796 0.442299 0.01 0.01
0 0.081386 0.426315 0.01 0.01
0 0.097370 0.392749 0.01 0.01
0 0.192075 0.469390 0.01 0.01
0 0.179288 0.462197 0.01 0.01
0 0.156111 0.447013 0.01 0.01
0 0.140926 0.402257 0.01 0.01
0 0.130537 0.388671 0.01 0.01
0 0.128139 0.357502 0.01 0.01
0 0.111356 0.370289 0.01 0.01
0 0.103364 0.346313 0.01 0.01
0 0.097770 0.326333 0.01 0.01
0 0.084982 0.336723 0.01 0.01
0 0.072195 0.320739 0.01 0.01
0 0.091376 0.302357 0.01 0.01
0 0.100167 0.292767 0.01 0.01
0 0.085782 0.280779 0.01 0.01
0 0.073794 0.287172 0.01 0.01
0 0.064203 0.278381 0.01 0.01
0 0.076990 0.274385 0.01 0.01
0 0.063404 0.269590 0.01 0.01
0 0.077790 0.258401 0.01 0.01
0 0.063404 0.252008 0.01 0.01
0 0.043424 0.260799 0.01 0.01
0 0.043424 0.271988 0.01 0.01
0 0.027440 0.277582 0.01 0.01
0 0.045022 0.243216 0.01 0.01
0 0.054613 0.244815 0.01 0.01
0 0.021046 0.236024 0.01 0.01
0 0.027440 0.228831 0.01 0.01
0 0.031436 0.212847 0.01 0.01
0 0.029837 0.203256 0.01 0.01
0 0.025042 0.189670 0.01 0.01
0 0.012255 0.192068 0.01 0.01
0 0.014653 0.178481 0.01 0.01
0 0.021046 0.175284 0.01 0.01
0 0.018649 0.161698 0.01 0.01
0 0.018649 0.166493 0.01 0.01
0 0.029837 0.168092 0.01 0.01
0 0.026641 0.160899 0.01 0.01
0 0.033833 0.183276 0.01 0.01
0 0.045822 0.176084 0.01 0.01
0 0.044223 0.191268 0.01 0.01
0 0.042625 0.199260 0.01 0.01
0 0.049018 0.208851 0.01 0.01
0 0.049018 0.219240 0.01 0.01
0 0.058609 0.229630 0.01 0.01
0 0.061806 0.216044 0.01 0.01
0 0.063404 0.202457 0.01 0.01
0 0.057810 0.195264 0.01 0.01
0 0.065802 0.192068 0.01 0.01
0 0.058609 0.182477 0.01 0.01
0 0.083384 0.211248 0.01 0.01
0 0.073794 0.216843 0.01 0.01
0 0.074593 0.229630 0.01 0.01
0 0.074593 0.245614 0.01 0.01
0 0.096171 0.224835 0.01 0.01
0 0.100167 0.261598 0.01 0.01
0 0.096970 0.267192 0.01 0.01
0 0.109758 0.267192 0.01 0.01
0 0.116151 0.303956 0.01 0.01
0 0.108159 0.315944 0.01 0.01
0 0.128938 0.313546 0.01 0.01
0 0.128139 0.331928 0.01 0.01
0 0.134533 0.343916 0.01 0.01
0 0.141726 0.364695 0.01 0.01
0 0.144922 0.382277 0.01 0.01
0 0.157710 0.387872 0.01 0.01
0 0.186481 0.395065 0.01 0.01
0 0.174493 0.382277 0.01 0.01
0 0.183284 0.359900 0.01 0.01
0 0.167300 0.373486 0.01 0.01
0 0.164103 0.416643 0.01 0.01
0 0.170497 0.433426 0.01 0.01
0 0.205662 0.443816 0.01 0.01
0 0.188878 0.427832 0.01 0.01
0 0.215252 0.431029 0.01 0.01
0 0.228838 0.389470 0.01 0.01
0 0.205662 0.380679 0.01 0.01
0 0.204063 0.356703 0.01 0.01
0 0.191276 0.331928 0.01 0.01
0 0.169698 0.321538 0.01 0.01
0 0.163304 0.308751 0.01 0.01
0 0.147320 0.306353 0.01 0.01
0 0.138529 0.292767 0.01 0.01
0 0.122545 0.267992 0.01 0.01
0 0.123344 0.258401 0.01 0.01
0 0.118549 0.252807 0.01 0.01
0 0.115352 0.244016 0.01 0.01
0 0.120946 0.223236 0.01 0.01
0 0.111356 0.224036 0.01 0.01
0 0.107360 0.207252 0.01 0.01
0 0.090577 0.197662 0.01 0.01
0 0.080986 0.199260 0.01 0.01
0 0.080986 0.191268 0.01 0.01
0 0.100966 0.189670 0.01 0.01
0 0.095372 0.185674 0.01 0.01
0 0.092175 0.176084 0.01 0.01
0 0.080986 0.172887 0.01 0.01
0 0.072994 0.180080 0.01 0.01
0 0.100966 0.174485 0.01 0.01
0 0.111356 0.182477 0.01 0.01
0 0.120946 0.208052 0.01 0.01
0 0.134533 0.210449 0.01 0.01
0 0.136131 0.200060 0.01 0.01
0 0.132934 0.193666 0.01 0.01
0 0.137730 0.187272 0.01 0.01
0 0.135332 0.179280 0.01 0.01
0 0.148119 0.184875 0.01 0.01
0 0.148119 0.196064 0.01 0.01
0 0.151316 0.204056 0.01 0.01
0 0.146521 0.212048 0.01 0.01
0 0.138529 0.232827 0.01 0.01
0 0.128139 0.236024 0.01 0.01
0 0.172894 0.268791 0.01 0.01
0 0.173694 0.299960 0.01 0.01
0 0.169698 0.292767 0.01 0.01
0 0.177690 0.288771 0.01 0.01
0 0.189678 0.296763 0.01 0.01
0 0.184083 0.307153 0.01 0.01
0 0.198469 0.307952 0.01 0.01
0 0.204063 0.291168 0.01 0.01
0 0.215252 0.312747 0.01 0.01
0 0.210457 0.325534 0.01 0.01
0 0.225642 0.331928 0.01 0.01
0 0.234433 0.347912 0.01 0.01
0 0.206461 0.369490 0.01 0.01
0 0.218449 0.361498 0.01 0.01
0 0.218449 0.370289 0.01 0.01
0 0.225642 0.383077 0.01 0.01
0 0.226441 0.376683 0.01 0.01
0 0.243224 0.368691 0.01 0.01
0 0.246421 0.383876 0.01 0.01
0 0.232035 0.403057 0.01 0.01
0 0.249618 0.402257 0.01 0.01
0 0.256811 0.422237 0.01 0.01
0 0.259208 0.443816 0.01 0.01
0 0.240827 0.429430 0.01 0.01
0 0.224842 0.420639 0.01 0.01
0 0.222445 0.414245 0.01 0.01
0 0.226441 0.469390 0.01 0.01
0 0.212055 0.466193 0.01 0.01
0 0.209658 0.509350 0.01 0.01
0 0.228838 0.501358 0.01 0.01
0 0.240827 0.486973 0.01 0.01
0 0.250417 0.467792 0.01 0.01
0 0.278389 0.470989 0.01 0.01
0 0.281586 0.482977 0.01 0.01
0 0.256811 0.487772 0.01 0.01
0 0.269598 0.506953 0.01 0.01
0 0.265602 0.519740 0.01 0.01
0 0.266401 0.546913 0.01 0.01
0 0.289578 0.556503 0.01 0.01
0 0.308759 0.565294 0.01 0.01
0 0.333534 0.554106 0.01 0.01
0 0.315951 0.544515 0.01 0.01
0 0.303963 0.528531 0.01 0.01
0 0.317550 0.502957 0.01 0.01
0 0.296771 0.495764 0.01 0.01
0 0.323943 0.490169 0.01 0.01
0 0.317550 0.474985 0.01 0.01
0 0.319947 0.447812 0.01 0.01
0 0.287180 0.443017 0.01 0.01
0 0.269598 0.420639 0.01 0.01
0 0.283184 0.404655 0.01 0.01
0 0.272795 0.391868 0.01 0.01
0 0.286381 0.383077 0.01 0.01
0 0.304763 0.404655 0.01 0.01
0 0.288779 0.423037 0.01 0.01
0 0.323943 0.416643 0.01 0.01
0 0.343923 0.449410 0.01 0.01
0 0.367899 0.474985 0.01 0.01
0 0.384683 0.450209 0.01 0.01
0 0.383883 0.357502 0.01 0.01
0 0.364703 0.331928 0.01 0.01
0 0.339927 0.389470 0.01 0.01
0 0.342325 0.374285 0.01 0.01
0 0.330337 0.378281 0.01 0.01
0 0.305562 0.383077 0.01 0.01
0 0.301566 0.368691 0.01 0.01
0 0.294373 0.351109 0.01 0.01
0 0.271995 0.363097 0.01 0.01
0 0.260007 0.363896 0.01 0.01
0 0.260807 0.347113 0.01 0.01
0 0.247220 0.325534 0.01 0.01
0 0.252015 0.311149 0.01 0.01
0 0.255212 0.297562 0.01 0.01
0 0.223244 0.285574 0.01 0.01
0 0.183284 0.257602 0.01 0.01
0 0.212055 0.236823 0.01 0.01
0 0.221646 0.237622 0.01 0.01
0 0.238429 0.235224 0.01 0.01
0 0.246421 0.235224 0.01 0.01
0 0.248019 0.260000 0.01 0.01
0 0.250417 0.272787 0.01 0.01
0 0.263204 0.254405 0.01 0.01
0 0.267200 0.225634 0.01 0.01
0 0.256811 0.244815 0.01 0.01
0 0.284783 0.255204 0.01 0.01
0 0.285582 0.265594 0.01 0.01
0 0.227240 0.221638 0.01 0.01
0 0.236031 0.225634 0.01 0.01
0 0.244023 0.212048 0.01 0.01
0 0.232035 0.216044 0.01 0.01
0 0.212055 0.214445 0.01 0.01
0 0.216850 0.199260 0.01 0.01
0 0.203264 0.197662 0.01 0.01
0 0.192874 0.207252 0.01 0.01
0 0.180087 0.200060 0.01 0.01
0 0.168099 0.211248 0.01 0.01
0 0.195272 0.228831 0.01 0.01
0 0.170497 0.224036 0.01 0.01
0 0.185682 0.184076 0.01 0.01
0 0.189678 0.172887 0.01 0.01
0 0.171296 0.165694 0.01 0.01
0 0.143324 0.172887 0.01 0.01
0 0.214453 0.183276 0.01 0.01
0 0.232035 0.188072 0.01 0.01
0 0.253614 0.203256 0.01 0.01
0 0.253614 0.192867 0.01 0.01
0 0.263204 0.188072 0.01 0.01
0 0.265602 0.203256 0.01 0.01
0 0.278389 0.200859 0.01 0.01
0 0.283983 0.212048 0.01 0.01
0 0.293574 0.218441 0.01 0.01
0 0.291176 0.227232 0.01 0.01
0 0.307160 0.226433 0.01 0.01
0 0.315152 0.216044 0.01 0.01
0 0.298369 0.200859 0.01 0.01
0 0.295172 0.192867 0.01 0.01
0 0.280787 0.180080 0.01 0.01
0 0.428639 0.398261 0.01 0.01
0 0.400667 0.415045 0.01 0.01
0 0.418249 0.379081 0.01 0.01
0 0.430237 0.382277 0.01 0.01
0 0.426241 0.353506 0.01 0.01
0 0.406261 0.334325 0.01 0.01
0 0.429438 0.324735 0.01 0.01
0 0.443824 0.342317 0.01 0.01
0 0.443824 0.359900 0.01 0.01
0 0.451816 0.379081 0.01 0.01
0 0.461406 0.399061 0.01 0.01
0 0.470996 0.399061 0.01 0.01
0 0.470996 0.382277 0.01 0.01
0 0.475792 0.367892 0.01 0.01
0 0.490976 0.339920 0.01 0.01
0 0.493374 0.361498 0.01 0.01
0 0.491776 0.405454 0.01 0.01
0 0.503764 0.415844 0.01 0.01
0 0.505362 0.429430 0.01 0.01
0 0.518149 0.439820 0.01 0.01
0 0.531736 0.438221 0.01 0.01
0 0.493374 0.459001 0.01 0.01
0 0.478988 0.457402 0.01 0.01
0 0.456611 0.453406 0.01 0.01
0 0.462205 0.476583 0.01 0.01
0 0.441426 0.472587 0.01 0.01
0 0.434233 0.517342 0.01 0.01
0 0.404663 0.518941 0.01 0.01
0 0.386281 0.506953 0.01 0.01
0 0.389478 0.472587 0.01 0.01
0 0.403064 0.538921 0.01 0.01
0 0.395072 0.554106 0.01 0.01
0 0.400667 0.568491 0.01 0.01
0 0.424643 0.569290 0.01 0.01
0 0.443824 0.558102 0.01 0.01
0 0.427040 0.542118 0.01 0.01
0 0.450217 0.530929 0.01 0.01
0 0.478189 0.541318 0.01 0.01
0 0.498169 0.538921 0.01 0.01
0 0.499768 0.506154 0.01 0.01
0 0.493374 0.479780 0.01 0.01
0 0.453414 0.510949 0.01 0.01
0 0.461406 0.544515 0.01 0.01
0 0.492575 0.565294 0.01 0.01
0 0.541326 0.558102 0.01 0.01
0 0.521346 0.554905 0.01 0.01
0 0.549318 0.539720 0.01 0.01
0 0.525342 0.530929 0.01 0.01
0 0.539728 0.502158 0.01 0.01
0 0.515752 0.494965 0.01 0.01
0 0.536531 0.459001 0.01 0.01
0 0.578888 0.444615 0.01 0.01
0 0.530936 0.425434 0.01 0.01
0 0.518948 0.415045 0.01 0.01
0 0.512555 0.403057 0.01 0.01
0 0.494173 0.379880 0.01 0.01
0 0.496571 0.395065 0.01 0.01
0 0.512555 0.371888 0.01 0.01
0 0.515752 0.355904 0.01 0.01
0 0.528539 0.366293 0.01 0.01
0 0.531736 0.379081 0.01 0.01
0 0.526940 0.391868 0.01 0.01
0 0.530936 0.357502 0.01 0.01
0 0.544523 0.364695 0.01 0.01
0 0.539728 0.346313 0.01 0.01
0 0.518948 0.335924 0.01 0.01
0 0.409458 0.302357 0.01 0.01
0 0.343124 0.306353 0.01 0.01
0 0.321546 0.283176 0.01 0.01
0 0.330337 0.270389 0.01 0.01
0 0.342325 0.285574 0.01 0.01
0 0.369498 0.275184 0.01 0.01
0 0.378289 0.280779 0.01 0.01
0 0.352715 0.273586 0.01 0.01
0 0.344723 0.241618 0.01 0.01
0 0.328739 0.254405 0.01 0.01
0 0.310357 0.260000 0.01 0.01
0 0.287180 0.287172 0.01 0.01
0 0.271196 0.304755 0.01 0.01
0 0.271196 0.292767 0.01 0.01
0 0.289578 0.329530 0.01 0.01
0 0.407060 0.263996 0.01 0.01
0 0.415851 0.279980 0.01 0.01
0 0.409458 0.245614 0.01 0.01
0 0.387879 0.248012 0.01 0.01
0 0.372695 0.244815 0.01 0.01
0 0.378289 0.230429 0.01 0.01
0 0.378289 0.222437 0.01 0.01
0 0.388679 0.224036 0.01 0.01
0 0.399068 0.216044 0.01 0.01
0 0.405462 0.224036 0.01 0.01
0 0.352715 0.215244 0.01 0.01
0 0.345522 0.200060 0.01 0.01
0 0.331935 0.205654 0.01 0.01
0 0.319947 0.196064 0.01 0.01
0 0.339927 0.173686 0.01 0.01
0 0.303164 0.184076 0.01 0.01
0 0.316751 0.168891 0.01 0.01
0 0.291176 0.171288 0.01 0.01
0 0.264803 0.166493 0.01 0.01
0 0.251216 0.176883 0.01 0.01
0 0.264803 0.154505 0.01 0.01
0 0.248819 0.150509 0.01 0.01
0 0.232834 0.144915 0.01 0.01
0 0.074593 0.157784 0.01 0.01
0 0.053814 0.140201 0.01 0.01
0 0.085782 0.142599 0.01 0.01
0 0.097770 0.156984 0.01 0.01
0 0.100167 0.164177 0.01 0.01
0 0.113754 0.153788 0.01 0.01
0 0.108958 0.143398 0.01 0.01
0 0.125742 0.140201 0.01 0.01
0 0.136131 0.151390 0.01 0.01
0 0.121746 0.170571 0.01 0.01
0 0.122545 0.194547 0.01 0.01
0 0.012255 0.141000 0.01 0.01
0 0.033034 0.117824 0.01 0.01
0 0.040227 0.113028 0.01 0.01
0 0.044223 0.105036 0.01 0.01
0 0.057010 0.101040 0.01 0.01
0 0.063404 0.101839 0.01 0.01
0 0.091376 0.116225 0.01 0.01
0 0.087380 0.126615 0.01 0.01
0 0.077790 0.117024 0.01 0.01
0 0.073794 0.129012 0.01 0.01
0 0.096171 0.109032 0.01 0.01
0 0.084982 0.103438 0.01 0.01
0 0.114553 0.119422 0.01 0.01
0 0.111356 0.103438 0.01 0.01
0 0.124143 0.116225 0.01 0.01
0 0.137730 0.124217 0.01 0.01
0 0.139328 0.113028 0.01 0.01
0 0.006661 0.101839 0.01 0.01
0 0.009058 0.093847 0.01 0.01
0 0.017849 0.090651 0.01 0.01
0 0.014653 0.074667 0.01 0.01
0 0.009857 0.084257 0.01 0.01
0 0.005861 0.077863 0.01 0.01
0 0.004263 0.069871 0.01 0.01
0 0.026641 0.069072 0.01 0.01
0 0.022645 0.064277 0.01 0.01
0 0.039428 0.058683 0.01 0.01
0 0.042625 0.066675 0.01 0.01
0 0.036231 0.081060 0.01 0.01
0 0.037830 0.087454 0.01 0.01
0 0.036231 0.093048 0.01 0.01
0 0.057810 0.072269 0.01 0.01
0 0.055412 0.058683 0.01 0.01
0 0.073794 0.039502 0.01 0.01
0 0.087380 0.053088 0.01 0.01
0 0.068998 0.084257 0.01 0.01
0 0.077790 0.077863 0.01 0.01
0 0.067400 0.073867 0.01 0.01
0 0.084183 0.086655 0.01 0.01
0 0.084982 0.093847 0.01 0.01
0 0.107360 0.092249 0.01 0.01
0 0.096171 0.101040 0.01 0.01
0 0.098569 0.086655 0.01 0.01
0 0.109758 0.075466 0.01 0.01
0 0.128938 0.075466 0.01 0.01
0 0.138529 0.065076 0.01 0.01
0 0.138529 0.055486 0.01 0.01
0 0.128938 0.053088 0.01 0.01
0 0.152914 0.058683 0.01 0.01
0 0.157710 0.047494 0.01 0.01
0 0.152914 0.069871 0.01 0.01
0 0.156910 0.077064 0.01 0.01
0 0.144123 0.077863 0.01 0.01
0 0.140926 0.097044 0.01 0.01
0 0.126541 0.097044 0.01 0.01
0 0.117750 0.083458 0.01 0.01
0 0.154513 0.093847 0.01 0.01
0 0.163304 0.097044 0.01 0.01
0 0.173694 0.097044 0.01 0.01
0 0.186481 0.096245 0.01 0.01
0 0.196870 0.089851 0.01 0.01
0 0.186481 0.078663 0.01 0.01
0 0.180087 0.087454 0.01 0.01
0 0.171296 0.086655 0.01 0.01
0 0.164902 0.082659 0.01 0.01
0 0.167300 0.075466 0.01 0.01
0 0.176890 0.069871 0.01 0.01
0 0.180087 0.074667 0.01 0.01
0 0.194473 0.072269 0.01 0.01
0 0.189678 0.063478 0.01 0.01
0 0.176091 0.060281 0.01 0.01
0 0.181686 0.056285 0.01 0.01
0 0.192075 0.055486 0.01 0.01
0 0.206461 0.074667 0.01 0.01
0 0.205662 0.081859 0.01 0.01
0 0.208059 0.091450 0.01 0.01
0 0.212854 0.095446 0.01 0.01
0 0.197670 0.103438 0.01 0.01
0 0.208858 0.102639 0.01 0.01
0 0.181686 0.108233 0.01 0.01
0 0.156111 0.109832 0.01 0.01
0 0.179288 0.117824 0.01 0.01
0 0.461406 0.308033 0.01 0.01
0 0.478988 0.301640 0.01 0.01
0 0.486181 0.323218 0.01 0.01
0 0.510157 0.314427 0.01 0.01
0 0.515752 0.292848 0.01 0.01
0 0.493374 0.284057 0.01 0.01
0 0.483784 0.272868 0.01 0.01
0 0.474193 0.288053 0.01 0.01
0 0.457410 0.284856 0.01 0.01
0 0.443824 0.301640 0.01 0.01
0 0.446221 0.318423 0.01 0.01
0 0.457410 0.256085 0.01 0.01
0 0.423843 0.258483 0.01 0.01
0 0.428639 0.242499 0.01 0.01
0 0.438229 0.251290 0.01 0.01
0 0.447020 0.242499 0.01 0.01
0 0.478189 0.256085 0.01 0.01
0 0.499768 0.256085 0.01 0.01
0 0.498968 0.247294 0.01 0.01
0 0.494173 0.237704 0.01 0.01
0 0.506161 0.221720 0.01 0.01
0 0.513354 0.224117 0.01 0.01
0 0.515752 0.240900 0.01 0.01
0 0.514952 0.256884 0.01 0.01
0 0.539728 0.262479 0.01 0.01
0 0.534932 0.278463 0.01 0.01
0 0.526141 0.286455 0.01 0.01
0 0.544523 0.285656 0.01 0.01
0 0.534932 0.296045 0.01 0.01
0 0.548519 0.300840 0.01 0.01
0 0.547720 0.317624 0.01 0.01
0 0.533334 0.311230 0.01 0.01
0 0.525342 0.305636 0.01 0.01
0 0.527740 0.322419 0.01 0.01
0 0.553314 0.336005 0.01 0.01
0 0.566101 0.308033 0.01 0.01
0 0.580487 0.306435 0.01 0.01
0 0.587680 0.323218 0.01 0.01
0 0.582884 0.345596 0.01 0.01
0 0.577290 0.351190 0.01 0.01
0 0.558908 0.350391 0.01 0.01
0 0.560507 0.343198 0.01 0.01
0 0.573294 0.343198 0.01 0.01
0 0.568499 0.334407 0.01 0.01
0 0.595672 0.300840 0.01 0.01
0 0.602065 0.313628 0.01 0.01
0 0.614053 0.311230 0.01 0.01
0 0.618049 0.290451 0.01 0.01
0 0.608459 0.298443 0.01 0.01
0 0.598868 0.276065 0.01 0.01
0 0.587680 0.269672 0.01 0.01
0 0.579688 0.277664 0.01 0.01
0 0.578888 0.279262 0.01 0.01
0 0.563704 0.276864 0.01 0.01
0 0.562904 0.288053 0.01 0.01
0 0.559708 0.266475 0.01 0.01
0 0.574892 0.263278 0.01 0.01
0 0.562904 0.250491 0.01 0.01
0 0.540527 0.206535 0.01 0.01
0 0.550916 0.196145 0.01 0.01
0 0.563704 0.204936 0.01 0.01
0 0.570097 0.194547 0.01 0.01
0 0.584483 0.204137 0.01 0.01
0 0.598069 0.208932 0.01 0.01
0 0.600467 0.196145 0.01 0.01
0 0.588479 0.172968 0.01 0.01
0 0.196870 0.126615 0.01 0.01
0 0.197670 0.116225 0.01 0.01
0 0.208059 0.114627 0.01 0.01
0 0.208858 0.128213 0.01 0.01
0 0.193674 0.142599 0.01 0.01
0 0.176890 0.133008 0.01 0.01
0 0.180087 0.152988 0.01 0.01
0 0.200866 0.160181 0.01 0.01
0 0.188878 0.159382 0.01 0.01
0 0.224842 0.129812 0.01 0.01
0 0.220846 0.116225 0.01 0.01
0 0.223244 0.101839 0.01 0.01
0 0.232035 0.103438 0.01 0.01
0 0.227240 0.089851 0.01 0.01
0 0.223244 0.084257 0.01 0.01
0 0.223244 0.071470 0.01 0.01
0 0.218449 0.066675 0.01 0.01
0 0.208858 0.066675 0.01 0.01
0 0.204862 0.055486 0.01 0.01
0 0.216051 0.036305 0.01 0.01
0 0.243224 0.055486 0.01 0.01
0 0.240827 0.070671 0.01 0.01
0 0.235232 0.079462 0.01 0.01
0 0.245622 0.077064 0.01 0.01
0 0.248019 0.081060 0.01 0.01
0 0.240827 0.093847 0.01 0.01
0 0.256811 0.084257 0.01 0.01
0 0.281586 0.074667 0.01 0.01
0 0.279188 0.067474 0.01 0.01
0 0.260007 0.067474 0.01 0.01
0 0.251216 0.062679 0.01 0.01
0 0.279987 0.055486 0.01 0.01
0 0.301566 0.071470 0.01 0.01
0 0.291975 0.074667 0.01 0.01
0 0.291176 0.065076 0.01 0.01
0 0.295172 0.089851 0.01 0.01
0 0.304763 0.087454 0.01 0.01
0 0.292775 0.081060 0.01 0.01
0 0.291176 0.095446 0.01 0.01
0 0.284783 0.100241 0.01 0.01
0 0.275991 0.106635 0.01 0.01
0 0.275991 0.085855 0.01 0.01
0 0.271196 0.113028 0.01 0.01
0 0.298369 0.111430 0.01 0.01
0 0.302365 0.116225 0.01 0.01
0 0.290377 0.121020 0.01 0.01
0 0.303963 0.126615 0.01 0.01
0 0.279987 0.135406 0.01 0.01
0 0.296771 0.138603 0.01 0.01
0 0.305562 0.141000 0.01 0.01
0 0.308759 0.146595 0.01 0.01
0 0.305562 0.152189 0.01 0.01
0 0.299967 0.160980 0.01 0.01
0 0.311156 0.159382 0.01 0.01
0 0.322345 0.149792 0.01 0.01
0 0.338329 0.151390 0.01 0.01
0 0.330337 0.156185 0.01 0.01
0 0.365502 0.144197 0.01 0.01
0 0.376691 0.137004 0.01 0.01
0 0.355911 0.105036 0.01 0.01
0 0.354313 0.097843 0.01 0.01
0 0.352715 0.093048 0.01 0.01
0 0.337530 0.093847 0.01 0.01
0 0.331935 0.089851 0.01 0.01
0 0.326341 0.089851 0.01 0.01
0 0.330337 0.101040 0.01 0.01
0 0.324743 0.099442 0.01 0.01
0 0.319947 0.107434 0.01 0.01
0 0.315951 0.097044 0.01 0.01
0 0.307959 0.098643 0.01 0.01
0 0.314353 0.081859 0.01 0.01
0 0.316751 0.076265 0.01 0.01
0 0.327140 0.079462 0.01 0.01
0 0.339128 0.073068 0.01 0.01
0 0.343923 0.067474 0.01 0.01
0 0.355911 0.067474 0.01 0.01
0 0.369498 0.078663 0.01 0.01
0 0.376691 0.089052 0.01 0.01
0 0.395072 0.108233 0.01 0.01
0 0.387080 0.116225 0.01 0.01
0 0.395072 0.135406 0.01 0.01
0 0.407060 0.129012 0.01 0.01
0 0.406261 0.118623 0.01 0.01
0 0.411855 0.093847 0.01 0.01
0 0.399068 0.084257 0.01 0.01
0 0.399867 0.069871 0.01 0.01
0 0.314353 0.121020 0.01 0.01
0 0.346321 0.111430 0.01 0.01
0 0.346321 0.140201 0.01 0.01
0 0.346321 0.150591 0.01 0.01
0 0.347120 0.162579 0.01 0.01
0 0.378289 0.164177 0.01 0.01
0 0.380687 0.173768 0.01 0.01
0 0.381486 0.186555 0.01 0.01
0 0.388679 0.183358 0.01 0.01
0 0.391076 0.192948 0.01 0.01
0 0.416651 0.180161 0.01 0.01
0 0.410257 0.199342 0.01 0.01
0 0.418249 0.200940 0.01 0.01
0 0.410257 0.212928 0.01 0.01
0 0.423044 0.220920 0.01 0.01
0 0.431036 0.216924 0.01 0.01
0 0.431036 0.205736 0.01 0.01
0 0.427040 0.197744 0.01 0.01
0 0.425442 0.172968 0.01 0.01
0 0.403863 0.164976 0.01 0.01
0 0.435832 0.157784 0.01 0.01
0 0.427839 0.151390 0.01 0.01
0 0.418249 0.143398 0.01 0.01
0 0.432635 0.129012 0.01 0.01
0 0.429438 0.137004 0.01 0.01
0 0.435032 0.138603 0.01 0.01
0 0.439828 0.129812 0.01 0.01
0 0.447820 0.167374 0.01 0.01
0 0.444623 0.190551 0.01 0.01
0 0.445422 0.182559 0.01 0.01
0 0.455812 0.180161 0.01 0.01
0 0.459008 0.170571 0.01 0.01
0 0.469398 0.178563 0.01 0.01
0 0.473394 0.201740 0.01 0.01
0 0.479788 0.188952 0.01 0.01
0 0.467000 0.192149 0.01 0.01
0 0.457410 0.200940 0.01 0.01
0 0.466201 0.199342 0.01 0.01
0 0.460607 0.219322 0.01 0.01
0 0.451816 0.213728 0.01 0.01
0 0.447020 0.221720 0.01 0.01
0 0.452615 0.229712 0.01 0.01
0 0.481386 0.203338 0.01 0.01
0 0.502964 0.196145 0.01 0.01
0 0.498169 0.183358 0.01 0.01
0 0.486980 0.170571 0.01 0.01
0 0.486980 0.179362 0.01 0.01
0 0.512555 0.173768 0.01 0.01
0 0.514952 0.183358 0.01 0.01
0 0.504563 0.175366 0.01 0.01
0 0.493374 0.155386 0.01 0.01
0 0.494173 0.140201 0.01 0.01
0 0.468599 0.116225 0.01 0.01
0 0.464603 0.125816 0.01 0.01
0 0.375891 0.106635 0.01 0.01
0 0.412655 0.085056 0.01 0.01
0 0.426241 0.074667 0.01 0.01
0 0.439028 0.083458 0.01 0.01
0 0.451016 0.085056 0.01 0.01
0 0.432635 0.093847 0.01 0.01
0 0.440627 0.098643 0.01 0.01
0 0.433434 0.109832 0.01 0.01
0 0.421446 0.097044 0.01 0.01
0 0.423044 0.110631 0.01 0.01
0 0.453414 0.098643 0.01 0.01
0 0.462205 0.101839 0.01 0.01
0 0.466201 0.086655 0.01 0.01
0 0.474992 0.087454 0.01 0.01
0 0.475792 0.081859 0.01 0.01
0 0.485382 0.092249 0.01 0.01
0 0.486980 0.081060 0.01 0.01
0 0.493374 0.102639 0.01 0.01
0 0.483784 0.109832 0.01 0.01
0 0.493374 0.122619 0.01 0.01
0 0.499768 0.119422 0.01 0.01
0 0.490177 0.116225 0.01 0.01
0 0.481386 0.120221 0.01 0.01
0 0.489378 0.130611 0.01 0.01
0 0.501366 0.128213 0.01 0.01
0 0.477390 0.138603 0.01 0.01
0 0.474992 0.122619 0.01 0.01
0 0.474193 0.104237 0.01 0.01
0 0.447020 0.111430 0.01 0.01
0 0.523744 0.123418 0.01 0.01
0 0.510157 0.114627 0.01 0.01
0 0.524543 0.106635 0.01 0.01
0 0.531736 0.106635 0.01 0.01
0 0.513354 0.097044 0.01 0.01
0 0.506161 0.105036 0.01 0.01
0 0.498968 0.097843 0.01 0.01
0 0.503764 0.096245 0.01 0.01
0 0.496571 0.089052 0.01 0.01
0 0.496571 0.077863 0.01 0.01
0 0.503764 0.083458 0.01 0.01
0 0.509358 0.070671 0.01 0.01
0 0.518948 0.091450 0.01 0.01
0 0.524543 0.085056 0.01 0.01
0 0.533334 0.087454 0.01 0.01
0 0.542125 0.083458 0.01 0.01
0 0.537330 0.082659 0.01 0.01
0 0.533334 0.072269 0.01 0.01
0 0.526141 0.068273 0.01 0.01
0 0.303164 0.058683 0.01 0.01
0 0.312755 0.063478 0.01 0.01
0 0.316751 0.056285 0.01 0.01
0 0.323943 0.054687 0.01 0.01
0 0.333534 0.058683 0.01 0.01
0 0.343124 0.056285 0.01 0.01
0 0.344723 0.047494 0.01 0.01
0 0.331136 0.048293 0.01 0.01
0 0.315152 0.045096 0.01 0.01
0 0.315951 0.039502 0.01 0.01
0 0.331935 0.041899 0.01 0.01
0 0.349518 0.037903 0.01 0.01
0 0.355911 0.045096 0.01 0.01
0 0.359907 0.055486 0.01 0.01
0 0.359108 0.061879 0.01 0.01
0 0.400667 0.053887 0.01 0.01
0 0.384683 0.063478 0.01 0.01
0 0.442225 0.046695 0.01 0.01
0 0.465402 0.050691 0.01 0.01
0 0.473394 0.066675 0.01 0.01
0 0.488579 0.053088 0.01 0.01
0 0.507760 0.054687 0.01 0.01
0 0.512555 0.054687 0.01 0.01
0 0.522944 0.055486 0.01 0.01
0 0.538928 0.053887 0.01 0.01
0 0.552515 0.059482 0.01 0.01
0 0.560507 0.073867 0.01 0.01
0 0.558908 0.070671 0.01 0.01
0 0.549318 0.068273 0.01 0.01
0 0.551716 0.078663 0.01 0.01
0 0.547720 0.086655 0.01 0.01
0 0.558109 0.090651 0.01 0.01
0 0.563704 0.086655 0.01 0.01
0 0.570896 0.086655 0.01 0.01
0 0.582884 0.081060 0.01 0.01
0 0.579688 0.074667 0.01 0.01
0 0.574892 0.056285 0.01 0.01
0 0.596471 0.057084 0.01 0.01
0 0.598868 0.071470 0.01 0.01
0 0.595672 0.083458 0.01 0.01
0 0.592475 0.074667 0.01 0.01
0 0.591676 0.093847 0.01 0.01
0 0.567700 0.099442 0.01 0.01
0 0.560507 0.103438 0.01 0.01
0 0.542924 0.105036 0.01 0.01
0 0.538129 0.113828 0.01 0.01
0 0.533334 0.128213 0.01 0.01
0 0.544523 0.122619 0.01 0.01
0 0.545322 0.129012 0.01 0.01
0 0.534133 0.138603 0.01 0.01
0 0.538928 0.144197 0.01 0.01
0 0.518948 0.134607 0.01 0.01
0 0.561306 0.133008 0.01 0.01
0 0.568499 0.137004 0.01 0.01
0 0.582884 0.124217 0.01 0.01
0 0.582884 0.119422 0.01 0.01
0 0.586880 0.113028 0.01 0.01
0 0.599668 0.112229 0.01 0.01
0 0.595672 0.126615 0.01 0.01
0 0.611656 0.112229 0.01 0.01
0 0.605262 0.122619 0.01 0.01
0 0.604463 0.101839 0.01 0.01
0 0.619648 0.090651 0.01 0.01
0 0.609258 0.087454 0.01 0.01
0 0.618049 0.074667 0.01 0.01
0 0.630836 0.085855 0.01 0.01
0 0.627640 0.080261 0.01 0.01
0 0.637230 0.089052 0.01 0.01
0 0.641226 0.084257 0.01 0.01
0 0.650017 0.091450 0.01 0.01
0 0.638029 0.103438 0.01 0.01
0 0.647620 0.097044 0.01 0.01
0 0.645222 0.102639 0.01 0.01
0 0.659608 0.102639 0.01 0.01
0 0.659608 0.093847 0.01 0.01
0 0.671596 0.095446 0.01 0.01
0 0.658009 0.081060 0.01 0.01
0 0.622844 0.186555 0.01 0.01
0 0.602065 0.168173 0.01 0.01
0 0.559708 0.172968 0.01 0.01
0 0.550916 0.179362 0.01 0.01
0 0.569298 0.171370 0.01 0.01
0 0.568499 0.158583 0.01 0.01
0 0.565302 0.148193 0.01 0.01
0 0.647620 0.165776 0.01 0.01
0 0.642025 0.175366 0.01 0.01
0 0.634033 0.180960 0.01 0.01
0 0.654813 0.182559 0.01 0.01
0 0.662805 0.170571 0.01 0.01
0 0.681186 0.162579 0.01 0.01
0 0.674793 0.176964 0.01 0.01
0 0.672395 0.126615 0.01 0.01
0 0.680387 0.113028 0.01 0.01
0 0.686781 0.109832 0.01 0.01
0 0.693174 0.103438 0.01 0.01
0 0.707560 0.100241 0.01 0.01
0 0.704363 0.094647 0.01 0.01
0 0.702765 0.117024 0.01 0.01
0 0.697969 0.139402 0.01 0.01
0 0.689178 0.146595 0.01 0.01
0 0.701166 0.170571 0.01 0.01
0 0.693973 0.189752 0.01 0.01
0 0.708359 0.185756 0.01 0.01
0 0.708359 0.173768 0.01 0.01
0 0.719548 0.163378 0.01 0.01
0 0.726741 0.143398 0.01 0.01
0 0.731536 0.173768 0.01 0.01
0 0.733134 0.192948 0.01 0.01
0 0.749118 0.187354 0.01 0.01
0 0.739528 0.178563 0.01 0.01
0 0.746721 0.144197 0.01 0.01
0 0.774693 0.119422 0.01 0.01
0 0.765901 0.116225 0.01 0.01
0 0.769098 0.196145 0.01 0.01
0 0.781086 0.218523 0.01 0.01
0 0.777889 0.209732 0.01 0.01
0 0.731536 0.245696 0.01 0.01
0 0.715552 0.236105 0.01 0.01
0 0.716351 0.248892 0.01 0.01
0 0.703564 0.258483 0.01 0.01
0 0.697969 0.245696 0.01 0.01
0 0.701166 0.235306 0.01 0.01
0 0.671596 0.233708 0.01 0.01
0 0.662005 0.240900 0.01 0.01
0 0.652415 0.246495 0.01 0.01
0 0.636431 0.262479 0.01 0.01
0 0.657210 0.260880 0.01 0.01
0 0.678789 0.252089 0.01 0.01
0 0.680387 0.257684 0.01 0.01
0 0.692375 0.268073 0.01 0.01
0 0.688379 0.280061 0.01 0.01
0 0.671596 0.267274 0.01 0.01
0 0.622045 0.252089 0.01 0.01
0 0.602065 0.250491 0.01 0.01
0 0.615652 0.264876 0.01 0.01
0 0.626041 0.270471 0.01 0.01
0 0.637230 0.275266 0.01 0.01
0 0.637230 0.252888 0.01 0.01
0 0.631636 0.300041 0.01 0.01
0 0.643624 0.297644 0.01 0.01
0 0.646021 0.288852 0.01 0.01
0 0.654813 0.283258 0.01 0.01
0 0.664403 0.302439 0.01 0.01
0 0.681985 0.309632 0.01 0.01
0 0.680387 0.298443 0.01 0.01
0 0.701166 0.292049 0.01 0.01
0 0.706761 0.300840 0.01 0.01
0 0.705162 0.310431 0.01 0.01
0 0.726741 0.304037 0.01 0.01
0 0.736331 0.295246 0.01 0.01
0 0.753114 0.288852 0.01 0.01
0 0.738729 0.279262 0.01 0.01
0 0.750717 0.274467 0.01 0.01
0 0.742725 0.260880 0.01 0.01
0 0.632435 0.317624 0.01 0.01
0 0.662805 0.327214 0.01 0.01
0 0.660407 0.317624 0.01 0.01
0 0.681985 0.337604 0.01 0.01
0 0.689977 0.327214 0.01 0.01
0 0.734733 0.327214 0.01 0.01
0 0.594473 0.550110 0.01 0.01
0 0.571296 0.538122 0.01 0.01
0 0.572894 0.509350 0.01 0.01
0 0.585682 0.488571 0.01 0.01
0 0.565702 0.482977 0.01 0.01
0 0.557710 0.494965 0.01 0.01
0 0.599268 0.506953 0.01 0.01
0 0.603264 0.519740 0.01 0.01
0 0.644823 0.542118 0.01 0.01
0 0.616850 0.557302 0.01 0.01
0 0.714353 0.554905 0.01 0.01
0 0.683184 0.552507 0.01 0.01
0 0.667200 0.533326 0.01 0.01
0 0.683983 0.526134 0.01 0.01
0 0.700767 0.532527 0.01 0.01
0 0.721546 0.528531 0.01 0.01
0 0.699168 0.513346 0.01 0.01
0 0.710357 0.505354 0.01 0.01
0 0.690377 0.501358 0.01 0.01
0 0.664803 0.501358 0.01 0.01
0 0.648819 0.511748 0.01 0.01
0 0.640027 0.494965 0.01 0.01
0 0.651216 0.485374 0.01 0.01
0 0.612055 0.490169 0.01 0.01
0 0.616850 0.452607 0.01 0.01
0 0.616051 0.427832 0.01 0.01
0 0.599268 0.411848 0.01 0.01
0 0.568898 0.412647 0.01 0.01
0 0.554513 0.407053 0.01 0.01
0 0.579288 0.399860 0.01 0.01
0 0.607260 0.384675 0.01 0.01
0 0.624043 0.400659 0.01 0.01
0 0.645622 0.383876 0.01 0.01
0 0.643224 0.402257 0.01 0.01
0 0.637630 0.415045 0.01 0.01
0 0.644823 0.433426 0.01 0.01
0 0.666401 0.442217 0.01 0.01
0 0.655212 0.458201 0.01 0.01
0 0.676791 0.422237 0.01 0.01
0 0.668799 0.387872 0.01 0.01
0 0.697570 0.371888 0.01 0.01
0 0.703963 0.378281 0.01 0.01
0 0.703963 0.394265 0.01 0.01
0 0.714353 0.413446 0.01 0.01
0 0.751915 0.412647 0.01 0.01
0 0.762305 0.387872 0.01 0.01
0 0.757510 0.462997 0.01 0.01
0 0.751116 0.486973 0.01 0.01
0 0.724743 0.486173 0.01 0.01
0 0.737530 0.501358 0.01 0.01
0 0.727939 0.510949 0.01 0.01
0 0.739927 0.528531 0.01 0.01
0 0.760707 0.534126 0.01 0.01
0 0.754313 0.566094 0.01 0.01
0 0.779088 0.546114 0.01 0.01
0 0.794273 0.549310 0.01 0.01
0 0.806261 0.526134 0.01 0.01
0 0.808659 0.503756 0.01 0.01
0 0.766301 0.511748 0.01 0.01
0 0.786281 0.502957 0.01 0.01
0 0.768699 0.490169 0.01 0.01
0 0.786281 0.481378 0.01 0.01
0 0.800667 0.481378 0.01 0.01
0 0.837430 0.472587 0.01 0.01
0 0.859008 0.479780 0.01 0.01
0 0.837430 0.515744 0.01 0.01
0 0.849418 0.534925 0.01 0.01
0 0.869398 0.522138 0.01 0.01
0 0.828639 0.554905 0.01 0.01
0 0.849418 0.570090 0.01 0.01
0 0.879788 0.555704 0.01 0.01
0 0.903764 0.544515 0.01 0.01
0 0.904563 0.528531 0.01 0.01
0 0.898169 0.514146 0.01 0.01
0 0.905362 0.503756 0.01 0.01
0 0.883784 0.492567 0.01 0.01
0 0.927740 0.431029 0.01 0.01
0 0.855012 0.399061 0.01 0.01
0 0.827839 0.395864 0.01 0.01
0 0.792675 0.391868 0.01 0.01
0 0.777490 0.388671 0.01 0.01
0 0.746321 0.351109 0.01 0.01
0 0.741526 0.374285 0.01 0.01
0 0.808659 0.347912 0.01 0.01
0 0.806261 0.358301 0.01 0.01
0 0.785482 0.359900 0.01 0.01
0 0.824643 0.372687 0.01 0.01
0 0.824643 0.331129 0.01 0.01
0 0.811855 0.317542 0.01 0.01
0 0.803064 0.327932 0.01 0.01
0 0.794273 0.321538 0.01 0.01
0 0.792675 0.304755 0.01 0.01
0 0.795871 0.278381 0.01 0.01
0 0.754313 0.304755 0.01 0.01
0 0.750317 0.321538 0.01 0.01
0 0.752715 0.329530 0.01 0.01
0 0.768699 0.307153 0.01 0.01
0 0.818249 0.294365 0.01 0.01
0 0.810257 0.273586 0.01 0.01
0 0.804663 0.252807 0.01 0.01
0 0.804663 0.232028 0.01 0.01
0 0.760707 0.261598 0.01 0.01
0 0.838229 0.263996 0.01 0.01
0 0.818249 0.265594 0.01 0.01
0 0.821446 0.251208 0.01 0.01
0 0.834233 0.281578 0.01 0.01
0 0.842225 0.277582 0.01 0.01
0 0.827040 0.302357 0.01 0.01
0 0.827040 0.311948 0.01 0.01
0 0.839828 0.310349 0.01 0.01
0 0.853414 0.309550 0.01 0.01
0 0.861406 0.300759 0.01 0.01
0 0.863004 0.287172 0.01 0.01
0 0.873394 0.290369 0.01 0.01
0 0.865402 0.273586 0.01 0.01
0 0.853414 0.263196 0.01 0.01
0 0.850217 0.255204 0.01 0.01
0 0.839028 0.250409 0.01 0.01
0 0.873394 0.248811 0.01 0.01
0 0.865402 0.257602 0.01 0.01
0 0.880587 0.260799 0.01 0.01
0 0.877390 0.263996 0.01 0.01
0 0.904563 0.398261 0.01 0.01
0 0.880587 0.372687 0.01 0.01
0 0.863004 0.358301 0.01 0.01
0 0.874992 0.356703 0.01 0.01
0 0.890976 0.359900 0.01 0.01
0 0.904563 0.352707 0.01 0.01
0 0.904563 0.372687 0.01 0.01
0 0.915752 0.363097 0.01 0.01
0 0.875792 0.327932 0.01 0.01
0 0.872595 0.315145 0.01 0.01
0 0.883784 0.308751 0.01 0.01
0 0.887780 0.307952 0.01 0.01
0 0.890177 0.295165 0.01 0.01
0 0.904563 0.309550 0.01 0.01
0 0.904563 0.329530 0.01 0.01
0 0.889378 0.334325 0.01 0.01
0 0.904563 0.341518 0.01 0.01
0 0.920547 0.341518 0.01 0.01
0 0.939728 0.403856 0.01 0.01
0 0.959708 0.399061 0.01 0.01
0 0.965302 0.448611 0.01 0.01
0 0.946920 0.483776 0.01 0.01
0 0.918149 0.497362 0.01 0.01
0 0.933334 0.522937 0.01 0.01
0 0.930936 0.540519 0.01 0.01
0 0.937330 0.554905 0.01 0.01
0 0.959708 0.558102 0.01 0.01
0 0.957310 0.542917 0.01 0.01
0 0.953314 0.532527 0.01 0.01
0 0.948519 0.522937 0.01 0.01
0 0.950916 0.504555 0.01 0.01
0 0.958109 0.498162 0.01 0.01
0 0.980487 0.500559 0.01 0.01
0 0.989278 0.514146 0.01 0.01
0 0.985282 0.523736 0.01 0.01
0 0.989278 0.560499 0.01 0.01
0 1.018049 0.550909 0.01 0.01
0 1.029238 0.562098 0.01 0.01
0 1.004463 0.531728 0.01 0.01
0 1.004463 0.519740 0.01 0.01
0 1.006061 0.512547 0.01 0.01
0 1.011656 0.505354 0.01 0.01
0 1.038029 0.500559 0.01 0.01
0 1.037230 0.520539 0.01 0.01
0 1.039628 0.532527 0.01 0.01
0 1.030037 0.542118 0.01 0.01
0 1.038829 0.479780 0.01 0.01
0 1.026041 0.487772 0.01 0.01
0 0.996471 0.406253 0.01 0.01
0 0.978089 0.383876 0.01 0.01
0 0.994073 0.381478 0.01 0.01
0 0.962105 0.375884 0.01 0.01
0 0.968499 0.362297 0.01 0.01
0 0.970896 0.347912 0.01 0.01
0 0.960507 0.347113 0.01 0.01
0 0.955712 0.338321 0.01 0.01
0 0.959708 0.329530 0.01 0.01
0 0.966101 0.320739 0.01 0.01
0 0.974093 0.320739 0.01 0.01
0 0.936531 0.316743 0.01 0.01
0 0.914952 0.296763 0.01 0.01
0 0.922944 0.283176 0.01 0.01
0 0.897370 0.283176 0.01 0.01
0 0.910157 0.276783 0.01 0.01
0 0.910956 0.263996 0.01 0.01
0 0.910956 0.244815 0.01 0.01
0 0.899768 0.217642 0.01 0.01
0 0.883784 0.196863 0.01 0.01
0 0.855812 0.193666 0.01 0.01
0 0.827040 0.176883 0.01 0.01
0 0.819048 0.223236 0.01 0.01
0 0.821446 0.214445 0.01 0.01
0 0.817450 0.203256 0.01 0.01
0 0.800667 0.088971 0.01 0.01
0 0.869398 0.135324 0.01 0.01
0 0.879788 0.155304 0.01 0.01
0 0.891776 0.162497 0.01 0.01
0 0.901366 0.159300 0.01 0.01
0 0.897370 0.175284 0.01 0.01
0 0.902165 0.187272 0.01 0.01
0 0.918948 0.191268 0.01 0.01
0 0.928539 0.185674 0.01 0.01
0 0.925342 0.175284 0.01 0.01
0 0.922145 0.167292 0.01 0.01
0 0.927740 0.157702 0.01 0.01
0 0.921346 0.156903 0.01 0.01
0 0.933334 0.161698 0.01 0.01
0 0.940527 0.172887 0.01 0.01
0 0.949318 0.175284 0.01 0.01
0 0.954113 0.187272 0.01 0.01
0 0.938928 0.196863 0.01 0.01
0 0.947720 0.224835 0.01 0.01
0 0.926940 0.237622 0.01 0.01
0 0.967700 0.224036 0.01 0.01
0 0.970097 0.271988 0.01 0.01
0 0.954912 0.285574 0.01 0.01
0 0.931736 0.299960 0.01 0.01
0 0.942924 0.295964 0.01 0.01
0 0.934932 0.287172 0.01 0.01
0 0.964503 0.307952 0.01 0.01
0 0.969298 0.295964 0.01 0.01
0 0.982085 0.299161 0.01 0.01
0 0.987680 0.290369 0.01 0.01
0 0.989278 0.277582 0.01 0.01
0 0.998069 0.262397 0.01 0.01
0 1.019648 0.267192 0.01 0.01
0 1.000467 0.292767 0.01 0.01
0 1.008459 0.299960 0.01 0.01
0 1.014852 0.304755 0.01 0.01
0 1.016451 0.315145 0.01 0.01
0 1.000467 0.323936 0.01 0.01
0 0.986081 0.334325 0.01 0.01
0 1.002065 0.335924 0.01 0.01
0 1.003664 0.355904 0.01 0.01
0 0.990876 0.359101 0.01 0.01
0 1.000467 0.367093 0.01 0.01
0 1.010856 0.379081 0.01 0.01
0 1.026840 0.366293 0.01 0.01
0 1.018848 0.405454 0.01 0.01
0 1.030037 0.385474 0.01 0.01
0 1.045222 0.391868 0.01 0.01
0 1.043624 0.379081 0.01 0.01
0 1.040427 0.372687 0.01 0.01
0 1.045222 0.359101 0.01 0.01
0 1.049218 0.349510 0.01 0.01
0 1.040427 0.338321 0.01 0.01
0 1.026840 0.325534 0.01 0.01
0 1.038029 0.318341 0.01 0.01
0 1.031636 0.310349 0.01 0.01
0 1.041226 0.299161 0.01 0.01
0 1.047620 0.263196 0.01 0.01
0 1.048419 0.225634 0.01 0.01
0 1.025242 0.218441 0.01 0.01
0 1.012455 0.228032 0.01 0.01
0 1.003664 0.184875 0.01 0.01
0 1.007660 0.175284 0.01 0.01
0 1.010057 0.170489 0.01 0.01
0 1.010057 0.161698 0.01 0.01
0 0.998069 0.164895 0.01 0.01
0 0.985282 0.172887 0.01 0.01
0 0.978089 0.176883 0.01 0.01
0 0.972495 0.182477 0.01 0.01
0 0.966900 0.173686 0.01 0.01
0 1.016451 0.182477 0.01 0.01
0 1.027640 0.182477 0.01 0.01
0 1.038829 0.181678 0.01 0.01
0 1.036431 0.171288 0.01 0.01
0 1.033234 0.163296 0.01 0.01
0 1.042825 0.168092 0.01 0.01
0 1.054013 0.180879 0.01 0.01
0 1.054813 0.170489 0.01 0.01
0 0.635232 0.057084 0.01 0.01
0 0.627240 0.060281 0.01 0.01
0 0.618449 0.065875 0.01 0.01
0 0.611256 0.055486 0.01 0.01
0 0.620846 0.055486 0.01 0.01
0 0.614453 0.042699 0.01 0.01
0 0.629638 0.046695 0.01 0.01
0 0.622445 0.040301 0.01 0.01
0 0.653614 0.053088 0.01 0.01
0 0.641626 0.045895 0.01 0.01
0 0.663204 0.049092 0.01 0.01
0 0.670397 0.073068 0.01 0.01
0 0.675991 0.061879 0.01 0.01
0 0.676791 0.069871 0.01 0.01
0 0.673594 0.085056 0.01 0.01
0 0.691975 0.076265 0.01 0.01
0 0.707160 0.079462 0.01 0.01
0 0.723943 0.080261 0.01 0.01
0 0.727140 0.099442 0.01 0.01
0 0.733534 0.095446 0.01 0.01
0 0.734333 0.087454 0.01 0.01
0 0.733534 0.078663 0.01 0.01
0 0.715951 0.067474 0.01 0.01
0 0.688779 0.057883 0.01 0.01
0 0.693574 0.056285 0.01 0.01
0 0.706361 0.053887 0.01 0.01
0 0.711156 0.048293 0.01 0.01
0 0.722345 0.059482 0.01 0.01
0 0.732735 0.057883 0.01 0.01
0 0.727939 0.046695 0.01 0.01
0 0.743124 0.065076 0.01 0.01
0 0.755911 0.065875 0.01 0.01
0 0.755911 0.085855 0.01 0.01
0 0.756711 0.105835 0.01 0.01
0 0.748719 0.106635 0.01 0.01
0 0.755112 0.121020 0.01 0.01
0 0.724743 0.126615 0.01 0.01
0 0.714353 0.133808 0.01 0.01
0 0.698369 0.131410 0.01 0.01
0 0.684783 0.133808 0.01 0.01
0 0.679188 0.140201 0.01 0.01
0 0.640827 0.138603 0.01 0.01
0 0.655212 0.137004 0.01 0.01
0 0.650417 0.129012 0.01 0.01
0 0.654413 0.121020 0.01 0.01
0 0.637630 0.112229 0.01 0.01
0 0.564103 0.118623 0.01 0.01
0 0.793474 0.076265 0.01 0.01
0 0.779088 0.069871 0.01 0.01
0 0.800667 0.065076 0.01 0.01
0 0.827839 0.069871 0.01 0.01
0 0.843024 0.076265 0.01 0.01
0 0.857410 0.082659 0.01 0.01
0 0.867800 0.081859 0.01 0.01
0 0.862205 0.111430 0.01 0.01
0 0.870197 0.124217 0.01 0.01
0 0.877390 0.117824 0.01 0.01
0 0.886980 0.114627 0.01 0.01
0 0.890976 0.125816 0.01 0.01
0 0.883784 0.140201 0.01 0.01
0 0.881386 0.133808 0.01 0.01
0 0.896571 0.141000 0.01 0.01
0 0.910157 0.145796 0.01 0.01
0 0.904563 0.127414 0.01 0.01
0 0.911756 0.137804 0.01 0.01
0 0.918948 0.143398 0.01 0.01
0 0.927740 0.124217 0.01 0.01
0 0.931736 0.130611 0.01 0.01
0 0.938129 0.125016 0.01 0.01
0 0.952515 0.124217 0.01 0.01
0 0.944523 0.107434 0.01 0.01
0 0.934133 0.103438 0.01 0.01
0 0.927740 0.110631 0.01 0.01
0 0.919748 0.106635 0.01 0.01
0 0.912555 0.109032 0.01 0.01
0 0.906960 0.101040 0.01 0.01
0 0.897370 0.104237 0.01 0.01
0 0.883784 0.084257 0.01 0.01
0 0.867800 0.067474 0.01 0.01
0 0.855812 0.067474 0.01 0.01
0 0.842225 0.065076 0.01 0.01
0 0.884583 0.069072 0.01 0.01
0 0.902964 0.067474 0.01 0.01
0 0.911756 0.073068 0.01 0.01
0 0.928539 0.060281 0.01 0.01
0 0.910956 0.053088 0.01 0.01
0 0.920547 0.050691 0.01 0.01
0 0.894972 0.053887 0.01 0.01
0 0.883784 0.050691 0.01 0.01
0 0.874992 0.053887 0.01 0.01
0 0.869398 0.047494 0.01 0.01
0 0.862205 0.041100 0.01 0.01
0 0.859008 0.048293 0.01 0.01
0 0.853414 0.057084 0.01 0.01
0 0.839028 0.056285 0.01 0.01
0 0.848619 0.037903 0.01 0.01
0 0.825442 0.045096 0.01 0.01
0 0.813454 0.043498 0.01 0.01
0 0.811855 0.033108 0.01 0.01
0 0.803863 0.035506 0.01 0.01
0 0.800667 0.042699 0.01 0.01
0 0.772695 0.058683 0.01 0.01
0 0.787879 0.044297 0.01 0.01
0 0.787080 0.037903 0.01 0.01
0 0.765502 0.044297 0.01 0.01
0 0.775092 0.035506 0.01 0.01
0 0.753514 0.041100 0.01 0.01
0 0.935732 0.137004 0.01 0.01
0 0.950916 0.143398 0.01 0.01
0 0.950916 0.133808 0.01 0.01
0 0.959708 0.135406 0.01 0.01
0 0.960507 0.142599 0.01 0.01
0 0.970097 0.133808 0.01 0.01
0 0.970097 0.127414 0.01 0.01
0 0.964503 0.113828 0.01 0.01
0 0.972495 0.117824 0.01 0.01
0 0.980487 0.095446 0.01 0.01
0 0.968499 0.089052 0.01 0.01
0 0.954113 0.087454 0.01 0.01
0 0.949318 0.075466 0.01 0.01
0 0.979688 0.079462 0.01 0.01
0 0.952515 0.065875 0.01 0.01
0 0.947720 0.050691 0.01 0.01
0 0.942924 0.055486 0.01 0.01
0 0.959708 0.051490 0.01 0.01
0 0.963704 0.052289 0.01 0.01
0 0.973294 0.057084 0.01 0.01
0 0.986081 0.059482 0.01 0.01
0 1.002864 0.060281 0.01 0.01
0 1.022045 0.056285 0.01 0.01
0 0.994073 0.053887 0.01 0.01
0 1.001266 0.105835 0.01 0.01
0 0.992475 0.109032 0.01 0.01
0 0.995672 0.113828 0.01 0.01
0 0.991676 0.121820 0.01 0.01
0 0.990077 0.132209 0.01 0.01
0 0.982884 0.139402 0.01 0.01
0 0.986081 0.146595 0.01 0.01
0 0.996471 0.146595 0.01 0.01
0 0.992475 0.137804 0.01 0.01
0 1.022844 0.148992 0.01 0.01
0 1.017250 0.126615 0.01 0.01
0 1.022844 0.116225 0.01 0.01
0 1.014053 0.108233 0.01 0.01
0 1.017250 0.093048 0.01 0.01
0 1.034833 0.093847 0.01 0.01
0 1.029238 0.081859 0.01 0.01
0 0.994872 0.094647 0.01 0.01
0 1.006061 0.090651 0.01 0.01
0 1.044423 0.094647 0.01 0.01
0 1.034033 0.105036 0.01 0.01
0 1.043624 0.108233 0.01 0.01
0 1.046821 0.117024 0.01 0.01
0 1.047620 0.124217 0.01 0.01
0 1.047620 0.130611 0.01 0.01
0 1.049218 0.142599 0.01 0.01
0 1.033234 0.141800 0.01 0.01
0 1.064403 0.137004 0.01 0.01
0 1.059608 0.140201 0.01 0.01
0 1.056411 0.127414 0.01 0.01
0 1.053214 0.113028 0.01 0.01
0 1.054013 0.103438 0.01 0.01
0 1.053214 0.087454 0.01 0.01
0 1.058009 0.089052 0.01 0.01
0 1.062005 0.095446 0.01 0.01
0 1.069198 0.081859 0.01 0.01
0 1.077989 0.081060 0.01 0.01
0 1.080387 0.098643 0.01 0.01
0 1.094773 0.097843 0.01 0.01
0 1.078789 0.109032 0.01 0.01
0 1.070797 0.111430 0.01 0.01
0 1.064403 0.114627 0.01 0.01
0 1.062005 0.105835 0.01 0.01
0 1.075592 0.168173 0.01 0.01
0 1.070797 0.158583 0.01 0.01
0 1.071596 0.146595 0.01 0.01
0 1.092375 0.172169 0.01 0.01
0 1.089977 0.156185 0.01 0.01
0 1.101166 0.146595 0.01 0.01
0 1.111556 0.153788 0.01 0.01
0 1.113953 0.157784 0.01 0.01
0 1.121945 0.165776 0.01 0.01
0 1.113953 0.180960 0.01 0.01
0 1.133933 0.172968 0.01 0.01
0 1.145921 0.166575 0.01 0.01
0 1.155512 0.156185 0.01 0.01
0 1.149118 0.146595 0.01 0.01
0 1.121945 0.137804 0.01 0.01
0 1.109158 0.105835 0.01 0.01
0 1.104363 0.095446 0.01 0.01
0 1.120347 0.103438 0.01 0.01
0 1.124343 0.095446 0.01 0.01
0 1.126741 0.087454 0.01 0.01
0 1.129937 0.079462 0.01 0.01
0 1.137130 0.090651 0.01 0.01
0 1.139528 0.079462 0.01 0.01
0 1.106761 0.085056 0.01 0.01
0 1.100367 0.085056 0.01 0.01
0 1.093973 0.085056 0.01 0.01
0 1.091576 0.063478 0.01 0.01
0 1.097969 0.064277 0.01 0.01
0 1.101166 0.056285 0.01 0.01
0 1.076391 0.061879 0.01 0.01
0 1.068399 0.060281 0.01 0.01
0 1.042825 0.053887 0.01 0.01
0 1.118749 0.061879 0.01 0.01
0 1.135532 0.069072 0.01 0.01
0 1.137929 0.060281 0.01 0.01
0 1.129138 0.053887 0.01 0.01
0 1.128339 0.048293 0.01 0.01
0 1.119548 0.051490 0.01 0.01
0 1.111556 0.054687 0.01 0.01
0 1.109158 0.057084 0.01 0.01
0 1.071596 0.227314 0.01 0.01
0 1.062805 0.219322 0.01 0.01
0 1.088379 0.219322 0.01 0.01
0 1.093973 0.238503 0.01 0.01
0 1.078789 0.246495 0.01 0.01
0 1.074793 0.264876 0.01 0.01
0 1.066801 0.290451 0.01 0.01
0 1.078789 0.289652 0.01 0.01
0 1.098769 0.277664 0.01 0.01
0 1.097170 0.288852 0.01 0.01
0 1.113953 0.280860 0.01 0.01
0 1.116351 0.261680 0.01 0.01
0 1.097969 0.252888 0.01 0.01
0 1.126741 0.242499 0.01 0.01
0 1.120347 0.222519 0.01 0.01
0 1.124343 0.203338 0.01 0.01
0 1.140327 0.208932 0.01 0.01
0 1.154713 0.211330 0.01 0.01
0 1.154713 0.230511 0.01 0.01
0 1.145921 0.256884 0.01 0.01
0 1.157110 0.282459 0.01 0.01
0 1.109957 0.308033 0.01 0.01
0 1.106761 0.316825 0.01 0.01
0 1.069598 0.555704 0.01 0.01
0 1.060007 0.549310 0.01 0.01
0 1.071995 0.530130 0.01 0.01
0 1.061606 0.512547 0.01 0.01
0 1.054413 0.494965 0.01 0.01
0 1.079188 0.487772 0.01 0.01
0 1.090377 0.473386 0.01 0.01
0 1.095971 0.410249 0.01 0.01
0 1.072795 0.392667 0.01 0.01
0 1.082385 0.373486 0.01 0.01
0 1.069598 0.372687 0.01 0.01
0 1.063204 0.357502 0.01 0.01
0 1.069598 0.344715 0.01 0.01
0 1.074393 0.337522 0.01 0.01
0 1.090377 0.321538 0.01 0.01
0 1.082385 0.315145 0.01 0.01
0 1.135931 0.331928 0.01 0.01
0 1.139128 0.363896 0.01 0.01
0 1.149518 0.363896 0.01 0.01
0 1.128739 0.383077 0.01 0.01
0 1.121546 0.396663 0.01 0.01
0 1.170297 0.395864 0.01 0.01
0 1.166301 0.370289 0.01 0.01
0 1.188679 0.355105 0.01 0.01
0 1.211855 0.374285 0.01 0.01
0 1.194273 0.462997 0.01 0.01
0 1.170297 0.468591 0.01 0.01
0 1.122345 0.494166 0.01 0.01
0 1.103164 0.519740 0.01 0.01
0 1.087979 0.514945 0.01 0.01
0 1.091975 0.564495 0.01 0.01
0 1.083184 0.542118 0.01 0.01
0 1.114353 0.553306 0.01 0.01
0 1.111156 0.538921 0.01 0.01
0 1.130337 0.526134 0.01 0.01
0 1.149518 0.538921 0.01 0.01
0 1.131935 0.542917 0.01 0.01
0 1.154313 0.517342 0.01 0.01
0 1.166301 0.502957 0.01 0.01
0 1.144723 0.506953 0.01 0.01
0 1.167100 0.530929 0.01 0.01
0 1.171096 0.556503 0.01 0.01
0 1.189478 0.542118 0.01 0.01
0 1.202265 0.532527 0.01 0.01
0 1.217450 0.522937 0.01 0.01
0 1.218249 0.537322 0.01 0.01
0 1.242225 0.535724 0.01 0.01
0 1.234233 0.509350 0.01 0.01
0 1.247020 0.510150 0.01 0.01
0 1.245422 0.482977 0.01 0.01
0 1.225442 0.490169 0.01 0.01
0 1.209458 0.475784 0.01 0.01
0 1.191076 0.506953 0.01 0.01
0 1.175092 0.485374 0.01 0.01
0 1.219847 0.401458 0.01 0.01
0 1.245422 0.375884 0.01 0.01
0 1.265402 0.389470 0.01 0.01
0 1.286980 0.399061 0.01 0.01
0 1.280587 0.379081 0.01 0.01
0 1.263004 0.361498 0.01 0.01
0 1.258209 0.368691 0.01 0.01
0 1.241426 0.347113 0.01 0.01
0 1.232635 0.351109 0.01 0.01
0 1.219847 0.334325 0.01 0.01
0 1.223044 0.323936 0.01 0.01
0 1.223843 0.315145 0.01 0.01
0 1.216651 0.298361 0.01 0.01
0 1.207060 0.311149 0.01 0.01
0 1.195072 0.293566 0.01 0.01
0 1.187879 0.311149 0.01 0.01
0 1.181486 0.327932 0.01 0.01
0 1.163903 0.308751 0.01 0.01
0 1.181486 0.292767 0.01 0.01
0 1.170297 0.286373 0.01 0.01
0 1.160707 0.249610 0.01 0.01
0 1.182285 0.256803 0.01 0.01
0 1.181486 0.241618 0.01 0.01
0 1.181486 0.225634 0.01 0.01
0 1.163903 0.218441 0.01 0.01
0 1.175891 0.177682 0.01 0.01
0 1.165502 0.161698 0.01 0.01
0 1.182285 0.208851 0.01 0.01
0 1.193474 0.210449 0.01 0.01
0 1.192675 0.220040 0.01 0.01
0 1.203863 0.240020 0.01 0.01
0 1.224643 0.236024 0.01 0.01
0 1.221446 0.279980 0.01 0.01
0 1.237430 0.283976 0.01 0.01
0 1.203863 0.286373 0.01 0.01
0 1.235032 0.301558 0.01 0.01
0 1.256611 0.299161 0.01 0.01
0 1.257410 0.287172 0.01 0.01
0 1.259808 0.275184 0.01 0.01
0 1.278189 0.252807 0.01 0.01
0 1.239028 0.255204 0.01 0.01
0 1.247020 0.243216 0.01 0.01
0 1.249418 0.234425 0.01 0.01
0 1.251816 0.216044 0.01 0.01
0 1.251816 0.196863 0.01 0.01
0 1.234233 0.190469 0.01 0.01
0 1.232635 0.215244 0.01 0.01
0 1.217450 0.216044 0.01 0.01
0 1.206261 0.171288 0.01 0.01
0 1.219847 0.173686 0.01 0.01
0 1.248619 0.180080 0.01 0.01
0 1.248619 0.164895 0.01 0.01
0 1.207859 0.190469 0.01 0.01
0 1.187879 0.164895 0.01 0.01
0 1.175092 0.160899 0.01 0.01
0 1.185482 0.149710 0.01 0.01
0 1.187080 0.129730 0.01 0.01
0 1.171895 0.132128 0.01 0.01
0 1.164703 0.108951 0.01 0.01
0 1.155112 0.104156 0.01 0.01
0 1.162305 0.078581 0.01 0.01
0 1.180687 0.097762 0.01 0.01
0 1.290177 0.282377 0.01 0.01
0 1.273394 0.268791 0.01 0.01
0 1.254213 0.254405 0.01 0.01
0 1.269398 0.245614 0.01 0.01
0 1.274992 0.241618 0.01 0.01
0 1.288579 0.230429 0.01 0.01
0 1.301366 0.232028 0.01 0.01
0 1.264603 0.228831 0.01 0.01
0 1.262205 0.207252 0.01 0.01
0 1.269398 0.176084 0.01 0.01
0 1.301366 0.171288 0.01 0.01
0 1.274193 0.203256 0.01 0.01
0 1.280587 0.214445 0.01 0.01
0 1.286181 0.198461 0.01 0.01
0 1.301366 0.212847 0.01 0.01
0 1.310956 0.221638 0.01 0.01
0 1.324543 0.229630 0.01 0.01
0 1.326141 0.222437 0.01 0.01
0 1.334133 0.228831 0.01 0.01
0 1.335732 0.216044 0.01 0.01
0 1.328539 0.212048 0.01 0.01
0 1.334932 0.204855 0.01 0.01
0 1.316551 0.196064 0.01 0.01
0 1.350117 0.188072 0.01 0.01
0 1.331736 0.168092 0.01 0.01
0 1.318948 0.170489 0.01 0.01
0 1.286181 0.156903 0.01 0.01
0 1.290177 0.168891 0.01 0.01
0 1.303764 0.272787 0.01 0.01
0 1.317350 0.275984 0.01 0.01
0 1.334133 0.248012 0.01 0.01
0 1.351716 0.244815 0.01 0.01
0 1.347720 0.226433 0.01 0.01
0 1.366101 0.231228 0.01 0.01
0 1.370097 0.243216 0.01 0.01
0 1.392475 0.248012 0.01 0.01
0 1.385282 0.235224 0.01 0.01
0 1.374892 0.217642 0.01 0.01
0 1.370097 0.196863 0.01 0.01
0 1.405262 0.208851 0.01 0.01
0 1.395672 0.220040 0.01 0.01
0 1.400467 0.236823 0.01 0.01
0 1.408459 0.234425 0.01 0.01
0 1.391676 0.262397 0.01 0.01
0 1.384483 0.261598 0.01 0.01
0 1.361306 0.264795 0.01 0.01
0 1.342924 0.267192 0.01 0.01
0 1.346121 0.287972 0.01 0.01
0 1.334133 0.279980 0.01 0.01
0 1.293374 0.296763 0.01 0.01
0 1.280587 0.307153 0.01 0.01
0 1.268599 0.319940 0.01 0.01
0 1.255812 0.326333 0.01 0.01
0 1.272595 0.301558 0.01 0.01
0 1.286980 0.327932 0.01 0.01
0 1.272595 0.347113 0.01 0.01
0 1.299768 0.319141 0.01 0.01
0 1.309358 0.308751 0.01 0.01
0 1.328539 0.318341 0.01 0.01
0 1.334932 0.334325 0.01 0.01
0 1.306960 0.340719 0.01 0.01
0 1.302165 0.357502 0.01 0.01
0 1.318948 0.363097 0.01 0.01
0 1.336531 0.358301 0.01 0.01
0 1.312555 0.385474 0.01 0.01
0 1.322944 0.390269 0.01 0.01
0 1.353314 0.375884 0.01 0.01
0 1.363704 0.371888 0.01 0.01
0 1.370097 0.379081 0.01 0.01
0 1.367700 0.361498 0.01 0.01
0 1.366900 0.343916 0.01 0.01
0 1.366900 0.331928 0.01 0.01
0 1.354912 0.316743 0.01 0.01
0 1.365302 0.299161 0.01 0.01
0 1.359708 0.303157 0.01 0.01
0 1.345322 0.298361 0.01 0.01
0 1.354113 0.292767 0.01 0.01
0 1.374093 0.284775 0.01 0.01
0 1.378888 0.299161 0.01 0.01
0 1.376491 0.306353 0.01 0.01
0 1.390876 0.288771 0.01 0.01
0 1.405262 0.294365 0.01 0.01
0 1.388479 0.320739 0.01 0.01
0 1.408459 0.316743 0.01 0.01
0 1.397270 0.339121 0.01 0.01
0 1.398069 0.350309 0.01 0.01
0 1.394872 0.375884 0.01 0.01
0 1.417250 0.379880 0.01 0.01
0 1.444423 0.368691 0.01 0.01
0 1.421246 0.355105 0.01 0.01
0 1.418049 0.331129 0.01 0.01
0 1.455612 0.334325 0.01 0.01
0 1.442025 0.325534 0.01 0.01
0 1.436431 0.302357 0.01 0.01
0 1.454813 0.312747 0.01 0.01
0 1.458809 0.320739 0.01 0.01
0 1.447620 0.296763 0.01 0.01
0 1.437230 0.283176 0.01 0.01
0 1.430836 0.275984 0.01 0.01
0 1.422844 0.271988 0.01 0.01
0 1.422045 0.263996 0.01 0.01
0 1.417250 0.249610 0.01 0.01
0 1.433234 0.257602 0.01 0.01
0 1.438029 0.238421 0.01 0.01
0 1.449218 0.228831 0.01 0.01
0 1.434033 0.223236 0.01 0.01
0 1.430836 0.216843 0.01 0.01
0 1.421246 0.216044 0.01 0.01
0 1.420447 0.232028 0.01 0.01
0 1.455612 0.203256 0.01 0.01
0 1.442825 0.206453 0.01 0.01
0 1.441226 0.199260 0.01 0.01
0 1.450017 0.187272 0.01 0.01
0 1.440427 0.177682 0.01 0.01
0 1.416451 0.175284 0.01 0.01
0 1.407660 0.188072 0.01 0.01
0 1.391676 0.194465 0.01 0.01
0 1.388479 0.171288 0.01 0.01
0 1.414852 0.167292 0.01 0.01
0 1.414852 0.157702 0.01 0.01
0 1.398868 0.160100 0.01 0.01
0 1.396471 0.139320 0.01 0.01
0 1.386880 0.146513 0.01 0.01
0 1.368499 0.164096 0.01 0.01
0 1.344523 0.159300 0.01 0.01
0 1.340527 0.144116 0.01 0.01
0 1.347720 0.137722 0.01 0.01
0 1.337330 0.132927 0.01 0.01
0 1.269398 0.562098 0.01 0.01
0 1.297370 0.562897 0.01 0.01
0 1.279788 0.526933 0.01 0.01
0 1.262205 0.510150 0.01 0.01
0 1.268599 0.498162 0.01 0.01
0 1.290177 0.442217 0.01 0.01
0 1.325342 0.425434 0.01 0.01
0 1.342125 0.407852 0.01 0.01
0 1.318948 0.489370 0.01 0.01
0 1.314153 0.499760 0.01 0.01
0 1.296571 0.512547 0.01 0.01
0 1.308559 0.521338 0.01 0.01
0 1.325342 0.529330 0.01 0.01
0 1.325342 0.510949 0.01 0.01
0 1.350916 0.546913 0.01 0.01
0 1.324543 0.552507 0.01 0.01
0 1.302165 0.542917 0.01 0.01
0 1.331736 0.562897 0.01 0.01
0 1.325342 0.570090 0.01 0.01
0 1.390077 0.551708 0.01 0.01
0 1.391676 0.526134 0.01 0.01
0 1.354113 0.536523 0.01 0.01
0 1.363704 0.516543 0.01 0.01
0 1.352515 0.468591 0.01 0.01
0 1.366900 0.445414 0.01 0.01
0 1.379688 0.467792 0.01 0.01
0 1.386081 0.478181 0.01 0.01
0 1.410057 0.489370 0.01 0.01
0 1.416451 0.493366 0.01 0.01
0 1.396471 0.423836 0.01 0.01
0 1.427640 0.419041 0.01 0.01
0 1.460407 0.406253 0.01 0.01
0 1.452415 0.391868 0.01 0.01
0 1.469198 0.381478 0.01 0.01
0 1.482785 0.401458 0.01 0.01
0 1.480387 0.377482 0.01 0.01
0 1.488379 0.375085 0.01 0.01
0 1.472395 0.359900 0.01 0.01
0 1.469198 0.339920 0.01 0.01
0 1.484383 0.339920 0.01 0.01
0 1.479588 0.327932 0.01 0.01
0 1.470797 0.314345 0.01 0.01
0 1.480387 0.311149 0.01 0.01
0 1.470797 0.305554 0.01 0.01
0 1.490777 0.311149 0.01 0.01
0 1.491576 0.325534 0.01 0.01
0 1.505162 0.318341 0.01 0.01
0 1.494773 0.340719 0.01 0.01
0 1.504363 0.355904 0.01 0.01
0 1.513953 0.379081 0.01 0.01
0 1.524343 0.382277 0.01 0.01
0 1.531536 0.361498 0.01 0.01
0 1.533134 0.343916 0.01 0.01
0 1.517150 0.348711 0.01 0.01
0 1.561106 0.379081 0.01 0.01
0 1.544323 0.379081 0.01 0.01
0 1.525142 0.407053 0.01 0.01
0 1.505961 0.399061 0.01 0.01
0 1.481186 0.448611 0.01 0.01
0 1.538729 0.415844 0.01 0.01
0 1.555512 0.401458 0.01 0.01
0 1.571496 0.406253 0.01 0.01
0 1.585881 0.418241 0.01 0.01
0 1.565102 0.529330 0.01 0.01
0 1.528339 0.545314 0.01 0.01
0 1.524343 0.522138 0.01 0.01
0 1.490777 0.522138 0.01 0.01
0 1.462805 0.529330 0.01 0.01
0 1.446021 0.508551 0.01 0.01
0 1.422844 0.506953 0.01 0.01
0 1.446821 0.484575 0.01 0.01
0 1.421246 0.521338 0.01 0.01
0 1.422045 0.546114 0.01 0.01
0 1.440427 0.534925 0.01 0.01
0 1.444423 0.551708 0.01 0.01
0 1.424443 0.573286 0.01 0.01
0 1.469198 0.548511 0.01 0.01
0 1.507560 0.553306 0.01 0.01
0 1.537929 0.570090 0.01 0.01
0 1.560307 0.519022 0.01 0.01
0 1.561106 0.439901 0.01 0.01
0 1.525941 0.447893 0.01 0.01
0 1.573893 0.363178 0.01 0.01
0 1.553114 0.358383 0.01 0.01
0 1.555512 0.345596 0.01 0.01
0 1.567500 0.346395 0.01 0.01
0 1.577090 0.343198 0.01 0.01
0 1.585082 0.317624 0.01 0.01
0 1.555512 0.323218 0.01 0.01
0 1.537929 0.325616 0.01 0.01
0 1.513953 0.331210 0.01 0.01
0 1.521146 0.319222 0.01 0.01
0 1.531536 0.304836 0.01 0.01
0 1.517150 0.304037 0.01 0.01
0 1.483584 0.301640 0.01 0.01
0 1.467600 0.281660 0.01 0.01
0 1.466801 0.268073 0.01 0.01
0 1.456411 0.256884 0.01 0.01
0 1.455612 0.248093 0.01 0.01
0 1.464403 0.240900 0.01 0.01
0 1.465202 0.226515 0.01 0.01
0 1.473194 0.220920 0.01 0.01
0 1.486781 0.219322 0.01 0.01
0 1.497969 0.224916 0.01 0.01
0 1.499568 0.232109 0.01 0.01
0 1.498769 0.236904 0.01 0.01
0 1.486781 0.247294 0.01 0.01
0 1.489977 0.265676 0.01 0.01
0 1.483584 0.236904 0.01 0.01
0 1.525142 0.254487 0.01 0.01
0 1.525142 0.244896 0.01 0.01
0 1.521146 0.231310 0.01 0.01
0 1.508359 0.223318 0.01 0.01
0 1.504363 0.209732 0.01 0.01
0 1.524343 0.215326 0.01 0.01
0 1.533134 0.220920 0.01 0.01
0 1.534733 0.232908 0.01 0.01
0 1.534733 0.238503 0.01 0.01
0 1.538729 0.248093 0.01 0.01
0 1.537929 0.262479 0.01 0.01
0 1.552315 0.266475 0.01 0.01
0 1.541126 0.272868 0.01 0.01
0 1.540327 0.285656 0.01 0.01
0 1.529937 0.290451 0.01 0.01
0 1.550717 0.290451 0.01 0.01
0 1.549917 0.298443 0.01 0.01
0 1.563504 0.290451 0.01 0.01
0 1.574693 0.288852 0.01 0.01
0 1.561905 0.278463 0.01 0.01
0 1.564303 0.269672 0.01 0.01
0 1.576291 0.269672 0.01 0.01
0 1.565102 0.260081 0.01 0.01
0 1.581885 0.263278 0.01 0.01
0 1.541126 0.204936 0.01 0.01
0 1.549118 0.196145 0.01 0.01
0 1.554713 0.191350 0.01 0.01
0 1.549118 0.212928 0.01 0.01
0 1.557110 0.221720 0.01 0.01
0 1.557110 0.229712 0.01 0.01
0 1.549917 0.237704 0.01 0.01
0 1.569897 0.237704 0.01 0.01
0 1.561905 0.248892 0.01 0.01
0 1.580287 0.248892 0.01 0.01
0 1.595472 0.259282 0.01 0.01
0 1.597869 0.272868 0.01 0.01
0 1.593873 0.282459 0.01 0.01
0 1.594673 0.292848 0.01 0.01
0 1.597070 0.218523 0.01 0.01
0 1.580287 0.199342 0.01 0.01
0 1.569098 0.200141 0.01 0.01
0 1.577090 0.185756 0.01 0.01
0 1.578689 0.175366 0.01 0.01
0 1.566701 0.168173 0.01 0.01
0 1.574693 0.148193 0.01 0.01
0 1.590677 0.157784 0.01 0.01
0 1.584283 0.141800 0.01 0.01
0 1.594673 0.144996 0.01 0.01
0 1.587480 0.129812 0.01 0.01
0 1.585881 0.113828 0.01 0.01
0 1.567500 0.069072 0.01 0.01
0 1.579488 0.074667 0.01 0.01
0 1.575492 0.060281 0.01 0.01
0 1.537130 0.180161 0.01 0.01
0 1.545921 0.185756 0.01 0.01
0 1.513154 0.177764 0.01 0.01
0 1.520347 0.171370 0.01 0.01
0 1.494773 0.166575 0.01 0.01
0 1.498769 0.174567 0.01 0.01
0 1.488379 0.179362 0.01 0.01
0 1.479588 0.196145 0.01 0.01
0 1.464403 0.180161 0.01 0.01
0 1.469198 0.167374 0.01 0.01
0 1.469198 0.154587 0.01 0.01
0 1.463604 0.141800 0.01 0.01
0 1.443624 0.160181 0.01 0.01
0 1.428439 0.151390 0.01 0.01
0 1.421246 0.146595 0.01 0.01
0 1.413254 0.137804 0.01 0.01
0 1.239828 0.132209 0.01 0.01
0 1.215851 0.130611 0.01 0.01
0 1.207859 0.146595 0.01 0.01
0 1.218249 0.143398 0.01 0.01
0 1.206261 0.160181 0.01 0.01
0 1.195072 0.117824 0.01 0.01
0 1.175891 0.074667 0.01 0.01
0 1.160707 0.061080 0.01 0.01
0 1.277390 0.148992 0.01 0.01
0 1.293374 0.131410 0.01 0.01
0 1.267000 0.117824 0.01 0.01
0 1.259808 0.113828 0.01 0.01
0 1.253414 0.105036 0.01 0.01
0 1.297370 0.094647 0.01 0.01
0 1.293374 0.109832 0.01 0.01
0 1.281386 0.105835 0.01 0.01
0 1.274193 0.101040 0.01 0.01
0 1.216651 0.046695 0.01 0.01
0 1.207060 0.044297 0.01 0.01
0 1.184683 0.070671 0.01 0.01
0 1.177490 0.060281 0.01 0.01
0 1.258209 0.092249 0.01 0.01
0 1.248619 0.085855 0.01 0.01
0 1.235032 0.082659 0.01 0.01
0 1.338129 0.095446 0.01 0.01
0 1.317350 0.073068 0.01 0.01
0 1.284583 0.085855 0.01 0.01
0 1.286980 0.093847 0.01 0.01
0 1.273394 0.088253 0.01 0.01
0 1.261406 0.081060 0.01 0.01
0 1.275792 0.073068 0.01 0.01
0 1.255812 0.073068 0.01 0.01
0 1.255812 0.062679 0.01 0.01
0 1.243824 0.062679 0.01 0.01
0 1.246221 0.057084 0.01 0.01
0 1.319748 0.095446 0.01 0.01
0 1.301366 0.079462 0.01 0.01
0 1.490777 0.150591 0.01 0.01
0 1.484383 0.140201 0.01 0.01
0 1.513953 0.154587 0.01 0.01
0 1.529138 0.153788 0.01 0.01
0 1.510757 0.137804 0.01 0.01
0 1.502765 0.137004 0.01 0.01
0 1.493174 0.136205 0.01 0.01
0 1.402065 0.118623 0.01 0.01
0 1.391676 0.117024 0.01 0.01
0 1.381286 0.126615 0.01 0.01
0 1.371696 0.122619 0.01 0.01
0 1.369298 0.137004 0.01 0.01
0 1.360507 0.137804 0.01 0.01
0 1.107959 0.048293 0.01 0.01
0 1.181486 0.049891 0.01 0.01
0 1.167100 0.053887 0.01 0.01
0 1.316551 0.081859 0.01 0.01
0 1.323744 0.081859 0.01 0.01
0 1.340527 0.084257 0.01 0.01
0 1.350117 0.079462 0.01 0.01
0 1.340527 0.076265 0.01 0.01
0 1.330936 0.071470 0.01 0.01
0 1.356511 0.072269 0.01 0.01
0 1.361306 0.086655 0.01 0.01
0 1.352515 0.115426 0.01 0.01
0 1.363704 0.105036 0.01 0.01
0 1.422045 0.127414 0.01 0.01
0 1.435632 0.121020 0.01 0.01
0 1.427640 0.117824 0.01 0.01
0 1.428439 0.105036 0.01 0.01
0 1.434033 0.095446 0.01 0.01
0 1.414852 0.090651 0.01 0.01
0 1.406061 0.097044 0.01 0.01
0 1.401266 0.105036 0.01 0.01
0 1.386081 0.101040 0.01 0.01
0 1.377290 0.093048 0.01 0.01
0 1.383684 0.093048 0.01 0.01
0 1.390876 0.087454 0.01 0.01
0 1.383684 0.082659 0.01 0.01
0 1.493174 0.097044 0.01 0.01
0 1.491576 0.069871 0.01 0.01
0 1.514753 0.078663 0.01 0.01
0 1.526741 0.117824 0.01 0.01
0 1.502765 0.101839 0.01 0.01
0 1.457210 0.104237 0.01 0.01
0 1.465202 0.097044 0.01 0.01
0 1.457210 0.079462 0.01 0.01
0 1.444423 0.087454 0.01 0.01
0 1.437230 0.085056 0.01 0.01
0 1.422844 0.078663 0.01 0.01
0 1.409258 0.076265 0.01 0.01
0 1.404463 0.065076 0.01 0.01
0 1.430836 0.054687 0.01 0.01
0 1.328539 0.061879 0.01 0.01
0 1.335732 0.065076 0.01 0.01
0 1.318948 0.060281 0.01 0.01
0 1.312555 0.064277 0.01 0.01
0 1.309358 0.063478 0.01 0.01
0 1.300567 0.063478 0.01 0.01
0 1.296571 0.065076 0.01 0.01
0 1.295772 0.037903 0.01 0.01
0 1.284583 0.065076 0.01 0.01
0 1.227839 0.040301 0.01 0.01
0 1.235832 0.033907 0.01 0.01
0 1.234233 0.028313 0.01 0.01
0 1.230237 0.031510 0.01 0.01
0 1.219847 0.029112 0.01 0.01
0 1.194273 0.036305 0.01 0.01
0 1.191076 0.037903 0.01 0.01
0 1.084783 0.053088 0.01 0.01
0 1.072795 0.051490 0.01 0.01
0 1.064803 0.048293 0.01 0.01
0 1.055212 0.050691 0.01 0.01
0 1.050417 0.047494 0.01 0.01
0 1.036831 0.041100 0.01 0.01
0 1.028838 0.042699 0.01 0.01
0 1.024842 0.045895 0.01 0.01
0 1.016850 0.043498 0.01 0.01
0 1.008059 0.050691 0.01 0.01
0 0.993674 0.046695 0.01 0.01
0 1.007260 0.037104 0.01 0.01
0 1.344523 0.054687 0.01 0.01
0 1.331736 0.029112 0.01 0.01
0 1.322145 0.029112 0.01 0.01
0 1.310157 0.022719 0.01 0.01
0 1.315752 0.044297 0.01 0.01
0 1.318149 0.047494 0.01 0.01
0 1.524343 0.101040 0.01 0.01
0 1.565102 0.140201 0.01 0.01
0 1.529937 0.132209 0.01 0.01
0 1.525142 0.130611 0.01 0.01
0 1.514753 0.119422 0.01 0.01
0 1.469198 0.130611 0.01 0.01
0 1.477989 0.092249 0.01 0.01
0 1.466801 0.088253 0.01 0.01
0 1.376491 0.053887 0.01 0.01
0 1.363704 0.064277 0.01 0.01
0 1.357310 0.055486 0.01 0.01
0 1.355712 0.061879 0.01 0.01
0 1.394073 0.074667 0.01 0.01
0 1.373294 0.078663 0.01 0.01
0 1.094773 0.043498 0.01 0.01
0 1.078789 0.043498 0.01 0.01
0 1.070797 0.039502 0.01 0.01
0 1.057210 0.041100 0.01 0.01
0 1.117949 0.040301 0.01 0.01
0 1.103564 0.039502 0.01 0.01
0 1.111556 0.045096 0.01 0.01
0 1.136331 0.042699 0.01 0.01
0 1.149917 0.021919 0.01 0.01
0 1.126741 0.035506 0.01 0.01
0 1.132335 0.030711 0.01 0.01
0 1.165901 0.025116 0.01 0.01
0 1.171496 0.021919 0.01 0.01
0 1.177889 0.009132 0.01 0.01
0 1.190677 0.009931 0.01 0.01
0 1.197070 0.009132 0.01 0.01
0 1.197070 0.025915 0.01 0.01
0 1.202665 0.025915 0.01 0.01
0 1.213054 0.018723 0.01 0.01
0 1.177090 0.028313 0.01 0.01
0 1.168299 0.036305 0.01 0.01
0 1.170697 0.047494 0.01 0.01
0 1.178689 0.039502 0.01 0.01
0 1.228239 0.005935 0.01 0.01
0 1.228239 0.017923 0.01 0.01
0 1.272994 0.037104 0.01 0.01
0 1.248219 0.037104 0.01 0.01
0 1.248219 0.047494 0.01 0.01
0 1.235432 0.047494 0.01 0.01
0 1.237030 0.057084 0.01 0.01
0 1.238629 0.068273 0.01 0.01
0 1.347720 0.045895 0.01 0.01
0 1.354113 0.036305 0.01 0.01
0 1.346121 0.032309 0.01 0.01
0 1.350916 0.029112 0.01 0.01
0 1.366900 0.035506 0.01 0.01
0 1.373294 0.040301 0.01 0.01
0 1.366900 0.045096 0.01 0.01
0 1.376491 0.045895 0.01 0.01
0 1.385282 0.050691 0.01 0.01
0 1.390077 0.029911 0.01 0.01
0 1.380487 0.025915 0.01 0.01
0 1.398868 0.025116 0.01 0.01
0 1.417250 0.036305 0.01 0.01
0 1.525941 0.084257 0.01 0.01
0 1.531536 0.081859 0.01 0.01
0 1.597070 0.028313 0.01 0.01
0 1.554713 0.031510 0.01 0.01
0 0.218049 0.017128 0.01 0.01
0 0.227640 0.017927 0.01 0.01
0 0.235632 0.025919 0.01 0.01
0 0.243624 0.025120 0.01 0.01
0 0.250017 0.012333 0.01 0.01
0 0.270797 0.007537 0.01 0.01
0 0.263604 0.021923 0.01 0.01
0 0.258809 0.033911 0.01 0.01
0 0.250817 0.041104 0.01 0.01
0 0.245222 0.037108 0.01 0.01
0 0.229238 0.037907 0.01 0.01
0 0.289178 0.045899 0.01 0.01
0 0.385881 0.038706 0.01 0.01
0 0.373094 0.049096 0.01 0.01
0 0.389877 0.047498 0.01 0.01
0 0.392275 0.038706 0.01 0.01
0 0.392275 0.032313 0.01 0.01
0 0.409857 0.029915 0.01 0.01
0 0.413054 0.019525 0.01 0.01
0 0.400267 0.010734 0.01 0.01
0 0.424243 0.026718 0.01 0.01
0 0.423444 0.030714 0.01 0.01
0 0.425042 0.049096 0.01 0.01
0 0.408259 0.058686 0.01 0.01
0 0.433034 0.037907 0.01 0.01
0 0.443424 0.037907 0.01 0.01
0 0.451416 0.037108 0.01 0.01
0 0.445022 0.027517 0.01 0.01
0 0.431436 0.018726 0.01 0.01
0 0.439428 0.019525 0.01 0.01
0 0.445022 0.014730 0.01 0.01
0 0.454613 0.021923 0.01 0.01
0 0.460207 0.030714 0.01 0.01
0 0.464203 0.034710 0.01 0.01
0 0.472994 0.036309 0.01 0.01
0 0.472195 0.027517 0.01 0.01
0 0.472195 0.014730 0.01 0.01
0 0.480187 0.021124 0.01 0.01
0 0.480986 0.005140 0.01 0.01
0 0.488978 0.009935 0.01 0.01
0 0.499368 0.007537 0.01 0.01
0 0.486581 0.026718 0.01 0.01
0 0.481786 0.035509 0.01 0.01
0 0.489778 0.037108 0.01 0.01
0 0.499368 0.042702 0.01 0.01
0 0.506561 0.040305 0.01 0.01
0 0.503364 0.031513 0.01 0.01
0 0.495372 0.029915 0.01 0.01
0 0.503364 0.021124 0.01 0.01
0 0.511356 0.025120 0.01 0.01
0 0.512155 0.012333 0.01 0.01
0 0.517750 0.018726 0.01 0.01
0 0.524143 0.015529 0.01 0.01
0 0.520946 0.010734 0.01 0.01
0 0.511356 0.005140 0.01 0.01
0 0.529738 0.007537 0.01 0.01
0 0.538529 0.005939 0.01 0.01
0 0.535332 0.020325 0.01 0.01
0 0.527340 0.026718 0.01 0.01
0 0.518549 0.036309 0.01 0.01
0 0.516950 0.043501 0.01 0.01
0 0.525742 0.045100 0.01 0.01
0 0.529738 0.034710 0.01 0.01
0 0.537730 0.036309 0.01 0.01
0 0.544123 0.024321 0.01 0.01
0 0.544123 0.017128 0.01 0.01
0 0.559308 0.018726 0.01 0.01
0 0.556111 0.026718 0.01 0.01
0 0.570497 0.017927 0.01 0.01
0 0.569698 0.011533 0.01 0.01
0 0.564902 0.003541 0.01 0.01
0 0.580087 0.006738 0.01 0.01
0 0.579288 0.013931 0.01 0.01
0 0.575292 0.021923 0.01 0.01
0 0.576091 0.033911 0.01 0.01
0 0.578489 0.043501 0.01 0.01
0 0.558509 0.048297 0.01 0.01
0 0.537730 0.045100 0.01 0.01
0 0.559308 0.037108 0.01 0.01
0 0.561706 0.032313 0.01 0.01
0 0.588079 0.025919 0.01 0.01
0 0.588079 0.016329 0.01 0.01
0 0.597670 0.012333 0.01 0.01
0 0.608059 0.008337 0.01 0.01
0 0.609658 0.017128 0.01 0.01
0 0.600866 0.021923 0.01 0.01
0 0.604063 0.030714 0.01 0.01
0 0.599268 0.038706 0.01 0.01
0 0.604862 0.043501 0.01 0.01
0 0.612055 0.029915 0.01 0.01
0 0.617650 0.026718 0.01 0.01
0 0.622445 0.018726 0.01 0.01
0 0.627240 0.026718 0.01 0.01
0 0.631236 0.017128 0.01 0.01
0 0.623244 0.005939 0.01 0.01
0 0.618449 0.013132 0.01 0.01
0 0.627240 0.033112 0.01 0.01
0 0.641626 0.033911 0.01 0.01
0 0.642425 0.021923 0.01 0.01
0 0.656811 0.020325 0.01 0.01
0 0.653614 0.031513 0.01 0.01
0 0.653614 0.039505 0.01 0.01
0 0.663204 0.037907 0.01 0.01
0 0.663204 0.028317 0.01 0.01
0 0.670397 0.029116 0.01 0.01
0 0.672795 0.037907 0.01 0.01
0 0.675192 0.042702 0.01 0.01
0 0.679987 0.030714 0.01 0.01
0 0.691176 0.030714 0.01 0.01
0 0.654413 0.004341 0.01 0.01
0 0.665602 0.004341 0.01 0.01
0 0.707160 0.010734 0.01 0.01
0 0.719947 0.009935 0.01 0.01
0 0.728739 0.009935 0.01 0.01
0 0.730337 0.005939 0.01 0.01
0 0.740727 0.006738 0.01 0.01
0 0.750317 0.007537 0.01 0.01
0 0.743124 0.023521 0.01 0.01
0 0.726341 0.034710 0.01 0.01
0 0.703963 0.041903 0.01 0.01
0 0.696771 0.048297 0.01 0.01
0 0.688779 0.045899 0.01 0.01
0 0.676791 0.053092 0.01 0.01
0 0.739128 0.034710 0.01 0.01
0 0.743124 0.037108 0.01 0.01
0 0.755112 0.032313 0.01 0.01
0 0.757510 0.025919 0.01 0.01
0 0.766301 0.031513 0.01 0.01
0 0.777490 0.027517 0.01 0.01
0 0.769498 0.024321 0.01 0.01
0 0.760707 0.017128 0.01 0.01
0 0.770297 0.009935 0.01 0.01
0 0.780687 0.016329 0.01 0.01
0 0.786281 0.022722 0.01 0.01
0 0.787080 0.013132 0.01 0.01
0 0.799068 0.019525 0.01 0.01
0 0.802265 0.025919 0.01 0.01
0 0.809458 0.020325 0.01 0.01
0 0.803863 0.011533 0.01 0.01
0 0.793474 0.005939 0.01 0.01
0 0.815851 0.008337 0.01 0.01
0 0.823843 0.013132 0.01 0.01
0 0.822245 0.023521 0.01 0.01
0 0.833434 0.020325 0.01 0.01
0 0.840627 0.014730 0.01 0.01
0 0.840627 0.004341 0.01 0.01
0 0.846221 0.005939 0.01 0.01
0 0.851016 0.011533 0.01 0.01
0 0.860607 0.007537 0.01 0.01
0 0.852615 0.018726 0.01 0.01
0 0.845422 0.025919 0.01 0.01
0 0.831036 0.009935 0.01 0.01
0 0.857410 0.027517 0.01 0.01
0 0.859008 0.018726 0.01 0.01
0 0.874193 0.033112 0.01 0.01
0 0.866201 0.029915 0.01 0.01
0 0.867000 0.017927 0.01 0.01
0 0.877390 0.023521 0.01 0.01
0 0.872595 0.008337 0.01 0.01
0 0.886181 0.010734 0.01 0.01
0 0.891776 0.013931 0.01 0.01
0 0.890177 0.033911 0.01 0.01
0 0.883784 0.036309 0.01 0.01
0 0.902964 0.037108 0.01 0.01
0 0.918948 0.039505 0.01 0.01
0 0.916551 0.029915 0.01 0.01
0 0.920547 0.020325 0.01 0.01
0 0.913354 0.019525 0.01 0.01
0 0.918149 0.013132 0.01 0.01
0 0.906960 0.007537 0.01 0.01
0 0.898169 0.016329 0.01 0.01
0 0.933334 0.017128 0.01 0.01
0 0.933334 0.025919 0.01 0.01
0 0.925342 0.032313 0.01 0.01
0 0.934932 0.033112 0.01 0.01
0 0.940527 0.026718 0.01 0.01
0 0.941326 0.019525 0.01 0.01
0 0.927740 0.008337 0.01 0.01
0 0.917350 0.005140 0.01 0.01
0 0.941326 0.007537 0.01 0.01
0 0.956511 0.006738 0.01 0.01
0 0.957310 0.016329 0.01 0.01
0 0.972495 0.018726 0.01 0.01
0 0.967700 0.013931 0.01 0.01
0 0.963704 0.029116 0.01 0.01
0 0.944523 0.041104 0.01 0.01
0 0.935732 0.041903 0.01 0.01
0 0.929338 0.041903 0.01 0.01
0 0.958109 0.039505 0.01 0.01
0 0.966101 0.045899 0.01 0.01
0 0.974892 0.039505 0.01 0.01
0 0.983684 0.039505 0.01 0.01
0 0.993274 0.031513 0.01 0.01
0 0.995672 0.017927 0.01 0.01
0 1.006061 0.015529 0.01 0.01
0 0.979688 0.012333 0.01 0.01
0 1.002864 0.029915 0.01 0.01
0 1.020447 0.024321 0.01 0.01
0 1.029238 0.028317 0.01 0.01
0 1.031636 0.019525 0.01 0.01
0 1.036431 0.031513 0.01 0.01
0 1.046821 0.025919 0.01 0.01
0 1.054813 0.028317 0.01 0.01
0 1.058009 0.022722 0.01 0.01
0 1.062805 0.017927 0.01 0.01
0 1.051616 0.009136 0.01 0.01
0 1.062805 0.009136 0.01 0.01
0 1.067600 0.030714 0.01 0.01
0 1.076391 0.022722 0.01 0.01
0 1.087580 0.017128 0.01 0.01
0 1.073993 0.010734 0.01 0.01
0 1.095572 0.012333 0.01 0.01
0 1.100367 0.009935 0.01 0.01
0 1.098769 0.025120 0.01 0.01
0 1.085981 0.025919 0.01 0.01
0 1.081985 0.035509 0.01 0.01
0 1.075592 0.033911 0.01 0.01
0 1.107560 0.022722 0.01 0.01
0 1.117150 0.020325 0.01 0.01
0 1.125941 0.025120 0.01 0.01
0 1.134733 0.019525 0.01 0.01
0 1.149917 0.013132 0.01 0.01
0 1.127540 0.005939 0.01 0.01
0 1.287380 0.028317 0.01 0.01
0 1.313754 0.033911 0.01 0.01
