0 0.008344 0.181797 0.01 0.01
0 0.020943 0.158400 0.01 0.01
0 0.038940 0.162000 0.01 0.01
0 0.062337 0.208794 0.01 0.01
0 0.094733 0.165599 0.01 0.01
0 0.139728 0.122405 0.01 0.01
0 0.211719 0.057613 0.01 0.01
0 0.262112 0.131404 0.01 0.01
0 0.033541 0.275386 0.01 0.01
0 0.254913 0.529154 0.01 0.01
0 0.442090 0.462562 0.01 0.01
0 0.461887 0.219593 0.01 0.01
0 0.436691 0.183597 0.01 0.01
0 0.631066 0.233991 0.01 0.01
0 0.742652 0.142202 0.01 0.01
0 0.780448 0.223192 0.01 0.01
0 0.796646 0.320380 0.01 0.01
0 0.782247 0.413968 0.01 0.01
0 0.699458 0.547152 0.01 0.01
0 0.845239 0.485959 0.01 0.01
0 0.796646 0.638940 0.01 0.01
0 1.095408 0.642540 0.01 0.01
0 0.998220 0.390571 0.01 0.01
0 1.055813 0.307782 0.01 0.01
0 1.230391 0.307782 0.01 0.01
0 1.262787 0.835116 0.01 0.01
0 1.570549 0.797320 0.01 0.01
0 1.293383 1.182472 0.01 0.01
0 0.762450 0.014418 0.01 0.01
0 0.217636 0.163121 0.01 0.01
0 0.301917 0.169810 0.01 0.01
0 1.334693 0.030680 0.01 0.01
