0 0.004444 1.112077 0.01 0.01
0 0.554062 0.944902 0.01 0.01
0 0.421237 0.844138 0.01 0.01
0 0.297573 0.551008 0.01 0.01
0 0.363986 0.457115 0.01 0.01
0 0.331924 0.413604 0.01 0.01
0 0.592993 0.308260 0.01 0.01
0 0.725818 0.175436 0.01 0.01
0 0.776199 0.260169 0.01 0.01
0 0.828871 0.232688 0.01 0.01
0 0.810550 0.573909 0.01 0.01
0 0.739558 0.537268 0.01 0.01
0 0.712077 0.502917 0.01 0.01
0 0.998337 0.949482 0.01 0.01
0 1.087650 0.976963 0.01 0.01
0 1.067039 0.599100 0.01 0.01
0 1.202153 0.530398 0.01 0.01
0 1.293757 0.507497 0.01 0.01
0 1.277726 0.438795 0.01 0.01
0 1.348718 0.411314 0.01 0.01
0 1.538795 0.381543 0.01 0.01
0 1.364749 0.344902 0.01 0.01
0 1.296047 0.305970 0.01 0.01
0 1.165512 0.289940 0.01 0.01
0 1.108260 0.324291 0.01 0.01
0 1.078489 0.200627 0.01 0.01
0 1.002917 0.216657 0.01 0.01
0 1.369329 0.305970 0.01 0.01
0 1.115131 0.154825 0.01 0.01
0 1.144902 0.166276 0.01 0.01
0 1.225054 0.170856 0.01 0.01
0 1.177917 0.125627 0.01 0.01
0 1.201963 0.088986 0.01 0.01
0 1.245474 0.085550 0.01 0.01
0 1.268375 0.083260 0.01 0.01
0 1.297001 0.077535 0.01 0.01
0 1.314176 0.085550 0.01 0.01
0 1.351963 0.080970 0.01 0.01
0 1.346237 0.055779 0.01 0.01
0 1.367993 0.060360 0.01 0.01
0 1.385169 0.052344 0.01 0.01
0 1.402344 0.059215 0.01 0.01
0 1.432115 0.083260 0.01 0.01
0 1.453871 0.198909 0.01 0.01
0 1.505398 0.132497 0.01 0.01
0 1.576390 0.129062 0.01 0.01
0 1.543184 0.167993 0.01 0.01
0 1.576390 0.201199 0.01 0.01
0 1.586695 0.015703 0.01 0.01
0 0.055095 0.285529 0.01 0.01
0 0.209610 0.313623 0.01 0.01
0 0.319978 0.295228 0.01 0.01
0 0.574158 0.201248 0.01 0.01
