0 0.951397 0.856466 0.01 0.01
0 0.885038 0.814070 0.01 0.01
0 1.089646 0.642641 0.01 0.01
0 1.032503 0.697941 0.01 0.01
0 1.216835 0.668448 0.01 0.01
0 1.320061 0.856466 0.01 0.01
0 1.484116 0.677664 0.01 0.01
0 1.519139 0.616835 0.01 0.01
0 1.554162 0.297941 0.01 0.01
0 1.449093 0.314531 0.01 0.01
0 1.373517 0.355084 0.01 0.01
0 1.338494 0.336651 0.01 0.01
0 1.259231 0.360614 0.01 0.01
0 1.261075 0.450936 0.01 0.01
0 1.139416 0.366144 0.01 0.01
0 0.997480 0.452780 0.01 0.01
0 0.977204 0.406697 0.01 0.01
0 0.886881 0.467526 0.01 0.01
0 0.951397 0.349554 0.01 0.01
0 1.015913 0.353240 0.01 0.01
0 0.862918 0.345867 0.01 0.01
0 0.802088 0.340337 0.01 0.01
0 0.763379 0.379047 0.01 0.01
0 0.693333 0.360614 0.01 0.01
0 0.658310 0.419600 0.01 0.01
0 0.521904 0.412227 0.01 0.01
0 0.468448 0.417757 0.01 0.01
0 0.368909 0.445406 0.01 0.01
0 0.320982 0.465683 0.01 0.01
0 0.180890 0.677664 0.01 0.01
0 0.171674 0.578125 0.01 0.01
0 0.088724 0.355084 0.01 0.01
0 0.112687 0.340337 0.01 0.01
0 0.037111 0.322365 0.01 0.01
0 0.098863 0.250476 0.01 0.01
0 0.132042 0.248632 0.01 0.01
0 0.152319 0.252319 0.01 0.01
0 0.169830 0.256927 0.01 0.01
0 0.256466 0.277204 0.01 0.01
0 0.237111 0.237572 0.01 0.01
0 0.296098 0.291029 0.01 0.01
0 0.366144 0.283655 0.01 0.01
0 0.420522 0.283655 0.01 0.01
0 0.349554 0.355545 0.01 0.01
0 0.444485 0.311305 0.01 0.01
0 0.464761 0.295637 0.01 0.01
0 0.540337 0.316835 0.01 0.01
0 0.626973 0.303010 0.01 0.01
0 0.555084 0.256927 0.01 0.01
0 0.486881 0.248632 0.01 0.01
0 0.398402 0.233886 0.01 0.01
0 0.433425 0.196098 0.01 0.01
0 0.297019 0.219139 0.01 0.01
0 0.309001 0.199784 0.01 0.01
0 0.210383 0.216374 0.01 0.01
0 0.184577 0.213609 0.01 0.01
0 0.156927 0.193333 0.01 0.01
0 0.106236 0.223747 0.01 0.01
0 0.116374 0.190568 0.01 0.01
0 0.094254 0.189646 0.01 0.01
0 0.068448 0.173056 0.01 0.01
0 0.102549 0.151858 0.01 0.01
0 0.136651 0.163840 0.01 0.01
0 0.151397 0.150936 0.01 0.01
0 0.168909 0.163840 0.01 0.01
0 0.191029 0.170291 0.01 0.01
0 0.236190 0.177664 0.01 0.01
0 0.215913 0.151858 0.01 0.01
0 0.055545 0.095637 0.01 0.01
0 0.044485 0.158310 0.01 0.01
0 0.029738 0.140798 0.01 0.01
0 0.003932 0.144485 0.01 0.01
0 0.025130 0.184116 0.01 0.01
0 0.014992 0.194254 0.01 0.01
0 0.040798 0.225591 0.01 0.01
0 0.020522 0.223747 0.01 0.01
0 0.004853 0.238494 0.01 0.01
0 0.046328 0.256927 0.01 0.01
0 0.304393 0.165683 0.01 0.01
0 0.320061 0.163840 0.01 0.01
0 0.324669 0.145406 0.01 0.01
0 0.314531 0.125130 0.01 0.01
0 0.341259 0.139876 0.01 0.01
0 0.352319 0.150936 0.01 0.01
0 0.357849 0.132503 0.01 0.01
0 0.370752 0.157388 0.01 0.01
0 0.380890 0.146328 0.01 0.01
0 0.395637 0.155545 0.01 0.01
0 0.382734 0.226512 0.01 0.01
0 0.432503 0.140798 0.01 0.01
0 0.408540 0.129738 0.01 0.01
0 0.450936 0.152780 0.01 0.01
0 0.467065 0.156005 0.01 0.01
0 0.486881 0.156005 0.01 0.01
0 0.494715 0.153701 0.01 0.01
0 0.515452 0.174439 0.01 0.01
0 0.505314 0.210383 0.01 0.01
0 0.575821 0.190568 0.01 0.01
0 0.587803 0.173056 0.01 0.01
0 0.604393 0.194715 0.01 0.01
0 0.667987 0.179508 0.01 0.01
0 0.546789 0.125130 0.01 0.01
0 0.458310 0.106236 0.01 0.01
0 0.465222 0.128817 0.01 0.01
0 0.446789 0.130199 0.01 0.01
0 0.721443 0.211766 0.01 0.01
0 0.789185 0.177664 0.01 0.01
0 0.771213 0.163840 0.01 0.01
0 0.753701 0.120061 0.01 0.01
0 0.811305 0.197941 0.01 0.01
0 0.858310 0.207158 0.01 0.01
0 0.906236 0.179508 0.01 0.01
0 0.667987 0.299784 0.01 0.01
0 0.790568 0.119600 0.01 0.01
0 1.017757 0.176743 0.01 0.01
0 1.066605 0.204393 0.01 0.01
0 1.113609 0.229738 0.01 0.01
0 1.136651 0.185038 0.01 0.01
0 1.123287 0.171213 0.01 0.01
0 1.106697 0.133425 0.01 0.01
0 1.098402 0.120061 0.01 0.01
0 1.180429 0.108079 0.01 0.01
0 1.214992 0.108079 0.01 0.01
0 1.263379 0.187803 0.01 0.01
0 1.240337 0.182734 0.01 0.01
0 1.171674 0.145867 0.01 0.01
0 1.175821 0.202088 0.01 0.01
0 1.297941 0.214300 0.01 0.01
0 1.368909 0.161305 0.01 0.01
0 1.395637 0.154393 0.01 0.01
0 1.363379 0.119830 0.01 0.01
0 1.444485 0.124439 0.01 0.01
0 1.455084 0.105545 0.01 0.01
0 1.480890 0.098171 0.01 0.01
0 1.500245 0.116144 0.01 0.01
0 1.468448 0.192181 0.01 0.01
0 1.587342 0.193563 0.01 0.01
0 1.583194 0.119370 0.01 0.01
0 1.567065 0.089416 0.01 0.01
0 1.527434 0.106466 0.01 0.01
0 1.550936 0.024439 0.01 0.01
0 1.438494 0.105545 0.01 0.01
0 0.230660 0.434346 0.01 0.01
