0 0.054256 0.869229 0.01 0.01
0 0.049978 0.598641 0.01 0.01
0 0.083133 0.442491 0.01 0.01
0 0.041422 0.426448 0.01 0.01
0 0.067090 0.297037 0.01 0.01
0 0.020031 0.302384 0.01 0.01
0 0.156930 0.436074 0.01 0.01
0 0.285272 0.584737 0.01 0.01
0 0.302384 0.553721 0.01 0.01
0 0.290619 0.859603 0.01 0.01
0 0.181529 0.913079 0.01 0.01
0 0.463881 0.849978 0.01 0.01
0 0.438213 0.654256 0.01 0.01
0 0.557999 0.768694 0.01 0.01
0 0.549443 0.569764 0.01 0.01
0 0.532331 0.529122 0.01 0.01
0 0.498106 0.536609 0.01 0.01
0 0.533400 0.478855 0.01 0.01
0 0.710940 0.625379 0.01 0.01
0 0.756930 0.684202 0.01 0.01
0 0.728053 0.745165 0.01 0.01
0 0.919496 0.614684 0.01 0.01
0 0.984737 0.617892 0.01 0.01
0 1.043561 0.657464 0.01 0.01
0 1.067090 0.720566 0.01 0.01
0 1.275646 0.763347 0.01 0.01
0 1.170833 0.576181 0.01 0.01
0 1.052117 0.581529 0.01 0.01
0 1.216823 0.534470 0.01 0.01
0 1.302384 0.596502 0.01 0.01
0 1.492758 0.580459 0.01 0.01
0 1.293828 0.509871 0.01 0.01
0 1.366555 0.476716 0.01 0.01
0 1.447839 0.449978 0.01 0.01
0 1.395432 0.416823 0.01 0.01
0 1.359069 0.355860 0.01 0.01
0 0.929122 0.390085 0.01 0.01
0 0.822170 0.368694 0.01 0.01
0 0.766555 0.372972 0.01 0.01
0 0.669229 0.370833 0.01 0.01
0 0.562277 0.372972 0.01 0.01
0 0.549443 0.353721 0.01 0.01
0 0.556930 0.329122 0.01 0.01
0 0.566555 0.298106 0.01 0.01
0 0.617892 0.307732 0.01 0.01
0 0.749443 0.326983 0.01 0.01
0 0.780459 0.310940 0.01 0.01
0 0.803988 0.330192 0.01 0.01
0 0.869229 0.315218 0.01 0.01
0 0.932331 0.288480 0.01 0.01
0 0.888480 0.283133 0.01 0.01
0 0.877785 0.271368 0.01 0.01
0 0.642491 0.292758 0.01 0.01
0 0.741956 0.309871 0.01 0.01
0 0.964416 0.233935 0.01 0.01
0 0.917357 0.238213 0.01 0.01
0 0.898106 0.232865 0.01 0.01
0 0.890619 0.213614 0.01 0.01
0 0.879924 0.199710 0.01 0.01
0 0.935539 0.210406 0.01 0.01
0 0.995432 0.199710 0.01 0.01
0 1.036074 0.187946 0.01 0.01
0 1.024309 0.214684 0.01 0.01
0 1.041422 0.244630 0.01 0.01
0 1.095967 0.249978 0.01 0.01
0 1.093828 0.207197 0.01 0.01
0 1.164416 0.254256 0.01 0.01
0 1.148373 0.253186 0.01 0.01
0 1.154791 0.320566 0.01 0.01
0 1.203988 0.277785 0.01 0.01
0 1.230726 0.268160 0.01 0.01
0 1.217892 0.240352 0.01 0.01
0 1.255325 0.220031 0.01 0.01
0 1.279924 0.214684 0.01 0.01
0 1.241422 0.286341 0.01 0.01
0 1.258534 0.297037 0.01 0.01
0 1.286341 0.303454 0.01 0.01
0 1.428587 0.378320 0.01 0.01
0 1.440352 0.346234 0.01 0.01
0 1.509871 0.346234 0.01 0.01
0 1.531261 0.302384 0.01 0.01
0 1.523775 0.262812 0.01 0.01
0 1.498106 0.185807 0.01 0.01
0 1.415753 0.183668 0.01 0.01
0 1.348373 0.278855 0.01 0.01
0 1.321635 0.182598 0.01 0.01
0 1.275646 0.183668 0.01 0.01
0 0.596502 0.233935 0.01 0.01
0 0.623240 0.220031 0.01 0.01
0 0.626448 0.205058 0.01 0.01
0 0.659603 0.210406 0.01 0.01
0 0.700245 0.210406 0.01 0.01
0 0.726983 0.215753 0.01 0.01
0 0.769764 0.232865 0.01 0.01
0 0.777250 0.220031 0.01 0.01
0 0.831796 0.213614 0.01 0.01
0 0.761208 0.190085 0.01 0.01
0 0.724844 0.182598 0.01 0.01
0 0.781796 0.121903 0.01 0.01
0 0.799443 0.121903 0.01 0.01
0 0.790887 0.102117 0.01 0.01
0 0.798373 0.100512 0.01 0.01
0 0.761475 0.112277 0.01 0.01
0 0.726181 0.170566 0.01 0.01
0 0.601047 0.167892 0.01 0.01
0 0.720833 0.193561 0.01 0.01
0 0.750780 0.160406 0.01 0.01
0 0.764149 0.180726 0.01 0.01
0 0.833668 0.102117 0.01 0.01
0 0.834202 0.120299 0.01 0.01
0 0.871101 0.105325 0.01 0.01
0 0.893561 0.112812 0.01 0.01
0 0.931529 0.110138 0.01 0.01
0 0.956127 0.113347 0.01 0.01
0 0.990352 0.113347 0.01 0.01
0 1.002652 0.102117 0.01 0.01
0 1.032598 0.102117 0.01 0.01
0 1.047037 0.121368 0.01 0.01
0 1.062010 0.118160 0.01 0.01
0 1.063079 0.100512 0.01 0.01
0 1.076448 0.101047 0.01 0.01
0 1.080726 0.110138 0.01 0.01
0 1.098908 0.112812 0.01 0.01
0 1.110673 0.105325 0.01 0.01
0 1.109069 0.098908 0.01 0.01
0 1.129924 0.105325 0.01 0.01
0 1.146502 0.117625 0.01 0.01
0 1.137411 0.122972 0.01 0.01
0 1.155058 0.101047 0.01 0.01
0 1.203721 0.103721 0.01 0.01
0 1.217625 0.112277 0.01 0.01
0 1.238480 0.107464 0.01 0.01
0 1.322438 0.144363 0.01 0.01
0 1.354523 0.151315 0.01 0.01
0 1.311742 0.098908 0.01 0.01
0 1.349176 0.091422 0.01 0.01
0 1.409603 0.100512 0.01 0.01
0 1.468427 0.170566 0.01 0.01
0 1.556127 0.217625 0.01 0.01
0 1.521368 0.116555 0.01 0.01
0 1.493561 0.107999 0.01 0.01
0 1.479657 0.110138 0.01 0.01
0 1.474844 0.093026 0.01 0.01
0 1.524042 0.095700 0.01 0.01
0 1.551849 0.091422 0.01 0.01
0 1.322839 0.081395 0.01 0.01
0 1.480860 0.069898 0.01 0.01
0 1.511609 0.059202 0.01 0.01
0 1.535138 0.054122 0.01 0.01
0 1.575245 0.056261 0.01 0.01
0 1.575245 0.198507 0.01 0.01
0 1.226219 0.086459 0.01 0.01
0 1.197448 0.078467 0.01 0.01
0 1.122653 1.116633 0.01 0.01
0 1.288539 1.170145 0.01 0.01
0 1.307269 0.460780 0.01 0.01
0 1.430345 0.304258 0.01 0.01
