0 0.142966 0.919202 0.01 0.01
0 0.054287 0.644469 0.01 0.01
0 0.123839 0.454938 0.01 0.01
0 0.209041 0.418423 0.01 0.01
0 0.249034 0.446244 0.01 0.01
0 0.332497 0.402774 0.01 0.01
0 0.266422 0.679245 0.01 0.01
0 0.362057 0.687939 0.01 0.01
0 0.407266 0.682723 0.01 0.01
0 0.407266 0.813134 0.01 0.01
0 0.485513 0.919202 0.01 0.01
0 0.544632 0.623603 0.01 0.01
0 0.671566 0.667073 0.01 0.01
0 0.807193 0.767925 0.01 0.01
0 0.737641 0.727932 0.01 0.01
0 0.831537 0.656641 0.01 0.01
0 1.007157 0.703589 0.01 0.01
0 1.052366 0.755753 0.01 0.01
0 1.191471 0.967888 0.01 0.01
0 1.323621 0.846171 0.01 0.01
0 1.407084 0.759231 0.01 0.01
0 1.302755 0.719238 0.01 0.01
0 1.203643 0.736626 0.01 0.01
0 1.217554 0.620125 0.01 0.01
0 1.506197 0.731410 0.01 0.01
0 1.434905 0.644469 0.01 0.01
0 1.483592 0.607954 0.01 0.01
0 1.422734 0.590566 0.01 0.01
0 1.334054 0.573177 0.01 0.01
0 1.236680 0.548834 0.01 0.01
0 1.281890 0.561006 0.01 0.01
0 1.311450 0.534924 0.01 0.01
0 1.306233 0.474065 0.01 0.01
0 1.274934 0.498408 0.01 0.01
0 1.405346 0.489714 0.01 0.01
0 1.347965 0.442766 0.01 0.01
0 1.304494 0.437550 0.01 0.01
0 1.511413 0.554050 0.01 0.01
0 1.542712 0.550573 0.01 0.01
0 1.586182 0.569700 0.01 0.01
0 1.565316 0.486237 0.01 0.01
0 1.542712 0.461893 0.01 0.01
0 1.488809 0.508841 0.01 0.01
0 0.993246 0.606215 0.01 0.01
0 0.629834 0.583610 0.01 0.01
0 0.553326 0.566222 0.01 0.01
0 0.478557 0.566222 0.01 0.01
0 0.520289 0.541879 0.01 0.01
0 0.442042 0.510580 0.01 0.01
0 0.431609 0.566222 0.01 0.01
0 0.329019 0.534924 0.01 0.01
0 0.341191 0.493192 0.01 0.01
0 0.405527 0.477543 0.01 0.01
0 0.414221 0.425378 0.01 0.01
0 1.081926 0.602737 0.01 0.01
0 1.153217 0.614909 0.01 0.01
0 1.207121 0.521013 0.01 0.01
0 1.208859 0.481020 0.01 0.01
0 1.179300 0.444505 0.01 0.01
0 1.200165 0.434072 0.01 0.01
0 1.163650 0.409729 0.01 0.01
0 1.108008 0.409729 0.01 0.01
0 1.259285 0.449722 0.01 0.01
0 1.280151 0.442766 0.01 0.01
0 1.170606 0.474065 0.01 0.01
0 1.137568 0.496670 0.01 0.01
0 1.076710 0.496670 0.01 0.01
0 1.001941 0.524491 0.01 0.01
0 0.934127 0.481020 0.01 0.01
0 0.918477 0.541879 0.01 0.01
0 0.838492 0.554050 0.01 0.01
0 0.836753 0.590566 0.01 0.01
0 0.775895 0.618387 0.01 0.01
0 0.770678 0.557528 0.01 0.01
0 0.739380 0.517535 0.01 0.01
0 0.807193 0.498408 0.01 0.01
0 0.538546 0.496235 0.01 0.01
0 0.488990 0.477108 0.01 0.01
0 0.472471 0.455373 0.01 0.01
0 0.442042 0.426682 0.01 0.01
0 0.437695 0.402339 0.01 0.01
0 0.440303 0.466675 0.01 0.01
0 0.520289 0.428421 0.01 0.01
0 0.503770 0.416249 0.01 0.01
0 0.476819 0.407555 0.01 0.01
0 0.468994 0.382343 0.01 0.01
0 0.449867 0.364085 0.01 0.01
0 0.499423 0.380604 0.01 0.01
0 0.518550 0.390167 0.01 0.01
0 0.514203 0.372779 0.01 0.01
0 0.505509 0.362346 0.01 0.01
0 0.265553 0.355391 0.01 0.01
0 0.678521 0.551008 0.01 0.01
0 0.637659 0.519709 0.01 0.01
0 0.587233 0.484063 0.01 0.01
0 0.587233 0.443201 0.01 0.01
0 0.575931 0.414511 0.01 0.01
0 0.563759 0.426682 0.01 0.01
0 0.546371 0.428421 0.01 0.01
0 0.605491 0.412772 0.01 0.01
0 0.622010 0.432768 0.01 0.01
0 0.641136 0.400600 0.01 0.01
0 0.665480 0.417119 0.01 0.01
0 0.718514 0.675333 0.01 0.01
0 0.693301 0.504929 0.01 0.01
0 0.727208 0.482324 0.01 0.01
0 0.732424 0.450156 0.01 0.01
0 0.708081 0.437985 0.01 0.01
0 0.688084 0.465806 0.01 0.01
0 0.672435 0.444940 0.01 0.01
0 0.596797 0.391037 0.01 0.01
0 0.574192 0.391037 0.01 0.01
0 0.574192 0.371910 0.01 0.01
0 0.669827 0.390167 0.01 0.01
0 0.678521 0.406686 0.01 0.01
0 0.693301 0.404078 0.01 0.01
0 0.701995 0.395384 0.01 0.01
0 0.722861 0.394514 0.01 0.01
0 0.723730 0.420596 0.01 0.01
0 0.743727 0.414511 0.01 0.01
0 0.588103 0.376257 0.01 0.01
0 0.601144 0.373648 0.01 0.01
0 0.610707 0.382343 0.01 0.01
0 0.584625 0.360607 0.01 0.01
0 0.595058 0.357999 0.01 0.01
0 0.602883 0.333656 0.01 0.01
0 0.642875 0.356260 0.01 0.01
0 0.628095 0.353652 0.01 0.01
0 0.614185 0.364085 0.01 0.01
0 0.622879 0.376257 0.01 0.01
0 0.655047 0.384951 0.01 0.01
0 0.654178 0.370171 0.01 0.01
0 0.640267 0.370171 0.01 0.01
0 0.663741 0.356260 0.01 0.01
0 0.801107 0.464936 0.01 0.01
0 0.770678 0.451026 0.01 0.01
0 0.765462 0.431899 0.01 0.01
0 0.777633 0.394514 0.01 0.01
0 0.769809 0.376257 0.01 0.01
0 0.741118 0.383212 0.01 0.01
0 0.708950 0.371910 0.01 0.01
0 0.835014 0.425813 0.01 0.01
0 0.808932 0.402339 0.01 0.01
0 0.832406 0.401469 0.01 0.01
0 0.827190 0.376257 0.01 0.01
0 0.826320 0.357999 0.01 0.01
0 0.826320 0.344089 0.01 0.01
0 0.758506 0.353652 0.01 0.01
0 0.691997 0.373431 0.01 0.01
0 0.680260 0.368215 0.01 0.01
0 0.674609 0.364737 0.01 0.01
0 0.677652 0.355608 0.01 0.01
0 0.685911 0.343871 0.01 0.01
0 0.666349 0.338655 0.01 0.01
0 0.654178 0.335612 0.01 0.01
0 0.655482 0.348653 0.01 0.01
0 0.605491 0.356912 0.01 0.01
0 0.723295 0.354304 0.01 0.01
0 0.702864 0.348218 0.01 0.01
0 0.693301 0.351261 0.01 0.01
0 0.697213 0.337785 0.01 0.01
0 0.708516 0.338655 0.01 0.01
0 0.734598 0.342567 0.01 0.01
0 0.725904 0.364302 0.01 0.01
0 0.756768 0.374301 0.01 0.01
0 0.747639 0.374301 0.01 0.01
0 0.746335 0.356912 0.01 0.01
0 0.738510 0.357347 0.01 0.01
0 0.770678 0.331265 0.01 0.01
0 0.778068 0.331265 0.01 0.01
0 0.785893 0.336481 0.01 0.01
0 0.792413 0.329961 0.01 0.01
0 0.804585 0.329526 0.01 0.01
0 0.798934 0.345175 0.01 0.01
0 0.791109 0.345175 0.01 0.01
0 0.776329 0.345175 0.01 0.01
0 0.765896 0.346914 0.01 0.01
0 0.784154 0.363433 0.01 0.01
0 0.792413 0.364737 0.01 0.01
0 0.847186 0.371692 0.01 0.01
0 0.856749 0.360390 0.01 0.01
0 0.851533 0.352565 0.01 0.01
0 0.847621 0.345175 0.01 0.01
0 0.837623 0.360390 0.01 0.01
0 0.835449 0.349522 0.01 0.01
0 0.835449 0.342567 0.01 0.01
0 0.831971 0.333438 0.01 0.01
0 0.824581 0.336047 0.01 0.01
0 0.817191 0.336047 0.01 0.01
0 0.812410 0.328222 0.01 0.01
0 0.794152 0.337785 0.01 0.01
0 0.873703 0.371258 0.01 0.01
0 0.880658 0.358651 0.01 0.01
0 0.870225 0.352565 0.01 0.01
0 0.881528 0.346479 0.01 0.01
0 0.885005 0.337351 0.01 0.01
0 0.857184 0.340828 0.01 0.01
0 0.850664 0.332569 0.01 0.01
0 0.841970 0.329961 0.01 0.01
0 0.867617 0.326483 0.01 0.01
0 0.869791 0.337785 0.01 0.01
0 0.884136 0.329961 0.01 0.01
0 0.641136 0.338655 0.01 0.01
0 0.541155 0.359955 0.01 0.01
0 0.541155 0.376474 0.01 0.01
0 0.689823 0.363433 0.01 0.01
0 0.780676 0.370388 0.01 0.01
0 0.874572 0.345610 0.01 0.01
0 0.891526 0.368215 0.01 0.01
0 0.898046 0.343002 0.01 0.01
0 0.901959 0.331265 0.01 0.01
0 0.889787 0.342132 0.01 0.01
0 0.922824 0.346045 0.01 0.01
0 0.912826 0.346479 0.01 0.01
0 0.907175 0.355608 0.01 0.01
0 0.923694 0.359955 0.01 0.01
0 0.936300 0.345175 0.01 0.01
0 0.947603 0.359955 0.01 0.01
0 0.941082 0.371258 0.01 0.01
0 0.926737 0.376039 0.01 0.01
0 0.919347 0.364737 0.01 0.01
0 0.908914 0.382125 0.01 0.01
0 0.891091 0.394297 0.01 0.01
0 0.872834 0.382995 0.01 0.01
0 0.847621 0.396470 0.01 0.01
0 0.861097 0.425161 0.01 0.01
0 0.864139 0.466023 0.01 0.01
0 0.846751 0.466892 0.01 0.01
0 0.905436 0.429508 0.01 0.01
0 0.922824 0.411685 0.01 0.01
0 0.908045 0.392558 0.01 0.01
0 0.937170 0.385603 0.01 0.01
0 0.954558 0.395166 0.01 0.01
0 0.970207 0.408642 0.01 0.01
0 0.991508 0.422553 0.01 0.01
0 0.973685 0.469066 0.01 0.01
0 1.025849 0.455155 0.01 0.01
0 1.056278 0.406903 0.01 0.01
0 1.061495 0.391254 0.01 0.01
0 1.088881 0.378213 0.01 0.01
0 1.131482 0.426465 0.01 0.01
0 1.119745 0.453851 0.01 0.01
0 1.070189 0.458198 0.01 0.01
0 1.013243 0.381256 0.01 0.01
0 1.038890 0.382560 0.01 0.01
0 1.013678 0.411685 0.01 0.01
0 0.993246 0.386472 0.01 0.01
0 0.981075 0.390385 0.01 0.01
0 0.968903 0.378213 0.01 0.01
0 0.968034 0.366041 0.01 0.01
0 0.895438 0.329961 0.01 0.01
0 0.854576 0.329526 0.01 0.01
0 0.981075 0.355608 0.01 0.01
0 0.956297 0.370388 0.01 0.01
0 1.083230 0.408642 0.01 0.01
0 1.050627 0.429073 0.01 0.01
0 1.150174 0.429943 0.01 0.01
0 1.516630 0.590566 0.01 0.01
0 0.956881 0.630898 0.01 0.01
0 1.465173 0.571757 0.01 0.01
0 1.225413 0.480648 0.01 0.01
