0 0.030292 0.876301 0.01 0.01
0 0.723250 0.985222 0.01 0.01
0 0.877240 0.895081 0.01 0.01
0 0.764564 0.709165 0.01 0.01
0 0.606818 0.609635 0.01 0.01
0 0.505409 0.590855 0.01 0.01
0 0.358931 0.410574 0.01 0.01
0 0.291325 0.442499 0.01 0.01
0 0.372076 0.468790 0.01 0.01
0 0.400245 0.801184 0.01 0.01
0 0.310104 0.844377 0.01 0.01
0 1.359870 0.940151 0.01 0.01
0 1.487569 0.788039 0.01 0.01
0 1.331700 0.604001 0.01 0.01
0 1.042499 0.555175 0.01 0.01
0 0.997428 0.476301 0.01 0.01
0 0.856583 0.434987 0.01 0.01
0 0.787100 0.404940 0.01 0.01
0 0.717616 0.406818 0.01 0.01
0 0.653766 0.389916 0.01 0.01
0 0.582405 0.397428 0.01 0.01
0 0.713860 0.324189 0.01 0.01
0 0.042499 0.289447 0.01 0.01
0 0.005879 0.176771 0.01 0.01
0 0.047193 0.181466 0.01 0.01
0 0.025597 0.104470 0.01 0.01
0 0.110104 0.117616 0.01 0.01
0 0.215269 0.183344 0.01 0.01
0 0.251888 0.100715 0.01 0.01
0 0.265973 0.097898 0.01 0.01
0 0.283813 0.094142 0.01 0.01
0 0.278179 0.111982 0.01 0.01
0 0.289447 0.113860 0.01 0.01
0 0.317616 0.113860 0.01 0.01
0 0.360808 0.104470 0.01 0.01
0 0.338273 0.101654 0.01 0.01
0 0.380527 0.096020 0.01 0.01
0 0.408696 0.094142 0.01 0.01
0 0.511043 0.155175 0.01 0.01
0 0.553297 0.151419 0.01 0.01
0 0.592733 0.142029 0.01 0.01
0 0.502593 0.194611 0.01 0.01
0 0.554236 0.190855 0.01 0.01
0 0.627475 0.185222 0.01 0.01
0 0.665034 0.171137 0.01 0.01
0 0.557992 0.229353 0.01 0.01
0 0.598367 0.245316 0.01 0.01
0 0.579588 0.234048 0.01 0.01
0 0.622780 0.237804 0.01 0.01
0 0.650010 0.232170 0.01 0.01
0 0.666912 0.212452 0.01 0.01
0 0.718555 0.232170 0.01 0.01
0 0.726067 0.183344 0.01 0.01
0 0.764564 0.167381 0.01 0.01
0 0.758931 0.225597 0.01 0.01
0 0.749541 0.263156 0.01 0.01
0 0.772076 0.321372 0.01 0.01
0 0.368320 0.052358 0.01 0.01
0 0.288508 0.056114 0.01 0.01
0 0.265973 0.059870 0.01 0.01
0 0.394611 0.045785 0.01 0.01
0 0.397428 0.023250 0.01 0.01
0 0.412452 0.026067 0.01 0.01
0 0.503531 0.023250 0.01 0.01
0 0.527006 0.027006 0.01 0.01
0 0.573954 0.050480 0.01 0.01
0 0.565503 0.065503 0.01 0.01
0 0.573015 0.078649 0.01 0.01
0 0.668790 0.052358 0.01 0.01
0 0.785222 0.088977 0.01 0.01
0 0.791794 0.065503 0.01 0.01
0 0.800245 0.086161 0.01 0.01
0 0.821841 0.085222 0.01 0.01
0 0.816208 0.067381 0.01 0.01
0 0.834987 0.072076 0.01 0.01
0 0.841560 0.162217 0.01 0.01
0 0.839682 0.192264 0.01 0.01
0 0.827475 0.234517 0.01 0.01
0 0.795550 0.280527 0.01 0.01
0 0.817147 0.304001 0.01 0.01
0 0.873485 0.225597 0.01 0.01
0 0.952358 0.267851 0.01 0.01
0 0.911982 0.369259 0.01 0.01
0 0.973954 0.408696 0.01 0.01
0 1.081935 0.393672 0.01 0.01
0 1.048132 0.308226 0.01 0.01
0 1.035926 0.277240 0.01 0.01
0 1.018085 0.206818 0.01 0.01
0 0.954236 0.215269 0.01 0.01
0 1.150480 0.245316 0.01 0.01
0 1.221841 0.245316 0.01 0.01
0 1.265973 0.305409 0.01 0.01
0 1.353297 0.284752 0.01 0.01
0 1.375832 0.283813 0.01 0.01
0 1.192733 0.340151 0.01 0.01
0 1.208696 0.380527 0.01 0.01
0 1.394611 0.436865 0.01 0.01
0 1.196489 0.117616 0.01 0.01
0 1.510104 0.521372 0.01 0.01
0 1.575832 0.389916 0.01 0.01
0 1.509165 0.217147 0.01 0.01
0 1.431231 0.137334 0.01 0.01
0 1.153297 0.065503 0.01 0.01
0 1.089447 0.047663 0.01 0.01
0 1.021841 0.085222 0.01 0.01
0 0.959870 0.039212 0.01 0.01
0 0.928884 0.030762 0.01 0.01
0 0.902593 0.027945 0.01 0.01
0 1.016208 0.034517 0.01 0.01
0 1.047193 0.034517 0.01 0.01
0 1.199306 0.072076 0.01 0.01
0 1.227475 0.079588 0.01 0.01
0 1.271607 0.085222 0.01 0.01
0 1.282874 0.079588 0.01 0.01
0 1.325128 0.054236 0.01 0.01
0 1.366442 0.095550 0.01 0.01
0 1.406818 0.076771 0.01 0.01
0 1.427475 0.067381 0.01 0.01
0 1.459400 0.069259 0.01 0.01
0 1.476301 0.108696 0.01 0.01
0 1.480057 0.073954 0.01 0.01
0 1.505409 0.082405 0.01 0.01
0 1.595550 0.235456 0.01 0.01
0 1.596489 0.109635 0.01 0.01
0 1.575832 0.052358 0.01 0.01
0 1.366442 0.023250 0.01 0.01
0 1.288508 0.036395 0.01 0.01
0 1.256583 0.036395 0.01 0.01
0 0.842499 0.088977 0.01 0.01
0 0.834987 0.054236 0.01 0.01
0 0.801184 0.056114 0.01 0.01
0 0.640405 0.011234 0.01 0.01
0 0.702743 0.011234 0.01 0.01
0 0.928517 0.013732 0.01 0.01
0 1.002043 0.008137 0.01 0.01
0 0.980465 0.005740 0.01 0.01
0 1.383262 0.008137 0.01 0.01
0 1.448797 0.008137 0.01 0.01
0 1.469576 0.008137 0.01 0.01
0 1.138038 0.010446 0.01 0.01
0 1.109275 0.011449 0.01 0.01
0 1.177168 0.003004 0.01 0.01
0 1.118640 0.004008 0.01 0.01
0 1.332854 0.014208 0.01 0.01
0 1.354593 0.006683 0.01 0.01
0 1.398238 0.012452 0.01 0.01
0 1.409944 0.016466 0.01 0.01
0 1.483857 0.006098 0.01 0.01
