0 0.709864 0.977015 0.01 0.01
0 1.378467 1.146888 0.01 0.01
0 1.506960 1.159955 0.01 0.01
0 0.167577 0.835454 0.01 0.01
0 0.224202 0.778829 0.01 0.01
0 0.104419 0.683004 0.01 0.01
0 0.071751 0.602423 0.01 0.01
0 0.130554 0.615490 0.01 0.01
0 0.228557 0.652514 0.01 0.01
0 0.330009 0.565399 0.01 0.01
0 0.291897 0.452151 0.01 0.01
0 0.224383 0.387904 0.01 0.01
0 0.343076 0.437995 0.01 0.01
0 0.362677 0.443439 0.01 0.01
0 0.359410 0.349791 0.01 0.01
0 0.536906 0.605690 0.01 0.01
0 0.449791 0.558866 0.01 0.01
0 0.454147 0.537087 0.01 0.01
0 0.536906 0.460862 0.01 0.01
0 0.590263 0.424927 0.01 0.01
0 0.624020 0.513131 0.01 0.01
0 0.696978 0.566488 0.01 0.01
0 0.777559 0.498975 0.01 0.01
0 0.401878 0.404238 0.01 0.01
0 0.386633 0.433639 0.01 0.01
0 0.434546 0.407505 0.01 0.01
0 0.447614 0.375926 0.01 0.01
0 0.475926 0.371570 0.01 0.01
0 0.859955 0.491352 0.01 0.01
0 0.919846 0.479374 0.01 0.01
0 0.966670 0.505508 0.01 0.01
0 0.988448 0.508775 0.01 0.01
0 1.002604 0.491352 0.01 0.01
0 0.997160 0.632913 0.01 0.01
0 1.057051 0.528376 0.01 0.01
0 1.095163 0.583911 0.01 0.01
0 1.127831 0.570844 0.01 0.01
0 1.157232 0.539265 0.01 0.01
0 1.269392 0.520753 0.01 0.01
0 1.263947 0.412949 0.01 0.01
0 1.312949 0.475018 0.01 0.01
0 1.331461 0.513131 0.01 0.01
0 1.376107 0.502241 0.01 0.01
0 1.395708 0.537087 0.01 0.01
0 1.376107 0.599156 0.01 0.01
0 1.447976 0.543621 0.01 0.01
0 1.492623 0.547976 0.01 0.01
0 1.479555 0.393349 0.01 0.01
0 1.473022 0.357414 0.01 0.01
0 1.508957 0.385726 0.01 0.01
0 1.500245 0.307323 0.01 0.01
0 1.593893 0.309501 0.01 0.01
0 0.012949 0.672114 0.01 0.01
