0 0.180765 1.068752 0.01 0.01
0 0.285959 0.842778 0.01 0.01
0 0.377518 0.856414 0.01 0.01
0 0.434011 0.829141 0.01 0.01
0 0.730115 0.914855 0.01 0.01
0 0.802193 1.191479 0.01 0.01
0 0.032713 1.029791 0.01 0.01
0 0.042453 0.831089 0.01 0.01
0 0.147648 0.739531 0.01 0.01
0 0.313232 0.679141 0.01 0.01
0 0.508037 0.747323 0.01 0.01
0 0.654141 0.743427 0.01 0.01
0 0.854791 0.743427 0.01 0.01
0 0.695050 0.638232 0.01 0.01
0 0.854791 0.620700 0.01 0.01
0 0.780765 0.499920 0.01 0.01
0 0.654141 0.505765 0.01 0.01
0 0.621024 0.546674 0.01 0.01
0 0.443752 0.624596 0.01 0.01
0 0.395050 0.562258 0.01 0.01
0 0.256739 0.525245 0.01 0.01
0 0.346349 0.476544 0.01 0.01
0 0.309336 0.468752 0.01 0.01
0 0.284011 0.418102 0.01 0.01
0 0.274271 0.383037 0.01 0.01
0 0.231414 0.365505 0.01 0.01
0 0.276219 0.334336 0.01 0.01
0 0.204141 0.388881 0.01 0.01
0 0.011284 0.437583 0.01 0.01
0 0.044401 0.381089 0.01 0.01
0 0.077518 0.603167 0.01 0.01
0 0.163232 0.511609 0.01 0.01
0 0.137907 0.505765 0.01 0.01
0 0.059985 0.281739 0.01 0.01
0 0.087258 0.285635 0.01 0.01
0 0.122323 0.246674 0.01 0.01
0 0.163232 0.240830 0.01 0.01
0 0.079466 0.192128 0.01 0.01
0 0.063881 0.151219 0.01 0.01
0 0.050245 0.114206 0.01 0.01
0 0.044401 0.079141 0.01 0.01
0 0.044401 0.133687 0.01 0.01
0 0.139855 0.157063 0.01 0.01
0 0.135959 0.186284 0.01 0.01
0 0.143752 0.176544 0.01 0.01
0 0.184661 0.174596 0.01 0.01
0 0.225570 0.205765 0.01 0.01
0 0.237258 0.209661 0.01 0.01
0 0.270375 0.215505 0.01 0.01
0 0.270375 0.279791 0.01 0.01
0 0.361933 0.293427 0.01 0.01
0 0.332713 0.231089 0.01 0.01
0 0.303492 0.197972 0.01 0.01
0 0.975570 0.612907 0.01 0.01
0 1.113881 0.597323 0.01 0.01
0 1.096349 0.531089 0.01 0.01
0 0.938557 0.435635 0.01 0.01
0 0.776868 0.416154 0.01 0.01
0 0.698946 0.418102 0.01 0.01
0 0.698946 0.351868 0.01 0.01
0 0.585959 0.359661 0.01 0.01
0 0.548946 0.314855 0.01 0.01
0 0.396998 0.312907 0.01 0.01
0 0.449596 0.277843 0.01 0.01
0 0.420375 0.258362 0.01 0.01
0 0.428167 0.223297 0.01 0.01
0 0.375570 0.223297 0.01 0.01
0 0.363881 0.196024 0.01 0.01
0 0.414531 0.182388 0.01 0.01
0 0.478817 0.215505 0.01 0.01
0 0.449596 0.223297 0.01 0.01
0 0.509985 0.209661 0.01 0.01
0 0.560635 0.266154 0.01 0.01
0 0.619076 0.233037 0.01 0.01
0 0.642453 0.266154 0.01 0.01
0 0.675570 0.293427 0.01 0.01
0 0.617128 0.199920 0.01 0.01
0 0.570375 0.160959 0.01 0.01
0 0.546998 0.160959 0.01 0.01
0 0.548946 0.147323 0.01 0.01
0 1.219076 0.932388 0.01 0.01
0 1.131414 1.125245 0.01 0.01
0 1.501544 0.679141 0.01 0.01
0 1.298946 0.716154 0.01 0.01
0 1.261933 0.589531 0.01 0.01
0 1.575570 0.603167 0.01 0.01
0 1.591154 0.484336 0.01 0.01
0 1.587258 0.346024 0.01 0.01
0 1.571674 0.307063 0.01 0.01
0 1.532713 0.283687 0.01 0.01
0 1.501544 0.242778 0.01 0.01
0 1.302843 0.400570 0.01 0.01
0 1.300894 0.318752 0.01 0.01
0 1.158687 0.346024 0.01 0.01
0 1.069076 0.309011 0.01 0.01
0 0.973622 0.373297 0.01 0.01
0 0.969726 0.318752 0.01 0.01
0 0.930765 0.332388 0.01 0.01
0 0.938557 0.285635 0.01 0.01
0 0.961933 0.270050 0.01 0.01
0 1.012583 0.260310 0.01 0.01
0 0.827518 0.355765 0.01 0.01
0 0.765180 0.291479 0.01 0.01
0 0.884011 0.215505 0.01 0.01
0 0.778817 0.242778 0.01 0.01
0 0.724271 0.242778 0.01 0.01
0 0.683362 0.211609 0.01 0.01
0 0.661933 0.190180 0.01 0.01
0 0.726219 0.203817 0.01 0.01
0 0.780765 0.182388 0.01 0.01
0 1.240505 0.291479 0.01 0.01
0 1.275570 0.258362 0.01 0.01
0 1.201544 0.215505 0.01 0.01
0 1.164531 0.240830 0.01 0.01
0 1.131414 0.197972 0.01 0.01
0 1.100245 0.236933 0.01 0.01
0 1.076868 0.273946 0.01 0.01
0 0.993102 0.186284 0.01 0.01
0 0.998946 0.160959 0.01 0.01
0 0.924920 0.168752 0.01 0.01
0 0.930765 0.137583 0.01 0.01
0 0.907388 0.143427 0.01 0.01
0 0.985310 0.147323 0.01 0.01
0 0.854791 0.151219 0.01 0.01
0 1.322972 0.271511 0.01 0.01
0 1.295700 0.239368 0.01 0.01
0 1.302518 0.212096 0.01 0.01
0 1.285959 0.183849 0.01 0.01
0 1.302518 0.162420 0.01 0.01
0 1.290830 0.107875 0.01 0.01
0 1.296674 0.132226 0.01 0.01
0 1.321998 0.149758 0.01 0.01
0 1.334661 0.134174 0.01 0.01
0 1.352193 0.145862 0.01 0.01
0 1.368752 0.148784 0.01 0.01
0 1.353167 0.162420 0.01 0.01
0 1.362907 0.187745 0.01 0.01
0 1.418427 0.152680 0.01 0.01
0 1.441804 0.171187 0.01 0.01
0 1.447648 0.193589 0.01 0.01
0 1.468102 0.176057 0.01 0.01
0 1.471998 0.205278 0.01 0.01
0 1.454466 0.228654 0.01 0.01
0 1.564531 0.196511 0.01 0.01
0 1.534336 0.207226 0.01 0.01
0 1.591804 0.209174 0.01 0.01
0 1.255765 0.153654 0.01 0.01
0 1.250894 0.171187 0.01 0.01
0 1.210959 0.182875 0.01 0.01
0 1.220700 0.156576 0.01 0.01
0 1.242128 0.140992 0.01 0.01
0 1.248946 0.118589 0.01 0.01
0 1.259661 0.134174 0.01 0.01
0 1.203167 0.122485 0.01 0.01
0 1.198297 0.106901 0.01 0.01
0 1.192453 0.123459 0.01 0.01
0 1.190505 0.156576 0.01 0.01
0 1.158362 0.159498 0.01 0.01
0 1.160310 0.139044 0.01 0.01
0 1.160310 0.109823 0.01 0.01
0 1.147648 0.116641 0.01 0.01
0 1.141804 0.129304 0.01 0.01
0 1.142778 0.175083 0.01 0.01
0 1.173946 0.193589 0.01 0.01
0 1.173946 0.218914 0.01 0.01
0 1.108687 0.166317 0.01 0.01
0 1.120375 0.136122 0.01 0.01
0 1.104791 0.128330 0.01 0.01
0 1.113557 0.111771 0.01 0.01
0 1.101868 0.106901 0.01 0.01
0 1.115505 0.093265 0.01 0.01
0 1.096998 0.096187 0.01 0.01
0 1.077518 0.125407 0.01 0.01
0 1.068752 0.101057 0.01 0.01
0 1.054141 0.084498 0.01 0.01
0 1.054141 0.066966 0.01 0.01
0 1.037583 0.094239 0.01 0.01
0 1.052193 0.108849 0.01 0.01
0 1.052193 0.142940 0.01 0.01
0 1.028817 0.115667 0.01 0.01
0 1.008362 0.098135 0.01 0.01
0 0.954791 0.128330 0.01 0.01
0 0.952843 0.101057 0.01 0.01
0 0.958687 0.091317 0.01 0.01
0 0.968427 0.082550 0.01 0.01
0 0.982063 0.070862 0.01 0.01
0 0.991804 0.087420 0.01 0.01
0 1.009336 0.077680 0.01 0.01
0 1.049271 0.122485 0.01 0.01
0 0.852843 0.119563 0.01 0.01
0 0.892778 0.096187 0.01 0.01
0 0.909336 0.096187 0.01 0.01
0 0.930765 0.080602 0.01 0.01
0 0.906414 0.073784 0.01 0.01
0 0.892778 0.077680 0.01 0.01
0 0.958037 0.068914 0.01 0.01
0 0.933687 0.066966 0.01 0.01
0 0.922972 0.057226 0.01 0.01
0 0.917128 0.051381 0.01 0.01
0 0.907388 0.037745 0.01 0.01
0 0.893752 0.057226 0.01 0.01
0 0.887907 0.070862 0.01 0.01
0 0.809985 0.125407 0.01 0.01
0 0.786609 0.152680 0.01 0.01
0 0.756414 0.111771 0.01 0.01
0 0.752518 0.098135 0.01 0.01
0 0.729141 0.081576 0.01 0.01
0 0.706739 0.065018 0.01 0.01
0 0.714531 0.057226 0.01 0.01
0 0.746674 0.060148 0.01 0.01
0 0.764206 0.068914 0.01 0.01
0 0.769076 0.055278 0.01 0.01
0 0.764206 0.040667 0.01 0.01
0 0.784661 0.057226 0.01 0.01
0 0.774920 0.048459 0.01 0.01
0 0.796349 0.070862 0.01 0.01
0 0.813881 0.073784 0.01 0.01
0 0.819726 0.047485 0.01 0.01
0 0.813881 0.019239 0.01 0.01
0 0.797323 0.026057 0.01 0.01
0 0.776868 0.028005 0.01 0.01
0 0.780765 0.019239 0.01 0.01
0 0.828492 0.032875 0.01 0.01
0 0.853817 0.036771 0.01 0.01
0 0.846998 0.046511 0.01 0.01
0 0.848946 0.055278 0.01 0.01
0 0.845050 0.067940 0.01 0.01
0 0.845050 0.084498 0.01 0.01
0 0.859661 0.084498 0.01 0.01
0 0.875245 0.084498 0.01 0.01
0 0.873297 0.039693 0.01 0.01
0 0.884985 0.040667 0.01 0.01
0 0.865505 0.064044 0.01 0.01
0 0.737907 0.152680 0.01 0.01
0 0.689206 0.145862 0.01 0.01
0 0.683362 0.125407 0.01 0.01
0 0.677518 0.106901 0.01 0.01
0 0.651219 0.137096 0.01 0.01
0 0.637583 0.145862 0.01 0.01
0 0.625894 0.108849 0.01 0.01
0 0.583037 0.132226 0.01 0.01
0 0.628817 0.081576 0.01 0.01
0 0.744726 0.036771 0.01 0.01
0 0.730115 0.030927 0.01 0.01
0 0.690180 0.043589 0.01 0.01
0 0.688232 0.054304 0.01 0.01
0 0.677518 0.060148 0.01 0.01
0 0.652193 0.070862 0.01 0.01
0 0.635635 0.067940 0.01 0.01
0 0.623946 0.054304 0.01 0.01
0 0.601544 0.070862 0.01 0.01
0 0.576219 0.060148 0.01 0.01
0 0.586933 0.043589 0.01 0.01
0 0.556739 0.073784 0.01 0.01
0 0.542128 0.065018 0.01 0.01
0 0.531414 0.065018 0.01 0.01
0 0.546998 0.091317 0.01 0.01
0 0.523622 0.067940 0.01 0.01
0 0.525570 0.111771 0.01 0.01
0 0.509011 0.084498 0.01 0.01
0 0.077518 0.080359 0.01 0.01
0 0.057063 0.052599 0.01 0.01
0 0.072161 0.052599 0.01 0.01
0 0.036122 0.060391 0.01 0.01
0 0.175407 0.053573 0.01 0.01
0 0.162258 0.040911 0.01 0.01
0 0.156414 0.044807 0.01 0.01
0 0.136933 0.044807 0.01 0.01
0 0.123784 0.042372 0.01 0.01
0 0.109174 0.045781 0.01 0.01
0 0.094563 0.052599 0.01 0.01
0 0.101381 0.073054 0.01 0.01
0 0.105765 0.059417 0.01 0.01
0 0.124758 0.067696 0.01 0.01
0 0.151544 0.081333 0.01 0.01
0 0.186609 0.081333 0.01 0.01
0 0.187583 0.096917 0.01 0.01
0 0.151057 0.124677 0.01 0.01
0 0.136933 0.116398 0.01 0.01
0 0.122810 0.134904 0.01 0.01
0 0.206576 0.153411 0.01 0.01
0 0.212907 0.124677 0.01 0.01
0 0.248946 0.105683 0.01 0.01
0 0.253817 0.132956 0.01 0.01
0 0.280602 0.133443 0.01 0.01
0 0.336609 0.152924 0.01 0.01
0 0.341479 0.092047 0.01 0.01
0 0.311284 0.091560 0.01 0.01
0 0.315667 0.071105 0.01 0.01
0 0.303492 0.076463 0.01 0.01
0 0.292291 0.065261 0.01 0.01
0 0.274758 0.082307 0.01 0.01
0 0.259174 0.085716 0.01 0.01
0 0.276706 0.069644 0.01 0.01
0 0.256739 0.049190 0.01 0.01
0 0.240667 0.061365 0.01 0.01
0 0.224109 0.066235 0.01 0.01
0 0.216317 0.044807 0.01 0.01
0 0.203167 0.032144 0.01 0.01
0 0.213881 0.017534 0.01 0.01
0 0.215343 0.013151 0.01 0.01
0 0.213881 0.006820 0.01 0.01
0 0.228979 0.015099 0.01 0.01
0 0.279628 0.041398 0.01 0.01
0 0.277193 0.051625 0.01 0.01
0 0.267940 0.052599 0.01 0.01
0 0.240667 0.021917 0.01 0.01
0 0.250894 0.011690 0.01 0.01
0 0.257713 0.019969 0.01 0.01
0 0.259661 0.009742 0.01 0.01
0 0.235310 0.008281 0.01 0.01
0 0.244076 0.004872 0.01 0.01
0 0.292291 0.012177 0.01 0.01
0 0.283524 0.021917 0.01 0.01
0 0.280602 0.016560 0.01 0.01
0 0.283037 0.032144 0.01 0.01
0 0.269888 0.017047 0.01 0.01
0 0.273297 0.014125 0.01 0.01
0 0.305440 0.023378 0.01 0.01
0 0.308849 0.011690 0.01 0.01
0 0.302518 0.008281 0.01 0.01
0 0.323946 0.013151 0.01 0.01
0 0.316154 0.023378 0.01 0.01
0 0.324920 0.025326 0.01 0.01
0 0.335148 0.020943 0.01 0.01
0 0.341966 0.013151 0.01 0.01
0 0.351706 0.010716 0.01 0.01
0 0.342453 0.073541 0.01 0.01
0 0.350732 0.069644 0.01 0.01
0 0.359011 0.040424 0.01 0.01
0 0.369239 0.041398 0.01 0.01
0 0.377031 0.040911 0.01 0.01
0 0.386284 0.070131 0.01 0.01
0 0.393589 0.095943 0.01 0.01
0 0.382875 0.115911 0.01 0.01
0 0.419401 0.117859 0.01 0.01
0 0.421836 0.096917 0.01 0.01
0 0.406252 0.038963 0.01 0.01
0 0.424271 0.033605 0.01 0.01
0 0.426706 0.023378 0.01 0.01
0 0.420375 0.016560 0.01 0.01
0 0.402843 0.014125 0.01 0.01
0 0.397485 0.026787 0.01 0.01
0 0.388719 0.017047 0.01 0.01
0 0.382388 0.027274 0.01 0.01
0 0.377518 0.011690 0.01 0.01
0 0.345375 0.002924 0.01 0.01
0 0.332713 0.004872 0.01 0.01
0 0.183037 0.048459 0.01 0.01
0 0.370537 0.002924 0.01 0.01
0 0.392940 0.002924 0.01 0.01
0 0.407550 0.001950 0.01 0.01
0 0.421674 0.006333 0.01 0.01
0 0.442615 0.027761 0.01 0.01
0 0.454304 0.038963 0.01 0.01
0 0.467940 0.043833 0.01 0.01
0 0.472323 0.035554 0.01 0.01
0 0.496674 0.046268 0.01 0.01
0 0.484985 0.074515 0.01 0.01
0 0.453330 0.065261 0.01 0.01
0 0.484985 0.112989 0.01 0.01
0 0.498135 0.141722 0.01 0.01
0 0.469401 0.128573 0.01 0.01
0 0.453817 0.112502 0.01 0.01
0 0.462583 0.203086 0.01 0.01
0 0.541966 0.033605 0.01 0.01
0 0.523946 0.035554 0.01 0.01
0 0.528817 0.031170 0.01 0.01
0 0.527355 0.018508 0.01 0.01
0 0.530278 0.013151 0.01 0.01
0 0.509336 0.001463 0.01 0.01
0 0.501057 0.001463 0.01 0.01
0 0.496674 0.010229 0.01 0.01
0 0.482063 0.008281 0.01 0.01
0 0.471349 0.001463 0.01 0.01
0 0.462583 0.007307 0.01 0.01
0 0.452355 0.015099 0.01 0.01
0 0.566317 0.017047 0.01 0.01
0 0.552193 0.018508 0.01 0.01
0 0.559011 0.006333 0.01 0.01
0 0.563881 0.008768 0.01 0.01
0 0.587745 0.010229 0.01 0.01
0 0.592128 0.032631 0.01 0.01
0 0.603817 0.009742 0.01 0.01
0 0.611609 0.005359 0.01 0.01
0 0.615018 0.021917 0.01 0.01
0 0.615505 0.010716 0.01 0.01
0 0.633037 0.002924 0.01 0.01
0 0.638394 0.020943 0.01 0.01
0 0.634985 0.027761 0.01 0.01
0 0.647161 0.047729 0.01 0.01
0 0.668102 0.042372 0.01 0.01
0 0.681739 0.023378 0.01 0.01
0 0.666154 0.016560 0.01 0.01
0 0.694888 0.021917 0.01 0.01
0 0.684174 0.172404 0.01 0.01
0 0.684174 0.032144 0.01 0.01
0 0.739693 0.025326 0.01 0.01
0 0.746511 0.018508 0.01 0.01
0 0.729466 0.013638 0.01 0.01
0 0.712907 0.013151 0.01 0.01
0 0.721674 0.007307 0.01 0.01
0 0.682226 0.008281 0.01 0.01
0 0.640830 0.012177 0.01 0.01
0 0.579466 0.003411 0.01 0.01
0 0.237258 0.176544 0.01 0.01
0 1.479566 1.040605 0.01 0.01
0 0.451794 0.339006 0.01 0.01
0 0.392218 0.059610 0.01 0.01
0 0.385028 0.004677 0.01 0.01
0 0.521315 0.007101 0.01 0.01
0 0.629844 0.016048 0.01 0.01
0 0.589041 0.057269 0.01 0.01
0 0.608774 0.046733 0.01 0.01
0 0.462452 0.063957 0.01 0.01
0 0.804927 0.240044 0.01 0.01
0 0.711282 0.049325 0.01 0.01
0 0.536700 0.023907 0.01 0.01
0 0.560111 0.037452 0.01 0.01
0 0.707603 0.028255 0.01 0.01
0 0.742720 0.010529 0.01 0.01
0 0.787369 0.042135 0.01 0.01
0 0.758105 0.029426 0.01 0.01
0 0.768138 0.024242 0.01 0.01
0 0.762954 0.019225 0.01 0.01
0 0.495897 0.208439 0.01 0.01
0 0.858774 0.048573 0.01 0.01
0 0.830011 0.072319 0.01 0.01
0 0.971483 0.073322 0.01 0.01
