0 0.288480 0.431796 0.01 0.01
0 0.440352 0.427518 0.01 0.01
0 0.431796 0.382598 0.01 0.01
0 0.704523 0.570833 0.01 0.01
0 0.728053 0.469229 0.01 0.01
0 0.760138 0.428587 0.01 0.01
0 1.061742 0.770833 0.01 0.01
0 0.986876 1.098106 0.01 0.01
0 0.691689 0.230726 0.01 0.01
0 0.718427 0.200780 0.01 0.01
0 0.700245 0.189015 0.01 0.01
0 0.074577 0.210406 0.01 0.01
0 0.112277 0.166288 0.01 0.01
0 0.033534 0.059202 0.01 0.01
0 0.753988 0.156127 0.01 0.01
0 0.905325 0.134202 0.01 0.01
0 0.946502 0.105325 0.01 0.01
0 1.026047 0.058400 0.01 0.01
0 1.143427 0.104122 0.01 0.01
0 1.205192 0.063748 0.01 0.01
0 1.255994 0.075245 0.01 0.01
0 1.549710 0.301047 0.01 0.01
0 1.574978 0.229523 0.01 0.01
0 0.022988 0.038707 0.01 0.01
0 0.469810 0.003255 0.01 0.01
0 0.669810 0.003255 0.01 0.01
0 1.178172 0.006600 0.01 0.01
