0 0.018790 0.688334 0.01 0.01
0 0.034285 0.670393 0.01 0.01
0 0.128882 0.683441 0.01 0.01
0 0.146007 0.683441 0.01 0.01
0 0.052226 0.652452 0.01 0.01
0 0.084030 0.641035 0.01 0.01
0 0.097893 0.645113 0.01 0.01
0 0.121543 0.654899 0.01 0.01
0 0.196568 0.691596 0.01 0.01
0 0.196568 0.667947 0.01 0.01
0 0.179443 0.656530 0.01 0.01
0 0.188413 0.622279 0.01 0.01
0 0.137037 0.609231 0.01 0.01
0 0.243051 0.629618 0.01 0.01
0 0.211247 0.650821 0.01 0.01
0 0.230819 0.670393 0.01 0.01
0 0.230819 0.689150 0.01 0.01
0 0.313184 0.695673 0.01 0.01
0 0.323785 0.666316 0.01 0.01
0 0.277302 0.642666 0.01 0.01
0 0.304213 0.635327 0.01 0.01
0 0.293612 0.626356 0.01 0.01
0 0.296874 0.602707 0.01 0.01
0 0.260177 0.572534 0.01 0.01
0 0.252837 0.560301 0.01 0.01
0 0.283011 0.544807 0.01 0.01
0 0.326232 0.602707 0.01 0.01
0 0.322970 0.635327 0.01 0.01
0 0.340095 0.623910 0.01 0.01
0 0.380054 0.618201 0.01 0.01
0 0.380054 0.635327 0.01 0.01
0 0.364560 0.647559 0.01 0.01
0 0.362114 0.700566 0.01 0.01
0 0.340911 0.686703 0.01 0.01
0 0.050595 0.597814 0.01 0.01
0 0.093816 0.596183 0.01 0.01
0 0.135406 0.584766 0.01 0.01
0 0.132960 0.571718 0.01 0.01
0 0.093000 0.571718 0.01 0.01
0 0.078321 0.566010 0.01 0.01
0 0.067720 0.561117 0.01 0.01
0 0.003296 0.578242 0.01 0.01
0 0.024499 0.569272 0.01 0.01
0 0.063643 0.517080 0.01 0.01
0 0.083214 0.520342 0.01 0.01
0 0.096262 0.544807 0.01 0.01
0 0.123989 0.530128 0.01 0.01
0 0.099524 0.508925 0.01 0.01
0 0.110941 0.522789 0.01 0.01
0 0.137853 0.518711 0.01 0.01
0 0.145192 0.501586 0.01 0.01
0 0.153347 0.496693 0.01 0.01
0 0.097893 0.483645 0.01 0.01
0 0.057934 0.490984 0.01 0.01
0 0.030207 0.452656 0.01 0.01
0 0.081583 0.464889 0.01 0.01
0 0.106864 0.455918 0.01 0.01
0 0.159055 0.473043 0.01 0.01
0 0.155793 0.439608 0.01 0.01
0 0.208393 0.572662 0.01 0.01
0 0.167618 0.585710 0.01 0.01
0 0.187190 0.544935 0.01 0.01
0 0.236120 0.530256 0.01 0.01
0 0.203500 0.497637 0.01 0.01
0 0.038770 0.538411 0.01 0.01
0 1.236323 0.054136 0.01 0.01
0 1.223276 0.054136 0.01 0.01
0 1.221645 0.070446 0.01 0.01
0 1.236323 0.083494 0.01 0.01
0 1.226538 0.083494 0.01 0.01
0 1.220829 0.096542 0.01 0.01
0 1.216752 0.103066 0.01 0.01
0 1.229392 0.073772 0.01 0.01
0 1.237954 0.062355 0.01 0.01
0 1.247333 0.084781 0.01 0.01
0 1.250187 0.074995 0.01 0.01
0 1.245702 0.066025 0.01 0.01
0 1.259565 0.070510 0.01 0.01
0 1.257934 0.077034 0.01 0.01
0 1.269759 0.058278 0.01 0.01
0 1.262827 0.046453 0.01 0.01
0 1.270167 0.065617 0.01 0.01
0 1.278321 0.068879 0.01 0.01
0 1.283214 0.068471 0.01 0.01
0 1.295039 0.068064 0.01 0.01
0 1.270574 0.078665 0.01 0.01
0 1.172715 0.036495 0.01 0.01
0 1.165987 0.049339 0.01 0.01
0 1.198811 0.066872 0.01 0.01
0 1.192083 0.070338 0.01 0.01
0 1.194529 0.050359 0.01 0.01
0 1.194326 0.034457 0.01 0.01
0 1.195141 0.027525 0.01 0.01
0 1.140707 0.061572 0.01 0.01
0 1.150289 0.059125 0.01 0.01
0 1.147231 0.071969 0.01 0.01
0 1.123785 0.072989 0.01 0.01
0 1.119708 0.064018 0.01 0.01
0 1.110330 0.077678 0.01 0.01
0 1.085253 0.070338 0.01 0.01
0 1.096466 0.066057 0.01 0.01
0 1.096874 0.058310 0.01 0.01
0 1.097282 0.043019 0.01 0.01
0 1.088719 0.031398 0.01 0.01
0 1.087496 0.023447 0.01 0.01
0 1.099117 0.015700 0.01 0.01
0 1.126232 0.051346 0.01 0.01
0 1.117261 0.047269 0.01 0.01
0 1.109514 0.041560 0.01 0.01
0 1.129901 0.025658 0.01 0.01
0 1.119708 0.025658 0.01 0.01
0 1.118892 0.018318 0.01 0.01
0 1.133979 0.035444 0.01 0.01
0 1.156813 0.030143 0.01 0.01
0 1.154774 0.023211 0.01 0.01
0 1.163744 0.026473 0.01 0.01
0 1.166599 0.026473 0.01 0.01
0 1.169453 0.013018 0.01 0.01
0 1.182501 0.006494 0.01 0.01
0 1.181685 0.021173 0.01 0.01
0 1.193102 0.006902 0.01 0.01
0 1.187802 0.003640 0.01 0.01
0 1.200442 0.006494 0.01 0.01
0 1.308902 0.079073 0.01 0.01
0 1.335814 0.060724 0.01 0.01
0 1.352124 0.061132 0.01 0.01
0 1.293000 0.089266 0.01 0.01
0 1.299932 0.102722 0.01 0.01
0 1.305233 0.099460 0.01 0.01
0 1.308087 0.091713 0.01 0.01
0 1.285253 0.094975 0.01 0.01
0 1.266497 0.098237 0.01 0.01
0 1.264050 0.106392 0.01 0.01
0 1.253449 0.099868 0.01 0.01
0 1.244071 0.097014 0.01 0.01
0 1.246109 0.105169 0.01 0.01
0 1.229392 0.104353 0.01 0.01
0 1.237954 0.133711 0.01 0.01
0 1.234285 0.141458 0.01 0.01
0 1.239993 0.152060 0.01 0.01
0 1.253857 0.142681 0.01 0.01
0 1.258750 0.129226 0.01 0.01
0 1.260788 0.139012 0.01 0.01
0 1.268128 0.154098 0.01 0.01
0 1.263235 0.162661 0.01 0.01
0 1.254264 0.160214 0.01 0.01
0 1.284438 0.158583 0.01 0.01
0 1.277914 0.137788 0.01 0.01
0 1.293816 0.147167 0.01 0.01
0 1.294631 0.131672 0.01 0.01
0 1.308087 0.151652 0.01 0.01
0 1.286884 0.136565 0.01 0.01
0 1.282399 0.122702 0.01 0.01
0 1.289738 0.120663 0.01 0.01
0 1.311349 0.132488 0.01 0.01
0 1.321543 0.163069 0.01 0.01
0 1.311757 0.162661 0.01 0.01
0 1.330105 0.163476 0.01 0.01
0 1.342338 0.166738 0.01 0.01
0 1.334591 0.168369 0.01 0.01
0 1.158444 0.074180 0.01 0.01
0 1.158852 0.078665 0.01 0.01
0 1.166599 0.062763 0.01 0.01
0 1.182909 0.081112 0.01 0.01
0 1.172715 0.077442 0.01 0.01
0 1.183724 0.096606 0.01 0.01
0 1.190656 0.091305 0.01 0.01
0 1.190248 0.105984 0.01 0.01
0 1.180462 0.112916 0.01 0.01
0 1.175569 0.124333 0.01 0.01
0 1.179647 0.130857 0.01 0.01
0 1.202480 0.129226 0.01 0.01
0 1.203296 0.112916 0.01 0.01
0 1.197180 0.152467 0.01 0.01
0 1.190248 0.165923 0.01 0.01
0 1.181278 0.152467 0.01 0.01
0 1.176792 0.141458 0.01 0.01
0 1.161706 0.144312 0.01 0.01
0 1.161706 0.125964 0.01 0.01
0 1.149881 0.132080 0.01 0.01
0 1.157221 0.154914 0.01 0.01
0 1.166191 0.164700 0.01 0.01
0 1.211859 0.150836 0.01 0.01
0 1.213490 0.140643 0.01 0.01
0 1.221645 0.146759 0.01 0.01
0 1.217567 0.162661 0.01 0.01
0 1.325620 0.148390 0.01 0.01
0 1.330105 0.141458 0.01 0.01
0 1.323989 0.132488 0.01 0.01
0 1.316242 0.125964 0.01 0.01
0 1.318688 0.118624 0.01 0.01
0 1.304417 0.116178 0.01 0.01
0 1.312980 0.107615 0.01 0.01
0 1.325620 0.106800 0.01 0.01
0 1.329290 0.108838 0.01 0.01
0 1.330921 0.094159 0.01 0.01
0 1.324397 0.089266 0.01 0.01
0 1.336222 0.070102 0.01 0.01
0 1.338260 0.106800 0.01 0.01
0 1.344377 0.117809 0.01 0.01
0 1.340299 0.129226 0.01 0.01
0 1.349677 0.145128 0.01 0.01
0 1.361094 0.144720 0.01 0.01
0 1.365172 0.164700 0.01 0.01
0 1.376589 0.147982 0.01 0.01
0 1.361910 0.114547 0.01 0.01
0 1.362317 0.030551 0.01 0.01
0 1.351716 0.020765 0.01 0.01
0 1.345192 0.015464 0.01 0.01
0 1.334591 0.006086 0.01 0.01
0 1.341522 0.004047 0.01 0.01
0 1.344377 0.008125 0.01 0.01
0 1.351716 0.008533 0.01 0.01
0 1.364764 0.015872 0.01 0.01
0 1.359463 0.017095 0.01 0.01
0 1.374142 0.022396 0.01 0.01
0 1.201257 0.033405 0.01 0.01
0 1.203704 0.019134 0.01 0.01
0 1.147027 0.161438 0.01 0.01
0 1.144988 0.149205 0.01 0.01
0 1.136018 0.142681 0.01 0.01
0 1.125824 0.161030 0.01 0.01
0 1.120523 0.154914 0.01 0.01
0 1.107068 0.166738 0.01 0.01
0 1.107475 0.150429 0.01 0.01
0 1.092796 0.151244 0.01 0.01
0 1.092796 0.161030 0.01 0.01
0 1.083826 0.153691 0.01 0.01
0 1.074448 0.157360 0.01 0.01
0 1.068739 0.158583 0.01 0.01
0 1.060177 0.158583 0.01 0.01
0 1.058953 0.149205 0.01 0.01
0 1.064662 0.139827 0.01 0.01
0 1.069555 0.148390 0.01 0.01
0 1.089942 0.143089 0.01 0.01
0 1.079341 0.137788 0.01 0.01
0 1.074856 0.140235 0.01 0.01
0 1.080564 0.131264 0.01 0.01
0 1.088311 0.129633 0.01 0.01
0 1.097282 0.128002 0.01 0.01
0 1.109514 0.127187 0.01 0.01
0 1.110330 0.135750 0.01 0.01
0 1.124601 0.105984 0.01 0.01
0 1.130309 0.122702 0.01 0.01
0 1.131125 0.130449 0.01 0.01
0 1.138056 0.128410 0.01 0.01
0 1.111961 0.110469 0.01 0.01
0 1.101359 0.110877 0.01 0.01
0 1.094020 0.109654 0.01 0.01
0 1.081787 0.120255 0.01 0.01
0 1.070778 0.123109 0.01 0.01
0 1.069963 0.115362 0.01 0.01
0 1.068332 0.112100 0.01 0.01
0 1.058546 0.114547 0.01 0.01
0 1.054876 0.113324 0.01 0.01
0 1.052837 0.130041 0.01 0.01
0 1.048352 0.128002 0.01 0.01
0 1.043051 0.134526 0.01 0.01
0 1.038158 0.135750 0.01 0.01
0 1.021848 0.133303 0.01 0.01
0 1.029596 0.130857 0.01 0.01
0 1.057730 0.120663 0.01 0.01
0 1.063031 0.120663 0.01 0.01
0 1.026334 0.125964 0.01 0.01
0 1.024295 0.126371 0.01 0.01
0 1.000646 0.125556 0.01 0.01
0 1.020625 0.157360 0.01 0.01
0 1.018994 0.170816 0.01 0.01
0 1.044682 0.172039 0.01 0.01
0 1.044682 0.155322 0.01 0.01
0 1.032450 0.163476 0.01 0.01
0 1.054468 0.170000 0.01 0.01
0 1.008801 0.154098 0.01 0.01
0 0.996160 0.158176 0.01 0.01
0 0.995753 0.169185 0.01 0.01
0 0.982705 0.157768 0.01 0.01
0 0.986374 0.121478 0.01 0.01
0 0.986374 0.091713 0.01 0.01
0 0.992898 0.077850 0.01 0.01
0 0.998607 0.092936 0.01 0.01
0 1.018586 0.077442 0.01 0.01
0 1.040605 0.078257 0.01 0.01
0 1.007170 0.083966 0.01 0.01
0 1.063846 0.067656 0.01 0.01
0 1.030003 0.080704 0.01 0.01
0 1.071186 0.079481 0.01 0.01
0 1.076487 0.054608 0.01 0.01
0 1.063846 0.041968 0.01 0.01
0 1.053653 0.042783 0.01 0.01
0 1.050391 0.044414 0.01 0.01
0 1.084642 0.061947 0.01 0.01
0 1.087088 0.052977 0.01 0.01
0 1.041013 0.059909 0.01 0.01
0 1.016140 0.053385 0.01 0.01
0 1.026741 0.062763 0.01 0.01
0 1.008393 0.057462 0.01 0.01
0 1.003092 0.061132 0.01 0.01
0 0.982705 0.057054 0.01 0.01
0 0.987598 0.047269 0.01 0.01
0 0.994122 0.036667 0.01 0.01
0 0.981074 0.031774 0.01 0.01
0 0.985967 0.039114 0.01 0.01
0 0.981074 0.021580 0.01 0.01
0 0.991675 0.024842 0.01 0.01
0 0.996160 0.019542 0.01 0.01
0 1.001053 0.019134 0.01 0.01
0 1.009208 0.011794 0.01 0.01
0 1.008801 0.008940 0.01 0.01
0 1.021848 0.002824 0.01 0.01
0 1.038974 0.005678 0.01 0.01
0 1.058953 0.006494 0.01 0.01
0 1.074448 0.003640 0.01 0.01
0 1.083011 0.003232 0.01 0.01
0 1.094020 0.002824 0.01 0.01
0 1.110330 0.002824 0.01 0.01
0 1.138464 0.004455 0.01 0.01
0 1.129494 0.002416 0.01 0.01
0 1.156813 0.013833 0.01 0.01
0 1.148250 0.015464 0.01 0.01
0 1.145396 0.020765 0.01 0.01
0 1.144580 0.048492 0.01 0.01
0 1.149881 0.048492 0.01 0.01
0 1.146619 0.025658 0.01 0.01
0 1.165783 0.002009 0.01 0.01
0 1.175161 0.002009 0.01 0.01
0 1.110737 0.014649 0.01 0.01
0 1.105844 0.032997 0.01 0.01
0 1.012878 0.038298 0.01 0.01
0 1.019402 0.044414 0.01 0.01
0 1.023072 0.041152 0.01 0.01
0 1.033265 0.030143 0.01 0.01
0 1.031227 0.038706 0.01 0.01
0 0.998607 0.043191 0.01 0.01
0 0.986782 0.072141 0.01 0.01
0 0.995753 0.066025 0.01 0.01
0 1.039382 0.098173 0.01 0.01
0 1.050799 0.098173 0.01 0.01
0 1.018179 0.102250 0.01 0.01
0 0.999422 0.111221 0.01 0.01
0 1.011655 0.107143 0.01 0.01
0 0.998607 0.103066 0.01 0.01
0 0.967618 0.126715 0.01 0.01
0 0.974958 0.133239 0.01 0.01
0 1.424703 0.063106 0.01 0.01
0 1.436935 0.067184 0.01 0.01
0 1.393714 0.086756 0.01 0.01
0 1.379035 0.085125 0.01 0.01
0 1.379851 0.093280 0.01 0.01
0 1.418179 0.105512 0.01 0.01
0 1.403500 0.119376 0.01 0.01
0 1.444275 0.058214 0.01 0.01
0 1.443459 0.048428 0.01 0.01
0 1.432858 0.052505 0.01 0.01
0 1.394529 0.047612 0.01 0.01
0 1.378220 0.037826 0.01 0.01
0 1.383112 0.028040 0.01 0.01
0 1.383112 0.019070 0.01 0.01
0 1.396976 0.022332 0.01 0.01
0 1.388821 0.015808 0.01 0.01
0 1.417363 0.015808 0.01 0.01
0 1.430411 0.010099 0.01 0.01
0 1.443459 0.010915 0.01 0.01
0 1.435304 0.023147 0.01 0.01
0 1.450799 0.019070 0.01 0.01
0 1.442644 0.037011 0.01 0.01
0 1.454061 0.044350 0.01 0.01
0 1.468739 0.066368 0.01 0.01
0 1.461400 0.040273 0.01 0.01
0 1.479341 0.028856 0.01 0.01
0 1.471186 0.028040 0.01 0.01
0 1.466293 0.020701 0.01 0.01
0 1.465477 0.011730 0.01 0.01
0 1.486680 0.063922 0.01 0.01
0 1.495651 0.061475 0.01 0.01
0 1.487496 0.038642 0.01 0.01
0 1.494020 0.020701 0.01 0.01
0 1.516854 0.033749 0.01 0.01
0 1.528270 0.022332 0.01 0.01
0 1.525824 0.010099 0.01 0.01
0 1.511961 0.013361 0.01 0.01
0 1.492389 0.011730 0.01 0.01
0 1.485049 0.003575 0.01 0.01
0 1.518485 0.064737 0.01 0.01
0 1.512776 0.072892 0.01 0.01
0 1.517669 0.091649 0.01 0.01
0 1.479341 0.089202 0.01 0.01
0 1.489942 0.087571 0.01 0.01
0 1.530717 0.082678 0.01 0.01
0 1.538872 0.080232 0.01 0.01
0 1.550289 0.075339 0.01 0.01
0 1.542949 0.050059 0.01 0.01
0 1.523378 0.048428 0.01 0.01
0 1.532348 0.037826 0.01 0.01
0 1.564968 0.040273 0.01 0.01
0 1.571492 0.041088 0.01 0.01
0 1.578831 0.040273 0.01 0.01
0 1.569045 0.030487 0.01 0.01
0 1.565783 0.032933 0.01 0.01
0 1.570676 0.003575 0.01 0.01
0 1.557628 0.006022 0.01 0.01
0 1.560890 0.012546 0.01 0.01
0 1.583724 0.011730 0.01 0.01
0 1.587802 0.002760 0.01 0.01
0 1.595141 0.050874 0.01 0.01
0 1.564968 0.077785 0.01 0.01
0 1.578016 0.090833 0.01 0.01
0 1.573938 0.100619 0.01 0.01
0 1.578831 0.125900 0.01 0.01
0 1.415732 0.136501 0.01 0.01
0 1.396976 0.137316 0.01 0.01
0 1.379035 0.136501 0.01 0.01
0 1.405131 0.147102 0.01 0.01
0 1.429596 0.139763 0.01 0.01
0 1.453245 0.138947 0.01 0.01
0 1.434489 0.156073 0.01 0.01
0 1.444275 0.124269 0.01 0.01
0 1.475263 0.138947 0.01 0.01
0 1.459769 0.123453 0.01 0.01
0 1.470370 0.125084 0.01 0.01
0 1.468739 0.114483 0.01 0.01
0 1.479341 0.112852 0.01 0.01
0 1.489942 0.115298 0.01 0.01
0 1.500544 0.111221 0.01 0.01
0 1.516038 0.117745 0.01 0.01
0 1.503806 0.120191 0.01 0.01
0 1.521747 0.102250 0.01 0.01
0 1.524193 0.132424 0.01 0.01
0 1.513592 0.132424 0.01 0.01
0 1.535610 0.121007 0.01 0.01
0 0.446517 0.672152 0.01 0.01
0 0.449779 0.644426 0.01 0.01
0 0.423683 0.631378 0.01 0.01
0 0.387802 0.650950 0.01 0.01
0 0.410635 0.652581 0.01 0.01
0 0.428576 0.592234 0.01 0.01
0 0.461196 0.592234 0.01 0.01
0 0.464458 0.611806 0.01 0.01
0 0.485661 0.613437 0.01 0.01
0 0.492185 0.631378 0.01 0.01
0 0.475875 0.652581 0.01 0.01
0 0.501971 0.668890 0.01 0.01
0 0.550900 0.691724 0.01 0.01
0 0.508495 0.701510 0.01 0.01
0 0.528067 0.696617 0.01 0.01
0 0.532960 0.647688 0.01 0.01
0 0.550900 0.660736 0.01 0.01
0 0.573734 0.644426 0.01 0.01
0 0.594937 0.672152 0.01 0.01
0 0.606354 0.683569 0.01 0.01
0 0.622664 0.685200 0.01 0.01
0 0.630819 0.634640 0.01 0.01
0 0.645498 0.703141 0.01 0.01
0 0.645498 0.696617 0.01 0.01
0 0.809820 0.658976 0.01 0.01
0 0.841624 0.676917 0.01 0.01
0 0.869351 0.684257 0.01 0.01
0 0.855488 0.680179 0.01 0.01
0 0.908495 0.694042 0.01 0.01
0 0.927251 0.699751 0.01 0.01
0 0.970472 0.680995 0.01 0.01
0 0.996568 0.687519 0.01 0.01
0 1.037343 0.667947 0.01 0.01
0 1.079749 0.679364 0.01 0.01
0 1.134387 0.685888 0.01 0.01
0 1.175977 0.694858 0.01 0.01
0 1.195549 0.683441 0.01 0.01
0 1.231431 0.690780 0.01 0.01
0 1.251002 0.683441 0.01 0.01
0 1.287700 0.691596 0.01 0.01
0 1.314611 0.676917 0.01 0.01
0 1.334998 0.692411 0.01 0.01
0 1.347231 0.686703 0.01 0.01
0 1.387190 0.703013 0.01 0.01
0 1.381482 0.659792 0.01 0.01
0 1.366803 0.658161 0.01 0.01
0 1.416548 0.680995 0.01 0.01
0 1.433673 0.682626 0.01 0.01
0 1.465477 0.695673 0.01 0.01
0 1.501359 0.698120 0.01 0.01
0 1.521747 0.667131 0.01 0.01
0 1.529901 0.705459 0.01 0.01
0 1.538872 0.706275 0.01 0.01
0 1.551104 0.676102 0.01 0.01
0 1.582093 0.688334 0.01 0.01
0 1.589433 0.703013 0.01 0.01
0 1.497282 0.659792 0.01 0.01
0 1.462215 0.655714 0.01 0.01
0 1.441013 0.655714 0.01 0.01
0 1.388821 0.620648 0.01 0.01
0 1.357832 0.614124 0.01 0.01
0 1.311349 0.650821 0.01 0.01
0 1.264050 0.651637 0.01 0.01
0 1.289331 0.632880 0.01 0.01
0 1.235508 0.646744 0.01 0.01
0 1.213490 0.643482 0.01 0.01
0 1.184132 0.621463 0.01 0.01
0 1.176792 0.634511 0.01 0.01
0 1.149066 0.636142 0.01 0.01
0 1.144173 0.658161 0.01 0.01
0 1.082195 0.649190 0.01 0.01
0 1.073225 0.632880 0.01 0.01
0 1.096874 0.619832 0.01 0.01
0 1.110737 0.614940 0.01 0.01
0 1.093612 0.578242 0.01 0.01
0 1.071594 0.603523 0.01 0.01
0 1.055284 0.600261 0.01 0.01
0 1.037343 0.607600 0.01 0.01
0 1.010432 0.603523 0.01 0.01
0 0.990044 0.650006 0.01 0.01
0 0.976181 0.628803 0.01 0.01
0 0.943561 0.667947 0.01 0.01
0 0.906048 0.649190 0.01 0.01
0 0.912572 0.629618 0.01 0.01
0 0.879952 0.651637 0.01 0.01
0 0.849779 0.638589 0.01 0.01
0 0.831023 0.617386 0.01 0.01
0 0.816344 0.588844 0.01 0.01
0 0.848148 0.588844 0.01 0.01
0 0.875875 0.580689 0.01 0.01
0 0.896262 0.588844 0.01 0.01
0 0.919912 0.610862 0.01 0.01
0 0.924805 0.577427 0.01 0.01
0 0.959055 0.566825 0.01 0.01
0 0.942746 0.553777 0.01 0.01
0 0.973734 0.549700 0.01 0.01
0 0.993306 0.588028 0.01 0.01
0 0.987598 0.610862 0.01 0.01
0 1.048760 0.561932 0.01 0.01
0 1.064254 0.570087 0.01 0.01
0 1.082195 0.557855 0.01 0.01
0 1.119708 0.543991 0.01 0.01
0 1.133571 0.567641 0.01 0.01
0 1.147435 0.543991 0.01 0.01
0 1.152328 0.577427 0.01 0.01
0 1.169453 0.605969 0.01 0.01
0 1.196364 0.586397 0.01 0.01
0 1.220829 0.601892 0.01 0.01
0 1.221645 0.582320 0.01 0.01
0 1.255895 0.592921 0.01 0.01
0 1.244478 0.577427 0.01 0.01
0 1.196364 0.549700 0.01 0.01
0 1.176792 0.541545 0.01 0.01
0 1.159667 0.513003 0.01 0.01
0 1.187394 0.511372 0.01 0.01
0 1.175161 0.493431 0.01 0.01
0 1.216752 0.517896 0.01 0.01
0 1.226538 0.547253 0.01 0.01
0 1.253449 0.556224 0.01 0.01
0 1.266497 0.571718 0.01 0.01
0 1.291777 0.571718 0.01 0.01
0 1.321950 0.574165 0.01 0.01
0 1.353755 0.583135 0.01 0.01
0 1.380666 0.590475 0.01 0.01
0 1.405131 0.583951 0.01 0.01
0 1.445906 0.596999 0.01 0.01
0 1.442644 0.623910 0.01 0.01
0 1.408393 0.625541 0.01 0.01
0 1.465477 0.610862 0.01 0.01
0 1.473632 0.591290 0.01 0.01
0 1.499728 0.613309 0.01 0.01
0 1.511961 0.639404 0.01 0.01
0 1.525009 0.598630 0.01 0.01
0 1.491573 0.644297 0.01 0.01
0 1.558444 0.617386 0.01 0.01
0 1.553551 0.594552 0.01 0.01
0 1.595141 0.646744 0.01 0.01
0 1.593510 0.603523 0.01 0.01
0 1.566599 0.571718 0.01 0.01
0 1.582093 0.566010 0.01 0.01
0 1.543765 0.572534 0.01 0.01
0 1.499728 0.580689 0.01 0.01
0 1.522562 0.578242 0.01 0.01
0 1.479341 0.558670 0.01 0.01
0 1.509514 0.552146 0.01 0.01
0 1.540503 0.545622 0.01 0.01
0 1.577200 0.544807 0.01 0.01
0 1.440197 0.559486 0.01 0.01
0 1.402684 0.564379 0.01 0.01
0 1.378220 0.548069 0.01 0.01
0 1.350493 0.559486 0.01 0.01
0 1.315426 0.544807 0.01 0.01
0 1.290146 0.539099 0.01 0.01
0 1.108291 0.528497 0.01 0.01
0 1.083011 0.512187 0.01 0.01
0 1.044682 0.548069 0.01 0.01
0 1.037343 0.524420 0.01 0.01
0 1.007985 0.539914 0.01 0.01
0 0.992491 0.522789 0.01 0.01
0 0.955793 0.511372 0.01 0.01
0 0.920727 0.515449 0.01 0.01
0 0.901155 0.519527 0.01 0.01
0 0.877506 0.522789 0.01 0.01
0 0.881583 0.552962 0.01 0.01
0 0.844886 0.548884 0.01 0.01
0 0.831838 0.530944 0.01 0.01
0 0.806558 0.541545 0.01 0.01
0 0.826130 0.516265 0.01 0.01
0 0.847333 0.517080 0.01 0.01
0 0.804927 0.498324 0.01 0.01
0 0.842440 0.473043 0.01 0.01
0 0.831023 0.446132 0.01 0.01
0 0.814713 0.447763 0.01 0.01
0 0.809820 0.426560 0.01 0.01
0 0.833469 0.431453 0.01 0.01
0 0.862827 0.476305 0.01 0.01
0 0.874244 0.476305 0.01 0.01
0 0.903602 0.470597 0.01 0.01
0 0.932144 0.483645 0.01 0.01
0 0.957424 0.480383 0.01 0.01
0 0.978627 0.468151 0.01 0.01
0 1.012063 0.464889 0.01 0.01
0 0.997384 0.447763 0.01 0.01
0 1.030003 0.477936 0.01 0.01
0 1.057730 0.483645 0.01 0.01
0 1.074856 0.472228 0.01 0.01
0 1.081380 0.486907 0.01 0.01
0 1.105029 0.473859 0.01 0.01
0 1.118077 0.451025 0.01 0.01
0 1.131125 0.490984 0.01 0.01
0 1.153959 0.485276 0.01 0.01
0 1.151512 0.461627 0.01 0.01
0 1.131125 0.442870 0.01 0.01
0 1.181685 0.465704 0.01 0.01
0 1.194733 0.483645 0.01 0.01
0 1.211859 0.461627 0.01 0.01
0 1.235508 0.471412 0.01 0.01
0 1.220829 0.495062 0.01 0.01
0 1.267312 0.500770 0.01 0.01
0 1.288515 0.517896 0.01 0.01
0 1.313795 0.508110 0.01 0.01
0 1.343153 0.502401 0.01 0.01
0 1.367618 0.492615 0.01 0.01
0 1.396160 0.476305 0.01 0.01
0 1.417363 0.521973 0.01 0.01
0 1.392083 0.518711 0.01 0.01
0 1.413286 0.542361 0.01 0.01
0 1.438566 0.520342 0.01 0.01
0 1.463846 0.508110 0.01 0.01
0 1.477710 0.534206 0.01 0.01
0 1.501359 0.522789 0.01 0.01
0 1.493204 0.499955 0.01 0.01
0 1.521747 0.493431 0.01 0.01
0 1.535610 0.513818 0.01 0.01
0 1.553551 0.486091 0.01 0.01
0 1.578016 0.475490 0.01 0.01
0 1.585355 0.510556 0.01 0.01
0 1.565783 0.520342 0.01 0.01
0 1.542134 0.455918 0.01 0.01
0 1.528270 0.456734 0.01 0.01
0 1.510330 0.464889 0.01 0.01
0 1.494835 0.471412 0.01 0.01
0 1.463031 0.446948 0.01 0.01
0 1.480156 0.446948 0.01 0.01
0 1.504621 0.440424 0.01 0.01
0 1.555182 0.416774 0.01 0.01
0 1.535610 0.424929 0.01 0.01
0 1.572307 0.410250 0.01 0.01
0 1.583724 0.408619 0.01 0.01
0 1.582909 0.496693 0.01 0.01
0 1.571492 0.372738 0.01 0.01
0 1.551920 0.398833 0.01 0.01
0 1.539687 0.406173 0.01 0.01
0 1.533979 0.406988 0.01 0.01
0 1.517669 0.409435 0.01 0.01
0 1.509514 0.422483 0.01 0.01
0 1.495651 0.422483 0.01 0.01
0 0.959882 0.129599 0.01 0.01
0 0.951890 0.112017 0.01 0.01
0 0.942300 0.116812 0.01 0.01
0 0.925517 0.100828 0.01 0.01
0 0.939902 0.090439 0.01 0.01
0 0.911131 0.095234 0.01 0.01
0 0.918324 0.089639 0.01 0.01
0 0.901541 0.095234 0.01 0.01
0 0.891950 0.102427 0.01 0.01
0 0.879163 0.087242 0.01 0.01
0 0.870372 0.088041 0.01 0.01
0 0.863978 0.104025 0.01 0.01
0 0.860781 0.112017 0.01 0.01
0 0.847994 0.090439 0.01 0.01
0 0.840801 0.099230 0.01 0.01
0 0.843199 0.108820 0.01 0.01
0 0.836805 0.088840 0.01 0.01
0 0.835207 0.092836 0.01 0.01
0 0.822420 0.088840 0.01 0.01
0 0.827215 0.102427 0.01 0.01
0 0.976666 0.100828 0.01 0.01
0 0.959083 0.094435 0.01 0.01
0 0.967075 0.100029 0.01 0.01
0 0.967075 0.088041 0.01 0.01
0 0.975067 0.085643 0.01 0.01
0 0.876765 0.119210 0.01 0.01
0 0.891950 0.122407 0.01 0.01
0 0.892749 0.131198 0.01 0.01
0 0.903139 0.126403 0.01 0.01
0 0.913529 0.131198 0.01 0.01
0 0.903139 0.138391 0.01 0.01
0 0.885557 0.146383 0.01 0.01
0 0.879163 0.143186 0.01 0.01
0 0.867974 0.136792 0.01 0.01
0 0.843998 0.128800 0.01 0.01
0 0.833609 0.131997 0.01 0.01
0 0.833609 0.121607 0.01 0.01
0 0.832010 0.112017 0.01 0.01
0 0.945497 0.139989 0.01 0.01
0 0.933509 0.142387 0.01 0.01
0 0.956686 0.163965 0.01 0.01
0 0.928713 0.149579 0.01 0.01
0 0.960682 0.180748 0.01 0.01
0 0.941501 0.178351 0.01 0.01
0 0.971870 0.182347 0.01 0.01
0 0.991051 0.181547 0.01 0.01
0 0.992650 0.203925 0.01 0.01
0 0.986256 0.186343 0.01 0.01
0 1.003039 0.192736 0.01 0.01
0 1.013429 0.189539 0.01 0.01
0 1.026216 0.195134 0.01 0.01
0 1.027814 0.182347 0.01 0.01
0 1.046196 0.194335 0.01 0.01
0 1.055786 0.194335 0.01 0.01
0 1.051790 0.179150 0.01 0.01
0 1.059782 0.180748 0.01 0.01
0 1.066975 0.181547 0.01 0.01
0 1.086955 0.218311 0.01 0.01
0 1.103738 0.214315 0.01 0.01
0 1.110931 0.200728 0.01 0.01
0 1.128514 0.207122 0.01 0.01
0 1.145297 0.214315 0.01 0.01
0 1.136506 0.200728 0.01 0.01
0 1.154088 0.198331 0.01 0.01
0 1.166076 0.205523 0.01 0.01
0 1.152490 0.188740 0.01 0.01
0 1.138903 0.174355 0.01 0.01
0 1.184458 0.207921 0.01 0.01
0 1.186855 0.223905 0.01 0.01
0 1.167675 0.187941 0.01 0.01
0 1.152490 0.179949 0.01 0.01
0 1.179663 0.188740 0.01 0.01
0 1.178064 0.171158 0.01 0.01
0 1.190851 0.196732 0.01 0.01
0 1.206835 0.201527 0.01 0.01
0 1.218024 0.207921 0.01 0.01
0 1.213229 0.220708 0.01 0.01
0 1.051790 0.226303 0.01 0.01
0 1.062979 0.225503 0.01 0.01
0 1.035007 0.219110 0.01 0.01
0 1.018224 0.223905 0.01 0.01
0 1.247595 0.191138 0.01 0.01
0 1.253988 0.173555 0.01 0.01
0 1.230811 0.176752 0.01 0.01
0 1.222819 0.182347 0.01 0.01
0 1.223619 0.193535 0.01 0.01
0 1.269173 0.208720 0.01 0.01
0 1.261980 0.173555 0.01 0.01
0 1.297145 0.213515 0.01 0.01
0 1.281960 0.196732 0.01 0.01
0 1.289153 0.183945 0.01 0.01
0 1.307535 0.182347 0.01 0.01
0 1.317125 0.183945 0.01 0.01
0 1.335507 0.182347 0.01 0.01
0 1.350691 0.187142 0.01 0.01
0 1.361081 0.186343 0.01 0.01
0 1.361081 0.174355 0.01 0.01
0 1.385057 0.172756 0.01 0.01
0 1.394648 0.189539 0.01 0.01
0 1.388254 0.192736 0.01 0.01
0 1.389852 0.208720 0.01 0.01
0 1.373069 0.218311 0.01 0.01
0 1.365876 0.221507 0.01 0.01
0 1.449792 0.147981 0.01 0.01
0 1.437005 0.147981 0.01 0.01
0 1.401041 0.171957 0.01 0.01
0 1.395447 0.166363 0.01 0.01
0 1.460182 0.145583 0.01 0.01
0 1.464977 0.138391 0.01 0.01
0 1.473768 0.168760 0.01 0.01
0 1.480162 0.137591 0.01 0.01
0 1.529712 0.171957 0.01 0.01
0 1.539303 0.174355 0.01 0.01
0 1.549692 0.140788 0.01 0.01
0 1.546496 0.112816 0.01 0.01
0 1.557685 0.111218 0.01 0.01
0 1.569673 0.147981 0.01 0.01
0 0.830412 0.143985 0.01 0.01
0 0.812829 0.153575 0.01 0.01
0 0.828014 0.159170 0.01 0.01
0 0.825617 0.167961 0.01 0.01
0 0.850392 0.146383 0.01 0.01
0 0.854388 0.151977 0.01 0.01
0 0.836805 0.178351 0.01 0.01
0 0.822420 0.172756 0.01 0.01
0 0.808833 0.191138 0.01 0.01
0 0.822420 0.186343 0.01 0.01
0 0.851191 0.186343 0.01 0.01
0 0.853589 0.178351 0.01 0.01
0 0.931111 0.238291 0.01 0.01
0 0.907934 0.241488 0.01 0.01
0 0.936705 0.223106 0.01 0.01
0 0.916725 0.207921 0.01 0.01
0 0.933509 0.203126 0.01 0.01
0 0.941501 0.203126 0.01 0.01
0 0.955087 0.220708 0.01 0.01
0 0.967075 0.203126 0.01 0.01
0 0.959083 0.203925 0.01 0.01
0 0.975067 0.201527 0.01 0.01
0 0.927515 0.118810 0.01 0.01
0 0.859583 0.086043 0.01 0.01
0 0.843199 0.079649 0.01 0.01
0 0.846795 0.071657 0.01 0.01
0 0.879962 0.073655 0.01 0.01
0 0.892749 0.072457 0.01 0.01
0 0.792450 0.142387 0.01 0.01
0 0.807235 0.135194 0.01 0.01
0 0.779263 0.139989 0.01 0.01
0 0.792050 0.121208 0.01 0.01
0 0.784857 0.102826 0.01 0.01
0 0.777665 0.126403 0.01 0.01
0 0.797245 0.100429 0.01 0.01
0 0.804438 0.091238 0.01 0.01
0 0.795247 0.173156 0.01 0.01
0 0.776466 0.174754 0.01 0.01
0 0.786456 0.191937 0.01 0.01
0 0.772869 0.207122 0.01 0.01
0 0.769673 0.197931 0.01 0.01
0 0.770072 0.219509 0.01 0.01
0 0.780062 0.224704 0.01 0.01
0 0.794847 0.225503 0.01 0.01
0 0.799243 0.213116 0.01 0.01
0 0.811631 0.228301 0.01 0.01
0 0.829213 0.229100 0.01 0.01
0 0.817625 0.210319 0.01 0.01
0 0.835607 0.206323 0.01 0.01
0 0.832809 0.199529 0.01 0.01
0 0.854787 0.219110 0.01 0.01
0 0.846396 0.216313 0.01 0.01
0 0.838404 0.233096 0.01 0.01
0 0.853589 0.233495 0.01 0.01
0 0.849193 0.196732 0.01 0.01
0 0.877565 0.187541 0.01 0.01
0 0.874767 0.196732 0.01 0.01
0 0.867974 0.179949 0.01 0.01
0 0.853988 0.164764 0.01 0.01
0 0.844797 0.157971 0.01 0.01
0 0.774468 0.088041 0.01 0.01
0 0.774867 0.076453 0.01 0.01
0 0.769673 0.067661 0.01 0.01
0 0.794448 0.081647 0.01 0.01
0 0.796046 0.092437 0.01 0.01
0 0.965876 0.219909 0.01 0.01
0 0.987055 0.227901 0.01 0.01
0 0.993449 0.221907 0.01 0.01
0 1.006236 0.224305 0.01 0.01
0 1.023019 0.209120 0.01 0.01
0 0.935507 0.087641 0.01 0.01
0 0.951890 0.070459 0.01 0.01
0 0.935107 0.070858 0.01 0.01
0 1.078963 0.165164 0.01 0.01
0 1.069373 0.165963 0.01 0.01
0 1.132110 0.152776 0.01 0.01
0 0.898344 0.176752 0.01 0.01
0 0.874767 0.167961 0.01 0.01
0 0.887555 0.157571 0.01 0.01
0 0.897145 0.159969 0.01 0.01
0 0.891551 0.171158 0.01 0.01
0 0.917125 0.170359 0.01 0.01
0 0.902340 0.151577 0.01 0.01
0 0.815627 0.074854 0.01 0.01
0 0.816825 0.065264 0.01 0.01
0 1.410632 0.382703 0.01 0.01
0 1.425816 0.377108 0.01 0.01
0 1.415027 0.351934 0.01 0.01
0 1.415826 0.333552 0.01 0.01
0 1.411031 0.307978 0.01 0.01
0 1.399842 0.317168 0.01 0.01
0 1.389852 0.335550 0.01 0.01
0 1.387854 0.359926 0.01 0.01
0 1.371471 0.349536 0.01 0.01
0 1.359882 0.380305 0.01 0.01
0 1.365876 0.394691 0.01 0.01
0 1.330711 0.384701 0.01 0.01
0 1.343099 0.360725 0.01 0.01
0 1.343898 0.391094 0.01 0.01
0 1.334308 0.346339 0.01 0.01
0 1.338703 0.321964 0.01 0.01
0 1.361081 0.316769 0.01 0.01
0 1.357884 0.302783 0.01 0.01
0 1.367874 0.300785 0.01 0.01
0 1.353888 0.231254 0.01 0.01
0 1.378664 0.228058 0.01 0.01
0 1.351091 0.249236 0.01 0.01
0 1.423818 0.231254 0.01 0.01
0 1.315926 0.339546 0.01 0.01
0 1.307135 0.343542 0.01 0.01
0 1.300741 0.395490 0.01 0.01
0 1.277165 0.387498 0.01 0.01
0 1.251191 0.330755 0.01 0.01
0 1.261980 0.333152 0.01 0.01
0 1.275567 0.321564 0.01 0.01
0 1.296346 0.325960 0.01 0.01
0 1.281960 0.284801 0.01 0.01
0 1.313529 0.287598 0.01 0.01
0 1.299143 0.268417 0.01 0.01
0 1.312330 0.262423 0.01 0.01
0 1.319123 0.262024 0.01 0.01
0 1.324318 0.242843 0.01 0.01
0 1.312330 0.248837 0.01 0.01
0 1.287155 0.238048 0.01 0.01
0 1.299543 0.255630 0.01 0.01
0 1.221221 0.376709 0.01 0.01
0 1.233609 0.369916 0.01 0.01
0 1.234408 0.349136 0.01 0.01
0 1.208434 0.354331 0.01 0.01
0 1.223619 0.331554 0.01 0.01
0 1.219223 0.315170 0.01 0.01
0 1.189253 0.340745 0.01 0.01
0 1.182460 0.337948 0.01 0.01
0 1.172070 0.341944 0.01 0.01
0 1.175267 0.357128 0.01 0.01
0 1.160881 0.392693 0.01 0.01
0 1.227615 0.269616 0.01 0.01
0 1.210032 0.275610 0.01 0.01
0 1.202040 0.284801 0.01 0.01
0 1.196446 0.295590 0.01 0.01
0 1.182060 0.289596 0.01 0.01
0 1.183259 0.267618 0.01 0.01
0 1.170472 0.290395 0.01 0.01
0 1.162080 0.303182 0.01 0.01
0 1.146895 0.315970 0.01 0.01
0 1.142100 0.296389 0.01 0.01
0 1.143698 0.284401 0.01 0.01
0 1.160881 0.278807 0.01 0.01
0 1.144098 0.274012 0.01 0.01
0 1.193649 0.238048 0.01 0.01
0 1.189653 0.250036 0.01 0.01
0 1.170871 0.248837 0.01 0.01
0 1.156486 0.234451 0.01 0.01
0 1.225217 0.230855 0.01 0.01
0 1.236006 0.262423 0.01 0.01
0 1.266376 0.289596 0.01 0.01
0 1.180062 0.310775 0.01 0.01
0 1.196046 0.307978 0.01 0.01
0 1.201241 0.331954 0.01 0.01
0 1.141700 0.374711 0.01 0.01
0 1.162879 0.372313 0.01 0.01
0 1.119323 0.395890 0.01 0.01
0 1.105337 0.382703 0.01 0.01
0 1.120921 0.365120 0.01 0.01
0 1.064178 0.381504 0.01 0.01
0 1.036606 0.387498 0.01 0.01
0 1.052190 0.361124 0.01 0.01
0 1.040602 0.375110 0.01 0.01
0 1.067774 0.391094 0.01 0.01
0 1.070971 0.365520 0.01 0.01
0 1.068174 0.357128 0.01 0.01
0 1.050592 0.347538 0.01 0.01
0 1.056186 0.335550 0.01 0.01
0 1.033009 0.343142 0.01 0.01
0 1.043798 0.331154 0.01 0.01
0 1.080961 0.332353 0.01 0.01
0 1.103339 0.331954 0.01 0.01
0 1.097345 0.309176 0.01 0.01
0 1.073768 0.318367 0.01 0.01
0 1.058983 0.320365 0.01 0.01
0 1.042999 0.306379 0.01 0.01
0 1.043798 0.275210 0.01 0.01
0 1.040202 0.268817 0.01 0.01
0 1.041001 0.244042 0.01 0.01
0 1.050592 0.254032 0.01 0.01
0 1.062180 0.246040 0.01 0.01
0 1.075766 0.258427 0.01 0.01
0 1.072570 0.244042 0.01 0.01
0 1.082560 0.235650 0.01 0.01
0 1.093748 0.253232 0.01 0.01
0 1.063379 0.277208 0.01 0.01
0 1.070971 0.288397 0.01 0.01
0 1.082160 0.292793 0.01 0.01
0 1.092550 0.275610 0.01 0.01
0 1.104538 0.268817 0.01 0.01
0 1.117724 0.326359 0.01 0.01
0 1.122120 0.309176 0.01 0.01
0 1.107734 0.301584 0.01 0.01
0 1.057385 0.233652 0.01 0.01
0 1.144098 0.265620 0.01 0.01
0 1.159283 0.251634 0.01 0.01
0 1.140901 0.246839 0.01 0.01
0 1.128913 0.264421 0.01 0.01
0 1.139702 0.234851 0.01 0.01
0 1.268374 0.378707 0.01 0.01
0 1.253189 0.404281 0.01 0.01
0 1.257185 0.425061 0.01 0.01
0 1.254787 0.446639 0.01 0.01
0 1.235607 0.427458 0.01 0.01
0 1.218024 0.439446 0.01 0.01
0 1.227615 0.409077 0.01 0.01
0 1.203639 0.416269 0.01 0.01
0 1.188454 0.392293 0.01 0.01
0 1.186056 0.433053 0.01 0.01
0 1.174867 0.423462 0.01 0.01
0 1.158883 0.419466 0.01 0.01
0 1.137305 0.405081 0.01 0.01
0 1.106935 0.428257 0.01 0.01
0 1.076566 0.413073 0.01 0.01
0 1.088554 0.397888 0.01 0.01
0 1.086156 0.380305 0.01 0.01
0 1.049393 0.402683 0.01 0.01
0 1.052590 0.429057 0.01 0.01
0 1.023818 0.406679 0.01 0.01
0 1.001441 0.387498 0.01 0.01
0 1.007035 0.365920 0.01 0.01
0 1.011031 0.345140 0.01 0.01
0 1.017425 0.325160 0.01 0.01
0 1.012630 0.307578 0.01 0.01
0 1.018224 0.286000 0.01 0.01
0 1.030212 0.289196 0.01 0.01
0 1.335507 0.267618 0.01 0.01
0 1.416226 0.218867 0.01 0.01
0 1.402640 0.213272 0.01 0.01
0 1.358684 0.202883 0.01 0.01
0 1.344298 0.202883 0.01 0.01
0 1.333109 0.203682 0.01 0.01
0 1.334707 0.213272 0.01 0.01
0 1.325916 0.210875 0.01 0.01
0 1.434008 0.323962 0.01 0.01
0 1.443599 0.314771 0.01 0.01
0 1.417225 0.290795 0.01 0.01
0 1.428813 0.272413 0.01 0.01
0 1.429213 0.260825 0.01 0.01
0 1.440002 0.233252 0.01 0.01
0 1.442400 0.217668 0.01 0.01
0 1.445197 0.225260 0.01 0.01
0 1.457185 0.251234 0.01 0.01
0 1.463579 0.236449 0.01 0.01
0 1.475966 0.253232 0.01 0.01
0 1.484358 0.247638 0.01 0.01
0 1.476366 0.232054 0.01 0.01
0 1.497145 0.248038 0.01 0.01
0 1.471970 0.325560 0.01 0.01
0 1.483159 0.319566 0.01 0.01
0 1.464378 0.303582 0.01 0.01
0 1.473968 0.303982 0.01 0.01
0 1.494348 0.319166 0.01 0.01
0 1.521121 0.340345 0.01 0.01
0 1.535507 0.344341 0.01 0.01
0 1.566676 0.341544 0.01 0.01
0 1.553089 0.347538 0.01 0.01
0 1.571870 0.326759 0.01 0.01
0 1.557485 0.317568 0.01 0.01
0 1.534308 0.301584 0.01 0.01
0 1.579862 0.321564 0.01 0.01
0 1.558284 0.297588 0.01 0.01
0 1.573868 0.288397 0.01 0.01
0 1.559882 0.250036 0.01 0.01
0 1.568274 0.254032 0.01 0.01
0 1.578264 0.254831 0.01 0.01
0 1.592250 0.255230 0.01 0.01
0 1.570672 0.270415 0.01 0.01
0 1.588654 0.283602 0.01 0.01
0 1.523519 0.274811 0.01 0.01
0 1.499543 0.262823 0.01 0.01
0 1.522320 0.236449 0.01 0.01
0 1.549093 0.234451 0.01 0.01
0 1.535107 0.236050 0.01 0.01
0 1.526316 0.227258 0.01 0.01
0 1.539103 0.198088 0.01 0.01
0 1.557085 0.202084 0.01 0.01
0 1.583858 0.210875 0.01 0.01
0 1.488354 0.214471 0.01 0.01
0 1.473968 0.194091 0.01 0.01
0 1.457185 0.212873 0.01 0.01
0 1.454388 0.196889 0.01 0.01
0 1.500741 0.192093 0.01 0.01
0 1.454388 0.270415 0.01 0.01
0 1.456386 0.281604 0.01 0.01
0 1.528713 0.317168 0.01 0.01
0 1.512729 0.321564 0.01 0.01
0 1.289752 0.206479 0.01 0.01
0 1.484957 0.280405 0.01 0.01
0 1.499343 0.298787 0.01 0.01
0 1.421820 0.396289 0.01 0.01
0 1.415427 0.410675 0.01 0.01
0 1.399443 0.416269 0.01 0.01
0 1.385057 0.437049 0.01 0.01
0 1.382660 0.450635 0.01 0.01
0 1.369073 0.419466 0.01 0.01
0 1.349093 0.409077 0.01 0.01
0 1.349892 0.437848 0.01 0.01
0 1.325117 0.404281 0.01 0.01
0 1.308334 0.435450 0.01 0.01
0 1.273169 0.436249 0.01 0.01
0 1.285157 0.409876 0.01 0.01
0 1.330711 0.425061 0.01 0.01
0 1.313129 0.321164 0.01 0.01
0 0.943898 0.439047 0.01 0.01
0 0.940701 0.425860 0.01 0.01
0 0.914727 0.438647 0.01 0.01
0 0.893549 0.439446 0.01 0.01
0 0.788454 0.444241 0.01 0.01
0 0.767275 0.426659 0.01 0.01
0 0.752090 0.431055 0.01 0.01
0 0.787255 0.431055 0.01 0.01
0 0.794048 0.411874 0.01 0.01
0 0.776865 0.395890 0.01 0.01
0 0.762480 0.394291 0.01 0.01
0 0.738903 0.383502 0.01 0.01
0 0.716526 0.397888 0.01 0.01
0 0.751291 0.369516 0.01 0.01
0 0.764478 0.356729 0.01 0.01
0 0.791651 0.381504 0.01 0.01
0 0.816825 0.395890 0.01 0.01
0 0.816426 0.383902 0.01 0.01
0 0.871171 0.395490 0.01 0.01
0 0.843599 0.402683 0.01 0.01
0 0.862779 0.382303 0.01 0.01
0 0.884757 0.413872 0.01 0.01
0 0.858384 0.411874 0.01 0.01
0 0.911531 0.388297 0.01 0.01
0 0.897944 0.423462 0.01 0.01
0 0.925916 0.403482 0.01 0.01
0 0.925916 0.373112 0.01 0.01
0 0.935507 0.380705 0.01 0.01
0 0.959483 0.407079 0.01 0.01
0 0.984258 0.401884 0.01 0.01
0 0.972270 0.327158 0.01 0.01
0 0.999043 0.349136 0.01 0.01
0 0.997445 0.318767 0.01 0.01
0 0.947495 0.365120 0.01 0.01
0 0.967475 0.369516 0.01 0.01
0 0.984658 0.364321 0.01 0.01
0 0.908334 0.341944 0.01 0.01
0 0.919922 0.332753 0.01 0.01
0 0.928314 0.347938 0.01 0.01
0 0.943099 0.340745 0.01 0.01
0 0.935107 0.334751 0.01 0.01
0 0.949892 0.324761 0.01 0.01
0 0.951890 0.309576 0.01 0.01
0 0.972270 0.310775 0.01 0.01
0 0.965477 0.295190 0.01 0.01
0 0.986656 0.292793 0.01 0.01
0 0.988654 0.310775 0.01 0.01
0 0.936306 0.309576 0.01 0.01
0 0.942300 0.297188 0.01 0.01
0 0.909533 0.317968 0.01 0.01
0 0.896745 0.315970 0.01 0.01
0 0.867575 0.346339 0.01 0.01
0 0.893549 0.387098 0.01 0.01
0 0.924318 0.297188 0.01 0.01
0 0.897944 0.297188 0.01 0.01
0 0.833209 0.342743 0.01 0.01
0 0.841201 0.357528 0.01 0.01
0 0.813229 0.361924 0.01 0.01
0 0.806835 0.347938 0.01 0.01
0 0.815627 0.333152 0.01 0.01
0 0.828014 0.326359 0.01 0.01
0 0.801241 0.337948 0.01 0.01
0 0.794048 0.335950 0.01 0.01
0 0.782460 0.355130 0.01 0.01
0 0.792450 0.369516 0.01 0.01
0 0.820422 0.313172 0.01 0.01
0 0.798444 0.306379 0.01 0.01
0 0.782859 0.315570 0.01 0.01
0 0.768474 0.419466 0.01 0.01
0 0.743698 0.307178 0.01 0.01
0 0.734108 0.333552 0.01 0.01
0 0.718124 0.333552 0.01 0.01
0 0.714528 0.317568 0.01 0.01
0 0.706136 0.325560 0.01 0.01
0 0.710132 0.379906 0.01 0.01
0 0.700142 0.373512 0.01 0.01
0 0.690552 0.369116 0.01 0.01
0 0.695347 0.357528 0.01 0.01
0 0.704937 0.353532 0.01 0.01
0 0.738903 0.349936 0.01 0.01
0 0.694548 0.327558 0.01 0.01
0 0.686556 0.325160 0.01 0.01
0 0.697345 0.305980 0.01 0.01
0 0.694548 0.289196 0.01 0.01
0 0.700142 0.292393 0.01 0.01
0 0.767675 0.290795 0.01 0.01
0 0.750492 0.286799 0.01 0.01
0 0.779663 0.287198 0.01 0.01
0 0.837205 0.296389 0.01 0.01
0 0.842000 0.288797 0.01 0.01
0 0.845996 0.325160 0.01 0.01
0 0.859583 0.339946 0.01 0.01
0 0.834408 0.383902 0.01 0.01
0 0.851191 0.307178 0.01 0.01
0 0.872370 0.310375 0.01 0.01
0 0.862779 0.313572 0.01 0.01
0 0.871171 0.436249 0.01 0.01
0 0.857185 0.446639 0.01 0.01
0 0.773669 0.496989 0.01 0.01
0 0.780861 0.504181 0.01 0.01
0 0.757685 0.530555 0.01 0.01
0 0.742500 0.512173 0.01 0.01
0 0.783259 0.462623 0.01 0.01
0 0.761681 0.461025 0.01 0.01
0 0.739303 0.468217 0.01 0.01
0 0.751291 0.451434 0.01 0.01
0 0.685756 0.487398 0.01 0.01
0 0.671371 0.488197 0.01 0.01
0 0.757685 0.320365 0.01 0.01
0 0.732110 0.317968 0.01 0.01
0 0.731311 0.360325 0.01 0.01
0 0.725716 0.345940 0.01 0.01
0 0.674568 0.389896 0.01 0.01
0 0.648194 0.406679 0.01 0.01
0 0.633808 0.468217 0.01 0.01
0 0.676166 0.444241 0.01 0.01
0 0.702540 0.457029 0.01 0.01
0 0.690552 0.422663 0.01 0.01
0 0.629013 0.397888 0.01 0.01
0 0.620222 0.521764 0.01 0.01
0 0.657784 0.536149 0.01 0.01
0 0.719323 0.292393 0.01 0.01
0 0.725716 0.293992 0.01 0.01
0 0.723319 0.282803 0.01 0.01
0 0.748094 0.275610 0.01 0.01
0 0.740901 0.264421 0.01 0.01
0 0.756086 0.263622 0.01 0.01
0 0.765677 0.274012 0.01 0.01
0 0.787255 0.269216 0.01 0.01
0 0.796845 0.274012 0.01 0.01
0 0.789653 0.291594 0.01 0.01
0 0.768873 0.309976 0.01 0.01
0 0.820022 0.276409 0.01 0.01
0 0.809633 0.278008 0.01 0.01
0 0.784058 0.261224 0.01 0.01
0 0.795247 0.257228 0.01 0.01
0 0.847994 0.270016 0.01 0.01
0 0.824018 0.264421 0.01 0.01
0 0.836805 0.254831 0.01 0.01
0 0.814428 0.249236 0.01 0.01
0 0.805637 0.250036 0.01 0.01
0 0.825617 0.240445 0.01 0.01
0 0.848793 0.258827 0.01 0.01
0 0.855187 0.246040 0.01 0.01
0 0.876765 0.257228 0.01 0.01
0 0.885557 0.242044 0.01 0.01
0 0.871171 0.237248 0.01 0.01
0 0.892749 0.219666 0.01 0.01
0 0.880761 0.268417 0.01 0.01
0 0.881561 0.279606 0.01 0.01
0 0.902340 0.275610 0.01 0.01
0 0.928713 0.263622 0.01 0.01
0 0.919123 0.258827 0.01 0.01
0 0.930312 0.278008 0.01 0.01
0 0.948693 0.278008 0.01 0.01
0 0.973469 0.278008 0.01 0.01
0 0.959882 0.255630 0.01 0.01
0 0.953489 0.242044 0.01 0.01
0 0.977465 0.234052 0.01 0.01
0 0.973469 0.254831 0.01 0.01
0 0.993449 0.260425 0.01 0.01
0 0.995047 0.281204 0.01 0.01
0 1.007834 0.266020 0.01 0.01
0 1.025417 0.249236 0.01 0.01
0 1.009433 0.233252 0.01 0.01
0 1.011031 0.242843 0.01 0.01
0 0.899143 0.243642 0.01 0.01
0 0.886356 0.230056 0.01 0.01
0 0.860781 0.201284 0.01 0.01
0 0.724917 0.457029 0.01 0.01
0 0.578664 0.466619 0.01 0.01
0 0.549093 0.474611 0.01 0.01
0 0.537904 0.457828 0.01 0.01
0 0.540302 0.434651 0.01 0.01
0 0.551491 0.444241 0.01 0.01
0 0.568274 0.447438 0.01 0.01
0 0.501940 0.446639 0.01 0.01
0 0.516326 0.432253 0.01 0.01
0 0.505137 0.421065 0.01 0.01
0 0.573069 0.528157 0.01 0.01
0 0.556286 0.515370 0.01 0.01
0 0.588254 0.507378 0.01 0.01
0 0.597045 0.424261 0.01 0.01
0 0.560282 0.396289 0.01 0.01
0 0.524318 0.371514 0.01 0.01
0 0.511531 0.358727 0.01 0.01
0 0.504338 0.343542 0.01 0.01
0 0.517924 0.329156 0.01 0.01
0 0.537105 0.334751 0.01 0.01
0 0.545097 0.352333 0.01 0.01
0 0.555487 0.353932 0.01 0.01
0 0.596246 0.395490 0.01 0.01
0 0.634608 0.385900 0.01 0.01
0 0.642600 0.378707 0.01 0.01
0 0.617824 0.378707 0.01 0.01
0 0.599443 0.381904 0.01 0.01
0 0.599443 0.370715 0.01 0.01
0 0.598644 0.361124 0.01 0.01
0 0.616226 0.361924 0.01 0.01
0 0.640202 0.353932 0.01 0.01
0 0.632210 0.354731 0.01 0.01
0 0.668174 0.357928 0.01 0.01
0 0.655387 0.379506 0.01 0.01
0 0.657784 0.336349 0.01 0.01
0 0.658584 0.329956 0.01 0.01
0 0.682560 0.330755 0.01 0.01
0 0.672969 0.317168 0.01 0.01
0 0.668973 0.304381 0.01 0.01
0 0.671371 0.287598 0.01 0.01
0 0.617025 0.315570 0.01 0.01
0 0.606636 0.336349 0.01 0.01
0 0.592250 0.324361 0.01 0.01
0 0.607435 0.313972 0.01 0.01
0 0.625017 0.328357 0.01 0.01
0 0.641800 0.325960 0.01 0.01
0 0.634608 0.310775 0.01 0.01
0 0.643399 0.302783 0.01 0.01
0 0.639403 0.279606 0.01 0.01
0 0.649792 0.277208 0.01 0.01
0 0.661780 0.289996 0.01 0.01
0 0.664178 0.264421 0.01 0.01
0 0.667375 0.266819 0.01 0.01
0 0.676965 0.233252 0.01 0.01
0 0.691351 0.228457 0.01 0.01
0 0.687355 0.253232 0.01 0.01
0 0.694548 0.271614 0.01 0.01
0 0.718524 0.233252 0.01 0.01
0 0.731311 0.236449 0.01 0.01
0 0.748094 0.238847 0.01 0.01
0 0.736905 0.250835 0.01 0.01
0 0.718524 0.264421 0.01 0.01
0 0.625816 0.288397 0.01 0.01
0 0.624218 0.280405 0.01 0.01
0 0.617025 0.242843 0.01 0.01
0 0.608234 0.242843 0.01 0.01
0 0.622620 0.242843 0.01 0.01
0 0.633808 0.242843 0.01 0.01
0 0.652190 0.246839 0.01 0.01
0 0.595447 0.275610 0.01 0.01
0 0.606636 0.262024 0.01 0.01
0 0.589852 0.262024 0.01 0.01
0 0.575467 0.293192 0.01 0.01
0 0.572270 0.278008 0.01 0.01
0 0.499543 0.282803 0.01 0.01
0 0.521121 0.282803 0.01 0.01
0 0.535507 0.311574 0.01 0.01
0 0.551491 0.311574 0.01 0.01
0 0.562680 0.320365 0.01 0.01
0 0.571471 0.318767 0.01 0.01
0 0.533908 0.250036 0.01 0.01
0 0.543499 0.256429 0.01 0.01
0 0.492350 0.237248 0.01 0.01
0 0.505936 0.222064 0.01 0.01
0 0.524318 0.221264 0.01 0.01
0 0.545097 0.230855 0.01 0.01
0 0.575467 0.222064 0.01 0.01
0 0.587455 0.235650 0.01 0.01
0 0.602640 0.226060 0.01 0.01
0 0.593049 0.233252 0.01 0.01
0 0.607435 0.216469 0.01 0.01
0 0.620222 0.215670 0.01 0.01
0 0.641001 0.221264 0.01 0.01
0 0.660182 0.211674 0.01 0.01
0 0.661780 0.238048 0.01 0.01
0 0.675367 0.215670 0.01 0.01
0 0.712929 0.215670 0.01 0.01
0 0.725716 0.208477 0.01 0.01
0 0.726516 0.197288 0.01 0.01
0 0.500342 0.525760 0.01 0.01
0 0.693748 0.533752 0.01 0.01
0 0.708134 0.295590 0.01 0.01
0 0.558684 0.256429 0.01 0.01
0 0.570672 0.242044 0.01 0.01
0 0.802040 0.621108 0.01 0.01
0 0.776466 0.621108 0.01 0.01
0 0.746096 0.613116 0.01 0.01
0 0.725317 0.613116 0.01 0.01
0 0.699742 0.590738 0.01 0.01
0 0.682160 0.573156 0.01 0.01
0 0.654987 0.587541 0.01 0.01
0 0.626216 0.614714 0.01 0.01
0 0.634208 0.579549 0.01 0.01
0 0.643798 0.549180 0.01 0.01
0 0.661381 0.547581 0.01 0.01
0 0.701341 0.545983 0.01 0.01
0 0.725317 0.550778 0.01 0.01
0 0.768474 0.561967 0.01 0.01
0 0.549493 0.582746 0.01 0.01
0 0.515926 0.585943 0.01 0.01
0 0.445597 0.563565 0.01 0.01
0 0.428014 0.558770 0.01 0.01
0 0.453589 0.515613 0.01 0.01
0 0.436006 0.515613 0.01 0.01
0 0.514328 0.539589 0.01 0.01
0 0.352889 0.558770 0.01 0.01
0 0.375267 0.584345 0.01 0.01
0 0.368873 0.537991 0.01 0.01
0 0.674168 0.665863 0.01 0.01
0 0.698144 0.662666 0.01 0.01
0 0.782859 0.656273 0.01 0.01
0 0.246995 0.535593 0.01 0.01
0 0.282160 0.515613 0.01 0.01
0 0.270971 0.508421 0.01 0.01
0 0.250192 0.514015 0.01 0.01
0 0.310132 0.494035 0.01 0.01
0 0.318124 0.529200 0.01 0.01
0 0.349293 0.518810 0.01 0.01
0 0.330112 0.494035 0.01 0.01
0 0.382060 0.476453 0.01 0.01
0 0.356486 0.470059 0.01 0.01
0 0.413229 0.490039 0.01 0.01
0 0.378064 0.502027 0.01 0.01
0 0.414827 0.462067 0.01 0.01
0 0.366076 0.430099 0.01 0.01
0 0.347694 0.442886 0.01 0.01
0 0.299742 0.458071 0.01 0.01
0 0.273369 0.471657 0.01 0.01
0 0.226216 0.470059 0.01 0.01
0 0.233409 0.449280 0.01 0.01
0 0.207035 0.462866 0.01 0.01
0 0.187854 0.457272 0.01 0.01
0 0.186256 0.417312 0.01 0.01
0 0.215027 0.431697 0.01 0.01
0 0.202240 0.414914 0.01 0.01
0 0.241401 0.396532 0.01 0.01
0 0.239003 0.382946 0.01 0.01
0 0.208634 0.375753 0.01 0.01
0 0.291750 0.433296 0.01 0.01
0 0.253389 0.433296 0.01 0.01
0 0.282160 0.419709 0.01 0.01
0 0.310931 0.413316 0.01 0.01
0 0.301341 0.406123 0.01 0.01
0 0.334108 0.415713 0.01 0.01
0 0.274168 0.436492 0.01 0.01
0 0.354088 0.458870 0.01 0.01
0 0.370871 0.454874 0.01 0.01
0 0.384458 0.457272 0.01 0.01
0 0.394847 0.458870 0.01 0.01
0 0.040002 0.458071 0.01 0.01
0 0.071970 0.412516 0.01 0.01
0 0.148693 0.401328 0.01 0.01
0 0.174268 0.398930 0.01 0.01
0 0.131111 0.394135 0.01 0.01
0 0.079962 0.407721 0.01 0.01
0 0.315726 0.378950 0.01 0.01
0 0.292550 0.370958 0.01 0.01
0 0.347694 0.380548 0.01 0.01
0 0.363679 0.378151 0.01 0.01
0 0.374068 0.410918 0.01 0.01
0 0.382859 0.398131 0.01 0.01
0 0.371671 0.390139 0.01 0.01
0 0.396446 0.413316 0.01 0.01
0 0.393249 0.425304 0.01 0.01
0 0.445197 0.463665 0.01 0.01
0 0.432410 0.391737 0.01 0.01
0 0.445197 0.406123 0.01 0.01
0 0.459583 0.410918 0.01 0.01
0 0.461181 0.446882 0.01 0.01
0 0.477165 0.402926 0.01 0.01
0 0.318923 0.476453 0.01 0.01
0 0.432410 0.373356 0.01 0.01
0 0.461980 0.378151 0.01 0.01
0 0.486755 0.362966 0.01 0.01
0 0.489952 0.403725 0.01 0.01
0 0.467575 0.341388 0.01 0.01
0 0.482759 0.346183 0.01 0.01
0 0.267774 0.362167 0.01 0.01
0 0.423619 0.541188 0.01 0.01
0 0.299742 0.358970 0.01 0.01
0 0.298943 0.346982 0.01 0.01
0 0.306935 0.353376 0.01 0.01
0 0.329313 0.330998 0.01 0.01
0 0.319722 0.330199 0.01 0.01
0 0.247794 0.338990 0.01 0.01
0 0.390851 0.378151 0.01 0.01
0 0.369273 0.339390 0.01 0.01
0 0.479563 0.241488 0.01 0.01
0 0.480761 0.229100 0.01 0.01
0 0.466775 0.232297 0.01 0.01
0 0.463579 0.259070 0.01 0.01
0 0.453589 0.245883 0.01 0.01
0 0.445597 0.263066 0.01 0.01
0 0.455986 0.275454 0.01 0.01
0 0.487155 0.262666 0.01 0.01
0 0.481161 0.282247 0.01 0.01
0 0.444797 0.303026 0.01 0.01
0 0.432809 0.261068 0.01 0.01
0 0.420821 0.256273 0.01 0.01
0 0.400841 0.250678 0.01 0.01
0 0.402040 0.237092 0.01 0.01
0 0.408833 0.225104 0.01 0.01
0 0.416026 0.220708 0.01 0.01
0 0.420821 0.224305 0.01 0.01
0 0.428813 0.229499 0.01 0.01
0 0.433209 0.215114 0.01 0.01
0 0.420422 0.210319 0.01 0.01
0 0.405237 0.211517 0.01 0.01
0 0.408434 0.200728 0.01 0.01
0 0.419623 0.203925 0.01 0.01
0 0.419623 0.196333 0.01 0.01
0 0.428414 0.206722 0.01 0.01
0 0.449593 0.207122 0.01 0.01
0 0.377265 0.199529 0.01 0.01
0 0.398044 0.193535 0.01 0.01
0 0.363679 0.213116 0.01 0.01
0 0.337704 0.225903 0.01 0.01
0 0.349293 0.237092 0.01 0.01
0 0.332110 0.223106 0.01 0.01
0 0.317325 0.223106 0.01 0.01
0 0.319722 0.213116 0.01 0.01
0 0.326516 0.209519 0.01 0.01
0 0.334907 0.200329 0.01 0.01
0 0.342500 0.197132 0.01 0.01
0 0.300941 0.201527 0.01 0.01
0 0.292550 0.197132 0.01 0.01
0 0.285756 0.201527 0.01 0.01
0 0.267774 0.206722 0.01 0.01
0 0.380062 0.313016 0.01 0.01
0 0.401241 0.310618 0.01 0.01
0 0.396046 0.320608 0.01 0.01
0 0.446396 0.334994 0.01 0.01
0 0.433209 0.343785 0.01 0.01
0 0.406036 0.342187 0.01 0.01
0 0.357685 0.317412 0.01 0.01
0 0.355287 0.299829 0.01 0.01
0 0.347694 0.249480 0.01 0.01
0 0.374068 0.251877 0.01 0.01
0 0.360881 0.244684 0.01 0.01
0 0.353688 0.267861 0.01 0.01
0 0.354488 0.280249 0.01 0.01
0 0.347694 0.277452 0.01 0.01
0 0.340901 0.291837 0.01 0.01
0 0.320522 0.298231 0.01 0.01
0 0.318923 0.308221 0.01 0.01
0 0.323319 0.316612 0.01 0.01
0 0.292550 0.307422 0.01 0.01
0 0.280961 0.321807 0.01 0.01
0 0.245796 0.307422 0.01 0.01
0 0.266975 0.294634 0.01 0.01
0 0.282560 0.293036 0.01 0.01
0 0.243399 0.293835 0.01 0.01
0 0.242600 0.284245 0.01 0.01
0 0.241401 0.275454 0.01 0.01
0 0.228214 0.275853 0.01 0.01
0 0.268574 0.273456 0.01 0.01
0 0.285756 0.278251 0.01 0.01
0 0.259782 0.266263 0.01 0.01
0 0.254987 0.251078 0.01 0.01
0 0.235007 0.251478 0.01 0.01
0 0.248594 0.228700 0.01 0.01
0 0.242999 0.220708 0.01 0.01
0 0.228614 0.224704 0.01 0.01
0 0.261381 0.232696 0.01 0.01
0 0.279762 0.225104 0.01 0.01
0 0.290951 0.227501 0.01 0.01
0 0.278564 0.243885 0.01 0.01
0 0.308534 0.241887 0.01 0.01
0 0.300542 0.232696 0.01 0.01
0 0.247395 0.205923 0.01 0.01
0 0.228614 0.209519 0.01 0.01
0 0.231011 0.196732 0.01 0.01
0 0.246596 0.189539 0.01 0.01
0 0.380062 0.263466 0.01 0.01
0 0.400042 0.279050 0.01 0.01
0 0.284558 0.258670 0.01 0.01
0 0.555087 0.211917 0.01 0.01
0 0.563079 0.199929 0.01 0.01
0 0.548294 0.199929 0.01 0.01
0 0.509133 0.195134 0.01 0.01
0 0.525517 0.202327 0.01 0.01
0 0.561481 0.189140 0.01 0.01
0 0.578264 0.194734 0.01 0.01
0 0.586656 0.194335 0.01 0.01
0 0.603838 0.191537 0.01 0.01
0 0.614228 0.197931 0.01 0.01
0 0.372470 0.275853 0.01 0.01
0 0.386056 0.286243 0.01 0.01
0 0.296546 0.248680 0.01 0.01
0 0.297345 0.289440 0.01 0.01
0 0.313329 0.279849 0.01 0.01
0 0.477565 0.464465 0.01 0.01
0 0.495147 0.486842 0.01 0.01
0 0.110332 0.360568 0.01 0.01
0 0.098344 0.377352 0.01 0.01
0 0.087155 0.392536 0.01 0.01
0 0.133509 0.356572 0.01 0.01
0 0.105537 0.339789 0.01 0.01
0 0.087954 0.356572 0.01 0.01
0 0.067974 0.357372 0.01 0.01
0 0.052789 0.342986 0.01 0.01
0 0.027215 0.382147 0.01 0.01
0 0.008833 0.387741 0.01 0.01
0 0.004038 0.347781 0.01 0.01
0 0.224618 0.347781 0.01 0.01
0 0.234208 0.349380 0.01 0.01
0 0.201441 0.342187 0.01 0.01
0 0.204638 0.326203 0.01 0.01
0 0.181461 0.315014 0.01 0.01
0 0.197445 0.298231 0.01 0.01
0 0.187055 0.281448 0.01 0.01
0 0.203039 0.255074 0.01 0.01
0 0.125517 0.288640 0.01 0.01
0 0.135906 0.290239 0.01 0.01
0 0.071970 0.314215 0.01 0.01
0 0.089553 0.304624 0.01 0.01
0 0.092749 0.329400 0.01 0.01
0 0.087155 0.319010 0.01 0.01
0 0.153489 0.318211 0.01 0.01
0 0.136705 0.320608 0.01 0.01
0 0.020821 0.288640 0.01 0.01
0 0.061581 0.305424 0.01 0.01
0 0.143099 0.266263 0.01 0.01
0 0.148693 0.255873 0.01 0.01
0 0.184458 0.243486 0.01 0.01
0 0.165677 0.231098 0.01 0.01
0 0.174468 0.221507 0.01 0.01
0 0.190851 0.215913 0.01 0.01
0 0.166076 0.216712 0.01 0.01
0 0.155687 0.224704 0.01 0.01
0 0.137305 0.232297 0.01 0.01
0 0.136106 0.223505 0.01 0.01
0 0.113728 0.241488 0.01 0.01
0 0.124118 0.215513 0.01 0.01
0 0.104138 0.215513 0.01 0.01
0 0.096146 0.235893 0.01 0.01
0 0.018624 0.228700 0.01 0.01
0 0.052989 0.135194 0.01 0.01
0 0.052989 0.127202 0.01 0.01
0 0.027015 0.134395 0.01 0.01
0 0.041800 0.139989 0.01 0.01
0 0.024218 0.155973 0.01 0.01
0 0.021421 0.166363 0.01 0.01
0 0.100142 0.134395 0.01 0.01
0 0.094947 0.122806 0.01 0.01
0 0.083758 0.131597 0.01 0.01
0 0.103738 0.125204 0.01 0.01
0 0.118923 0.116413 0.01 0.01
0 0.114128 0.176353 0.01 0.01
0 0.118524 0.205923 0.01 0.01
0 0.153289 0.193136 0.01 0.01
0 0.184857 0.205124 0.01 0.01
0 0.196845 0.203925 0.01 0.01
0 0.317525 0.172756 0.01 0.01
0 0.307135 0.189539 0.01 0.01
0 0.286755 0.184345 0.01 0.01
0 0.356286 0.177951 0.01 0.01
0 0.360282 0.168361 0.01 0.01
0 0.332709 0.172756 0.01 0.01
0 0.328314 0.166762 0.01 0.01
0 0.351491 0.160369 0.01 0.01
0 0.322719 0.180349 0.01 0.01
0 0.341900 0.171957 0.01 0.01
0 0.349093 0.168361 0.01 0.01
0 0.379463 0.165164 0.01 0.01
0 0.381860 0.155573 0.01 0.01
0 0.370272 0.161567 0.01 0.01
0 0.248394 0.100029 0.01 0.01
0 0.256785 0.106423 0.01 0.01
0 0.260382 0.112017 0.01 0.01
0 0.263579 0.118011 0.01 0.01
0 0.249193 0.117212 0.01 0.01
0 0.251990 0.126802 0.01 0.01
0 0.255986 0.134794 0.01 0.01
0 0.253189 0.141987 0.01 0.01
0 0.236805 0.127202 0.01 0.01
0 0.236805 0.116013 0.01 0.01
0 0.240801 0.139589 0.01 0.01
0 0.242400 0.145983 0.01 0.01
0 0.233609 0.149180 0.01 0.01
0 0.270771 0.143985 0.01 0.01
0 0.279962 0.159569 0.01 0.01
0 0.269972 0.166363 0.01 0.01
0 0.259183 0.171957 0.01 0.01
0 0.248793 0.157172 0.01 0.01
0 0.288354 0.149979 0.01 0.01
0 0.301141 0.151577 0.01 0.01
0 0.291551 0.160768 0.01 0.01
0 0.285157 0.169559 0.01 0.01
0 0.297545 0.139989 0.01 0.01
0 0.305936 0.137991 0.01 0.01
0 0.326715 0.126802 0.01 0.01
0 0.310731 0.121208 0.01 0.01
0 0.359483 0.126403 0.01 0.01
0 0.344298 0.127601 0.01 0.01
0 0.335507 0.118011 0.01 0.01
0 0.139702 0.155174 0.01 0.01
0 0.150092 0.145184 0.01 0.01
0 0.166076 0.142387 0.01 0.01
0 0.138104 0.132796 0.01 0.01
0 0.130512 0.131997 0.01 0.01
0 0.127315 0.150778 0.01 0.01
0 0.178464 0.128401 0.01 0.01
0 0.196046 0.140389 0.01 0.01
0 0.164078 0.196732 0.01 0.01
0 0.185257 0.192736 0.01 0.01
0 0.174468 0.195134 0.01 0.01
0 0.051790 0.114814 0.01 0.01
0 0.021021 0.118810 0.01 0.01
0 0.077365 0.102826 0.01 0.01
0 0.170871 0.116812 0.01 0.01
0 0.147295 0.119210 0.01 0.01
0 0.144098 0.114015 0.01 0.01
0 0.139303 0.102427 0.01 0.01
0 0.171671 0.104824 0.01 0.01
0 0.154088 0.102027 0.01 0.01
0 0.124917 0.107621 0.01 0.01
0 0.179263 0.087641 0.01 0.01
0 0.198444 0.087641 0.01 0.01
0 0.186456 0.094435 0.01 0.01
0 0.193649 0.100429 0.01 0.01
0 0.204837 0.097631 0.01 0.01
0 0.207235 0.089639 0.01 0.01
0 0.187255 0.116812 0.01 0.01
0 0.196446 0.120808 0.01 0.01
0 0.216426 0.107222 0.01 0.01
0 0.214827 0.127601 0.01 0.01
0 0.287954 0.090039 0.01 0.01
0 0.241201 0.087641 0.01 0.01
0 0.247195 0.089639 0.01 0.01
0 0.262380 0.091637 0.01 0.01
0 0.268374 0.097232 0.01 0.01
0 0.288753 0.105623 0.01 0.01
0 0.314328 0.096033 0.01 0.01
0 0.351091 0.084445 0.01 0.01
0 0.333908 0.085244 0.01 0.01
0 0.180662 0.164521 0.01 0.01
0 0.168674 0.171714 0.01 0.01
0 0.155087 0.175710 0.01 0.01
0 0.130312 0.171714 0.01 0.01
0 0.053589 0.166119 0.01 0.01
0 0.083159 0.166919 0.01 0.01
0 0.063179 0.144541 0.01 0.01
0 0.048793 0.250036 0.01 0.01
0 0.026416 0.242843 0.01 0.01
0 0.001641 0.237248 0.01 0.01
0 0.401241 0.122163 0.01 0.01
0 0.324518 0.094191 0.01 0.01
0 0.030012 0.398930 0.01 0.01
0 0.603838 0.533196 0.01 0.01
0 0.027215 0.078207 0.01 0.01
0 0.014428 0.072613 0.01 0.01
0 0.032809 0.071814 0.01 0.01
0 0.040801 0.067019 0.01 0.01
0 0.031211 0.115770 0.01 0.01
0 0.041601 0.103782 0.01 0.01
0 0.056785 0.090195 0.01 0.01
0 0.047994 0.079007 0.01 0.01
0 0.012829 0.048637 0.01 0.01
0 0.005637 0.058227 0.01 0.01
0 0.004038 0.051834 0.01 0.01
0 0.020821 0.048637 0.01 0.01
0 0.031211 0.050235 0.01 0.01
0 0.044797 0.050235 0.01 0.01
0 0.057585 0.069416 0.01 0.01
0 0.069573 0.090195 0.01 0.01
0 0.182260 0.076609 0.01 0.01
0 0.174268 0.074211 0.01 0.01
0 0.203039 0.069416 0.01 0.01
0 0.214228 0.069416 0.01 0.01
0 0.222220 0.059027 0.01 0.01
0 0.231810 0.073412 0.01 0.01
0 0.235806 0.070215 0.01 0.01
0 0.231810 0.083003 0.01 0.01
0 0.095147 0.114171 0.01 0.01
0 0.095946 0.095790 0.01 0.01
0 0.085557 0.089396 0.01 0.01
0 0.080761 0.079806 0.01 0.01
0 0.107135 0.083003 0.01 0.01
0 0.108733 0.074211 0.01 0.01
0 0.098344 0.069416 0.01 0.01
0 0.089553 0.068617 0.01 0.01
0 0.079163 0.039047 0.01 0.01
0 0.087954 0.039846 0.01 0.01
0 0.098344 0.046239 0.01 0.01
0 0.095147 0.031055 0.01 0.01
0 0.116725 0.037448 0.01 0.01
0 0.115926 0.024661 0.01 0.01
0 0.107135 0.011874 0.01 0.01
0 0.096745 0.011874 0.01 0.01
0 0.091151 0.018267 0.01 0.01
0 0.079962 0.021464 0.01 0.01
0 0.061581 0.017468 0.01 0.01
0 0.071171 0.020665 0.01 0.01
0 0.063179 0.037448 0.01 0.01
0 0.152689 0.062223 0.01 0.01
0 0.155087 0.046239 0.01 0.01
0 0.147095 0.042243 0.01 0.01
0 0.147894 0.037448 0.01 0.01
0 0.124717 0.058227 0.01 0.01
0 0.117525 0.047838 0.01 0.01
0 0.123918 0.095790 0.01 0.01
0 0.126316 0.071814 0.01 0.01
0 0.170272 0.048637 0.01 0.01
0 0.180662 0.057428 0.01 0.01
0 0.159083 0.020665 0.01 0.01
0 0.163878 0.014271 0.01 0.01
0 0.163079 0.032653 0.01 0.01
0 0.136705 0.010275 0.01 0.01
0 0.199842 0.027858 0.01 0.01
0 0.205437 0.019866 0.01 0.01
0 0.206236 0.010275 0.01 0.01
0 0.193449 0.007878 0.01 0.01
0 0.180662 0.007079 0.01 0.01
0 0.179063 0.017468 0.01 0.01
0 0.218224 0.012673 0.01 0.01
0 0.219023 0.019067 0.01 0.01
0 0.211031 0.043043 0.01 0.01
0 0.223019 0.039047 0.01 0.01
0 0.241401 0.047039 0.01 0.01
0 0.247794 0.038247 0.01 0.01
0 0.238204 0.040645 0.01 0.01
0 0.250991 0.023862 0.01 0.01
0 0.246995 0.017468 0.01 0.01
0 0.233409 0.011075 0.01 0.01
0 0.226216 0.003882 0.01 0.01
0 0.231011 0.026259 0.01 0.01
0 0.218224 0.185300 0.01 0.01
0 0.208634 0.194091 0.01 0.01
0 0.052789 0.019866 0.01 0.01
0 0.219822 0.080605 0.01 0.01
0 0.211830 0.080605 0.01 0.01
0 0.137505 0.093392 0.01 0.01
0 0.146296 0.075011 0.01 0.01
0 0.132709 0.077408 0.01 0.01
0 0.136705 0.068617 0.01 0.01
0 0.301341 0.162923 0.01 0.01
0 0.316526 0.156529 0.01 0.01
0 0.311730 0.151734 0.01 0.01
0 0.326116 0.150935 0.01 0.01
0 0.341301 0.154131 0.01 0.01
0 0.339702 0.143742 0.01 0.01
0 0.327714 0.142943 0.01 0.01
0 0.248594 0.065420 0.01 0.01
0 0.264578 0.056629 0.01 0.01
0 0.258184 0.039846 0.01 0.01
0 0.713329 0.207678 0.01 0.01
0 0.691750 0.194091 0.01 0.01
0 0.678963 0.193292 0.01 0.01
0 0.644598 0.191694 0.01 0.01
0 0.633409 0.199686 0.01 0.01
0 0.650991 0.186099 0.01 0.01
0 0.662180 0.186099 0.01 0.01
0 0.664578 0.202883 0.01 0.01
0 0.858783 0.080084 0.01 0.01
0 0.865976 0.053710 0.01 0.01
0 0.865976 0.041722 0.01 0.01
0 0.876765 0.040923 0.01 0.01
0 0.891950 0.056907 0.01 0.01
0 0.900342 0.057307 0.01 0.01
0 0.902340 0.062901 0.01 0.01
0 0.910731 0.042122 0.01 0.01
0 0.911531 0.048116 0.01 0.01
0 0.919123 0.042921 0.01 0.01
0 0.925916 0.054509 0.01 0.01
0 0.937105 0.054110 0.01 0.01
0 0.928314 0.038925 0.01 0.01
0 0.933908 0.039724 0.01 0.01
0 0.943099 0.034130 0.01 0.01
0 0.956286 0.024539 0.01 0.01
0 0.964678 0.019345 0.01 0.01
0 0.971071 0.031333 0.01 0.01
0 0.956286 0.051712 0.01 0.01
0 0.945497 0.051712 0.01 0.01
0 0.923519 0.082082 0.01 0.01
0 0.910731 0.073291 0.01 0.01
0 0.899942 0.087277 0.01 0.01
0 0.917924 0.070493 0.01 0.01
0 0.963878 0.068895 0.01 0.01
0 0.969872 0.060104 0.01 0.01
0 0.975067 0.075688 0.01 0.01
0 0.967874 0.076487 0.01 0.01
0 0.849593 0.058505 0.01 0.01
0 0.861980 0.071293 0.01 0.01
0 0.860382 0.060903 0.01 0.01
0 0.860382 0.054909 0.01 0.01
0 0.847195 0.042921 0.01 0.01
0 0.838404 0.047317 0.01 0.01
0 0.830412 0.040124 0.01 0.01
0 0.821221 0.051313 0.01 0.01
0 0.835207 0.055708 0.01 0.01
0 0.832410 0.060903 0.01 0.01
0 0.829213 0.081682 0.01 0.01
0 0.789253 0.067696 0.01 0.01
0 0.796046 0.038525 0.01 0.01
0 0.802839 0.030933 0.01 0.01
0 0.752090 0.078885 0.01 0.01
0 0.739303 0.083680 0.01 0.01
0 0.743698 0.068096 0.01 0.01
0 0.754488 0.066897 0.01 0.01
0 0.759683 0.076887 0.01 0.01
0 0.758084 0.102461 0.01 0.01
0 0.758084 0.087277 0.01 0.01
0 0.752889 0.107257 0.01 0.01
0 0.744498 0.117646 0.01 0.01
0 0.748094 0.126437 0.01 0.01
0 0.764877 0.140423 0.01 0.01
0 0.765677 0.162801 0.01 0.01
0 0.748494 0.165598 0.01 0.01
0 0.737704 0.168795 0.01 0.01
0 0.741301 0.153211 0.01 0.01
0 0.761681 0.115648 0.01 0.01
0 0.768873 0.084479 0.01 0.01
0 0.774867 0.055708 0.01 0.01
0 0.771671 0.050913 0.01 0.01
0 0.762480 0.053311 0.01 0.01
0 0.759683 0.043321 0.01 0.01
0 0.779663 0.048515 0.01 0.01
0 0.933908 0.060104 0.01 0.01
0 0.738104 0.026937 0.01 0.01
0 0.744897 0.024140 0.01 0.01
0 0.741700 0.014549 0.01 0.01
0 0.738903 0.018545 0.01 0.01
0 0.734508 0.017746 0.01 0.01
0 0.729712 0.016947 0.01 0.01
0 0.755687 0.009754 0.01 0.01
0 0.733708 0.034130 0.01 0.01
0 0.732909 0.028136 0.01 0.01
0 0.722919 0.038925 0.01 0.01
0 0.731311 0.052112 0.01 0.01
0 0.741301 0.048515 0.01 0.01
0 0.742899 0.059305 0.01 0.01
0 0.750492 0.046917 0.01 0.01
0 0.745696 0.037726 0.01 0.01
0 0.750891 0.028935 0.01 0.01
0 0.770871 0.035329 0.01 0.01
0 0.761281 0.030933 0.01 0.01
0 0.768074 0.029335 0.01 0.01
0 0.769273 0.023740 0.01 0.01
0 0.769273 0.015748 0.01 0.01
0 0.777265 0.014549 0.01 0.01
0 0.787255 0.016947 0.01 0.01
0 0.774068 0.018545 0.01 0.01
0 0.729712 0.032531 0.01 0.01
0 0.717724 0.037726 0.01 0.01
0 0.712530 0.052511 0.01 0.01
0 0.721321 0.056507 0.01 0.01
0 0.729712 0.066098 0.01 0.01
0 0.718124 0.061303 0.01 0.01
0 0.726915 0.084080 0.01 0.01
0 0.708534 0.084879 0.01 0.01
0 0.696945 0.068895 0.01 0.01
0 0.725716 0.094070 0.01 0.01
0 0.743299 0.110853 0.01 0.01
0 0.730112 0.119644 0.01 0.01
0 0.729712 0.129634 0.01 0.01
0 0.729712 0.148016 0.01 0.01
0 0.730512 0.153211 0.01 0.01
0 0.699742 0.158405 0.01 0.01
0 0.715327 0.169594 0.01 0.01
0 0.702939 0.146417 0.01 0.01
0 0.688554 0.144020 0.01 0.01
0 0.676965 0.143620 0.01 0.01
0 0.658584 0.154809 0.01 0.01
0 0.645397 0.153211 0.01 0.01
0 0.659383 0.136827 0.01 0.01
0 0.659383 0.127636 0.01 0.01
0 0.657385 0.119245 0.01 0.01
0 0.694947 0.116447 0.01 0.01
0 0.681361 0.099265 0.01 0.01
0 0.667774 0.094469 0.01 0.01
0 0.648993 0.090873 0.01 0.01
0 0.653389 0.076887 0.01 0.01
0 0.640602 0.077686 0.01 0.01
0 0.666176 0.085678 0.01 0.01
0 0.684957 0.082481 0.01 0.01
0 0.670572 0.089275 0.01 0.01
0 0.688953 0.060104 0.01 0.01
0 0.682560 0.032931 0.01 0.01
0 0.672969 0.034929 0.01 0.01
0 0.666576 0.034929 0.01 0.01
0 0.656985 0.037327 0.01 0.01
0 0.659383 0.049315 0.01 0.01
0 0.665377 0.047716 0.01 0.01
0 0.678164 0.044519 0.01 0.01
0 0.683359 0.042921 0.01 0.01
0 0.648194 0.034929 0.01 0.01
0 0.650991 0.031333 0.01 0.01
0 0.656186 0.024539 0.01 0.01
0 0.654188 0.014949 0.01 0.01
0 0.647794 0.011353 0.01 0.01
0 0.670572 0.005758 0.01 0.01
0 0.666576 0.013750 0.01 0.01
0 0.658584 0.004160 0.01 0.01
0 0.679363 0.006557 0.01 0.01
0 0.672969 0.018945 0.01 0.01
0 0.694548 0.027337 0.01 0.01
0 0.699343 0.018945 0.01 0.01
0 0.694947 0.015349 0.01 0.01
0 0.687754 0.011353 0.01 0.01
0 0.682160 0.023740 0.01 0.01
0 0.644598 0.060903 0.01 0.01
0 0.648993 0.042521 0.01 0.01
0 0.670572 0.101662 0.01 0.01
0 0.671770 0.122042 0.01 0.01
0 0.645397 0.130034 0.01 0.01
0 0.687754 0.018545 0.01 0.01
0 0.652590 0.173990 0.01 0.01
0 0.665377 0.165199 0.01 0.01
0 0.666975 0.072613 0.01 0.01
0 0.683758 0.070215 0.01 0.01
0 0.663778 0.055031 0.01 0.01
0 0.670172 0.176509 0.01 0.01
0 0.686955 0.179706 0.01 0.01
0 0.686955 0.162923 0.01 0.01
0 0.627015 0.170915 0.01 0.01
0 0.636606 0.186899 0.01 0.01
0 0.636606 0.167718 0.01 0.01
0 0.636606 0.155730 0.01 0.01
0 0.625417 0.142143 0.01 0.01
0 0.520721 0.185300 0.01 0.01
0 0.521521 0.175710 0.01 0.01
0 0.542300 0.172513 0.01 0.01
0 0.563878 0.173312 0.01 0.01
0 0.557485 0.164521 0.01 0.01
0 0.575866 0.150935 0.01 0.01
0 0.533908 0.167596 0.01 0.01
0 0.498344 0.164000 0.01 0.01
0 0.482360 0.164000 0.01 0.01
0 0.463179 0.158805 0.01 0.01
0 0.450392 0.173590 0.01 0.01
0 0.434408 0.164399 0.01 0.01
0 0.401641 0.145618 0.01 0.01
0 0.396845 0.164000 0.01 0.01
0 0.429213 0.152811 0.01 0.01
0 0.440801 0.152811 0.01 0.01
0 0.454388 0.150014 0.01 0.01
0 0.456386 0.138825 0.01 0.01
0 0.445597 0.135229 0.01 0.01
0 0.438004 0.133231 0.01 0.01
0 0.473169 0.142821 0.01 0.01
0 0.494348 0.131233 0.01 0.01
0 0.486356 0.128835 0.01 0.01
0 0.477964 0.121642 0.01 0.01
0 0.460781 0.118445 0.01 0.01
0 0.467175 0.108455 0.01 0.01
0 0.475567 0.108455 0.01 0.01
0 0.503139 0.121642 0.01 0.01
0 0.513129 0.116447 0.01 0.01
0 0.527115 0.101263 0.01 0.01
0 0.531511 0.123640 0.01 0.01
0 0.545097 0.119644 0.01 0.01
0 0.540701 0.113251 0.01 0.01
0 0.552290 0.124040 0.01 0.01
0 0.557485 0.130433 0.01 0.01
0 0.565477 0.133231 0.01 0.01
0 0.569073 0.127237 0.01 0.01
0 0.562680 0.120044 0.01 0.01
0 0.561081 0.106857 0.01 0.01
0 0.574268 0.123640 0.01 0.01
0 0.579862 0.129634 0.01 0.01
0 0.599842 0.120443 0.01 0.01
0 0.591451 0.116847 0.01 0.01
0 0.600642 0.130833 0.01 0.01
0 0.587055 0.110853 0.01 0.01
0 0.604638 0.111253 0.01 0.01
0 0.612630 0.117247 0.01 0.01
0 0.625017 0.125239 0.01 0.01
0 0.607035 0.091672 0.01 0.01
0 0.595047 0.102461 0.01 0.01
0 0.588254 0.090074 0.01 0.01
0 0.574668 0.092471 0.01 0.01
0 0.580262 0.093271 0.01 0.01
0 0.553888 0.084479 0.01 0.01
0 0.550691 0.079684 0.01 0.01
0 0.535107 0.072092 0.01 0.01
0 0.573069 0.075688 0.01 0.01
0 0.562680 0.064899 0.01 0.01
0 0.564278 0.056907 0.01 0.01
0 0.425217 0.133630 0.01 0.01
0 0.395247 0.138026 0.01 0.01
0 0.349692 0.138825 0.01 0.01
0 0.363279 0.135628 0.01 0.01
0 0.374867 0.143620 0.01 0.01
0 0.621820 0.052911 0.01 0.01
0 0.632210 0.048116 0.01 0.01
0 0.619423 0.044919 0.01 0.01
0 0.622620 0.038126 0.01 0.01
0 0.615427 0.018945 0.01 0.01
0 0.623419 0.016148 0.01 0.01
0 0.637005 0.012152 0.01 0.01
0 0.587455 0.036927 0.01 0.01
0 0.587455 0.050513 0.01 0.01
0 0.590252 0.053311 0.01 0.01
0 0.603039 0.052112 0.01 0.01
0 0.604238 0.036128 0.01 0.01
0 0.605037 0.025738 0.01 0.01
0 0.595846 0.027337 0.01 0.01
0 0.546695 0.052511 0.01 0.01
0 0.543499 0.061303 0.01 0.01
0 0.531511 0.059704 0.01 0.01
0 0.536705 0.052911 0.01 0.01
0 0.536306 0.042521 0.01 0.01
0 0.542300 0.043321 0.01 0.01
0 0.483559 0.105259 0.01 0.01
0 0.487954 0.092072 0.01 0.01
0 0.508334 0.095668 0.01 0.01
0 0.510731 0.104060 0.01 0.01
0 0.499143 0.110054 0.01 0.01
0 0.501141 0.086477 0.01 0.01
0 0.503539 0.077686 0.01 0.01
0 0.493549 0.066497 0.01 0.01
0 0.501541 0.059704 0.01 0.01
0 0.493149 0.054509 0.01 0.01
0 0.497145 0.046517 0.01 0.01
0 0.510731 0.050513 0.01 0.01
0 0.517125 0.051712 0.01 0.01
0 0.518723 0.041722 0.01 0.01
0 0.507535 0.038925 0.01 0.01
0 0.517525 0.028935 0.01 0.01
0 0.501541 0.035728 0.01 0.01
0 0.485956 0.036527 0.01 0.01
0 0.486755 0.021742 0.01 0.01
0 0.479962 0.028136 0.01 0.01
0 0.473169 0.025339 0.01 0.01
0 0.478364 0.013750 0.01 0.01
0 0.473169 0.012152 0.01 0.01
0 0.463978 0.001762 0.01 0.01
0 0.465177 0.018146 0.01 0.01
0 0.468374 0.050114 0.01 0.01
0 0.467575 0.066098 0.01 0.01
0 0.469972 0.092471 0.01 0.01
0 0.456386 0.095668 0.01 0.01
0 0.452789 0.109255 0.01 0.01
0 0.447595 0.090473 0.01 0.01
0 0.442799 0.088076 0.01 0.01
0 0.436006 0.085678 0.01 0.01
0 0.425217 0.088475 0.01 0.01
0 0.441601 0.098066 0.01 0.01
0 0.439603 0.094469 0.01 0.01
0 0.396046 0.111652 0.01 0.01
0 0.448394 0.064499 0.01 0.01
0 0.456386 0.069694 0.01 0.01
0 0.458384 0.072092 0.01 0.01
0 0.445996 0.056907 0.01 0.01
0 0.443199 0.047716 0.01 0.01
0 0.452390 0.046517 0.01 0.01
0 0.450392 0.039724 0.01 0.01
0 0.443199 0.042122 0.01 0.01
0 0.440801 0.049315 0.01 0.01
0 0.435607 0.024939 0.01 0.01
0 0.428014 0.018146 0.01 0.01
0 0.443998 0.007756 0.01 0.01
0 0.411231 0.025738 0.01 0.01
0 0.414028 0.012551 0.01 0.01
0 0.406436 0.015349 0.01 0.01
0 0.402040 0.020543 0.01 0.01
0 0.387255 0.016547 0.01 0.01
0 0.372869 0.012951 0.01 0.01
0 0.359283 0.020943 0.01 0.01
0 0.348494 0.016148 0.01 0.01
0 0.345696 0.022941 0.01 0.01
0 0.336106 0.019345 0.01 0.01
0 0.373669 0.020943 0.01 0.01
0 0.380462 0.018545 0.01 0.01
0 0.384058 0.020943 0.01 0.01
0 0.367675 0.040523 0.01 0.01
0 0.375667 0.033730 0.01 0.01
0 0.393249 0.041722 0.01 0.01
0 0.378863 0.045718 0.01 0.01
0 0.364877 0.053710 0.01 0.01
0 0.372470 0.056507 0.01 0.01
0 0.383259 0.059704 0.01 0.01
0 0.367275 0.063301 0.01 0.01
0 0.353688 0.064899 0.01 0.01
0 0.343299 0.076887 0.01 0.01
0 0.337305 0.069295 0.01 0.01
0 0.326516 0.097267 0.01 0.01
0 0.319722 0.098465 0.01 0.01
0 0.352490 0.091672 0.01 0.01
0 0.367675 0.083281 0.01 0.01
0 0.368474 0.076088 0.01 0.01
0 0.404837 0.092072 0.01 0.01
0 0.397245 0.081682 0.01 0.01
0 0.384058 0.090473 0.01 0.01
0 0.370472 0.099265 0.01 0.01
0 0.370072 0.092471 0.01 0.01
0 0.360482 0.104060 0.01 0.01
0 0.468773 0.171193 0.01 0.01
0 0.352490 0.047716 0.01 0.01
0 0.324917 0.005758 0.01 0.01
0 0.328913 0.012951 0.01 0.01
0 0.335706 0.000563 0.01 0.01
0 0.347694 0.001762 0.01 0.01
0 0.316126 0.002561 0.01 0.01
0 0.311730 0.041722 0.01 0.01
0 0.312130 0.051712 0.01 0.01
0 0.311730 0.056507 0.01 0.01
0 0.320522 0.050513 0.01 0.01
0 0.326516 0.051712 0.01 0.01
0 0.322919 0.072092 0.01 0.01
0 0.323319 0.077287 0.01 0.01
0 0.315726 0.088475 0.01 0.01
0 0.488753 0.047716 0.01 0.01
0 0.541101 0.020943 0.01 0.01
0 0.557085 0.019345 0.01 0.01
0 0.563878 0.017746 0.01 0.01
0 0.585057 0.016947 0.01 0.01
0 0.565077 0.028136 0.01 0.01
0 0.507535 0.013750 0.01 0.01
0 0.554687 0.008156 0.01 0.01
0 0.533109 0.006957 0.01 0.01
0 0.527115 0.009754 0.01 0.01
0 0.543898 0.006158 0.01 0.01
0 0.570272 0.007756 0.01 0.01
0 0.560682 0.005758 0.01 0.01
0 0.575866 0.012951 0.01 0.01
0 0.583459 0.006158 0.01 0.01
0 0.593049 0.007756 0.01 0.01
0 0.597844 0.013750 0.01 0.01
0 0.412430 0.035329 0.01 0.01
0 0.411631 0.048515 0.01 0.01
0 0.423619 0.051712 0.01 0.01
0 0.422020 0.033331 0.01 0.01
0 0.318524 0.028136 0.01 0.01
0 0.338504 0.094070 0.01 0.01
0 0.342500 0.104581 0.01 0.01
0 0.359283 0.112573 0.01 0.01
0 0.368074 0.112573 0.01 0.01
0 0.387255 0.102983 0.01 0.01
0 0.284158 0.102183 0.01 0.01
0 0.276166 0.102183 0.01 0.01
0 0.274568 0.093392 0.01 0.01
0 0.246596 0.080605 0.01 0.01
0 0.243399 0.076609 0.01 0.01
0 0.481561 0.077408 0.01 0.01
0 0.476765 0.067019 0.01 0.01
0 0.491151 0.082203 0.01 0.01
0 0.493549 0.073412 0.01 0.01
0 0.394448 0.049436 0.01 0.01
0 0.320921 0.040645 0.01 0.01
0 0.329712 0.044641 0.01 0.01
0 0.324917 0.035051 0.01 0.01
0 0.330512 0.035051 0.01 0.01
0 0.333708 0.028657 0.01 0.01
0 0.335307 0.035850 0.01 0.01
0 0.335307 0.041444 0.01 0.01
0 0.343299 0.035850 0.01 0.01
0 0.350492 0.029456 0.01 0.01
0 0.297744 0.046239 0.01 0.01
0 0.289752 0.051035 0.01 0.01
0 0.279363 0.041444 0.01 0.01
0 0.271371 0.048637 0.01 0.01
0 0.267375 0.038247 0.01 0.01
0 0.260981 0.027059 0.01 0.01
0 0.289752 0.026259 0.01 0.01
0 0.281760 0.071814 0.01 0.01
0 0.215427 0.003083 0.01 0.01
0 0.300941 0.003882 0.01 0.01
0 0.144298 0.005480 0.01 0.01
0 0.121920 0.002283 0.01 0.01
0 0.121920 0.011075 0.01 0.01
0 0.134707 0.020665 0.01 0.01
0 0.134707 0.033452 0.01 0.01
0 0.126715 0.041444 0.01 0.01
0 0.149093 0.025460 0.01 0.01
0 0.149093 0.016669 0.01 0.01
0 0.544697 0.029456 0.01 0.01
0 0.396046 0.003083 0.01 0.01
0 0.266576 0.063023 0.01 0.01
0 0.704538 0.000928 0.01 0.01
0 0.109932 0.309420 0.01 0.01
0 0.097145 0.250279 0.01 0.01
0 0.253788 0.600329 0.01 0.01
0 0.015627 0.498031 0.01 0.01
