0 0.184195 0.752895 0.01 0.01
0 0.082356 0.799658 0.01 0.01
0 0.128079 0.718603 0.01 0.01
0 0.167568 0.689506 0.01 0.01
0 0.128079 0.612607 0.01 0.01
0 0.095865 0.608451 0.01 0.01
0 0.068847 0.568962 0.01 0.01
0 0.365010 0.731073 0.01 0.01
0 0.389950 0.671840 0.01 0.01
0 0.280837 0.612607 0.01 0.01
0 0.185234 0.571041 0.01 0.01
0 0.439830 0.563766 0.01 0.01
0 0.429438 0.528435 0.01 0.01
0 0.516728 0.577276 0.01 0.01
0 0.496984 0.697819 0.01 0.01
0 0.441908 0.767444 0.01 0.01
0 0.378519 0.796540 0.01 0.01
0 0.245505 0.803814 0.01 0.01
0 0.266289 0.849538 0.01 0.01
0 0.676760 0.841225 0.01 0.01
0 0.654938 0.788227 0.01 0.01
0 0.588431 0.734190 0.01 0.01
0 0.672604 0.668723 0.01 0.01
0 0.661173 0.656252 0.01 0.01
0 0.597784 0.570001 0.01 0.01
0 0.674682 0.578315 0.01 0.01
0 0.734954 0.588707 0.01 0.01
0 0.751581 0.721720 0.01 0.01
0 0.695466 0.748739 0.01 0.01
0 0.782756 0.683271 0.01 0.01
0 0.830557 0.590785 0.01 0.01
0 0.989550 0.578315 0.01 0.01
0 1.050861 0.685349 0.01 0.01
0 1.123603 0.751856 0.01 0.01
0 0.960454 0.763287 0.01 0.01
0 0.893947 0.743543 0.01 0.01
0 0.872124 0.816284 0.01 0.01
0 0.038971 0.477775 0.01 0.01
0 0.084175 0.487647 0.01 0.01
0 0.083135 0.432571 0.01 0.01
0 0.124183 0.477775 0.01 0.01
0 0.171465 0.485049 0.01 0.01
0 0.181337 0.464786 0.01 0.01
0 0.161593 0.446081 0.01 0.01
0 0.181856 0.443483 0.01 0.01
0 0.190170 0.460629 0.01 0.01
0 0.201601 0.443483 0.01 0.01
0 0.177180 0.425297 0.01 0.01
0 0.142368 0.410229 0.01 0.01
0 0.117948 0.417503 0.01 0.01
0 0.087292 0.405033 0.01 0.01
0 0.081057 0.394122 0.01 0.01
0 0.062872 0.395161 0.01 0.01
0 0.035853 0.405033 0.01 0.01
0 0.051960 0.375937 0.01 0.01
0 0.049882 0.442444 0.01 0.01
0 0.223943 0.435689 0.01 0.01
0 0.226541 0.494402 0.01 0.01
0 0.256157 0.478814 0.01 0.01
0 0.250961 0.444002 0.01 0.01
0 0.291489 0.412827 0.01 0.01
0 0.264470 0.436209 0.01 0.01
0 0.287852 0.460629 0.01 0.01
0 0.224982 0.405033 0.01 0.01
0 0.869007 0.532591 0.01 0.01
0 0.821205 0.525317 0.01 0.01
0 0.826401 0.550257 0.01 0.01
0 0.848223 0.550257 0.01 0.01
0 0.858615 0.527396 0.01 0.01
0 0.807696 0.494142 0.01 0.01
0 0.750541 0.501416 0.01 0.01
0 0.737032 0.503495 0.01 0.01
0 0.722484 0.518043 0.01 0.01
0 0.706896 0.527396 0.01 0.01
0 0.671565 0.494142 0.01 0.01
0 0.708975 0.486868 0.01 0.01
0 0.693387 0.506612 0.01 0.01
0 0.623763 0.511808 0.01 0.01
0 0.655977 0.525317 0.01 0.01
0 0.802500 0.521161 0.01 0.01
0 0.790030 0.562727 0.01 0.01
0 0.752620 0.539866 0.01 0.01
0 0.831597 0.491025 0.01 0.01
0 0.856537 0.499338 0.01 0.01
0 0.877320 0.494142 0.01 0.01
0 0.889790 0.515965 0.01 0.01
0 0.903299 0.497260 0.01 0.01
0 0.925122 0.548179 0.01 0.01
0 0.932396 0.510769 0.01 0.01
0 0.942788 0.505573 0.01 0.01
0 0.971884 0.559610 0.01 0.01
0 0.986433 0.537787 0.01 0.01
0 1.108015 0.576237 0.01 0.01
0 1.101780 0.550257 0.01 0.01
0 1.158935 0.561688 0.01 0.01
0 1.141269 0.561688 0.01 0.01
0 1.153739 0.590785 0.01 0.01
0 1.182836 0.556492 0.01 0.01
0 1.203619 0.590785 0.01 0.01
0 1.216089 0.545061 0.01 0.01
0 1.241029 0.617803 0.01 0.01
0 1.220246 0.592863 0.01 0.01
0 0.732876 0.480633 0.01 0.01
0 0.750541 0.468163 0.01 0.01
0 0.757816 0.457771 0.01 0.01
0 0.774442 0.457771 0.01 0.01
0 0.777560 0.478555 0.01 0.01
0 0.755737 0.483750 0.01 0.01
0 0.835753 0.464006 0.01 0.01
0 0.817048 0.468163 0.01 0.01
0 0.798343 0.465045 0.01 0.01
0 0.780677 0.439066 0.01 0.01
0 0.806657 0.443223 0.01 0.01
0 0.745346 0.427635 0.01 0.01
0 0.717288 0.436988 0.01 0.01
0 0.692348 0.460889 0.01 0.01
0 0.667408 0.454654 0.01 0.01
0 0.648703 0.468163 0.01 0.01
0 0.641429 0.457771 0.01 0.01
0 0.629998 0.460889 0.01 0.01
0 0.633115 0.479594 0.01 0.01
0 0.645585 0.482711 0.01 0.01
0 0.608175 0.460889 0.01 0.01
0 0.599862 0.472320 0.01 0.01
0 1.064370 0.521161 0.01 0.01
0 1.020725 0.521161 0.01 0.01
0 1.057096 0.539866 0.01 0.01
0 1.089310 0.499338 0.01 0.01
0 1.075801 0.505573 0.01 0.01
0 1.112172 0.508691 0.01 0.01
0 1.139191 0.503495 0.01 0.01
0 1.137112 0.526356 0.01 0.01
0 1.169326 0.527396 0.01 0.01
0 1.190110 0.521161 0.01 0.01
0 1.221285 0.491025 0.01 0.01
0 1.237912 0.489986 0.01 0.01
0 1.252460 0.479594 0.01 0.01
0 1.245186 0.461928 0.01 0.01
0 1.255577 0.457771 0.01 0.01
0 1.223363 0.457771 0.01 0.01
0 1.205697 0.465045 0.01 0.01
0 1.242068 0.446340 0.01 0.01
0 1.222324 0.473359 0.01 0.01
0 1.216089 0.465045 0.01 0.01
0 1.182836 0.476476 0.01 0.01
0 1.176601 0.497260 0.01 0.01
0 1.197384 0.499338 0.01 0.01
0 1.192188 0.489986 0.01 0.01
0 1.159974 0.495181 0.01 0.01
0 1.170366 0.468163 0.01 0.01
0 1.153739 0.458810 0.01 0.01
0 1.155817 0.451536 0.01 0.01
0 1.172444 0.453615 0.01 0.01
0 1.166209 0.435949 0.01 0.01
0 1.259734 0.501416 0.01 0.01
0 1.267008 0.493103 0.01 0.01
0 1.265969 0.480633 0.01 0.01
0 1.260773 0.472320 0.01 0.01
0 1.270126 0.460889 0.01 0.01
0 1.261812 0.450497 0.01 0.01
0 1.270126 0.442184 0.01 0.01
0 1.260773 0.432831 0.01 0.01
0 1.268047 0.540905 0.01 0.01
0 1.234794 0.525317 0.01 0.01
0 1.272204 0.562727 0.01 0.01
0 1.185953 0.576237 0.01 0.01
0 1.131916 0.444262 0.01 0.01
0 1.138151 0.422440 0.01 0.01
0 1.129838 0.413087 0.01 0.01
0 1.103859 0.420361 0.01 0.01
0 1.131916 0.464006 0.01 0.01
0 1.121525 0.447380 0.01 0.01
0 1.114250 0.457771 0.01 0.01
0 1.118407 0.471280 0.01 0.01
0 1.130877 0.479594 0.01 0.01
0 1.141269 0.485829 0.01 0.01
0 1.108015 0.487907 0.01 0.01
0 1.098663 0.464006 0.01 0.01
0 1.080997 0.468163 0.01 0.01
0 1.069566 0.439066 0.01 0.01
0 1.055018 0.460889 0.01 0.01
0 1.049822 0.508691 0.01 0.01
0 1.037352 0.498299 0.01 0.01
0 1.020725 0.482711 0.01 0.01
0 0.998903 0.497260 0.01 0.01
0 0.983315 0.489986 0.01 0.01
0 0.987472 0.527396 0.01 0.01
0 0.966689 0.483750 0.01 0.01
0 0.947983 0.485829 0.01 0.01
0 0.919926 0.479594 0.01 0.01
0 0.891868 0.479594 0.01 0.01
0 0.907456 0.468163 0.01 0.01
0 0.989550 0.464006 0.01 0.01
0 0.967728 0.409970 0.01 0.01
0 0.912652 0.446340 0.01 0.01
0 0.935513 0.446340 0.01 0.01
0 1.031117 0.446340 0.01 0.01
0 1.016569 0.454654 0.01 0.01
0 0.993707 0.449458 0.01 0.01
0 1.102820 0.405813 0.01 0.01
0 1.069566 0.405813 0.01 0.01
0 1.080997 0.413087 0.01 0.01
0 1.073723 0.414126 0.01 0.01
0 1.089310 0.418283 0.01 0.01
0 1.159974 0.398539 0.01 0.01
0 1.166209 0.383990 0.01 0.01
0 1.224402 0.417244 0.01 0.01
0 1.077880 0.392304 0.01 0.01
0 1.071645 0.386069 0.01 0.01
0 1.120485 0.386069 0.01 0.01
0 1.129838 0.391264 0.01 0.01
0 1.021764 0.388147 0.01 0.01
0 1.039430 0.393343 0.01 0.01
0 1.021764 0.405813 0.01 0.01
0 0.679878 0.432831 0.01 0.01
0 0.827440 0.398539 0.01 0.01
0 0.858615 0.395421 0.01 0.01
0 0.841988 0.386069 0.01 0.01
0 0.830557 0.389186 0.01 0.01
0 0.821205 0.385029 0.01 0.01
0 0.818087 0.398539 0.01 0.01
0 0.790030 0.403735 0.01 0.01
0 0.781717 0.407891 0.01 0.01
0 0.770286 0.406852 0.01 0.01
0 0.764051 0.405813 0.01 0.01
0 0.765090 0.424518 0.01 0.01
0 0.748463 0.407891 0.01 0.01
0 0.741189 0.391264 0.01 0.01
0 0.751581 0.386069 0.01 0.01
0 0.728719 0.420361 0.01 0.01
0 0.706896 0.411009 0.01 0.01
0 0.684035 0.406852 0.01 0.01
0 0.662212 0.417244 0.01 0.01
0 0.663251 0.428675 0.01 0.01
0 0.632076 0.415165 0.01 0.01
0 0.611293 0.443223 0.01 0.01
0 0.599862 0.446340 0.01 0.01
0 0.743267 0.443223 0.01 0.01
0 0.749502 0.436988 0.01 0.01
0 0.852380 0.439066 0.01 0.01
0 0.877320 0.432831 0.01 0.01
0 0.851341 0.413087 0.01 0.01
0 0.875242 0.472320 0.01 0.01
0 0.962532 0.432831 0.01 0.01
0 0.872124 0.398539 0.01 0.01
0 0.885633 0.400617 0.01 0.01
0 0.899143 0.401656 0.01 0.01
0 0.883555 0.420361 0.01 0.01
0 0.102100 0.456732 0.01 0.01
0 0.291229 0.395421 0.01 0.01
0 0.375402 0.434910 0.01 0.01
0 0.309934 0.479594 0.01 0.01
0 0.272524 0.460889 0.01 0.01
0 0.262132 0.453615 0.01 0.01
0 0.283955 0.440105 0.01 0.01
0 0.306816 0.443223 0.01 0.01
0 0.359814 0.479594 0.01 0.01
0 0.401381 0.482711 0.01 0.01
0 0.381637 0.493103 0.01 0.01
0 0.461653 0.510769 0.01 0.01
0 0.478279 0.510769 0.01 0.01
0 0.493867 0.475437 0.01 0.01
0 0.506337 0.508691 0.01 0.01
0 0.528159 0.504534 0.01 0.01
0 0.581157 0.503495 0.01 0.01
0 0.592588 0.493103 0.01 0.01
0 0.575961 0.487907 0.01 0.01
0 0.604019 0.491025 0.01 0.01
0 0.573883 0.472320 0.01 0.01
0 0.591549 0.466085 0.01 0.01
0 0.575961 0.446340 0.01 0.01
0 0.568687 0.454654 0.01 0.01
0 0.546864 0.460889 0.01 0.01
0 0.516728 0.485829 0.01 0.01
0 0.551021 0.480633 0.01 0.01
0 0.478279 0.465045 0.01 0.01
0 0.118987 0.396201 0.01 0.01
0 0.177700 0.379054 0.01 0.01
0 0.199522 0.388926 0.01 0.01
0 0.223423 0.379054 0.01 0.01
0 0.208875 0.380093 0.01 0.01
0 0.214071 0.373858 0.01 0.01
0 0.254598 0.382691 0.01 0.01
0 0.235893 0.384250 0.01 0.01
0 0.227060 0.368663 0.01 0.01
0 0.122624 0.384250 0.01 0.01
0 0.090929 0.383211 0.01 0.01
0 0.419826 0.429974 0.01 0.01
0 0.412032 0.425297 0.01 0.01
0 0.398523 0.403475 0.01 0.01
0 0.432296 0.420621 0.01 0.01
0 0.436453 0.450237 0.01 0.01
0 0.455158 0.432571 0.01 0.01
0 0.447884 0.422699 0.01 0.01
0 0.438531 0.426856 0.01 0.01
0 0.480617 0.430493 0.01 0.01
0 0.489970 0.418023 0.01 0.01
0 0.472824 0.414386 0.01 0.01
0 0.485294 0.401396 0.01 0.01
0 0.500881 0.414386 0.01 0.01
0 0.515430 0.392563 0.01 0.01
0 0.531017 0.473619 0.01 0.01
0 0.518547 0.463227 0.01 0.01
0 0.500881 0.465305 0.01 0.01
0 0.495166 0.452835 0.01 0.01
0 0.489450 0.440885 0.01 0.01
0 0.525821 0.441924 0.01 0.01
0 0.516469 0.451796 0.01 0.01
0 0.533615 0.436209 0.01 0.01
0 0.551281 0.427376 0.01 0.01
0 0.539330 0.429974 0.01 0.01
0 0.516469 0.422699 0.01 0.01
0 0.548683 0.441924 0.01 0.01
0 0.580897 0.429974 0.01 0.01
0 0.574143 0.412308 0.01 0.01
0 0.578299 0.399838 0.01 0.01
0 0.628699 0.393603 0.01 0.01
0 0.600641 0.412308 0.01 0.01
0 0.604278 0.394122 0.01 0.01
0 0.565829 0.380093 0.01 0.01
0 0.539850 0.380093 0.01 0.01
0 0.440090 0.382691 0.01 0.01
0 0.409954 0.379574 0.01 0.01
0 0.387612 0.386328 0.01 0.01
0 0.330458 0.386328 0.01 0.01
0 0.281097 0.376976 0.01 0.01
0 0.257196 0.416464 0.01 0.01
0 0.210953 0.419062 0.01 0.01
0 0.209394 0.400877 0.01 0.01
0 0.196405 0.403475 0.01 0.01
0 0.158995 0.394642 0.01 0.01
0 0.171984 0.403475 0.01 0.01
0 0.196405 0.428934 0.01 0.01
0 0.136653 0.386848 0.01 0.01
0 0.772104 0.515185 0.01 0.01
0 0.965390 0.462188 0.01 0.01
0 0.972664 0.437248 0.01 0.01
0 0.948763 0.438287 0.01 0.01
0 0.948243 0.456472 0.01 0.01
0 0.915509 0.405553 0.01 0.01
0 0.936293 0.409190 0.01 0.01
0 1.019946 0.506872 0.01 0.01
0 0.694167 0.434650 0.01 0.01
0 0.599602 0.490245 0.01 0.01
0 0.928759 0.386848 0.01 0.01
0 0.874203 0.370221 0.01 0.01
0 0.866928 0.381652 0.01 0.01
0 0.937072 0.386848 0.01 0.01
0 0.952140 0.386848 0.01 0.01
0 0.763531 0.376456 0.01 0.01
0 0.751061 0.378015 0.01 0.01
0 0.734434 0.381652 0.01 0.01
0 0.913691 0.541165 0.01 0.01
0 0.981756 0.512587 0.01 0.01
0 1.039430 0.466344 0.01 0.01
0 1.028519 0.464266 0.01 0.01
0 1.059175 0.418023 0.01 0.01
0 0.811852 0.408151 0.01 0.01
0 0.689750 0.368663 0.01 0.01
0 0.700661 0.375937 0.01 0.01
0 0.713131 0.377496 0.01 0.01
0 0.426321 0.399838 0.01 0.01
0 0.399302 0.419062 0.01 0.01
0 0.493867 0.395161 0.01 0.01
0 0.652860 0.374898 0.01 0.01
0 0.574922 0.391005 0.01 0.01
0 0.539590 0.397759 0.01 0.01
0 0.540629 0.412308 0.01 0.01
0 0.350202 0.442054 0.01 0.01
0 0.323703 0.414516 0.01 0.01
0 0.339031 0.423868 0.01 0.01
0 0.306297 0.393473 0.01 0.01
0 0.396445 0.362817 0.01 0.01
0 0.264990 0.407761 0.01 0.01
0 0.253819 0.403085 0.01 0.01
0 0.471265 0.339436 0.01 0.01
0 0.581417 0.353335 0.01 0.01
0 0.575182 0.365285 0.01 0.01
0 0.569466 0.363207 0.01 0.01
0 0.600641 0.347100 0.01 0.01
0 0.457236 0.390745 0.01 0.01
0 0.478019 0.386588 0.01 0.01
0 0.810553 0.363207 0.01 0.01
0 0.832896 0.367364 0.01 0.01
0 0.845885 0.370481 0.01 0.01
0 0.952400 0.378275 0.01 0.01
0 0.991888 0.416724 0.01 0.01
0 0.999682 0.390745 0.01 0.01
0 1.006956 0.383990 0.01 0.01
0 1.059434 0.370481 0.01 0.01
0 1.060993 0.384510 0.01 0.01
0 0.510493 0.349698 0.01 0.01
0 0.500102 0.345541 0.01 0.01
0 0.514650 0.343463 0.01 0.01
0 0.530238 0.347619 0.01 0.01
0 0.531277 0.340345 0.01 0.01
0 0.521924 0.338267 0.01 0.01
0 0.035593 0.328914 0.01 0.01
0 0.045985 0.322679 0.01 0.01
0 0.058455 0.325797 0.01 0.01
0 0.309934 0.343463 0.01 0.01
0 0.317208 0.342424 0.01 0.01
0 0.326561 0.342424 0.01 0.01
0 0.333835 0.341384 0.01 0.01
0 0.383715 0.347619 0.01 0.01
0 0.401381 0.347619 0.01 0.01
0 0.946944 0.362168 0.01 0.01
0 0.970845 0.362168 0.01 0.01
0 0.966689 0.359050 0.01 0.01
0 0.963571 0.355933 0.01 0.01
0 0.989550 0.359050 0.01 0.01
0 0.997864 0.359050 0.01 0.01
0 1.005138 0.360089 0.01 0.01
0 1.015529 0.373599 0.01 0.01
0 1.147504 0.370481 0.01 0.01
0 0.682995 0.355933 0.01 0.01
0 0.668447 0.355933 0.01 0.01
0 0.659095 0.356972 0.01 0.01
0 0.587392 0.343463 0.01 0.01
0 0.580118 0.340345 0.01 0.01
0 0.443987 0.482711 0.01 0.01
0 0.432556 0.508691 0.01 0.01
0 1.027999 0.530513 0.01 0.01
0 1.043587 0.555453 0.01 0.01
0 1.040469 0.581432 0.01 0.01
0 0.356697 0.341384 0.01 0.01
0 0.344226 0.343463 0.01 0.01
0 0.292268 0.335149 0.01 0.01
0 0.304738 0.336189 0.01 0.01
0 0.279798 0.336189 0.01 0.01
0 0.288111 0.333071 0.01 0.01
0 0.196665 0.337228 0.01 0.01
0 0.187312 0.341384 0.01 0.01
0 0.208095 0.340345 0.01 0.01
0 0.060533 0.343463 0.01 0.01
0 0.079238 0.327875 0.01 0.01
0 0.071964 0.326836 0.01 0.01
0 0.110414 0.333071 0.01 0.01
0 0.116649 0.334110 0.01 0.01
0 0.175881 0.330993 0.01 0.01
0 0.166529 0.340345 0.01 0.01
0 0.156137 0.340345 0.01 0.01
0 0.151980 0.333071 0.01 0.01
0 0.144706 0.333071 0.01 0.01
0 0.159254 0.327875 0.01 0.01
0 0.382676 0.336189 0.01 0.01
0 0.378519 0.340345 0.01 0.01
0 0.390989 0.341384 0.01 0.01
0 0.403459 0.340345 0.01 0.01
0 0.415929 0.348659 0.01 0.01
0 0.397224 0.334110 0.01 0.01
0 0.441908 0.342424 0.01 0.01
0 0.433595 0.343463 0.01 0.01
0 0.431517 0.351776 0.01 0.01
0 0.482436 0.352815 0.01 0.01
0 0.472044 0.351776 0.01 0.01
0 0.547904 0.347619 0.01 0.01
0 0.733915 0.367364 0.01 0.01
0 0.726641 0.367364 0.01 0.01
0 0.720406 0.354894 0.01 0.01
0 0.744306 0.354894 0.01 0.01
0 0.756776 0.360089 0.01 0.01
0 0.755737 0.352815 0.01 0.01
0 0.760933 0.352815 0.01 0.01
0 0.771325 0.362168 0.01 0.01
0 0.779638 0.355933 0.01 0.01
0 0.883555 0.366324 0.01 0.01
0 0.926161 0.354894 0.01 0.01
0 0.920965 0.364246 0.01 0.01
0 0.902260 0.363207 0.01 0.01
0 0.903299 0.369442 0.01 0.01
0 0.913691 0.360089 0.01 0.01
0 0.907456 0.359050 0.01 0.01
0 0.986433 0.376716 0.01 0.01
0 0.984354 0.369442 0.01 0.01
0 1.074762 0.373599 0.01 0.01
0 1.195306 0.420361 0.01 0.01
0 1.180757 0.415165 0.01 0.01
0 1.169326 0.420361 0.01 0.01
0 1.199462 0.403735 0.01 0.01
0 1.207776 0.400617 0.01 0.01
0 1.205697 0.405813 0.01 0.01
0 1.223363 0.405813 0.01 0.01
0 1.248303 0.422440 0.01 0.01
0 0.620645 0.362168 0.01 0.01
0 0.636233 0.362168 0.01 0.01
0 0.613371 0.369442 0.01 0.01
0 0.604019 0.374638 0.01 0.01
0 0.593627 0.383990 0.01 0.01
0 0.645585 0.398539 0.01 0.01
0 0.666369 0.386069 0.01 0.01
0 0.643507 0.383990 0.01 0.01
0 0.785873 0.369442 0.01 0.01
0 0.772364 0.388147 0.01 0.01
0 0.782756 0.387108 0.01 0.01
0 0.804578 0.372559 0.01 0.01
0 0.796265 0.387108 0.01 0.01
0 0.869007 0.362168 0.01 0.01
0 0.855497 0.360089 0.01 0.01
0 0.835753 0.360089 0.01 0.01
0 0.825362 0.355933 0.01 0.01
0 0.812892 0.356972 0.01 0.01
0 0.798343 0.354894 0.01 0.01
0 0.971884 0.379834 0.01 0.01
0 0.962532 0.383990 0.01 0.01
0 1.048783 0.363207 0.01 0.01
0 1.036313 0.371520 0.01 0.01
0 1.021764 0.362168 0.01 0.01
0 1.095545 0.369442 0.01 0.01
0 1.095545 0.360089 0.01 0.01
0 1.087232 0.359050 0.01 0.01
0 1.083075 0.373599 0.01 0.01
0 1.106976 0.373599 0.01 0.01
0 1.116329 0.373599 0.01 0.01
0 1.129838 0.370481 0.01 0.01
0 1.164131 0.367364 0.01 0.01
0 1.216089 0.380873 0.01 0.01
0 1.206736 0.380873 0.01 0.01
0 0.555178 0.337228 0.01 0.01
0 0.545825 0.337228 0.01 0.01
0 0.548943 0.330993 0.01 0.01
0 0.536473 0.330993 0.01 0.01
0 0.532316 0.330993 0.01 0.01
0 0.513611 0.335149 0.01 0.01
0 0.310973 0.335149 0.01 0.01
0 0.327600 0.334110 0.01 0.01
0 0.080278 0.340345 0.01 0.01
0 0.087552 0.336189 0.01 0.01
0 0.095865 0.326836 0.01 0.01
0 0.070925 0.381912 0.01 0.01
0 0.085473 0.369442 0.01 0.01
0 0.079238 0.363207 0.01 0.01
0 0.074043 0.363207 0.01 0.01
0 0.045985 0.363207 0.01 0.01
0 0.032476 0.387108 0.01 0.01
0 0.074043 0.427635 0.01 0.01
0 0.064690 0.420361 0.01 0.01
0 0.041828 0.421400 0.01 0.01
0 0.091709 0.458810 0.01 0.01
0 0.091709 0.450497 0.01 0.01
0 0.143667 0.446340 0.01 0.01
0 0.139510 0.427635 0.01 0.01
0 0.155098 0.431792 0.01 0.01
0 0.183155 0.510769 0.01 0.01
0 0.228879 0.479594 0.01 0.01
0 0.459574 0.383990 0.01 0.01
0 0.467888 0.372559 0.01 0.01
0 0.362932 0.376716 0.01 0.01
0 0.308895 0.372559 0.01 0.01
0 0.315130 0.373599 0.01 0.01
0 0.322404 0.373599 0.01 0.01
0 0.333835 0.374638 0.01 0.01
0 0.343187 0.378794 0.01 0.01
0 0.787952 0.430753 0.01 0.01
0 0.801461 0.415165 0.01 0.01
0 0.809774 0.424518 0.01 0.01
0 0.843027 0.405813 0.01 0.01
0 0.825362 0.430753 0.01 0.01
0 0.823283 0.439066 0.01 0.01
0 0.836792 0.428675 0.01 0.01
0 0.834714 0.446340 0.01 0.01
0 0.862772 0.429714 0.01 0.01
0 0.854458 0.427635 0.01 0.01
0 0.864850 0.420361 0.01 0.01
0 0.891868 0.464006 0.01 0.01
0 0.920965 0.425557 0.01 0.01
0 0.901221 0.428675 0.01 0.01
0 1.009294 0.442184 0.01 0.01
0 0.357736 0.394382 0.01 0.01
0 0.347344 0.393343 0.01 0.01
0 0.348383 0.413087 0.01 0.01
0 0.148863 0.376716 0.01 0.01
0 0.357736 0.450497 0.01 0.01
0 0.392028 0.461928 0.01 0.01
0 0.416968 0.450497 0.01 0.01
0 0.128079 0.328914 0.01 0.01
0 0.122884 0.344502 0.01 0.01
0 0.089630 0.340345 0.01 0.01
0 0.252780 0.333071 0.01 0.01
0 0.268367 0.345541 0.01 0.01
0 0.275641 0.345541 0.01 0.01
0 0.288111 0.345541 0.01 0.01
0 0.427360 0.322679 0.01 0.01
0 0.561413 0.325797 0.01 0.01
0 0.545825 0.323719 0.01 0.01
0 0.571804 0.340345 0.01 0.01
0 0.628959 0.345541 0.01 0.01
0 0.619606 0.345541 0.01 0.01
0 0.614410 0.345541 0.01 0.01
0 0.640390 0.340345 0.01 0.01
0 0.651820 0.340345 0.01 0.01
0 0.660134 0.340345 0.01 0.01
0 0.698583 0.349698 0.01 0.01
0 0.887712 0.352815 0.01 0.01
0 0.869007 0.348659 0.01 0.01
0 0.855497 0.352815 0.01 0.01
0 0.980198 0.355933 0.01 0.01
0 0.940709 0.352815 0.01 0.01
0 1.203619 0.370481 0.01 0.01
0 1.193227 0.369442 0.01 0.01
0 1.248303 0.378794 0.01 0.01
0 1.237912 0.378794 0.01 0.01
0 1.227520 0.378794 0.01 0.01
0 1.236872 0.407891 0.01 0.01
0 1.259734 0.408930 0.01 0.01
0 1.271165 0.398539 0.01 0.01
0 1.256617 0.398539 0.01 0.01
0 1.171405 0.403735 0.01 0.01
0 1.140230 0.403735 0.01 0.01
0 1.147504 0.388147 0.01 0.01
0 1.139191 0.391264 0.01 0.01
0 1.093467 0.385029 0.01 0.01
0 1.103859 0.379834 0.01 0.01
0 1.008255 0.395421 0.01 0.01
0 0.997864 0.405813 0.01 0.01
0 0.984354 0.399578 0.01 0.01
0 0.972924 0.399578 0.01 0.01
0 1.024882 0.413087 0.01 0.01
0 1.046705 0.425557 0.01 0.01
0 1.037352 0.428675 0.01 0.01
0 1.027999 0.427635 0.01 0.01
0 0.980198 0.407891 0.01 0.01
0 0.950062 0.414126 0.01 0.01
0 0.938631 0.394382 0.01 0.01
0 0.873163 0.409970 0.01 0.01
0 0.808735 0.388147 0.01 0.01
0 0.721445 0.398539 0.01 0.01
0 0.704818 0.398539 0.01 0.01
0 0.420086 0.383990 0.01 0.01
0 0.093787 0.369442 0.01 0.01
0 0.114570 0.373599 0.01 0.01
0 0.319286 0.453615 0.01 0.01
0 0.305777 0.457771 0.01 0.01
0 0.331756 0.465045 0.01 0.01
0 0.336952 0.453615 0.01 0.01
0 0.329678 0.439066 0.01 0.01
0 0.322404 0.436988 0.01 0.01
0 0.382676 0.446340 0.01 0.01
0 0.560374 0.434910 0.01 0.01
0 0.626880 0.447380 0.01 0.01
0 0.617528 0.431792 0.01 0.01
0 0.634155 0.431792 0.01 0.01
0 0.647664 0.442184 0.01 0.01
0 0.602979 0.508691 0.01 0.01
0 0.565569 0.508691 0.01 0.01
0 0.432556 0.439066 0.01 0.01
0 0.170685 0.369442 0.01 0.01
0 0.183155 0.370481 0.01 0.01
0 0.194586 0.371520 0.01 0.01
0 0.106257 0.355933 0.01 0.01
0 1.174522 0.367364 0.01 0.01
0 0.827440 0.348659 0.01 0.01
0 0.838871 0.348659 0.01 0.01
0 0.687152 0.345541 0.01 0.01
0 0.668447 0.343463 0.01 0.01
0 0.512572 0.326836 0.01 0.01
0 0.486593 0.338267 0.01 0.01
0 0.492828 0.333071 0.01 0.01
0 0.504258 0.333071 0.01 0.01
0 0.351501 0.330993 0.01 0.01
0 0.358775 0.333071 0.01 0.01
0 0.343187 0.333071 0.01 0.01
0 0.363971 0.333071 0.01 0.01
0 0.227840 0.329954 0.01 0.01
0 0.211213 0.330993 0.01 0.01
0 0.197704 0.322679 0.01 0.01
0 0.189390 0.327875 0.01 0.01
0 0.183155 0.322679 0.01 0.01
0 0.171724 0.321640 0.01 0.01
0 0.154059 0.465045 0.01 0.01
0 0.132236 0.453615 0.01 0.01
0 0.108335 0.364246 0.01 0.01
0 0.118727 0.359050 0.01 0.01
0 0.108335 0.347619 0.01 0.01
0 0.240310 0.436988 0.01 0.01
0 0.237192 0.420361 0.01 0.01
0 0.374362 0.383990 0.01 0.01
0 0.370206 0.413087 0.01 0.01
0 0.699622 0.478555 0.01 0.01
0 0.719366 0.460889 0.01 0.01
0 0.732876 0.454654 0.01 0.01
0 0.420086 0.415165 0.01 0.01
0 0.103139 0.383990 0.01 0.01
0 0.185234 0.354894 0.01 0.01
0 0.193547 0.354894 0.01 0.01
0 0.055338 0.464006 0.01 0.01
