0 0.542115 0.551949 0.01 0.01
0 0.706950 0.570680 0.01 0.01
0 0.151256 0.545705 0.01 0.01
0 0.143763 0.485765 0.01 0.01
0 0.193713 0.452049 0.01 0.01
0 0.407250 0.424576 0.01 0.01
0 0.318588 0.359641 0.01 0.01
0 0.242415 0.337164 0.01 0.01
0 0.176231 0.357144 0.01 0.01
0 0.199957 0.362139 0.01 0.01
0 0.110047 0.362139 0.01 0.01
0 0.078828 0.349651 0.01 0.01
0 0.017639 0.214786 0.01 0.01
0 0.048858 0.218532 0.01 0.01
0 0.052604 0.181070 0.01 0.01
0 0.066341 0.208542 0.01 0.01
0 0.081326 0.206045 0.01 0.01
0 0.098808 0.217283 0.01 0.01
0 0.105052 0.192308 0.01 0.01
0 0.126281 0.206045 0.01 0.01
0 0.137520 0.204796 0.01 0.01
0 0.173733 0.308442 0.01 0.01
0 0.201206 0.287214 0.01 0.01
0 0.221186 0.320930 0.01 0.01
0 0.231176 0.293457 0.01 0.01
0 0.246161 0.287214 0.01 0.01
0 0.226181 0.238512 0.01 0.01
0 0.206201 0.222279 0.01 0.01
0 0.191216 0.198552 0.01 0.01
0 0.739418 0.477024 0.01 0.01
0 1.010397 0.561939 0.01 0.01
0 0.804353 0.453297 0.01 0.01
0 0.864293 0.424576 0.01 0.01
0 1.047859 0.455795 0.01 0.01
0 1.110297 0.469531 0.01 0.01
0 1.161496 0.372129 0.01 0.01
0 1.116540 0.382119 0.01 0.01
0 1.237669 0.323427 0.01 0.01
0 1.238918 0.242259 0.01 0.01
0 1.152754 0.282219 0.01 0.01
0 1.085322 0.322179 0.01 0.01
0 0.936720 0.337164 0.01 0.01
0 0.861795 0.334666 0.01 0.01
0 0.810596 0.328422 0.01 0.01
0 0.663244 0.352149 0.01 0.01
0 0.678229 0.309691 0.01 0.01
0 0.642015 0.308442 0.01 0.01
0 0.470936 0.315935 0.01 0.01
0 0.406001 0.320930 0.01 0.01
0 0.341066 0.302199 0.01 0.01
0 0.358548 0.295955 0.01 0.01
0 0.279877 0.304696 0.01 0.01
0 0.284872 0.283467 0.01 0.01
0 0.266141 0.285965 0.01 0.01
0 0.351056 0.238512 0.01 0.01
0 0.304852 0.247254 0.01 0.01
0 0.274882 0.253497 0.01 0.01
0 0.252405 0.222279 0.01 0.01
0 0.221186 0.191060 0.01 0.01
0 0.161246 0.168582 0.01 0.01
0 0.137520 0.183567 0.01 0.01
0 0.249907 0.192308 0.01 0.01
0 0.252405 0.178572 0.01 0.01
0 0.234922 0.178572 0.01 0.01
0 0.284872 0.213537 0.01 0.01
0 0.316091 0.202298 0.01 0.01
0 0.324832 0.188562 0.01 0.01
0 0.333573 0.182318 0.01 0.01
0 0.352305 0.177323 0.01 0.01
0 0.356051 0.199801 0.01 0.01
0 0.387270 0.197303 0.01 0.01
0 0.386021 0.236015 0.01 0.01
0 0.364792 0.227274 0.01 0.01
0 0.397260 0.224776 0.01 0.01
0 0.392265 0.287214 0.01 0.01
0 0.438469 0.295955 0.01 0.01
0 0.417240 0.242259 0.01 0.01
0 0.440966 0.227274 0.01 0.01
0 0.475931 0.233517 0.01 0.01
0 0.533374 0.285965 0.01 0.01
0 0.509647 0.242259 0.01 0.01
0 0.544612 0.239761 0.01 0.01
0 0.527130 0.217283 0.01 0.01
0 0.504652 0.199801 0.01 0.01
0 0.490916 0.217283 0.01 0.01
0 0.460946 0.198552 0.01 0.01
0 0.447210 0.176465 0.01 0.01
0 0.403504 0.183333 0.01 0.01
0 0.384148 0.168972 0.01 0.01
0 0.473434 0.187704 0.01 0.01
0 0.477804 0.199567 0.01 0.01
0 0.585821 0.238903 0.01 0.01
0 0.565217 0.214552 0.01 0.01
0 0.538993 0.198942 0.01 0.01
0 0.533374 0.177089 0.01 0.01
0 0.512769 0.186455 0.01 0.01
0 0.490916 0.172094 0.01 0.01
0 0.480926 0.179587 0.01 0.01
0 0.464068 0.175216 0.01 0.01
0 0.300482 0.180836 0.01 0.01
0 0.197460 0.173343 0.01 0.01
0 0.178728 0.189577 0.01 0.01
0 0.181226 0.241400 0.01 0.01
0 0.171860 0.221420 0.01 0.01
0 0.116603 0.188328 0.01 0.01
0 0.088506 0.181460 0.01 0.01
0 0.327018 0.281984 0.01 0.01
0 0.415679 0.277614 0.01 0.01
0 0.490604 0.401240 0.01 0.01
0 0.586133 0.423718 0.01 0.01
0 0.574895 0.347544 0.01 0.01
0 0.565529 0.288853 0.01 0.01
0 0.587382 0.285106 0.01 0.01
0 0.573022 0.172719 0.01 0.01
0 0.554915 0.180836 0.01 0.01
0 0.516828 0.178962 0.01 0.01
0 0.587382 0.226415 0.01 0.01
0 0.612982 0.189577 0.01 0.01
0 0.603616 0.181460 0.01 0.01
0 0.612357 0.176465 0.01 0.01
0 0.588007 0.171470 0.01 0.01
0 1.101555 0.255995 0.01 0.01
0 1.037869 0.267234 0.01 0.01
0 0.950457 0.292209 0.01 0.01
0 0.907999 0.303447 0.01 0.01
0 0.695711 0.287214 0.01 0.01
0 0.759398 0.272229 0.01 0.01
0 0.750656 0.310940 0.01 0.01
0 0.795611 0.297204 0.01 0.01
0 0.818089 0.263487 0.01 0.01
0 0.841815 0.255995 0.01 0.01
0 0.650756 0.202298 0.01 0.01
0 0.729428 0.232269 0.01 0.01
0 0.769388 0.217283 0.01 0.01
0 0.800606 0.242259 0.01 0.01
0 0.805601 0.216035 0.01 0.01
0 0.826830 0.213537 0.01 0.01
0 0.840566 0.211040 0.01 0.01
0 0.869288 0.202298 0.01 0.01
0 0.895512 0.202298 0.01 0.01
0 0.917989 0.211040 0.01 0.01
0 0.898009 0.253497 0.01 0.01
0 0.941715 0.255995 0.01 0.01
0 0.995412 0.253497 0.01 0.01
0 1.005402 0.229771 0.01 0.01
0 1.012894 0.187313 0.01 0.01
0 1.065342 0.189811 0.01 0.01
0 1.087819 0.216035 0.01 0.01
0 1.110297 0.233517 0.01 0.01
0 1.177729 0.188562 0.01 0.01
0 1.119038 0.159841 0.01 0.01
0 1.228928 0.194806 0.01 0.01
0 1.197709 0.212288 0.01 0.01
0 1.200207 0.197303 0.01 0.01
0 1.080327 0.189811 0.01 0.01
0 0.678853 0.195821 0.01 0.01
0 0.654503 0.182084 0.01 0.01
0 0.624532 0.204562 0.01 0.01
0 0.628903 0.185206 0.01 0.01
0 0.640766 0.171470 0.01 0.01
0 0.619537 0.170846 0.01 0.01
0 0.754403 0.240776 0.01 0.01
0 0.739418 0.190826 0.01 0.01
0 0.753778 0.177089 0.01 0.01
0 0.727554 0.174592 0.01 0.01
0 0.713194 0.182084 0.01 0.01
0 0.725681 0.185206 0.01 0.01
0 0.705701 0.200191 0.01 0.01
0 0.691965 0.190201 0.01 0.01
0 0.681975 0.180211 0.01 0.01
0 0.695087 0.180836 0.01 0.01
0 0.699458 0.176465 0.01 0.01
0 0.665741 0.175216 0.01 0.01
0 0.671985 0.186455 0.01 0.01
0 0.837445 0.185206 0.01 0.01
0 0.819338 0.184582 0.01 0.01
0 0.811845 0.191450 0.01 0.01
0 0.789992 0.185831 0.01 0.01
0 0.784373 0.198318 0.01 0.01
0 0.859922 0.185831 0.01 0.01
0 0.869288 0.181460 0.01 0.01
0 0.898633 0.183957 0.01 0.01
0 0.886770 0.190826 0.01 0.01
0 0.907999 0.188952 0.01 0.01
0 0.934223 0.201440 0.01 0.01
0 0.937969 0.191450 0.01 0.01
0 0.945462 0.188952 0.01 0.01
0 0.952954 0.194572 0.01 0.01
0 0.973558 0.186455 0.01 0.01
0 1.003529 0.217674 0.01 0.01
0 1.041615 0.202064 0.01 0.01
0 1.054446 0.232293 0.01 0.01
