0 0.081646 0.636624 0.01 0.01
0 0.033161 0.939654 0.01 0.01
0 0.041819 1.033161 0.01 0.01
0 0.230563 0.910217 0.01 0.01
0 0.424503 1.012382 0.01 0.01
0 0.599395 1.003724 0.01 0.01
0 0.730996 0.991602 0.01 0.01
0 0.904157 1.024503 0.01 0.01
0 0.855672 0.934460 0.01 0.01
0 0.888572 0.884243 0.01 0.01
0 0.703291 0.879048 0.01 0.01
0 0.571689 0.866927 0.01 0.01
0 1.188139 0.981213 0.01 0.01
0 1.023637 0.913680 0.01 0.01
0 0.983810 0.854806 0.01 0.01
0 1.047879 0.813247 0.01 0.01
0 0.959568 0.991602 0.01 0.01
0 1.479048 0.995066 0.01 0.01
0 0.007187 0.460001 0.01 0.01
0 0.163031 0.569092 0.01 0.01
0 0.088572 0.491170 0.01 0.01
0 0.145715 0.508486 0.01 0.01
0 0.211516 0.518875 0.01 0.01
0 0.202858 0.430563 0.01 0.01
0 0.111083 0.435758 0.01 0.01
0 0.138789 0.394200 0.01 0.01
0 0.114546 0.364763 0.01 0.01
0 0.045282 0.466927 0.01 0.01
0 0.019308 0.460001 0.01 0.01
0 0.055672 0.595066 0.01 0.01
0 0.209784 0.672988 0.01 0.01
0 0.523204 0.641819 0.01 0.01
0 0.344849 0.692035 0.01 0.01
0 0.485109 0.453074 0.01 0.01
0 0.344849 0.515412 0.01 0.01
0 0.379481 0.518875 0.01 0.01
0 0.391602 0.506754 0.01 0.01
0 0.388139 0.484243 0.01 0.01
0 0.211516 0.399395 0.01 0.01
0 0.244416 0.491170 0.01 0.01
0 0.258269 0.363031 0.01 0.01
0 0.247879 0.340520 0.01 0.01
0 0.234027 0.328399 0.01 0.01
0 0.194200 0.337057 0.01 0.01
0 0.214979 0.321473 0.01 0.01
0 0.183810 0.290304 0.01 0.01
0 0.097230 0.337057 0.01 0.01
0 0.057403 0.375152 0.01 0.01
0 0.017576 0.338789 0.01 0.01
0 0.038356 0.335325 0.01 0.01
0 0.008918 0.437490 0.01 0.01
0 0.072988 0.295499 0.01 0.01
0 0.111083 0.307620 0.01 0.01
0 0.114546 0.292035 0.01 0.01
0 0.126667 0.283377 0.01 0.01
0 0.118009 0.262598 0.01 0.01
0 0.140520 0.259135 0.01 0.01
0 0.576884 0.484243 0.01 0.01
0 0.550910 0.444416 0.01 0.01
0 0.066061 0.215845 0.01 0.01
0 0.145715 0.227966 0.01 0.01
0 0.163031 0.217576 0.01 0.01
0 0.161299 0.236624 0.01 0.01
0 0.180347 0.226234 0.01 0.01
0 0.169957 0.174286 0.01 0.01
0 0.137057 0.169092 0.01 0.01
0 0.126667 0.181213 0.01 0.01
0 0.119741 0.195066 0.01 0.01
0 0.078182 0.198529 0.01 0.01
0 0.092035 0.203724 0.01 0.01
0 0.088572 0.176018 0.01 0.01
0 0.102425 0.162165 0.01 0.01
0 0.040087 0.247014 0.01 0.01
0 0.052208 0.125802 0.01 0.01
0 0.074719 0.139654 0.01 0.01
0 0.074719 0.156970 0.01 0.01
0 0.071256 0.169092 0.01 0.01
0 0.052208 0.200260 0.01 0.01
0 0.036624 0.198529 0.01 0.01
0 0.027966 0.174286 0.01 0.01
0 0.043550 0.174286 0.01 0.01
0 0.050477 0.150044 0.01 0.01
0 0.040087 0.137923 0.01 0.01
0 0.024503 0.150044 0.01 0.01
0 0.026234 0.115412 0.01 0.01
0 0.019308 0.132728 0.01 0.01
0 0.121473 0.113680 0.01 0.01
0 0.100693 0.103291 0.01 0.01
0 0.086841 0.103291 0.01 0.01
0 0.107620 0.125802 0.01 0.01
0 0.088572 0.118875 0.01 0.01
0 0.074719 0.250477 0.01 0.01
0 0.097230 0.248745 0.01 0.01
0 0.183810 0.193334 0.01 0.01
0 0.978615 0.617576 0.01 0.01
0 1.073853 0.503291 0.01 0.01
0 0.982079 0.479048 0.01 0.01
0 0.945715 0.522338 0.01 0.01
0 0.848745 0.548312 0.01 0.01
0 0.677317 0.494633 0.01 0.01
0 0.817576 0.485975 0.01 0.01
0 0.750044 0.676451 0.01 0.01
0 1.196797 0.768226 0.01 0.01
0 1.245282 0.872122 0.01 0.01
0 1.401126 0.624503 0.01 0.01
0 1.494633 0.627966 0.01 0.01
0 1.479048 0.582944 0.01 0.01
0 1.489438 0.454806 0.01 0.01
0 1.586408 0.430563 0.01 0.01
0 1.423637 0.491170 0.01 0.01
0 1.290304 0.444416 0.01 0.01
0 1.340520 0.482511 0.01 0.01
0 1.338789 0.530996 0.01 0.01
0 1.363031 0.612382 0.01 0.01
0 1.413247 0.430563 0.01 0.01
0 1.120607 0.387273 0.01 0.01
0 0.289438 0.356105 0.01 0.01
0 0.388139 0.454806 0.01 0.01
0 0.438356 0.485975 0.01 0.01
0 0.519741 0.449611 0.01 0.01
0 0.571689 0.447879 0.01 0.01
0 0.628832 0.437490 0.01 0.01
0 0.583810 0.428832 0.01 0.01
0 0.315412 0.347447 0.01 0.01
0 0.287706 0.319741 0.01 0.01
0 0.234027 0.285109 0.01 0.01
0 0.654806 0.324936 0.01 0.01
0 0.569957 0.340520 0.01 0.01
0 0.464330 0.375152 0.01 0.01
0 0.386408 0.364763 0.01 0.01
0 0.424503 0.357836 0.01 0.01
0 0.382944 0.337057 0.01 0.01
0 0.367360 0.326667 0.01 0.01
0 0.343118 0.326667 0.01 0.01
0 1.066927 0.387273 0.01 0.01
0 1.039221 0.375152 0.01 0.01
0 1.004589 0.387273 0.01 0.01
0 0.975152 0.359568 0.01 0.01
0 0.848745 0.453074 0.01 0.01
0 0.795066 0.440953 0.01 0.01
0 0.730996 0.440953 0.01 0.01
0 0.708486 0.337057 0.01 0.01
0 0.755239 0.340520 0.01 0.01
0 0.743118 0.328399 0.01 0.01
0 0.782944 0.319741 0.01 0.01
0 0.769092 0.311083 0.01 0.01
0 0.850477 0.326667 0.01 0.01
0 0.817576 0.331862 0.01 0.01
0 0.845282 0.279914 0.01 0.01
0 0.486841 0.331862 0.01 0.01
0 0.518009 0.343983 0.01 0.01
0 0.505888 0.300693 0.01 0.01
0 0.538789 0.304157 0.01 0.01
0 0.557836 0.274719 0.01 0.01
0 0.053401 0.229864 0.01 0.01
0 0.136366 0.202751 0.01 0.01
0 0.145042 0.190822 0.01 0.01
0 0.175408 0.207632 0.01 0.01
0 0.109253 0.209801 0.01 0.01
0 0.058824 0.261315 0.01 0.01
0 0.137993 0.240167 0.01 0.01
0 0.192218 0.212512 0.01 0.01
0 0.237225 0.254265 0.01 0.01
0 0.261084 0.264026 0.01 0.01
0 0.261084 0.235286 0.01 0.01
0 0.275183 0.236371 0.01 0.01
0 0.285485 0.248843 0.01 0.01
0 0.278436 0.264026 0.01 0.01
0 0.259457 0.307406 0.01 0.01
0 0.243190 0.305779 0.01 0.01
0 0.334288 0.299272 0.01 0.01
0 0.357063 0.286800 0.01 0.01
0 0.377126 0.274329 0.01 0.01
0 0.385802 0.252096 0.01 0.01
0 0.400985 0.277040 0.01 0.01
0 0.379295 0.303610 0.01 0.01
0 0.391767 0.306864 0.01 0.01
0 0.402612 0.315540 0.01 0.01
0 0.418880 0.313913 0.01 0.01
0 0.432436 0.303610 0.01 0.01
0 0.445450 0.293308 0.01 0.01
0 0.463344 0.296019 0.01 0.01
0 0.474732 0.311202 0.01 0.01
0 0.458464 0.314998 0.01 0.01
0 0.421591 0.331265 0.01 0.01
0 0.231260 0.271617 0.01 0.01
0 0.209028 0.227695 0.01 0.01
0 0.219331 0.206547 0.01 0.01
0 0.213366 0.190822 0.01 0.01
0 0.163479 0.152322 0.01 0.01
0 0.111965 0.147984 0.01 0.01
0 0.137450 0.136596 0.01 0.01
0 0.192218 0.172927 0.01 0.01
0 0.183000 0.169132 0.01 0.01
0 0.153718 0.165878 0.01 0.01
0 0.126605 0.166963 0.01 0.01
0 0.155887 0.202751 0.01 0.01
0 0.224211 0.176181 0.01 0.01
0 0.243190 0.201125 0.01 0.01
0 0.245901 0.184857 0.01 0.01
0 0.261084 0.202751 0.01 0.01
0 0.253493 0.220103 0.01 0.01
0 0.240478 0.234202 0.01 0.01
0 0.217162 0.255350 0.01 0.01
0 0.256204 0.247758 0.01 0.01
0 0.262169 0.175639 0.01 0.01
0 0.241021 0.170758 0.01 0.01
0 0.259457 0.156660 0.01 0.01
0 0.274098 0.147441 0.01 0.01
0 0.267591 0.129547 0.01 0.01
0 0.251324 0.127378 0.01 0.01
0 0.238309 0.123040 0.01 0.01
0 0.226380 0.155575 0.01 0.01
0 0.287112 0.128463 0.01 0.01
0 0.284401 0.162082 0.01 0.01
0 0.303922 0.256977 0.01 0.01
0 0.288197 0.299815 0.01 0.01
0 0.404781 0.168047 0.01 0.01
0 0.381464 0.164251 0.01 0.01
0 0.389056 0.222272 0.01 0.01
0 0.403697 0.222272 0.01 0.01
0 0.399901 0.237998 0.01 0.01
0 0.436232 0.233117 0.01 0.01
0 0.440570 0.249927 0.01 0.01
0 0.458464 0.238540 0.01 0.01
0 0.479070 0.228779 0.01 0.01
0 0.467682 0.240709 0.01 0.01
0 0.444908 0.206547 0.01 0.01
0 0.440028 0.195702 0.01 0.01
0 0.422675 0.192448 0.01 0.01
0 0.415626 0.203294 0.01 0.01
0 0.419964 0.215223 0.01 0.01
0 0.405323 0.197329 0.01 0.01
0 0.390140 0.187026 0.01 0.01
0 0.378211 0.145815 0.01 0.01
0 0.343506 0.161540 0.01 0.01
0 0.315309 0.179977 0.01 0.01
0 0.305007 0.164794 0.01 0.01
0 0.329408 0.148526 0.01 0.01
0 0.390682 0.107857 0.01 0.01
0 0.383091 0.112195 0.01 0.01
0 0.379837 0.128463 0.01 0.01
0 0.338084 0.129005 0.01 0.01
0 0.400443 0.149611 0.01 0.01
0 0.435147 0.149611 0.01 0.01
0 0.422675 0.147441 0.01 0.01
0 0.470936 0.139850 0.01 0.01
0 0.472563 0.157744 0.01 0.01
0 0.436774 0.165336 0.01 0.01
0 0.424844 0.165336 0.01 0.01
0 0.460633 0.184315 0.01 0.01
0 0.470936 0.172385 0.01 0.01
0 0.440570 0.118160 0.01 0.01
0 0.428098 0.107315 0.01 0.01
0 0.421049 0.129547 0.01 0.01
0 0.491542 0.117075 0.01 0.01
0 0.471478 0.120871 0.01 0.01
0 0.494253 0.241251 0.01 0.01
0 0.097324 0.266602 0.01 0.01
0 0.086207 0.282598 0.01 0.01
0 0.014088 0.262264 0.01 0.01
0 0.009750 0.191500 0.01 0.01
0 0.105186 0.195295 0.01 0.01
0 0.138806 0.289376 0.01 0.01
0 1.327933 0.217477 0.01 0.01
0 1.342318 0.210484 0.01 0.01
0 1.327933 0.203491 0.01 0.01
0 1.323937 0.193101 0.01 0.01
0 1.325935 0.182911 0.01 0.01
0 1.338722 0.190903 0.01 0.01
0 1.350111 0.195099 0.01 0.01
0 1.330131 0.156138 0.01 0.01
0 1.329531 0.145349 0.01 0.01
0 1.349511 0.145548 0.01 0.01
0 1.341719 0.136757 0.01 0.01
0 1.351509 0.130563 0.01 0.01
0 1.326934 0.134360 0.01 0.01
0 1.320141 0.126967 0.01 0.01
0 1.322938 0.116577 0.01 0.01
0 1.368492 0.139155 0.01 0.01
0 1.371090 0.127966 0.01 0.01
0 1.373887 0.165728 0.01 0.01
0 1.376484 0.159335 0.01 0.01
0 1.387473 0.164729 0.01 0.01
0 1.380680 0.178316 0.01 0.01
0 1.353307 0.167327 0.01 0.01
0 1.361100 0.148745 0.01 0.01
0 1.365096 0.160733 0.01 0.01
0 1.337124 0.183111 0.01 0.01
0 1.346914 0.178316 0.01 0.01
0 1.377483 0.201493 0.01 0.01
0 1.363697 0.206687 0.01 0.01
0 1.375285 0.222072 0.01 0.01
0 1.385875 0.216078 0.01 0.01
0 1.358103 0.218675 0.01 0.01
0 1.408452 0.205289 0.01 0.01
0 1.424836 0.228865 0.01 0.01
0 1.382079 0.149145 0.01 0.01
0 1.377084 0.139554 0.01 0.01
0 1.386474 0.122372 0.01 0.01
0 1.378282 0.118775 0.01 0.01
0 1.409851 0.134360 0.01 0.01
0 1.401060 0.155738 0.01 0.01
0 1.401259 0.146148 0.01 0.01
0 1.411649 0.153141 0.01 0.01
0 1.419841 0.159335 0.01 0.01
0 1.408652 0.169325 0.01 0.01
0 1.419042 0.174719 0.01 0.01
0 1.434027 0.160733 0.01 0.01
0 1.452408 0.159335 0.01 0.01
0 1.446814 0.180513 0.01 0.01
0 1.422638 0.197896 0.01 0.01
0 1.406454 0.188106 0.01 0.01
0 1.252009 0.262531 0.01 0.01
0 1.266394 0.255339 0.01 0.01
0 1.246015 0.238555 0.01 0.01
0 1.256005 0.225369 0.01 0.01
0 1.232428 0.229365 0.01 0.01
0 1.221639 0.235758 0.01 0.01
0 1.270790 0.283311 0.01 0.01
0 1.332728 0.283311 0.01 0.01
0 1.296764 0.252541 0.01 0.01
0 1.285176 0.248945 0.01 0.01
0 1.276384 0.224569 0.01 0.01
0 1.276784 0.209784 0.01 0.01
0 1.271589 0.202192 0.01 0.01
0 1.275185 0.187407 0.01 0.01
0 1.285176 0.191003 0.01 0.01
0 1.280380 0.171023 0.01 0.01
0 1.270790 0.169025 0.01 0.01
0 1.285975 0.159035 0.01 0.01
0 1.309152 0.159035 0.01 0.01
0 1.315146 0.144250 0.01 0.01
0 1.306754 0.176218 0.01 0.01
0 1.252808 0.204190 0.01 0.01
0 1.258802 0.195798 0.01 0.01
0 1.249211 0.195798 0.01 0.01
0 1.237623 0.185808 0.01 0.01
0 1.223237 0.181013 0.01 0.01
0 1.260800 0.159435 0.01 0.01
0 1.215245 0.154639 0.01 0.01
0 1.229631 0.103491 0.01 0.01
0 1.238822 0.088306 0.01 0.01
0 1.237623 0.097497 0.01 0.01
0 1.254806 0.096697 0.01 0.01
0 1.269191 0.093501 0.01 0.01
0 1.305955 0.093501 0.01 0.01
0 1.318742 0.105888 0.01 0.01
0 1.331130 0.107087 0.01 0.01
0 1.346314 0.106687 0.01 0.01
0 1.341519 0.114679 0.01 0.01
0 1.355106 0.113081 0.01 0.01
0 1.378682 0.263730 0.01 0.01
0 1.357903 0.250543 0.01 0.01
0 1.340320 0.256138 0.01 0.01
0 1.324736 0.250943 0.01 0.01
0 1.365495 0.282911 0.01 0.01
0 1.452608 0.252541 0.01 0.01
0 1.440220 0.250943 0.01 0.01
0 1.415046 0.252541 0.01 0.01
0 1.440620 0.232162 0.01 0.01
0 1.449811 0.216178 0.01 0.01
0 1.476184 0.245349 0.01 0.01
0 1.497763 0.272921 0.01 0.01
0 1.549711 0.260134 0.01 0.01
0 1.590071 0.262931 0.01 0.01
0 1.530930 0.244150 0.01 0.01
0 1.499361 0.237756 0.01 0.01
0 1.487773 0.225369 0.01 0.01
0 1.470590 0.227367 0.01 0.01
0 1.473787 0.210583 0.01 0.01
0 1.506155 0.214180 0.01 0.01
0 1.560101 0.251343 0.01 0.01
0 1.546514 0.241353 0.01 0.01
0 1.560101 0.234559 0.01 0.01
0 1.573687 0.230164 0.01 0.01
0 1.568093 0.213381 0.01 0.01
0 1.580480 0.206987 0.01 0.01
0 1.592069 0.215379 0.01 0.01
0 1.532129 0.227367 0.01 0.01
0 1.519741 0.207786 0.01 0.01
0 1.530530 0.202991 0.01 0.01
0 1.516944 0.179015 0.01 0.01
0 1.495765 0.206188 0.01 0.01
0 1.435026 0.149045 0.01 0.01
0 1.454606 0.146248 0.01 0.01
0 1.469791 0.144250 0.01 0.01
0 1.484976 0.145449 0.01 0.01
0 1.488173 0.157037 0.01 0.01
0 1.403058 0.127067 0.01 0.01
0 1.393467 0.107487 0.01 0.01
0 1.360300 0.105089 0.01 0.01
0 1.368292 0.095898 0.01 0.01
0 1.340320 0.097896 0.01 0.01
0 1.367493 0.087906 0.01 0.01
0 1.387473 0.089505 0.01 0.01
0 1.391070 0.094699 0.01 0.01
0 1.415046 0.093501 0.01 0.01
0 1.415845 0.087507 0.01 0.01
0 1.445016 0.093900 0.01 0.01
0 1.425435 0.104290 0.01 0.01
0 1.431429 0.124669 0.01 0.01
0 1.420240 0.131862 0.01 0.01
0 1.445415 0.128266 0.01 0.01
0 1.439421 0.116278 0.01 0.01
0 1.407054 0.114280 0.01 0.01
0 1.456604 0.126268 0.01 0.01
0 1.461799 0.134659 0.01 0.01
0 1.477383 0.133061 0.01 0.01
0 1.488972 0.126268 0.01 0.01
0 1.462998 0.110284 0.01 0.01
0 1.455405 0.119874 0.01 0.01
0 1.472988 0.095898 0.01 0.01
0 1.486974 0.087507 0.01 0.01
0 1.522538 0.131063 0.01 0.01
0 1.546514 0.150643 0.01 0.01
0 1.538123 0.160633 0.01 0.01
0 1.529331 0.148246 0.01 0.01
0 1.507753 0.156637 0.01 0.01
0 1.491369 0.137856 0.01 0.01
0 1.469791 0.177417 0.01 0.01
0 1.489771 0.186208 0.01 0.01
0 1.475785 0.193001 0.01 0.01
0 1.486574 0.173820 0.01 0.01
0 1.518542 0.159435 0.01 0.01
0 1.527733 0.162232 0.01 0.01
0 1.550510 0.204190 0.01 0.01
0 1.579681 0.180214 0.01 0.01
0 1.566894 0.180214 0.01 0.01
0 1.574486 0.159035 0.01 0.01
0 1.564097 0.145049 0.01 0.01
0 1.585275 0.143850 0.01 0.01
0 1.576085 0.136657 0.01 0.01
0 1.544516 0.131063 0.01 0.01
0 1.548512 0.140653 0.01 0.01
0 1.547713 0.118276 0.01 0.01
0 1.519341 0.121872 0.01 0.01
0 1.505355 0.127467 0.01 0.01
0 1.507753 0.117477 0.01 0.01
0 1.522538 0.109485 0.01 0.01
0 1.507353 0.108685 0.01 0.01
0 1.506155 0.084709 0.01 0.01
0 1.545315 0.183810 0.01 0.01
0 1.534526 0.094699 0.01 0.01
0 1.514546 0.096697 0.01 0.01
0 1.447014 0.198595 0.01 0.01
0 1.584077 0.114280 0.01 0.01
0 1.584476 0.244549 0.01 0.01
0 1.593667 0.193001 0.01 0.01
0 1.592468 0.156238 0.01 0.01
0 1.596464 0.137057 0.01 0.01
0 1.584077 0.124669 0.01 0.01
0 1.556904 0.127467 0.01 0.01
0 1.563697 0.121872 0.01 0.01
0 1.547313 0.111483 0.01 0.01
0 1.536924 0.107886 0.01 0.01
0 1.533727 0.122671 0.01 0.01
0 1.482978 0.111483 0.01 0.01
0 1.546914 0.089105 0.01 0.01
0 1.556105 0.099095 0.01 0.01
0 1.572888 0.099095 0.01 0.01
0 1.572488 0.106687 0.01 0.01
0 1.581279 0.095898 0.01 0.01
0 1.591869 0.170623 0.01 0.01
0 1.527134 0.086707 0.01 0.01
0 1.412848 0.314480 0.01 0.01
0 1.487973 0.308885 0.01 0.01
0 0.960500 0.259934 0.01 0.01
0 0.936524 0.257536 0.01 0.01
0 0.998462 0.267127 0.01 0.01
0 0.980880 0.261532 0.01 0.01
0 0.993667 0.247546 0.01 0.01
0 1.013247 0.249944 0.01 0.01
0 1.058003 0.268326 0.01 0.01
0 1.049611 0.247546 0.01 0.01
0 1.075585 0.253540 0.01 0.01
0 1.091170 0.257536 0.01 0.01
0 1.093567 0.239954 0.01 0.01
0 1.073187 0.240753 0.01 0.01
0 1.126734 0.248346 0.01 0.01
0 1.149911 0.258735 0.01 0.01
0 1.166294 0.241952 0.01 0.01
0 1.171090 0.264330 0.01 0.01
0 1.187074 0.264330 0.01 0.01
0 1.184676 0.244350 0.01 0.01
0 1.193068 0.239954 0.01 0.01
0 1.215445 0.214779 0.01 0.01
0 1.170290 0.212382 0.01 0.01
0 1.175885 0.227966 0.01 0.01
0 1.157903 0.229964 0.01 0.01
0 1.125935 0.283910 0.01 0.01
0 1.107154 0.273920 0.01 0.01
0 1.067993 0.288306 0.01 0.01
0 1.056804 0.230763 0.01 0.01
0 1.047213 0.225169 0.01 0.01
0 1.072788 0.150843 0.01 0.01
0 1.061199 0.155239 0.01 0.01
0 1.051609 0.161233 0.01 0.01
0 1.046414 0.171223 0.01 0.01
0 1.040420 0.192402 0.01 0.01
0 1.027233 0.190404 0.01 0.01
0 0.998462 0.201193 0.01 0.01
0 1.006854 0.186807 0.01 0.01
0 1.012049 0.172022 0.01 0.01
0 0.993267 0.170424 0.01 0.01
0 1.000860 0.156438 0.01 0.01
0 1.286175 0.110484 0.01 0.01
0 1.306554 0.112881 0.01 0.01
0 1.121939 0.122472 0.01 0.01
0 1.119541 0.135259 0.01 0.01
0 1.124336 0.152042 0.01 0.01
0 1.139122 0.138456 0.01 0.01
0 1.140720 0.126068 0.01 0.01
0 1.131529 0.124869 0.01 0.01
0 1.129132 0.136857 0.01 0.01
0 1.153108 0.146847 0.01 0.01
0 1.151110 0.158436 0.01 0.01
0 1.136324 0.152442 0.01 0.01
0 1.140320 0.162831 0.01 0.01
0 1.119142 0.165229 0.01 0.01
0 1.109152 0.156837 0.01 0.01
0 1.105156 0.170024 0.01 0.01
0 1.089172 0.172821 0.01 0.01
0 1.083177 0.170823 0.01 0.01
0 1.069991 0.170823 0.01 0.01
0 1.058003 0.173620 0.01 0.01
0 1.069991 0.184809 0.01 0.01
0 1.074386 0.197996 0.01 0.01
0 1.066794 0.191602 0.01 0.01
0 1.093967 0.182412 0.01 0.01
0 1.095166 0.155638 0.01 0.01
0 1.108352 0.141253 0.01 0.01
0 1.101959 0.144050 0.01 0.01
0 1.110750 0.124470 0.01 0.01
0 1.106354 0.114879 0.01 0.01
0 1.096764 0.124070 0.01 0.01
0 1.092768 0.129664 0.01 0.01
0 1.079981 0.130064 0.01 0.01
0 1.073987 0.129664 0.01 0.01
0 1.064796 0.130464 0.01 0.01
0 1.052808 0.141253 0.01 0.01
0 1.047213 0.151243 0.01 0.01
0 0.945715 0.090903 0.01 0.01
0 0.926135 0.110883 0.01 0.01
0 0.936524 0.114080 0.01 0.01
0 0.933727 0.121273 0.01 0.01
0 0.923337 0.124070 0.01 0.01
0 0.926534 0.149245 0.01 0.01
0 0.946514 0.206787 0.01 0.01
0 0.927733 0.199994 0.01 0.01
0 0.936924 0.191602 0.01 0.01
0 0.930131 0.184410 0.01 0.01
0 0.931729 0.174819 0.01 0.01
0 0.925735 0.176018 0.01 0.01
0 0.924536 0.159235 0.01 0.01
0 0.940520 0.155239 0.01 0.01
0 0.943717 0.140054 0.01 0.01
0 0.956904 0.150044 0.01 0.01
0 0.976085 0.169225 0.01 0.01
0 0.963697 0.158036 0.01 0.01
0 0.968492 0.136857 0.01 0.01
0 0.954107 0.136857 0.01 0.01
0 0.988073 0.106488 0.01 0.01
0 0.977283 0.104490 0.01 0.01
0 1.010850 0.098096 0.01 0.01
0 1.020840 0.096098 0.01 0.01
0 1.035625 0.090504 0.01 0.01
0 1.059201 0.097696 0.01 0.01
0 1.051609 0.106088 0.01 0.01
0 1.037623 0.112082 0.01 0.01
0 1.030830 0.104490 0.01 0.01
0 1.024836 0.113281 0.01 0.01
0 0.999661 0.118476 0.01 0.01
0 1.019641 0.124070 0.01 0.01
0 1.048412 0.125269 0.01 0.01
0 1.082378 0.097297 0.01 0.01
0 1.150710 0.120074 0.01 0.01
0 1.165895 0.119275 0.01 0.01
0 1.159102 0.126068 0.01 0.01
0 1.172688 0.138456 0.01 0.01
0 1.175885 0.122871 0.01 0.01
0 1.189471 0.135259 0.01 0.01
0 1.181479 0.149245 0.01 0.01
0 1.187074 0.194400 0.01 0.01
0 1.184676 0.181213 0.01 0.01
0 1.179481 0.204390 0.01 0.01
0 1.163897 0.194400 0.01 0.01
0 1.128732 0.215578 0.01 0.01
0 1.144316 0.215978 0.01 0.01
0 1.110750 0.213181 0.01 0.01
0 1.092368 0.198795 0.01 0.01
0 1.113547 0.193600 0.01 0.01
0 0.987273 0.140853 0.01 0.01
0 1.006454 0.148046 0.01 0.01
0 1.021639 0.159235 0.01 0.01
0 1.133527 0.115678 0.01 0.01
0 1.140320 0.108486 0.01 0.01
0 1.125535 0.107686 0.01 0.01
0 1.115545 0.107686 0.01 0.01
0 1.105955 0.106488 0.01 0.01
0 1.088372 0.102891 0.01 0.01
0 1.079581 0.120074 0.01 0.01
0 1.058402 0.114879 0.01 0.01
0 1.020440 0.103690 0.01 0.01
0 0.981279 0.118875 0.01 0.01
0 0.985675 0.124470 0.01 0.01
0 0.979681 0.131263 0.01 0.01
0 1.141519 0.203590 0.01 0.01
0 1.131529 0.199994 0.01 0.01
0 1.141519 0.187606 0.01 0.01
0 1.165096 0.163630 0.01 0.01
0 1.183477 0.170024 0.01 0.01
0 1.193068 0.152442 0.01 0.01
0 1.196664 0.144050 0.01 0.01
0 1.197064 0.120074 0.01 0.01
0 0.527333 0.248346 0.01 0.01
0 0.646414 0.273121 0.01 0.01
0 0.690370 0.284709 0.01 0.01
0 0.674786 0.282711 0.01 0.01
0 0.658402 0.282312 0.01 0.01
0 0.609251 0.273520 0.01 0.01
0 0.598862 0.284709 0.01 0.01
0 0.578482 0.272322 0.01 0.01
0 0.587273 0.247546 0.01 0.01
0 0.573287 0.247546 0.01 0.01
0 0.546914 0.249145 0.01 0.01
0 0.516944 0.215578 0.01 0.01
0 0.498562 0.218376 0.01 0.01
0 0.486974 0.218775 0.01 0.01
0 0.503357 0.200793 0.01 0.01
0 0.500560 0.180414 0.01 0.01
0 0.500161 0.168426 0.01 0.01
0 0.488972 0.154839 0.01 0.01
0 0.503357 0.134460 0.01 0.01
0 0.527733 0.148046 0.01 0.01
0 0.518942 0.136458 0.01 0.01
0 0.527333 0.125269 0.01 0.01
0 0.543317 0.108486 0.01 0.01
0 0.532928 0.113680 0.01 0.01
0 0.519741 0.116478 0.01 0.01
0 0.566095 0.101293 0.01 0.01
0 0.604456 0.107287 0.01 0.01
0 0.624037 0.098096 0.01 0.01
0 0.612848 0.114879 0.01 0.01
0 0.587673 0.130863 0.01 0.01
0 0.575685 0.127666 0.01 0.01
0 0.577683 0.114480 0.01 0.01
0 0.624037 0.125668 0.01 0.01
0 0.626035 0.114879 0.01 0.01
0 0.656005 0.122072 0.01 0.01
0 0.637223 0.120074 0.01 0.01
0 0.608852 0.133261 0.01 0.01
0 0.787074 0.276717 0.01 0.01
0 0.796264 0.298695 0.01 0.01
0 0.761100 0.293501 0.01 0.01
0 0.758302 0.260334 0.01 0.01
0 0.798662 0.240753 0.01 0.01
0 0.813447 0.247946 0.01 0.01
0 0.813447 0.230364 0.01 0.01
0 0.811050 0.213980 0.01 0.01
0 0.792668 0.199994 0.01 0.01
0 0.777883 0.195998 0.01 0.01
0 0.772288 0.210783 0.01 0.01
0 0.773887 0.234360 0.01 0.01
0 0.781879 0.229564 0.01 0.01
0 0.761100 0.224370 0.01 0.01
0 0.749511 0.223171 0.01 0.01
0 0.738322 0.217576 0.01 0.01
0 0.754706 0.211183 0.01 0.01
0 0.727533 0.210384 0.01 0.01
0 0.717144 0.209984 0.01 0.01
0 0.711150 0.225968 0.01 0.01
0 0.694766 0.243950 0.01 0.01
0 0.705955 0.237956 0.01 0.01
0 0.721539 0.237157 0.01 0.01
0 0.666394 0.240753 0.01 0.01
0 0.650011 0.250344 0.01 0.01
0 0.631629 0.251942 0.01 0.01
0 0.607653 0.247946 0.01 0.01
0 0.591269 0.228366 0.01 0.01
0 0.581679 0.236358 0.01 0.01
0 0.564097 0.235558 0.01 0.01
0 0.556904 0.224769 0.01 0.01
0 0.548113 0.226767 0.01 0.01
0 0.523737 0.227167 0.01 0.01
0 0.478182 0.235958 0.01 0.01
0 0.605255 0.223970 0.01 0.01
0 0.582079 0.213580 0.01 0.01
0 0.573687 0.211183 0.01 0.01
0 0.536924 0.213181 0.01 0.01
0 0.524936 0.207586 0.01 0.01
0 0.558902 0.186008 0.01 0.01
0 0.570091 0.187606 0.01 0.01
0 0.600860 0.191203 0.01 0.01
0 0.592069 0.161632 0.01 0.01
0 0.574087 0.142851 0.01 0.01
0 0.584077 0.136458 0.01 0.01
0 0.584077 0.141652 0.01 0.01
0 0.594067 0.145648 0.01 0.01
0 0.598862 0.137257 0.01 0.01
0 0.586474 0.152042 0.01 0.01
0 0.572488 0.159235 0.01 0.01
0 0.555305 0.158835 0.01 0.01
0 0.561699 0.160034 0.01 0.01
0 0.546914 0.170424 0.01 0.01
0 0.529331 0.181213 0.01 0.01
0 0.538922 0.132062 0.01 0.01
0 0.554107 0.126468 0.01 0.01
0 0.607653 0.160434 0.01 0.01
0 0.614446 0.152042 0.01 0.01
0 0.612049 0.138855 0.01 0.01
0 0.647213 0.132062 0.01 0.01
0 0.649611 0.144849 0.01 0.01
0 0.627633 0.152042 0.01 0.01
0 0.671589 0.100494 0.01 0.01
0 0.673987 0.116877 0.01 0.01
0 0.664396 0.116478 0.01 0.01
0 0.695965 0.106887 0.01 0.01
0 0.712748 0.108885 0.01 0.01
0 0.722338 0.145249 0.01 0.01
0 0.622438 0.166827 0.01 0.01
0 0.622039 0.138855 0.01 0.01
0 0.632428 0.136857 0.01 0.01
0 0.636424 0.128865 0.01 0.01
0 0.673587 0.132062 0.01 0.01
0 0.687174 0.124070 0.01 0.01
0 0.695965 0.138855 0.01 0.01
0 0.683577 0.137656 0.01 0.01
0 0.690770 0.151642 0.01 0.01
0 0.705955 0.136058 0.01 0.01
0 0.714746 0.129664 0.01 0.01
0 0.724736 0.124869 0.01 0.01
0 0.736324 0.120474 0.01 0.01
0 0.747913 0.125269 0.01 0.01
0 0.759501 0.122072 0.01 0.01
0 0.782678 0.108885 0.01 0.01
0 0.776284 0.120474 0.01 0.01
0 0.790270 0.127666 0.01 0.01
0 0.809851 0.118476 0.01 0.01
0 0.798662 0.119275 0.01 0.01
0 0.809052 0.102492 0.01 0.01
0 0.808652 0.091303 0.01 0.01
0 0.819441 0.104490 0.01 0.01
0 0.821839 0.122072 0.01 0.01
0 0.812248 0.140853 0.01 0.01
0 0.790270 0.144849 0.01 0.01
0 0.770290 0.140454 0.01 0.01
0 0.768292 0.127666 0.01 0.01
0 0.755505 0.140454 0.01 0.01
0 0.763098 0.156038 0.01 0.01
0 0.752708 0.155638 0.01 0.01
0 0.737923 0.144450 0.01 0.01
0 0.723537 0.172422 0.01 0.01
0 0.773887 0.174020 0.01 0.01
0 0.760300 0.168426 0.01 0.01
0 0.741919 0.185209 0.01 0.01
0 0.759901 0.177616 0.01 0.01
0 0.785076 0.186807 0.01 0.01
0 0.791869 0.176418 0.01 0.01
0 0.807054 0.158835 0.01 0.01
0 0.817843 0.133660 0.01 0.01
0 0.812248 0.201992 0.01 0.01
0 0.801060 0.207187 0.01 0.01
0 0.650810 0.213580 0.01 0.01
0 0.622039 0.229564 0.01 0.01
0 0.631229 0.188805 0.01 0.01
0 0.640820 0.204390 0.01 0.01
0 0.667593 0.172821 0.01 0.01
0 0.660800 0.184010 0.01 0.01
0 0.645215 0.170424 0.01 0.01
0 0.637623 0.154440 0.01 0.01
0 0.710750 0.160034 0.01 0.01
0 0.693567 0.189604 0.01 0.01
0 0.711949 0.207986 0.01 0.01
0 0.705156 0.203590 0.01 0.01
0 0.720340 0.198795 0.01 0.01
0 0.720340 0.198795 0.01 0.01
0 0.737124 0.201592 0.01 0.01
0 0.676784 0.210384 0.01 0.01
0 0.663197 0.215578 0.01 0.01
0 0.689172 0.224769 0.01 0.01
0 0.687174 0.211982 0.01 0.01
0 0.682778 0.198795 0.01 0.01
0 0.665595 0.195199 0.01 0.01
0 0.556504 0.137656 0.01 0.01
0 0.537723 0.148845 0.01 0.01
0 0.484576 0.187606 0.01 0.01
0 0.471789 0.205189 0.01 0.01
0 0.471789 0.205189 0.01 0.01
0 0.458202 0.130464 0.01 0.01
0 0.580880 0.224769 0.01 0.01
0 0.843817 0.240753 0.01 0.01
0 0.834626 0.257536 0.01 0.01
0 0.853407 0.254739 0.01 0.01
0 0.831429 0.278715 0.01 0.01
0 0.895765 0.261133 0.01 0.01
0 0.904157 0.281912 0.01 0.01
0 0.892169 0.280314 0.01 0.01
0 0.876184 0.294699 0.01 0.01
0 0.878982 0.274320 0.01 0.01
0 0.910550 0.253540 0.01 0.01
0 0.903757 0.247546 0.01 0.01
0 0.912149 0.240753 0.01 0.01
0 0.915345 0.214779 0.01 0.01
0 0.904157 0.231562 0.01 0.01
0 0.890570 0.235958 0.01 0.01
0 0.879781 0.237956 0.01 0.01
0 0.852208 0.221173 0.01 0.01
0 0.837823 0.211982 0.01 0.01
0 0.853008 0.209185 0.01 0.01
0 0.841020 0.194400 0.01 0.01
0 0.864996 0.198795 0.01 0.01
0 0.855405 0.199195 0.01 0.01
0 0.880580 0.197197 0.01 0.01
0 0.889771 0.202791 0.01 0.01
0 0.899761 0.221173 0.01 0.01
0 0.929331 0.218376 0.01 0.01
0 0.959701 0.210783 0.01 0.01
0 0.966494 0.201592 0.01 0.01
0 0.969291 0.185209 0.01 0.01
0 0.986874 0.192402 0.01 0.01
0 1.021239 0.142452 0.01 0.01
0 1.014047 0.134859 0.01 0.01
0 1.029631 0.134060 0.01 0.01
0 1.006055 0.218775 0.01 0.01
0 1.008452 0.228765 0.01 0.01
0 1.008452 0.235558 0.01 0.01
0 1.002858 0.290703 0.01 0.01
0 0.842618 0.172821 0.01 0.01
0 0.841419 0.153640 0.01 0.01
0 0.825036 0.144450 0.01 0.01
0 0.862998 0.178416 0.01 0.01
0 0.899761 0.175618 0.01 0.01
0 0.900960 0.189604 0.01 0.01
0 0.913747 0.147247 0.01 0.01
0 0.905755 0.150843 0.01 0.01
0 0.918542 0.134859 0.01 0.01
0 0.913347 0.124869 0.01 0.01
0 0.907353 0.125269 0.01 0.01
0 0.900560 0.119275 0.01 0.01
0 0.894966 0.124070 0.01 0.01
0 0.893367 0.137257 0.01 0.01
0 0.873387 0.136058 0.01 0.01
0 0.875385 0.146048 0.01 0.01
0 0.866994 0.153640 0.01 0.01
0 0.850610 0.143650 0.01 0.01
0 0.843417 0.145648 0.01 0.01
0 0.878982 0.124869 0.01 0.01
0 0.862598 0.129265 0.01 0.01
0 0.850210 0.128066 0.01 0.01
0 0.834626 0.135259 0.01 0.01
0 0.841020 0.117676 0.01 0.01
0 0.855006 0.112082 0.01 0.01
0 0.863797 0.103690 0.01 0.01
0 0.879781 0.109684 0.01 0.01
0 0.868992 0.113680 0.01 0.01
0 0.891769 0.099694 0.01 0.01
0 0.883377 0.094500 0.01 0.01
0 0.904157 0.099694 0.01 0.01
0 0.916145 0.101692 0.01 0.01
0 1.099961 0.333660 0.01 0.01
0 1.070390 0.321672 0.01 0.01
0 1.058402 0.332861 0.01 0.01
0 1.041619 0.346448 0.01 0.01
0 1.132728 0.372022 0.01 0.01
0 1.096764 0.383211 0.01 0.01
0 1.166294 0.356038 0.01 0.01
0 1.178282 0.342452 0.01 0.01
0 1.247014 0.320074 0.01 0.01
0 1.024037 0.370424 0.01 0.01
0 0.586075 0.316078 0.01 0.01
0 0.586874 0.300893 0.01 0.01
0 0.601259 0.299295 0.01 0.01
0 0.638023 0.301692 0.01 0.01
0 0.646015 0.304889 0.01 0.01
0 0.683577 0.312082 0.01 0.01
0 0.660400 0.355239 0.01 0.01
0 0.584476 0.332861 0.01 0.01
0 0.564496 0.323271 0.01 0.01
0 0.526934 0.318476 0.01 0.01
0 0.793867 0.429564 0.01 0.01
0 0.957703 0.431962 0.01 0.01
0 0.844216 0.500693 0.01 0.01
0 0.797863 0.490304 0.01 0.01
0 0.810650 0.316078 0.01 0.01
0 0.820240 0.299295 0.01 0.01
0 0.904956 0.332861 0.01 0.01
0 0.900161 0.305688 0.01 0.01
0 0.932129 0.317676 0.01 0.01
0 0.945715 0.308885 0.01 0.01
0 0.974486 0.311283 0.01 0.01
0 1.020041 0.310484 0.01 0.01
0 0.973687 0.331263 0.01 0.01
0 1.114346 0.368026 0.01 0.01
0 0.742718 0.479115 0.01 0.01
0 0.693967 0.467127 0.01 0.01
0 1.559901 0.565162 0.01 0.01
0 1.451209 0.466061 0.01 0.01
0 1.451209 0.423704 0.01 0.01
0 1.482378 0.382145 0.01 0.01
0 1.441619 0.342984 0.01 0.01
0 1.374486 0.354173 0.01 0.01
0 1.354506 0.329398 0.01 0.01
0 1.328133 0.321406 0.01 0.01
0 1.274586 0.343784 0.01 0.01
0 1.200260 0.602725 0.01 0.01
0 1.555106 0.446880 0.01 0.01
0 1.556704 0.377350 0.01 0.01
0 1.522338 0.374952 0.01 0.01
0 1.540720 0.362165 0.01 0.01
0 1.560700 0.362165 0.01 0.01
0 1.585475 0.362165 0.01 0.01
0 1.537523 0.317410 0.01 0.01
0 1.509551 0.339788 0.01 0.01
0 1.499961 0.351776 0.01 0.01
0 1.489571 0.365362 0.01 0.01
0 1.479181 0.356571 0.01 0.01
0 1.471189 0.326201 0.01 0.01
0 1.407253 0.397330 0.01 0.01
0 1.279381 0.410117 0.01 0.01
0 1.310550 0.339788 0.01 0.01
0 1.381679 0.315012 0.01 0.01
0 0.358702 0.354173 0.01 0.01
0 0.102159 0.408519 0.01 0.01
0 0.173287 0.425302 0.01 0.01
0 0.182878 0.454872 0.01 0.01
0 0.134127 0.304623 0.01 0.01
0 0.034226 0.218309 0.01 0.01
0 0.051809 0.217510 0.01 0.01
0 0.002059 0.220107 0.01 0.01
0 0.027233 0.188139 0.01 0.01
0 0.081179 0.214912 0.01 0.01
0 0.057203 0.207720 0.01 0.01
0 0.023637 0.210517 0.01 0.01
0 0.057603 0.245282 0.01 0.01
0 0.111549 0.227300 0.01 0.01
0 0.115945 0.246880 0.01 0.01
0 0.038023 0.320407 0.01 0.01
0 0.268192 0.188938 0.01 0.01
0 0.283777 0.177350 0.01 0.01
0 0.335725 0.214513 0.01 0.01
0 0.373687 0.208119 0.01 0.01
0 0.285375 0.187740 0.01 0.01
0 0.073587 0.122605 0.01 0.01
0 0.093967 0.134992 0.01 0.01
0 0.061199 0.102225 0.01 0.01
0 0.067593 0.113014 0.01 0.01
0 0.151110 0.130996 0.01 0.01
0 0.253407 0.107420 0.01 0.01
0 0.257403 0.105022 0.01 0.01
0 0.226234 0.236890 0.01 0.01
0 0.853807 0.162831 0.01 0.01
0 0.831829 0.110084 0.01 0.01
0 0.749112 0.106088 0.01 0.01
0 0.706354 0.305888 0.01 0.01
0 1.389671 0.230563 0.01 0.01
0 1.514346 0.141053 0.01 0.01
0 1.506354 0.141053 0.01 0.01
0 1.324936 0.090703 0.01 0.01
0 1.292169 0.081113 0.01 0.01
0 1.423237 0.118675 0.01 0.01
