0 0.019539 0.967885 0.01 0.01
0 0.159188 0.982630 0.01 0.01
0 0.173066 0.908035 0.01 0.01
0 0.053367 0.916709 0.01 0.01
0 0.043826 0.852523 0.01 0.01
0 0.135768 0.855125 0.01 0.01
0 0.126227 0.769254 0.01 0.01
0 0.125360 0.734559 0.01 0.01
0 0.197353 0.767519 0.01 0.01
0 0.272815 0.856860 0.01 0.01
0 0.283223 0.823899 0.01 0.01
0 0.360420 0.914974 0.01 0.01
0 0.491395 1.040745 0.01 0.01
0 0.503538 0.939261 0.01 0.01
0 0.680484 1.005182 0.01 0.01
0 0.736864 0.965283 0.01 0.01
0 0.641452 0.817828 0.01 0.01
0 0.514814 0.816093 0.01 0.01
0 0.372564 0.814358 0.01 0.01
0 0.296234 0.767519 0.01 0.01
0 0.238120 0.683383 0.01 0.01
0 0.186944 0.666036 0.01 0.01
0 0.161790 0.664301 0.01 0.01
0 0.139238 0.641749 0.01 0.01
0 0.072450 0.572359 0.01 0.01
0 0.186077 0.569756 0.01 0.01
0 0.224241 0.554143 0.01 0.01
0 0.235517 0.626136 0.01 0.01
0 0.264141 0.656495 0.01 0.01
0 0.319653 0.652158 0.01 0.01
0 0.343940 0.683383 0.01 0.01
0 0.310980 0.613125 0.01 0.01
0 0.294499 0.593176 0.01 0.01
0 0.368227 0.651290 0.01 0.01
0 0.410729 0.697262 0.01 0.01
0 0.457567 0.677312 0.01 0.01
0 0.406392 0.635677 0.01 0.01
0 0.529560 0.706803 0.01 0.01
0 0.502671 0.770989 0.01 0.01
0 0.424607 0.757978 0.01 0.01
0 0.386442 0.757978 0.01 0.01
0 0.571194 0.751907 0.01 0.01
0 0.707373 0.751907 0.01 0.01
0 0.780233 0.720681 0.01 0.01
0 0.773294 0.687720 0.01 0.01
0 0.682219 0.706803 0.01 0.01
0 0.705639 0.706803 0.01 0.01
0 0.595481 0.675577 0.01 0.01
0 0.624972 0.700731 0.01 0.01
0 0.559051 0.647821 0.01 0.01
0 0.544305 0.677312 0.01 0.01
0 0.535632 0.643484 0.01 0.01
0 0.465374 0.631340 0.01 0.01
0 0.489660 0.659964 0.01 0.01
0 0.395116 0.609656 0.01 0.01
0 0.376901 0.594910 0.01 0.01
0 0.344808 0.581032 0.01 0.01
0 0.425474 0.569756 0.01 0.01
0 0.443689 0.579298 0.01 0.01
0 0.454965 0.605319 0.01 0.01
0 0.520886 0.600115 0.01 0.01
0 0.521753 0.576695 0.01 0.01
0 0.607624 0.617462 0.01 0.01
0 0.662269 0.641749 0.01 0.01
0 0.664004 0.600115 0.01 0.01
0 0.756814 0.605319 0.01 0.01
0 0.659667 0.572359 0.01 0.01
0 0.604155 0.581032 0.01 0.01
0 0.600685 0.559348 0.01 0.01
0 0.556449 0.553276 0.01 0.01
0 0.745538 0.555878 0.01 0.01
0 0.454098 0.552409 0.01 0.01
0 0.160923 0.549807 0.01 0.01
0 0.005661 0.535495 0.01 0.01
0 0.066378 0.519882 0.01 0.01
0 0.111482 0.495595 0.01 0.01
0 0.129697 0.492126 0.01 0.01
0 0.174801 0.453093 0.01 0.01
0 0.207761 0.451359 0.01 0.01
0 0.246793 0.437481 0.01 0.01
0 0.260671 0.418398 0.01 0.01
0 0.219037 0.406255 0.01 0.01
0 0.180005 0.412327 0.01 0.01
0 0.164392 0.407122 0.01 0.01
0 0.133166 0.418398 0.01 0.01
0 0.101073 0.432276 0.01 0.01
0 0.065511 0.445287 0.01 0.01
0 0.008263 0.441817 0.01 0.01
0 0.003059 0.375029 0.01 0.01
0 0.041224 0.368090 0.01 0.01
0 0.062908 0.318649 0.01 0.01
0 0.048163 0.304771 0.01 0.01
0 0.090665 0.368090 0.01 0.01
0 0.108880 0.363753 0.01 0.01
0 0.171331 0.270076 0.01 0.01
0 0.210363 0.263137 0.01 0.01
0 0.274550 0.346405 0.01 0.01
0 0.334399 0.322986 0.01 0.01
0 0.271947 0.518147 0.01 0.01
0 0.256335 0.496463 0.01 0.01
0 0.304041 0.519015 0.01 0.01
0 0.334399 0.512075 0.01 0.01
0 0.321388 0.487789 0.01 0.01
0 0.350012 0.496463 0.01 0.01
0 0.401187 0.488656 0.01 0.01
0 0.433281 0.498197 0.01 0.01
0 0.420270 0.538097 0.01 0.01
0 0.446291 0.533760 0.01 0.01
0 0.480987 0.506004 0.01 0.01
0 0.480987 0.487789 0.01 0.01
0 0.477517 0.549373 0.01 0.01
0 0.533897 0.526821 0.01 0.01
0 0.569460 0.506871 0.01 0.01
0 0.577266 0.487789 0.01 0.01
0 0.583338 0.525954 0.01 0.01
0 0.613696 0.531158 0.01 0.01
0 0.631044 0.492126 0.01 0.01
0 0.649259 0.533760 0.01 0.01
0 0.642320 0.517280 0.01 0.01
0 0.697832 0.543301 0.01 0.01
0 0.677015 0.506004 0.01 0.01
0 0.667474 0.387172 0.01 0.01
0 0.699567 0.504269 0.01 0.01
0 0.729058 0.507739 0.01 0.01
0 0.731660 0.538097 0.01 0.01
0 0.741201 0.512943 0.01 0.01
0 0.762886 0.519882 0.01 0.01
0 0.841954 0.970921 0.01 0.01
0 0.857567 1.055924 0.01 0.01
0 0.840220 0.813057 0.01 0.01
0 0.810729 0.762749 0.01 0.01
0 0.805524 0.601416 0.01 0.01
0 0.808994 0.554577 0.01 0.01
0 0.784707 0.509473 0.01 0.01
0 0.800320 0.506004 0.01 0.01
0 0.796850 0.374162 0.01 0.01
0 0.959918 0.389775 0.01 0.01
0 1.027574 0.996942 0.01 0.01
0 1.206255 0.963982 0.01 0.01
0 1.225337 1.040311 0.01 0.01
0 1.407487 0.981329 0.01 0.01
0 1.584433 0.917143 0.01 0.01
0 1.426570 1.052455 0.01 0.01
0 1.568821 1.040311 0.01 0.01
0 1.580964 0.811322 0.01 0.01
0 1.541064 0.729788 0.01 0.01
0 1.558412 0.677745 0.01 0.01
0 1.084821 0.908469 0.01 0.01
0 0.926958 0.792240 0.01 0.01
0 0.972062 0.795709 0.01 0.01
0 1.060535 0.802648 0.01 0.01
0 1.181968 0.849487 0.01 0.01
0 1.332893 0.861630 0.01 0.01
0 1.463000 0.747136 0.01 0.01
0 1.351975 0.745401 0.01 0.01
0 1.424835 0.696828 0.01 0.01
0 1.242685 0.757545 0.01 0.01
0 1.150742 0.747136 0.01 0.01
0 1.074413 0.755810 0.01 0.01
0 1.025839 0.729788 0.01 0.01
0 0.968592 0.700297 0.01 0.01
0 0.888793 0.728054 0.01 0.01
0 0.859302 0.677745 0.01 0.01
0 0.906141 0.630907 0.01 0.01
0 0.963388 0.601416 0.01 0.01
0 1.017166 0.674276 0.01 0.01
0 1.081352 0.691624 0.01 0.01
0 1.218398 0.719380 0.01 0.01
0 1.291258 0.630907 0.01 0.01
0 1.221868 0.643050 0.01 0.01
0 1.336362 0.696828 0.01 0.01
0 1.376262 0.639581 0.01 0.01
0 1.478613 0.630907 0.01 0.01
0 1.516778 0.644785 0.01 0.01
0 1.563616 0.596212 0.01 0.01
0 0.859302 0.589272 0.01 0.01
0 0.876650 0.600548 0.01 0.01
0 0.923488 0.594477 0.01 0.01
0 0.908743 0.570190 0.01 0.01
0 0.898334 0.579731 0.01 0.01
0 0.852363 0.562384 0.01 0.01
0 0.846291 0.539832 0.01 0.01
0 0.834148 0.534627 0.01 0.01
0 0.815065 0.530290 0.01 0.01
0 0.829811 0.514678 0.01 0.01
0 0.880119 0.501667 0.01 0.01
0 0.881854 0.524219 0.01 0.01
0 0.897467 0.536362 0.01 0.01
0 0.916549 0.511208 0.01 0.01
0 0.934764 0.547638 0.01 0.01
0 0.958184 0.545903 0.01 0.01
0 0.963388 0.525086 0.01 0.01
0 0.973796 0.536362 0.01 0.01
0 0.986807 0.532025 0.01 0.01
0 1.007624 0.522484 0.01 0.01
0 0.995481 0.519015 0.01 0.01
0 0.988542 0.559781 0.01 0.01
0 1.040585 0.523351 0.01 0.01
0 1.044054 0.486054 0.01 0.01
0 1.063137 0.505136 0.01 0.01
0 1.052728 0.519015 0.01 0.01
0 1.066606 0.567588 0.01 0.01
0 1.033646 0.577129 0.01 0.01
0 1.049259 0.633509 0.01 0.01
0 1.088291 0.644785 0.01 0.01
0 1.103036 0.525086 0.01 0.01
0 1.122986 0.508606 0.01 0.01
0 1.161151 0.503402 0.01 0.01
0 1.210592 0.506871 0.01 0.01
0 1.177631 0.519015 0.01 0.01
0 1.157681 0.530290 0.01 0.01
0 1.139466 0.528556 0.01 0.01
0 1.170692 0.542434 0.01 0.01
0 1.194979 0.540699 0.01 0.01
0 1.225337 0.525086 0.01 0.01
0 1.165488 0.569323 0.01 0.01
0 1.103036 0.544169 0.01 0.01
0 1.102169 0.559781 0.01 0.01
0 1.101302 0.593609 0.01 0.01
0 1.154212 0.614427 0.01 0.01
0 1.214929 0.595344 0.01 0.01
0 1.193244 0.614427 0.01 0.01
0 1.292126 0.595344 0.01 0.01
0 1.269574 0.603151 0.01 0.01
0 1.281717 0.569323 0.01 0.01
0 1.261767 0.573660 0.01 0.01
0 1.240083 0.548505 0.01 0.01
0 1.230542 0.567588 0.01 0.01
0 1.274778 0.528556 0.01 0.01
0 1.288656 0.545903 0.01 0.01
0 1.260900 0.519015 0.01 0.01
0 1.249624 0.509473 0.01 0.01
0 1.311208 0.519015 0.01 0.01
0 1.335495 0.530290 0.01 0.01
0 1.333760 0.575394 0.01 0.01
0 1.334627 0.610090 0.01 0.01
0 1.395481 0.588405 0.01 0.01
0 1.381603 0.545036 0.01 0.01
0 1.453596 0.561516 0.01 0.01
0 1.389409 0.667337 0.01 0.01
