0 0.094282 0.712401 0.01 0.01
0 0.229144 0.827997 0.01 0.01
0 1.327309 1.017906 0.01 0.01
0 1.569511 0.419282 0.01 0.01
0 1.488318 0.375245 0.01 0.01
0 1.407126 0.431667 0.01 0.01
0 1.482814 0.156438 0.01 0.01
0 1.126392 0.188089 0.01 0.01
0 1.003915 0.230750 0.01 0.01
0 0.995658 0.255520 0.01 0.01
0 0.976392 0.313318 0.01 0.01
0 0.852539 0.201851 0.01 0.01
0 0.800245 0.265153 0.01 0.01
0 0.814007 0.299557 0.01 0.01
0 0.831896 0.339465 0.01 0.01
0 0.910337 0.127539 0.01 0.01
0 0.871805 0.111025 0.01 0.01
0 0.677768 0.332585 0.01 0.01
0 0.636484 0.189465 0.01 0.01
0 0.558043 0.272034 0.01 0.01
0 0.487860 0.192218 0.01 0.01
0 0.469970 0.211484 0.01 0.01
0 0.435566 0.261025 0.01 0.01
0 0.416300 0.259649 0.01 0.01
0 0.379144 0.182585 0.01 0.01
0 0.321346 0.208731 0.01 0.01
0 0.259419 0.278915 0.01 0.01
0 0.225016 0.201851 0.01 0.01
0 0.068135 0.175704 0.01 0.01
0 0.026851 0.247263 0.01 0.01
0 0.039236 0.295429 0.01 0.01
0 0.012172 0.104488 0.01 0.01
0 0.010107 0.193250 0.01 0.01
0 0.149786 0.123066 0.01 0.01
0 0.241300 0.147149 0.01 0.01
0 0.263318 0.063204 0.01 0.01
0 0.225474 0.057699 0.01 0.01
0 0.375474 0.087974 0.01 0.01
0 0.438089 0.115497 0.01 0.01
0 0.508273 0.092791 0.01 0.01
0 0.630750 0.089351 0.01 0.01
0 0.718135 0.057699 0.01 0.01
0 0.035107 0.047206 0.01 0.01
0 0.077424 0.047206 0.01 0.01
0 0.027711 0.011125 0.01 0.01
0 0.043966 0.011125 0.01 0.01
0 0.062458 0.015856 0.01 0.01
0 0.093938 0.010867 0.01 0.01
0 0.263720 0.032155 0.01 0.01
0 0.295887 0.014093 0.01 0.01
0 0.342160 0.021317 0.01 0.01
0 0.305176 0.009233 0.01 0.01
0 0.355836 0.013189 0.01 0.01
0 0.412860 0.015856 0.01 0.01
0 0.626507 0.046088 0.01 0.01
0 0.880062 0.022521 0.01 0.01
0 0.955750 0.038691 0.01 0.01
0 0.978800 0.035251 0.01 0.01
0 1.010624 0.015297 0.01 0.01
0 1.045887 0.063462 0.01 0.01
0 1.079775 0.037831 0.01 0.01
0 1.107298 0.050732 0.01 0.01
0 1.181094 0.020629 0.01 0.01
0 1.170601 0.069655 0.01 0.01
0 1.225818 0.062430 0.01 0.01
0 1.093880 0.004782 0.01 0.01
0 1.260824 0.029918 0.01 0.01
0 1.306409 0.025446 0.01 0.01
0 1.357843 0.023382 0.01 0.01
0 0.855291 0.009190 0.01 0.01
0 1.402997 0.009190 0.01 0.01
