0 0.172275 0.651772 0.01 0.01
0 0.102306 0.713510 0.01 0.01
0 0.166787 0.577687 0.01 0.01
0 0.083098 0.627077 0.01 0.01
0 0.011757 0.679211 0.01 0.01
0 0.072123 0.566711 0.01 0.01
0 0.058403 0.525553 0.01 0.01
0 0.092702 0.514577 0.01 0.01
0 0.118769 0.537900 0.01 0.01
0 0.024104 0.517321 0.01 0.01
0 0.035080 0.472046 0.01 0.01
0 0.068007 0.489882 0.01 0.01
0 0.367092 0.679211 0.01 0.01
0 0.538586 0.780736 0.01 0.01
0 0.479592 0.647656 0.01 0.01
0 0.668921 0.655888 0.01 0.01
0 0.582489 0.642168 0.01 0.01
0 0.741635 0.614729 0.01 0.01
0 0.847275 0.596894 0.01 0.01
0 0.869226 0.764272 0.01 0.01
0 0.985842 0.706650 0.01 0.01
0 1.091482 0.611986 0.01 0.01
0 1.014653 0.573571 0.01 0.01
0 0.976239 0.595522 0.01 0.01
0 0.892550 0.594150 0.01 0.01
0 0.812976 0.555736 0.01 0.01
0 0.714196 0.563967 0.01 0.01
0 0.668921 0.543388 0.01 0.01
0 0.622961 0.559851 0.01 0.01
0 0.605126 0.579059 0.01 0.01
0 0.637367 0.581117 0.01 0.01
0 0.710080 0.524867 0.01 0.01
0 0.727915 0.528296 0.01 0.01
0 0.691559 0.521437 0.01 0.01
0 0.730659 0.502915 0.01 0.01
0 0.821894 0.512519 0.01 0.01
0 0.777992 0.535842 0.01 0.01
0 0.887062 0.557107 0.01 0.01
0 0.871284 0.501543 0.01 0.01
0 0.859623 0.493998 0.01 0.01
0 0.928906 0.509089 0.01 0.01
0 1.015339 0.523495 0.01 0.01
0 1.096284 0.548190 0.01 0.01
0 1.082565 0.439806 0.01 0.01
0 1.017397 0.485080 0.01 0.01
0 0.966635 0.511147 0.01 0.01
0 0.996818 0.493998 0.01 0.01
0 1.059242 0.509089 0.01 0.01
0 0.633251 0.516635 0.01 0.01
0 0.666864 0.490568 0.01 0.01
0 0.643540 0.486452 0.01 0.01
0 0.688129 0.487824 0.01 0.01
0 0.594150 0.532412 0.01 0.01
0 0.767016 0.485766 0.01 0.01
0 0.749181 0.489196 0.01 0.01
0 0.304668 0.608556 0.01 0.01
0 0.288891 0.566711 0.01 0.01
0 0.290263 0.529668 0.01 0.01
0 0.280659 0.500857 0.01 0.01
0 0.255278 0.509775 0.01 0.01
0 0.245675 0.550934 0.01 0.01
0 0.220293 0.523495 0.01 0.01
0 0.186681 0.492626 0.01 0.01
0 0.215492 0.498800 0.01 0.01
0 0.166787 0.486452 0.01 0.01
0 0.142778 0.493998 0.01 0.01
0 0.168159 0.517321 0.01 0.01
0 0.108479 0.481650 0.01 0.01
0 0.093388 0.472732 0.01 0.01
0 0.146894 0.471361 0.01 0.01
0 0.345141 0.537900 0.01 0.01
0 0.382870 0.537900 0.01 0.01
0 0.402763 0.561909 0.01 0.01
0 0.452153 0.563967 0.01 0.01
0 0.495370 0.534470 0.01 0.01
0 0.505659 0.572885 0.01 0.01
0 0.555736 0.546818 0.01 0.01
0 0.555050 0.606498 0.01 0.01
0 0.557107 0.568769 0.01 0.01
0 0.558479 0.522123 0.01 0.01
0 0.581803 0.508403 0.01 0.01
0 0.486452 0.517321 0.01 0.01
0 0.482336 0.506345 0.01 0.01
0 0.432260 0.523495 0.01 0.01
0 0.401391 0.503601 0.01 0.01
0 0.373952 0.509775 0.01 0.01
0 0.348571 0.513205 0.01 0.01
0 0.313586 0.496056 0.01 0.01
0 0.350629 0.463815 0.01 0.01
0 0.212062 0.467931 0.01 0.01
0 0.201086 0.454897 0.01 0.01
0 0.222351 0.477534 0.01 0.01
0 0.231269 0.454211 0.01 0.01
0 0.164043 0.462443 0.01 0.01
0 0.183251 0.463815 0.01 0.01
0 0.064577 0.457641 0.01 0.01
0 0.080354 0.439120 0.01 0.01
0 0.059775 0.472732 0.01 0.01
0 0.113281 0.442550 0.01 0.01
0 0.091330 0.456269 0.01 0.01
0 0.307412 0.461071 0.01 0.01
0 0.365034 0.476162 0.01 0.01
0 0.504287 0.491940 0.01 0.01
0 0.398647 0.484394 0.01 0.01
0 0.334165 0.441864 0.01 0.01
0 0.347885 0.439120 0.01 0.01
0 0.609928 0.465187 0.01 0.01
0 0.566025 0.493998 0.01 0.01
0 0.443921 0.475476 0.01 0.01
0 0.448723 0.461757 0.01 0.01
0 0.391101 0.460385 0.01 0.01
0 0.434318 0.466559 0.01 0.01
0 0.421284 0.467931 0.01 0.01
0 0.413053 0.480278 0.01 0.01
0 0.402077 0.451467 0.01 0.01
0 0.421970 0.440492 0.01 0.01
0 0.412367 0.441864 0.01 0.01
0 0.434318 0.435690 0.01 0.01
0 0.441864 0.434318 0.01 0.01
0 0.438434 0.443921 0.01 0.01
0 0.013129 0.448723 0.01 0.01
0 0.024104 0.454211 0.01 0.01
0 0.009699 0.463815 0.01 0.01
0 0.049486 0.445293 0.01 0.01
0 0.054287 0.431574 0.01 0.01
0 0.099562 0.450095 0.01 0.01
0 0.102992 0.439120 0.01 0.01
0 0.017931 0.439806 0.01 0.01
0 0.024104 0.440492 0.01 0.01
0 0.113967 0.464501 0.01 0.01
0 0.124943 0.456269 0.01 0.01
0 0.135232 0.469989 0.01 0.01
0 0.251848 0.468617 0.01 0.01
0 0.276543 0.468617 0.01 0.01
0 0.268312 0.481650 0.01 0.01
0 0.288205 0.482336 0.01 0.01
0 0.260766 0.491940 0.01 0.01
0 0.264882 0.445293 0.01 0.01
0 0.256650 0.442550 0.01 0.01
0 0.249104 0.445293 0.01 0.01
0 0.240873 0.443921 0.01 0.01
0 0.330050 0.461071 0.01 0.01
0 0.192854 0.445293 0.01 0.01
0 0.187367 0.443921 0.01 0.01
0 0.293007 0.450095 0.01 0.01
0 0.290263 0.461071 0.01 0.01
0 0.313586 0.453525 0.01 0.01
0 0.383556 0.436376 0.01 0.01
0 0.371208 0.444607 0.01 0.01
0 0.870598 0.526925 0.01 0.01
0 0.889806 0.515949 0.01 0.01
0 0.502915 0.474790 0.01 0.01
0 0.490568 0.465187 0.01 0.01
0 0.474104 0.469303 0.01 0.01
0 0.463129 0.466559 0.01 0.01
0 0.585232 0.452839 0.01 0.01
0 0.531726 0.464501 0.01 0.01
0 0.607870 0.489882 0.01 0.01
0 0.587976 0.481650 0.01 0.01
0 0.567397 0.476848 0.01 0.01
0 0.582489 0.470675 0.01 0.01
0 0.465187 0.454211 0.01 0.01
0 0.469989 0.444607 0.01 0.01
0 0.482336 0.459013 0.01 0.01
0 0.487138 0.452153 0.01 0.01
0 0.562595 0.444607 0.01 0.01
0 0.568769 0.441864 0.01 0.01
0 0.550934 0.463129 0.01 0.01
0 0.559851 0.459013 0.01 0.01
0 0.566711 0.456955 0.01 0.01
0 0.573571 0.452153 0.01 0.01
0 0.576315 0.449409 0.01 0.01
0 0.528982 0.456955 0.01 0.01
0 0.706650 0.481650 0.01 0.01
0 0.723114 0.458327 0.01 0.01
0 0.738205 0.465873 0.01 0.01
0 0.722428 0.475476 0.01 0.01
0 0.716940 0.469303 0.01 0.01
0 0.734089 0.440492 0.01 0.01
0 0.744379 0.452839 0.01 0.01
0 0.670293 0.465187 0.01 0.01
0 0.504287 0.459699 0.01 0.01
0 0.515263 0.450095 0.01 0.01
0 0.961147 0.477534 0.01 0.01
0 0.892550 0.484394 0.01 0.01
0 0.822580 0.447351 0.01 0.01
0 0.797885 0.450095 0.01 0.01
0 0.806117 0.456955 0.01 0.01
0 0.780050 0.506345 0.01 0.01
0 0.800629 0.489882 0.01 0.01
0 0.808861 0.507717 0.01 0.01
0 0.785537 0.491254 0.01 0.01
0 0.314905 0.442886 0.01 0.01
0 0.285684 0.445134 0.01 0.01
0 0.155314 0.448505 0.01 0.01
0 0.541928 0.448505 0.01 0.01
0 0.617227 0.447382 0.01 0.01
0 0.607112 0.446258 0.01 0.01
0 0.638581 0.463116 0.01 0.01
0 0.657687 0.455249 0.01 0.01
0 0.649820 0.444010 0.01 0.01
0 0.680164 0.453001 0.01 0.01
0 0.693651 0.451877 0.01 0.01
0 0.690279 0.459744 0.01 0.01
0 0.680164 0.439514 0.01 0.01
0 0.695899 0.438391 0.01 0.01
0 0.708261 0.457496 0.01 0.01
0 0.875719 0.453001 0.01 0.01
0 0.848746 0.455249 0.01 0.01
0 1.008336 0.460868 0.01 0.01
0 0.980239 0.483346 0.01 0.01
0 0.981363 0.454125 0.01 0.01
