0 0.020585 0.031385 0.01 0.01
0 0.038000 0.026329 0.01 0.01
0 0.011034 0.066778 0.01 0.01
0 0.004854 0.090936 0.01 0.01
0 0.017495 0.099924 0.01 0.01
0 0.027326 0.060879 0.01 0.01
0 0.048675 0.067340 0.01 0.01
0 0.050360 0.056385 0.01 0.01
0 0.042635 0.050191 0.01 0.01
0 0.034770 0.047944 0.01 0.01
0 0.084208 0.073786 0.01 0.01
0 0.078590 0.038393 0.01 0.01
0 0.046006 0.115921 0.01 0.01
0 0.064545 0.099629 0.01 0.01
0 0.029714 0.073786 0.01 0.01
0 0.109630 0.063534 0.01 0.01
0 0.130978 0.042747 0.01 0.01
0 0.069461 0.115781 0.01 0.01
0 0.078731 0.112972 0.01 0.01
0 0.083506 0.121118 0.01 0.01
0 0.096708 0.118028 0.01 0.01
0 0.070304 0.129826 0.01 0.01
0 0.052045 0.136567 0.01 0.01
0 0.049798 0.148365 0.01 0.01
0 0.025360 0.148646 0.01 0.01
0 0.013281 0.157073 0.01 0.01
0 0.024798 0.112972 0.01 0.01
0 0.067916 0.149881 0.01 0.01
0 0.014545 0.111117 0.01 0.01
0 0.045023 0.138224 0.01 0.01
0 0.090248 0.152831 0.01 0.01
0 0.085191 0.170247 0.01 0.01
0 0.034068 0.194404 0.01 0.01
0 0.011596 0.197494 0.01 0.01
0 0.022270 0.187662 0.01 0.01
0 0.046146 0.168561 0.01 0.01
0 0.054292 0.189348 0.01 0.01
0 0.043057 0.183730 0.01 0.01
0 0.072972 0.156904 0.01 0.01
0 0.060613 0.171511 0.01 0.01
0 0.109489 0.108589 0.01 0.01
0 0.150500 0.104657 0.01 0.01
0 0.139826 0.119264 0.01 0.01
0 0.096006 0.176567 0.01 0.01
0 0.113422 0.151848 0.01 0.01
0 0.102186 0.143983 0.01 0.01
0 0.106680 0.132185 0.01 0.01
0 0.140388 0.132747 0.01 0.01
0 0.131399 0.131623 0.01 0.01
0 0.160051 0.029376 0.01 0.01
0 0.156680 0.123758 0.01 0.01
0 0.125781 0.159151 0.01 0.01
0 0.071287 0.199601 0.01 0.01
0 0.085894 0.191174 0.01 0.01
0 0.084068 0.136820 0.01 0.01
0 0.022410 0.213365 0.01 0.01
0 0.045444 0.211679 0.01 0.01
0 0.085332 0.214488 0.01 0.01
0 0.003871 0.227410 0.01 0.01
0 0.008927 0.221230 0.01 0.01
0 0.015669 0.230219 0.01 0.01
0 0.035332 0.223477 0.01 0.01
0 0.029152 0.228533 0.01 0.01
0 0.061736 0.219544 0.01 0.01
0 0.060613 0.210556 0.01 0.01
0 0.073534 0.217297 0.01 0.01
0 0.105557 0.212803 0.01 0.01
0 0.107804 0.199881 0.01 0.01
0 0.123534 0.211679 0.01 0.01
0 0.031961 0.247634 0.01 0.01
0 0.049377 0.239207 0.01 0.01
0 0.038141 0.235275 0.01 0.01
0 0.061175 0.231904 0.01 0.01
0 0.077467 0.234151 0.01 0.01
0 0.072972 0.247073 0.01 0.01
0 0.094882 0.235837 0.01 0.01
0 0.089826 0.243140 0.01 0.01
0 0.071849 0.261679 0.01 0.01
0 0.056118 0.252690 0.01 0.01
0 0.064545 0.279657 0.01 0.01
0 0.063983 0.268421 0.01 0.01
0 0.052748 0.287522 0.01 0.01
0 0.034770 0.271230 0.01 0.01
0 0.013422 0.264488 0.01 0.01
0 0.021287 0.272915 0.01 0.01
0 0.029714 0.282466 0.01 0.01
0 0.028028 0.302129 0.01 0.01
0 0.074096 0.294264 0.01 0.01
0 0.108927 0.271230 0.01 0.01
0 0.097130 0.267859 0.01 0.01
0 0.026343 0.328533 0.01 0.01
0 0.019040 0.326848 0.01 0.01
0 0.003309 0.290331 0.01 0.01
0 0.043197 0.336398 0.01 0.01
0 0.078590 0.329095 0.01 0.01
0 0.084770 0.313926 0.01 0.01
0 0.092635 0.327971 0.01 0.01
0 0.119040 0.295387 0.01 0.01
0 0.122972 0.284713 0.01 0.01
0 0.125219 0.271792 0.01 0.01
0 0.208085 0.087241 0.01 0.01
0 0.190107 0.072634 0.01 0.01
0 0.201343 0.006342 0.01 0.01
0 0.237719 0.033351 0.01 0.01
0 0.228169 0.030261 0.01 0.01
0 0.122551 0.002452 0.01 0.01
0 0.104573 0.006104 0.01 0.01
0 0.112439 0.032228 0.01 0.01
0 0.198675 0.077171 0.01 0.01
0 0.188562 0.108070 0.01 0.01
0 0.168899 0.103857 0.01 0.01
0 0.168337 0.112284 0.01 0.01
0 0.234630 0.104419 0.01 0.01
0 0.245304 0.107228 0.01 0.01
0 0.169742 0.124489 0.01 0.01
0 0.231259 0.137691 0.01 0.01
0 0.246146 0.138815 0.01 0.01
0 0.271427 0.110444 0.01 0.01
0 0.258506 0.107635 0.01 0.01
0 0.258787 0.138534 0.01 0.01
0 0.277326 0.138534 0.01 0.01
0 0.145304 0.164376 0.01 0.01
0 0.161034 0.163815 0.01 0.01
0 0.174517 0.171118 0.01 0.01
0 0.191090 0.164657 0.01 0.01
0 0.195585 0.182073 0.01 0.01
0 0.209630 0.141624 0.01 0.01
0 0.240528 0.173646 0.01 0.01
0 0.219461 0.178421 0.01 0.01
0 0.240528 0.154826 0.01 0.01
0 0.226483 0.154545 0.01 0.01
0 0.166231 0.140893 0.01 0.01
0 0.186455 0.154376 0.01 0.01
0 0.215107 0.129657 0.01 0.01
0 0.185894 0.122353 0.01 0.01
0 0.176905 0.124039 0.01 0.01
0 0.146568 0.175162 0.01 0.01
0 0.135894 0.178533 0.01 0.01
0 0.123534 0.171230 0.01 0.01
0 0.146006 0.197634 0.01 0.01
0 0.139264 0.189769 0.01 0.01
0 0.153871 0.194825 0.01 0.01
0 0.161175 0.196511 0.01 0.01
0 0.200500 0.166174 0.01 0.01
0 0.112298 0.227410 0.01 0.01
0 0.139826 0.226286 0.01 0.01
0 0.172410 0.215612 0.01 0.01
0 0.193197 0.217859 0.01 0.01
0 0.189264 0.204376 0.01 0.01
0 0.149939 0.261679 0.01 0.01
0 0.133646 0.251567 0.01 0.01
0 0.112860 0.249881 0.01 0.01
0 0.160613 0.226848 0.01 0.01
0 0.156118 0.213926 0.01 0.01
0 0.143759 0.248196 0.01 0.01
0 0.203309 0.240331 0.01 0.01
0 0.195444 0.254938 0.01 0.01
0 0.178028 0.270106 0.01 0.01
0 0.179152 0.283589 0.01 0.01
0 0.166231 0.283589 0.01 0.01
0 0.161175 0.256061 0.01 0.01
0 0.221287 0.223477 0.01 0.01
0 0.233646 0.193702 0.01 0.01
0 0.263422 0.203814 0.01 0.01
0 0.245444 0.217859 0.01 0.01
0 0.253871 0.188646 0.01 0.01
0 0.228590 0.224601 0.01 0.01
0 0.238703 0.219544 0.01 0.01
0 0.262298 0.219544 0.01 0.01
0 0.279714 0.221792 0.01 0.01
0 0.253309 0.243140 0.01 0.01
0 0.238141 0.249320 0.01 0.01
0 0.253871 0.261679 0.01 0.01
0 0.246006 0.271230 0.01 0.01
0 0.259489 0.274601 0.01 0.01
0 0.206680 0.275162 0.01 0.01
0 0.220163 0.244264 0.01 0.01
0 0.214545 0.212803 0.01 0.01
0 0.192073 0.232466 0.01 0.01
0 0.263983 0.249881 0.01 0.01
0 0.292073 0.247634 0.01 0.01
0 0.288141 0.207747 0.01 0.01
0 0.290950 0.235837 0.01 0.01
0 0.310051 0.221792 0.01 0.01
0 0.298815 0.201005 0.01 0.01
0 0.283085 0.168421 0.01 0.01
0 0.288703 0.181904 0.01 0.01
0 0.274096 0.169544 0.01 0.01
0 0.250500 0.156623 0.01 0.01
0 0.246006 0.122915 0.01 0.01
0 0.253871 0.129095 0.01 0.01
0 0.260613 0.125162 0.01 0.01
0 0.279714 0.127971 0.01 0.01
0 0.292073 0.127971 0.01 0.01
0 0.287579 0.133589 0.01 0.01
0 0.296006 0.140893 0.01 0.01
0 0.271849 0.065050 0.01 0.01
0 0.249377 0.074601 0.01 0.01
0 0.249939 0.027971 0.01 0.01
0 0.270725 0.026848 0.01 0.01
0 0.292635 0.031342 0.01 0.01
0 0.295444 0.069544 0.01 0.01
0 0.287579 0.056623 0.01 0.01
0 0.294321 0.110556 0.01 0.01
0 0.308366 0.142578 0.01 0.01
0 0.314545 0.121230 0.01 0.01
0 0.308927 0.130219 0.01 0.01
0 0.325219 0.134151 0.01 0.01
0 0.319040 0.133028 0.01 0.01
0 0.325219 0.080780 0.01 0.01
0 0.315107 0.181904 0.01 0.01
0 0.334770 0.159432 0.01 0.01
0 0.340950 0.140893 0.01 0.01
0 0.348815 0.141455 0.01 0.01
0 0.334208 0.183028 0.01 0.01
0 0.329714 0.121230 0.01 0.01
0 0.363983 0.101567 0.01 0.01
0 0.372972 0.098758 0.01 0.01
0 0.378590 0.051567 0.01 0.01
0 0.352748 0.038084 0.01 0.01
0 0.383085 0.111117 0.01 0.01
0 0.370725 0.121230 0.01 0.01
0 0.331399 0.109994 0.01 0.01
0 0.353871 0.196511 0.01 0.01
0 0.384208 0.189207 0.01 0.01
0 0.374096 0.204938 0.01 0.01
0 0.374096 0.219544 0.01 0.01
0 0.395444 0.213926 0.01 0.01
0 0.387579 0.238084 0.01 0.01
0 0.388703 0.265612 0.01 0.01
0 0.382523 0.253814 0.01 0.01
0 0.364545 0.253252 0.01 0.01
0 0.365669 0.268421 0.01 0.01
0 0.351062 0.261117 0.01 0.01
0 0.348815 0.249881 0.01 0.01
0 0.349377 0.230219 0.01 0.01
0 0.362860 0.234151 0.01 0.01
0 0.344321 0.211679 0.01 0.01
0 0.338703 0.232466 0.01 0.01
0 0.331399 0.233589 0.01 0.01
0 0.320725 0.230219 0.01 0.01
0 0.307804 0.251567 0.01 0.01
0 0.310613 0.243140 0.01 0.01
0 0.079152 0.272353 0.01 0.01
0 0.046006 0.271230 0.01 0.01
0 0.043197 0.257185 0.01 0.01
0 0.320725 0.241455 0.01 0.01
0 0.343759 0.268421 0.01 0.01
0 0.392073 0.277410 0.01 0.01
0 0.368478 0.164488 0.01 0.01
0 0.359489 0.138084 0.01 0.01
0 0.340950 0.114488 0.01 0.01
0 0.357242 0.108308 0.01 0.01
0 0.348815 0.115050 0.01 0.01
0 0.360613 0.120106 0.01 0.01
0 0.385332 0.138646 0.01 0.01
0 0.387579 0.152690 0.01 0.01
0 0.375219 0.152690 0.01 0.01
0 0.390388 0.163365 0.01 0.01
0 0.399939 0.253252 0.01 0.01
0 0.422410 0.250443 0.01 0.01
0 0.288703 0.263365 0.01 0.01
0 0.222410 0.275724 0.01 0.01
0 0.284208 0.299320 0.01 0.01
0 0.265669 0.296511 0.01 0.01
0 0.276905 0.290893 0.01 0.01
0 0.239264 0.294825 0.01 0.01
0 0.231961 0.285837 0.01 0.01
0 0.288141 0.276848 0.01 0.01
0 0.294321 0.288084 0.01 0.01
0 0.299939 0.284151 0.01 0.01
0 0.324658 0.305499 0.01 0.01
0 0.329714 0.291455 0.01 0.01
0 0.336455 0.283589 0.01 0.01
0 0.363422 0.295387 0.01 0.01
0 0.380276 0.305499 0.01 0.01
0 0.370163 0.311117 0.01 0.01
0 0.391512 0.289769 0.01 0.01
0 0.413983 0.288646 0.01 0.01
0 0.417354 0.268983 0.01 0.01
0 0.442635 0.266174 0.01 0.01
0 0.445444 0.254376 0.01 0.01
0 0.454433 0.259432 0.01 0.01
0 0.467916 0.267859 0.01 0.01
0 0.479152 0.294825 0.01 0.01
0 0.462298 0.302129 0.01 0.01
0 0.447691 0.301005 0.01 0.01
0 0.450500 0.283589 0.01 0.01
0 0.461175 0.285275 0.01 0.01
0 0.432523 0.229657 0.01 0.01
0 0.428590 0.208308 0.01 0.01
0 0.438703 0.209994 0.01 0.01
0 0.412860 0.199320 0.01 0.01
0 0.413983 0.186398 0.01 0.01
0 0.399377 0.144825 0.01 0.01
0 0.413983 0.158870 0.01 0.01
0 0.424096 0.148196 0.01 0.01
0 0.410051 0.088084 0.01 0.01
0 0.425781 0.074601 0.01 0.01
0 0.440388 0.090331 0.01 0.01
0 0.417354 0.106623 0.01 0.01
0 0.420725 0.135275 0.01 0.01
0 0.457804 0.139207 0.01 0.01
0 0.459489 0.157747 0.01 0.01
0 0.470725 0.135275 0.01 0.01
0 0.480276 0.144825 0.01 0.01
0 0.503309 0.143702 0.01 0.01
0 0.502748 0.160556 0.01 0.01
0 0.480837 0.160556 0.01 0.01
0 0.466792 0.195387 0.01 0.01
0 0.465669 0.168421 0.01 0.01
0 0.465669 0.211679 0.01 0.01
0 0.480276 0.191455 0.01 0.01
0 0.496568 0.195949 0.01 0.01
0 0.525781 0.178533 0.01 0.01
0 0.513983 0.140893 0.01 0.01
0 0.522410 0.134151 0.01 0.01
0 0.505557 0.207747 0.01 0.01
0 0.497691 0.215612 0.01 0.01
0 0.518478 0.218983 0.01 0.01
0 0.527467 0.216735 0.01 0.01
0 0.496568 0.227410 0.01 0.01
0 0.480276 0.225724 0.01 0.01
0 0.515669 0.250443 0.01 0.01
0 0.487579 0.267859 0.01 0.01
0 0.496568 0.291455 0.01 0.01
0 0.493759 0.279095 0.01 0.01
0 0.501624 0.257185 0.01 0.01
0 0.532523 0.269544 0.01 0.01
0 0.510613 0.307185 0.01 0.01
0 0.525219 0.307185 0.01 0.01
0 0.518478 0.279657 0.01 0.01
0 0.500500 0.316174 0.01 0.01
0 0.466792 0.317297 0.01 0.01
0 0.466792 0.094825 0.01 0.01
0 0.496568 0.096511 0.01 0.01
0 0.530837 0.071792 0.01 0.01
0 0.488141 0.065050 0.01 0.01
0 0.454995 0.065050 0.01 0.01
0 0.463983 0.059994 0.01 0.01
0 0.515107 0.096511 0.01 0.01
0 0.408927 0.309432 0.01 0.01
0 0.421849 0.304938 0.01 0.01
0 0.411175 0.136960 0.01 0.01
0 0.514545 0.159994 0.01 0.01
0 0.532523 0.160556 0.01 0.01
0 0.149658 0.298477 0.01 0.01
0 0.118197 0.323196 0.01 0.01
0 0.108085 0.306342 0.01 0.01
0 0.185613 0.296230 0.01 0.01
0 0.212579 0.306342 0.01 0.01
0 0.208085 0.327690 0.01 0.01
0 0.197972 0.333308 0.01 0.01
0 0.172130 0.316455 0.01 0.01
0 0.159770 0.340050 0.01 0.01
0 0.140669 0.323196 0.01 0.01
0 0.066512 0.334432 0.01 0.01
0 0.163141 0.356904 0.01 0.01
0 0.136175 0.347915 0.01 0.01
0 0.128309 0.356904 0.01 0.01
0 0.126062 0.345668 0.01 0.01
0 0.109208 0.362522 0.01 0.01
0 0.100219 0.347915 0.01 0.01
0 0.079995 0.358028 0.01 0.01
0 0.062017 0.361398 0.01 0.01
0 0.032804 0.369264 0.01 0.01
0 0.019321 0.365893 0.01 0.01
0 0.095444 0.380780 0.01 0.01
0 0.063983 0.390893 0.01 0.01
0 0.057804 0.374039 0.01 0.01
0 0.034770 0.393702 0.01 0.01
0 0.006680 0.358308 0.01 0.01
0 0.012298 0.387522 0.01 0.01
0 0.007804 0.366174 0.01 0.01
0 0.048815 0.398758 0.01 0.01
0 0.074096 0.398758 0.01 0.01
0 0.085332 0.405499 0.01 0.01
0 0.102186 0.414488 0.01 0.01
0 0.134770 0.399320 0.01 0.01
0 0.175781 0.364488 0.01 0.01
0 0.194321 0.371792 0.01 0.01
0 0.149939 0.377971 0.01 0.01
0 0.119040 0.376848 0.01 0.01
0 0.153309 0.391455 0.01 0.01
0 0.186455 0.400443 0.01 0.01
0 0.215669 0.383028 0.01 0.01
0 0.226343 0.322353 0.01 0.01
0 0.261736 0.336398 0.01 0.01
0 0.275781 0.322915 0.01 0.01
0 0.223534 0.348196 0.01 0.01
0 0.241512 0.348758 0.01 0.01
0 0.205557 0.358308 0.01 0.01
0 0.281961 0.336398 0.01 0.01
0 0.297130 0.340331 0.01 0.01
0 0.301062 0.328533 0.01 0.01
0 0.307242 0.324601 0.01 0.01
0 0.332523 0.326848 0.01 0.01
0 0.317916 0.323477 0.01 0.01
0 0.325219 0.344825 0.01 0.01
0 0.289826 0.364488 0.01 0.01
0 0.308927 0.366174 0.01 0.01
0 0.259489 0.370106 0.01 0.01
0 0.276343 0.379095 0.01 0.01
0 0.239264 0.385837 0.01 0.01
0 0.252748 0.386960 0.01 0.01
0 0.302748 0.381904 0.01 0.01
0 0.286455 0.384151 0.01 0.01
0 0.221287 0.406623 0.01 0.01
0 0.204433 0.411117 0.01 0.01
0 0.253309 0.410556 0.01 0.01
0 0.266231 0.398758 0.01 0.01
0 0.238703 0.412241 0.01 0.01
0 0.274658 0.406623 0.01 0.01
0 0.292073 0.410556 0.01 0.01
0 0.322972 0.421230 0.01 0.01
0 0.308366 0.400443 0.01 0.01
0 0.321287 0.395387 0.01 0.01
0 0.329714 0.384151 0.01 0.01
0 0.351624 0.384713 0.01 0.01
0 0.381399 0.383589 0.01 0.01
0 0.389826 0.356623 0.01 0.01
0 0.383646 0.334713 0.01 0.01
0 0.371287 0.346511 0.01 0.01
0 0.351624 0.334151 0.01 0.01
0 0.350500 0.352129 0.01 0.01
0 0.355557 0.311679 0.01 0.01
0 0.342635 0.322353 0.01 0.01
0 0.380276 0.405499 0.01 0.01
0 0.366231 0.408308 0.01 0.01
0 0.160051 0.406623 0.01 0.01
0 0.160051 0.434151 0.01 0.01
0 0.143197 0.442578 0.01 0.01
0 0.152748 0.454938 0.01 0.01
0 0.171849 0.430780 0.01 0.01
0 0.174658 0.452690 0.01 0.01
0 0.102748 0.440331 0.01 0.01
0 0.095444 0.448196 0.01 0.01
0 0.061175 0.420106 0.01 0.01
0 0.073534 0.430219 0.01 0.01
0 0.043759 0.427971 0.01 0.01
0 0.030276 0.434713 0.01 0.01
0 0.026343 0.415050 0.01 0.01
0 0.017916 0.425162 0.01 0.01
0 0.121849 0.463365 0.01 0.01
0 0.075219 0.462803 0.01 0.01
0 0.144321 0.471792 0.01 0.01
0 0.214545 0.461679 0.01 0.01
0 0.204433 0.438084 0.01 0.01
0 0.186455 0.448196 0.01 0.01
0 0.247130 0.440331 0.01 0.01
0 0.224096 0.431342 0.01 0.01
0 0.267354 0.451567 0.01 0.01
0 0.284770 0.450443 0.01 0.01
0 0.299377 0.443702 0.01 0.01
0 0.390950 0.436960 0.01 0.01
0 0.378590 0.438646 0.01 0.01
0 0.365669 0.440331 0.01 0.01
0 0.353871 0.442578 0.01 0.01
0 0.347130 0.458308 0.01 0.01
0 0.365107 0.474601 0.01 0.01
0 0.346006 0.474601 0.01 0.01
0 0.328590 0.488084 0.01 0.01
0 0.280837 0.475724 0.01 0.01
0 0.277467 0.436398 0.01 0.01
0 0.240388 0.471792 0.01 0.01
0 0.234770 0.497073 0.01 0.01
0 0.252186 0.499320 0.01 0.01
0 0.311736 0.508870 0.01 0.01
0 0.320163 0.473477 0.01 0.01
0 0.303309 0.495949 0.01 0.01
0 0.372972 0.525724 0.01 0.01
0 0.266231 0.529095 0.01 0.01
0 0.185332 0.482466 0.01 0.01
0 0.200500 0.488646 0.01 0.01
0 0.213983 0.482466 0.01 0.01
0 0.144321 0.505499 0.01 0.01
0 0.123534 0.508308 0.01 0.01
0 0.114545 0.482466 0.01 0.01
0 0.107804 0.485275 0.01 0.01
0 0.093197 0.492578 0.01 0.01
0 0.077467 0.497634 0.01 0.01
0 0.049939 0.492016 0.01 0.01
0 0.035332 0.496511 0.01 0.01
0 0.030276 0.508870 0.01 0.01
0 0.025781 0.462241 0.01 0.01
0 0.020163 0.527410 0.01 0.01
0 0.052186 0.517859 0.01 0.01
0 0.083085 0.536398 0.01 0.01
0 0.099939 0.539207 0.01 0.01
0 0.121287 0.536960 0.01 0.01
0 0.144321 0.543140 0.01 0.01
0 0.176905 0.512241 0.01 0.01
0 0.198815 0.530219 0.01 0.01
0 0.486455 0.311060 0.01 0.01
0 0.469040 0.338027 0.01 0.01
0 0.446568 0.335218 0.01 0.01
0 0.440950 0.345892 0.01 0.01
0 0.424096 0.333532 0.01 0.01
0 0.411736 0.337465 0.01 0.01
0 0.401062 0.330162 0.01 0.01
0 0.408927 0.358813 0.01 0.01
0 0.401062 0.385218 0.01 0.01
0 0.415107 0.390274 0.01 0.01
0 0.442635 0.383532 0.01 0.01
0 0.429714 0.381285 0.01 0.01
0 0.476905 0.370611 0.01 0.01
0 0.471287 0.380162 0.01 0.01
0 0.485894 0.340274 0.01 0.01
0 0.483085 0.324544 0.01 0.01
0 0.519601 0.337465 0.01 0.01
0 0.525781 0.352633 0.01 0.01
0 0.524658 0.370611 0.01 0.01
0 0.515107 0.363869 0.01 0.01
0 0.498253 0.371735 0.01 0.01
0 0.497691 0.391397 0.01 0.01
0 0.485332 0.401510 0.01 0.01
0 0.440950 0.403195 0.01 0.01
0 0.432523 0.441397 0.01 0.01
0 0.406118 0.432971 0.01 0.01
0 0.400500 0.453195 0.01 0.01
0 0.415669 0.449263 0.01 0.01
0 0.442073 0.468364 0.01 0.01
0 0.492635 0.468926 0.01 0.01
0 0.468478 0.474544 0.01 0.01
0 0.438703 0.449263 0.01 0.01
0 0.475781 0.461060 0.01 0.01
0 0.508927 0.449824 0.01 0.01
0 0.476343 0.420049 0.01 0.01
0 0.483646 0.442521 0.01 0.01
0 0.507804 0.407690 0.01 0.01
0 0.514545 0.431847 0.01 0.01
0 0.532523 0.457690 0.01 0.01
0 0.537579 0.429600 0.01 0.01
0 0.533085 0.388588 0.01 0.01
0 0.552748 0.461060 0.01 0.01
0 0.546568 0.446454 0.01 0.01
0 0.526343 0.489150 0.01 0.01
0 0.561736 0.485779 0.01 0.01
0 0.556118 0.420611 0.01 0.01
0 0.589826 0.475105 0.01 0.01
0 0.603309 0.483532 0.01 0.01
0 0.621849 0.458813 0.01 0.01
0 0.572972 0.400948 0.01 0.01
0 0.554433 0.401510 0.01 0.01
0 0.552186 0.365555 0.01 0.01
0 0.553871 0.389150 0.01 0.01
0 0.554995 0.340274 0.01 0.01
0 0.537017 0.311622 0.01 0.01
0 0.564545 0.324544 0.01 0.01
0 0.576905 0.324544 0.01 0.01
0 0.587579 0.299263 0.01 0.01
0 0.594882 0.285779 0.01 0.01
0 0.585332 0.284656 0.01 0.01
0 0.567916 0.301510 0.01 0.01
0 0.556680 0.256004 0.01 0.01
0 0.555557 0.244206 0.01 0.01
0 0.556118 0.307690 0.01 0.01
0 0.583646 0.354881 0.01 0.01
0 0.601062 0.375667 0.01 0.01
0 0.562298 0.372296 0.01 0.01
0 0.565107 0.384656 0.01 0.01
0 0.617354 0.361060 0.01 0.01
0 0.603871 0.327353 0.01 0.01
0 0.618478 0.316678 0.01 0.01
0 0.621287 0.297577 0.01 0.01
0 0.595444 0.268926 0.01 0.01
0 0.596006 0.258813 0.01 0.01
0 0.579714 0.258251 0.01 0.01
0 0.620163 0.247015 0.01 0.01
0 0.629152 0.252633 0.01 0.01
0 0.638703 0.248139 0.01 0.01
0 0.632523 0.289712 0.01 0.01
0 0.664545 0.245330 0.01 0.01
0 0.672972 0.279600 0.01 0.01
0 0.686455 0.299263 0.01 0.01
0 0.695444 0.279600 0.01 0.01
0 0.636455 0.325667 0.01 0.01
0 0.641512 0.356566 0.01 0.01
0 0.656680 0.341397 0.01 0.01
0 0.666792 0.327353 0.01 0.01
0 0.678590 0.326229 0.01 0.01
0 0.690950 0.326229 0.01 0.01
0 0.667916 0.362746 0.01 0.01
0 0.619601 0.382409 0.01 0.01
0 0.651062 0.368364 0.01 0.01
0 0.653309 0.401510 0.01 0.01
0 0.664545 0.393645 0.01 0.01
0 0.688703 0.373420 0.01 0.01
0 0.579714 0.435779 0.01 0.01
0 0.619040 0.421735 0.01 0.01
0 0.642635 0.486341 0.01 0.01
0 0.639264 0.465555 0.01 0.01
0 0.649377 0.468926 0.01 0.01
0 0.672410 0.465555 0.01 0.01
0 0.671849 0.499263 0.01 0.01
0 0.692635 0.453195 0.01 0.01
0 0.665107 0.432971 0.01 0.01
0 0.680837 0.422858 0.01 0.01
0 0.698253 0.430723 0.01 0.01
0 0.672410 0.412746 0.01 0.01
0 0.675781 0.399824 0.01 0.01
0 0.706118 0.370611 0.01 0.01
0 0.706118 0.345892 0.01 0.01
0 0.689264 0.348139 0.01 0.01
0 0.696568 0.391397 0.01 0.01
0 0.707242 0.464993 0.01 0.01
0 0.643759 0.300386 0.01 0.01
0 0.643197 0.287465 0.01 0.01
0 0.567916 0.416678 0.01 0.01
0 0.385894 0.010303 0.01 0.01
0 0.321849 0.011427 0.01 0.01
0 0.424096 0.033899 0.01 0.01
0 0.448815 0.036708 0.01 0.01
0 0.479152 0.019854 0.01 0.01
0 0.474658 0.054124 0.01 0.01
0 0.503871 0.054685 0.01 0.01
0 0.531399 0.042326 0.01 0.01
0 0.545444 0.035022 0.01 0.01
0 0.526343 0.003000 0.01 0.01
0 0.544321 0.003000 0.01 0.01
0 0.552748 0.011427 0.01 0.01
0 0.569601 0.006371 0.01 0.01
0 0.587017 0.033899 0.01 0.01
0 0.559489 0.071539 0.01 0.01
0 0.574096 0.070416 0.01 0.01
0 0.603871 0.040079 0.01 0.01
0 0.603871 0.064236 0.01 0.01
0 0.622972 0.004124 0.01 0.01
0 0.650500 0.006371 0.01 0.01
0 0.535894 0.097382 0.01 0.01
0 0.560613 0.098506 0.01 0.01
0 0.579152 0.097382 0.01 0.01
0 0.604433 0.098506 0.01 0.01
0 0.622972 0.099629 0.01 0.01
0 0.631961 0.105247 0.01 0.01
0 0.651624 0.099629 0.01 0.01
0 0.657242 0.069854 0.01 0.01
0 0.646006 0.113112 0.01 0.01
0 0.656680 0.111427 0.01 0.01
0 0.540388 0.135022 0.01 0.01
0 0.549939 0.133899 0.01 0.01
0 0.564545 0.133899 0.01 0.01
0 0.571287 0.132775 0.01 0.01
0 0.578028 0.135022 0.01 0.01
0 0.593759 0.127157 0.01 0.01
0 0.594882 0.136708 0.01 0.01
0 0.610613 0.129966 0.01 0.01
0 0.639264 0.136708 0.01 0.01
0 0.640950 0.127157 0.01 0.01
0 0.561736 0.146258 0.01 0.01
0 0.554995 0.169292 0.01 0.01
0 0.588141 0.161427 0.01 0.01
0 0.582523 0.153562 0.01 0.01
0 0.581399 0.173225 0.01 0.01
0 0.537579 0.154124 0.01 0.01
0 0.512860 0.195135 0.01 0.01
0 0.543197 0.190079 0.01 0.01
0 0.542073 0.170977 0.01 0.01
0 0.567916 0.200753 0.01 0.01
0 0.569040 0.223786 0.01 0.01
0 0.548815 0.231090 0.01 0.01
0 0.614545 0.201876 0.01 0.01
0 0.596568 0.186146 0.01 0.01
0 0.598815 0.199067 0.01 0.01
0 0.584770 0.185022 0.01 0.01
0 0.614545 0.170416 0.01 0.01
0 0.604433 0.177157 0.01 0.01
0 0.622972 0.166483 0.01 0.01
0 0.615107 0.160303 0.01 0.01
0 0.607804 0.150191 0.01 0.01
0 0.624658 0.152438 0.01 0.01
0 0.634208 0.154685 0.01 0.01
0 0.640388 0.205809 0.01 0.01
0 0.644321 0.215359 0.01 0.01
0 0.656680 0.235022 0.01 0.01
0 0.652748 0.223225 0.01 0.01
0 0.660051 0.220416 0.01 0.01
0 0.648253 0.165921 0.01 0.01
0 0.661175 0.137831 0.01 0.01
0 0.670163 0.014236 0.01 0.01
0 0.689826 0.010303 0.01 0.01
0 0.685332 0.031652 0.01 0.01
0 0.674096 0.058618 0.01 0.01
0 0.671287 0.088393 0.01 0.01
0 0.689826 0.074348 0.01 0.01
0 0.726905 0.054124 0.01 0.01
0 0.716792 0.014236 0.01 0.01
0 0.738703 0.026034 0.01 0.01
0 0.757242 0.019292 0.01 0.01
0 0.753871 0.046820 0.01 0.01
0 0.778028 0.042326 0.01 0.01
0 0.801624 0.034461 0.01 0.01
0 0.819040 0.023786 0.01 0.01
0 0.733085 0.083899 0.01 0.01
0 0.714545 0.105247 0.01 0.01
0 0.727467 0.103000 0.01 0.01
0 0.753309 0.089517 0.01 0.01
0 0.781399 0.096258 0.01 0.01
0 0.794882 0.090640 0.01 0.01
0 0.693759 0.115359 0.01 0.01
0 0.678028 0.149629 0.01 0.01
0 0.724096 0.127719 0.01 0.01
0 0.710051 0.126034 0.01 0.01
0 0.687017 0.128843 0.01 0.01
0 0.671287 0.133899 0.01 0.01
0 0.667916 0.123225 0.01 0.01
0 0.658927 0.118168 0.01 0.01
0 0.679714 0.126034 0.01 0.01
0 0.686455 0.137831 0.01 0.01
0 0.702748 0.157494 0.01 0.01
0 0.693759 0.165359 0.01 0.01
0 0.675781 0.166483 0.01 0.01
0 0.662860 0.173786 0.01 0.01
0 0.666231 0.182775 0.01 0.01
0 0.672410 0.204685 0.01 0.01
0 0.681961 0.196820 0.01 0.01
0 0.688703 0.206932 0.01 0.01
0 0.698253 0.201876 0.01 0.01
0 0.685894 0.222663 0.01 0.01
0 0.684208 0.233337 0.01 0.01
0 0.671849 0.231090 0.01 0.01
0 0.676905 0.220977 0.01 0.01
0 0.710613 0.206932 0.01 0.01
0 0.712298 0.220416 0.01 0.01
0 0.712298 0.238955 0.01 0.01
0 0.713983 0.251315 0.01 0.01
0 0.698815 0.242888 0.01 0.01
0 0.726343 0.224348 0.01 0.01
0 0.725219 0.211427 0.01 0.01
0 0.713422 0.195135 0.01 0.01
0 0.728590 0.167607 0.01 0.01
0 0.715107 0.151876 0.01 0.01
0 0.739826 0.143449 0.01 0.01
0 0.734208 0.157494 0.01 0.01
0 0.749939 0.149629 0.01 0.01
0 0.733085 0.199629 0.01 0.01
0 0.758366 0.192888 0.01 0.01
0 0.748253 0.186146 0.01 0.01
0 0.742635 0.191202 0.01 0.01
0 0.761736 0.217607 0.01 0.01
0 0.742073 0.235022 0.01 0.01
0 0.752186 0.218730 0.01 0.01
0 0.740950 0.256371 0.01 0.01
0 0.729714 0.246820 0.01 0.01
0 0.734770 0.236146 0.01 0.01
0 0.770163 0.185022 0.01 0.01
0 0.760613 0.163112 0.01 0.01
0 0.793197 0.132775 0.01 0.01
0 0.801624 0.124910 0.01 0.01
0 0.778590 0.148506 0.01 0.01
0 0.781399 0.135584 0.01 0.01
0 0.749939 0.113112 0.01 0.01
0 0.766792 0.253562 0.01 0.01
0 0.771287 0.246820 0.01 0.01
0 0.789826 0.233337 0.01 0.01
0 0.779152 0.221539 0.01 0.01
0 0.790950 0.195697 0.01 0.01
0 0.799377 0.174910 0.01 0.01
0 0.799377 0.161427 0.01 0.01
0 0.798815 0.148506 0.01 0.01
0 0.771849 0.153562 0.01 0.01
0 0.767354 0.137831 0.01 0.01
0 0.813983 0.091202 0.01 0.01
0 0.815107 0.163674 0.01 0.01
0 0.828590 0.161427 0.01 0.01
0 0.834208 0.150753 0.01 0.01
0 0.834208 0.128843 0.01 0.01
0 0.828590 0.105247 0.01 0.01
0 0.820163 0.069854 0.01 0.01
0 0.830276 0.063674 0.01 0.01
0 0.848253 0.061989 0.01 0.01
0 0.816792 0.139517 0.01 0.01
0 0.806118 0.141764 0.01 0.01
0 0.841512 0.166483 0.01 0.01
0 0.861175 0.163674 0.01 0.01
0 0.861175 0.133899 0.01 0.01
0 0.852186 0.126034 0.01 0.01
0 0.845444 0.119854 0.01 0.01
0 0.852186 0.105247 0.01 0.01
0 0.831961 0.090640 0.01 0.01
0 0.849939 0.089517 0.01 0.01
0 0.863422 0.090640 0.01 0.01
0 0.863983 0.069854 0.01 0.01
0 0.837579 0.014798 0.01 0.01
0 0.813983 0.199067 0.01 0.01
0 0.825219 0.197944 0.01 0.01
0 0.845444 0.209180 0.01 0.01
0 0.811736 0.250753 0.01 0.01
0 0.777467 0.238955 0.01 0.01
0 0.828590 0.246820 0.01 0.01
0 0.821849 0.230528 0.01 0.01
0 0.842635 0.235022 0.01 0.01
0 0.853309 0.245135 0.01 0.01
0 0.863422 0.245697 0.01 0.01
0 0.866231 0.233337 0.01 0.01
0 0.884770 0.221539 0.01 0.01
0 0.896568 0.227157 0.01 0.01
0 0.897130 0.201876 0.01 0.01
0 0.899377 0.191764 0.01 0.01
0 0.885894 0.188955 0.01 0.01
0 0.890950 0.169292 0.01 0.01
0 0.896006 0.163674 0.01 0.01
0 0.911736 0.165921 0.01 0.01
0 0.914545 0.176034 0.01 0.01
0 0.924096 0.187270 0.01 0.01
0 0.912298 0.191764 0.01 0.01
0 0.903309 0.182775 0.01 0.01
0 0.877467 0.148506 0.01 0.01
0 0.883085 0.133899 0.01 0.01
0 0.887017 0.149629 0.01 0.01
0 0.836455 0.197944 0.01 0.01
0 0.848815 0.199629 0.01 0.01
0 0.872410 0.208618 0.01 0.01
0 0.881961 0.209741 0.01 0.01
0 0.915669 0.234461 0.01 0.01
0 0.903871 0.132775 0.01 0.01
0 0.899939 0.117045 0.01 0.01
0 0.889264 0.118730 0.01 0.01
0 0.903871 0.076595 0.01 0.01
0 0.921849 0.107494 0.01 0.01
0 0.923534 0.136708 0.01 0.01
0 0.916231 0.142326 0.01 0.01
0 0.924658 0.126595 0.01 0.01
0 0.902186 0.049629 0.01 0.01
0 0.885332 0.048506 0.01 0.01
0 0.864545 0.016483 0.01 0.01
0 0.907804 0.015921 0.01 0.01
0 0.921287 0.019854 0.01 0.01
0 0.881961 0.261427 0.01 0.01
0 0.927467 0.244573 0.01 0.01
0 0.720725 0.290836 0.01 0.01
0 0.728028 0.310499 0.01 0.01
0 0.740950 0.307690 0.01 0.01
0 0.733085 0.327353 0.01 0.01
0 0.744882 0.325105 0.01 0.01
0 0.743759 0.348701 0.01 0.01
0 0.753871 0.355442 0.01 0.01
0 0.760613 0.299263 0.01 0.01
0 0.746568 0.286903 0.01 0.01
0 0.758927 0.273982 0.01 0.01
0 0.747691 0.270049 0.01 0.01
0 0.778590 0.279600 0.01 0.01
0 0.803871 0.273420 0.01 0.01
0 0.796568 0.264431 0.01 0.01
0 0.787017 0.277353 0.01 0.01
0 0.796568 0.297577 0.01 0.01
0 0.781399 0.297577 0.01 0.01
0 0.785332 0.311622 0.01 0.01
0 0.772410 0.311060 0.01 0.01
0 0.780837 0.343083 0.01 0.01
0 0.824658 0.277914 0.01 0.01
0 0.845444 0.266678 0.01 0.01
0 0.856118 0.269487 0.01 0.01
0 0.880837 0.277353 0.01 0.01
0 0.894882 0.282971 0.01 0.01
0 0.904433 0.271735 0.01 0.01
0 0.849377 0.286903 0.01 0.01
0 0.866792 0.314431 0.01 0.01
0 0.854433 0.309375 0.01 0.01
0 0.837017 0.301510 0.01 0.01
0 0.846568 0.302633 0.01 0.01
0 0.822410 0.305442 0.01 0.01
0 0.835894 0.321173 0.01 0.01
0 0.806118 0.346454 0.01 0.01
0 0.853309 0.341959 0.01 0.01
0 0.791512 0.369487 0.01 0.01
0 0.821849 0.353757 0.01 0.01
0 0.831399 0.359937 0.01 0.01
0 0.861736 0.352633 0.01 0.01
0 0.859489 0.366678 0.01 0.01
0 0.849939 0.366678 0.01 0.01
0 0.887579 0.340836 0.01 0.01
0 0.899377 0.331847 0.01 0.01
0 0.901062 0.370611 0.01 0.01
0 0.881399 0.380162 0.01 0.01
0 0.819601 0.389150 0.01 0.01
0 0.804995 0.389150 0.01 0.01
0 0.768478 0.393083 0.01 0.01
0 0.751624 0.385218 0.01 0.01
0 0.721849 0.384094 0.01 0.01
0 0.710051 0.394206 0.01 0.01
0 0.697691 0.406004 0.01 0.01
0 0.712298 0.412184 0.01 0.01
0 0.720725 0.424544 0.01 0.01
0 0.725219 0.442521 0.01 0.01
0 0.743197 0.419487 0.01 0.01
0 0.751624 0.421735 0.01 0.01
0 0.774096 0.413308 0.01 0.01
0 0.774658 0.427353 0.01 0.01
0 0.762298 0.452633 0.01 0.01
0 0.775219 0.448701 0.01 0.01
0 0.790950 0.456566 0.01 0.01
0 0.733085 0.464431 0.01 0.01
0 0.804995 0.443645 0.01 0.01
0 0.792635 0.433532 0.01 0.01
0 0.816792 0.412746 0.01 0.01
0 0.818478 0.461060 0.01 0.01
0 0.820163 0.439150 0.01 0.01
0 0.847691 0.394206 0.01 0.01
0 0.843759 0.420049 0.01 0.01
0 0.866231 0.431847 0.01 0.01
0 0.885332 0.448139 0.01 0.01
0 0.892635 0.462746 0.01 0.01
0 0.890950 0.411622 0.01 0.01
0 0.918478 0.431847 0.01 0.01
0 0.916231 0.388027 0.01 0.01
0 0.926343 0.404881 0.01 0.01
0 0.921849 0.447015 0.01 0.01
0 0.896006 0.357690 0.01 0.01
0 0.909489 0.359375 0.01 0.01
0 0.911736 0.347015 0.01 0.01
0 0.910613 0.318926 0.01 0.01
0 0.925219 0.314431 0.01 0.01
0 0.935332 0.291959 0.01 0.01
0 0.920725 0.291397 0.01 0.01
0 0.934770 0.265555 0.01 0.01
0 0.934770 0.310499 0.01 0.01
0 0.937579 0.349824 0.01 0.01
0 0.943197 0.020416 0.01 0.01
0 0.966231 0.017045 0.01 0.01
0 0.947691 0.052438 0.01 0.01
0 0.944321 0.065921 0.01 0.01
0 0.933085 0.055809 0.01 0.01
0 0.934208 0.110865 0.01 0.01
0 0.951624 0.109180 0.01 0.01
0 0.958366 0.086708 0.01 0.01
0 0.947691 0.120977 0.01 0.01
0 0.960613 0.127157 0.01 0.01
0 0.949377 0.144573 0.01 0.01
0 0.935332 0.159741 0.01 0.01
0 0.949939 0.155809 0.01 0.01
0 0.979152 0.145697 0.01 0.01
0 0.982523 0.129966 0.01 0.01
0 0.980276 0.111989 0.01 0.01
0 0.983646 0.104124 0.01 0.01
0 0.984208 0.089517 0.01 0.01
0 0.985894 0.066483 0.01 0.01
0 0.983085 0.047944 0.01 0.01
0 0.986455 0.031652 0.01 0.01
0 1.008927 0.026034 0.01 0.01
0 1.022410 0.023225 0.01 0.01
0 1.013983 0.044011 0.01 0.01
0 1.008366 0.055809 0.01 0.01
0 1.007804 0.065359 0.01 0.01
0 0.990388 0.126595 0.01 0.01
0 0.996568 0.109180 0.01 0.01
0 1.015669 0.110303 0.01 0.01
0 1.007242 0.117045 0.01 0.01
0 1.002186 0.126595 0.01 0.01
0 1.006118 0.132775 0.01 0.01
0 1.017916 0.148506 0.01 0.01
0 1.015107 0.140640 0.01 0.01
0 0.990950 0.155247 0.01 0.01
0 0.993759 0.169292 0.01 0.01
0 0.975781 0.177157 0.01 0.01
0 0.959489 0.155247 0.01 0.01
0 0.969601 0.162550 0.01 0.01
0 0.970163 0.188955 0.01 0.01
0 0.939264 0.204124 0.01 0.01
0 0.955557 0.211989 0.01 0.01
0 0.983646 0.203000 0.01 0.01
0 0.994321 0.192888 0.01 0.01
0 0.979152 0.231090 0.01 0.01
0 0.953309 0.224910 0.01 0.01
0 0.954433 0.255809 0.01 0.01
0 0.942635 0.251876 0.01 0.01
0 0.949377 0.240079 0.01 0.01
0 1.018478 0.232775 0.01 0.01
0 1.024096 0.215359 0.01 0.01
0 1.033085 0.158056 0.01 0.01
0 1.000500 0.253562 0.01 0.01
0 1.036455 0.244573 0.01 0.01
0 1.050500 0.235584 0.01 0.01
0 1.031399 0.230528 0.01 0.01
0 1.057242 0.241202 0.01 0.01
0 1.046568 0.177719 0.01 0.01
0 1.059489 0.163674 0.01 0.01
0 1.064545 0.173786 0.01 0.01
0 1.075219 0.154685 0.01 0.01
0 1.065669 0.137831 0.01 0.01
0 1.069601 0.102438 0.01 0.01
0 1.068478 0.084461 0.01 0.01
0 1.050500 0.094573 0.01 0.01
0 1.037579 0.097382 0.01 0.01
0 1.024096 0.102438 0.01 0.01
0 1.016231 0.090640 0.01 0.01
0 1.020163 0.122663 0.01 0.01
0 1.037017 0.118168 0.01 0.01
0 1.049377 0.120977 0.01 0.01
0 1.061175 0.123225 0.01 0.01
0 1.083646 0.169292 0.01 0.01
0 1.058927 0.195135 0.01 0.01
0 1.035332 0.051876 0.01 0.01
0 1.031961 0.065921 0.01 0.01
0 1.024658 0.062550 0.01 0.01
0 1.056680 0.059741 0.01 0.01
0 1.051624 0.046820 0.01 0.01
0 1.041512 0.029966 0.01 0.01
0 1.058927 0.018168 0.01 0.01
0 1.054995 0.032213 0.01 0.01
0 1.082523 0.037831 0.01 0.01
0 1.062298 0.050191 0.01 0.01
0 1.080837 0.065921 0.01 0.01
0 1.101624 0.015359 0.01 0.01
0 1.103871 0.035022 0.01 0.01
0 1.106118 0.066483 0.01 0.01
0 1.076343 0.055809 0.01 0.01
0 1.115669 0.042888 0.01 0.01
0 1.092635 0.097382 0.01 0.01
0 1.083646 0.105247 0.01 0.01
0 1.102186 0.123225 0.01 0.01
0 1.094321 0.113112 0.01 0.01
0 1.104433 0.106932 0.01 0.01
0 1.122972 0.065921 0.01 0.01
0 1.132523 0.089517 0.01 0.01
0 1.121849 0.097382 0.01 0.01
0 1.150500 0.014236 0.01 0.01
0 1.132523 0.028281 0.01 0.01
0 1.124658 0.014798 0.01 0.01
0 1.126905 0.033899 0.01 0.01
0 1.149939 0.063674 0.01 0.01
0 1.152186 0.054124 0.01 0.01
0 1.166792 0.022101 0.01 0.01
0 1.185894 0.006371 0.01 0.01
0 1.188703 0.022101 0.01 0.01
0 1.171849 0.055809 0.01 0.01
0 1.172972 0.071539 0.01 0.01
0 1.157242 0.087831 0.01 0.01
0 1.144321 0.106371 0.01 0.01
0 1.157804 0.106371 0.01 0.01
0 1.166792 0.111427 0.01 0.01
0 1.228590 0.014798 0.01 0.01
0 1.249939 0.023786 0.01 0.01
0 1.272972 0.013112 0.01 0.01
0 1.235332 0.050753 0.01 0.01
0 1.252186 0.061989 0.01 0.01
0 1.248815 0.082775 0.01 0.01
0 1.229714 0.076034 0.01 0.01
0 1.235894 0.071539 0.01 0.01
0 1.211736 0.075472 0.01 0.01
0 1.192635 0.060303 0.01 0.01
0 1.189826 0.039517 0.01 0.01
0 1.194882 0.089517 0.01 0.01
0 1.180837 0.095697 0.01 0.01
0 1.270725 0.101315 0.01 0.01
0 1.248253 0.110303 0.01 0.01
0 1.228590 0.117045 0.01 0.01
0 1.237017 0.111427 0.01 0.01
0 1.222410 0.127157 0.01 0.01
0 1.198815 0.117045 0.01 0.01
0 1.214545 0.113112 0.01 0.01
0 1.208927 0.136708 0.01 0.01
0 1.174658 0.140640 0.01 0.01
0 1.160613 0.150191 0.01 0.01
0 1.151624 0.141764 0.01 0.01
0 1.124658 0.135022 0.01 0.01
0 1.123534 0.126595 0.01 0.01
0 1.108927 0.135022 0.01 0.01
0 1.135894 0.122101 0.01 0.01
0 1.137017 0.134461 0.01 0.01
0 1.169601 0.131652 0.01 0.01
0 1.140950 0.163112 0.01 0.01
0 1.117354 0.165921 0.01 0.01
0 1.110613 0.155809 0.01 0.01
0 1.106118 0.146258 0.01 0.01
0 1.085894 0.133899 0.01 0.01
0 1.123534 0.178281 0.01 0.01
0 1.115107 0.187270 0.01 0.01
0 1.101062 0.194011 0.01 0.01
0 1.104995 0.217607 0.01 0.01
0 1.083646 0.208618 0.01 0.01
0 1.066231 0.196820 0.01 0.01
0 1.074658 0.201876 0.01 0.01
0 1.084770 0.242888 0.01 0.01
0 1.091512 0.230528 0.01 0.01
0 1.124096 0.222663 0.01 0.01
0 1.119040 0.241202 0.01 0.01
0 1.104995 0.245697 0.01 0.01
0 1.108927 0.259741 0.01 0.01
0 1.131399 0.211427 0.01 0.01
0 1.130276 0.191764 0.01 0.01
0 1.111736 0.211427 0.01 0.01
0 1.181399 0.206932 0.01 0.01
0 1.162298 0.246820 0.01 0.01
0 1.155557 0.223786 0.01 0.01
0 1.151624 0.235022 0.01 0.01
0 1.175219 0.231652 0.01 0.01
0 1.172972 0.224348 0.01 0.01
0 1.201062 0.195697 0.01 0.01
0 1.198815 0.213674 0.01 0.01
0 1.175781 0.259741 0.01 0.01
0 1.192635 0.234461 0.01 0.01
0 1.208366 0.249629 0.01 0.01
0 1.204433 0.260303 0.01 0.01
0 1.221849 0.255809 0.01 0.01
0 1.239826 0.256371 0.01 0.01
0 1.228028 0.243449 0.01 0.01
0 1.210613 0.214798 0.01 0.01
0 1.221849 0.208056 0.01 0.01
0 1.213983 0.188955 0.01 0.01
0 1.187017 0.190079 0.01 0.01
0 1.180837 0.159741 0.01 0.01
0 1.189826 0.149629 0.01 0.01
0 1.180276 0.127157 0.01 0.01
0 1.207242 0.126595 0.01 0.01
0 1.243197 0.136708 0.01 0.01
0 1.274096 0.132775 0.01 0.01
0 1.256118 0.138393 0.01 0.01
0 1.256680 0.148506 0.01 0.01
0 1.208927 0.175472 0.01 0.01
0 1.222410 0.179404 0.01 0.01
0 1.237017 0.182775 0.01 0.01
0 1.235332 0.169292 0.01 0.01
0 1.213983 0.153562 0.01 0.01
0 1.215107 0.165359 0.01 0.01
0 1.206118 0.161427 0.01 0.01
0 1.256680 0.161989 0.01 0.01
0 1.260051 0.182775 0.01 0.01
0 1.272410 0.182213 0.01 0.01
0 1.233085 0.213674 0.01 0.01
0 1.247130 0.227157 0.01 0.01
0 1.274658 0.253562 0.01 0.01
0 1.282663 0.195837 0.01 0.01
0 1.296146 0.189095 0.01 0.01
0 1.285753 0.141062 0.01 0.01
0 1.309068 0.144994 0.01 0.01
0 1.300641 0.146399 0.01 0.01
0 1.288562 0.162410 0.01 0.01
0 1.313281 0.159882 0.01 0.01
0 1.317495 0.182635 0.01 0.01
0 1.296708 0.177859 0.01 0.01
0 1.305135 0.187691 0.01 0.01
0 1.303450 0.209039 0.01 0.01
0 1.284068 0.221961 0.01 0.01
0 1.270304 0.209882 0.01 0.01
0 1.309349 0.219994 0.01 0.01
0 1.316371 0.231511 0.01 0.01
0 1.341652 0.222241 0.01 0.01
0 1.347270 0.235725 0.01 0.01
0 1.349236 0.208197 0.01 0.01
0 1.338281 0.189938 0.01 0.01
0 1.332101 0.172241 0.01 0.01
0 1.341371 0.141062 0.01 0.01
0 1.354012 0.145556 0.01 0.01
0 1.360191 0.173927 0.01 0.01
0 1.300922 0.247522 0.01 0.01
0 1.309910 0.127298 0.01 0.01
0 1.296568 0.027719 0.01 0.01
0 1.285332 0.050191 0.01 0.01
0 1.312298 0.058056 0.01 0.01
0 1.315107 0.041764 0.01 0.01
0 1.344882 0.018730 0.01 0.01
0 1.383085 0.036146 0.01 0.01
0 1.365107 0.065921 0.01 0.01
0 1.334208 0.057494 0.01 0.01
0 1.337017 0.086708 0.01 0.01
0 1.316792 0.090640 0.01 0.01
0 1.287579 0.105247 0.01 0.01
0 1.334770 0.106932 0.01 0.01
0 1.301062 0.101315 0.01 0.01
0 1.360613 0.113112 0.01 0.01
0 1.379714 0.103000 0.01 0.01
0 1.395444 0.086708 0.01 0.01
0 1.422972 0.088393 0.01 0.01
0 1.413422 0.093449 0.01 0.01
0 1.411736 0.027157 0.01 0.01
0 1.452186 0.019854 0.01 0.01
0 1.471849 0.022101 0.01 0.01
0 1.497691 0.028843 0.01 0.01
0 1.522410 0.023786 0.01 0.01
0 1.546006 0.016483 0.01 0.01
0 1.586455 0.024348 0.01 0.01
0 1.542635 0.054124 0.01 0.01
0 1.515669 0.066483 0.01 0.01
0 1.524658 0.051876 0.01 0.01
0 1.498815 0.058056 0.01 0.01
0 1.512298 0.049629 0.01 0.01
0 1.480837 0.054685 0.01 0.01
0 1.453309 0.066483 0.01 0.01
0 1.485894 0.090640 0.01 0.01
0 1.364545 0.126034 0.01 0.01
0 1.387579 0.123225 0.01 0.01
0 1.384208 0.137831 0.01 0.01
0 1.373534 0.133899 0.01 0.01
0 1.398253 0.127719 0.01 0.01
0 1.430276 0.127719 0.01 0.01
0 1.434770 0.113112 0.01 0.01
0 1.447691 0.117045 0.01 0.01
0 1.404995 0.143449 0.01 0.01
0 1.394321 0.143449 0.01 0.01
0 1.403871 0.201876 0.01 0.01
0 1.401624 0.187831 0.01 0.01
0 1.367354 0.182775 0.01 0.01
0 1.436455 0.153562 0.01 0.01
0 1.453309 0.149629 0.01 0.01
0 1.454995 0.167607 0.01 0.01
0 1.444882 0.162550 0.01 0.01
0 1.438141 0.185022 0.01 0.01
0 1.422410 0.176034 0.01 0.01
0 1.407242 0.162550 0.01 0.01
0 1.418478 0.163674 0.01 0.01
0 1.378028 0.183899 0.01 0.01
0 1.365107 0.235022 0.01 0.01
0 1.394321 0.227157 0.01 0.01
0 1.379714 0.235022 0.01 0.01
0 1.430276 0.226595 0.01 0.01
0 1.422972 0.228843 0.01 0.01
0 1.435894 0.239517 0.01 0.01
0 1.439264 0.252438 0.01 0.01
0 1.403871 0.224910 0.01 0.01
0 1.388703 0.194011 0.01 0.01
0 1.463422 0.183337 0.01 0.01
0 1.437017 0.203562 0.01 0.01
0 1.442635 0.216483 0.01 0.01
0 1.452748 0.197944 0.01 0.01
0 1.449939 0.217045 0.01 0.01
0 1.457242 0.231652 0.01 0.01
0 1.473534 0.243449 0.01 0.01
0 1.476343 0.170416 0.01 0.01
0 1.489826 0.141764 0.01 0.01
0 1.490388 0.115921 0.01 0.01
0 1.478028 0.128843 0.01 0.01
0 1.472972 0.110865 0.01 0.01
0 1.458366 0.122101 0.01 0.01
0 1.461736 0.127157 0.01 0.01
0 1.462860 0.141764 0.01 0.01
0 1.529152 0.087831 0.01 0.01
0 1.544321 0.072101 0.01 0.01
0 1.582523 0.065921 0.01 0.01
0 1.514545 0.113112 0.01 0.01
0 1.507804 0.104124 0.01 0.01
0 1.549939 0.095135 0.01 0.01
0 1.547691 0.107494 0.01 0.01
0 1.558366 0.105247 0.01 0.01
0 1.548253 0.102438 0.01 0.01
0 1.572972 0.105247 0.01 0.01
0 1.592073 0.107494 0.01 0.01
0 1.559489 0.115359 0.01 0.01
0 1.553871 0.140640 0.01 0.01
0 1.563983 0.134461 0.01 0.01
0 1.585332 0.133899 0.01 0.01
0 1.575219 0.135022 0.01 0.01
0 1.575219 0.120977 0.01 0.01
0 1.566231 0.120977 0.01 0.01
0 1.540388 0.127157 0.01 0.01
0 1.537017 0.118730 0.01 0.01
0 1.528590 0.113112 0.01 0.01
0 1.513983 0.129966 0.01 0.01
0 1.492635 0.126034 0.01 0.01
0 1.504433 0.117045 0.01 0.01
0 1.493197 0.170977 0.01 0.01
0 1.518478 0.144573 0.01 0.01
0 1.530837 0.128843 0.01 0.01
0 1.535332 0.142326 0.01 0.01
0 1.538703 0.155247 0.01 0.01
0 1.551624 0.166483 0.01 0.01
0 1.529152 0.168168 0.01 0.01
0 1.507242 0.178843 0.01 0.01
0 1.533646 0.178281 0.01 0.01
0 1.535894 0.192888 0.01 0.01
0 1.517916 0.197944 0.01 0.01
0 1.517916 0.188955 0.01 0.01
0 1.502748 0.195135 0.01 0.01
0 1.495444 0.196820 0.01 0.01
0 1.481399 0.215359 0.01 0.01
0 1.486455 0.235022 0.01 0.01
0 1.505557 0.211989 0.01 0.01
0 1.525219 0.221539 0.01 0.01
0 1.529714 0.207494 0.01 0.01
0 1.528590 0.242888 0.01 0.01
0 1.550500 0.242888 0.01 0.01
0 1.572410 0.244573 0.01 0.01
0 1.560613 0.209180 0.01 0.01
0 1.551624 0.183899 0.01 0.01
0 1.563983 0.182775 0.01 0.01
0 1.573534 0.174910 0.01 0.01
0 1.586455 0.187831 0.01 0.01
0 1.597130 0.165921 0.01 0.01
0 1.589264 0.169292 0.01 0.01
0 1.587017 0.161427 0.01 0.01
0 1.560613 0.150191 0.01 0.01
0 1.556118 0.229404 0.01 0.01
0 1.587579 0.254685 0.01 0.01
0 1.498113 0.215500 0.01 0.01
0 1.498955 0.228983 0.01 0.01
0 1.505135 0.238253 0.01 0.01
0 1.474798 0.205668 0.01 0.01
0 1.459068 0.257073 0.01 0.01
0 1.450922 0.271118 0.01 0.01
0 1.468899 0.267466 0.01 0.01
0 1.510191 0.263534 0.01 0.01
0 1.493899 0.265500 0.01 0.01
0 1.525922 0.269713 0.01 0.01
0 1.559910 0.270556 0.01 0.01
0 1.508787 0.258197 0.01 0.01
0 1.572410 0.206061 0.01 0.01
0 1.574096 0.216174 0.01 0.01
0 1.580276 0.286398 0.01 0.01
0 1.540388 0.279095 0.01 0.01
0 1.511736 0.283028 0.01 0.01
0 1.507804 0.274601 0.01 0.01
0 1.515669 0.269544 0.01 0.01
0 1.470725 0.295949 0.01 0.01
0 1.459489 0.290331 0.01 0.01
0 1.428028 0.283028 0.01 0.01
0 1.422410 0.257747 0.01 0.01
0 1.408927 0.271230 0.01 0.01
0 1.379714 0.259432 0.01 0.01
0 1.349377 0.259994 0.01 0.01
0 1.317916 0.265612 0.01 0.01
0 1.307242 0.263926 0.01 0.01
0 1.285894 0.245949 0.01 0.01
0 1.275219 0.240331 0.01 0.01
0 1.268478 0.227410 0.01 0.01
0 0.971287 0.347577 0.01 0.01
0 0.949939 0.328476 0.01 0.01
0 0.962298 0.326791 0.01 0.01
0 0.980837 0.330723 0.01 0.01
0 0.951062 0.341959 0.01 0.01
0 0.946006 0.363869 0.01 0.01
0 0.940950 0.378476 0.01 0.01
0 0.953309 0.389712 0.01 0.01
0 0.967354 0.380162 0.01 0.01
0 0.967916 0.362746 0.01 0.01
0 1.008366 0.353757 0.01 0.01
0 1.002186 0.329038 0.01 0.01
0 1.043197 0.335218 0.01 0.01
0 1.054433 0.334656 0.01 0.01
0 1.035332 0.329038 0.01 0.01
0 1.027467 0.362184 0.01 0.01
0 1.046568 0.354881 0.01 0.01
0 1.038141 0.348701 0.01 0.01
0 1.018478 0.356566 0.01 0.01
0 0.996568 0.381847 0.01 0.01
0 0.980276 0.410499 0.01 0.01
0 0.950500 0.414993 0.01 0.01
0 0.946568 0.438027 0.01 0.01
0 0.934208 0.460499 0.01 0.01
0 0.973534 0.448701 0.01 0.01
0 0.966231 0.443645 0.01 0.01
0 0.999377 0.421173 0.01 0.01
0 0.989264 0.427353 0.01 0.01
0 1.035332 0.376229 0.01 0.01
0 1.047691 0.379600 0.01 0.01
0 1.070163 0.341959 0.01 0.01
0 1.082523 0.359937 0.01 0.01
0 1.076905 0.385218 0.01 0.01
0 1.083085 0.404319 0.01 0.01
0 1.065669 0.411622 0.01 0.01
0 1.047691 0.427914 0.01 0.01
0 1.033646 0.415555 0.01 0.01
0 0.995444 0.466117 0.01 0.01
0 0.982523 0.455442 0.01 0.01
0 1.010051 0.470049 0.01 0.01
0 1.028590 0.470049 0.01 0.01
0 1.015669 0.488027 0.01 0.01
0 1.002748 0.508813 0.01 0.01
0 0.961175 0.517802 0.01 0.01
0 0.982523 0.509937 0.01 0.01
0 0.957804 0.475105 0.01 0.01
0 0.972410 0.535218 0.01 0.01
0 0.948253 0.537465 0.01 0.01
0 0.970163 0.558813 0.01 0.01
0 1.027467 0.554319 0.01 0.01
0 0.998815 0.550948 0.01 0.01
0 1.024096 0.534656 0.01 0.01
0 1.035894 0.508813 0.01 0.01
0 1.065107 0.508813 0.01 0.01
0 1.068478 0.490274 0.01 0.01
0 1.072410 0.462184 0.01 0.01
0 1.092073 0.482409 0.01 0.01
0 1.101624 0.363869 0.01 0.01
0 1.098253 0.346454 0.01 0.01
0 1.094321 0.334094 0.01 0.01
0 1.110613 0.323982 0.01 0.01
0 1.129714 0.331847 0.01 0.01
0 1.149939 0.336903 0.01 0.01
0 1.158927 0.353757 0.01 0.01
0 1.139826 0.370049 0.01 0.01
0 1.137017 0.358813 0.01 0.01
0 1.113983 0.362746 0.01 0.01
0 1.105557 0.377353 0.01 0.01
0 1.110613 0.429038 0.01 0.01
0 1.109489 0.457690 0.01 0.01
0 1.122972 0.471173 0.01 0.01
0 1.147130 0.414993 0.01 0.01
0 1.142635 0.395330 0.01 0.01
0 1.172410 0.440836 0.01 0.01
0 1.151624 0.439150 0.01 0.01
0 1.151062 0.477353 0.01 0.01
0 1.125219 0.442521 0.01 0.01
0 1.150500 0.461622 0.01 0.01
0 1.175781 0.495892 0.01 0.01
0 1.107242 0.532971 0.01 0.01
0 1.075781 0.558813 0.01 0.01
0 1.066231 0.583532 0.01 0.01
0 1.075781 0.583532 0.01 0.01
0 1.119601 0.580162 0.01 0.01
0 1.138141 0.578476 0.01 0.01
0 1.162298 0.550948 0.01 0.01
0 1.180837 0.523982 0.01 0.01
0 1.199939 0.516678 0.01 0.01
0 1.204995 0.562746 0.01 0.01
0 1.176343 0.582971 0.01 0.01
0 1.238141 0.519487 0.01 0.01
0 1.222972 0.523982 0.01 0.01
0 1.225781 0.494768 0.01 0.01
0 1.226343 0.460499 0.01 0.01
0 1.236455 0.444768 0.01 0.01
0 1.227467 0.395892 0.01 0.01
0 1.231961 0.350948 0.01 0.01
0 1.238703 0.363869 0.01 0.01
0 1.211736 0.381847 0.01 0.01
0 1.203871 0.398701 0.01 0.01
0 1.193759 0.414431 0.01 0.01
0 1.162860 0.375667 0.01 0.01
0 1.176905 0.365555 0.01 0.01
0 1.201062 0.346454 0.01 0.01
0 1.219601 0.338027 0.01 0.01
0 1.233085 0.331285 0.01 0.01
0 1.172410 0.323982 0.01 0.01
0 1.189264 0.380162 0.01 0.01
0 1.197130 0.387465 0.01 0.01
0 1.171287 0.377914 0.01 0.01
0 1.169040 0.420049 0.01 0.01
0 1.212298 0.421173 0.01 0.01
0 1.263422 0.405442 0.01 0.01
0 1.251624 0.419487 0.01 0.01
0 1.306680 0.390274 0.01 0.01
0 1.279714 0.435779 0.01 0.01
0 1.271849 0.421173 0.01 0.01
0 1.301062 0.453757 0.01 0.01
0 1.304995 0.482409 0.01 0.01
0 1.280837 0.471173 0.01 0.01
0 1.273534 0.485218 0.01 0.01
0 1.260613 0.473982 0.01 0.01
0 1.264545 0.455442 0.01 0.01
0 1.263983 0.506004 0.01 0.01
0 1.247130 0.490274 0.01 0.01
0 1.227467 0.527353 0.01 0.01
0 1.299939 0.570611 0.01 0.01
0 1.225781 0.556004 0.01 0.01
0 0.967354 0.281285 0.01 0.01
0 0.981961 0.284094 0.01 0.01
0 0.972410 0.272296 0.01 0.01
0 0.985894 0.270611 0.01 0.01
0 0.996568 0.265555 0.01 0.01
0 1.015107 0.247015 0.01 0.01
0 1.025219 0.276229 0.01 0.01
0 1.033085 0.280162 0.01 0.01
0 1.025219 0.295892 0.01 0.01
0 1.003871 0.290836 0.01 0.01
0 0.994321 0.297577 0.01 0.01
0 0.995444 0.285218 0.01 0.01
0 0.999377 0.315555 0.01 0.01
0 1.070163 0.284094 0.01 0.01
0 1.054433 0.284094 0.01 0.01
0 1.048815 0.310499 0.01 0.01
0 1.052748 0.297015 0.01 0.01
0 1.064545 0.317240 0.01 0.01
0 1.094882 0.313869 0.01 0.01
0 1.097130 0.302072 0.01 0.01
0 1.090388 0.284094 0.01 0.01
0 1.106118 0.288027 0.01 0.01
0 1.115107 0.269487 0.01 0.01
0 1.125781 0.274544 0.01 0.01
0 1.131961 0.297015 0.01 0.01
0 1.121287 0.291959 0.01 0.01
0 1.142635 0.288027 0.01 0.01
0 1.149939 0.289150 0.01 0.01
0 1.148253 0.276229 0.01 0.01
0 1.166231 0.271173 0.01 0.01
0 1.184208 0.277353 0.01 0.01
0 1.196568 0.284094 0.01 0.01
0 1.190388 0.295892 0.01 0.01
0 1.199939 0.309375 0.01 0.01
0 1.213983 0.310499 0.01 0.01
0 1.239264 0.293083 0.01 0.01
0 1.174096 0.302072 0.01 0.01
0 1.021849 0.328476 0.01 0.01
0 1.154433 0.315555 0.01 0.01
0 1.187017 0.340274 0.01 0.01
0 1.316231 0.307690 0.01 0.01
0 1.283085 0.288027 0.01 0.01
0 1.270725 0.280162 0.01 0.01
0 1.253871 0.307128 0.01 0.01
0 1.268478 0.302072 0.01 0.01
0 1.265669 0.327914 0.01 0.01
0 1.279152 0.327914 0.01 0.01
0 1.274096 0.345892 0.01 0.01
0 1.324658 0.359937 0.01 0.01
0 1.328590 0.339712 0.01 0.01
0 1.342635 0.334094 0.01 0.01
0 1.342073 0.320049 0.01 0.01
0 1.347130 0.308251 0.01 0.01
0 1.342073 0.302072 0.01 0.01
0 1.342635 0.287465 0.01 0.01
0 1.328590 0.286903 0.01 0.01
0 1.343197 0.276229 0.01 0.01
0 1.370725 0.297015 0.01 0.01
0 1.389826 0.298139 0.01 0.01
0 1.383085 0.321735 0.01 0.01
0 1.369040 0.323982 0.01 0.01
0 1.363422 0.344768 0.01 0.01
0 1.383085 0.364431 0.01 0.01
0 1.372972 0.349824 0.01 0.01
0 1.389264 0.350948 0.01 0.01
0 1.353871 0.366678 0.01 0.01
0 1.355557 0.354881 0.01 0.01
0 1.338141 0.394206 0.01 0.01
0 1.347130 0.389150 0.01 0.01
0 1.360613 0.390836 0.01 0.01
0 1.329152 0.438588 0.01 0.01
0 1.326343 0.468926 0.01 0.01
0 1.376343 0.433532 0.01 0.01
0 1.377467 0.406004 0.01 0.01
0 1.378028 0.388027 0.01 0.01
0 1.404433 0.345892 0.01 0.01
0 1.411736 0.353757 0.01 0.01
0 1.421287 0.342521 0.01 0.01
0 1.403309 0.362746 0.01 0.01
0 1.441512 0.389150 0.01 0.01
0 1.435894 0.377353 0.01 0.01
0 1.447130 0.359375 0.01 0.01
0 1.402186 0.426229 0.01 0.01
0 1.407804 0.449263 0.01 0.01
0 1.381399 0.470049 0.01 0.01
0 1.414545 0.468926 0.01 0.01
0 1.422972 0.441959 0.01 0.01
0 1.438141 0.437465 0.01 0.01
0 1.469601 0.430162 0.01 0.01
0 1.484208 0.438588 0.01 0.01
0 1.478590 0.459375 0.01 0.01
0 1.448815 0.472858 0.01 0.01
0 1.429714 0.497015 0.01 0.01
0 1.409489 0.499263 0.01 0.01
0 1.392635 0.511622 0.01 0.01
0 1.458927 0.508813 0.01 0.01
0 1.490388 0.483532 0.01 0.01
0 1.469040 0.485779 0.01 0.01
0 1.422972 0.481285 0.01 0.01
0 1.504433 0.433532 0.01 0.01
0 1.501624 0.409937 0.01 0.01
0 1.479152 0.394206 0.01 0.01
0 1.485332 0.372296 0.01 0.01
0 1.466231 0.353757 0.01 0.01
0 1.457242 0.322296 0.01 0.01
0 1.443197 0.316678 0.01 0.01
0 1.421287 0.307690 0.01 0.01
0 1.408366 0.311060 0.01 0.01
0 1.507804 0.317802 0.01 0.01
0 1.488703 0.291397 0.01 0.01
0 1.481961 0.282971 0.01 0.01
0 1.529152 0.316117 0.01 0.01
0 1.548253 0.308251 0.01 0.01
0 1.546568 0.323982 0.01 0.01
0 1.531399 0.334656 0.01 0.01
0 1.519040 0.338027 0.01 0.01
0 1.487017 0.343645 0.01 0.01
0 1.480837 0.332409 0.01 0.01
0 1.470725 0.320611 0.01 0.01
0 1.502748 0.362746 0.01 0.01
0 1.526905 0.363308 0.01 0.01
0 1.562298 0.347015 0.01 0.01
0 1.584208 0.320611 0.01 0.01
0 1.580276 0.356566 0.01 0.01
0 1.570725 0.345892 0.01 0.01
0 1.580837 0.391397 0.01 0.01
0 1.567354 0.384094 0.01 0.01
0 1.584770 0.369487 0.01 0.01
0 1.537017 0.382409 0.01 0.01
0 1.539826 0.402072 0.01 0.01
0 1.526905 0.435218 0.01 0.01
0 1.545444 0.432409 0.01 0.01
0 1.556118 0.418926 0.01 0.01
0 1.575219 0.434656 0.01 0.01
0 1.590950 0.445330 0.01 0.01
0 1.563983 0.462184 0.01 0.01
0 1.548815 0.449824 0.01 0.01
0 1.536455 0.452072 0.01 0.01
0 1.548253 0.489150 0.01 0.01
0 1.510051 0.480162 0.01 0.01
0 1.501062 0.466117 0.01 0.01
0 1.440950 0.480723 0.01 0.01
0 1.442073 0.505442 0.01 0.01
0 1.449377 0.524544 0.01 0.01
0 1.503309 0.511622 0.01 0.01
0 1.478590 0.516678 0.01 0.01
0 1.526343 0.479038 0.01 0.01
0 1.589826 0.499824 0.01 0.01
0 1.578590 0.492521 0.01 0.01
0 1.522972 0.506566 0.01 0.01
0 1.508927 0.400948 0.01 0.01
0 0.010332 0.554038 0.01 0.01
0 0.030557 0.554038 0.01 0.01
0 0.077748 0.569768 0.01 0.01
0 0.069882 0.549544 0.01 0.01
0 0.039545 0.585499 0.01 0.01
0 0.066512 0.616959 0.01 0.01
0 0.039545 0.636060 0.01 0.01
0 0.006961 0.636060 0.01 0.01
0 0.044040 0.612465 0.01 0.01
0 0.088983 0.595611 0.01 0.01
0 0.106961 0.577633 0.01 0.01
0 0.129433 0.566397 0.01 0.01
0 0.162017 0.565274 0.01 0.01
0 0.174377 0.537184 0.01 0.01
0 0.178871 0.549544 0.01 0.01
0 0.191231 0.566397 0.01 0.01
0 0.242916 0.558532 0.01 0.01
0 0.217073 0.585499 0.01 0.01
0 0.154152 0.583251 0.01 0.01
0 0.096849 0.634937 0.01 0.01
0 0.071006 0.658532 0.01 0.01
0 0.015950 0.672015 0.01 0.01
0 0.014826 0.715836 0.01 0.01
0 0.121568 0.628195 0.01 0.01
0 0.140669 0.619206 0.01 0.01
0 0.158646 0.620330 0.01 0.01
0 0.182242 0.619206 0.01 0.01
0 0.210332 0.616959 0.01 0.01
0 0.231680 0.619206 0.01 0.01
0 0.230557 0.596735 0.01 0.01
0 0.265388 0.603476 0.01 0.01
0 0.259770 0.627072 0.01 0.01
0 0.282242 0.569768 0.01 0.01
0 0.306961 0.583251 0.01 0.01
0 0.324939 0.557409 0.01 0.01
0 0.349658 0.561903 0.01 0.01
0 0.347410 0.522577 0.01 0.01
0 0.397972 0.523701 0.01 0.01
0 0.420444 0.541678 0.01 0.01
0 0.442916 0.529319 0.01 0.01
0 0.471006 0.525948 0.01 0.01
0 0.479995 0.506847 0.01 0.01
0 0.501343 0.522577 0.01 0.01
0 0.562017 0.522577 0.01 0.01
0 0.537298 0.525948 0.01 0.01
0 0.526062 0.557409 0.01 0.01
0 0.488983 0.554038 0.01 0.01
0 0.467635 0.549544 0.01 0.01
0 0.449658 0.577633 0.01 0.01
0 0.448534 0.555162 0.01 0.01
0 0.412579 0.572015 0.01 0.01
0 0.341792 0.585499 0.01 0.01
0 0.311455 0.609094 0.01 0.01
0 0.253028 0.656285 0.01 0.01
0 0.163141 0.650667 0.01 0.01
0 0.192354 0.672015 0.01 0.01
0 0.235051 0.675386 0.01 0.01
0 0.145163 0.664150 0.01 0.01
0 0.117073 0.672015 0.01 0.01
0 0.081118 0.682128 0.01 0.01
0 0.076624 0.725948 0.01 0.01
0 0.301343 0.648420 0.01 0.01
0 0.329433 0.627072 0.01 0.01
0 0.350781 0.654038 0.01 0.01
0 0.330557 0.682128 0.01 0.01
0 0.345163 0.677633 0.01 0.01
0 0.266512 0.698982 0.01 0.01
0 0.286736 0.676510 0.01 0.01
0 0.193478 0.700105 0.01 0.01
0 0.167635 0.675386 0.01 0.01
0 0.162017 0.689993 0.01 0.01
0 0.124939 0.689993 0.01 0.01
0 0.103590 0.697858 0.01 0.01
0 0.109208 0.737184 0.01 0.01
0 0.148534 0.713588 0.01 0.01
0 0.173253 0.718083 0.01 0.01
0 0.144040 0.755162 0.01 0.01
0 0.159770 0.737184 0.01 0.01
0 0.193478 0.725948 0.01 0.01
0 0.244040 0.725948 0.01 0.01
0 0.228309 0.754038 0.01 0.01
0 0.293478 0.738308 0.01 0.01
0 0.268759 0.732690 0.01 0.01
0 0.340669 0.725948 0.01 0.01
0 0.318197 0.716959 0.01 0.01
0 0.356399 0.700105 0.01 0.01
0 0.331680 0.757409 0.01 0.01
0 0.310332 0.768645 0.01 0.01
0 0.282242 0.789993 0.01 0.01
0 0.237298 0.797858 0.01 0.01
0 0.182242 0.778757 0.01 0.01
0 0.130557 0.804600 0.01 0.01
0 0.042916 0.778757 0.01 0.01
0 0.030557 0.740555 0.01 0.01
0 0.009208 0.749544 0.01 0.01
0 0.019321 0.805723 0.01 0.01
0 0.055276 0.837184 0.01 0.01
0 0.041792 0.900105 0.01 0.01
0 0.185613 0.860779 0.01 0.01
0 0.249658 0.852914 0.01 0.01
0 0.324939 0.821454 0.01 0.01
0 0.390107 0.833813 0.01 0.01
0 0.402467 0.773139 0.01 0.01
0 0.377748 0.737184 0.01 0.01
0 0.402467 0.734937 0.01 0.01
0 0.412579 0.703476 0.01 0.01
0 0.395725 0.682128 0.01 0.01
0 0.405837 0.659656 0.01 0.01
0 0.390107 0.634937 0.01 0.01
0 0.376624 0.614712 0.01 0.01
0 0.408085 0.596735 0.01 0.01
0 0.414826 0.632690 0.01 0.01
0 0.428309 0.669768 0.01 0.01
0 0.444040 0.677633 0.01 0.01
0 0.458646 0.666397 0.01 0.01
0 0.465388 0.628195 0.01 0.01
0 0.492354 0.614712 0.01 0.01
0 0.472130 0.611341 0.01 0.01
0 0.488983 0.579881 0.01 0.01
0 0.511455 0.588869 0.01 0.01
0 0.527186 0.575386 0.01 0.01
0 0.537298 0.593364 0.01 0.01
0 0.513703 0.611341 0.01 0.01
0 0.526062 0.654038 0.01 0.01
0 0.526062 0.634937 0.01 0.01
0 0.497972 0.642802 0.01 0.01
0 0.505837 0.664150 0.01 0.01
0 0.462017 0.687746 0.01 0.01
0 0.441792 0.721454 0.01 0.01
0 0.484489 0.729319 0.01 0.01
0 0.501343 0.742802 0.01 0.01
0 0.460894 0.794487 0.01 0.01
0 0.437298 0.778757 0.01 0.01
0 0.436175 0.752914 0.01 0.01
0 0.336175 0.796735 0.01 0.01
0 0.318197 0.873139 0.01 0.01
0 0.333927 0.841678 0.01 0.01
0 0.212579 0.923701 0.01 0.01
0 0.088983 0.805723 0.01 0.01
0 0.485613 0.693364 0.01 0.01
0 0.515950 0.707971 0.01 0.01
0 0.573253 0.648420 0.01 0.01
0 0.566512 0.595611 0.01 0.01
0 0.562017 0.577633 0.01 0.01
0 0.573253 0.572015 0.01 0.01
0 0.603590 0.595611 0.01 0.01
0 0.595725 0.581004 0.01 0.01
0 0.595725 0.533813 0.01 0.01
0 0.605837 0.506847 0.01 0.01
0 0.627186 0.529319 0.01 0.01
0 0.651905 0.538308 0.01 0.01
0 0.666512 0.519206 0.01 0.01
0 0.727186 0.484375 0.01 0.01
0 0.739545 0.495611 0.01 0.01
0 0.722691 0.513588 0.01 0.01
0 0.777748 0.500105 0.01 0.01
0 0.796849 0.492240 0.01 0.01
0 0.763141 0.529319 0.01 0.01
0 0.783366 0.530442 0.01 0.01
0 0.700219 0.554038 0.01 0.01
0 0.712579 0.530442 0.01 0.01
0 0.701343 0.533813 0.01 0.01
0 0.682242 0.533813 0.01 0.01
0 0.705837 0.507971 0.01 0.01
0 0.769882 0.559656 0.01 0.01
0 0.708085 0.595611 0.01 0.01
0 0.677748 0.612465 0.01 0.01
0 0.659770 0.611341 0.01 0.01
0 0.648534 0.575386 0.01 0.01
0 0.632804 0.565274 0.01 0.01
0 0.619321 0.611341 0.01 0.01
0 0.632804 0.656285 0.01 0.01
0 0.608085 0.634937 0.01 0.01
0 0.691231 0.645049 0.01 0.01
0 0.668759 0.651791 0.01 0.01
0 0.726062 0.648420 0.01 0.01
0 0.785613 0.614712 0.01 0.01
0 0.785613 0.583251 0.01 0.01
0 0.772130 0.601229 0.01 0.01
0 0.742916 0.604600 0.01 0.01
0 0.721568 0.561903 0.01 0.01
0 0.792354 0.648420 0.01 0.01
0 0.759770 0.646173 0.01 0.01
0 0.749658 0.675386 0.01 0.01
0 0.709208 0.695611 0.01 0.01
0 0.697972 0.713588 0.01 0.01
0 0.658646 0.711341 0.01 0.01
0 0.662017 0.672015 0.01 0.01
0 0.641792 0.687746 0.01 0.01
0 0.594601 0.679881 0.01 0.01
0 0.611455 0.692240 0.01 0.01
0 0.592354 0.772015 0.01 0.01
0 0.497972 0.792240 0.01 0.01
0 0.635051 0.752914 0.01 0.01
0 0.700219 0.740555 0.01 0.01
0 0.538422 0.792240 0.01 0.01
0 0.763141 0.711341 0.01 0.01
0 0.767635 0.691117 0.01 0.01
0 0.740669 0.725948 0.01 0.01
0 0.791231 0.701229 0.01 0.01
0 0.773253 0.672015 0.01 0.01
0 0.656399 0.820330 0.01 0.01
0 0.562017 0.832690 0.01 0.01
0 0.557523 0.892240 0.01 0.01
0 0.495725 0.916959 0.01 0.01
0 0.485613 0.848420 0.01 0.01
0 0.444040 0.900105 0.01 0.01
0 0.388983 0.902353 0.01 0.01
0 0.322691 0.923701 0.01 0.01
0 0.091231 0.872015 0.01 0.01
0 0.662017 0.875386 0.01 0.01
0 0.715950 0.837184 0.01 0.01
0 0.051343 0.971454 0.01 0.01
0 0.118759 0.971454 0.01 0.01
0 0.085051 1.052353 0.01 0.01
0 0.118759 0.919768 0.01 0.01
0 0.368197 0.980442 0.01 0.01
0 0.329995 1.047858 0.01 0.01
0 0.435613 0.953476 0.01 0.01
0 0.538983 1.005162 0.01 0.01
0 0.635613 0.937746 0.01 0.01
0 0.642354 0.969206 0.01 0.01
0 0.676062 1.052353 0.01 0.01
0 0.801905 0.996173 0.01 0.01
0 0.891792 0.957971 0.01 0.01
0 0.959208 1.016397 0.01 0.01
0 0.772691 0.924263 0.01 0.01
0 0.810894 0.845611 0.01 0.01
0 0.817635 0.778195 0.01 0.01
0 0.806399 0.728757 0.01 0.01
0 0.822130 0.679319 0.01 0.01
0 0.808646 0.654600 0.01 0.01
0 0.808646 0.607409 0.01 0.01
0 0.831118 0.580442 0.01 0.01
0 0.810894 0.564712 0.01 0.01
0 0.808646 0.513027 0.01 0.01
0 0.853590 0.486060 0.01 0.01
0 0.837860 0.470330 0.01 0.01
0 0.869321 0.481566 0.01 0.01
0 0.890107 0.475386 0.01 0.01
0 0.910332 0.506847 0.01 0.01
0 0.894601 0.512465 0.01 0.01
0 0.869882 0.515836 0.01 0.01
0 0.855276 0.510218 0.01 0.01
0 0.841792 0.520330 0.01 0.01
0 0.856399 0.546173 0.01 0.01
0 0.830557 0.546173 0.01 0.01
0 0.885613 0.551791 0.01 0.01
0 0.915950 0.536060 0.01 0.01
0 0.915950 0.567521 0.01 0.01
0 0.865388 0.614712 0.01 0.01
0 0.853028 0.592240 0.01 0.01
0 0.874377 0.592240 0.01 0.01
0 0.873253 0.646173 0.01 0.01
0 0.848534 0.693364 0.01 0.01
0 0.863141 0.703476 0.01 0.01
0 0.910332 0.688869 0.01 0.01
0 0.873253 0.746173 0.01 0.01
0 0.941792 0.738308 0.01 0.01
0 0.947410 0.695611 0.01 0.01
0 0.932804 0.667521 0.01 0.01
0 0.926062 0.646173 0.01 0.01
0 0.917073 0.634937 0.01 0.01
0 0.901343 0.628195 0.01 0.01
0 0.917073 0.609094 0.01 0.01
0 0.950781 0.623701 0.01 0.01
0 0.962017 0.640555 0.01 0.01
0 0.958646 0.670892 0.01 0.01
0 0.987860 0.647296 0.01 0.01
0 0.984489 0.596735 0.01 0.01
0 1.006961 0.606847 0.01 0.01
0 1.027186 0.638308 0.01 0.01
0 1.011455 0.650667 0.01 0.01
0 0.996849 0.682128 0.01 0.01
0 0.977748 0.686622 0.01 0.01
0 0.984489 0.722577 0.01 0.01
0 1.004714 0.741678 0.01 0.01
0 1.021568 0.705723 0.01 0.01
0 0.979995 0.763027 0.01 0.01
0 0.985613 0.792240 0.01 0.01
0 1.036175 0.756285 0.01 0.01
0 1.029433 0.809094 0.01 0.01
0 0.899096 0.816959 0.01 0.01
0 0.909208 0.842802 0.01 0.01
0 0.859770 0.830442 0.01 0.01
0 1.056399 0.706847 0.01 0.01
0 1.057523 0.733813 0.01 0.01
0 1.071006 0.674263 0.01 0.01
0 1.060894 0.655162 0.01 0.01
0 1.036175 0.655162 0.01 0.01
0 1.056399 0.631566 0.01 0.01
0 1.088983 0.610218 0.01 0.01
0 1.105837 0.623701 0.01 0.01
0 1.101343 0.654038 0.01 0.01
0 1.066512 0.616959 0.01 0.01
0 1.133927 0.669768 0.01 0.01
0 1.155276 0.661903 0.01 0.01
0 1.163141 0.623701 0.01 0.01
0 1.196849 0.633813 0.01 0.01
0 1.220444 0.642802 0.01 0.01
0 1.236175 0.606847 0.01 0.01
0 1.260894 0.598982 0.01 0.01
0 1.256399 0.656285 0.01 0.01
0 1.240669 0.685499 0.01 0.01
0 1.177748 0.701229 0.01 0.01
0 1.206961 0.686622 0.01 0.01
0 1.206961 0.727072 0.01 0.01
0 1.264264 0.729319 0.01 0.01
0 1.092354 0.836060 0.01 0.01
0 1.081118 0.816959 0.01 0.01
0 1.137298 0.793364 0.01 0.01
0 1.185613 0.825948 0.01 0.01
0 1.157523 0.841678 0.01 0.01
0 1.236175 0.830442 0.01 0.01
0 1.263141 0.816959 0.01 0.01
0 1.242916 0.787746 0.01 0.01
0 1.219321 0.801229 0.01 0.01
0 1.274377 0.769768 0.01 0.01
0 1.241792 0.763027 0.01 0.01
0 1.251905 0.742802 0.01 0.01
0 1.195725 0.604600 0.01 0.01
0 1.283366 0.578757 0.01 0.01
0 1.110332 0.716959 0.01 0.01
0 0.915950 0.709094 0.01 0.01
0 0.941792 0.805723 0.01 0.01
0 1.081118 0.693364 0.01 0.01
0 1.130557 0.697858 0.01 0.01
0 1.206961 0.778757 0.01 0.01
0 1.013141 0.922015 0.01 0.01
0 0.941231 0.890555 0.01 0.01
0 0.873815 0.877072 0.01 0.01
0 1.094040 0.922015 0.01 0.01
0 1.085051 1.025386 0.01 0.01
0 1.163703 0.895049 0.01 0.01
0 1.183927 0.868083 0.01 0.01
0 1.273815 0.978195 0.01 0.01
0 1.386175 0.996173 0.01 0.01
0 1.365950 0.955723 0.01 0.01
0 1.354714 0.899544 0.01 0.01
0 1.350219 0.793926 0.01 0.01
0 1.307523 0.874824 0.01 0.01
0 1.356961 0.733251 0.01 0.01
0 1.305276 0.757971 0.01 0.01
0 1.440107 0.816397 0.01 0.01
0 1.476062 0.865836 0.01 0.01
0 1.563703 0.939993 0.01 0.01
0 1.577186 1.023139 0.01 0.01
0 1.554714 0.861341 0.01 0.01
0 1.538983 0.832128 0.01 0.01
0 1.561455 0.796173 0.01 0.01
0 1.496287 0.793926 0.01 0.01
0 1.435613 0.762465 0.01 0.01
0 1.410894 0.742240 0.01 0.01
0 1.397410 0.690555 0.01 0.01
0 1.583927 0.890555 0.01 0.01
0 1.327748 0.663588 0.01 0.01
0 1.303028 0.713027 0.01 0.01
0 1.318197 0.527072 0.01 0.01
0 1.342916 0.538308 0.01 0.01
0 1.374377 0.550667 0.01 0.01
0 1.399096 0.532690 0.01 0.01
0 1.412579 0.534937 0.01 0.01
0 1.446287 0.548420 0.01 0.01
0 1.446287 0.536060 0.01 0.01
0 1.473253 0.552914 0.01 0.01
0 1.523815 0.556285 0.01 0.01
0 1.522691 0.536060 0.01 0.01
0 1.547410 0.556285 0.01 0.01
0 1.585613 0.532690 0.01 0.01
0 1.586736 0.560779 0.01 0.01
0 1.591231 0.576510 0.01 0.01
0 1.574377 0.595611 0.01 0.01
0 1.590107 0.595611 0.01 0.01
0 1.547410 0.611341 0.01 0.01
0 1.533927 0.622577 0.01 0.01
0 1.554152 0.637184 0.01 0.01
0 1.558646 0.655162 0.01 0.01
0 1.590107 0.668645 0.01 0.01
0 1.565388 0.682128 0.01 0.01
0 1.550781 0.710218 0.01 0.01
0 1.575500 0.760779 0.01 0.01
0 1.535051 0.775386 0.01 0.01
0 1.527186 0.728195 0.01 0.01
0 1.482242 0.725948 0.01 0.01
0 1.491231 0.702353 0.01 0.01
0 1.490107 0.681004 0.01 0.01
0 1.518197 0.684375 0.01 0.01
0 1.517073 0.663027 0.01 0.01
0 1.483366 0.661903 0.01 0.01
0 1.488983 0.646173 0.01 0.01
0 1.466512 0.595611 0.01 0.01
0 1.446287 0.582128 0.01 0.01
0 1.428309 0.576510 0.01 0.01
0 1.429433 0.613588 0.01 0.01
0 1.430557 0.637184 0.01 0.01
0 1.441792 0.666397 0.01 0.01
0 1.411455 0.658532 0.01 0.01
0 1.381118 0.616959 0.01 0.01
0 1.367635 0.584375 0.01 0.01
0 1.347410 0.579881 0.01 0.01
0 1.345163 0.554038 0.01 0.01
0 1.326062 0.572015 0.01 0.01
0 1.322691 0.733813 0.01 0.01
0 1.374377 0.686622 0.01 0.01
0 1.431680 0.712465 0.01 0.01
0 1.548534 0.574263 0.01 0.01
0 1.394601 0.798982 0.01 0.01
0 1.382242 0.823701 0.01 0.01
0 1.311455 0.801229 0.01 0.01
0 1.383366 0.785499 0.01 0.01
0 1.331451 1.037872 0.01 0.01
0 1.403379 1.047462 0.01 0.01
0 1.176406 1.042667 0.01 0.01
0 1.492889 1.037872 0.01 0.01
