0 0.101654 0.134517 0.01 0.01
0 0.089447 0.106348 0.01 0.01
0 0.059400 0.248132 0.01 0.01
0 0.111043 0.261278 0.01 0.01
0 0.111982 0.214330 0.01 0.01
0 0.166442 0.259400 0.01 0.01
0 0.234987 0.276301 0.01 0.01
0 0.235926 0.234987 0.01 0.01
0 0.240621 0.222780 0.01 0.01
0 0.330762 0.200245 0.01 0.01
0 0.399306 0.176771 0.01 0.01
0 0.438743 0.138273 0.01 0.01
0 0.373954 0.266912 0.01 0.01
0 0.326067 0.280057 0.01 0.01
0 0.408696 0.268790 0.01 0.01
0 0.380527 0.372076 0.01 0.01
0 0.215269 0.416208 0.01 0.01
0 0.292264 0.529823 0.01 0.01
0 0.427475 0.536395 0.01 0.01
0 0.439682 0.498837 0.01 0.01
0 0.433109 0.439682 0.01 0.01
0 0.449071 0.396489 0.01 0.01
0 0.502593 0.350480 0.01 0.01
0 0.533578 0.345785 0.01 0.01
0 0.549541 0.387100 0.01 0.01
0 0.560808 0.345785 0.01 0.01
0 0.636865 0.347663 0.01 0.01
0 0.646254 0.372076 0.01 0.01
0 0.696020 0.380527 0.01 0.01
0 0.749541 0.394611 0.01 0.01
0 0.775832 0.431231 0.01 0.01
0 0.737334 0.277240 0.01 0.01
0 0.735456 0.247193 0.01 0.01
0 0.641560 0.118555 0.01 0.01
0 0.591794 0.226536 0.01 0.01
0 0.558931 0.234048 0.01 0.01
0 0.574893 0.246254 0.01 0.01
0 0.567381 0.260339 0.01 0.01
0 0.547663 0.259400 0.01 0.01
0 0.551419 0.306348 0.01 0.01
0 0.043438 0.255644 0.01 0.01
0 1.206818 0.161747 0.01 0.01
0 1.198367 0.186161 0.01 0.01
0 1.242499 0.157053 0.01 0.01
0 1.264095 0.155175 0.01 0.01
0 1.281935 0.153297 0.01 0.01
0 1.291325 0.169259 0.01 0.01
0 1.318555 0.159870 0.01 0.01
0 1.325128 0.169259 0.01 0.01
0 1.223719 0.268790 0.01 0.01
0 1.128884 0.204001 0.01 0.01
0 1.112921 0.195550 0.01 0.01
0 1.149541 0.242499 0.01 0.01
0 1.098837 0.239682 0.01 0.01
0 1.040621 0.235926 0.01 0.01
0 0.958931 0.207757 0.01 0.01
0 0.903531 0.209635 0.01 0.01
0 0.917616 0.232170 0.01 0.01
0 0.834048 0.268790 0.01 0.01
0 0.850949 0.269729 0.01 0.01
0 0.880057 0.276301 0.01 0.01
0 1.003062 0.253766 0.01 0.01
0 1.027475 0.263156 0.01 0.01
0 1.094142 0.280057 0.01 0.01
0 1.164564 0.288508 0.01 0.01
0 1.090386 0.323250 0.01 0.01
0 1.117616 0.351419 0.01 0.01
0 1.241560 0.387100 0.01 0.01
0 1.327006 0.369259 0.01 0.01
0 0.962686 0.496020 0.01 0.01
0 0.914799 0.478179 0.01 0.01
0 0.857522 0.369259 0.01 0.01
0 0.918555 0.348602 0.01 0.01
0 0.946724 0.354236 0.01 0.01
0 1.052827 0.373015 0.01 0.01
0 1.345785 0.443438 0.01 0.01
0 1.376771 0.482874 0.01 0.01
0 1.407757 0.301654 0.01 0.01
0 1.453766 0.303531 0.01 0.01
0 1.496959 0.458461 0.01 0.01
0 1.545785 0.436865 0.01 0.01
0 1.561747 0.545785 0.01 0.01
0 1.576771 0.580527 0.01 0.01
0 1.436865 0.985222 0.01 0.01
0 1.579588 1.062217 0.01 0.01
0 1.371137 0.231700 0.01 0.01
0 1.379588 0.213860 0.01 0.01
0 1.404940 0.213860 0.01 0.01
0 1.422780 0.207287 0.01 0.01
0 1.384283 0.170668 0.01 0.01
0 1.353297 0.167851 0.01 0.01
0 1.342029 0.168790 0.01 0.01
0 1.332639 0.156583 0.01 0.01
0 1.356114 0.157522 0.01 0.01
0 1.412452 0.135926 0.01 0.01
0 1.426536 0.136865 0.01 0.01
0 1.446254 0.119024 0.01 0.01
0 1.448132 0.124658 0.01 0.01
0 1.467851 0.130292 0.01 0.01
0 1.448132 0.165973 0.01 0.01
0 1.490386 0.131231 0.01 0.01
0 1.514799 0.121841 0.01 0.01
0 1.524189 0.118085 0.01 0.01
0 1.518555 0.134987 0.01 0.01
0 1.506348 0.155644 0.01 0.01
0 1.527945 0.165034 0.01 0.01
0 1.529823 0.220433 0.01 0.01
0 1.573954 0.176301 0.01 0.01
0 1.558931 0.162217 0.01 0.01
0 1.538273 0.142499 0.01 0.01
0 1.558931 0.109635 0.01 0.01
0 1.562686 0.115269 0.01 0.01
0 1.573015 0.136865 0.01 0.01
0 1.594611 0.148132 0.01 0.01
0 1.578649 0.121841 0.01 0.01
0 1.530762 0.132170 0.01 0.01
0 1.597428 0.202593 0.01 0.01
0 1.491325 0.162217 0.01 0.01
0 1.548602 0.135456 0.01 0.01
0 1.563156 0.143907 0.01 0.01
0 1.338273 0.127475 0.01 0.01
0 0.879118 0.367851 0.01 0.01
0 1.506818 0.169729 0.01 0.01
