0 0.016558 0.470945 0.01 0.01
0 0.070491 0.476563 0.01 0.01
0 0.087345 0.476563 0.01 0.01
0 0.046895 0.519260 0.01 0.01
0 0.034536 0.517012 0.01 0.01
0 0.036783 0.511394 0.01 0.01
0 0.023300 0.510271 0.01 0.01
0 0.017401 0.494260 0.01 0.01
0 0.035378 0.490327 0.01 0.01
0 0.012345 0.512799 0.01 0.01
0 0.002794 0.515046 0.01 0.01
0 0.021895 0.523473 0.01 0.01
0 0.005603 0.509990 0.01 0.01
0 0.045491 0.512799 0.01 0.01
0 0.042682 0.536394 0.01 0.01
0 0.035378 0.535271 0.01 0.01
0 0.024704 0.533585 0.01 0.01
0 0.010659 0.534709 0.01 0.01
0 0.003356 0.552125 0.01 0.01
0 0.012906 0.556057 0.01 0.01
0 0.020772 0.544260 0.01 0.01
0 0.026390 0.553810 0.01 0.01
0 0.039873 0.553248 0.01 0.01
0 0.032569 0.556057 0.01 0.01
0 0.022457 0.565046 0.01 0.01
0 0.011221 0.566731 0.01 0.01
0 0.022457 0.572911 0.01 0.01
0 0.032008 0.568979 0.01 0.01
0 0.051670 0.514484 0.01 0.01
0 0.062345 0.520664 0.01 0.01
0 0.058974 0.529653 0.01 0.01
0 0.069086 0.519540 0.01 0.01
0 0.072457 0.525720 0.01 0.01
0 0.074142 0.530776 0.01 0.01
0 0.010097 0.575720 0.01 0.01
0 0.006727 0.582462 0.01 0.01
0 0.019648 0.584709 0.01 0.01
0 0.030884 0.576844 0.01 0.01
0 0.037626 0.578529 0.01 0.01
0 0.039311 0.589765 0.01 0.01
0 0.048300 0.570664 0.01 0.01
0 0.040434 0.562237 0.01 0.01
0 0.049985 0.559990 0.01 0.01
0 0.072457 0.538080 0.01 0.01
0 0.071895 0.545383 0.01 0.01
0 0.054479 0.549316 0.01 0.01
0 0.061783 0.562799 0.01 0.01
0 0.069648 0.570664 0.01 0.01
0 0.063468 0.584709 0.01 0.01
0 0.045491 0.581900 0.01 0.01
0 0.040434 0.618979 0.01 0.01
0 0.078637 0.511113 0.01 0.01
0 0.089873 0.516731 0.01 0.01
0 0.079199 0.519540 0.01 0.01
0 0.092120 0.526282 0.01 0.01
0 0.098300 0.538080 0.01 0.01
0 0.093805 0.542574 0.01 0.01
0 0.088187 0.545945 0.01 0.01
0 0.060097 0.545945 0.01 0.01
0 0.082008 0.565046 0.01 0.01
0 0.079199 0.572911 0.01 0.01
0 0.087626 0.572911 0.01 0.01
0 0.090434 0.580776 0.01 0.01
0 0.072457 0.591451 0.01 0.01
0 0.052794 0.581338 0.01 0.01
0 0.058412 0.570664 0.01 0.01
0 0.043805 0.545383 0.01 0.01
0 0.005041 0.593698 0.01 0.01
0 0.029199 0.623473 0.01 0.01
0 0.009536 0.611113 0.01 0.01
0 0.013468 0.634709 0.01 0.01
0 0.021333 0.639203 0.01 0.01
0 0.006727 0.643698 0.01 0.01
0 0.017401 0.656057 0.01 0.01
0 0.031446 0.646507 0.01 0.01
0 0.042120 0.634147 0.01 0.01
0 0.062906 0.631900 0.01 0.01
0 0.073581 0.627967 0.01 0.01
0 0.064592 0.620102 0.01 0.01
0 0.090996 0.613361 0.01 0.01
0 0.079760 0.620664 0.01 0.01
0 0.090434 0.622911 0.01 0.01
0 0.094929 0.630776 0.01 0.01
0 0.084817 0.642012 0.01 0.01
0 0.061221 0.647630 0.01 0.01
0 0.043243 0.652686 0.01 0.01
0 0.088749 0.654934 0.01 0.01
0 0.099423 0.647068 0.01 0.01
0 0.051670 0.660552 0.01 0.01
0 0.098300 0.575720 0.01 0.01
0 0.082569 0.589765 0.01 0.01
0 0.099423 0.545383 0.01 0.01
0 0.080884 0.552125 0.01 0.01
0 0.069648 0.562799 0.01 0.01
0 0.102232 0.553810 0.01 0.01
0 0.089311 0.556057 0.01 0.01
0 0.099985 0.570102 0.01 0.01
0 0.109536 0.627967 0.01 0.01
0 0.117401 0.636394 0.01 0.01
0 0.112906 0.651001 0.01 0.01
0 0.112906 0.663922 0.01 0.01
0 0.018805 0.674316 0.01 0.01
0 0.035659 0.667574 0.01 0.01
0 0.081727 0.672068 0.01 0.01
0 0.070491 0.676563 0.01 0.01
0 0.062626 0.672068 0.01 0.01
0 0.049142 0.674316 0.01 0.01
0 0.074985 0.685552 0.01 0.01
0 0.028918 0.708024 0.01 0.01
0 0.036783 0.701282 0.01 0.01
0 0.088468 0.683304 0.01 0.01
0 0.106446 0.675439 0.01 0.01
0 0.096333 0.679934 0.01 0.01
0 0.091839 0.666451 0.01 0.01
0 0.104199 0.667574 0.01 0.01
0 0.071614 0.711394 0.01 0.01
0 0.051390 0.713642 0.01 0.01
0 0.024423 0.723754 0.01 0.01
0 0.030041 0.737237 0.01 0.01
0 0.027794 0.752967 0.01 0.01
0 0.025547 0.761956 0.01 0.01
0 0.014311 0.772068 0.01 0.01
0 0.004199 0.766451 0.01 0.01
0 0.008693 0.752967 0.01 0.01
0 0.037906 0.757462 0.01 0.01
0 0.052513 0.761956 0.01 0.01
0 0.062626 0.761956 0.01 0.01
0 0.070491 0.752967 0.01 0.01
0 0.072738 0.737237 0.01 0.01
0 0.051390 0.729372 0.01 0.01
0 0.060378 0.747349 0.01 0.01
0 0.086221 0.737237 0.01 0.01
0 0.098581 0.727125 0.01 0.01
0 0.099704 0.714765 0.01 0.01
0 0.099704 0.749597 0.01 0.01
0 0.086221 0.764203 0.01 0.01
0 0.104199 0.768698 0.01 0.01
0 0.112064 0.746226 0.01 0.01
0 0.113187 0.719260 0.01 0.01
0 0.123300 0.729372 0.01 0.01
0 0.134536 0.722630 0.01 0.01
0 0.137906 0.711394 0.01 0.01
0 0.136783 0.700158 0.01 0.01
0 0.128918 0.690046 0.01 0.01
0 0.130041 0.755215 0.01 0.01
0 0.128918 0.770945 0.01 0.01
0 0.115434 0.760833 0.01 0.01
0 0.122176 0.742855 0.01 0.01
0 0.094086 0.591170 0.01 0.01
0 0.105322 0.585552 0.01 0.01
0 0.096052 0.480215 0.01 0.01
0 0.103918 0.481338 0.01 0.01
0 0.111221 0.481338 0.01 0.01
0 0.101670 0.471226 0.01 0.01
0 0.118524 0.479091 0.01 0.01
0 0.126951 0.480215 0.01 0.01
0 0.114592 0.511675 0.01 0.01
0 0.101670 0.516731 0.01 0.01
0 0.107288 0.514484 0.01 0.01
0 0.113468 0.520664 0.01 0.01
0 0.115154 0.524597 0.01 0.01
0 0.103356 0.527406 0.01 0.01
0 0.112906 0.528529 0.01 0.01
0 0.110659 0.534147 0.01 0.01
0 0.114030 0.539203 0.01 0.01
0 0.121333 0.544260 0.01 0.01
0 0.112345 0.545945 0.01 0.01
0 0.125266 0.559990 0.01 0.01
0 0.134817 0.562237 0.01 0.01
0 0.132569 0.590327 0.01 0.01
0 0.112906 0.594260 0.01 0.01
0 0.125266 0.570102 0.01 0.01
0 0.111221 0.575720 0.01 0.01
0 0.120210 0.605495 0.01 0.01
0 0.119086 0.595945 0.01 0.01
0 0.121895 0.579091 0.01 0.01
0 0.144929 0.566731 0.01 0.01
0 0.137064 0.571788 0.01 0.01
0 0.139873 0.593698 0.01 0.01
0 0.130884 0.538080 0.01 0.01
0 0.121333 0.534709 0.01 0.01
0 0.140996 0.553810 0.01 0.01
0 0.132569 0.531338 0.01 0.01
0 0.130884 0.526282 0.01 0.01
0 0.126390 0.513922 0.01 0.01
0 0.128075 0.520664 0.01 0.01
0 0.140996 0.523473 0.01 0.01
0 0.152232 0.484147 0.01 0.01
0 0.170210 0.501001 0.01 0.01
0 0.149985 0.517293 0.01 0.01
0 0.143243 0.516731 0.01 0.01
0 0.141558 0.532462 0.01 0.01
0 0.137626 0.540889 0.01 0.01
0 0.155041 0.631338 0.01 0.01
0 0.140996 0.624035 0.01 0.01
0 0.148861 0.607743 0.01 0.01
0 0.157288 0.590327 0.01 0.01
0 0.149423 0.525158 0.01 0.01
0 0.152232 0.532462 0.01 0.01
0 0.151670 0.540889 0.01 0.01
0 0.164030 0.565046 0.01 0.01
0 0.153356 0.566170 0.01 0.01
0 0.137626 0.578529 0.01 0.01
0 0.132569 0.579653 0.01 0.01
0 0.156727 0.524597 0.01 0.01
0 0.159536 0.535271 0.01 0.01
0 0.171895 0.546507 0.01 0.01
0 0.167401 0.547068 0.01 0.01
0 0.170772 0.521788 0.01 0.01
0 0.167963 0.539203 0.01 0.01
0 0.164030 0.531338 0.01 0.01
0 0.179760 0.557743 0.01 0.01
0 0.174704 0.571788 0.01 0.01
0 0.156165 0.577967 0.01 0.01
0 0.167963 0.586394 0.01 0.01
0 0.163468 0.617855 0.01 0.01
0 0.181446 0.572911 0.01 0.01
0 0.177513 0.539203 0.01 0.01
0 0.174142 0.531338 0.01 0.01
0 0.179199 0.521226 0.01 0.01
0 0.196052 0.563922 0.01 0.01
0 0.187064 0.567855 0.01 0.01
0 0.189311 0.577967 0.01 0.01
0 0.195491 0.574597 0.01 0.01
0 0.179760 0.632462 0.01 0.01
0 0.197176 0.612237 0.01 0.01
0 0.188187 0.626282 0.01 0.01
0 0.210659 0.624597 0.01 0.01
0 0.223581 0.481338 0.01 0.01
0 0.166839 0.484147 0.01 0.01
0 0.244929 0.486956 0.01 0.01
0 0.262345 0.485271 0.01 0.01
0 0.222457 0.583024 0.01 0.01
0 0.236502 0.578529 0.01 0.01
0 0.212906 0.579653 0.01 0.01
0 0.202232 0.567855 0.01 0.01
0 0.203356 0.556057 0.01 0.01
0 0.184255 0.583585 0.01 0.01
0 0.194929 0.584709 0.01 0.01
0 0.237626 0.617855 0.01 0.01
0 0.207850 0.615046 0.01 0.01
0 0.227513 0.634709 0.01 0.01
0 0.238187 0.635271 0.01 0.01
0 0.202794 0.586394 0.01 0.01
0 0.200547 0.579091 0.01 0.01
0 0.220772 0.538642 0.01 0.01
0 0.208412 0.545945 0.01 0.01
0 0.208412 0.520664 0.01 0.01
0 0.203918 0.523473 0.01 0.01
0 0.203918 0.534709 0.01 0.01
0 0.219648 0.532462 0.01 0.01
0 0.219648 0.522349 0.01 0.01
0 0.229760 0.540327 0.01 0.01
0 0.228496 0.552827 0.01 0.01
0 0.220912 0.553951 0.01 0.01
0 0.212766 0.537658 0.01 0.01
0 0.212485 0.531760 0.01 0.01
0 0.212485 0.525861 0.01 0.01
0 0.219508 0.526422 0.01 0.01
0 0.225406 0.526703 0.01 0.01
0 0.227654 0.532321 0.01 0.01
0 0.252934 0.523894 0.01 0.01
0 0.247597 0.525018 0.01 0.01
0 0.242260 0.542153 0.01 0.01
0 0.235800 0.548333 0.01 0.01
0 0.242260 0.557321 0.01 0.01
0 0.225126 0.574737 0.01 0.01
0 0.251249 0.564063 0.01 0.01
0 0.236361 0.589063 0.01 0.01
0 0.206024 0.573613 0.01 0.01
0 0.212485 0.572771 0.01 0.01
0 0.244227 0.575580 0.01 0.01
0 0.249283 0.578670 0.01 0.01
0 0.260519 0.579512 0.01 0.01
0 0.247878 0.592434 0.01 0.01
0 0.227092 0.592715 0.01 0.01
0 0.261923 0.592715 0.01 0.01
0 0.255182 0.583445 0.01 0.01
0 0.253215 0.555917 0.01 0.01
0 0.240856 0.550299 0.01 0.01
0 0.248440 0.547490 0.01 0.01
0 0.235238 0.528670 0.01 0.01
0 0.234957 0.535692 0.01 0.01
0 0.212204 0.542995 0.01 0.01
0 0.255463 0.534288 0.01 0.01
0 0.246193 0.540467 0.01 0.01
0 0.226811 0.564906 0.01 0.01
0 0.261081 0.565748 0.01 0.01
0 0.269227 0.578951 0.01 0.01
0 0.278215 0.589906 0.01 0.01
0 0.269788 0.591029 0.01 0.01
0 0.263609 0.552546 0.01 0.01
0 0.263328 0.547490 0.01 0.01
0 0.254339 0.544119 0.01 0.01
0 0.243946 0.528670 0.01 0.01
0 0.265856 0.533726 0.01 0.01
0 0.266979 0.542995 0.01 0.01
0 0.271474 0.548052 0.01 0.01
0 0.274283 0.542995 0.01 0.01
0 0.276811 0.550861 0.01 0.01
0 0.274845 0.560411 0.01 0.01
0 0.265294 0.557883 0.01 0.01
0 0.264170 0.526422 0.01 0.01
0 0.281024 0.539625 0.01 0.01
0 0.281586 0.534288 0.01 0.01
0 0.274845 0.529793 0.01 0.01
0 0.285800 0.545524 0.01 0.01
0 0.285519 0.562097 0.01 0.01
0 0.279901 0.566591 0.01 0.01
0 0.292260 0.569681 0.01 0.01
0 0.285800 0.581479 0.01 0.01
0 0.282710 0.576703 0.01 0.01
0 0.291418 0.592434 0.01 0.01
0 0.281024 0.523052 0.01 0.01
0 0.280182 0.516310 0.01 0.01
0 0.293946 0.525018 0.01 0.01
0 0.309957 0.535692 0.01 0.01
0 0.295631 0.536816 0.01 0.01
0 0.288890 0.537658 0.01 0.01
0 0.261361 0.537658 0.01 0.01
0 0.245069 0.550299 0.01 0.01
0 0.296474 0.549456 0.01 0.01
0 0.305182 0.546366 0.01 0.01
0 0.306867 0.555917 0.01 0.01
0 0.311361 0.575018 0.01 0.01
0 0.295631 0.580917 0.01 0.01
0 0.301811 0.588782 0.01 0.01
0 0.295631 0.558726 0.01 0.01
0 0.283272 0.528951 0.01 0.01
0 0.275126 0.486254 0.01 0.01
0 0.280182 0.504231 0.01 0.01
0 0.290013 0.508164 0.01 0.01
0 0.285800 0.503389 0.01 0.01
0 0.279058 0.602546 0.01 0.01
0 0.309676 0.592715 0.01 0.01
0 0.316699 0.515186 0.01 0.01
0 0.310519 0.524175 0.01 0.01
0 0.304901 0.521647 0.01 0.01
0 0.320631 0.523052 0.01 0.01
0 0.325687 0.532602 0.01 0.01
0 0.315013 0.491029 0.01 0.01
0 0.335519 0.494119 0.01 0.01
0 0.307429 0.566591 0.01 0.01
0 0.313047 0.547771 0.01 0.01
0 0.330463 0.525580 0.01 0.01
0 0.336081 0.530074 0.01 0.01
0 0.325126 0.547209 0.01 0.01
0 0.301249 0.537939 0.01 0.01
0 0.313328 0.561816 0.01 0.01
0 0.333272 0.552827 0.01 0.01
0 0.328496 0.563501 0.01 0.01
0 0.345912 0.553670 0.01 0.01
0 0.335238 0.539063 0.01 0.01
0 0.353215 0.534007 0.01 0.01
0 0.350406 0.540467 0.01 0.01
0 0.342260 0.535411 0.01 0.01
0 0.349845 0.546928 0.01 0.01
0 0.356586 0.552827 0.01 0.01
0 0.347036 0.569400 0.01 0.01
0 0.340294 0.582040 0.01 0.01
0 0.321474 0.564906 0.01 0.01
0 0.341137 0.542434 0.01 0.01
0 0.348440 0.491872 0.01 0.01
0 0.357148 0.493838 0.01 0.01
0 0.381586 0.494400 0.01 0.01
0 0.395350 0.492153 0.01 0.01
0 0.378777 0.523613 0.01 0.01
0 0.320350 0.591310 0.01 0.01
0 0.320631 0.571647 0.01 0.01
0 0.333833 0.580074 0.01 0.01
0 0.332148 0.590467 0.01 0.01
0 0.366137 0.552827 0.01 0.01
0 0.363328 0.572490 0.01 0.01
0 0.356305 0.570804 0.01 0.01
0 0.351530 0.576142 0.01 0.01
0 0.340575 0.570243 0.01 0.01
0 0.346755 0.591310 0.01 0.01
0 0.361361 0.582602 0.01 0.01
0 0.356586 0.596928 0.01 0.01
0 0.364170 0.542434 0.01 0.01
0 0.368946 0.533445 0.01 0.01
0 0.370912 0.573613 0.01 0.01
0 0.376811 0.558445 0.01 0.01
0 0.371193 0.551703 0.01 0.01
0 0.377934 0.551984 0.01 0.01
0 0.379339 0.546928 0.01 0.01
0 0.382429 0.536535 0.01 0.01
0 0.387485 0.531198 0.01 0.01
0 0.383833 0.567153 0.01 0.01
0 0.378777 0.574456 0.01 0.01
0 0.355182 0.587377 0.01 0.01
0 0.367541 0.598052 0.01 0.01
0 0.377934 0.592434 0.01 0.01
0 0.383833 0.556479 0.01 0.01
0 0.390856 0.539906 0.01 0.01
0 0.393946 0.551142 0.01 0.01
0 0.397878 0.558445 0.01 0.01
0 0.407429 0.532040 0.01 0.01
0 0.400126 0.568276 0.01 0.01
0 0.406867 0.590748 0.01 0.01
0 0.391699 0.596366 0.01 0.01
0 0.386923 0.583445 0.01 0.01
0 0.397878 0.581479 0.01 0.01
0 0.396755 0.574737 0.01 0.01
0 0.407429 0.582040 0.01 0.01
0 0.413609 0.577546 0.01 0.01
0 0.406867 0.557883 0.01 0.01
0 0.412485 0.558726 0.01 0.01
0 0.409957 0.551984 0.01 0.01
0 0.398721 0.539063 0.01 0.01
0 0.413328 0.539906 0.01 0.01
0 0.420350 0.563782 0.01 0.01
0 0.427654 0.564344 0.01 0.01
0 0.431024 0.539063 0.01 0.01
0 0.440575 0.538220 0.01 0.01
0 0.420912 0.548894 0.01 0.01
0 0.428215 0.546085 0.01 0.01
0 0.435519 0.558445 0.01 0.01
0 0.415013 0.566872 0.01 0.01
0 0.420069 0.578951 0.01 0.01
0 0.425968 0.585411 0.01 0.01
0 0.425126 0.592995 0.01 0.01
0 0.431867 0.598613 0.01 0.01
0 0.411923 0.610692 0.01 0.01
0 0.395350 0.604512 0.01 0.01
0 0.405463 0.603670 0.01 0.01
0 0.439170 0.574175 0.01 0.01
0 0.444508 0.594400 0.01 0.01
0 0.432710 0.586254 0.01 0.01
0 0.455182 0.542153 0.01 0.01
0 0.446193 0.546366 0.01 0.01
0 0.459395 0.551984 0.01 0.01
0 0.447597 0.561816 0.01 0.01
0 0.455182 0.566591 0.01 0.01
0 0.446755 0.537377 0.01 0.01
0 0.462204 0.605074 0.01 0.01
0 0.460519 0.588501 0.01 0.01
0 0.452934 0.587939 0.01 0.01
0 0.466137 0.580074 0.01 0.01
0 0.469508 0.601142 0.01 0.01
0 0.472036 0.589344 0.01 0.01
0 0.443665 0.582883 0.01 0.01
0 0.443946 0.570243 0.01 0.01
0 0.478777 0.544400 0.01 0.01
0 0.478496 0.538501 0.01 0.01
0 0.458833 0.527265 0.01 0.01
0 0.463117 0.544470 0.01 0.01
0 0.473510 0.553880 0.01 0.01
0 0.456516 0.572420 0.01 0.01
0 0.484746 0.558936 0.01 0.01
0 0.470140 0.543347 0.01 0.01
0 0.466347 0.540818 0.01 0.01
0 0.470701 0.575369 0.01 0.01
0 0.461993 0.571998 0.01 0.01
0 0.463117 0.563571 0.01 0.01
0 0.475196 0.582251 0.01 0.01
0 0.481797 0.575931 0.01 0.01
0 0.487274 0.575229 0.01 0.01
0 0.483061 0.585762 0.01 0.01
0 0.489522 0.584077 0.01 0.01
0 0.500758 0.569049 0.01 0.01
0 0.485308 0.542925 0.01 0.01
0 0.500477 0.554723 0.01 0.01
0 0.512977 0.574386 0.01 0.01
0 0.490926 0.561886 0.01 0.01
0 0.507218 0.550790 0.01 0.01
0 0.497387 0.542925 0.01 0.01
0 0.504128 0.586324 0.01 0.01
0 0.514522 0.548824 0.01 0.01
0 0.517892 0.561043 0.01 0.01
0 0.498510 0.581268 0.01 0.01
0 0.501600 0.539274 0.01 0.01
0 0.482640 0.590959 0.01 0.01
0 0.472949 0.570875 0.01 0.01
0 0.482218 0.567504 0.01 0.01
0 0.506656 0.579161 0.01 0.01
0 0.493243 0.600439 0.01 0.01
0 0.481165 0.602406 0.01 0.01
0 0.516277 0.610271 0.01 0.01
0 0.524423 0.606900 0.01 0.01
0 0.512064 0.597068 0.01 0.01
0 0.518524 0.581619 0.01 0.01
0 0.503356 0.593136 0.01 0.01
0 0.527794 0.587799 0.01 0.01
0 0.521052 0.598473 0.01 0.01
0 0.508412 0.560833 0.01 0.01
0 0.500266 0.561956 0.01 0.01
0 0.489311 0.554934 0.01 0.01
0 0.457008 0.492855 0.01 0.01
0 0.443805 0.496226 0.01 0.01
0 0.484817 0.494260 0.01 0.01
0 0.474423 0.495664 0.01 0.01
0 0.502794 0.501001 0.01 0.01
0 0.519648 0.495664 0.01 0.01
0 0.528075 0.501001 0.01 0.01
0 0.553356 0.500158 0.01 0.01
0 0.562064 0.503248 0.01 0.01
0 0.595210 0.505215 0.01 0.01
0 0.609817 0.510552 0.01 0.01
0 0.517401 0.540327 0.01 0.01
0 0.534817 0.542574 0.01 0.01
0 0.537906 0.548192 0.01 0.01
0 0.523019 0.549035 0.01 0.01
0 0.523581 0.555776 0.01 0.01
0 0.530603 0.562799 0.01 0.01
0 0.533974 0.581057 0.01 0.01
0 0.548861 0.572068 0.01 0.01
0 0.543524 0.584990 0.01 0.01
0 0.535378 0.602125 0.01 0.01
0 0.541839 0.542574 0.01 0.01
0 0.548861 0.545664 0.01 0.01
0 0.556165 0.544540 0.01 0.01
0 0.552794 0.553529 0.01 0.01
0 0.548300 0.556057 0.01 0.01
0 0.558131 0.552406 0.01 0.01
0 0.562626 0.549877 0.01 0.01
0 0.553637 0.562799 0.01 0.01
0 0.548861 0.590889 0.01 0.01
0 0.542682 0.605776 0.01 0.01
0 0.549423 0.595383 0.01 0.01
0 0.552794 0.603248 0.01 0.01
0 0.556446 0.573192 0.01 0.01
0 0.573019 0.548192 0.01 0.01
0 0.571895 0.552406 0.01 0.01
0 0.571052 0.559990 0.01 0.01
0 0.560378 0.593698 0.01 0.01
0 0.561502 0.589203 0.01 0.01
0 0.564592 0.599316 0.01 0.01
0 0.566839 0.580215 0.01 0.01
0 0.573300 0.576563 0.01 0.01
0 0.576951 0.580215 0.01 0.01
0 0.559536 0.618698 0.01 0.01
0 0.526951 0.595102 0.01 0.01
0 0.581165 0.545664 0.01 0.01
0 0.588749 0.547630 0.01 0.01
0 0.597176 0.550439 0.01 0.01
0 0.595210 0.560271 0.01 0.01
0 0.580884 0.566170 0.01 0.01
0 0.562064 0.562237 0.01 0.01
0 0.559536 0.569260 0.01 0.01
0 0.584536 0.572630 0.01 0.01
0 0.579199 0.608024 0.01 0.01
0 0.581727 0.551563 0.01 0.01
0 0.537345 0.563922 0.01 0.01
0 0.576460 0.558515 0.01 0.01
0 0.581656 0.558515 0.01 0.01
0 0.584887 0.583234 0.01 0.01
0 0.593173 0.584217 0.01 0.01
0 0.590786 0.578459 0.01 0.01
0 0.591347 0.590818 0.01 0.01
0 0.596684 0.571717 0.01 0.01
0 0.611853 0.567785 0.01 0.01
0 0.608904 0.560762 0.01 0.01
0 0.619718 0.574526 0.01 0.01
0 0.620140 0.583515 0.01 0.01
0 0.602864 0.589414 0.01 0.01
0 0.609606 0.607111 0.01 0.01
0 0.601460 0.609779 0.01 0.01
0 0.605252 0.602054 0.01 0.01
0 0.537204 0.573052 0.01 0.01
0 0.590575 0.616029 0.01 0.01
0 0.592260 0.609007 0.01 0.01
0 0.594227 0.600299 0.01 0.01
0 0.597878 0.580636 0.01 0.01
0 0.620631 0.590748 0.01 0.01
0 0.603496 0.621366 0.01 0.01
0 0.625406 0.606479 0.01 0.01
0 0.633552 0.603108 0.01 0.01
0 0.641699 0.603670 0.01 0.01
0 0.636923 0.594400 0.01 0.01
0 0.631305 0.587939 0.01 0.01
0 0.637204 0.582602 0.01 0.01
0 0.642822 0.578108 0.01 0.01
0 0.644508 0.582883 0.01 0.01
0 0.651249 0.620243 0.01 0.01
0 0.651249 0.613220 0.01 0.01
0 0.645069 0.610130 0.01 0.01
0 0.653215 0.603670 0.01 0.01
0 0.660238 0.602265 0.01 0.01
0 0.647036 0.596366 0.01 0.01
0 0.643665 0.590748 0.01 0.01
0 0.635519 0.629793 0.01 0.01
0 0.652654 0.571085 0.01 0.01
0 0.653496 0.563501 0.01 0.01
0 0.647317 0.559568 0.01 0.01
0 0.607148 0.548894 0.01 0.01
0 0.615575 0.549456 0.01 0.01
0 0.650968 0.552265 0.01 0.01
0 0.667541 0.570243 0.01 0.01
0 0.668665 0.576142 0.01 0.01
0 0.652092 0.585130 0.01 0.01
0 0.636361 0.609568 0.01 0.01
0 0.667822 0.623052 0.01 0.01
0 0.668665 0.612658 0.01 0.01
0 0.679339 0.626703 0.01 0.01
0 0.678215 0.618838 0.01 0.01
0 0.661642 0.567153 0.01 0.01
0 0.661361 0.554512 0.01 0.01
0 0.661923 0.546928 0.01 0.01
0 0.666699 0.558445 0.01 0.01
0 0.670912 0.553389 0.01 0.01
0 0.674002 0.551142 0.01 0.01
0 0.679058 0.563220 0.01 0.01
0 0.675687 0.572209 0.01 0.01
0 0.684395 0.553670 0.01 0.01
0 0.690575 0.551142 0.01 0.01
0 0.692541 0.554512 0.01 0.01
0 0.670350 0.548894 0.01 0.01
0 0.698721 0.550580 0.01 0.01
0 0.704901 0.550299 0.01 0.01
0 0.684676 0.571085 0.01 0.01
0 0.693384 0.579231 0.01 0.01
0 0.657710 0.579231 0.01 0.01
0 0.655463 0.594681 0.01 0.01
0 0.672597 0.603670 0.01 0.01
0 0.671755 0.587097 0.01 0.01
0 0.663047 0.578108 0.01 0.01
0 0.681586 0.592434 0.01 0.01
0 0.662766 0.592434 0.01 0.01
0 0.673159 0.594400 0.01 0.01
0 0.686923 0.581479 0.01 0.01
0 0.679901 0.586535 0.01 0.01
0 0.689451 0.588501 0.01 0.01
0 0.690856 0.593838 0.01 0.01
0 0.697597 0.600299 0.01 0.01
0 0.690575 0.600299 0.01 0.01
0 0.684957 0.609568 0.01 0.01
0 0.684676 0.619119 0.01 0.01
0 0.690013 0.621928 0.01 0.01
0 0.659676 0.607602 0.01 0.01
0 0.660238 0.614344 0.01 0.01
0 0.633552 0.615186 0.01 0.01
0 0.603777 0.569400 0.01 0.01
0 0.609395 0.575580 0.01 0.01
0 0.614170 0.614625 0.01 0.01
0 0.668103 0.563220 0.01 0.01
0 0.696755 0.573333 0.01 0.01
0 0.691137 0.565467 0.01 0.01
0 0.701249 0.582040 0.01 0.01
0 0.700968 0.617434 0.01 0.01
0 0.698159 0.609007 0.01 0.01
0 0.717963 0.569540 0.01 0.01
0 0.714592 0.562237 0.01 0.01
0 0.696474 0.561535 0.01 0.01
0 0.704901 0.557040 0.01 0.01
0 0.710800 0.567434 0.01 0.01
0 0.712485 0.585973 0.01 0.01
0 0.715294 0.594400 0.01 0.01
0 0.716979 0.608164 0.01 0.01
0 0.709676 0.611254 0.01 0.01
0 0.715294 0.582602 0.01 0.01
0 0.701811 0.567715 0.01 0.01
0 0.702654 0.592434 0.01 0.01
0 0.729901 0.617715 0.01 0.01
0 0.733552 0.624456 0.01 0.01
0 0.725968 0.632321 0.01 0.01
0 0.714451 0.622771 0.01 0.01
0 0.746474 0.533445 0.01 0.01
0 0.750126 0.558445 0.01 0.01
0 0.737485 0.632321 0.01 0.01
0 0.747317 0.620804 0.01 0.01
0 0.752934 0.618276 0.01 0.01
0 0.753215 0.633726 0.01 0.01
0 0.769227 0.614344 0.01 0.01
0 0.762204 0.589063 0.01 0.01
0 0.719227 0.564906 0.01 0.01
0 0.784676 0.579231 0.01 0.01
0 0.766979 0.628389 0.01 0.01
0 0.778496 0.579231 0.01 0.01
0 0.790013 0.608164 0.01 0.01
0 0.777092 0.612097 0.01 0.01
0 0.784395 0.624456 0.01 0.01
0 0.791418 0.623052 0.01 0.01
0 0.770631 0.594962 0.01 0.01
0 0.680743 0.640186 0.01 0.01
0 0.760800 0.599456 0.01 0.01
0 0.750406 0.598052 0.01 0.01
0 0.758552 0.592995 0.01 0.01
0 0.753215 0.589625 0.01 0.01
0 0.768665 0.561535 0.01 0.01
0 0.766137 0.569962 0.01 0.01
0 0.775687 0.566872 0.01 0.01
0 0.775126 0.571928 0.01 0.01
0 0.781305 0.593838 0.01 0.01
0 0.787766 0.590186 0.01 0.01
0 0.787204 0.596928 0.01 0.01
0 0.806024 0.620804 0.01 0.01
0 0.797597 0.609288 0.01 0.01
0 0.799564 0.591591 0.01 0.01
0 0.786642 0.557602 0.01 0.01
0 0.812204 0.553951 0.01 0.01
0 0.790856 0.562377 0.01 0.01
0 0.794508 0.554512 0.01 0.01
0 0.798440 0.577265 0.01 0.01
0 0.792822 0.582321 0.01 0.01
0 0.810519 0.571928 0.01 0.01
0 0.810800 0.591872 0.01 0.01
0 0.816699 0.593557 0.01 0.01
0 0.813047 0.576703 0.01 0.01
0 0.817260 0.569400 0.01 0.01
0 0.825406 0.562097 0.01 0.01
0 0.832991 0.556198 0.01 0.01
0 0.824283 0.572771 0.01 0.01
0 0.829058 0.576422 0.01 0.01
0 0.834114 0.571366 0.01 0.01
0 0.841418 0.571928 0.01 0.01
0 0.840575 0.561535 0.01 0.01
0 0.804620 0.556479 0.01 0.01
0 0.804058 0.577827 0.01 0.01
0 0.818946 0.562097 0.01 0.01
0 0.820069 0.555636 0.01 0.01
0 0.847036 0.583164 0.01 0.01
0 0.834395 0.591591 0.01 0.01
0 0.829620 0.594400 0.01 0.01
0 0.825126 0.592715 0.01 0.01
0 0.809676 0.616310 0.01 0.01
0 0.811081 0.626422 0.01 0.01
0 0.811081 0.585130 0.01 0.01
0 0.823159 0.583726 0.01 0.01
0 0.818665 0.584007 0.01 0.01
0 0.822317 0.566310 0.01 0.01
0 0.826811 0.524175 0.01 0.01
0 0.838047 0.625580 0.01 0.01
0 0.839451 0.603670 0.01 0.01
0 0.852934 0.605917 0.01 0.01
0 0.854339 0.597490 0.01 0.01
0 0.855743 0.592153 0.01 0.01
0 0.861081 0.589625 0.01 0.01
0 0.850126 0.571928 0.01 0.01
0 0.856024 0.575299 0.01 0.01
0 0.865294 0.556479 0.01 0.01
0 0.865294 0.570804 0.01 0.01
0 0.865013 0.576703 0.01 0.01
0 0.866137 0.582040 0.01 0.01
0 0.866418 0.588501 0.01 0.01
0 0.868946 0.601984 0.01 0.01
0 0.866418 0.606198 0.01 0.01
0 0.861642 0.598333 0.01 0.01
0 0.774283 0.626422 0.01 0.01
0 0.768103 0.638501 0.01 0.01
0 0.771193 0.645243 0.01 0.01
0 0.780182 0.646085 0.01 0.01
0 0.827934 0.628389 0.01 0.01
0 0.853777 0.554512 0.01 0.01
0 0.858833 0.583726 0.01 0.01
0 0.871193 0.572771 0.01 0.01
0 0.888609 0.561535 0.01 0.01
0 0.893946 0.560973 0.01 0.01
0 0.882148 0.569400 0.01 0.01
0 0.884676 0.572490 0.01 0.01
0 0.895069 0.573333 0.01 0.01
0 0.879620 0.594962 0.01 0.01
0 0.877373 0.591029 0.01 0.01
0 0.866699 0.521085 0.01 0.01
0 0.800968 0.627546 0.01 0.01
0 0.751530 0.641591 0.01 0.01
0 0.734676 0.641591 0.01 0.01
0 0.864732 0.615186 0.01 0.01
0 0.866979 0.627265 0.01 0.01
0 0.862766 0.634288 0.01 0.01
0 0.856024 0.627265 0.01 0.01
0 0.893946 0.588501 0.01 0.01
0 0.879620 0.573333 0.01 0.01
0 0.865575 0.564625 0.01 0.01
0 0.874002 0.558445 0.01 0.01
0 0.900687 0.569962 0.01 0.01
0 0.913047 0.560411 0.01 0.01
0 0.905463 0.576142 0.01 0.01
0 0.908833 0.588220 0.01 0.01
0 0.913328 0.579231 0.01 0.01
0 0.912204 0.575299 0.01 0.01
0 0.903496 0.581198 0.01 0.01
0 0.896755 0.595524 0.01 0.01
0 0.879339 0.582321 0.01 0.01
0 0.883833 0.605355 0.01 0.01
0 0.887766 0.599737 0.01 0.01
0 0.900126 0.607883 0.01 0.01
0 0.912204 0.607321 0.01 0.01
0 0.911923 0.600580 0.01 0.01
0 0.906024 0.596085 0.01 0.01
0 0.847036 0.620524 0.01 0.01
0 0.825126 0.603389 0.01 0.01
0 0.823721 0.597771 0.01 0.01
0 0.905743 0.563501 0.01 0.01
0 0.900968 0.555074 0.01 0.01
0 0.919508 0.525018 0.01 0.01
0 0.909114 0.571366 0.01 0.01
0 0.899845 0.615186 0.01 0.01
0 0.902092 0.620524 0.01 0.01
0 0.875406 0.620524 0.01 0.01
0 0.885238 0.617715 0.01 0.01
0 0.889451 0.634568 0.01 0.01
0 0.895631 0.632602 0.01 0.01
0 0.904058 0.634849 0.01 0.01
0 0.915013 0.626422 0.01 0.01
0 0.919788 0.597490 0.01 0.01
0 0.871474 0.637658 0.01 0.01
0 0.870069 0.633445 0.01 0.01
0 0.850126 0.625580 0.01 0.01
0 0.838328 0.634849 0.01 0.01
0 0.829058 0.614344 0.01 0.01
0 0.843946 0.596928 0.01 0.01
0 0.822317 0.607602 0.01 0.01
0 0.789732 0.631479 0.01 0.01
0 0.858552 0.638220 0.01 0.01
0 0.826811 0.639344 0.01 0.01
0 0.752092 0.605355 0.01 0.01
0 0.917822 0.566591 0.01 0.01
0 0.920631 0.584007 0.01 0.01
0 0.912204 0.612377 0.01 0.01
0 0.913890 0.617153 0.01 0.01
0 0.902934 0.628389 0.01 0.01
0 0.834114 0.598333 0.01 0.01
0 0.822317 0.558726 0.01 0.01
0 0.947176 0.527406 0.01 0.01
0 0.969648 0.531338 0.01 0.01
0 0.993243 0.530215 0.01 0.01
0 1.011221 0.527406 0.01 0.01
0 0.924704 0.563361 0.01 0.01
0 0.934817 0.562237 0.01 0.01
0 0.930884 0.565046 0.01 0.01
0 0.930322 0.570102 0.01 0.01
0 0.932008 0.575720 0.01 0.01
0 0.923581 0.576844 0.01 0.01
0 0.925828 0.572911 0.01 0.01
0 0.919086 0.574035 0.01 0.01
0 0.919648 0.578529 0.01 0.01
0 0.938609 0.566591 0.01 0.01
0 0.941137 0.571647 0.01 0.01
0 0.922878 0.587939 0.01 0.01
0 0.924283 0.594962 0.01 0.01
0 0.932148 0.583726 0.01 0.01
0 0.936642 0.587097 0.01 0.01
0 0.937204 0.597771 0.01 0.01
0 0.931024 0.597490 0.01 0.01
0 0.927654 0.591872 0.01 0.01
0 0.947036 0.585130 0.01 0.01
0 0.948721 0.579793 0.01 0.01
0 0.941979 0.578108 0.01 0.01
0 0.937766 0.576422 0.01 0.01
0 0.923721 0.601703 0.01 0.01
0 0.916699 0.599456 0.01 0.01
0 0.935800 0.607883 0.01 0.01
0 0.941699 0.605355 0.01 0.01
0 0.933833 0.601703 0.01 0.01
0 0.919788 0.611254 0.01 0.01
0 0.931024 0.617995 0.01 0.01
0 0.921474 0.617434 0.01 0.01
0 0.909114 0.635973 0.01 0.01
0 0.899002 0.642434 0.01 0.01
0 0.886923 0.660973 0.01 0.01
0 0.913047 0.644681 0.01 0.01
0 0.940575 0.625861 0.01 0.01
0 0.947317 0.615748 0.01 0.01
0 0.936642 0.615186 0.01 0.01
0 0.937485 0.636816 0.01 0.01
0 0.934957 0.644400 0.01 0.01
0 0.929901 0.648052 0.01 0.01
0 0.952934 0.621647 0.01 0.01
0 0.941699 0.595524 0.01 0.01
0 0.947036 0.574456 0.01 0.01
0 0.946193 0.566591 0.01 0.01
0 0.955182 0.569400 0.01 0.01
0 0.953496 0.589625 0.01 0.01
0 0.933833 0.632040 0.01 0.01
0 0.920069 0.623052 0.01 0.01
0 0.881586 0.648052 0.01 0.01
0 0.879058 0.653951 0.01 0.01
0 0.874564 0.664063 0.01 0.01
0 0.947597 0.662377 0.01 0.01
0 0.927934 0.663220 0.01 0.01
0 0.946193 0.589906 0.01 0.01
0 0.956867 0.578670 0.01 0.01
0 0.963047 0.574175 0.01 0.01
0 0.965013 0.581198 0.01 0.01
0 0.960238 0.594962 0.01 0.01
0 0.952654 0.600861 0.01 0.01
0 0.949002 0.597771 0.01 0.01
0 0.962204 0.604793 0.01 0.01
0 0.966418 0.611254 0.01 0.01
0 0.955463 0.607321 0.01 0.01
0 0.959676 0.615748 0.01 0.01
0 0.962485 0.624175 0.01 0.01
0 0.956867 0.628108 0.01 0.01
0 0.946193 0.630074 0.01 0.01
0 0.949002 0.627546 0.01 0.01
0 0.960519 0.632040 0.01 0.01
0 0.967541 0.635411 0.01 0.01
0 0.966979 0.640748 0.01 0.01
0 0.960238 0.642153 0.01 0.01
0 0.950687 0.652546 0.01 0.01
0 0.944508 0.643276 0.01 0.01
0 0.963890 0.657040 0.01 0.01
0 0.975968 0.641310 0.01 0.01
0 0.973440 0.651703 0.01 0.01
0 0.981024 0.650580 0.01 0.01
0 0.987766 0.650580 0.01 0.01
0 0.988328 0.639906 0.01 0.01
0 0.986081 0.635411 0.01 0.01
0 0.971474 0.619400 0.01 0.01
0 0.981586 0.621085 0.01 0.01
0 0.980463 0.614344 0.01 0.01
0 0.973440 0.607321 0.01 0.01
0 0.975126 0.599456 0.01 0.01
0 0.971474 0.593557 0.01 0.01
0 0.965856 0.587658 0.01 0.01
0 0.972317 0.586254 0.01 0.01
0 0.972036 0.578108 0.01 0.01
0 0.976811 0.576142 0.01 0.01
0 0.972036 0.571647 0.01 0.01
0 0.979339 0.567715 0.01 0.01
0 0.981586 0.572771 0.01 0.01
0 0.984395 0.575299 0.01 0.01
0 0.988890 0.572209 0.01 0.01
0 0.995069 0.567434 0.01 0.01
0 0.993103 0.576422 0.01 0.01
0 0.981867 0.578389 0.01 0.01
0 0.979901 0.582321 0.01 0.01
0 0.990294 0.591591 0.01 0.01
0 0.982991 0.591872 0.01 0.01
0 0.981305 0.585973 0.01 0.01
0 0.998440 0.595524 0.01 0.01
0 0.987485 0.597490 0.01 0.01
0 0.992260 0.616029 0.01 0.01
0 0.998159 0.602265 0.01 0.01
0 1.003215 0.609288 0.01 0.01
0 1.001811 0.615748 0.01 0.01
0 0.993384 0.599737 0.01 0.01
0 1.002654 0.632040 0.01 0.01
0 1.007429 0.644119 0.01 0.01
0 0.999845 0.650580 0.01 0.01
0 0.981024 0.638501 0.01 0.01
0 0.994508 0.634007 0.01 0.01
0 1.012204 0.653951 0.01 0.01
0 1.013328 0.633445 0.01 0.01
0 0.988328 0.566310 0.01 0.01
0 1.007991 0.590186 0.01 0.01
0 1.005743 0.598894 0.01 0.01
0 1.015575 0.602265 0.01 0.01
0 1.018384 0.609849 0.01 0.01
0 1.013047 0.608726 0.01 0.01
0 1.015856 0.617153 0.01 0.01
0 1.020912 0.617715 0.01 0.01
0 1.014451 0.624456 0.01 0.01
0 1.009114 0.624175 0.01 0.01
0 1.019227 0.638220 0.01 0.01
0 1.019788 0.647771 0.01 0.01
0 1.026249 0.641872 0.01 0.01
0 1.027092 0.629512 0.01 0.01
0 1.033272 0.634007 0.01 0.01
0 1.034676 0.646647 0.01 0.01
0 1.046474 0.648613 0.01 0.01
0 1.015294 0.665186 0.01 0.01
0 1.003496 0.577827 0.01 0.01
0 0.999283 0.575861 0.01 0.01
0 1.001249 0.570243 0.01 0.01
0 1.029339 0.601984 0.01 0.01
0 1.009114 0.571085 0.01 0.01
0 1.010519 0.579793 0.01 0.01
0 1.019227 0.579231 0.01 0.01
0 1.019508 0.591872 0.01 0.01
0 1.032710 0.623894 0.01 0.01
0 1.045631 0.657321 0.01 0.01
0 1.046474 0.664063 0.01 0.01
0 1.043384 0.619400 0.01 0.01
0 1.037204 0.610130 0.01 0.01
0 1.028215 0.612377 0.01 0.01
0 1.021193 0.570524 0.01 0.01
0 1.025406 0.583726 0.01 0.01
0 1.015013 0.577827 0.01 0.01
0 1.048721 0.634007 0.01 0.01
0 1.057148 0.642995 0.01 0.01
0 1.063890 0.662658 0.01 0.01
0 1.049002 0.603389 0.01 0.01
0 1.036361 0.567434 0.01 0.01
0 1.036081 0.574737 0.01 0.01
0 1.047878 0.568276 0.01 0.01
0 1.046474 0.579231 0.01 0.01
0 1.050968 0.578670 0.01 0.01
0 1.049845 0.584288 0.01 0.01
0 1.049283 0.590186 0.01 0.01
0 1.062485 0.571366 0.01 0.01
0 1.055182 0.579231 0.01 0.01
0 1.065013 0.587658 0.01 0.01
0 1.026811 0.576422 0.01 0.01
0 1.045631 0.574456 0.01 0.01
0 1.044788 0.570243 0.01 0.01
0 1.049564 0.573333 0.01 0.01
0 1.029901 0.619962 0.01 0.01
0 1.041418 0.598052 0.01 0.01
0 1.045631 0.589063 0.01 0.01
0 1.024845 0.598894 0.01 0.01
0 1.021193 0.630074 0.01 0.01
0 1.038398 0.583094 0.01 0.01
0 1.056656 0.593206 0.01 0.01
0 1.058623 0.585060 0.01 0.01
0 1.064241 0.584217 0.01 0.01
0 1.064662 0.580144 0.01 0.01
0 1.070420 0.580425 0.01 0.01
0 1.067050 0.574526 0.01 0.01
0 1.056656 0.572981 0.01 0.01
0 1.069437 0.599105 0.01 0.01
0 1.083342 0.580847 0.01 0.01
0 1.087836 0.588431 0.01 0.01
0 1.081656 0.605987 0.01 0.01
0 1.087977 0.602335 0.01 0.01
0 1.092892 0.590959 0.01 0.01
0 1.075336 0.570032 0.01 0.01
0 1.080673 0.575510 0.01 0.01
0 1.064100 0.595875 0.01 0.01
0 1.020701 0.598403 0.01 0.01
0 1.028005 0.571436 0.01 0.01
0 1.076741 0.591661 0.01 0.01
0 1.071684 0.572981 0.01 0.01
0 1.084465 0.591942 0.01 0.01
0 1.074493 0.606549 0.01 0.01
0 1.064802 0.604723 0.01 0.01
0 1.065575 0.616029 0.01 0.01
0 1.057429 0.629793 0.01 0.01
0 1.059114 0.636254 0.01 0.01
0 1.062204 0.633726 0.01 0.01
0 1.047878 0.640748 0.01 0.01
0 1.071193 0.641310 0.01 0.01
0 1.068665 0.631198 0.01 0.01
0 1.053777 0.596366 0.01 0.01
0 1.075968 0.639344 0.01 0.01
0 1.084957 0.637377 0.01 0.01
0 1.080463 0.642715 0.01 0.01
0 1.090294 0.635692 0.01 0.01
0 1.091137 0.582883 0.01 0.01
0 1.092541 0.576703 0.01 0.01
0 1.110800 0.576703 0.01 0.01
0 1.110519 0.581479 0.01 0.01
0 1.113047 0.590467 0.01 0.01
0 1.108552 0.585692 0.01 0.01
0 1.109395 0.598894 0.01 0.01
0 1.107710 0.608726 0.01 0.01
0 1.116979 0.598333 0.01 0.01
0 1.115294 0.608164 0.01 0.01
0 1.109676 0.618557 0.01 0.01
0 1.120631 0.611535 0.01 0.01
0 1.111081 0.626422 0.01 0.01
0 1.108552 0.631198 0.01 0.01
0 1.114170 0.639625 0.01 0.01
0 1.111923 0.647209 0.01 0.01
0 1.124564 0.579793 0.01 0.01
0 1.119227 0.578389 0.01 0.01
0 1.118103 0.585973 0.01 0.01
0 1.125617 0.595453 0.01 0.01
0 1.128988 0.591240 0.01 0.01
0 1.127162 0.588571 0.01 0.01
0 1.123651 0.604302 0.01 0.01
0 1.126179 0.610762 0.01 0.01
0 1.128567 0.617363 0.01 0.01
0 1.123791 0.626633 0.01 0.01
0 1.146263 0.583375 0.01 0.01
0 1.153145 0.579021 0.01 0.01
0 1.137696 0.575510 0.01 0.01
0 1.135449 0.585341 0.01 0.01
0 1.138819 0.594189 0.01 0.01
0 1.146825 0.606268 0.01 0.01
0 1.146825 0.619751 0.01 0.01
0 1.137134 0.621577 0.01 0.01
0 1.132640 0.627335 0.01 0.01
0 1.148510 0.590959 0.01 0.01
0 1.152022 0.589274 0.01 0.01
0 1.168173 0.576493 0.01 0.01
0 1.169999 0.583375 0.01 0.01
0 1.164241 0.586324 0.01 0.01
0 1.154128 0.593908 0.01 0.01
0 1.161713 0.599105 0.01 0.01
0 1.161432 0.610903 0.01 0.01
0 1.119367 0.622911 0.01 0.01
0 1.153075 0.620383 0.01 0.01
0 1.142401 0.624035 0.01 0.01
0 1.168243 0.596226 0.01 0.01
0 1.163749 0.624035 0.01 0.01
0 1.147176 0.641170 0.01 0.01
0 1.124985 0.654934 0.01 0.01
0 1.120772 0.664484 0.01 0.01
0 1.108693 0.660552 0.01 0.01
0 1.099142 0.659990 0.01 0.01
0 1.089311 0.667293 0.01 0.01
0 1.140154 0.663361 0.01 0.01
0 1.126109 0.680215 0.01 0.01
0 1.067120 0.680215 0.01 0.01
0 1.182850 0.663361 0.01 0.01
0 1.165996 0.650439 0.01 0.01
0 1.154199 0.665608 0.01 0.01
0 1.185378 0.675720 0.01 0.01
0 1.199142 0.676563 0.01 0.01
0 1.176670 0.667855 0.01 0.01
0 1.201670 0.654372 0.01 0.01
0 1.208693 0.661394 0.01 0.01
0 1.230603 0.670664 0.01 0.01
0 1.244367 0.700439 0.01 0.01
0 1.173019 0.706057 0.01 0.01
0 1.238187 0.679653 0.01 0.01
0 1.252513 0.678248 0.01 0.01
0 1.246895 0.667574 0.01 0.01
0 1.239311 0.658024 0.01 0.01
0 1.219648 0.641170 0.01 0.01
0 1.215154 0.651844 0.01 0.01
0 1.203356 0.647630 0.01 0.01
0 1.196333 0.641170 0.01 0.01
0 1.195491 0.647630 0.01 0.01
0 1.187906 0.641170 0.01 0.01
0 1.199142 0.628529 0.01 0.01
0 1.193524 0.588922 0.01 0.01
0 1.214873 0.622630 0.01 0.01
0 1.208974 0.613642 0.01 0.01
0 1.203637 0.617574 0.01 0.01
0 1.198861 0.609709 0.01 0.01
0 1.201951 0.599877 0.01 0.01
0 1.187064 0.595945 0.01 0.01
0 1.222176 0.678248 0.01 0.01
0 1.226390 0.651563 0.01 0.01
0 1.187977 0.605285 0.01 0.01
0 1.205111 0.632672 0.01 0.01
0 1.208763 0.630285 0.01 0.01
0 1.200055 0.621436 0.01 0.01
0 1.221684 0.624105 0.01 0.01
0 1.218595 0.632392 0.01 0.01
0 1.251109 0.661113 0.01 0.01
0 1.253356 0.650439 0.01 0.01
0 1.270772 0.585271 0.01 0.01
0 1.230322 0.640327 0.01 0.01
0 1.263468 0.644260 0.01 0.01
0 1.268524 0.649316 0.01 0.01
0 1.264592 0.656057 0.01 0.01
0 1.260659 0.663922 0.01 0.01
0 1.282008 0.669540 0.01 0.01
0 1.274142 0.680776 0.01 0.01
0 1.264030 0.681338 0.01 0.01
0 1.192822 0.573613 0.01 0.01
0 1.203777 0.578951 0.01 0.01
0 1.211361 0.584007 0.01 0.01
0 1.252373 0.581760 0.01 0.01
0 1.271474 0.591872 0.01 0.01
0 1.256867 0.570243 0.01 0.01
0 1.218946 0.591872 0.01 0.01
0 1.196193 0.581760 0.01 0.01
0 1.197878 0.579512 0.01 0.01
0 1.191699 0.588220 0.01 0.01
0 1.189451 0.583445 0.01 0.01
0 1.291979 0.579793 0.01 0.01
0 1.289451 0.587377 0.01 0.01
0 1.299564 0.605355 0.01 0.01
0 1.268384 0.634849 0.01 0.01
0 1.279058 0.624175 0.01 0.01
0 1.282991 0.639906 0.01 0.01
0 1.274002 0.629793 0.01 0.01
0 1.291137 0.625299 0.01 0.01
0 1.292260 0.611254 0.01 0.01
0 1.295069 0.619119 0.01 0.01
0 1.288890 0.617995 0.01 0.01
0 1.277092 0.649175 0.01 0.01
0 1.281867 0.658726 0.01 0.01
0 1.288890 0.646647 0.01 0.01
0 1.291418 0.656479 0.01 0.01
0 1.295631 0.631198 0.01 0.01
0 1.277373 0.634568 0.01 0.01
0 1.302654 0.634849 0.01 0.01
0 1.312766 0.620243 0.01 0.01
0 1.316137 0.631198 0.01 0.01
0 1.324564 0.623333 0.01 0.01
0 1.323721 0.613782 0.01 0.01
0 1.314732 0.610973 0.01 0.01
0 1.319788 0.594681 0.01 0.01
0 1.311361 0.590186 0.01 0.01
0 1.302373 0.575018 0.01 0.01
0 1.297878 0.575018 0.01 0.01
0 1.299002 0.570524 0.01 0.01
0 1.295631 0.575018 0.01 0.01
0 1.286642 0.579793 0.01 0.01
0 1.306024 0.583445 0.01 0.01
0 1.325126 0.584007 0.01 0.01
0 1.331024 0.579512 0.01 0.01
0 1.337485 0.616029 0.01 0.01
0 1.334957 0.624737 0.01 0.01
0 1.316137 0.647771 0.01 0.01
0 1.338047 0.647771 0.01 0.01
0 1.344508 0.636816 0.01 0.01
0 1.347597 0.629793 0.01 0.01
0 1.348440 0.617995 0.01 0.01
0 1.343946 0.611816 0.01 0.01
0 1.333552 0.594119 0.01 0.01
0 1.344508 0.582321 0.01 0.01
0 1.357710 0.591310 0.01 0.01
0 1.345631 0.589344 0.01 0.01
0 1.339451 0.579512 0.01 0.01
0 1.332148 0.589344 0.01 0.01
0 1.324845 0.597771 0.01 0.01
0 1.325126 0.630917 0.01 0.01
0 1.252373 0.564344 0.01 0.01
0 1.233272 0.563501 0.01 0.01
0 1.215575 0.565186 0.01 0.01
0 1.260238 0.564063 0.01 0.01
0 1.286361 0.663220 0.01 0.01
0 1.305743 0.650861 0.01 0.01
0 1.317541 0.638220 0.01 0.01
0 1.300968 0.612377 0.01 0.01
0 1.300126 0.645524 0.01 0.01
0 1.306586 0.660411 0.01 0.01
0 1.309957 0.654793 0.01 0.01
0 1.358272 0.635130 0.01 0.01
0 1.340294 0.657883 0.01 0.01
0 1.341699 0.663782 0.01 0.01
0 1.353777 0.598052 0.01 0.01
0 1.349564 0.606198 0.01 0.01
0 1.355182 0.608445 0.01 0.01
0 1.363047 0.621085 0.01 0.01
0 1.359114 0.646085 0.01 0.01
0 1.364732 0.652546 0.01 0.01
0 1.373721 0.646085 0.01 0.01
0 1.378215 0.620524 0.01 0.01
0 1.367822 0.630355 0.01 0.01
0 1.367260 0.598613 0.01 0.01
0 1.361081 0.603108 0.01 0.01
0 1.366418 0.612097 0.01 0.01
0 1.370631 0.616872 0.01 0.01
0 1.355463 0.584288 0.01 0.01
0 1.338047 0.607040 0.01 0.01
0 1.328215 0.606198 0.01 0.01
0 1.373440 0.582321 0.01 0.01
0 1.370069 0.591591 0.01 0.01
0 1.360519 0.581760 0.01 0.01
0 1.386361 0.606479 0.01 0.01
0 1.379339 0.598052 0.01 0.01
0 1.382148 0.590467 0.01 0.01
0 1.381867 0.641591 0.01 0.01
0 1.384676 0.655917 0.01 0.01
0 1.389170 0.651984 0.01 0.01
0 1.393103 0.651984 0.01 0.01
0 1.388047 0.642434 0.01 0.01
0 1.394508 0.639625 0.01 0.01
0 1.390856 0.634288 0.01 0.01
0 1.378496 0.629793 0.01 0.01
0 1.370631 0.638220 0.01 0.01
0 1.386923 0.619119 0.01 0.01
0 1.397317 0.628670 0.01 0.01
0 1.403496 0.623333 0.01 0.01
0 1.401811 0.638501 0.01 0.01
0 1.404058 0.645524 0.01 0.01
0 1.412485 0.618838 0.01 0.01
0 1.394227 0.615467 0.01 0.01
0 1.389170 0.588220 0.01 0.01
0 1.394508 0.593557 0.01 0.01
0 1.399283 0.598052 0.01 0.01
0 1.403496 0.612939 0.01 0.01
0 1.370350 0.605917 0.01 0.01
0 1.325126 0.666310 0.01 0.01
0 1.401811 0.632602 0.01 0.01
0 1.409957 0.628670 0.01 0.01
0 1.396193 0.662658 0.01 0.01
0 1.410238 0.651422 0.01 0.01
0 1.411081 0.658726 0.01 0.01
0 1.400406 0.657040 0.01 0.01
0 1.353496 0.651422 0.01 0.01
0 1.345350 0.623333 0.01 0.01
0 1.428496 0.654231 0.01 0.01
0 1.419227 0.650299 0.01 0.01
0 1.415856 0.635692 0.01 0.01
0 1.419227 0.627546 0.01 0.01
0 1.429058 0.642434 0.01 0.01
0 1.417260 0.644962 0.01 0.01
0 1.437204 0.649175 0.01 0.01
0 1.438890 0.639344 0.01 0.01
0 1.444788 0.656198 0.01 0.01
0 1.427934 0.622490 0.01 0.01
0 1.427092 0.613501 0.01 0.01
0 1.436642 0.617434 0.01 0.01
0 1.440294 0.621928 0.01 0.01
0 1.439170 0.627546 0.01 0.01
0 1.447878 0.614906 0.01 0.01
0 1.441137 0.611816 0.01 0.01
0 1.451811 0.622490 0.01 0.01
0 1.454058 0.618838 0.01 0.01
0 1.457991 0.642434 0.01 0.01
0 1.457991 0.632883 0.01 0.01
0 1.454620 0.651142 0.01 0.01
0 1.462485 0.623333 0.01 0.01
0 1.464170 0.655355 0.01 0.01
0 1.466418 0.649737 0.01 0.01
0 1.472878 0.657040 0.01 0.01
0 1.482429 0.656198 0.01 0.01
0 1.482148 0.649175 0.01 0.01
0 1.475968 0.644962 0.01 0.01
0 1.466418 0.642434 0.01 0.01
0 1.471474 0.638220 0.01 0.01
0 1.468384 0.626703 0.01 0.01
0 1.473440 0.619962 0.01 0.01
0 1.477934 0.625018 0.01 0.01
0 1.481024 0.632883 0.01 0.01
0 1.445631 0.621366 0.01 0.01
0 1.369508 0.563782 0.01 0.01
0 1.379901 0.559849 0.01 0.01
0 1.392541 0.562377 0.01 0.01
0 1.385238 0.568276 0.01 0.01
0 1.405463 0.562377 0.01 0.01
0 1.407991 0.566591 0.01 0.01
0 1.420631 0.567715 0.01 0.01
0 1.428496 0.566310 0.01 0.01
0 1.444508 0.566310 0.01 0.01
0 1.418665 0.583445 0.01 0.01
0 1.414732 0.583445 0.01 0.01
0 1.416979 0.598613 0.01 0.01
0 1.434395 0.598052 0.01 0.01
0 1.447317 0.586254 0.01 0.01
0 1.429339 0.586254 0.01 0.01
0 1.425687 0.587097 0.01 0.01
0 1.407991 0.584849 0.01 0.01
0 1.462766 0.585973 0.01 0.01
0 1.444578 0.604161 0.01 0.01
0 1.447668 0.606970 0.01 0.01
0 1.434746 0.606970 0.01 0.01
0 1.424915 0.592644 0.01 0.01
0 1.452022 0.599948 0.01 0.01
0 1.446404 0.593487 0.01 0.01
0 1.472527 0.614976 0.01 0.01
0 1.481095 0.607392 0.01 0.01
0 1.473510 0.593206 0.01 0.01
0 1.476600 0.587729 0.01 0.01
0 1.490364 0.598965 0.01 0.01
0 1.485308 0.596577 0.01 0.01
0 1.482920 0.591802 0.01 0.01
0 1.493454 0.620594 0.01 0.01
0 1.491488 0.638150 0.01 0.01
0 1.455814 0.607672 0.01 0.01
0 1.462555 0.596015 0.01 0.01
0 1.452724 0.593066 0.01 0.01
0 1.499353 0.626493 0.01 0.01
0 1.503988 0.626914 0.01 0.01
0 1.500477 0.613852 0.01 0.01
0 1.502022 0.610060 0.01 0.01
0 1.500758 0.602476 0.01 0.01
0 1.494578 0.602476 0.01 0.01
0 1.484887 0.621015 0.01 0.01
0 1.447106 0.633094 0.01 0.01
0 1.465224 0.614274 0.01 0.01
0 1.461853 0.606830 0.01 0.01
0 1.473089 0.599105 0.01 0.01
0 1.469578 0.604723 0.01 0.01
0 1.473089 0.610060 0.01 0.01
0 1.512204 0.626142 0.01 0.01
0 1.513890 0.617995 0.01 0.01
0 1.509114 0.612377 0.01 0.01
0 1.506305 0.617995 0.01 0.01
0 1.509676 0.606479 0.01 0.01
0 1.516979 0.603670 0.01 0.01
0 1.516979 0.609007 0.01 0.01
0 1.523721 0.625861 0.01 0.01
0 1.492822 0.659288 0.01 0.01
0 1.486923 0.629793 0.01 0.01
0 1.493103 0.631760 0.01 0.01
0 1.524283 0.606198 0.01 0.01
0 1.534114 0.589906 0.01 0.01
0 1.485519 0.587939 0.01 0.01
0 1.499002 0.591872 0.01 0.01
0 1.550968 0.578389 0.01 0.01
0 1.554058 0.592434 0.01 0.01
0 1.537485 0.600861 0.01 0.01
0 1.528215 0.612658 0.01 0.01
0 1.528777 0.617995 0.01 0.01
0 1.520912 0.631760 0.01 0.01
0 1.502654 0.655917 0.01 0.01
0 1.502373 0.660973 0.01 0.01
0 1.511081 0.658445 0.01 0.01
0 1.518946 0.653951 0.01 0.01
0 1.524002 0.659849 0.01 0.01
0 1.520350 0.646085 0.01 0.01
0 1.517260 0.640186 0.01 0.01
0 1.511081 0.642153 0.01 0.01
0 1.504620 0.647490 0.01 0.01
0 1.503215 0.637658 0.01 0.01
0 1.509676 0.636535 0.01 0.01
0 1.497036 0.637939 0.01 0.01
0 1.519788 0.622209 0.01 0.01
0 1.543103 0.603670 0.01 0.01
0 1.546755 0.597771 0.01 0.01
0 1.530743 0.603108 0.01 0.01
0 1.541137 0.611535 0.01 0.01
0 1.550406 0.613501 0.01 0.01
0 1.551811 0.621928 0.01 0.01
0 1.552934 0.641591 0.01 0.01
0 1.556024 0.633726 0.01 0.01
0 1.559395 0.620804 0.01 0.01
0 1.555743 0.603670 0.01 0.01
0 1.562204 0.612658 0.01 0.01
0 1.568103 0.618557 0.01 0.01
0 1.569788 0.630636 0.01 0.01
0 1.554339 0.666310 0.01 0.01
0 1.543665 0.669119 0.01 0.01
0 1.557710 0.658726 0.01 0.01
0 1.561923 0.641591 0.01 0.01
0 1.561081 0.628670 0.01 0.01
0 1.581305 0.621366 0.01 0.01
0 1.576811 0.639625 0.01 0.01
0 1.579620 0.596928 0.01 0.01
0 1.574283 0.599737 0.01 0.01
0 1.568946 0.598333 0.01 0.01
0 1.562485 0.603670 0.01 0.01
0 1.584676 0.611535 0.01 0.01
0 1.588890 0.609568 0.01 0.01
0 1.595069 0.610973 0.01 0.01
0 1.588609 0.604231 0.01 0.01
0 1.589170 0.601703 0.01 0.01
0 1.568103 0.603108 0.01 0.01
0 1.571474 0.606198 0.01 0.01
0 1.580182 0.607602 0.01 0.01
0 1.578777 0.613501 0.01 0.01
0 1.568946 0.620243 0.01 0.01
0 1.579339 0.646928 0.01 0.01
0 1.574283 0.655917 0.01 0.01
0 1.584957 0.652546 0.01 0.01
0 1.590013 0.651422 0.01 0.01
0 1.574564 0.647490 0.01 0.01
0 1.562766 0.652827 0.01 0.01
0 1.566979 0.658445 0.01 0.01
0 1.588609 0.618557 0.01 0.01
0 1.595631 0.601142 0.01 0.01
0 1.596755 0.618276 0.01 0.01
0 1.597597 0.631760 0.01 0.01
0 1.588890 0.631198 0.01 0.01
0 1.588890 0.639063 0.01 0.01
0 1.581305 0.631760 0.01 0.01
0 1.585800 0.671647 0.01 0.01
0 1.598791 0.638431 0.01 0.01
0 1.594999 0.659358 0.01 0.01
0 1.596544 0.665257 0.01 0.01
0 1.591769 0.665397 0.01 0.01
0 1.584465 0.663431 0.01 0.01
0 1.566067 0.666942 0.01 0.01
0 1.548229 0.631268 0.01 0.01
0 1.556797 0.616661 0.01 0.01
0 1.562415 0.673262 0.01 0.01
0 0.156727 0.725720 0.01 0.01
0 0.146614 0.695383 0.01 0.01
0 0.152794 0.686394 0.01 0.01
0 0.150547 0.674597 0.01 0.01
0 0.138749 0.648754 0.01 0.01
0 0.162906 0.652686 0.01 0.01
0 0.160659 0.647068 0.01 0.01
0 0.164030 0.666731 0.01 0.01
0 0.160097 0.672349 0.01 0.01
0 0.140434 0.663922 0.01 0.01
0 0.132569 0.666731 0.01 0.01
0 0.167401 0.691451 0.01 0.01
0 0.131446 0.658866 0.01 0.01
0 0.175266 0.675720 0.01 0.01
0 0.174142 0.666731 0.01 0.01
0 0.160659 0.707181 0.01 0.01
0 0.171333 0.702125 0.01 0.01
0 0.187626 0.694260 0.01 0.01
0 0.182008 0.716170 0.01 0.01
0 0.169648 0.713922 0.01 0.01
0 0.147738 0.750439 0.01 0.01
0 0.109114 0.736535 0.01 0.01
0 0.155182 0.769400 0.01 0.01
0 0.159676 0.759288 0.01 0.01
0 0.159114 0.777827 0.01 0.01
0 0.160238 0.739063 0.01 0.01
0 0.183272 0.740467 0.01 0.01
0 0.187204 0.733445 0.01 0.01
0 0.191418 0.752546 0.01 0.01
0 0.189732 0.762939 0.01 0.01
0 0.202934 0.758164 0.01 0.01
0 0.177373 0.769400 0.01 0.01
0 0.172317 0.779231 0.01 0.01
0 0.187766 0.776984 0.01 0.01
0 0.201811 0.776422 0.01 0.01
0 0.212485 0.773894 0.01 0.01
0 0.194788 0.768838 0.01 0.01
0 0.215294 0.767995 0.01 0.01
0 0.223440 0.755074 0.01 0.01
0 0.216979 0.745804 0.01 0.01
0 0.220350 0.730917 0.01 0.01
0 0.210519 0.724175 0.01 0.01
0 0.206305 0.690467 0.01 0.01
0 0.197597 0.712377 0.01 0.01
0 0.200126 0.734007 0.01 0.01
0 0.190996 0.639203 0.01 0.01
0 0.194929 0.654934 0.01 0.01
0 0.196614 0.672911 0.01 0.01
0 0.209536 0.642574 0.01 0.01
0 0.216839 0.635833 0.01 0.01
0 0.224704 0.650439 0.01 0.01
0 0.240996 0.646507 0.01 0.01
0 0.255603 0.635271 0.01 0.01
0 0.273581 0.621788 0.01 0.01
0 0.266277 0.620664 0.01 0.01
0 0.249423 0.655495 0.01 0.01
0 0.253356 0.666170 0.01 0.01
0 0.223019 0.683024 0.01 0.01
0 0.230322 0.675158 0.01 0.01
0 0.216839 0.674035 0.01 0.01
0 0.214592 0.656619 0.01 0.01
0 0.226390 0.623473 0.01 0.01
0 0.229339 0.706760 0.01 0.01
0 0.250968 0.728951 0.01 0.01
0 0.251249 0.698894 0.01 0.01
0 0.250126 0.685973 0.01 0.01
0 0.234957 0.652827 0.01 0.01
0 0.233833 0.734288 0.01 0.01
0 0.238328 0.745243 0.01 0.01
0 0.250687 0.753951 0.01 0.01
0 0.262766 0.727827 0.01 0.01
0 0.274845 0.717715 0.01 0.01
0 0.258833 0.715748 0.01 0.01
0 0.264170 0.691029 0.01 0.01
0 0.267260 0.682602 0.01 0.01
0 0.279901 0.680636 0.01 0.01
0 0.283272 0.664625 0.01 0.01
0 0.270912 0.656760 0.01 0.01
0 0.297036 0.681479 0.01 0.01
0 0.280743 0.689063 0.01 0.01
0 0.272597 0.699456 0.01 0.01
0 0.281305 0.726422 0.01 0.01
0 0.274845 0.734288 0.01 0.01
0 0.274283 0.746366 0.01 0.01
0 0.290294 0.755074 0.01 0.01
0 0.286923 0.766591 0.01 0.01
0 0.291979 0.730355 0.01 0.01
0 0.246193 0.711535 0.01 0.01
0 0.227934 0.691029 0.01 0.01
0 0.288328 0.647490 0.01 0.01
0 0.307429 0.653670 0.01 0.01
0 0.308833 0.671647 0.01 0.01
0 0.292541 0.704231 0.01 0.01
0 0.302373 0.740467 0.01 0.01
0 0.304058 0.758164 0.01 0.01
0 0.301811 0.723613 0.01 0.01
0 0.308552 0.720524 0.01 0.01
0 0.303496 0.714625 0.01 0.01
0 0.300968 0.710692 0.01 0.01
0 0.307429 0.695243 0.01 0.01
0 0.301811 0.691310 0.01 0.01
0 0.295912 0.671085 0.01 0.01
0 0.316699 0.679793 0.01 0.01
0 0.306586 0.642434 0.01 0.01
0 0.324283 0.654231 0.01 0.01
0 0.333833 0.645243 0.01 0.01
0 0.315294 0.643276 0.01 0.01
0 0.335519 0.678670 0.01 0.01
0 0.343103 0.689063 0.01 0.01
0 0.336642 0.704793 0.01 0.01
0 0.329901 0.700299 0.01 0.01
0 0.342260 0.723052 0.01 0.01
0 0.340856 0.736254 0.01 0.01
0 0.331867 0.740748 0.01 0.01
0 0.317541 0.734849 0.01 0.01
0 0.319227 0.748052 0.01 0.01
0 0.329058 0.767715 0.01 0.01
0 0.320912 0.717434 0.01 0.01
0 0.315013 0.707602 0.01 0.01
0 0.305463 0.703670 0.01 0.01
0 0.350406 0.760130 0.01 0.01
0 0.358552 0.754512 0.01 0.01
0 0.354901 0.691029 0.01 0.01
0 0.344508 0.662658 0.01 0.01
0 0.347597 0.647209 0.01 0.01
0 0.344788 0.672490 0.01 0.01
0 0.298159 0.626142 0.01 0.01
0 0.283833 0.622209 0.01 0.01
0 0.284957 0.628108 0.01 0.01
0 0.267822 0.629512 0.01 0.01
0 0.290575 0.636535 0.01 0.01
0 0.277654 0.641310 0.01 0.01
0 0.308833 0.635411 0.01 0.01
0 0.309114 0.627546 0.01 0.01
0 0.318946 0.636254 0.01 0.01
0 0.315856 0.629512 0.01 0.01
0 0.327654 0.634849 0.01 0.01
0 0.339451 0.622490 0.01 0.01
0 0.347036 0.615748 0.01 0.01
0 0.339170 0.632040 0.01 0.01
0 0.349564 0.635411 0.01 0.01
0 0.356024 0.632602 0.01 0.01
0 0.359957 0.635130 0.01 0.01
0 0.355743 0.624737 0.01 0.01
0 0.372317 0.619681 0.01 0.01
0 0.358272 0.675299 0.01 0.01
0 0.376249 0.647209 0.01 0.01
0 0.397036 0.643838 0.01 0.01
0 0.390294 0.637939 0.01 0.01
0 0.377934 0.665186 0.01 0.01
0 0.403496 0.618838 0.01 0.01
0 0.398159 0.630074 0.01 0.01
0 0.401811 0.652827 0.01 0.01
0 0.372036 0.685973 0.01 0.01
0 0.361361 0.708726 0.01 0.01
0 0.386642 0.695524 0.01 0.01
0 0.384676 0.687939 0.01 0.01
0 0.388609 0.709288 0.01 0.01
0 0.372317 0.730636 0.01 0.01
0 0.390013 0.730355 0.01 0.01
0 0.360800 0.732602 0.01 0.01
0 0.404620 0.691872 0.01 0.01
0 0.408272 0.716310 0.01 0.01
0 0.396193 0.686535 0.01 0.01
0 0.398440 0.675299 0.01 0.01
0 0.392260 0.656479 0.01 0.01
0 0.413328 0.639344 0.01 0.01
0 0.416979 0.622209 0.01 0.01
0 0.423721 0.640186 0.01 0.01
0 0.417260 0.673333 0.01 0.01
0 0.429339 0.649175 0.01 0.01
0 0.426249 0.677265 0.01 0.01
0 0.420912 0.685130 0.01 0.01
0 0.426249 0.687939 0.01 0.01
0 0.424002 0.698894 0.01 0.01
0 0.419788 0.710130 0.01 0.01
0 0.422597 0.721647 0.01 0.01
0 0.428215 0.728389 0.01 0.01
0 0.401811 0.731760 0.01 0.01
0 0.401811 0.740186 0.01 0.01
0 0.444227 0.653108 0.01 0.01
0 0.448721 0.675299 0.01 0.01
0 0.443384 0.685130 0.01 0.01
0 0.443103 0.694400 0.01 0.01
0 0.453496 0.709288 0.01 0.01
0 0.452654 0.728108 0.01 0.01
0 0.436361 0.719962 0.01 0.01
0 0.439451 0.715748 0.01 0.01
0 0.455603 0.629091 0.01 0.01
0 0.444929 0.634147 0.01 0.01
0 0.452794 0.639203 0.01 0.01
0 0.470772 0.649316 0.01 0.01
0 0.474142 0.637518 0.01 0.01
0 0.464592 0.636394 0.01 0.01
0 0.464592 0.667855 0.01 0.01
0 0.478637 0.672911 0.01 0.01
0 0.465715 0.684147 0.01 0.01
0 0.467963 0.689765 0.01 0.01
0 0.474142 0.689765 0.01 0.01
0 0.478075 0.679653 0.01 0.01
0 0.506727 0.661675 0.01 0.01
0 0.489873 0.652125 0.01 0.01
0 0.511783 0.640327 0.01 0.01
0 0.524142 0.624597 0.01 0.01
0 0.490996 0.624597 0.01 0.01
0 0.499423 0.623473 0.01 0.01
0 0.426951 0.759428 0.01 0.01
0 0.408974 0.766170 0.01 0.01
0 0.387626 0.757743 0.01 0.01
0 0.396052 0.753248 0.01 0.01
0 0.374142 0.760552 0.01 0.01
0 0.350547 0.770664 0.01 0.01
0 0.343805 0.773473 0.01 0.01
0 0.386502 0.768979 0.01 0.01
0 0.439311 0.750439 0.01 0.01
0 0.448300 0.745383 0.01 0.01
0 0.476390 0.736956 0.01 0.01
0 0.474142 0.744821 0.01 0.01
0 0.470772 0.715046 0.01 0.01
0 0.471895 0.703248 0.01 0.01
0 0.486502 0.699316 0.01 0.01
0 0.493805 0.670664 0.01 0.01
0 0.541558 0.652686 0.01 0.01
0 0.520772 0.641451 0.01 0.01
0 0.529760 0.633585 0.01 0.01
0 0.535940 0.667855 0.01 0.01
0 0.513468 0.678529 0.01 0.01
0 0.521895 0.688642 0.01 0.01
0 0.494367 0.688642 0.01 0.01
0 0.510097 0.692012 0.01 0.01
0 0.510097 0.713922 0.01 0.01
0 0.489311 0.709428 0.01 0.01
0 0.495491 0.721788 0.01 0.01
0 0.492682 0.731900 0.01 0.01
0 0.506165 0.735833 0.01 0.01
0 0.528075 0.729091 0.01 0.01
0 0.531446 0.716731 0.01 0.01
0 0.534255 0.698192 0.01 0.01
0 0.542682 0.680215 0.01 0.01
0 0.560097 0.659990 0.01 0.01
0 0.549423 0.653248 0.01 0.01
0 0.549423 0.643136 0.01 0.01
0 0.523581 0.654934 0.01 0.01
0 0.493805 0.633585 0.01 0.01
0 0.503356 0.637518 0.01 0.01
0 0.506727 0.749316 0.01 0.01
0 0.501109 0.759428 0.01 0.01
0 0.485940 0.749316 0.01 0.01
0 0.458412 0.766731 0.01 0.01
0 0.423019 0.776282 0.01 0.01
0 0.528075 0.757181 0.01 0.01
0 0.516277 0.763361 0.01 0.01
0 0.518524 0.781338 0.01 0.01
0 0.485940 0.783024 0.01 0.01
0 0.496052 0.778529 0.01 0.01
0 0.489873 0.769540 0.01 0.01
0 0.497738 0.786956 0.01 0.01
0 0.497738 0.793136 0.01 0.01
0 0.486502 0.792574 0.01 0.01
0 0.471895 0.792574 0.01 0.01
0 0.458412 0.786394 0.01 0.01
0 0.446614 0.793698 0.01 0.01
0 0.439311 0.783024 0.01 0.01
0 0.448300 0.776282 0.01 0.01
0 0.423019 0.785833 0.01 0.01
0 0.414592 0.793136 0.01 0.01
0 0.397176 0.773473 0.01 0.01
0 0.402794 0.762237 0.01 0.01
0 0.412345 0.733585 0.01 0.01
0 0.374142 0.784709 0.01 0.01
0 0.348300 0.781900 0.01 0.01
0 0.307850 0.777406 0.01 0.01
0 0.293243 0.776844 0.01 0.01
0 0.555041 0.695383 0.01 0.01
0 0.559536 0.672349 0.01 0.01
0 0.538749 0.753810 0.01 0.01
0 0.528637 0.770664 0.01 0.01
0 0.530884 0.788642 0.01 0.01
0 0.554479 0.773473 0.01 0.01
0 0.545491 0.734709 0.01 0.01
0 0.569086 0.628529 0.01 0.01
0 0.578637 0.635271 0.01 0.01
0 0.582008 0.624597 0.01 0.01
0 0.579760 0.651001 0.01 0.01
0 0.570772 0.643136 0.01 0.01
0 0.558974 0.730776 0.01 0.01
0 0.579199 0.718979 0.01 0.01
0 0.578075 0.702125 0.01 0.01
0 0.569648 0.696507 0.01 0.01
0 0.570210 0.735833 0.01 0.01
0 0.564030 0.722911 0.01 0.01
0 0.583131 0.731900 0.01 0.01
0 0.578637 0.747068 0.01 0.01
0 0.590434 0.745383 0.01 0.01
0 0.574704 0.768417 0.01 0.01
0 0.565715 0.768979 0.01 0.01
0 0.564030 0.785833 0.01 0.01
0 0.544367 0.781900 0.01 0.01
0 0.535940 0.795383 0.01 0.01
0 0.559536 0.801001 0.01 0.01
0 0.584255 0.789203 0.01 0.01
0 0.598861 0.787518 0.01 0.01
0 0.585378 0.770664 0.01 0.01
0 0.596052 0.771226 0.01 0.01
0 0.610097 0.776844 0.01 0.01
0 0.607288 0.792574 0.01 0.01
0 0.608974 0.762799 0.01 0.01
0 0.606727 0.734709 0.01 0.01
0 0.619086 0.731900 0.01 0.01
0 0.625266 0.754934 0.01 0.01
0 0.638187 0.765046 0.01 0.01
0 0.638749 0.786394 0.01 0.01
0 0.655041 0.774035 0.01 0.01
0 0.660097 0.795383 0.01 0.01
0 0.668524 0.775158 0.01 0.01
0 0.623019 0.784709 0.01 0.01
0 0.608412 0.703248 0.01 0.01
0 0.590996 0.693136 0.01 0.01
0 0.585940 0.676282 0.01 0.01
0 0.590434 0.640889 0.01 0.01
0 0.590996 0.651001 0.01 0.01
0 0.600547 0.654934 0.01 0.01
0 0.609536 0.675720 0.01 0.01
0 0.616839 0.682462 0.01 0.01
0 0.624704 0.701001 0.01 0.01
0 0.638187 0.707181 0.01 0.01
0 0.639311 0.686394 0.01 0.01
0 0.640434 0.671788 0.01 0.01
0 0.617963 0.651001 0.01 0.01
0 0.610097 0.648192 0.01 0.01
0 0.560238 0.647209 0.01 0.01
0 0.546193 0.641310 0.01 0.01
0 0.647597 0.649175 0.01 0.01
0 0.630743 0.642153 0.01 0.01
0 0.533833 0.644681 0.01 0.01
0 0.548159 0.647490 0.01 0.01
0 0.658833 0.700580 0.01 0.01
0 0.663890 0.685692 0.01 0.01
0 0.663609 0.655636 0.01 0.01
0 0.658272 0.633726 0.01 0.01
0 0.665856 0.634288 0.01 0.01
0 0.663047 0.641872 0.01 0.01
0 0.657710 0.647771 0.01 0.01
0 0.649845 0.659849 0.01 0.01
0 0.624845 0.662097 0.01 0.01
0 0.234817 0.763922 0.01 0.01
0 0.242120 0.765608 0.01 0.01
0 0.243243 0.771788 0.01 0.01
0 0.236502 0.776844 0.01 0.01
0 0.267963 0.772911 0.01 0.01
0 0.259536 0.767855 0.01 0.01
0 0.264030 0.758304 0.01 0.01
0 0.390996 0.783585 0.01 0.01
0 0.401109 0.780776 0.01 0.01
0 0.365715 0.763922 0.01 0.01
0 0.332569 0.781900 0.01 0.01
0 0.321333 0.777406 0.01 0.01
0 0.686502 0.657181 0.01 0.01
0 0.696614 0.647630 0.01 0.01
0 0.708974 0.671788 0.01 0.01
0 0.690996 0.706619 0.01 0.01
0 0.675828 0.677967 0.01 0.01
0 0.695491 0.738080 0.01 0.01
0 0.688187 0.804372 0.01 0.01
0 0.680322 0.806057 0.01 0.01
0 0.703356 0.810552 0.01 0.01
0 0.721895 0.780215 0.01 0.01
0 0.732569 0.748754 0.01 0.01
0 0.724704 0.729091 0.01 0.01
0 0.708974 0.685833 0.01 0.01
0 0.719086 0.684709 0.01 0.01
0 0.740996 0.684709 0.01 0.01
0 0.731446 0.698192 0.01 0.01
0 0.731446 0.651001 0.01 0.01
0 0.721333 0.648754 0.01 0.01
0 0.710659 0.643698 0.01 0.01
0 0.705603 0.641451 0.01 0.01
0 0.756165 0.653248 0.01 0.01
0 0.773581 0.726282 0.01 0.01
0 0.769648 0.689765 0.01 0.01
0 0.759536 0.672911 0.01 0.01
0 0.755041 0.680776 0.01 0.01
0 0.806727 0.652686 0.01 0.01
0 0.792682 0.657743 0.01 0.01
0 0.808974 0.633585 0.01 0.01
0 0.860097 0.653248 0.01 0.01
0 0.853918 0.717293 0.01 0.01
0 0.766277 0.780215 0.01 0.01
0 0.786502 0.789203 0.01 0.01
0 0.892120 0.702125 0.01 0.01
0 0.898300 0.736956 0.01 0.01
0 0.883693 0.790327 0.01 0.01
0 0.907850 0.792012 0.01 0.01
0 0.890434 0.804372 0.01 0.01
0 0.869648 0.806057 0.01 0.01
0 0.861221 0.810552 0.01 0.01
0 0.842682 0.772911 0.01 0.01
0 0.894367 0.653248 0.01 0.01
0 0.905603 0.679653 0.01 0.01
0 0.916839 0.726844 0.01 0.01
0 0.917963 0.704372 0.01 0.01
0 0.919086 0.672911 0.01 0.01
0 0.903356 0.649877 0.01 0.01
0 0.867401 0.643698 0.01 0.01
0 0.875828 0.697630 0.01 0.01
0 0.846052 0.728529 0.01 0.01
0 0.942120 0.715046 0.01 0.01
0 0.956165 0.712237 0.01 0.01
0 0.964030 0.700439 0.01 0.01
0 0.967963 0.760552 0.01 0.01
0 0.949985 0.770102 0.01 0.01
0 0.933693 0.781900 0.01 0.01
0 0.950547 0.789765 0.01 0.01
0 0.976951 0.787518 0.01 0.01
0 0.989873 0.790327 0.01 0.01
0 1.004479 0.795383 0.01 0.01
0 0.999423 0.742574 0.01 0.01
0 0.974142 0.728529 0.01 0.01
0 0.992682 0.714484 0.01 0.01
0 1.019648 0.701563 0.01 0.01
0 1.008412 0.685271 0.01 0.01
0 1.016839 0.673473 0.01 0.01
0 1.029199 0.676844 0.01 0.01
0 1.053918 0.717293 0.01 0.01
0 1.066277 0.712237 0.01 0.01
0 1.061221 0.740327 0.01 0.01
0 1.058412 0.801001 0.01 0.01
0 1.037064 0.801563 0.01 0.01
0 1.052232 0.822349 0.01 0.01
0 1.077513 0.792012 0.01 0.01
0 1.077513 0.805495 0.01 0.01
0 1.081446 0.817293 0.01 0.01
0 1.098861 0.724035 0.01 0.01
0 1.099985 0.683585 0.01 0.01
0 0.975828 0.668979 0.01 0.01
0 1.120210 0.819540 0.01 0.01
0 1.111221 0.739765 0.01 0.01
0 1.141558 0.725720 0.01 0.01
0 1.132569 0.702125 0.01 0.01
0 1.100547 0.700439 0.01 0.01
0 1.170491 0.814430 0.01 0.01
0 1.161502 0.784093 0.01 0.01
0 1.212064 0.844768 0.01 0.01
0 1.219929 0.836902 0.01 0.01
0 1.224423 0.822296 0.01 0.01
0 1.222176 0.807689 0.01 0.01
0 1.232288 0.803194 0.01 0.01
0 1.271614 0.806565 0.01 0.01
0 1.267120 0.844768 0.01 0.01
0 1.248019 0.732408 0.01 0.01
0 1.236783 0.716678 0.01 0.01
0 1.201951 0.716678 0.01 0.01
0 0.987345 0.826790 0.01 0.01
0 1.008693 0.829037 0.01 0.01
0 1.273861 0.763869 0.01 0.01
0 1.306446 0.732408 0.01 0.01
0 1.312064 0.698700 0.01 0.01
0 1.294086 0.682970 0.01 0.01
0 1.301951 0.799824 0.01 0.01
0 1.305322 0.779599 0.01 0.01
0 1.317682 0.773981 0.01 0.01
0 1.309817 0.818925 0.01 0.01
0 1.296333 0.849262 0.01 0.01
0 1.339030 0.803194 0.01 0.01
0 1.363749 0.766116 0.01 0.01
0 1.378356 0.768363 0.01 0.01
0 1.378356 0.793082 0.01 0.01
0 1.371614 0.821172 0.01 0.01
0 1.379479 0.845891 0.01 0.01
0 1.351390 0.853756 0.01 0.01
0 1.416839 0.793363 0.01 0.01
0 1.460097 0.768644 0.01 0.01
0 1.337626 0.719206 0.01 0.01
0 1.359536 0.674262 0.01 0.01
0 1.348300 0.676509 0.01 0.01
0 1.343805 0.684374 0.01 0.01
0 1.369086 0.678194 0.01 0.01
0 1.374704 0.672015 0.01 0.01
0 1.391558 0.679880 0.01 0.01
0 1.408974 0.680442 0.01 0.01
0 1.420210 0.665835 0.01 0.01
0 1.438187 0.665835 0.01 0.01
0 1.442682 0.680442 0.01 0.01
0 1.460097 0.706284 0.01 0.01
0 1.463468 0.685498 0.01 0.01
0 1.455603 0.663588 0.01 0.01
0 1.351670 0.804037 0.01 0.01
0 1.424704 0.734936 0.01 0.01
0 1.307850 0.666397 0.01 0.01
0 1.308974 0.681565 0.01 0.01
0 1.482008 0.699543 0.01 0.01
0 1.492120 0.682127 0.01 0.01
0 1.469086 0.673700 0.01 0.01
0 1.457288 0.676509 0.01 0.01
0 1.457850 0.669768 0.01 0.01
0 1.526951 0.705723 0.01 0.01
0 1.516839 0.711902 0.01 0.01
0 1.516839 0.687745 0.01 0.01
0 1.534255 0.687745 0.01 0.01
0 1.519086 0.666959 0.01 0.01
0 1.497738 0.664711 0.01 0.01
0 1.496614 0.848981 0.01 0.01
0 0.707008 0.510833 0.01 0.01
0 0.776670 0.510833 0.01 0.01
0 0.805884 0.499597 0.01 0.01
0 1.581165 0.755776 0.01 0.01
0 1.553918 0.811675 0.01 0.01
0 1.575266 0.824597 0.01 0.01
0 1.565715 0.831338 0.01 0.01
0 1.593243 0.729653 0.01 0.01
0 1.554479 0.713922 0.01 0.01
0 1.574142 0.696507 0.01 0.01
0 1.565154 0.690327 0.01 0.01
0 1.549423 0.681338 0.01 0.01
0 1.574142 0.680215 0.01 0.01
0 1.596614 0.679091 0.01 0.01
0 1.590996 0.713361 0.01 0.01
0 1.574704 0.736956 0.01 0.01
0 1.509536 0.669540 0.01 0.01
0 1.555041 0.674597 0.01 0.01
0 1.163890 0.803108 0.01 0.01
0 1.150968 0.766029 0.01 0.01
0 1.252934 0.766872 0.01 0.01
0 1.588047 0.722436 0.01 0.01
0 1.584957 0.729459 0.01 0.01
0 1.129199 0.538080 0.01 0.01
0 1.153356 0.513361 0.01 0.01
0 1.157850 0.544260 0.01 0.01
0 1.135940 0.545945 0.01 0.01
0 1.108974 0.544260 0.01 0.01
0 1.096052 0.547630 0.01 0.01
0 1.169086 0.544821 0.01 0.01
0 0.103075 0.870610 0.01 0.01
0 0.007569 0.836902 0.01 0.01
0 0.018805 0.813307 0.01 0.01
0 0.016558 0.800947 0.01 0.01
0 0.028918 0.797577 0.01 0.01
0 0.001951 0.785217 0.01 0.01
0 0.059255 0.805442 0.01 0.01
0 0.085097 0.791959 0.01 0.01
0 0.226670 0.813307 0.01 0.01
0 0.239030 0.821172 0.01 0.01
0 0.250266 0.824543 0.01 0.01
0 0.233412 0.833532 0.01 0.01
0 0.207569 0.807689 0.01 0.01
0 0.264873 0.845891 0.01 0.01
0 0.245772 0.868363 0.01 0.01
0 0.263749 0.876228 0.01 0.01
0 0.287345 0.886341 0.01 0.01
0 0.294086 0.923419 0.01 0.01
0 0.261502 0.961621 0.01 0.01
0 0.348019 0.921172 0.01 0.01
0 0.291839 1.013307 0.01 0.01
0 0.291839 0.832408 0.01 0.01
0 0.286221 0.815554 0.01 0.01
0 0.272738 0.811060 0.01 0.01
0 0.273861 0.826790 0.01 0.01
0 0.313187 0.800947 0.01 0.01
0 0.321052 0.822296 0.01 0.01
0 0.312064 0.831284 0.01 0.01
0 0.351390 0.850385 0.01 0.01
0 0.334536 0.830161 0.01 0.01
0 0.310940 0.842520 0.01 0.01
0 0.319929 0.864992 0.01 0.01
0 0.283974 0.850385 0.01 0.01
0 0.355884 0.822296 0.01 0.01
0 0.346895 0.830161 0.01 0.01
0 0.369367 0.829037 0.01 0.01
0 0.369367 0.838026 0.01 0.01
0 0.381727 0.853756 0.01 0.01
0 0.385097 0.886341 0.01 0.01
0 0.340154 0.896453 0.01 0.01
0 0.383974 0.925666 0.01 0.01
0 0.424423 0.972857 0.01 0.01
0 0.427794 0.899824 0.01 0.01
0 0.431165 0.880723 0.01 0.01
0 0.465996 0.869487 0.01 0.01
0 0.421052 0.824543 0.01 0.01
0 0.424423 0.852633 0.01 0.01
0 0.407569 0.847015 0.01 0.01
0 0.404199 0.832408 0.01 0.01
0 0.387345 0.829037 0.01 0.01
0 0.450266 0.841397 0.01 0.01
0 0.443524 0.818925 0.01 0.01
0 0.481727 0.912183 0.01 0.01
0 0.483974 0.815554 0.01 0.01
0 0.472738 0.829037 0.01 0.01
0 0.473861 0.839150 0.01 0.01
0 0.488468 0.830161 0.01 0.01
0 0.508693 0.850385 0.01 0.01
0 0.495210 0.860498 0.01 0.01
0 0.524704 0.872577 0.01 0.01
0 0.516839 0.882689 0.01 0.01
0 0.525266 0.831565 0.01 0.01
0 0.506727 0.827633 0.01 0.01
0 0.511783 0.837183 0.01 0.01
0 0.495491 0.839992 0.01 0.01
0 0.495491 0.823138 0.01 0.01
0 0.565154 0.826509 0.01 0.01
0 0.543805 0.838869 0.01 0.01
0 0.548861 0.854037 0.01 0.01
0 0.529199 0.850666 0.01 0.01
0 0.519648 0.856846 0.01 0.01
0 0.549423 0.869768 0.01 0.01
0 0.566277 0.889430 0.01 0.01
0 0.576951 0.860779 0.01 0.01
0 0.560659 0.932689 0.01 0.01
0 0.599423 0.832127 0.01 0.01
0 0.610097 0.842239 0.01 0.01
0 0.612906 0.862464 0.01 0.01
0 0.635940 0.848981 0.01 0.01
0 0.615715 0.895048 0.01 0.01
0 0.601670 0.880442 0.01 0.01
0 0.632569 0.927633 0.01 0.01
0 0.652794 0.866959 0.01 0.01
0 0.676390 0.876509 0.01 0.01
0 0.673581 0.856846 0.01 0.01
0 0.675266 0.838307 0.01 0.01
0 0.648300 0.842239 0.01 0.01
0 0.686502 0.847296 0.01 0.01
0 0.711221 0.846172 0.01 0.01
0 0.746052 0.809655 0.01 0.01
0 0.755041 0.814711 0.01 0.01
0 0.723019 0.798419 0.01 0.01
0 0.717963 0.874824 0.01 0.01
0 0.715154 0.847857 0.01 0.01
0 0.730322 0.846172 0.01 0.01
0 0.741558 0.891116 0.01 0.01
0 0.740996 0.974824 0.01 0.01
0 0.626951 0.838307 0.01 0.01
0 0.761783 0.872577 0.01 0.01
0 0.592401 1.038922 0.01 0.01
0 0.809817 0.888588 0.01 0.01
0 0.777232 0.884093 0.01 0.01
0 0.765996 0.849262 0.01 0.01
0 0.801951 0.957127 0.01 0.01
0 0.878356 0.954880 0.01 0.01
0 0.849142 1.032408 0.01 0.01
0 0.923300 0.927914 0.01 0.01
0 0.810940 0.976228 0.01 0.01
0 0.865996 0.907689 0.01 0.01
0 0.853637 0.886341 0.01 0.01
0 0.852513 0.872857 0.01 0.01
0 0.851390 0.856003 0.01 0.01
0 0.869648 0.857970 0.01 0.01
0 0.880884 0.855723 0.01 0.01
0 0.886502 0.868644 0.01 0.01
0 0.901109 0.857970 0.01 0.01
0 0.913468 0.859655 0.01 0.01
0 0.935378 0.860779 0.01 0.01
0 0.921333 0.871453 0.01 0.01
0 0.964592 0.948419 0.01 0.01
0 0.966839 0.997296 0.01 0.01
0 0.983131 0.914150 0.01 0.01
0 1.001109 0.896172 0.01 0.01
0 1.007850 0.874262 0.01 0.01
0 0.971895 0.884936 0.01 0.01
0 0.962345 0.872577 0.01 0.01
0 0.943805 0.870329 0.01 0.01
0 0.933131 0.893925 0.01 0.01
0 0.904479 0.893925 0.01 0.01
0 0.893243 0.882127 0.01 0.01
0 1.026390 0.872577 0.01 0.01
0 1.030884 0.900105 0.01 0.01
0 1.065154 0.936621 0.01 0.01
0 1.075266 0.913026 0.01 0.01
0 1.060659 0.892239 0.01 0.01
0 1.044367 0.873700 0.01 0.01
0 1.038187 0.865835 0.01 0.01
0 0.985378 0.873700 0.01 0.01
0 1.060659 0.981565 0.01 0.01
0 1.121895 0.920329 0.01 0.01
0 1.095491 0.881565 0.01 0.01
0 1.087626 0.868644 0.01 0.01
0 1.074704 0.882127 0.01 0.01
0 1.020210 0.957970 0.01 0.01
0 0.955603 0.904037 0.01 0.01
0 1.024423 1.027914 0.01 0.01
0 1.105322 1.015554 0.01 0.01
0 1.148019 1.047015 0.01 0.01
0 1.231165 0.995329 0.01 0.01
0 1.313187 0.967239 0.01 0.01
0 1.331165 1.033532 0.01 0.01
0 1.269367 1.036902 0.01 0.01
0 1.382850 0.984093 0.01 0.01
0 1.451390 1.004318 0.01 0.01
0 1.416558 0.963869 0.01 0.01
0 1.452513 0.939150 0.01 0.01
0 1.387345 0.927914 0.01 0.01
0 1.383974 0.943644 0.01 0.01
0 1.361502 0.923419 0.01 0.01
0 1.343524 0.902071 0.01 0.01
0 1.325547 0.907689 0.01 0.01
0 1.252513 0.876228 0.01 0.01
0 1.189592 0.878475 0.01 0.01
0 1.119929 0.877352 0.01 0.01
0 1.188468 0.907689 0.01 0.01
0 1.203075 0.878475 0.01 0.01
0 1.414311 0.917801 0.01 0.01
0 1.422176 0.899824 0.01 0.01
0 1.387345 0.904318 0.01 0.01
0 1.488468 0.936902 0.01 0.01
0 1.518805 0.952633 0.01 0.01
0 1.539030 0.984093 0.01 0.01
0 1.485097 0.887464 0.01 0.01
0 1.471614 0.912183 0.01 0.01
0 1.453637 0.902071 0.01 0.01
0 1.508693 0.899824 0.01 0.01
0 1.519929 0.912183 0.01 0.01
0 1.553637 0.899824 0.01 0.01
0 1.544648 0.920048 0.01 0.01
0 1.534536 0.907689 0.01 0.01
0 1.572738 0.929037 0.01 0.01
0 1.577232 0.999824 0.01 0.01
0 1.205322 0.931284 0.01 0.01
0 1.259255 0.904318 0.01 0.01
0 1.368243 0.913307 0.01 0.01
0 1.439030 0.915554 0.01 0.01
0 1.442120 0.909655 0.01 0.01
0 1.405603 0.905723 0.01 0.01
0 1.490434 0.901790 0.01 0.01
0 1.508412 0.913588 0.01 0.01
0 1.592120 0.912464 0.01 0.01
0 1.570210 0.904599 0.01 0.01
0 1.573581 0.914711 0.01 0.01
0 1.030603 0.926563 0.01 0.01
0 0.656410 0.726586 0.01 0.01
0 0.646819 0.720193 0.01 0.01
