0 0.057126 0.351851 0.01 0.01
0 0.138318 0.328456 0.01 0.01
0 0.379144 0.269282 0.01 0.01
0 0.468594 0.294052 0.01 0.01
0 0.387401 0.507355 0.01 0.01
0 0.431438 0.583043 0.01 0.01
0 0.639236 0.449557 0.01 0.01
0 0.573181 0.250016 0.01 0.01
0 0.662630 0.212860 0.01 0.01
0 0.752080 0.243135 0.01 0.01
0 0.997034 0.310566 0.01 0.01
0 1.017676 0.477080 0.01 0.01
0 0.875933 0.567906 0.01 0.01
0 0.943364 0.653227 0.01 0.01
0 0.804374 0.821117 0.01 0.01
0 1.114007 0.522493 0.01 0.01
0 1.358961 0.477080 0.01 0.01
0 1.482814 0.490841 0.01 0.01
0 1.583273 0.622952 0.01 0.01
0 1.440153 0.856896 0.01 0.01
0 1.528227 0.979374 0.01 0.01
0 1.565383 0.320199 0.01 0.01
0 1.414007 0.362860 0.01 0.01
0 1.452539 0.272034 0.01 0.01
0 1.279144 0.208731 0.01 0.01
0 1.241988 0.193594 0.01 0.01
0 1.105750 0.146805 0.01 0.01
0 1.056208 0.135796 0.01 0.01
0 0.925474 0.127883 0.01 0.01
0 1.016300 0.105864 0.01 0.01
0 1.081667 0.099672 0.01 0.01
0 1.139465 0.083158 0.01 0.01
0 1.191071 0.062516 0.01 0.01
0 1.228227 0.055635 0.01 0.01
0 1.272952 0.041702 0.01 0.01
0 1.264007 0.026564 0.01 0.01
0 1.459075 0.116013 0.01 0.01
0 1.514809 0.097780 0.01 0.01
0 1.553571 0.018221 0.01 0.01
0 1.201306 0.013448 0.01 0.01
0 1.222464 0.018866 0.01 0.01
0 1.289981 0.018909 0.01 0.01
