0 0.114531 0.985499 0.01 0.01
0 0.505314 0.884116 0.01 0.01
0 0.418678 0.771674 0.01 0.01
0 0.888724 0.644485 0.01 0.01
0 0.907158 0.548632 0.01 0.01
0 1.082273 0.642641 0.01 0.01
0 1.207618 0.758770 0.01 0.01
0 1.264761 0.579969 0.01 0.01
0 1.192872 0.526512 0.01 0.01
0 1.200245 0.450936 0.01 0.01
0 1.113609 0.430660 0.01 0.01
0 0.988264 0.487803 0.01 0.01
0 0.632503 0.592872 0.01 0.01
0 1.552319 0.659231 0.01 0.01
0 1.548632 0.541259 0.01 0.01
0 1.594715 0.567065 0.01 0.01
0 1.568909 0.379047 0.01 0.01
0 1.473056 0.395637 0.01 0.01
0 1.439876 0.438033 0.01 0.01
0 0.110844 0.622365 0.01 0.01
0 0.167987 0.626052 0.01 0.01
0 0.247250 0.600245 0.01 0.01
0 0.180890 0.497019 0.01 0.01
0 0.195637 0.426973 0.01 0.01
0 0.062918 0.500706 0.01 0.01
0 0.053701 0.456466 0.01 0.01
0 0.037111 0.430660 0.01 0.01
0 0.035268 0.345867 0.01 0.01
0 0.027895 0.301628 0.01 0.01
0 0.085038 0.355084 0.01 0.01
0 0.070291 0.332964 0.01 0.01
0 0.277664 0.446328 0.01 0.01
0 0.327434 0.400245 0.01 0.01
0 0.384577 0.400245 0.01 0.01
0 0.377204 0.439876 0.01 0.01
0 0.376282 0.473978 0.01 0.01
0 0.391029 0.532964 0.01 0.01
0 0.491489 0.425130 0.01 0.01
0 0.461075 0.401167 0.01 0.01
0 0.439876 0.350476 0.01 0.01
0 0.484116 0.356927 0.01 0.01
0 0.532042 0.375360 0.01 0.01
0 0.582734 0.406697 0.01 0.01
0 0.616835 0.424208 0.01 0.01
0 0.667526 0.467526 0.01 0.01
0 0.674899 0.403932 0.01 0.01
0 0.735729 0.391950 0.01 0.01
0 0.755084 0.462918 0.01 0.01
0 0.755084 0.371674 0.01 0.01
0 0.670291 0.329277 0.01 0.01
0 0.619600 0.364300 0.01 0.01
0 0.629738 0.317296 0.01 0.01
0 0.603932 0.280429 0.01 0.01
0 0.552319 0.342181 0.01 0.01
0 0.561535 0.375360 0.01 0.01
0 0.528356 0.319139 0.01 0.01
0 0.525591 0.297019 0.01 0.01
0 0.499784 0.320061 0.01 0.01
0 0.471213 0.248171 0.01 0.01
0 0.436190 0.301628 0.01 0.01
0 0.414070 0.312687 0.01 0.01
0 0.421443 0.331121 0.01 0.01
0 0.286881 0.319139 0.01 0.01
0 0.301628 0.281351 0.01 0.01
0 0.272134 0.281351 0.01 0.01
0 0.189185 0.316374 0.01 0.01
0 0.148632 0.312687 0.01 0.01
0 0.186420 0.403932 0.01 0.01
0 0.119139 0.222365 0.01 0.01
0 0.147711 0.215913 0.01 0.01
0 0.192872 0.203010 0.01 0.01
0 0.270291 0.206697 0.01 0.01
0 0.396558 0.255545 0.01 0.01
0 0.343102 0.278586 0.01 0.01
0 0.664761 0.236190 0.01 0.01
0 0.697019 0.305314 0.01 0.01
0 0.752319 0.316374 0.01 0.01
0 0.746789 0.303471 0.01 0.01
0 0.739416 0.272134 0.01 0.01
0 0.764300 0.267526 0.01 0.01
0 0.686881 0.197480 0.01 0.01
0 1.321904 0.374439 0.01 0.01
0 1.404853 0.344946 0.01 0.01
0 1.412227 0.299784 0.01 0.01
0 1.515452 0.285038 0.01 0.01
0 1.529277 0.231582 0.01 0.01
0 1.598402 0.283194 0.01 0.01
0 1.595637 0.222365 0.01 0.01
0 1.585499 0.160614 0.01 0.01
0 1.545867 0.167987 0.01 0.01
0 1.532964 0.191029 0.01 0.01
0 1.515452 0.194715 0.01 0.01
0 1.500706 0.216835 0.01 0.01
0 1.448171 0.212227 0.01 0.01
0 1.414070 0.222365 0.01 0.01
0 1.328356 0.203010 0.01 0.01
0 1.269370 0.250936 0.01 0.01
0 1.156927 0.307158 0.01 0.01
0 1.041720 0.393793 0.01 0.01
0 0.943102 0.302549 0.01 0.01
0 0.916374 0.309923 0.01 0.01
0 0.898863 0.307158 0.01 0.01
0 0.875821 0.376282 0.01 0.01
0 0.835268 0.366144 0.01 0.01
0 0.849093 0.332042 0.01 0.01
0 0.832503 0.285038 0.01 0.01
0 0.804853 0.299784 0.01 0.01
0 0.835268 0.263840 0.01 0.01
0 0.861996 0.268448 0.01 0.01
0 0.857388 0.249093 0.01 0.01
0 0.857388 0.231582 0.01 0.01
0 0.894254 0.250936 0.01 0.01
0 0.958770 0.265683 0.01 0.01
0 0.993793 0.286881 0.01 0.01
0 0.978125 0.287803 0.01 0.01
0 1.047250 0.283194 0.01 0.01
0 1.073056 0.266605 0.01 0.01
0 1.026973 0.259231 0.01 0.01
0 0.968909 0.214070 0.01 0.01
0 0.944946 0.190107 0.01 0.01
0 0.896098 0.197480 0.01 0.01
0 0.843563 0.203932 0.01 0.01
0 0.819600 0.231582 0.01 0.01
0 0.816835 0.276743 0.01 0.01
0 0.807618 0.250936 0.01 0.01
0 0.861996 0.193793 0.01 0.01
0 0.897019 0.176282 0.01 0.01
0 0.881351 0.163379 0.01 0.01
0 0.860153 0.144024 0.01 0.01
0 0.847250 0.141259 0.01 0.01
0 0.839876 0.163379 0.01 0.01
0 0.954162 0.303471 0.01 0.01
0 1.052780 0.238033 0.01 0.01
0 1.053701 0.202088 0.01 0.01
0 1.077664 0.229738 0.01 0.01
0 1.092411 0.242641 0.01 0.01
0 1.121904 0.247250 0.01 0.01
0 1.107158 0.214070 0.01 0.01
0 1.085038 0.148632 0.01 0.01
0 1.120982 0.144946 0.01 0.01
0 1.132964 0.213148 0.01 0.01
0 1.176282 0.209462 0.01 0.01
0 1.178125 0.189185 0.01 0.01
0 1.186420 0.176282 0.01 0.01
0 1.192872 0.203010 0.01 0.01
0 1.214992 0.196558 0.01 0.01
0 1.240798 0.205775 0.01 0.01
0 1.254623 0.135729 0.01 0.01
0 1.203010 0.137572 0.01 0.01
0 1.180890 0.135729 0.01 0.01
0 1.546789 0.139416 0.01 0.01
0 0.912687 0.145867 0.01 0.01
0 0.884116 0.141259 0.01 0.01
0 0.806697 0.144946 0.01 0.01
0 0.509923 0.170291 0.01 0.01
0 0.558770 0.172134 0.01 0.01
0 0.594715 0.163840 0.01 0.01
0 0.702549 0.151858 0.01 0.01
0 0.730199 0.146328 0.01 0.01
0 0.785499 0.225591 0.01 0.01
0 0.789185 0.177664 0.01 0.01
0 0.787342 0.150936 0.01 0.01
0 0.827895 0.223747 0.01 0.01
0 0.707158 0.317757 0.01 0.01
0 1.489646 0.101167 0.01 0.01
0 1.556005 0.103010 0.01 0.01
0 1.535729 0.088264 0.01 0.01
0 1.211305 0.125130 0.01 0.01
0 1.191950 0.126973 0.01 0.01
0 1.198402 0.112227 0.01 0.01
0 1.186420 0.094715 0.01 0.01
0 1.342641 0.165683 0.01 0.01
0 1.356466 0.181351 0.01 0.01
0 0.676834 0.164626 0.01 0.01
