0 0.049071 1.084752 0.01 0.01
0 0.345785 1.103531 0.01 0.01
0 0.469729 0.985222 0.01 0.01
0 0.980527 0.889447 0.01 0.01
0 0.584283 0.590855 0.01 0.01
0 0.229353 0.619024 0.01 0.01
0 0.161747 0.540151 0.01 0.01
0 0.163625 0.431231 0.01 0.01
0 0.257522 0.500715 0.01 0.01
0 0.631231 0.423719 0.01 0.01
0 0.676301 0.455644 0.01 0.01
0 1.076301 0.401184 0.01 0.01
0 0.120433 0.318555 0.01 0.01
0 0.007757 0.237804 0.01 0.01
0 0.112921 0.111982 0.01 0.01
0 0.368320 0.093203 0.01 0.01
0 0.404001 0.113860 0.01 0.01
0 0.373954 0.153297 0.01 0.01
0 0.437804 0.157053 0.01 0.01
0 0.465973 0.098837 0.01 0.01
0 0.542968 0.217147 0.01 0.01
0 0.603062 0.117616 0.01 0.01
0 0.631231 0.121372 0.01 0.01
0 0.747663 0.196489 0.01 0.01
0 0.781466 0.164564 0.01 0.01
0 0.897898 0.127006 0.01 0.01
0 0.969259 0.117616 0.01 0.01
0 0.882874 0.111513 0.01 0.01
0 0.842499 0.093672 0.01 0.01
0 0.816208 0.070198 0.01 0.01
0 0.984283 0.062686 0.01 0.01
0 0.914799 0.056114 0.01 0.01
0 0.975832 0.032639 0.01 0.01
0 1.025597 0.046724 0.01 0.01
0 1.066912 0.070198 0.01 0.01
0 1.134517 0.062686 0.01 0.01
0 1.290386 0.150949 0.01 0.01
0 1.329823 0.144377 0.01 0.01
0 1.202123 0.023250 0.01 0.01
0 1.223719 0.026067 0.01 0.01
0 1.247193 0.026067 0.01 0.01
0 1.266912 0.027945 0.01 0.01
0 1.331700 0.033578 0.01 0.01
0 1.352358 0.027945 0.01 0.01
0 1.371137 0.039212 0.01 0.01
0 0.766442 0.030057 0.01 0.01
0 0.809165 0.022076 0.01 0.01
0 0.839682 0.020198 0.01 0.01
0 0.862686 0.027240 0.01 0.01
0 0.779118 0.097193 0.01 0.01
0 0.892733 0.043672 0.01 0.01
0 0.884752 0.028179 0.01 0.01
0 1.015738 0.023015 0.01 0.01
0 1.062217 0.016912 0.01 0.01
0 1.074424 0.014095 0.01 0.01
0 0.817616 0.011747 0.01 0.01
0 1.136395 0.013156 0.01 0.01
0 1.113860 0.011747 0.01 0.01
0 1.098837 0.020198 0.01 0.01
0 1.160339 0.016442 0.01 0.01
0 1.264564 0.013156 0.01 0.01
0 1.279118 0.015034 0.01 0.01
0 1.290855 0.015034 0.01 0.01
0 1.151888 0.011747 0.01 0.01
0 0.985222 0.009870 0.01 0.01
0 0.677168 0.019226 0.01 0.01
0 0.058587 0.075170 0.01 0.01
0 1.372073 0.011334 0.01 0.01
0 1.345700 0.006539 0.01 0.01
0 1.428817 0.008137 0.01 0.01
