0 0.017147 0.761747 0.01 0.01
0 0.221841 0.818085 0.01 0.01
0 0.353297 0.810574 0.01 0.01
0 0.248132 0.468790 0.01 0.01
0 0.067851 0.455644 0.01 0.01
0 0.681935 0.500715 0.01 0.01
0 0.847193 1.144846 0.01 0.01
0 0.954236 0.322311 0.01 0.01
0 0.912921 0.217147 0.01 0.01
0 0.880996 0.157053 0.01 0.01
0 0.933578 0.138273 0.01 0.01
0 0.584283 0.034987 0.01 0.01
0 0.439682 0.198367 0.01 0.01
0 0.385222 0.170198 0.01 0.01
0 0.311982 0.198367 0.01 0.01
0 0.178649 0.217147 0.01 0.01
0 0.137334 0.130762 0.01 0.01
0 0.420902 0.108226 0.01 0.01
0 0.426536 0.038743 0.01 0.01
0 1.054705 0.303062 0.01 0.01
0 0.287569 1.180527 0.01 0.01
0 0.747498 0.102343 0.01 0.01
0 0.273824 0.008606 0.01 0.01
