0 0.654141 0.988881 0.01 0.01
0 0.059985 0.464855 0.01 0.01
0 0.015180 0.256414 0.01 0.01
0 0.011284 0.141479 0.01 0.01
0 0.085310 0.129791 0.01 0.01
0 0.015180 0.046024 0.01 0.01
0 0.034661 0.007063 0.01 0.01
0 0.089206 0.018752 0.01 0.01
0 0.297648 0.073297 0.01 0.01
0 0.424271 0.079141 0.01 0.01
0 0.461284 0.007063 0.01 0.01
0 0.541154 0.083037 0.01 0.01
0 0.297648 0.162907 0.01 0.01
0 0.377518 0.188232 0.01 0.01
0 0.408687 0.291479 0.01 0.01
0 0.597648 0.225245 0.01 0.01
0 0.556739 0.160959 0.01 0.01
0 0.735959 0.160959 0.01 0.01
0 0.737907 0.092778 0.01 0.01
0 0.802193 0.014855 0.01 0.01
0 0.831414 0.065505 0.01 0.01
0 0.858687 0.010959 0.01 0.01
0 0.987258 0.817453 0.01 0.01
0 1.285310 0.860310 0.01 0.01
0 1.480115 0.301219 0.01 0.01
0 1.248297 0.133687 0.01 0.01
0 1.176219 0.123946 0.01 0.01
0 1.224920 0.051868 0.01 0.01
0 1.277518 0.086933 0.01 0.01
0 1.585310 0.203817 0.01 0.01
0 1.484011 0.018752 0.01 0.01
0 1.439206 0.010959 0.01 0.01
0 1.371024 0.034336 0.01 0.01
0 1.240505 0.005115 0.01 0.01
0 1.189855 0.032388 0.01 0.01
0 0.267977 0.642603 0.01 0.01
0 0.434211 0.748097 0.01 0.01
0 0.662783 0.508337 0.01 0.01
0 0.865780 0.463582 0.01 0.01
0 1.153492 0.319726 0.01 0.01
0 1.311734 0.596249 0.01 0.01
0 1.348497 0.156689 0.01 0.01
0 1.385260 0.073572 0.01 0.01
0 0.141704 0.024021 0.01 0.01
0 0.171483 0.318640 0.01 0.01
0 0.113289 0.319978 0.01 0.01
0 0.510613 0.006600 0.01 0.01
