0 0.856739 0.885635 0.01 0.01
0 1.037907 0.838881 0.01 0.01
0 1.252193 0.692778 0.01 0.01
0 1.380765 0.497972 0.01 0.01
0 1.462583 0.455115 0.01 0.01
0 1.106089 0.381089 0.01 0.01
0 1.041804 0.293427 0.01 0.01
0 1.086609 0.271998 0.01 0.01
0 1.135310 0.258362 0.01 0.01
0 1.166479 0.147323 0.01 0.01
0 1.199596 0.059661 0.01 0.01
0 1.250245 0.123946 0.01 0.01
0 1.341804 0.147323 0.01 0.01
0 1.328167 0.260310 0.01 0.01
0 1.361284 0.075245 0.01 0.01
0 0.946349 0.005115 0.01 0.01
0 0.798297 0.086933 0.01 0.01
0 0.780765 0.040180 0.01 0.01
0 0.728167 0.005115 0.01 0.01
0 0.673622 0.018752 0.01 0.01
0 0.654141 0.046024 0.01 0.01
0 0.636609 0.067453 0.01 0.01
0 0.587907 0.053817 0.01 0.01
0 0.603492 0.094726 0.01 0.01
0 0.595700 0.141479 0.01 0.01
0 0.432063 0.141479 0.01 0.01
0 0.239206 0.219401 0.01 0.01
0 0.132063 0.375245 0.01 0.01
0 0.095050 0.209661 0.01 0.01
0 0.102843 0.168752 0.01 0.01
0 0.169076 0.123946 0.01 0.01
0 0.213881 0.123946 0.01 0.01
0 0.346349 0.102518 0.01 0.01
0 0.394076 0.057226 0.01 0.01
0 0.405765 0.040667 0.01 0.01
0 0.456414 0.023135 0.01 0.01
0 0.469076 0.028005 0.01 0.01
0 0.502193 0.012420 0.01 0.01
0 0.286933 0.009498 0.01 0.01
0 0.340505 0.030927 0.01 0.01
0 0.247972 0.014368 0.01 0.01
0 0.216804 0.016317 0.01 0.01
0 0.161284 0.005602 0.01 0.01
0 0.111609 0.020213 0.01 0.01
0 0.092128 0.084498 0.01 0.01
0 0.068752 0.102031 0.01 0.01
0 0.014531 0.342615 0.01 0.01
0 0.016479 0.290018 0.01 0.01
0 0.013557 0.112745 0.01 0.01
0 0.040830 0.095213 0.01 0.01
