0 0.089174 0.728739 0.01 0.01
0 0.174111 0.892078 0.01 0.01
0 0.452877 1.020572 0.01 0.01
0 1.160681 0.920390 0.01 0.01
0 1.280463 0.942169 0.01 0.01
0 1.182459 0.800608 0.01 0.01
0 1.581007 1.075018 0.01 0.01
0 1.202060 0.428194 0.01 0.01
0 1.023476 0.519664 0.01 0.01
0 0.812223 0.410771 0.01 0.01
0 0.857958 0.310590 0.01 0.01
0 0.955962 0.249610 0.01 0.01
0 1.276107 0.262677 0.01 0.01
0 1.167214 0.206053 0.01 0.01
0 0.539991 0.295345 0.01 0.01
0 0.248158 0.077559 0.01 0.01
0 0.158866 0.060136 0.01 0.01
0 0.026016 0.090626 0.01 0.01
0 0.387541 0.081915 0.01 0.01
0 0.448521 0.147251 0.01 0.01
0 0.520390 0.038358 0.01 0.01
0 0.764310 0.053603 0.01 0.01
0 0.984274 0.010045 0.01 0.01
0 1.202060 0.044891 0.01 0.01
0 1.428557 0.014401 0.01 0.01
0 1.086633 0.053603 0.01 0.01
0 1.509138 0.097160 0.01 0.01
0 1.321842 0.044891 0.01 0.01
0 1.552085 0.602921 0.01 0.01
0 1.271148 0.957436 0.01 0.01
0 0.212954 0.683188 0.01 0.01
0 1.547402 0.063456 0.01 0.01
0 1.470479 0.025998 0.01 0.01
