0 0.632503 0.729277 0.01 0.01
0 0.684116 0.690568 0.01 0.01
0 0.988264 0.742181 0.01 0.01
0 0.885038 0.655545 0.01 0.01
0 1.025130 0.638955 0.01 0.01
0 1.332964 1.031582 0.01 0.01
0 1.314531 0.587342 0.01 0.01
0 1.351397 0.509923 0.01 0.01
0 1.347711 0.438033 0.01 0.01
0 1.273978 0.438033 0.01 0.01
0 1.487803 0.458310 0.01 0.01
0 1.596558 0.458310 0.01 0.01
0 0.909001 0.530199 0.01 0.01
0 0.872134 0.548632 0.01 0.01
0 0.835268 0.460153 0.01 0.01
0 0.756005 0.465683 0.01 0.01
0 0.687803 0.530199 0.01 0.01
0 0.586420 0.570752 0.01 0.01
0 0.368909 0.487803 0.01 0.01
0 0.162457 0.382734 0.01 0.01
0 0.280429 0.345867 0.01 0.01
0 0.335729 0.380890 0.01 0.01
0 0.451858 0.406697 0.01 0.01
0 0.547711 0.367987 0.01 0.01
0 0.671213 0.412227 0.01 0.01
0 0.726512 0.395637 0.01 0.01
0 0.789185 0.345867 0.01 0.01
0 0.744946 0.332964 0.01 0.01
0 0.870291 0.426973 0.01 0.01
0 0.859231 0.366144 0.01 0.01
0 0.934807 0.360614 0.01 0.01
0 1.014070 0.419600 0.01 0.01
0 1.050936 0.432503 0.01 0.01
0 1.119139 0.406697 0.01 0.01
0 1.178125 0.419600 0.01 0.01
0 1.233425 0.301628 0.01 0.01
0 1.299784 0.283194 0.01 0.01
0 1.336651 0.290568 0.01 0.01
0 0.479047 0.281812 0.01 0.01
0 0.503932 0.284577 0.01 0.01
0 0.526052 0.286420 0.01 0.01
0 0.540798 0.294715 0.01 0.01
0 0.589646 0.326973 0.01 0.01
0 0.628356 0.324208 0.01 0.01
0 0.678125 0.328817 0.01 0.01
0 0.932503 0.294715 0.01 0.01
0 0.830199 0.262457 0.01 0.01
0 0.685499 0.258770 0.01 0.01
0 0.745406 0.257849 0.01 0.01
0 0.737111 0.216374 0.01 0.01
0 0.708540 0.208079 0.01 0.01
0 0.715913 0.200706 0.01 0.01
0 0.698402 0.197941 0.01 0.01
0 0.680890 0.205314 0.01 0.01
0 0.620982 0.257849 0.01 0.01
0 0.606236 0.262457 0.01 0.01
0 0.596098 0.281812 0.01 0.01
0 0.527895 0.252319 0.01 0.01
0 0.552780 0.238494 0.01 0.01
0 0.549093 0.220061 0.01 0.01
0 0.587803 0.207158 0.01 0.01
0 0.576743 0.203471 0.01 0.01
0 0.611766 0.216374 0.01 0.01
0 0.614531 0.200706 0.01 0.01
0 0.669830 0.201628 0.01 0.01
0 0.674439 0.181351 0.01 0.01
0 0.430199 0.258770 0.01 0.01
0 0.446789 0.218217 0.01 0.01
0 0.451397 0.209923 0.01 0.01
0 0.463379 0.200706 0.01 0.01
0 0.486420 0.192411 0.01 0.01
0 0.484577 0.220061 0.01 0.01
0 0.476282 0.240337 0.01 0.01
0 0.481812 0.252319 0.01 0.01
0 0.507618 0.210844 0.01 0.01
0 0.179508 0.316835 0.01 0.01
0 0.164761 0.341720 0.01 0.01
0 0.111305 0.330660 0.01 0.01
0 0.303932 0.290107 0.01 0.01
0 0.213609 0.308540 0.01 0.01
0 0.259692 0.287342 0.01 0.01
0 0.366605 0.257849 0.01 0.01
0 0.350015 0.242181 0.01 0.01
0 0.369370 0.223747 0.01 0.01
0 0.404393 0.209001 0.01 0.01
0 0.414531 0.209923 0.01 0.01
0 0.437572 0.197019 0.01 0.01
0 0.456005 0.148171 0.01 0.01
0 0.397019 0.140798 0.01 0.01
0 0.359231 0.190568 0.01 0.01
0 0.347250 0.166605 0.01 0.01
0 0.345406 0.154623 0.01 0.01
0 0.337111 0.197019 0.01 0.01
0 0.330660 0.221904 0.01 0.01
0 0.318678 0.206236 0.01 0.01
0 0.293793 0.170291 0.01 0.01
0 0.279969 0.204393 0.01 0.01
0 0.291950 0.210844 0.01 0.01
0 0.326052 0.251397 0.01 0.01
0 0.129277 0.223747 0.01 0.01
0 0.167065 0.230660 0.01 0.01
0 0.075821 0.334346 0.01 0.01
0 0.004393 0.355084 0.01 0.01
0 0.035268 0.252319 0.01 0.01
0 0.033425 0.229738 0.01 0.01
0 0.082273 0.229738 0.01 0.01
0 0.102549 0.249093 0.01 0.01
0 0.089185 0.196558 0.01 0.01
0 1.254623 0.268448 0.01 0.01
0 1.250936 0.285038 0.01 0.01
0 1.247250 0.253701 0.01 0.01
0 1.398402 0.266605 0.01 0.01
0 1.414992 0.277204 0.01 0.01
0 1.479508 0.215452 0.01 0.01
0 1.466144 0.197941 0.01 0.01
0 1.419600 0.197941 0.01 0.01
0 1.496558 0.165222 0.01 0.01
0 1.562918 0.190568 0.01 0.01
0 1.554623 0.272134 0.01 0.01
0 1.590568 0.238494 0.01 0.01
0 1.045406 0.253701 0.01 0.01
0 1.006697 0.257849 0.01 0.01
0 0.990568 0.238955 0.01 0.01
0 1.093793 0.187342 0.01 0.01
0 1.081812 0.241720 0.01 0.01
0 1.152319 0.231121 0.01 0.01
0 1.138955 0.167987 0.01 0.01
0 1.171674 0.167987 0.01 0.01
0 1.167526 0.126052 0.01 0.01
0 1.155545 0.141259 0.01 0.01
0 1.175360 0.136190 0.01 0.01
0 1.121904 0.324208 0.01 0.01
0 1.011305 0.310383 0.01 0.01
0 0.918217 0.237572 0.01 0.01
0 0.869370 0.203471 0.01 0.01
0 0.832503 0.237572 0.01 0.01
0 0.820522 0.215452 0.01 0.01
0 0.790107 0.212687 0.01 0.01
0 0.796558 0.190568 0.01 0.01
0 0.807618 0.187803 0.01 0.01
0 0.819600 0.187803 0.01 0.01
0 0.835268 0.207158 0.01 0.01
0 0.818678 0.168448 0.01 0.01
0 0.889646 0.190568 0.01 0.01
0 0.645406 0.268909 0.01 0.01
0 0.756466 0.193793 0.01 0.01
0 0.776743 0.201628 0.01 0.01
0 0.489185 0.206236 0.01 0.01
0 0.426259 0.366630 0.01 0.01
