0 0.078150 1.044636 0.01 0.01
0 0.025882 0.992367 0.01 0.01
0 0.076215 0.959457 0.01 0.01
0 0.114932 1.000110 0.01 0.01
0 0.147842 1.046571 0.01 0.01
0 0.184623 1.023341 0.01 0.01
0 0.169137 0.963329 0.01 0.01
0 0.149778 0.936227 0.01 0.01
0 0.297630 1.048991 0.01 0.01
0 0.267624 1.026729 0.01 0.01
0 0.284079 0.966717 0.01 0.01
0 0.251169 0.953166 0.01 0.01
0 0.286015 0.910576 0.01 0.01
0 0.274400 0.856372 0.01 0.01
0 0.324732 0.839917 0.01 0.01
0 0.384744 0.828302 0.01 0.01
0 0.367322 0.842821 0.01 0.01
0 0.392488 0.860244 0.01 0.01
0 0.441853 0.828302 0.01 0.01
0 0.345059 1.009306 0.01 0.01
0 0.335380 0.957037 0.01 0.01
0 0.367322 0.929935 0.01 0.01
0 0.346995 0.904769 0.01 0.01
0 0.330540 0.880570 0.01 0.01
0 0.431205 1.004466 0.01 0.01
0 0.444757 1.062542 0.01 0.01
0 0.507672 1.001562 0.01 0.01
0 0.536711 0.975428 0.01 0.01
0 0.546390 0.902833 0.01 0.01
0 0.499929 0.887346 0.01 0.01
0 0.446692 0.900897 0.01 0.01
0 0.502833 0.833141 0.01 0.01
0 0.036287 0.807975 0.01 0.01
0 0.055646 0.776033 0.01 0.01
0 0.002409 0.715053 0.01 0.01
0 0.032415 0.598901 0.01 0.01
0 0.006281 0.570830 0.01 0.01
0 0.018864 0.543728 0.01 0.01
0 0.046934 0.538888 0.01 0.01
0 0.080812 0.547600 0.01 0.01
0 0.073069 0.582446 0.01 0.01
0 0.063389 0.567927 0.01 0.01
0 0.157279 0.783293 0.01 0.01
0 0.078876 0.701018 0.01 0.01
0 0.130177 0.671980 0.01 0.01
0 0.153408 0.703922 0.01 0.01
0 0.129209 0.578090 0.01 0.01
0 0.102107 0.568411 0.01 0.01
0 0.139856 0.539372 0.01 0.01
0 0.166959 0.581962 0.01 0.01
0 0.172766 0.537437 0.01 0.01
0 0.197933 0.591641 0.01 0.01
0 0.192125 0.541308 0.01 0.01
0 0.207612 0.555827 0.01 0.01
0 0.220195 0.544212 0.01 0.01
0 0.237618 0.582930 0.01 0.01
0 0.261816 0.559699 0.01 0.01
0 0.272464 0.551956 0.01 0.01
0 0.295694 0.551956 0.01 0.01
0 0.263752 0.523885 0.01 0.01
0 0.243426 0.532597 0.01 0.01
0 0.270528 0.611968 0.01 0.01
0 0.265688 0.663268 0.01 0.01
0 0.200836 0.665204 0.01 0.01
0 0.198901 0.912028 0.01 0.01
0 0.325700 0.603256 0.01 0.01
0 0.316021 0.557763 0.01 0.01
0 0.348931 0.555827 0.01 0.01
0 0.353771 0.530661 0.01 0.01
0 0.373129 0.532597 0.01 0.01
0 0.383777 0.548084 0.01 0.01
0 0.372161 0.581962 0.01 0.01
0 0.367322 0.622615 0.01 0.01
0 0.351835 0.597449 0.01 0.01
0 0.411847 0.656493 0.01 0.01
0 0.353771 0.755222 0.01 0.01
0 0.353771 0.795876 0.01 0.01
0 0.361514 0.777485 0.01 0.01
0 0.485410 0.788132 0.01 0.01
0 0.488314 0.753287 0.01 0.01
0 0.518320 0.714569 0.01 0.01
0 0.490250 0.700050 0.01 0.01
0 0.478634 0.653589 0.01 0.01
0 0.441853 0.766838 0.01 0.01
0 0.460244 0.784261 0.01 0.01
0 0.527999 0.688435 0.01 0.01
0 0.532839 0.654557 0.01 0.01
0 0.480570 0.622615 0.01 0.01
0 0.459276 0.596481 0.01 0.01
0 0.453468 0.552924 0.01 0.01
0 0.422494 0.534533 0.01 0.01
0 0.482506 0.539372 0.01 0.01
0 0.505737 0.548084 0.01 0.01
0 0.491218 0.575186 0.01 0.01
0 0.526063 0.575186 0.01 0.01
0 0.477666 0.562603 0.01 0.01
0 0.558005 0.537437 0.01 0.01
0 0.574460 0.549052 0.01 0.01
0 0.568653 0.632294 0.01 0.01
0 0.592851 0.624551 0.01 0.01
0 0.597691 0.665204 0.01 0.01
0 0.612210 0.692306 0.01 0.01
0 0.572524 0.711665 0.01 0.01
0 0.609306 0.742639 0.01 0.01
0 0.637376 0.718441 0.01 0.01
0 0.651895 0.701986 0.01 0.01
0 0.646088 0.794908 0.01 0.01
0 0.601562 0.802651 0.01 0.01
0 0.556069 0.789100 0.01 0.01
0 0.615114 0.828786 0.01 0.01
0 0.536711 0.862663 0.01 0.01
0 0.579300 0.926547 0.01 0.01
0 0.596723 1.030117 0.01 0.01
0 0.665446 0.962361 0.01 0.01
0 0.685773 0.889766 0.01 0.01
0 0.716747 0.801683 0.01 0.01
0 0.718683 0.838465 0.01 0.01
0 0.775791 0.988495 0.01 0.01
0 0.782567 0.811363 0.01 0.01
0 0.799022 0.872343 0.01 0.01
0 0.691581 0.738767 0.01 0.01
0 0.693516 0.788132 0.01 0.01
0 0.685773 0.695210 0.01 0.01
0 0.662542 0.679723 0.01 0.01
0 0.644152 0.591641 0.01 0.01
0 0.615114 0.584865 0.01 0.01
0 0.624793 0.554859 0.01 0.01
0 0.657703 0.539372 0.01 0.01
0 0.681901 0.537437 0.01 0.01
0 0.710939 0.586801 0.01 0.01
0 0.698356 0.582930 0.01 0.01
0 0.742881 0.551956 0.01 0.01
0 0.746753 0.530661 0.01 0.01
0 0.716747 0.539372 0.01 0.01
0 0.775791 0.566475 0.01 0.01
0 0.778695 0.537437 0.01 0.01
0 0.790310 0.667140 0.01 0.01
0 0.752561 0.647781 0.01 0.01
0 0.733202 0.623583 0.01 0.01
0 0.726426 0.678755 0.01 0.01
0 0.710939 0.660365 0.01 0.01
0 0.687709 0.671980 0.01 0.01
0 0.750625 0.708761 0.01 0.01
0 0.787406 0.731024 0.01 0.01
0 0.757400 0.748447 0.01 0.01
0 0.729330 0.731992 0.01 0.01
0 0.923159 0.970588 0.01 0.01
0 0.998659 0.910576 0.01 0.01
0 0.993819 0.828302 0.01 0.01
0 0.895089 0.799264 0.01 0.01
0 0.849596 0.803135 0.01 0.01
0 0.899929 0.701502 0.01 0.01
0 0.849596 0.705374 0.01 0.01
0 0.868955 0.660849 0.01 0.01
0 0.863147 0.623099 0.01 0.01
0 0.804103 0.608580 0.01 0.01
0 0.832173 0.585349 0.01 0.01
0 0.815718 0.575670 0.01 0.01
0 0.819590 0.550504 0.01 0.01
0 0.869923 0.547600 0.01 0.01
0 0.901865 0.540824 0.01 0.01
0 0.904769 0.559215 0.01 0.01
0 0.914448 0.593093 0.01 0.01
0 0.946390 0.597933 0.01 0.01
0 0.960909 0.562119 0.01 0.01
0 0.987043 0.567927 0.01 0.01
0 0.998659 0.581478 0.01 0.01
0 1.010274 0.540824 0.01 0.01
0 1.026729 0.565023 0.01 0.01
0 1.012210 0.601804 0.01 0.01
0 0.990915 0.623099 0.01 0.01
0 0.971556 0.604708 0.01 0.01
0 0.903801 0.663752 0.01 0.01
0 0.972524 0.681175 0.01 0.01
0 0.987043 0.649233 0.01 0.01
0 0.988011 0.731508 0.01 0.01
0 0.956069 0.726668 0.01 0.01
0 0.974460 0.765386 0.01 0.01
0 1.111907 0.761514 0.01 0.01
0 1.114811 0.710213 0.01 0.01
0 1.064478 0.727636 0.01 0.01
0 1.135138 0.788616 0.01 0.01
0 1.134170 0.841853 0.01 0.01
0 1.085773 0.923159 0.01 0.01
0 1.130298 1.036408 0.01 0.01
0 1.186438 0.917352 0.01 0.01
0 1.234835 0.821526 0.01 0.01
0 1.106100 0.639554 0.01 0.01
0 1.055767 0.640522 0.01 0.01
0 1.075126 0.595029 0.01 0.01
0 1.066414 0.577606 0.01 0.01
0 1.067382 0.547600 0.01 0.01
0 1.094484 0.540824 0.01 0.01
0 1.107068 0.545664 0.01 0.01
0 1.119651 0.564055 0.01 0.01
0 1.136106 0.574702 0.01 0.01
0 1.150625 0.609548 0.01 0.01
0 1.164176 0.565023 0.01 0.01
0 1.166112 0.538888 0.01 0.01
0 1.139977 0.670528 0.01 0.01
0 1.173855 0.676336 0.01 0.01
0 1.222252 0.622131 0.01 0.01
0 1.252258 0.669560 0.01 0.01
0 1.278392 0.628907 0.01 0.01
0 1.259034 0.720861 0.01 0.01
0 1.281296 0.751835 0.01 0.01
0 1.199989 0.703438 0.01 0.01
0 1.307431 0.954133 0.01 0.01
0 1.265809 0.887346 0.01 0.01
0 1.336469 0.860244 0.01 0.01
0 1.352924 0.814751 0.01 0.01
0 1.372282 0.771193 0.01 0.01
0 1.414872 0.761514 0.01 0.01
0 1.372282 0.679239 0.01 0.01
0 1.320982 0.585349 0.01 0.01
0 1.334533 0.630842 0.01 0.01
0 1.368411 0.588253 0.01 0.01
0 1.297751 0.577606 0.01 0.01
0 1.339372 0.554375 0.01 0.01
0 1.401320 0.543728 0.01 0.01
0 1.419711 0.564055 0.01 0.01
0 1.406160 0.645362 0.01 0.01
0 1.451895 1.043184 0.01 0.01
0 1.491581 0.957037 0.01 0.01
0 1.466414 0.824430 0.01 0.01
0 1.547721 0.830238 0.01 0.01
0 1.593214 0.833141 0.01 0.01
0 1.542881 0.707310 0.01 0.01
0 1.550625 0.548568 0.01 0.01
0 1.596118 0.548568 0.01 0.01
0 1.476094 0.544696 0.01 0.01
0 1.567080 0.494847 0.01 0.01
0 1.572887 0.460970 0.01 0.01
0 1.550625 0.458066 0.01 0.01
0 1.593214 0.374823 0.01 0.01
0 1.593214 0.326426 0.01 0.01
0 1.591278 0.302228 0.01 0.01
0 1.577727 0.183172 0.01 0.01
0 1.509971 0.232536 0.01 0.01
0 1.495452 0.260607 0.01 0.01
0 1.466414 0.234472 0.01 0.01
0 1.392851 0.249959 0.01 0.01
0 1.515779 0.312875 0.01 0.01
0 1.541913 0.292548 0.01 0.01
0 1.557400 0.344817 0.01 0.01
0 1.532234 0.366112 0.01 0.01
0 1.537074 0.430963 0.01 0.01
0 1.513843 0.454194 0.01 0.01
0 1.512875 0.508398 0.01 0.01
0 1.448991 0.454194 0.01 0.01
0 1.431568 0.416444 0.01 0.01
0 1.430601 0.384503 0.01 0.01
0 1.448991 0.359336 0.01 0.01
0 1.468350 0.366112 0.01 0.01
0 1.470286 0.333202 0.01 0.01
0 1.460607 0.333202 0.01 0.01
0 1.465446 0.309003 0.01 0.01
0 1.453831 0.311907 0.01 0.01
0 1.358973 0.197691 0.01 0.01
0 1.336711 0.240280 0.01 0.01
0 1.306705 0.248023 0.01 0.01
0 1.374460 0.273190 0.01 0.01
0 1.323159 0.310939 0.01 0.01
0 1.366717 0.341913 0.01 0.01
0 1.388979 0.314811 0.01 0.01
0 1.405434 0.363208 0.01 0.01
0 1.390915 0.379663 0.01 0.01
0 1.353166 0.404829 0.01 0.01
0 1.387043 0.422252 0.01 0.01
0 1.374460 0.443547 0.01 0.01
0 1.403498 0.470649 0.01 0.01
0 1.424793 0.478392 0.01 0.01
0 1.412210 0.508398 0.01 0.01
0 1.352198 0.450322 0.01 0.01
0 1.331871 0.479360 0.01 0.01
0 1.336711 0.427092 0.01 0.01
0 1.288314 0.498719 0.01 0.01
0 1.263147 0.503559 0.01 0.01
0 1.263147 0.525821 0.01 0.01
0 1.275731 0.550988 0.01 0.01
0 1.308640 0.544212 0.01 0.01
0 1.285410 0.236408 0.01 0.01
0 1.275731 0.251895 0.01 0.01
0 1.261212 0.268350 0.01 0.01
0 1.244757 0.246088 0.01 0.01
0 1.295089 0.312875 0.01 0.01
0 1.272827 0.341913 0.01 0.01
0 1.283474 0.359336 0.01 0.01
0 1.301865 0.367080 0.01 0.01
0 1.326063 0.363208 0.01 0.01
0 1.337679 0.345785 0.01 0.01
0 1.322192 0.401925 0.01 0.01
0 1.304769 0.390310 0.01 0.01
0 1.323159 0.374823 0.01 0.01
0 1.285410 0.395150 0.01 0.01
0 1.276699 0.404829 0.01 0.01
0 1.245725 0.379663 0.01 0.01
0 1.240885 0.362240 0.01 0.01
0 1.276699 0.440643 0.01 0.01
0 1.250564 0.406765 0.01 0.01
0 1.218622 0.406765 0.01 0.01
0 1.232173 0.431931 0.01 0.01
0 1.236045 0.447418 0.01 0.01
0 1.218622 0.459034 0.01 0.01
0 1.226366 0.476457 0.01 0.01
0 1.212815 0.523885 0.01 0.01
0 1.229270 0.550988 0.01 0.01
0 1.252500 0.561635 0.01 0.01
0 1.189584 0.447418 0.01 0.01
0 1.167322 0.503559 0.01 0.01
0 1.153771 0.479360 0.01 0.01
0 1.137316 0.483232 0.01 0.01
0 1.152803 0.449354 0.01 0.01
0 1.165386 0.425156 0.01 0.01
0 1.203135 0.422252 0.01 0.01
0 1.177969 0.401925 0.01 0.01
0 1.173129 0.379663 0.01 0.01
0 1.129572 0.388374 0.01 0.01
0 1.138284 0.366112 0.01 0.01
0 1.202167 0.344817 0.01 0.01
0 1.237013 0.318683 0.01 0.01
0 1.214751 0.266414 0.01 0.01
0 1.195392 0.244152 0.01 0.01
0 1.194424 0.178332 0.01 0.01
0 1.183777 0.191883 0.01 0.01
0 1.171193 0.185107 0.01 0.01
0 1.161514 0.186075 0.01 0.01
0 1.149899 0.182204 0.01 0.01
0 1.128604 0.176396 0.01 0.01
0 1.095694 0.183172 0.01 0.01
0 1.084079 0.216081 0.01 0.01
0 1.076820 0.212694 0.01 0.01
0 1.192972 0.197207 0.01 0.01
0 1.177969 0.192851 0.01 0.01
0 1.200957 0.284321 0.01 0.01
0 1.181599 0.292548 0.01 0.01
0 1.160788 0.282385 0.01 0.01
0 1.184503 0.331266 0.01 0.01
0 1.175307 0.320619 0.01 0.01
0 1.150625 0.355464 0.01 0.01
0 1.147237 0.324974 0.01 0.01
0 1.132234 0.289161 0.01 0.01
0 1.113843 0.284321 0.01 0.01
0 1.099808 0.278997 0.01 0.01
0 1.099808 0.302712 0.01 0.01
0 1.086257 0.313843 0.01 0.01
0 1.071738 0.301260 0.01 0.01
0 1.069802 0.279481 0.01 0.01
0 1.049475 0.285773 0.01 0.01
0 1.104164 0.344333 0.01 0.01
0 1.130298 0.346753 0.01 0.01
0 1.108035 0.324006 0.01 0.01
0 1.079481 0.356916 0.01 0.01
0 1.058187 0.339977 0.01 0.01
0 1.045604 0.319651 0.01 0.01
0 1.034472 0.292548 0.01 0.01
0 1.018501 0.287709 0.01 0.01
0 1.053831 0.351593 0.01 0.01
0 1.063026 0.370467 0.01 0.01
0 1.043184 0.372887 0.01 0.01
0 1.063994 0.395150 0.01 0.01
0 1.064962 0.418864 0.01 0.01
0 1.047539 0.404345 0.01 0.01
0 1.014146 0.360304 0.01 0.01
0 1.019953 0.341429 0.01 0.01
0 1.003982 0.327878 0.01 0.01
0 0.980752 0.285289 0.01 0.01
0 0.987527 0.322071 0.01 0.01
0 0.956553 0.314811 0.01 0.01
0 0.981236 0.349173 0.01 0.01
0 0.956553 0.339009 0.01 0.01
0 0.956553 0.363208 0.01 0.01
0 0.984140 0.364660 0.01 0.01
0 0.983172 0.384986 0.01 0.01
0 0.952682 0.399506 0.01 0.01
0 1.009306 0.407249 0.01 0.01
0 1.008822 0.429512 0.01 0.01
0 1.105132 0.498235 0.01 0.01
0 1.115779 0.470649 0.01 0.01
0 1.111907 0.432899 0.01 0.01
0 1.112875 0.396602 0.01 0.01
0 1.061091 0.443063 0.01 0.01
0 1.072222 0.452742 0.01 0.01
0 1.074158 0.476457 0.01 0.01
0 1.060123 0.494847 0.01 0.01
0 1.050443 0.517594 0.01 0.01
0 1.033988 0.525337 0.01 0.01
0 1.037860 0.486136 0.01 0.01
0 1.031084 0.448870 0.01 0.01
0 0.994787 0.483716 0.01 0.01
0 0.992367 0.505495 0.01 0.01
0 0.999627 0.524369 0.01 0.01
0 0.956553 0.534533 0.01 0.01
0 0.950746 0.520014 0.01 0.01
0 0.951230 0.493879 0.01 0.01
0 0.954617 0.474521 0.01 0.01
0 0.956553 0.450806 0.01 0.01
0 0.968169 0.435803 0.01 0.01
0 0.951230 0.419832 0.01 0.01
0 0.934775 0.444999 0.01 0.01
0 0.919288 0.481780 0.01 0.01
0 0.904769 0.508882 0.01 0.01
0 0.871375 0.508398 0.01 0.01
0 0.891218 0.474521 0.01 0.01
0 0.879118 0.457582 0.01 0.01
0 0.880570 0.433867 0.01 0.01
0 0.867019 0.424672 0.01 0.01
0 0.865083 0.407733 0.01 0.01
0 0.864115 0.397570 0.01 0.01
0 0.881054 0.401441 0.01 0.01
0 0.880086 0.367564 0.01 0.01
0 0.906221 0.384503 0.01 0.01
0 0.893637 0.378695 0.01 0.01
0 0.913964 0.405313 0.01 0.01
0 0.904769 0.420316 0.01 0.01
0 0.928967 0.414509 0.01 0.01
0 0.915416 0.362724 0.01 0.01
0 0.850080 0.487104 0.01 0.01
0 0.838949 0.436771 0.01 0.01
0 0.835077 0.411605 0.01 0.01
0 0.820074 0.421284 0.01 0.01
0 0.839433 0.389826 0.01 0.01
0 0.847660 0.365628 0.01 0.01
0 0.839433 0.363692 0.01 0.01
0 0.816202 0.372403 0.01 0.01
0 0.810879 0.446450 0.01 0.01
0 0.828786 0.504527 0.01 0.01
0 0.938646 0.343365 0.01 0.01
0 0.945422 0.365628 0.01 0.01
0 0.940098 0.314811 0.01 0.01
0 0.907189 0.311423 0.01 0.01
0 0.901865 0.299324 0.01 0.01
0 0.902349 0.262542 0.01 0.01
0 0.913964 0.264962 0.01 0.01
0 0.900413 0.254799 0.01 0.01
0 0.885410 0.259155 0.01 0.01
0 0.862663 0.257219 0.01 0.01
0 0.891702 0.324974 0.01 0.01
0 0.899929 0.343849 0.01 0.01
0 0.926547 0.340945 0.01 0.01
0 0.859760 0.306100 0.01 0.01
0 0.854920 0.295936 0.01 0.01
0 0.852500 0.304164 0.01 0.01
0 0.847660 0.344333 0.01 0.01
0 0.806523 0.346753 0.01 0.01
0 0.812331 0.330298 0.01 0.01
0 0.803135 0.311423 0.01 0.01
0 0.782809 0.322555 0.01 0.01
0 0.763934 0.325942 0.01 0.01
0 0.764902 0.308519 0.01 0.01
0 0.754738 0.313843 0.01 0.01
0 0.761998 0.348689 0.01 0.01
0 0.798780 0.364660 0.01 0.01
0 0.765386 0.394666 0.01 0.01
0 0.797812 0.403861 0.01 0.01
0 0.777485 0.433867 0.01 0.01
0 0.761998 0.430480 0.01 0.01
0 0.745059 0.392730 0.01 0.01
0 0.750867 0.375791 0.01 0.01
0 0.737800 0.322555 0.01 0.01
0 0.717473 0.324974 0.01 0.01
0 0.715537 0.278513 0.01 0.01
0 0.695210 0.241248 0.01 0.01
0 0.696178 0.347721 0.01 0.01
0 0.698114 0.370467 0.01 0.01
0 0.689887 0.384986 0.01 0.01
0 0.717473 0.397570 0.01 0.01
0 0.730540 0.384503 0.01 0.01
0 0.727152 0.372403 0.01 0.01
0 0.702954 0.394182 0.01 0.01
0 0.692306 0.441127 0.01 0.01
0 0.684563 0.428544 0.01 0.01
0 0.724732 0.433383 0.01 0.01
0 0.805555 0.471133 0.01 0.01
0 0.794908 0.495331 0.01 0.01
0 0.768774 0.511302 0.01 0.01
0 0.753287 0.503559 0.01 0.01
0 0.808459 0.539372 0.01 0.01
0 0.808943 0.519046 0.01 0.01
0 0.708277 0.509850 0.01 0.01
0 0.701502 0.495331 0.01 0.01
0 0.700050 0.478392 0.01 0.01
0 0.670044 0.488556 0.01 0.01
0 0.657461 0.454194 0.01 0.01
0 0.668108 0.427576 0.01 0.01
0 0.663268 0.393214 0.01 0.01
0 0.671980 0.381115 0.01 0.01
0 0.655525 0.511302 0.01 0.01
0 0.636166 0.476457 0.01 0.01
0 0.625035 0.420316 0.01 0.01
0 0.624551 0.401925 0.01 0.01
0 0.623583 0.388858 0.01 0.01
0 0.604708 0.398054 0.01 0.01
0 0.604224 0.378211 0.01 0.01
0 0.645846 0.376275 0.01 0.01
0 0.617775 0.516626 0.01 0.01
0 0.600836 0.513238 0.01 0.01
0 0.596965 0.486620 0.01 0.01
0 0.574218 0.498719 0.01 0.01
0 0.566475 0.469681 0.01 0.01
0 0.574702 0.423704 0.01 0.01
0 0.561151 0.430480 0.01 0.01
0 0.561151 0.401441 0.01 0.01
0 0.557763 0.383051 0.01 0.01
0 0.577122 0.376275 0.01 0.01
0 0.593093 0.375307 0.01 0.01
0 0.547600 0.386438 0.01 0.01
0 0.545180 0.401925 0.01 0.01
0 0.514206 0.391278 0.01 0.01
0 0.497267 0.385470 0.01 0.01
0 0.530661 0.434835 0.01 0.01
0 0.502591 0.432899 0.01 0.01
0 0.534049 0.452258 0.01 0.01
0 0.550020 0.469681 0.01 0.01
0 0.538405 0.485652 0.01 0.01
0 0.524369 0.476457 0.01 0.01
0 0.499687 0.460002 0.01 0.01
0 0.538888 0.507914 0.01 0.01
0 0.559215 0.520014 0.01 0.01
0 0.505979 0.524853 0.01 0.01
0 0.490008 0.506463 0.01 0.01
0 0.670528 0.243184 0.01 0.01
0 0.631810 0.266414 0.01 0.01
0 0.594061 0.247055 0.01 0.01
0 0.585833 0.263510 0.01 0.01
0 0.562119 0.257703 0.01 0.01
0 0.528725 0.262058 0.01 0.01
0 0.503559 0.247055 0.01 0.01
0 0.499687 0.234956 0.01 0.01
0 0.488072 0.234956 0.01 0.01
0 0.482748 0.249475 0.01 0.01
0 0.502591 0.236892 0.01 0.01
0 0.542760 0.245120 0.01 0.01
0 0.678755 0.320619 0.01 0.01
0 0.668592 0.339009 0.01 0.01
0 0.643426 0.324490 0.01 0.01
0 0.643426 0.347237 0.01 0.01
0 0.607612 0.316263 0.01 0.01
0 0.599385 0.339977 0.01 0.01
0 0.596965 0.359820 0.01 0.01
0 0.561635 0.361756 0.01 0.01
0 0.553408 0.366596 0.01 0.01
0 0.549536 0.345785 0.01 0.01
0 0.562603 0.321103 0.01 0.01
0 0.537437 0.342397 0.01 0.01
0 0.512270 0.326426 0.01 0.01
0 0.527757 0.355948 0.01 0.01
0 0.510334 0.366112 0.01 0.01
0 0.479360 0.365144 0.01 0.01
0 0.454678 0.321103 0.01 0.01
0 0.469681 0.294484 0.01 0.01
0 0.455646 0.296904 0.01 0.01
0 0.421284 0.300776 0.01 0.01
0 0.410153 0.332718 0.01 0.01
0 0.411605 0.348205 0.01 0.01
0 0.414025 0.359336 0.01 0.01
0 0.437739 0.363692 0.01 0.01
0 0.451290 0.384019 0.01 0.01
0 0.472585 0.384019 0.01 0.01
0 0.487104 0.393214 0.01 0.01
0 0.463389 0.393214 0.01 0.01
0 0.434351 0.403377 0.01 0.01
0 0.413541 0.394666 0.01 0.01
0 0.410153 0.372887 0.01 0.01
0 0.468713 0.438223 0.01 0.01
0 0.487588 0.421284 0.01 0.01
0 0.463873 0.411605 0.01 0.01
0 0.422736 0.435803 0.01 0.01
0 0.407733 0.432899 0.01 0.01
0 0.447418 0.458066 0.01 0.01
0 0.445483 0.443063 0.01 0.01
0 0.470649 0.484684 0.01 0.01
0 0.450806 0.490008 0.01 0.01
0 0.438223 0.505011 0.01 0.01
0 0.463873 0.528241 0.01 0.01
0 0.409185 0.506947 0.01 0.01
0 0.425398 0.482264 0.01 0.01
0 0.410879 0.470649 0.01 0.01
0 0.392004 0.487588 0.01 0.01
0 0.376033 0.497267 0.01 0.01
0 0.346511 0.495815 0.01 0.01
0 0.367806 0.527273 0.01 0.01
0 0.362966 0.453710 0.01 0.01
0 0.354254 0.434351 0.01 0.01
0 0.397328 0.377727 0.01 0.01
0 0.380873 0.385470 0.01 0.01
0 0.367322 0.373371 0.01 0.01
0 0.369257 0.357884 0.01 0.01
0 0.355706 0.359820 0.01 0.01
0 0.358610 0.344333 0.01 0.01
0 0.339735 0.346753 0.01 0.01
0 0.331508 0.357884 0.01 0.01
0 0.330056 0.369983 0.01 0.01
0 0.355222 0.384503 0.01 0.01
0 0.350383 0.397086 0.01 0.01
0 0.338284 0.410637 0.01 0.01
0 0.327636 0.390310 0.01 0.01
0 0.319893 0.403861 0.01 0.01
0 0.318925 0.383535 0.01 0.01
0 0.308277 0.370951 0.01 0.01
0 0.290371 0.376759 0.01 0.01
0 0.297630 0.378211 0.01 0.01
0 0.286015 0.407249 0.01 0.01
0 0.279239 0.390310 0.01 0.01
0 0.301018 0.422252 0.01 0.01
0 0.310697 0.438707 0.01 0.01
0 0.342639 0.476457 0.01 0.01
0 0.323280 0.475489 0.01 0.01
0 0.319409 0.497751 0.01 0.01
0 0.333928 0.524853 0.01 0.01
0 0.294242 0.521950 0.01 0.01
0 0.285047 0.502591 0.01 0.01
0 0.281175 0.479844 0.01 0.01
0 0.284079 0.455162 0.01 0.01
0 0.271496 0.419832 0.01 0.01
0 0.253589 0.399506 0.01 0.01
0 0.264236 0.373855 0.01 0.01
0 0.245362 0.372403 0.01 0.01
0 0.255525 0.355464 0.01 0.01
0 0.272948 0.357884 0.01 0.01
0 0.246813 0.350141 0.01 0.01
0 0.226487 0.363208 0.01 0.01
0 0.234714 0.370467 0.01 0.01
0 0.232778 0.377243 0.01 0.01
0 0.211000 0.387406 0.01 0.01
0 0.200352 0.375307 0.01 0.01
0 0.199869 0.361272 0.01 0.01
0 0.210032 0.365628 0.01 0.01
0 0.213420 0.354496 0.01 0.01
0 0.197449 0.349657 0.01 0.01
0 0.201320 0.405313 0.01 0.01
0 0.196965 0.421284 0.01 0.01
0 0.228907 0.443063 0.01 0.01
0 0.241974 0.448386 0.01 0.01
0 0.221163 0.451774 0.01 0.01
0 0.231810 0.474037 0.01 0.01
0 0.249717 0.474521 0.01 0.01
0 0.241974 0.503559 0.01 0.01
0 0.198901 0.525821 0.01 0.01
0 0.207128 0.501623 0.01 0.01
0 0.181962 0.500171 0.01 0.01
0 0.171798 0.484200 0.01 0.01
0 0.188253 0.478876 0.01 0.01
0 0.179542 0.444999 0.01 0.01
0 0.180510 0.417412 0.01 0.01
0 0.180026 0.407733 0.01 0.01
0 0.160667 0.384986 0.01 0.01
0 0.161635 0.370951 0.01 0.01
0 0.163087 0.358852 0.01 0.01
0 0.180994 0.358852 0.01 0.01
0 0.166959 0.341429 0.01 0.01
0 0.148568 0.375307 0.01 0.01
0 0.129209 0.373371 0.01 0.01
0 0.126305 0.359820 0.01 0.01
0 0.128241 0.343365 0.01 0.01
0 0.131145 0.414993 0.01 0.01
0 0.146148 0.429996 0.01 0.01
0 0.153408 0.469681 0.01 0.01
0 0.143728 0.452258 0.01 0.01
0 0.160667 0.510818 0.01 0.01
0 0.239554 0.329330 0.01 0.01
0 0.211484 0.304648 0.01 0.01
0 0.229391 0.291581 0.01 0.01
0 0.242458 0.282385 0.01 0.01
0 0.268108 0.281417 0.01 0.01
0 0.270528 0.273674 0.01 0.01
0 0.286015 0.271738 0.01 0.01
0 0.301502 0.271738 0.01 0.01
0 0.307793 0.269318 0.01 0.01
0 0.301018 0.279481 0.01 0.01
0 0.298114 0.292548 0.01 0.01
0 0.287467 0.309971 0.01 0.01
0 0.275368 0.316263 0.01 0.01
0 0.275852 0.310939 0.01 0.01
0 0.263268 0.318199 0.01 0.01
0 0.258913 0.308035 0.01 0.01
0 0.300050 0.348689 0.01 0.01
0 0.307310 0.358852 0.01 0.01
0 0.325700 0.309487 0.01 0.01
0 0.346995 0.308035 0.01 0.01
0 0.343123 0.294484 0.01 0.01
0 0.360546 0.294000 0.01 0.01
0 0.361998 0.265930 0.01 0.01
0 0.353287 0.268350 0.01 0.01
0 0.333928 0.284321 0.01 0.01
0 0.321345 0.270286 0.01 0.01
0 0.331992 0.295936 0.01 0.01
0 0.381357 0.280449 0.01 0.01
0 0.389100 0.260607 0.01 0.01
0 0.407491 0.264962 0.01 0.01
0 0.413299 0.251895 0.01 0.01
0 0.421042 0.261574 0.01 0.01
0 0.409911 0.280933 0.01 0.01
0 0.430238 0.274642 0.01 0.01
0 0.434109 0.254799 0.01 0.01
0 0.437013 0.243184 0.01 0.01
0 0.428302 0.247539 0.01 0.01
0 0.449112 0.256735 0.01 0.01
0 0.459760 0.251411 0.01 0.01
0 0.460728 0.272222 0.01 0.01
0 0.441369 0.269318 0.01 0.01
0 0.000836 0.501139 0.01 0.01
0 0.001804 0.530177 0.01 0.01
0 0.042458 0.475005 0.01 0.01
0 0.023099 0.471133 0.01 0.01
0 0.011484 0.462905 0.01 0.01
0 0.014872 0.420316 0.01 0.01
0 0.001804 0.436771 0.01 0.01
0 0.033746 0.424188 0.01 0.01
0 0.046813 0.436771 0.01 0.01
0 0.061816 0.459518 0.01 0.01
0 0.066656 0.491944 0.01 0.01
0 0.082627 0.529209 0.01 0.01
0 0.114569 0.522434 0.01 0.01
0 0.132476 0.508398 0.01 0.01
0 0.109245 0.490976 0.01 0.01
0 0.095694 0.467261 0.01 0.01
0 0.116505 0.450322 0.01 0.01
0 0.103438 0.412089 0.01 0.01
0 0.086499 0.428544 0.01 0.01
0 0.077787 0.413541 0.01 0.01
0 0.070044 0.431931 0.01 0.01
0 0.057945 0.413541 0.01 0.01
0 0.035682 0.405797 0.01 0.01
0 0.016807 0.398538 0.01 0.01
0 0.026487 0.384503 0.01 0.01
0 0.024067 0.369983 0.01 0.01
0 0.020195 0.354496 0.01 0.01
0 0.006644 0.349173 0.01 0.01
0 0.003256 0.366112 0.01 0.01
0 0.002288 0.337074 0.01 0.01
0 0.046329 0.324006 0.01 0.01
0 0.045846 0.311423 0.01 0.01
0 0.076336 0.311907 0.01 0.01
0 0.084563 0.325942 0.01 0.01
0 0.070528 0.337074 0.01 0.01
0 0.079723 0.347237 0.01 0.01
0 0.075368 0.372403 0.01 0.01
0 0.064236 0.378695 0.01 0.01
0 0.087951 0.375307 0.01 0.01
0 0.095694 0.360788 0.01 0.01
0 0.111665 0.352561 0.01 0.01
0 0.109729 0.335622 0.01 0.01
0 0.118441 0.377727 0.01 0.01
0 0.120377 0.363208 0.01 0.01
0 0.025519 0.259155 0.01 0.01
0 0.135380 0.294000 0.01 0.01
0 0.154254 0.234956 0.01 0.01
0 0.139735 0.238828 0.01 0.01
0 0.686741 0.206402 0.01 0.01
0 0.698356 0.203740 0.01 0.01
0 0.709245 0.202046 0.01 0.01
0 0.724974 0.202046 0.01 0.01
0 0.740461 0.203740 0.01 0.01
0 0.736106 0.199385 0.01 0.01
0 0.757884 0.202046 0.01 0.01
0 0.782325 0.200352 0.01 0.01
0 0.791762 0.198659 0.01 0.01
0 0.830721 0.201320 0.01 0.01
0 0.372403 0.415476 0.01 0.01
0 0.409185 0.412573 0.01 0.01
0 0.242700 0.420316 0.01 0.01
