0 0.088611 0.445728 0.01 0.01
0 0.169241 0.433249 0.01 0.01
0 0.222034 0.458206 0.01 0.01
0 0.282507 0.452447 0.01 0.01
0 0.373696 0.418851 0.01 0.01
0 0.286346 0.417891 0.01 0.01
0 0.281547 0.385255 0.01 0.01
0 0.243152 0.383335 0.01 0.01
0 0.207636 0.417891 0.01 0.01
0 0.171160 0.397734 0.01 0.01
0 0.127006 0.396774 0.01 0.01
0 0.195158 0.365098 0.01 0.01
0 0.232593 0.292147 0.01 0.01
0 0.235473 0.283508 0.01 0.01
0 0.268109 0.321903 0.01 0.01
0 0.294985 0.348780 0.01 0.01
0 0.380415 0.352619 0.01 0.01
0 0.422650 0.383335 0.01 0.01
0 0.334341 0.463006 0.01 0.01
0 0.451446 0.424610 0.01 0.01
0 0.467764 0.399653 0.01 0.01
0 0.454326 0.352619 0.01 0.01
0 0.478323 0.398694 0.01 0.01
0 0.486962 0.345900 0.01 0.01
0 0.513839 0.396774 0.01 0.01
0 0.531117 0.449567 0.01 0.01
0 0.568552 0.399653 0.01 0.01
0 0.570472 0.371817 0.01 0.01
0 0.629025 0.421731 0.01 0.01
0 0.636704 0.408292 0.01 0.01
0 0.667420 0.432290 0.01 0.01
0 0.642463 0.370857 0.01 0.01
0 0.664540 0.363178 0.01 0.01
0 0.617506 0.318063 0.01 0.01
0 0.607907 0.338221 0.01 0.01
0 0.662621 0.320943 0.01 0.01
0 0.691417 0.310384 0.01 0.01
0 0.573351 0.304625 0.01 0.01
0 0.576231 0.283508 0.01 0.01
0 0.542635 0.316144 0.01 0.01
0 0.540715 0.290227 0.01 0.01
0 0.615586 0.271989 0.01 0.01
0 0.640543 0.247992 0.01 0.01
0 0.668380 0.231674 0.01 0.01
0 0.641503 0.197118 0.01 0.01
0 0.628065 0.196158 0.01 0.01
0 0.601188 0.200958 0.01 0.01
0 0.594469 0.243193 0.01 0.01
0 0.605987 0.196158 0.01 0.01
0 0.609827 0.160643 0.01 0.01
0 0.653022 0.177921 0.01 0.01
0 0.642463 0.164482 0.01 0.01
0 0.670300 0.155843 0.01 0.01
0 0.670300 0.216316 0.01 0.01
0 0.557993 0.230714 0.01 0.01
0 0.534956 0.250872 0.01 0.01
0 0.564712 0.187519 0.01 0.01
0 0.574311 0.174081 0.01 0.01
0 0.560873 0.128967 0.01 0.01
0 0.581990 0.120328 0.01 0.01
0 0.620386 0.102090 0.01 0.01
0 0.641503 0.127047 0.01 0.01
0 0.657821 0.120328 0.01 0.01
0 0.639583 0.115528 0.01 0.01
0 0.655901 0.102090 0.01 0.01
0 0.667420 0.106889 0.01 0.01
0 0.665500 0.120328 0.01 0.01
0 0.631904 0.106889 0.01 0.01
0 0.505200 0.295026 0.01 0.01
0 0.510959 0.281588 0.01 0.01
0 0.482163 0.278708 0.01 0.01
0 0.472564 0.319023 0.01 0.01
0 0.422650 0.303665 0.01 0.01
0 0.426489 0.335341 0.01 0.01
0 0.388094 0.292147 0.01 0.01
0 0.362177 0.316144 0.01 0.01
0 0.327621 0.311344 0.01 0.01
0 0.349699 0.271989 0.01 0.01
0 0.321862 0.258551 0.01 0.01
0 0.145244 0.309425 0.01 0.01
0 0.098209 0.328622 0.01 0.01
0 0.084771 0.250872 0.01 0.01
0 0.075172 0.302705 0.01 0.01
0 0.031018 0.308465 0.01 0.01
0 0.032937 0.287347 0.01 0.01
0 0.039657 0.347820 0.01 0.01
0 0.069413 0.377576 0.01 0.01
0 0.014700 0.384295 0.01 0.01
0 0.133725 0.278708 0.01 0.01
0 0.168281 0.253751 0.01 0.01
0 0.208596 0.260470 0.01 0.01
0 0.053095 0.246072 0.01 0.01
0 0.054055 0.216316 0.01 0.01
0 0.024298 0.211516 0.01 0.01
0 0.009900 0.230714 0.01 0.01
0 0.056934 0.180800 0.01 0.01
0 0.079972 0.187519 0.01 0.01
0 0.027178 0.165442 0.01 0.01
0 0.008940 0.160643 0.01 0.01
0 0.038697 0.135686 0.01 0.01
0 0.018539 0.128967 0.01 0.01
0 0.018539 0.106889 0.01 0.01
0 0.012780 0.106889 0.01 0.01
0 0.055975 0.133766 0.01 0.01
0 0.072293 0.149124 0.01 0.01
0 0.106848 0.204797 0.01 0.01
0 0.106848 0.221115 0.01 0.01
0 0.135645 0.203837 0.01 0.01
0 0.136605 0.169282 0.01 0.01
0 0.104929 0.164482 0.01 0.01
0 0.097249 0.158723 0.01 0.01
0 0.103009 0.120328 0.01 0.01
0 0.078052 0.123207 0.01 0.01
0 0.074212 0.113608 0.01 0.01
0 0.092450 0.102090 0.01 0.01
0 0.092450 0.080012 0.01 0.01
0 0.074212 0.072333 0.01 0.01
0 0.046376 0.081932 0.01 0.01
0 0.029098 0.065614 0.01 0.01
0 0.008940 0.042577 0.01 0.01
0 0.057894 0.043537 0.01 0.01
0 0.040616 0.050256 0.01 0.01
0 0.063654 0.066574 0.01 0.01
0 0.091490 0.039697 0.01 0.01
0 0.107808 0.040657 0.01 0.01
0 0.081891 0.039697 0.01 0.01
0 0.100129 0.026259 0.01 0.01
0 0.089570 0.027219 0.01 0.01
0 0.076132 0.018580 0.01 0.01
0 0.118367 0.016660 0.01 0.01
0 0.136605 0.006101 0.01 0.01
0 0.129886 0.047376 0.01 0.01
0 0.119327 0.056015 0.01 0.01
0 0.162522 0.056015 0.01 0.01
0 0.144284 0.046417 0.01 0.01
0 0.153883 0.070414 0.01 0.01
0 0.124126 0.066574 0.01 0.01
0 0.169241 0.162562 0.01 0.01
0 0.149083 0.147204 0.01 0.01
0 0.130845 0.111689 0.01 0.01
0 0.167321 0.204797 0.01 0.01
0 0.210516 0.192319 0.01 0.01
0 0.188438 0.178880 0.01 0.01
0 0.204756 0.157763 0.01 0.01
0 0.176920 0.136646 0.01 0.01
0 0.212435 0.144325 0.01 0.01
0 0.228753 0.160643 0.01 0.01
0 0.226834 0.177921 0.01 0.01
0 0.263309 0.196158 0.01 0.01
0 0.208596 0.216316 0.01 0.01
0 0.299785 0.263350 0.01 0.01
0 0.346819 0.249912 0.01 0.01
0 0.369856 0.267190 0.01 0.01
0 0.408252 0.265270 0.01 0.01
0 0.386174 0.240313 0.01 0.01
0 0.367936 0.172161 0.01 0.01
0 0.367936 0.147204 0.01 0.01
0 0.390974 0.131846 0.01 0.01
0 0.395773 0.149124 0.01 0.01
0 0.421690 0.155843 0.01 0.01
0 0.405372 0.187519 0.01 0.01
0 0.440888 0.207677 0.01 0.01
0 0.413051 0.224955 0.01 0.01
0 0.469684 0.206717 0.01 0.01
0 0.474483 0.224955 0.01 0.01
0 0.448567 0.254711 0.01 0.01
0 0.497521 0.249912 0.01 0.01
0 0.498481 0.236473 0.01 0.01
0 0.472564 0.256631 0.01 0.01
0 0.510959 0.205757 0.01 0.01
0 0.511919 0.227834 0.01 0.01
0 0.530157 0.191359 0.01 0.01
0 0.551274 0.143365 0.01 0.01
0 0.296905 0.115528 0.01 0.01
0 0.254670 0.120328 0.01 0.01
0 0.346819 0.202877 0.01 0.01
0 0.374656 0.190399 0.01 0.01
0 0.294025 0.206717 0.01 0.01
0 0.285387 0.176001 0.01 0.01
0 0.316103 0.167362 0.01 0.01
0 0.274828 0.162562 0.01 0.01
0 0.293066 0.162562 0.01 0.01
0 0.327621 0.140485 0.01 0.01
0 0.345859 0.150084 0.01 0.01
0 0.348739 0.135686 0.01 0.01
0 0.357378 0.113608 0.01 0.01
0 0.359298 0.088651 0.01 0.01
0 0.305544 0.106889 0.01 0.01
0 0.334341 0.098250 0.01 0.01
0 0.327621 0.066574 0.01 0.01
0 0.286346 0.082892 0.01 0.01
0 0.274828 0.096330 0.01 0.01
0 0.263309 0.070414 0.01 0.01
0 0.255630 0.097290 0.01 0.01
0 0.223954 0.066574 0.01 0.01
0 0.218195 0.091531 0.01 0.01
0 0.244112 0.108809 0.01 0.01
0 0.243152 0.063694 0.01 0.01
0 0.281547 0.063694 0.01 0.01
0 0.291146 0.056975 0.01 0.01
0 0.290186 0.027219 0.01 0.01
0 0.249871 0.040657 0.01 0.01
0 0.270988 0.035858 0.01 0.01
0 0.229713 0.045457 0.01 0.01
0 0.210516 0.052176 0.01 0.01
0 0.202837 0.080012 0.01 0.01
0 0.183639 0.069454 0.01 0.01
0 0.198037 0.046417 0.01 0.01
0 0.186519 0.053136 0.01 0.01
0 0.188438 0.032018 0.01 0.01
0 0.237392 0.019540 0.01 0.01
0 0.253710 0.012821 0.01 0.01
0 0.211476 0.038738 0.01 0.01
0 0.421690 0.080012 0.01 0.01
0 0.394813 0.076173 0.01 0.01
0 0.406332 0.065614 0.01 0.01
0 0.395773 0.049296 0.01 0.01
0 0.374656 0.046417 0.01 0.01
0 0.393853 0.022420 0.01 0.01
0 0.374656 0.007061 0.01 0.01
0 0.378495 0.036818 0.01 0.01
0 0.340100 0.040657 0.01 0.01
0 0.340100 0.023379 0.01 0.01
0 0.329541 0.053136 0.01 0.01
0 0.302664 0.084812 0.01 0.01
0 0.306504 0.047376 0.01 0.01
0 0.303624 0.060815 0.01 0.01
0 0.318982 0.027219 0.01 0.01
0 0.294025 0.020500 0.01 0.01
0 0.314183 0.005142 0.01 0.01
0 0.398653 0.009941 0.01 0.01
0 0.364097 0.023379 0.01 0.01
0 0.424570 0.013781 0.01 0.01
0 0.425529 0.030099 0.01 0.01
0 0.413051 0.032978 0.01 0.01
0 0.418810 0.056015 0.01 0.01
0 0.437048 0.049296 0.01 0.01
0 0.443767 0.026259 0.01 0.01
0 0.473524 0.023379 0.01 0.01
0 0.486962 0.023379 0.01 0.01
0 0.511919 0.040657 0.01 0.01
0 0.512879 0.025299 0.01 0.01
0 0.497521 0.005142 0.01 0.01
0 0.537836 0.011861 0.01 0.01
0 0.453366 0.009941 0.01 0.01
0 0.464885 0.053136 0.01 0.01
0 0.462005 0.032018 0.01 0.01
0 0.462005 0.074253 0.01 0.01
0 0.440888 0.076173 0.01 0.01
0 0.439928 0.062735 0.01 0.01
0 0.494641 0.056015 0.01 0.01
0 0.506160 0.074253 0.01 0.01
0 0.492721 0.102090 0.01 0.01
0 0.447607 0.124167 0.01 0.01
0 0.447607 0.102090 0.01 0.01
0 0.418810 0.110729 0.01 0.01
0 0.413051 0.117448 0.01 0.01
0 0.425529 0.128967 0.01 0.01
0 0.452406 0.142405 0.01 0.01
0 0.448567 0.163522 0.01 0.01
0 0.464885 0.155843 0.01 0.01
0 0.487922 0.120328 0.01 0.01
0 0.195158 0.098250 0.01 0.01
0 0.172120 0.032018 0.01 0.01
0 0.176920 0.008021 0.01 0.01
0 0.042536 0.113608 0.01 0.01
0 0.533996 0.056015 0.01 0.01
0 0.541675 0.039697 0.01 0.01
0 0.549354 0.052176 0.01 0.01
0 0.559913 0.049296 0.01 0.01
0 0.572392 0.039697 0.01 0.01
0 0.563753 0.026259 0.01 0.01
0 0.586790 0.035858 0.01 0.01
0 0.599268 0.022420 0.01 0.01
0 0.615586 0.036818 0.01 0.01
0 0.609827 0.059855 0.01 0.01
0 0.617506 0.081932 0.01 0.01
0 0.595429 0.088651 0.01 0.01
0 0.555114 0.086732 0.01 0.01
0 0.562793 0.106889 0.01 0.01
0 0.539756 0.098250 0.01 0.01
0 0.531117 0.078093 0.01 0.01
0 0.517678 0.058895 0.01 0.01
0 0.516718 0.116488 0.01 0.01
0 0.520558 0.145285 0.01 0.01
0 0.658781 0.046417 0.01 0.01
0 0.641503 0.060815 0.01 0.01
0 0.641503 0.016660 0.01 0.01
0 0.659741 0.005142 0.01 0.01
0 0.630944 0.038738 0.01 0.01
0 0.677019 0.091531 0.01 0.01
0 0.644383 0.077133 0.01 0.01
0 0.651102 0.452447 0.01 0.01
0 0.360257 0.072333 0.01 0.01
0 0.627105 0.144325 0.01 0.01
0 0.606947 0.100170 0.01 0.01
0 0.027178 0.023379 0.01 0.01
0 0.693337 0.046417 0.01 0.01
0 0.682778 0.042577 0.01 0.01
0 0.199540 0.316091 0.01 0.01
0 0.323460 0.356469 0.01 0.01
0 0.330422 0.391278 0.01 0.01
