0 0.607653 1.076541 0.01 0.01
0 1.035801 0.694319 0.01 0.01
0 1.281727 0.809875 0.01 0.01
0 1.050615 0.543208 0.01 0.01
0 1.130615 0.525430 0.01 0.01
0 0.715801 0.478023 0.01 0.01
0 0.828393 0.436541 0.01 0.01
0 0.801727 0.352097 0.01 0.01
0 0.206171 0.427653 0.01 0.01
0 0.256541 0.349134 0.01 0.01
0 0.149875 0.229134 0.01 0.01
0 0.263949 0.217282 0.01 0.01
0 0.506912 0.280986 0.01 0.01
0 0.862467 0.326912 0.01 0.01
0 1.340986 0.273578 0.01 0.01
0 1.269875 0.257282 0.01 0.01
0 1.496171 1.197467 0.01 0.01
0 1.588023 0.318115 0.01 0.01
0 0.988764 0.167467 0.01 0.01
0 1.000615 0.135986 0.01 0.01
0 0.567653 0.188023 0.01 0.01
0 0.483208 0.173949 0.01 0.01
0 0.543208 0.130986 0.01 0.01
0 0.366912 0.114690 0.01 0.01
0 0.660986 0.114690 0.01 0.01
0 0.481356 0.055338 0.01 0.01
0 0.695245 0.083023 0.01 0.01
0 0.219504 0.140615 0.01 0.01
0 0.063208 0.083764 0.01 0.01
0 0.155801 0.083023 0.01 0.01
0 0.013949 0.098949 0.01 0.01
0 0.210986 0.062653 0.01 0.01
0 0.221727 0.021588 0.01 0.01
0 0.276634 0.007120 0.01 0.01
0 0.243995 0.006518 0.01 0.01
0 0.053393 0.014458 0.01 0.01
0 0.000615 0.033440 0.01 0.01
0 0.077467 0.048671 0.01 0.01
0 0.343162 0.008567 0.01 0.01
0 0.116329 0.001778 0.01 0.01
0 0.841804 0.008837 0.01 0.01
