0 0.212097 0.926912 0.01 0.01
0 0.152838 1.162467 0.01 0.01
0 0.186912 1.181727 0.01 0.01
0 0.241727 1.116541 0.01 0.01
0 0.225430 1.078023 0.01 0.01
0 0.620986 1.180245 0.01 0.01
0 0.761727 1.118023 0.01 0.01
0 0.893578 1.118023 0.01 0.01
0 0.724690 1.058764 0.01 0.01
0 0.763208 1.017282 0.01 0.01
0 0.606171 0.969875 0.01 0.01
0 0.447653 0.993578 0.01 0.01
0 0.360245 1.011356 0.01 0.01
0 0.606171 0.802467 0.01 0.01
0 0.662467 0.758023 0.01 0.01
0 0.683208 0.740245 0.01 0.01
0 0.683208 0.817282 0.01 0.01
0 0.720245 0.835060 0.01 0.01
0 0.735060 0.872097 0.01 0.01
0 0.983949 0.833578 0.01 0.01
0 0.935060 0.803949 0.01 0.01
0 0.988393 0.784690 0.01 0.01
0 1.034319 0.802467 0.01 0.01
0 1.060986 0.755060 0.01 0.01
0 1.077282 0.710615 0.01 0.01
0 1.154319 0.778764 0.01 0.01
0 1.220986 0.790615 0.01 0.01
0 1.209134 0.723949 0.01 0.01
0 1.295060 0.731356 0.01 0.01
0 1.342467 0.661727 0.01 0.01
0 1.284690 0.664690 0.01 0.01
0 1.258023 0.643949 0.01 0.01
0 0.903949 0.695801 0.01 0.01
0 0.877282 0.698764 0.01 0.01
0 0.898023 0.652838 0.01 0.01
0 0.908393 0.645430 0.01 0.01
0 0.812097 0.649875 0.01 0.01
0 0.818023 0.638023 0.01 0.01
0 0.724690 0.670615 0.01 0.01
0 0.718764 0.636541 0.01 0.01
0 0.677282 0.646912 0.01 0.01
0 0.690615 0.643949 0.01 0.01
0 0.862097 0.616727 0.01 0.01
0 0.845801 0.578208 0.01 0.01
0 0.851356 0.541912 0.01 0.01
0 0.797282 0.559319 0.01 0.01
0 0.768393 0.548949 0.01 0.01
0 0.793208 0.537467 0.01 0.01
0 0.799134 0.535615 0.01 0.01
0 0.743578 0.563393 0.01 0.01
0 0.906541 0.588578 0.01 0.01
0 0.908764 0.575986 0.01 0.01
0 0.906912 0.553393 0.01 0.01
0 0.932467 0.589319 0.01 0.01
0 0.946541 0.587467 0.01 0.01
0 0.933578 0.546727 0.01 0.01
0 0.935060 0.534134 0.01 0.01
0 0.910615 0.534875 0.01 0.01
0 0.918393 0.531171 0.01 0.01
0 0.930245 0.533393 0.01 0.01
0 0.940245 0.516727 0.01 0.01
0 0.946912 0.517097 0.01 0.01
0 0.913949 0.495615 0.01 0.01
0 0.923208 0.496356 0.01 0.01
0 0.958023 0.497838 0.01 0.01
0 0.906541 0.496727 0.01 0.01
0 0.666912 0.589319 0.01 0.01
0 0.687282 0.634875 0.01 0.01
0 0.558023 0.664690 0.01 0.01
0 0.486171 0.730615 0.01 0.01
0 0.755801 0.529875 0.01 0.01
0 1.003208 0.654319 0.01 0.01
0 0.979504 0.655801 0.01 0.01
0 1.055060 0.633578 0.01 0.01
0 1.045430 0.621727 0.01 0.01
0 1.097282 0.618764 0.01 0.01
0 1.085430 0.607653 0.01 0.01
0 0.975801 0.594319 0.01 0.01
0 0.960986 0.593578 0.01 0.01
0 0.968393 0.620245 0.01 0.01
0 0.968393 0.589134 0.01 0.01
0 0.958764 0.582467 0.01 0.01
0 0.995801 0.588393 0.01 0.01
0 0.991356 0.586171 0.01 0.01
0 1.009134 0.593578 0.01 0.01
0 1.002467 0.592838 0.01 0.01
0 1.007653 0.589134 0.01 0.01
0 1.012097 0.581727 0.01 0.01
0 1.032097 0.567653 0.01 0.01
0 1.009134 0.570615 0.01 0.01
0 1.006171 0.563949 0.01 0.01
0 0.992838 0.558023 0.01 0.01
0 0.978023 0.547653 0.01 0.01
0 0.960986 0.550615 0.01 0.01
0 0.962467 0.541727 0.01 0.01
0 0.953578 0.547653 0.01 0.01
0 0.987653 0.531356 0.01 0.01
0 0.997282 0.540986 0.01 0.01
0 1.040245 0.552838 0.01 0.01
0 1.045430 0.551356 0.01 0.01
0 1.075060 0.563949 0.01 0.01
0 1.102467 0.571356 0.01 0.01
0 1.097282 0.568393 0.01 0.01
0 1.116541 0.549875 0.01 0.01
0 1.102467 0.548393 0.01 0.01
0 1.113578 0.600986 0.01 0.01
0 1.132097 0.596541 0.01 0.01
0 1.133578 0.539504 0.01 0.01
0 1.151356 0.531541 0.01 0.01
0 1.154319 0.539690 0.01 0.01
0 1.146912 0.558208 0.01 0.01
0 1.143949 0.560801 0.01 0.01
0 1.157653 0.601912 0.01 0.01
0 1.158393 0.614875 0.01 0.01
0 1.180245 0.605986 0.01 0.01
0 1.209875 0.622653 0.01 0.01
0 1.201356 0.628578 0.01 0.01
0 1.574690 0.586727 0.01 0.01
0 1.563578 0.585245 0.01 0.01
0 1.556541 0.582282 0.01 0.01
0 1.556171 0.488578 0.01 0.01
0 1.542838 0.484875 0.01 0.01
0 1.335801 0.523023 0.01 0.01
0 1.347653 0.521912 0.01 0.01
0 1.313949 0.516727 0.01 0.01
0 1.326171 0.554875 0.01 0.01
0 1.333208 0.569319 0.01 0.01
0 1.315060 0.577838 0.01 0.01
0 1.309875 0.569319 0.01 0.01
0 1.276171 0.577097 0.01 0.01
0 1.263578 0.603764 0.01 0.01
0 1.272467 0.605615 0.01 0.01
0 1.245801 0.599319 0.01 0.01
0 1.282097 0.615986 0.01 0.01
0 1.323578 0.606727 0.01 0.01
0 1.333208 0.617097 0.01 0.01
0 1.341356 0.631541 0.01 0.01
0 1.367282 0.621912 0.01 0.01
0 1.356912 0.599690 0.01 0.01
0 1.350986 0.593764 0.01 0.01
0 1.375801 0.543393 0.01 0.01
0 1.380245 0.591541 0.01 0.01
0 1.356171 0.589319 0.01 0.01
0 1.548393 0.747653 0.01 0.01
0 1.596049 0.537907 0.01 0.01
0 1.598846 0.583861 0.01 0.01
0 1.590854 0.583062 0.01 0.01
0 1.572872 0.595849 0.01 0.01
0 1.329716 0.513132 0.01 0.01
0 1.318527 0.513132 0.01 0.01
0 1.318527 0.500345 0.01 0.01
0 1.221824 0.505140 0.01 0.01
0 0.591254 0.622223 0.01 0.01
