0 0.083214 1.180552 0.01 0.01
0 0.071014 1.153336 0.01 0.01
0 0.010013 1.143951 0.01 0.01
0 0.007198 1.069812 0.01 0.01
0 0.076645 1.046350 0.01 0.01
0 0.052245 1.020072 0.01 0.01
0 0.047552 0.985349 0.01 0.01
0 0.048491 0.926225 0.01 0.01
0 0.075707 0.901825 0.01 0.01
0 0.025967 0.864286 0.01 0.01
0 0.039106 0.811731 0.01 0.01
0 0.067260 0.816423 0.01 0.01
0 0.105738 0.780761 0.01 0.01
0 0.131077 0.810792 0.01 0.01
0 0.068199 0.860532 0.01 0.01
0 0.200524 0.820177 0.01 0.01
0 0.147969 0.780761 0.01 0.01
0 0.130138 0.759176 0.01 0.01
0 0.162985 0.708499 0.01 0.01
0 0.133892 0.680344 0.01 0.01
0 0.082276 0.673775 0.01 0.01
0 0.063506 0.669083 0.01 0.01
0 0.014706 0.650313 0.01 0.01
0 0.010952 0.739468 0.01 0.01
0 0.040983 0.722576 0.01 0.01
0 0.079461 0.743222 0.01 0.01
0 0.163923 0.888686 0.01 0.01
0 0.107615 0.899948 0.01 0.01
0 0.117000 0.930917 0.01 0.01
0 0.132015 0.921533 0.01 0.01
0 0.138584 0.944056 0.01 0.01
0 0.168616 0.935610 0.01 0.01
0 0.194893 0.959072 0.01 0.01
0 0.173308 0.980656 0.01 0.01
0 0.126384 1.018196 0.01 0.01
0 0.218355 0.913086 0.01 0.01
0 0.272786 0.919656 0.01 0.01
0 0.294371 0.914963 0.01 0.01
0 0.324403 0.909332 0.01 0.01
0 0.375080 0.901825 0.01 0.01
0 0.345988 0.967518 0.01 0.01
0 0.276540 0.988164 0.01 0.01
0 0.245571 0.995672 0.01 0.01
0 0.217416 1.046350 0.01 0.01
0 0.196770 1.064181 0.01 0.01
0 0.250263 1.097966 0.01 0.01
0 0.150785 1.170228 0.01 0.01
0 0.184570 1.169290 0.01 0.01
0 0.285925 1.110166 0.01 0.01
0 0.356311 1.143013 0.01 0.01
0 0.291556 1.137382 0.01 0.01
0 0.331910 1.119551 0.01 0.01
0 0.370388 1.097027 0.01 0.01
0 0.426696 1.148644 0.01 0.01
0 0.449220 1.128936 0.01 0.01
0 0.486759 1.133628 0.01 0.01
0 0.540252 1.140197 0.01 0.01
0 0.510221 1.166475 0.01 0.01
0 0.577791 1.140197 0.01 0.01
0 0.563714 1.146767 0.01 0.01
0 0.628469 1.182429 0.01 0.01
0 0.646300 1.167413 0.01 0.01
0 0.608761 1.118612 0.01 0.01
0 0.669761 1.098904 0.01 0.01
0 0.675392 1.054796 0.01 0.01
0 0.714808 1.110166 0.01 0.01
0 0.773932 1.110166 0.01 0.01
0 0.774871 1.051042 0.01 0.01
0 0.714808 1.184306 0.01 0.01
0 0.684777 1.182429 0.01 0.01
0 0.616268 1.033211 0.01 0.01
0 0.647238 1.039780 0.01 0.01
0 0.667885 1.014442 0.01 0.01
0 0.710116 0.991918 0.01 0.01
0 0.719501 0.960949 0.01 0.01
0 0.760794 0.941241 0.01 0.01
0 0.663192 0.961887 0.01 0.01
0 0.677269 0.919656 0.01 0.01
0 0.605007 0.934671 0.01 0.01
0 0.603130 0.963764 0.01 0.01
0 0.581545 1.009749 0.01 0.01
0 0.538375 0.978780 0.01 0.01
0 0.564652 0.974087 0.01 0.01
0 0.575914 0.896194 0.01 0.01
0 0.480189 0.955318 0.01 0.01
0 0.460481 0.987226 0.01 0.01
0 0.463297 1.043534 0.01 0.01
0 0.487697 1.044473 0.01 0.01
0 0.531806 1.069812 0.01 0.01
0 0.542129 1.098904 0.01 0.01
0 0.503651 1.096089 0.01 0.01
0 0.429512 1.014442 0.01 0.01
0 0.356311 1.030396 0.01 0.01
0 0.296248 1.043534 0.01 0.01
0 0.389157 0.826747 0.01 0.01
0 0.355372 0.801408 0.01 0.01
0 0.330972 0.827685 0.01 0.01
0 0.305633 0.848331 0.01 0.01
0 0.246509 0.872732 0.01 0.01
0 0.243694 0.847393 0.01 0.01
0 0.191139 0.908394 0.01 0.01
0 0.252140 0.793900 0.01 0.01
0 0.294371 0.748853 0.01 0.01
0 0.232432 0.728207 0.01 0.01
0 0.272786 0.710376 0.01 0.01
0 0.241817 0.678467 0.01 0.01
0 0.219293 0.675652 0.01 0.01
0 0.195831 0.662513 0.01 0.01
0 0.229617 0.646559 0.01 0.01
0 0.159231 0.637175 0.01 0.01
0 0.310325 0.649375 0.01 0.01
0 0.284048 0.647498 0.01 0.01
0 0.290617 0.692545 0.01 0.01
0 0.336603 0.701929 0.01 0.01
0 0.382588 0.696298 0.01 0.01
0 0.353495 0.658759 0.01 0.01
0 0.389157 0.649375 0.01 0.01
0 0.361003 0.754484 0.01 0.01
0 0.383527 0.741345 0.01 0.01
0 0.361003 0.738530 0.01 0.01
0 0.433266 0.744161 0.01 0.01
0 0.459543 0.765746 0.01 0.01
0 0.422942 0.820177 0.01 0.01
0 0.437958 0.802346 0.01 0.01
0 0.490513 0.834254 0.01 0.01
0 0.478313 0.804223 0.01 0.01
0 0.525236 0.800469 0.01 0.01
0 0.561837 0.834254 0.01 0.01
0 0.590930 0.780761 0.01 0.01
0 0.633161 0.841762 0.01 0.01
0 0.668823 0.795777 0.01 0.01
0 0.661315 0.823931 0.01 0.01
0 0.700731 0.868039 0.01 0.01
0 0.742024 0.860532 0.01 0.01
0 0.752347 0.802346 0.01 0.01
0 0.719501 0.807977 0.01 0.01
0 0.719501 0.729145 0.01 0.01
0 0.791763 0.765746 0.01 0.01
0 0.790825 0.738530 0.01 0.01
0 0.776748 0.713191 0.01 0.01
0 0.788948 0.676591 0.01 0.01
0 0.779563 0.663452 0.01 0.01
0 0.711054 0.649375 0.01 0.01
0 0.726070 0.637175 0.01 0.01
0 0.662254 0.639051 0.01 0.01
0 0.623776 0.698175 0.01 0.01
0 0.624715 0.743222 0.01 0.01
0 0.654746 0.719760 0.01 0.01
0 0.573099 0.721637 0.01 0.01
0 0.572160 0.702868 0.01 0.01
0 0.567468 0.670021 0.01 0.01
0 0.509282 0.731961 0.01 0.01
0 0.487697 0.735714 0.01 0.01
0 0.484882 0.637175 0.01 0.01
0 0.449220 0.624036 0.01 0.01
0 0.529929 0.675652 0.01 0.01
0 0.819189 0.881178 0.01 0.01
0 0.813558 0.954379 0.01 0.01
0 0.835143 0.965641 0.01 0.01
0 0.804173 1.072627 0.01 0.01
0 0.827635 1.082950 0.01 0.01
0 0.844527 1.123305 0.01 0.01
0 0.791973 1.185244 0.01 0.01
0 0.806050 1.169290 0.01 0.01
0 0.873620 1.171167 0.01 0.01
0 0.871743 1.192752 0.01 0.01
0 0.965591 1.179613 0.01 0.01
0 0.976852 1.115797 0.01 0.01
0 0.918667 1.089520 0.01 0.01
0 0.942129 1.098904 0.01 0.01
0 0.880189 1.052919 0.01 0.01
0 0.917728 1.020072 0.01 0.01
0 0.900836 0.970333 0.01 0.01
0 0.896144 0.929979 0.01 0.01
0 0.910221 0.935610 0.01 0.01
0 0.920544 0.908394 0.01 0.01
0 0.848281 0.872732 0.01 0.01
0 0.824819 0.840824 0.01 0.01
0 0.881128 0.827685 0.01 0.01
0 0.962775 0.807039 0.01 0.01
0 0.875497 0.747915 0.01 0.01
0 0.871743 0.704745 0.01 0.01
0 0.822942 0.671898 0.01 0.01
0 0.825758 0.625913 0.01 0.01
0 0.877374 0.621220 0.01 0.01
0 0.892390 0.660636 0.01 0.01
0 0.930867 0.698175 0.01 0.01
0 0.958083 0.682221 0.01 0.01
0 0.962775 0.649375 0.01 0.01
0 1.010638 0.712253 0.01 0.01
0 1.083839 0.710376 0.01 0.01
0 1.023776 0.685037 0.01 0.01
0 1.110116 0.728207 0.01 0.01
0 1.142963 0.702868 0.01 0.01
0 1.181440 0.702868 0.01 0.01
0 1.206779 0.678467 0.01 0.01
0 1.196456 0.769500 0.01 0.01
0 1.182379 0.734776 0.01 0.01
0 1.163609 0.823931 0.01 0.01
0 1.175809 0.857716 0.01 0.01
0 1.115747 0.831439 0.01 0.01
0 1.095100 0.834254 0.01 0.01
0 1.060377 0.911209 0.01 0.01
0 0.999376 0.888686 0.01 0.01
0 1.111054 0.906517 0.01 0.01
0 1.135455 0.924348 0.01 0.01
0 1.203025 0.922471 0.01 0.01
0 1.224610 0.901825 0.01 0.01
0 1.215225 0.945933 0.01 0.01
0 1.216164 1.033211 0.01 0.01
0 1.186132 1.067935 0.01 0.01
0 1.149532 1.059488 0.01 0.01
0 1.184255 1.105474 0.01 0.01
0 1.182379 1.130813 0.01 0.01
0 1.107300 1.176798 0.01 0.01
0 1.112931 1.110166 0.01 0.01
0 1.082900 1.047288 0.01 0.01
0 1.063192 1.003180 0.01 0.01
0 1.029407 0.988164 0.01 0.01
0 0.989053 1.021949 0.01 0.01
0 0.968406 0.975964 0.01 0.01
0 0.988114 0.954379 0.01 0.01
0 0.966529 1.052919 0.01 0.01
0 1.032222 1.126120 0.01 0.01
0 1.132639 0.998488 0.01 0.01
0 1.149532 1.002241 0.01 0.01
0 1.082900 0.665329 0.01 0.01
0 1.087593 0.625913 0.01 0.01
0 1.193850 1.176798 0.01 0.01
0 1.250158 1.130813 0.01 0.01
0 1.230450 1.081073 0.01 0.01
0 1.245466 1.034150 0.01 0.01
0 1.279251 1.027580 0.01 0.01
0 1.308344 0.949687 0.01 0.01
0 1.293328 0.937487 0.01 0.01
0 1.275497 0.928102 0.01 0.01
0 1.275497 0.877424 0.01 0.01
0 1.334621 0.926225 0.01 0.01
0 1.387176 0.941241 0.01 0.01
0 1.415330 0.919656 0.01 0.01
0 1.368406 1.076381 0.01 0.01
0 1.341190 1.110166 0.01 0.01
0 1.321482 1.144890 0.01 0.01
0 1.372160 1.172105 0.01 0.01
0 1.380606 1.137382 0.01 0.01
0 1.416268 1.143013 0.01 0.01
0 1.382483 1.094212 0.01 0.01
0 1.508239 0.962825 0.01 0.01
0 1.503547 1.006934 0.01 0.01
0 1.549532 1.040719 0.01 0.01
0 1.571117 1.063242 0.01 0.01
0 1.527947 1.156151 0.01 0.01
0 1.483839 1.165536 0.01 0.01
0 1.576748 1.177736 0.01 0.01
0 1.446300 1.013503 0.01 0.01
0 1.463192 0.957195 0.01 0.01
0 1.513870 0.926225 0.01 0.01
0 1.578625 0.990041 0.01 0.01
0 1.521378 0.844578 0.01 0.01
0 1.538270 0.822993 0.01 0.01
0 1.551409 0.768561 0.01 0.01
0 1.538270 0.749792 0.01 0.01
0 1.560794 0.710376 0.01 0.01
0 1.587071 0.655944 0.01 0.01
0 1.471638 0.711314 0.01 0.01
0 1.481962 0.678467 0.01 0.01
0 1.417207 0.670021 0.01 0.01
0 1.451930 0.616528 0.01 0.01
0 1.386237 0.666267 0.01 0.01
0 1.401253 0.663452 0.01 0.01
0 1.342129 0.659698 0.01 0.01
0 1.241712 0.675652 0.01 0.01
0 1.253912 0.699114 0.01 0.01
0 1.290513 0.715068 0.01 0.01
0 1.259543 0.767623 0.01 0.01
0 1.263297 0.800469 0.01 0.01
0 1.321482 0.752607 0.01 0.01
0 1.375914 0.710376 0.01 0.01
0 1.348698 0.833316 0.01 0.01
0 1.233266 0.851147 0.01 0.01
0 1.231389 0.830500 0.01 0.01
0 1.037124 1.059488 0.01 0.01
0 1.404068 0.822054 0.01 0.01
0 1.446300 0.856778 0.01 0.01
0 1.465069 0.817362 0.01 0.01
0 1.410638 0.780761 0.01 0.01
0 1.417207 0.728207 0.01 0.01
0 1.481023 0.777007 0.01 0.01
0 1.593640 0.788269 0.01 0.01
0 0.916061 0.621220 0.01 0.01
0 1.023047 0.623097 0.01 0.01
0 1.018355 0.653129 0.01 0.01
0 1.559855 0.614182 0.01 0.01
0 1.562671 0.569135 0.01 0.01
0 1.550470 0.497811 0.01 0.01
0 1.540147 0.462149 0.01 0.01
0 1.466008 0.464964 0.01 0.01
0 1.449115 0.458395 0.01 0.01
0 1.354329 0.462149 0.01 0.01
0 1.407822 0.514704 0.01 0.01
0 1.414391 0.549427 0.01 0.01
0 1.431284 0.585089 0.01 0.01
0 1.490408 0.542858 0.01 0.01
0 1.495100 0.582274 0.01 0.01
0 1.521378 0.590720 0.01 0.01
0 1.373099 0.567258 0.01 0.01
0 1.312098 0.560689 0.01 0.01
0 1.284882 0.560689 0.01 0.01
0 1.242650 0.567258 0.01 0.01
0 1.206988 0.563504 0.01 0.01
0 1.155372 0.563504 0.01 0.01
0 1.250158 0.632951 0.01 0.01
0 1.155372 0.626382 0.01 0.01
0 1.136603 0.591658 0.01 0.01
0 1.149741 0.530658 0.01 0.01
0 1.185403 0.530658 0.01 0.01
0 1.219189 0.460272 0.01 0.01
0 1.265174 0.468718 0.01 0.01
0 1.353391 0.519396 0.01 0.01
0 0.851306 0.591658 0.01 0.01
0 0.863506 0.563504 0.01 0.01
0 0.813767 0.524088 0.01 0.01
0 0.840983 0.518457 0.01 0.01
0 0.871014 0.509073 0.01 0.01
0 0.916061 0.505319 0.01 0.01
0 0.924507 0.522211 0.01 0.01
0 0.946092 0.497811 0.01 0.01
0 0.978939 0.510950 0.01 0.01
0 0.930138 0.583212 0.01 0.01
0 0.958292 0.586966 0.01 0.01
0 1.030555 0.574766 0.01 0.01
0 0.999585 0.539104 0.01 0.01
0 1.020232 0.502503 0.01 0.01
0 1.063402 0.548489 0.01 0.01
0 1.078417 0.536288 0.01 0.01
0 1.083110 0.458395 0.01 0.01
0 1.033370 0.446195 0.01 0.01
0 0.914184 0.463087 0.01 0.01
0 0.993016 0.469657 0.01 0.01
0 0.809075 0.481857 0.01 0.01
0 0.838168 0.466841 0.01 0.01
0 0.873830 0.424610 0.01 0.01
0 0.848491 0.332639 0.01 0.01
0 0.907615 0.336393 0.01 0.01
0 0.915123 0.418041 0.01 0.01
0 0.966739 0.442441 0.01 0.01
0 0.947031 0.398333 0.01 0.01
0 0.964862 0.371117 0.01 0.01
0 0.960169 0.344839 0.01 0.01
0 0.980816 0.305424 0.01 0.01
0 1.025863 0.276331 0.01 0.01
0 1.039940 0.320439 0.01 0.01
0 1.072786 0.316685 0.01 0.01
0 1.013662 0.327947 0.01 0.01
0 1.046509 0.369240 0.01 0.01
0 1.050263 0.388009 0.01 0.01
0 1.015539 0.420856 0.01 0.01
0 1.106572 0.401148 0.01 0.01
0 1.131910 0.372055 0.01 0.01
0 1.202296 0.294162 0.01 0.01
0 1.133787 0.268823 0.01 0.01
0 1.088741 0.275392 0.01 0.01
0 1.102818 0.239730 0.01 0.01
0 1.156311 0.240669 0.01 0.01
0 1.189157 0.226592 0.01 0.01
0 1.214496 0.256623 0.01 0.01
0 1.225758 0.247238 0.01 0.01
0 1.198542 0.206884 0.01 0.01
0 1.247343 0.274454 0.01 0.01
0 1.267989 0.252869 0.01 0.01
0 1.292390 0.226592 0.01 0.01
0 1.308344 0.229407 0.01 0.01
0 1.312098 0.266946 0.01 0.01
0 1.283005 0.233161 0.01 0.01
0 1.282066 0.290408 0.01 0.01
0 1.298959 0.298854 0.01 0.01
0 1.192911 0.375809 0.01 0.01
0 1.234204 0.381440 0.01 0.01
0 1.148803 0.419918 0.01 0.01
0 1.153495 0.448072 0.01 0.01
0 1.126280 0.520334 0.01 0.01
0 1.146926 0.487488 0.01 0.01
0 1.081233 0.503442 0.01 0.01
0 1.117833 0.560689 0.01 0.01
0 0.814706 0.231284 0.01 0.01
0 0.812829 0.172160 0.01 0.01
0 0.837229 0.154329 0.01 0.01
0 0.855999 0.193745 0.01 0.01
0 0.905738 0.174037 0.01 0.01
0 0.917000 0.144006 0.01 0.01
0 0.942338 0.160898 0.01 0.01
0 0.958292 0.141190 0.01 0.01
0 0.992078 0.139313 0.01 0.01
0 1.013662 0.144006 0.01 0.01
0 1.039940 0.191868 0.01 0.01
0 0.966739 0.180606 0.01 0.01
0 1.121587 0.160898 0.01 0.01
0 1.138480 0.142129 0.01 0.01
0 1.363714 0.259438 0.01 0.01
0 1.368406 0.303547 0.01 0.01
0 1.313975 0.377686 0.01 0.01
0 1.291451 0.413348 0.01 0.01
0 1.346821 0.413348 0.01 0.01
0 1.384360 0.413348 0.01 0.01
0 1.441607 0.392702 0.01 0.01
0 1.485716 0.424610 0.01 0.01
0 1.532639 0.409594 0.01 0.01
0 1.542963 0.429302 0.01 0.01
0 1.574871 0.447133 0.01 0.01
0 1.502608 0.446195 0.01 0.01
0 1.588009 0.424610 0.01 0.01
0 1.584255 0.318562 0.01 0.01
0 1.588948 0.277269 0.01 0.01
0 1.576748 0.249115 0.01 0.01
0 1.540147 0.308239 0.01 0.01
0 1.508239 0.266008 0.01 0.01
0 1.480085 0.318562 0.01 0.01
0 1.446300 0.296977 0.01 0.01
0 1.452869 0.261315 0.01 0.01
0 1.423776 0.292285 0.01 0.01
0 1.403130 0.331701 0.01 0.01
0 1.431284 0.234099 0.01 0.01
0 1.386237 0.233161 0.01 0.01
0 1.353391 0.223776 0.01 0.01
0 1.386237 0.177791 0.01 0.01
0 1.373099 0.174975 0.01 0.01
0 1.349637 0.157144 0.01 0.01
0 1.323359 0.174037 0.01 0.01
0 1.435038 0.188114 0.01 0.01
0 1.453807 0.151514 0.01 0.01
0 1.496039 0.148698 0.01 0.01
0 1.527008 0.144006 0.01 0.01
0 1.495100 0.183422 0.01 0.01
0 1.509177 0.197499 0.01 0.01
0 1.538270 0.206884 0.01 0.01
0 1.557978 0.209699 0.01 0.01
0 1.586132 0.160898 0.01 0.01
0 1.590825 0.137436 0.01 0.01
0 1.594579 0.184360 0.01 0.01
0 1.287697 0.167468 0.01 0.01
0 1.265174 0.152452 0.01 0.01
0 1.249220 0.141190 0.01 0.01
0 1.290513 0.141190 0.01 0.01
0 1.332744 0.131806 0.01 0.01
0 1.524193 0.082536 0.01 0.01
0 1.477269 0.115382 0.01 0.01
0 1.588009 0.063766 0.01 0.01
0 1.595517 0.034673 0.01 0.01
0 1.558917 0.024350 0.01 0.01
0 1.534516 0.023412 0.01 0.01
0 1.486654 0.063766 0.01 0.01
0 1.495100 0.040304 0.01 0.01
0 1.414391 0.033735 0.01 0.01
0 1.406884 0.086290 0.01 0.01
0 1.381545 0.130398 0.01 0.01
0 1.343067 0.032796 0.01 0.01
0 1.289574 0.039366 0.01 0.01
0 1.238897 0.039366 0.01 0.01
0 1.205111 0.070335 0.01 0.01
0 1.172265 0.095674 0.01 0.01
0 1.206988 0.102244 0.01 0.01
0 1.298959 0.087228 0.01 0.01
0 1.103756 0.122890 0.01 0.01
0 1.076540 0.105998 0.01 0.01
0 1.096248 0.080659 0.01 0.01
0 1.071848 0.072212 0.01 0.01
0 1.021170 0.073151 0.01 0.01
0 1.020232 0.100367 0.01 0.01
0 1.003339 0.052504 0.01 0.01
0 1.038063 0.056258 0.01 0.01
0 1.091556 0.029981 0.01 0.01
0 1.156311 0.040304 0.01 0.01
0 1.141295 0.069397 0.01 0.01
0 1.145988 0.026227 0.01 0.01
0 1.169449 0.024350 0.01 0.01
0 1.199481 0.020596 0.01 0.01
0 1.221066 0.021535 0.01 0.01
0 1.034309 0.023412 0.01 0.01
0 0.990201 0.032796 0.01 0.01
0 0.949846 0.049689 0.01 0.01
0 0.902922 0.019658 0.01 0.01
0 0.907615 0.049689 0.01 0.01
0 0.922630 0.078782 0.01 0.01
0 0.924507 0.109751 0.01 0.01
0 0.947031 0.109751 0.01 0.01
0 0.967677 0.120075 0.01 0.01
0 0.872891 0.108813 0.01 0.01
0 0.876645 0.065643 0.01 0.01
0 0.827844 0.108813 0.01 0.01
0 1.055894 0.121952 0.01 0.01
0 0.512307 0.534411 0.01 0.01
0 0.532954 0.524088 0.01 0.01
0 0.560169 0.550366 0.01 0.01
0 0.547031 0.604797 0.01 0.01
0 0.523569 0.603859 0.01 0.01
0 0.620232 0.573827 0.01 0.01
0 0.710325 0.601982 0.01 0.01
0 0.690617 0.573827 0.01 0.01
0 0.619293 0.533473 0.01 0.01
0 0.603339 0.513765 0.01 0.01
0 0.578000 0.510011 0.01 0.01
0 0.455060 0.526904 0.01 0.01
0 0.639940 0.434933 0.01 0.01
0 0.661525 0.436810 0.01 0.01
0 0.680294 0.492180 0.01 0.01
0 0.749741 0.531596 0.01 0.01
0 0.782588 0.510950 0.01 0.01
0 0.738480 0.615120 0.01 0.01
0 0.801358 0.582274 0.01 0.01
0 0.798542 0.611366 0.01 0.01
0 0.804173 0.350470 0.01 0.01
0 0.746926 0.375809 0.01 0.01
0 0.769449 0.392702 0.01 0.01
0 0.800419 0.425548 0.01 0.01
0 0.747864 0.450887 0.01 0.01
0 0.674663 0.411471 0.01 0.01
0 0.650263 0.397394 0.01 0.01
0 0.615539 0.398333 0.01 0.01
0 0.591139 0.432118 0.01 0.01
0 0.562046 0.417102 0.01 0.01
0 0.562046 0.378625 0.01 0.01
0 0.522630 0.375809 0.01 0.01
0 0.613662 0.369240 0.01 0.01
0 0.629617 0.346716 0.01 0.01
0 0.644632 0.310116 0.01 0.01
0 0.700002 0.310116 0.01 0.01
0 0.714079 0.337332 0.01 0.01
0 0.593016 0.312931 0.01 0.01
0 0.538584 0.320439 0.01 0.01
0 0.469137 0.383317 0.01 0.01
0 0.461629 0.408656 0.01 0.01
0 0.476645 0.468718 0.01 0.01
0 0.514184 0.446195 0.01 0.01
0 0.362151 0.511888 0.01 0.01
0 0.319920 0.533473 0.01 0.01
0 0.286135 0.515642 0.01 0.01
0 0.279565 0.533473 0.01 0.01
0 0.251411 0.543796 0.01 0.01
0 0.242026 0.593535 0.01 0.01
0 0.176333 0.615120 0.01 0.01
0 0.316166 0.586966 0.01 0.01
0 0.387490 0.593535 0.01 0.01
0 0.359336 0.596351 0.01 0.01
0 0.349012 0.584151 0.01 0.01
0 0.344320 0.554119 0.01 0.01
0 0.411890 0.487488 0.01 0.01
0 0.368720 0.475288 0.01 0.01
0 0.395936 0.430241 0.01 0.01
0 0.426906 0.392702 0.01 0.01
0 0.411890 0.312931 0.01 0.01
0 0.455999 0.327008 0.01 0.01
0 0.453183 0.307300 0.01 0.01
0 0.341505 0.317624 0.01 0.01
0 0.315227 0.329824 0.01 0.01
0 0.308658 0.370178 0.01 0.01
0 0.341505 0.375809 0.01 0.01
0 0.272996 0.347655 0.01 0.01
0 0.250473 0.341086 0.01 0.01
0 0.241088 0.313870 0.01 0.01
0 0.195103 0.316685 0.01 0.01
0 0.170702 0.311054 0.01 0.01
0 0.177271 0.341086 0.01 0.01
0 0.171641 0.369240 0.01 0.01
0 0.210118 0.354224 0.01 0.01
0 0.225134 0.380502 0.01 0.01
0 0.230765 0.347655 0.01 0.01
0 0.258919 0.402086 0.01 0.01
0 0.188533 0.418979 0.01 0.01
0 0.204487 0.428364 0.01 0.01
0 0.165071 0.448072 0.01 0.01
0 0.155687 0.481857 0.01 0.01
0 0.173518 0.513765 0.01 0.01
0 0.216687 0.530658 0.01 0.01
0 0.223257 0.563504 0.01 0.01
0 0.241088 0.507196 0.01 0.01
0 0.129409 0.416164 0.01 0.01
0 0.122840 0.386132 0.01 0.01
0 0.132225 0.354224 0.01 0.01
0 0.124717 0.323255 0.01 0.01
0 0.124717 0.339209 0.01 0.01
0 0.400629 0.389886 0.01 0.01
0 0.315227 0.426487 0.01 0.01
0 0.337751 0.474349 0.01 0.01
0 0.322735 0.509073 0.01 0.01
0 0.128471 0.551304 0.01 0.01
0 0.130348 0.609490 0.01 0.01
0 0.019398 0.538165 0.01 0.01
0 0.018460 0.500626 0.01 0.01
0 0.052245 0.520334 0.01 0.01
0 0.083214 0.540981 0.01 0.01
0 0.106676 0.487488 0.01 0.01
0 0.060691 0.433995 0.01 0.01
0 0.027844 0.421794 0.01 0.01
0 0.028783 0.388009 0.01 0.01
0 0.004383 0.336393 0.01 0.01
0 0.025029 0.365486 0.01 0.01
0 0.063506 0.333578 0.01 0.01
0 0.053183 0.381440 0.01 0.01
0 0.068199 0.381440 0.01 0.01
0 0.089784 0.379563 0.01 0.01
0 0.061629 0.398333 0.01 0.01
0 0.081337 0.570074 0.01 0.01
0 0.071953 0.624505 0.01 0.01
0 0.452035 0.453703 0.01 0.01
0 0.422942 0.651721 0.01 0.01
0 0.187385 0.563504 0.01 0.01
0 0.048491 0.201722 0.01 0.01
0 0.025029 0.171691 0.01 0.01
0 0.055060 0.156675 0.01 0.01
0 0.025967 0.145413 0.01 0.01
0 0.014706 0.110690 0.01 0.01
0 0.019398 0.072212 0.01 0.01
0 0.063506 0.079720 0.01 0.01
0 0.063506 0.105998 0.01 0.01
0 0.065383 0.126644 0.01 0.01
0 0.095415 0.154798 0.01 0.01
0 0.119815 0.163245 0.01 0.01
0 0.091661 0.176383 0.01 0.01
0 0.112307 0.192337 0.01 0.01
0 0.132015 0.128521 0.01 0.01
0 0.163923 0.144475 0.01 0.01
0 0.196770 0.122890 0.01 0.01
0 0.167677 0.115382 0.01 0.01
0 0.223047 0.141660 0.01 0.01
0 0.248386 0.156675 0.01 0.01
0 0.240878 0.113505 0.01 0.01
0 0.254955 0.079720 0.01 0.01
0 0.272786 0.039366 0.01 0.01
0 0.294371 0.052504 0.01 0.01
0 0.316895 0.054381 0.01 0.01
0 0.319710 0.115382 0.01 0.01
0 0.346926 0.095674 0.01 0.01
0 0.287802 0.105998 0.01 0.01
0 0.298125 0.089105 0.01 0.01
0 0.363819 0.046874 0.01 0.01
0 0.337541 0.036550 0.01 0.01
0 0.392911 0.056258 0.01 0.01
0 0.420127 0.046874 0.01 0.01
0 0.423881 0.032796 0.01 0.01
0 0.456728 0.023412 0.01 0.01
0 0.452974 0.056258 0.01 0.01
0 0.424819 0.106936 0.01 0.01
0 0.452974 0.098490 0.01 0.01
0 0.532744 0.082536 0.01 0.01
0 0.491451 0.074089 0.01 0.01
0 0.536498 0.059074 0.01 0.01
0 0.600314 0.085351 0.01 0.01
0 0.576852 0.075966 0.01 0.01
0 0.665069 0.043120 0.01 0.01
0 0.736393 0.044058 0.01 0.01
0 0.754224 0.281492 0.01 0.01
0 0.711993 0.254277 0.01 0.01
0 0.735455 0.250523 0.01 0.01
0 0.767363 0.227061 0.01 0.01
0 0.788009 0.227999 0.01 0.01
0 0.791763 0.159491 0.01 0.01
0 0.775809 0.133213 0.01 0.01
0 0.763609 0.181076 0.01 0.01
0 0.783317 0.105998 0.01 0.01
0 0.713870 0.124767 0.01 0.01
0 0.698854 0.159491 0.01 0.01
0 0.660377 0.146352 0.01 0.01
0 0.649115 0.169814 0.01 0.01
0 0.691346 0.183891 0.01 0.01
0 0.640669 0.202660 0.01 0.01
0 0.625653 0.191399 0.01 0.01
0 0.598437 0.216738 0.01 0.01
0 0.562775 0.227061 0.01 0.01
0 0.571222 0.189522 0.01 0.01
0 0.554329 0.158552 0.01 0.01
0 0.513975 0.149167 0.01 0.01
0 0.501774 0.194214 0.01 0.01
0 0.533683 0.189522 0.01 0.01
0 0.523359 0.218615 0.01 0.01
0 0.507405 0.237384 0.01 0.01
0 0.559960 0.255215 0.01 0.01
0 0.534621 0.280554 0.01 0.01
0 0.519605 0.263661 0.01 0.01
0 0.462358 0.243953 0.01 0.01
0 0.475497 0.230815 0.01 0.01
0 0.464235 0.205476 0.01 0.01
0 0.443589 0.164183 0.01 0.01
0 0.453912 0.150106 0.01 0.01
0 0.396665 0.152921 0.01 0.01
0 0.373203 0.166060 0.01 0.01
0 0.296248 0.164183 0.01 0.01
0 0.289679 0.144475 0.01 0.01
0 0.327218 0.213922 0.01 0.01
0 0.335664 0.246769 0.01 0.01
0 0.389157 0.208291 0.01 0.01
0 0.427635 0.202660 0.01 0.01
0 0.386342 0.271169 0.01 0.01
0 0.312202 0.285246 0.01 0.01
0 0.272786 0.279615 0.01 0.01
0 0.271848 0.241138 0.01 0.01
0 0.247448 0.234569 0.01 0.01
0 0.218355 0.273046 0.01 0.01
0 0.198647 0.254277 0.01 0.01
0 0.130138 0.266477 0.01 0.01
0 0.184570 0.203599 0.01 0.01
0 0.079461 0.306831 0.01 0.01
0 0.271848 0.304954 0.01 0.01
0 0.178000 0.033735 0.01 0.01
0 0.153600 0.045935 0.01 0.01
0 0.100107 0.082536 0.01 0.01
0 0.129200 0.096613 0.01 0.01
0 0.144215 0.089105 0.01 0.01
0 0.215539 0.187645 0.01 0.01
0 0.377896 0.102244 0.01 0.01
0 0.666008 0.268354 0.01 0.01
0 0.679146 0.254277 0.01 0.01
0 0.547760 0.036550 0.01 0.01
0 0.574975 0.032796 0.01 0.01
0 0.745778 0.163245 0.01 0.01
0 0.781440 0.354693 0.01 0.01
0 0.480189 0.438218 0.01 0.01
0 0.387490 1.058081 0.01 0.01
0 0.436291 1.088112 0.01 0.01
0 0.104070 1.084358 0.01 0.01
0 0.012100 0.774661 0.01 0.01
0 0.329304 1.073096 0.01 0.01
0 1.057561 0.842231 0.01 0.01
0 1.175809 0.144006 0.01 0.01
