0 0.552078 0.463397 0.01 0.01
0 0.596530 0.460498 0.01 0.01
0 0.612957 0.442138 0.01 0.01
0 0.640015 0.456633 0.01 0.01
0 0.644847 0.417013 0.01 0.01
0 0.678668 0.419912 0.01 0.01
0 0.697029 0.408316 0.01 0.01
0 0.669971 0.399619 0.01 0.01
0 0.689298 0.371595 0.01 0.01
0 0.653544 0.363864 0.01 0.01
0 0.622621 0.384158 0.01 0.01
0 0.598462 0.413148 0.01 0.01
0 0.584933 0.415080 0.01 0.01
0 0.557876 0.428609 0.01 0.01
0 0.521155 0.450835 0.01 0.01
0 0.555943 0.410249 0.01 0.01
0 0.564640 0.395754 0.01 0.01
0 0.545314 0.331009 0.01 0.01
0 0.601361 0.330043 0.01 0.01
0 0.610058 0.357100 0.01 0.01
0 0.644847 0.339706 0.01 0.01
0 0.649678 0.331975 0.01 0.01
0 0.645813 0.317480 0.01 0.01
0 0.678668 0.297187 0.01 0.01
0 0.698962 0.275928 0.01 0.01
0 0.698962 0.257567 0.01 0.01
0 0.690265 0.253702 0.01 0.01
0 0.666106 0.273029 0.01 0.01
0 0.639049 0.245005 0.01 0.01
0 0.644847 0.250803 0.01 0.01
0 0.669005 0.216981 0.01 0.01
0 0.634217 0.308783 0.01 0.01
0 0.617789 0.315548 0.01 0.01
0 0.608126 0.293322 0.01 0.01
0 0.574304 0.310716 0.01 0.01
0 0.567539 0.291389 0.01 0.01
0 0.535650 0.304918 0.01 0.01
0 0.525020 0.296221 0.01 0.01
0 0.567539 0.379326 0.01 0.01
0 0.502795 0.413148 0.01 0.01
0 0.489266 0.430542 0.01 0.01
0 0.470905 0.461465 0.01 0.01
0 0.452545 0.440205 0.01 0.01
0 0.440949 0.410249 0.01 0.01
0 0.425487 0.374494 0.01 0.01
0 0.463175 0.357100 0.01 0.01
0 0.482502 0.345504 0.01 0.01
0 0.464141 0.333908 0.01 0.01
0 0.486367 0.370629 0.01 0.01
0 0.467040 0.244038 0.01 0.01
0 0.500862 0.244038 0.01 0.01
0 0.502795 0.262399 0.01 0.01
0 0.503761 0.274961 0.01 0.01
0 0.379103 0.330043 0.01 0.01
0 0.409060 0.330043 0.01 0.01
0 0.418723 0.350336 0.01 0.01
0 0.400363 0.366764 0.01 0.01
0 0.364608 0.343571 0.01 0.01
0 0.376204 0.426677 0.01 0.01
0 0.347214 0.408316 0.01 0.01
0 0.358810 0.394787 0.01 0.01
0 0.329820 0.381259 0.01 0.01
0 0.323055 0.356134 0.01 0.01
0 0.302762 0.347437 0.01 0.01
0 0.280537 0.332942 0.01 0.01
0 0.258311 0.356134 0.01 0.01
0 0.270873 0.386090 0.01 0.01
0 0.250580 0.398653 0.01 0.01
0 0.302762 0.420879 0.01 0.01
0 0.312426 0.426677 0.01 0.01
0 0.339483 0.456633 0.01 0.01
0 0.267974 0.437306 0.01 0.01
0 0.216758 0.426677 0.01 0.01
0 0.207095 0.445037 0.01 0.01
0 0.220623 0.406383 0.01 0.01
0 0.217724 0.336807 0.01 0.01
0 0.193566 0.388023 0.01 0.01
0 0.195499 0.367730 0.01 0.01
0 0.173273 0.354201 0.01 0.01
0 0.208061 0.326177 0.01 0.01
0 0.174239 0.308783 0.01 0.01
0 0.117225 0.318447 0.01 0.01
0 0.133653 0.378360 0.01 0.01
0 0.165542 0.397686 0.01 0.01
0 0.149114 0.424744 0.01 0.01
0 0.154912 0.458566 0.01 0.01
0 0.097898 0.454700 0.01 0.01
0 0.109494 0.426677 0.01 0.01
0 0.079538 0.406383 0.01 0.01
0 0.090168 0.349369 0.01 0.01
0 0.053447 0.329076 0.01 0.01
0 0.041851 0.300086 0.01 0.01
0 0.098865 0.296221 0.01 0.01
0 0.132687 0.291389 0.01 0.01
0 0.143316 0.316514 0.01 0.01
0 0.185835 0.238240 0.01 0.01
0 0.217724 0.237274 0.01 0.01
0 0.245748 0.257567 0.01 0.01
0 0.293099 0.251769 0.01 0.01
0 0.274739 0.244038 0.01 0.01
0 0.289234 0.224712 0.01 0.01
0 0.316291 0.220846 0.01 0.01
0 0.267008 0.217947 0.01 0.01
0 0.250580 0.230510 0.01 0.01
0 0.227388 0.223745 0.01 0.01
0 0.110461 0.400585 0.01 0.01
0 0.068908 0.426677 0.01 0.01
0 0.026389 0.390922 0.01 0.01
0 0.011894 0.359033 0.01 0.01
0 0.012860 0.403484 0.01 0.01
0 0.033154 0.444071 0.01 0.01
0 0.055379 0.363864 0.01 0.01
0 0.073740 0.391888 0.01 0.01
0 0.030255 0.232442 0.01 0.01
0 0.052480 0.216981 0.01 0.01
0 0.099831 0.216981 0.01 0.01
0 0.116259 0.211183 0.01 0.01
0 0.126889 0.230510 0.01 0.01
0 0.153946 0.346470 0.01 0.01
0 0.190667 0.210217 0.01 0.01
0 0.205162 0.197654 0.01 0.01
0 0.214825 0.179294 0.01 0.01
0 0.238018 0.171563 0.01 0.01
0 0.238984 0.207317 0.01 0.01
0 0.273772 0.191856 0.01 0.01
0 0.294065 0.203452 0.01 0.01
0 0.313392 0.187991 0.01 0.01
0 0.288267 0.183159 0.01 0.01
0 0.276671 0.165765 0.01 0.01
0 0.339483 0.213116 0.01 0.01
0 0.360743 0.215048 0.01 0.01
0 0.378137 0.233409 0.01 0.01
0 0.397464 0.205385 0.01 0.01
0 0.406161 0.196688 0.01 0.01
0 0.409060 0.227611 0.01 0.01
0 0.355911 0.183159 0.01 0.01
0 0.336584 0.183159 0.01 0.01
0 0.363642 0.157068 0.01 0.01
0 0.389733 0.171563 0.01 0.01
0 0.419689 0.186058 0.01 0.01
0 0.439983 0.203452 0.01 0.01
0 0.437084 0.228577 0.01 0.01
0 0.479602 0.205385 0.01 0.01
0 0.497963 0.197654 0.01 0.01
0 0.521155 0.189923 0.01 0.01
0 0.545314 0.196688 0.01 0.01
0 0.158778 0.201519 0.01 0.01
0 0.163609 0.178327 0.01 0.01
0 0.134619 0.192822 0.01 0.01
0 0.139451 0.176395 0.01 0.01
0 0.097898 0.197654 0.01 0.01
0 0.065043 0.203452 0.01 0.01
0 0.046682 0.189923 0.01 0.01
0 0.014793 0.213116 0.01 0.01
0 0.021558 0.194755 0.01 0.01
0 0.028322 0.174462 0.01 0.01
0 0.008029 0.169630 0.01 0.01
0 0.038952 0.167698 0.01 0.01
0 0.071807 0.177361 0.01 0.01
0 0.091134 0.176395 0.01 0.01
0 0.108528 0.154169 0.01 0.01
0 0.067942 0.157068 0.01 0.01
0 0.053447 0.163832 0.01 0.01
0 0.054413 0.150303 0.01 0.01
0 0.022524 0.140640 0.01 0.01
0 0.011894 0.131943 0.01 0.01
0 0.246715 0.145472 0.01 0.01
0 0.244782 0.162866 0.01 0.01
0 0.242849 0.135808 0.01 0.01
0 0.290200 0.147404 0.01 0.01
0 0.294065 0.135808 0.01 0.01
0 0.283436 0.133876 0.01 0.01
0 0.222556 0.167698 0.01 0.01
0 0.199364 0.154169 0.01 0.01
0 0.176172 0.162866 0.01 0.01
0 0.187768 0.181226 0.01 0.01
0 0.173273 0.138707 0.01 0.01
0 0.165542 0.145472 0.01 0.01
0 0.189701 0.131943 0.01 0.01
0 0.173273 0.125179 0.01 0.01
0 0.209027 0.108751 0.01 0.01
0 0.181970 0.095222 0.01 0.01
0 0.194532 0.100054 0.01 0.01
0 0.220623 0.097155 0.01 0.01
0 0.226422 0.084592 0.01 0.01
0 0.209994 0.079761 0.01 0.01
0 0.149114 0.106818 0.01 0.01
0 0.132687 0.124212 0.01 0.01
0 0.141384 0.129044 0.01 0.01
0 0.127855 0.113583 0.01 0.01
0 0.137518 0.098121 0.01 0.01
0 0.101764 0.111650 0.01 0.01
0 0.106595 0.136775 0.01 0.01
0 0.085336 0.120347 0.01 0.01
0 0.080504 0.100054 0.01 0.01
0 0.071807 0.083626 0.01 0.01
0 0.066009 0.079761 0.01 0.01
0 0.043783 0.086525 0.01 0.01
0 0.020591 0.106818 0.01 0.01
0 0.033154 0.120347 0.01 0.01
0 0.083403 0.135808 0.01 0.01
0 0.073740 0.137741 0.01 0.01
0 0.103696 0.093289 0.01 0.01
0 0.088235 0.077828 0.01 0.01
0 0.083403 0.042073 0.01 0.01
0 0.059245 0.055602 0.01 0.01
0 0.041851 0.055602 0.01 0.01
0 0.020591 0.076862 0.01 0.01
0 0.027356 0.045939 0.01 0.01
0 0.019625 0.029511 0.01 0.01
0 0.000298 0.024679 0.01 0.01
0 0.004163 0.026612 0.01 0.01
0 0.051514 0.127111 0.01 0.01
0 0.047649 0.106818 0.01 0.01
0 0.139451 0.076862 0.01 0.01
0 0.149114 0.090390 0.01 0.01
0 0.157811 0.072030 0.01 0.01
0 0.139451 0.060434 0.01 0.01
0 0.158778 0.053670 0.01 0.01
0 0.120124 0.042073 0.01 0.01
0 0.109494 0.063333 0.01 0.01
0 0.163609 0.081693 0.01 0.01
0 0.179071 0.066232 0.01 0.01
0 0.191633 0.079761 0.01 0.01
0 0.195499 0.091357 0.01 0.01
0 0.223523 0.124212 0.01 0.01
0 0.242849 0.117448 0.01 0.01
0 0.259277 0.101986 0.01 0.01
0 0.247681 0.095222 0.01 0.01
0 0.249614 0.086525 0.01 0.01
0 0.249614 0.063333 0.01 0.01
0 0.240917 0.062367 0.01 0.01
0 0.237051 0.072996 0.01 0.01
0 0.228354 0.046905 0.01 0.01
0 0.246715 0.052703 0.01 0.01
0 0.273772 0.072030 0.01 0.01
0 0.267008 0.056569 0.01 0.01
0 0.255412 0.042073 0.01 0.01
0 0.234152 0.031444 0.01 0.01
0 0.234152 0.031444 0.01 0.01
0 0.188734 0.021780 0.01 0.01
0 0.333685 0.144505 0.01 0.01
0 0.322089 0.145472 0.01 0.01
0 0.295998 0.120347 0.01 0.01
0 0.292133 0.098121 0.01 0.01
0 0.305661 0.100054 0.01 0.01
0 0.276671 0.088458 0.01 0.01
0 0.319190 0.067198 0.01 0.01
0 0.319190 0.077828 0.01 0.01
0 0.328854 0.088458 0.01 0.01
0 0.335618 0.093289 0.01 0.01
0 0.339483 0.131943 0.01 0.01
0 0.340450 0.115515 0.01 0.01
0 0.351079 0.120347 0.01 0.01
0 0.374271 0.145472 0.01 0.01
0 0.392632 0.133876 0.01 0.01
0 0.392632 0.120347 0.01 0.01
0 0.379103 0.106818 0.01 0.01
0 0.384901 0.100054 0.01 0.01
0 0.367507 0.088458 0.01 0.01
0 0.363642 0.065266 0.01 0.01
0 0.373305 0.066232 0.01 0.01
0 0.385868 0.053670 0.01 0.01
0 0.374271 0.049804 0.01 0.01
0 0.379103 0.026612 0.01 0.01
0 0.360743 0.018881 0.01 0.01
0 0.348180 0.025646 0.01 0.01
0 0.352046 0.079761 0.01 0.01
0 0.342382 0.082660 0.01 0.01
0 0.357844 0.088458 0.01 0.01
0 0.386834 0.082660 0.01 0.01
0 0.412925 0.077828 0.01 0.01
0 0.403262 0.060434 0.01 0.01
0 0.410026 0.044972 0.01 0.01
0 0.403262 0.032410 0.01 0.01
0 0.382969 0.015982 0.01 0.01
0 0.375238 0.014050 0.01 0.01
0 0.213859 0.044972 0.01 0.01
0 0.189701 0.055602 0.01 0.01
0 0.275705 0.021780 0.01 0.01
0 0.264109 0.039174 0.01 0.01
0 0.291166 0.026612 0.01 0.01
0 0.303729 0.039174 0.01 0.01
0 0.308560 0.021780 0.01 0.01
0 0.288267 0.042073 0.01 0.01
0 0.225455 0.004386 0.01 0.01
0 0.295998 0.006319 0.01 0.01
0 0.177138 0.043040 0.01 0.01
0 0.157811 0.012117 0.01 0.01
0 0.131720 0.025646 0.01 0.01
0 0.101764 0.012117 0.01 0.01
0 0.092100 0.007285 0.01 0.01
0 0.081471 0.062367 0.01 0.01
0 0.076639 0.066232 0.01 0.01
0 0.055379 0.081693 0.01 0.01
0 0.421622 0.025646 0.01 0.01
0 0.434185 0.015982 0.01 0.01
0 0.433218 0.036275 0.01 0.01
0 0.433218 0.045939 0.01 0.01
0 0.418723 0.035309 0.01 0.01
0 0.460276 0.035309 0.01 0.01
0 0.470905 0.021780 0.01 0.01
0 0.460276 0.015982 0.01 0.01
0 0.461242 0.008252 0.01 0.01
0 0.469939 0.008252 0.01 0.01
0 0.479602 0.015016 0.01 0.01
0 0.484434 0.011151 0.01 0.01
0 0.501828 0.007285 0.01 0.01
0 0.500862 0.018881 0.01 0.01
0 0.497963 0.032410 0.01 0.01
0 0.491199 0.036275 0.01 0.01
0 0.482502 0.043040 0.01 0.01
0 0.469939 0.043040 0.01 0.01
0 0.430319 0.066232 0.01 0.01
0 0.445781 0.076862 0.01 0.01
0 0.444814 0.088458 0.01 0.01
0 0.448680 0.069131 0.01 0.01
0 0.443848 0.036275 0.01 0.01
0 0.430319 0.095222 0.01 0.01
0 0.422588 0.098121 0.01 0.01
0 0.408093 0.096188 0.01 0.01
0 0.407127 0.127111 0.01 0.01
0 0.418723 0.120347 0.01 0.01
0 0.407127 0.108751 0.01 0.01
0 0.402295 0.104886 0.01 0.01
0 0.436117 0.124212 0.01 0.01
0 0.434185 0.138707 0.01 0.01
0 0.419689 0.158034 0.01 0.01
0 0.436117 0.162866 0.01 0.01
0 0.451579 0.171563 0.01 0.01
0 0.456410 0.147404 0.01 0.01
0 0.458343 0.137741 0.01 0.01
0 0.468973 0.127111 0.01 0.01
0 0.480569 0.144505 0.01 0.01
0 0.471872 0.110684 0.01 0.01
0 0.475737 0.097155 0.01 0.01
0 0.444814 0.108751 0.01 0.01
0 0.469939 0.081693 0.01 0.01
0 0.482502 0.073963 0.01 0.01
0 0.502795 0.070097 0.01 0.01
0 0.500862 0.060434 0.01 0.01
0 0.498929 0.051737 0.01 0.01
0 0.512458 0.042073 0.01 0.01
0 0.521155 0.025646 0.01 0.01
0 0.517290 0.039174 0.01 0.01
0 0.531785 0.017915 0.01 0.01
0 0.532751 0.004386 0.01 0.01
0 0.543381 0.018881 0.01 0.01
0 0.559809 0.029511 0.01 0.01
0 0.563674 0.019848 0.01 0.01
0 0.570438 0.031444 0.01 0.01
0 0.578169 0.019848 0.01 0.01
0 0.573337 0.011151 0.01 0.01
0 0.567539 0.008252 0.01 0.01
0 0.585900 0.005353 0.01 0.01
0 0.607159 0.011151 0.01 0.01
0 0.597496 0.007285 0.01 0.01
0 0.601361 0.019848 0.01 0.01
0 0.640015 0.028545 0.01 0.01
0 0.611025 0.033376 0.01 0.01
0 0.599429 0.038208 0.01 0.01
0 0.590732 0.039174 0.01 0.01
0 0.583001 0.029511 0.01 0.01
0 0.564640 0.055602 0.01 0.01
0 0.547246 0.053670 0.01 0.01
0 0.537583 0.044972 0.01 0.01
0 0.556910 0.040141 0.01 0.01
0 0.545314 0.076862 0.01 0.01
0 0.532751 0.072996 0.01 0.01
0 0.505694 0.086525 0.01 0.01
0 0.486367 0.106818 0.01 0.01
0 0.498929 0.096188 0.01 0.01
0 0.493131 0.129044 0.01 0.01
0 0.515357 0.123246 0.01 0.01
0 0.517290 0.109717 0.01 0.01
0 0.525020 0.098121 0.01 0.01
0 0.533718 0.110684 0.01 0.01
0 0.519222 0.143539 0.01 0.01
0 0.529852 0.159001 0.01 0.01
0 0.496997 0.152236 0.01 0.01
0 0.494098 0.163832 0.01 0.01
0 0.511492 0.171563 0.01 0.01
0 0.467040 0.167698 0.01 0.01
0 0.564640 0.110684 0.01 0.01
0 0.544347 0.131943 0.01 0.01
0 0.537583 0.147404 0.01 0.01
0 0.564640 0.154169 0.01 0.01
0 0.564640 0.187991 0.01 0.01
0 0.558842 0.183159 0.01 0.01
0 0.582034 0.191856 0.01 0.01
0 0.587833 0.183159 0.01 0.01
0 0.575270 0.216981 0.01 0.01
0 0.554011 0.246937 0.01 0.01
0 0.527919 0.257567 0.01 0.01
0 0.525987 0.248870 0.01 0.01
0 0.577203 0.264332 0.01 0.01
0 0.600395 0.253702 0.01 0.01
0 0.610058 0.227611 0.01 0.01
0 0.594597 0.218914 0.01 0.01
0 0.633250 0.212149 0.01 0.01
0 0.639049 0.201519 0.01 0.01
0 0.620688 0.203452 0.01 0.01
0 0.674803 0.196688 0.01 0.01
0 0.665140 0.186058 0.01 0.01
0 0.673837 0.179294 0.01 0.01
0 0.633250 0.183159 0.01 0.01
0 0.611025 0.169630 0.01 0.01
0 0.595563 0.162866 0.01 0.01
0 0.601361 0.145472 0.01 0.01
0 0.586866 0.140640 0.01 0.01
0 0.567539 0.131943 0.01 0.01
0 0.571405 0.143539 0.01 0.01
0 0.599429 0.123246 0.01 0.01
0 0.596530 0.133876 0.01 0.01
0 0.615856 0.130977 0.01 0.01
0 0.644847 0.162866 0.01 0.01
0 0.658375 0.154169 0.01 0.01
0 0.651611 0.147404 0.01 0.01
0 0.684466 0.137741 0.01 0.01
0 0.693164 0.164799 0.01 0.01
0 0.698962 0.156101 0.01 0.01
0 0.693164 0.127111 0.01 0.01
0 0.679635 0.124212 0.01 0.01
0 0.693164 0.111650 0.01 0.01
0 0.700894 0.088458 0.01 0.01
0 0.653544 0.135808 0.01 0.01
0 0.658375 0.131943 0.01 0.01
0 0.660308 0.108751 0.01 0.01
0 0.618755 0.101986 0.01 0.01
0 0.645813 0.090390 0.01 0.01
0 0.662241 0.056569 0.01 0.01
0 0.679635 0.031444 0.01 0.01
0 0.669005 0.035309 0.01 0.01
0 0.652577 0.042073 0.01 0.01
0 0.639049 0.052703 0.01 0.01
0 0.638082 0.042073 0.01 0.01
0 0.637116 0.065266 0.01 0.01
0 0.583001 0.095222 0.01 0.01
0 0.606193 0.100054 0.01 0.01
0 0.594597 0.083626 0.01 0.01
0 0.588799 0.067198 0.01 0.01
0 0.564640 0.083626 0.01 0.01
0 0.577203 0.059468 0.01 0.01
0 0.610058 0.060434 0.01 0.01
0 0.609092 0.048838 0.01 0.01
0 0.681567 0.015982 0.01 0.01
0 0.676736 0.005353 0.01 0.01
0 0.666106 0.018881 0.01 0.01
0 0.657409 0.006319 0.01 0.01
0 0.069633 0.026742 0.01 0.01
0 0.036777 0.023360 0.01 0.01
0 0.036777 0.009348 0.01 0.01
0 0.044991 0.028192 0.01 0.01
0 0.150805 0.036889 0.01 0.01
0 0.171582 0.095352 0.01 0.01
0 0.101039 0.076509 0.01 0.01
0 0.091859 0.068778 0.01 0.01
0 0.041126 0.071677 0.01 0.01
0 0.047890 0.041237 0.01 0.01
0 0.259519 0.016596 0.01 0.01
0 0.298655 0.055249 0.01 0.01
0 0.306386 0.076026 0.01 0.01
0 0.295756 0.076026 0.01 0.01
0 0.321364 0.026259 0.01 0.01
0 0.311701 0.003550 0.01 0.01
0 0.280295 0.002584 0.01 0.01
0 0.239709 0.011764 0.01 0.01
0 0.140176 0.034956 0.01 0.01
0 0.102488 0.050418 0.01 0.01
0 0.310251 0.131107 0.01 0.01
0 0.245990 0.005966 0.01 0.01
0 0.175447 0.023360 0.01 0.01
0 0.166750 0.018045 0.01 0.01
0 0.118916 0.063946 0.01 0.01
0 0.117950 0.077475 0.01 0.01
0 0.181245 0.231123 0.01 0.01
0 0.509801 0.148984 0.01 0.01
0 0.628177 0.062014 0.01 0.01
0 0.625761 0.034956 0.01 0.01
0 0.417515 0.068295 0.01 0.01
0 0.407852 0.011281 0.01 0.01
0 0.340208 0.012730 0.01 0.01
0 0.353737 0.010314 0.01 0.01
0 0.298172 0.035439 0.01 0.01
0 0.492890 0.013213 0.01 0.01
0 0.651531 0.029023 0.01 0.01
0 0.627001 0.011501 0.01 0.01
0 0.637514 0.004492 0.01 0.01
0 0.615086 0.005193 0.01 0.01
