0 1.308775 0.992260 0.01 0.01
0 0.463766 0.667759 0.01 0.01
0 0.400608 0.645980 0.01 0.01
0 1.036543 0.465218 0.01 0.01
0 0.947251 0.358503 0.01 0.01
0 0.903693 0.304056 0.01 0.01
0 1.010408 0.208231 0.01 0.01
0 0.531280 0.391171 0.01 0.01
0 0.324383 0.388993 0.01 0.01
0 0.176289 0.384637 0.01 0.01
0 0.126198 0.380281 0.01 0.01
0 0.147976 0.308412 0.01 0.01
0 0.132731 0.223476 0.01 0.01
0 0.009955 0.143167 0.01 0.01
0 0.023022 0.139356 0.01 0.01
0 0.042078 0.137722 0.01 0.01
0 0.054601 0.130100 0.01 0.01
0 0.075290 0.122477 0.01 0.01
0 0.080191 0.136089 0.01 0.01
0 0.088902 0.147523 0.01 0.01
0 0.112314 0.167124 0.01 0.01
0 0.086724 0.170935 0.01 0.01
0 0.133004 0.140445 0.01 0.01
0 0.136815 0.124111 0.01 0.01
0 0.136815 0.111044 0.01 0.01
0 0.171116 0.135545 0.01 0.01
0 0.178194 0.101243 0.01 0.01
0 0.204873 0.087632 0.01 0.01
0 0.142260 0.078920 0.01 0.01
0 0.160771 0.058231 0.01 0.01
0 0.057323 0.097432 0.01 0.01
0 0.070935 0.108866 0.01 0.01
0 0.018122 0.109410 0.01 0.01
0 0.052967 0.114855 0.01 0.01
0 0.019211 0.056053 0.01 0.01
0 0.043712 0.058231 0.01 0.01
0 0.074202 0.049519 0.01 0.01
0 0.063857 0.038085 0.01 0.01
0 0.077468 0.020663 0.01 0.01
0 0.092713 0.009773 0.01 0.01
0 0.106869 0.014129 0.01 0.01
0 0.068757 0.003784 0.01 0.01
0 0.058957 0.003784 0.01 0.01
0 0.079646 0.009229 0.01 0.01
0 0.019211 0.024474 0.01 0.01
0 0.017577 0.006506 0.01 0.01
0 0.005599 0.016851 0.01 0.01
0 0.013766 0.045708 0.01 0.01
0 0.029555 0.046252 0.01 0.01
0 0.035000 0.036452 0.01 0.01
0 0.046978 0.013040 0.01 0.01
0 0.045345 0.030463 0.01 0.01
0 0.033367 0.019574 0.01 0.01
0 0.143893 0.025563 0.01 0.01
0 0.164038 0.026652 0.01 0.01
0 0.167305 0.003784 0.01 0.01
0 0.183639 0.003784 0.01 0.01
0 0.203784 0.022840 0.01 0.01
0 0.196162 0.029374 0.01 0.01
0 0.178194 0.054419 0.01 0.01
0 0.265309 0.087632 0.01 0.01
0 0.281098 0.087632 0.01 0.01
0 0.298521 0.092532 0.01 0.01
0 0.263675 0.173113 0.01 0.01
0 0.278920 0.191080 0.01 0.01
0 0.247886 0.146434 0.01 0.01
0 0.349156 0.118122 0.01 0.01
0 0.335000 0.126833 0.01 0.01
0 0.381280 0.141534 0.01 0.01
0 0.340989 0.233004 0.01 0.01
0 0.331189 0.023385 0.01 0.01
0 0.326833 0.009229 0.01 0.01
0 0.302877 0.002695 0.01 0.01
0 0.284365 0.020663 0.01 0.01
0 0.274565 0.053330 0.01 0.01
0 0.286543 0.050064 0.01 0.01
0 0.263131 0.019029 0.01 0.01
0 0.270753 0.019574 0.01 0.01
0 0.246252 0.024474 0.01 0.01
0 0.241897 0.009229 0.01 0.01
0 0.234274 0.078920 0.01 0.01
0 0.248975 0.068575 0.01 0.01
0 0.366579 0.027196 0.01 0.01
0 0.396525 0.058231 0.01 0.01
0 0.381280 0.016851 0.01 0.01
0 0.645073 0.334002 0.01 0.01
0 0.601516 0.336180 0.01 0.01
0 0.479555 0.238176 0.01 0.01
0 0.442532 0.249065 0.01 0.01
0 0.461044 0.169574 0.01 0.01
0 0.527468 0.164129 0.01 0.01
0 0.662496 0.121661 0.01 0.01
0 0.782278 0.215309 0.01 0.01
0 0.873748 0.215309 0.01 0.01
0 0.907505 0.182641 0.01 0.01
0 0.958684 0.132550 0.01 0.01
0 0.480372 0.155145 0.01 0.01
0 0.453149 0.139356 0.01 0.01
0 0.503784 0.097976 0.01 0.01
0 0.541897 0.099065 0.01 0.01
0 0.596343 0.081098 0.01 0.01
0 0.617033 0.091443 0.01 0.01
0 0.663857 0.074565 0.01 0.01
0 0.680735 0.053330 0.01 0.01
0 0.595254 0.034274 0.01 0.01
0 0.521207 0.030463 0.01 0.01
0 0.536452 0.044619 0.01 0.01
0 0.450427 0.055508 0.01 0.01
0 0.471661 0.046797 0.01 0.01
0 0.437359 0.052241 0.01 0.01
0 0.409047 0.064764 0.01 0.01
0 0.408503 0.039719 0.01 0.01
0 0.449882 0.020663 0.01 0.01
0 0.429192 0.013040 0.01 0.01
0 0.443349 0.006506 0.01 0.01
0 0.491261 0.007595 0.01 0.01
0 0.505418 0.010318 0.01 0.01
0 0.630100 0.007595 0.01 0.01
0 0.656779 0.013040 0.01 0.01
0 0.575653 0.019574 0.01 0.01
0 0.559320 0.015218 0.01 0.01
0 0.612133 0.011407 0.01 0.01
0 1.368938 0.155690 0.01 0.01
0 1.478376 0.067486 0.01 0.01
0 1.503421 0.036452 0.01 0.01
0 1.552423 0.033185 0.01 0.01
0 1.575290 0.080009 0.01 0.01
0 1.513766 0.095799 0.01 0.01
0 1.439174 0.046252 0.01 0.01
0 1.405418 0.025018 0.01 0.01
0 1.370572 0.035908 0.01 0.01
0 1.341171 0.069120 0.01 0.01
0 1.336815 0.035908 0.01 0.01
0 1.287813 0.019574 0.01 0.01
0 1.262223 0.033185 0.01 0.01
0 1.279102 0.068575 0.01 0.01
0 1.241534 0.013040 0.01 0.01
0 1.201788 0.042986 0.01 0.01
0 1.178920 0.038630 0.01 0.01
0 1.150064 0.005962 0.01 0.01
0 1.123385 0.016851 0.01 0.01
0 1.132096 0.040263 0.01 0.01
0 1.067305 0.016851 0.01 0.01
0 1.038993 0.009773 0.01 0.01
0 1.060771 0.005962 0.01 0.01
0 1.008503 0.102877 0.01 0.01
0 0.842986 0.099065 0.01 0.01
0 0.847341 0.139356 0.01 0.01
0 0.914310 0.068575 0.01 0.01
0 0.922477 0.050064 0.01 0.01
0 0.906143 0.028285 0.01 0.01
0 0.920300 0.017940 0.01 0.01
0 0.946978 0.009229 0.01 0.01
0 0.983457 0.028829 0.01 0.01
0 1.006325 0.016851 0.01 0.01
0 0.995980 0.002151 0.01 0.01
0 0.891443 0.011407 0.01 0.01
0 0.858231 0.011951 0.01 0.01
0 0.851697 0.030463 0.01 0.01
0 0.832641 0.028285 0.01 0.01
0 0.799973 0.032096 0.01 0.01
0 0.807595 0.005418 0.01 0.01
0 0.825018 0.009229 0.01 0.01
0 0.812496 0.024474 0.01 0.01
0 0.820118 0.083820 0.01 0.01
0 0.755327 0.100154 0.01 0.01
0 0.721570 0.050064 0.01 0.01
0 0.731915 0.022840 0.01 0.01
0 0.753693 0.024474 0.01 0.01
0 0.769483 0.027196 0.01 0.01
0 0.759138 0.011951 0.01 0.01
0 0.722114 0.007595 0.01 0.01
0 0.688902 0.035908 0.01 0.01
0 0.224660 0.031182 0.01 0.01
0 0.906934 0.054927 0.01 0.01
