0 0.040300 0.762373 0.01 0.01
0 0.226735 0.653303 0.01 0.01
0 0.319318 0.558183 0.01 0.01
0 0.297758 0.499843 0.01 0.01
0 0.348488 0.366675 0.01 0.01
0 0.148103 0.280433 0.01 0.01
0 0.113860 0.261409 0.01 0.01
0 0.018740 0.238581 0.01 0.01
0 0.003521 0.284238 0.01 0.01
0 0.050446 0.190387 0.01 0.01
0 0.036496 0.151070 0.01 0.01
0 0.033959 0.036927 0.01 0.01
0 0.007325 0.021708 0.01 0.01
0 0.124006 0.107949 0.01 0.01
0 0.129079 0.074975 0.01 0.01
0 0.169663 0.025512 0.01 0.01
0 0.244491 0.030585 0.01 0.01
0 0.217857 0.066097 0.01 0.01
0 0.182346 0.078779 0.01 0.01
0 0.292685 0.074975 0.01 0.01
0 0.277466 0.110486 0.01 0.01
0 0.210248 0.137120 0.01 0.01
0 0.201370 0.192923 0.01 0.01
0 0.277466 0.234776 0.01 0.01
0 0.343415 0.232239 0.01 0.01
0 0.371317 0.223361 0.01 0.01
0 0.394146 0.290579 0.01 0.01
0 0.476583 0.249995 0.01 0.01
0 0.552679 0.272824 0.01 0.01
0 0.471510 0.211947 0.01 0.01
0 0.532386 0.176436 0.01 0.01
0 0.580580 0.211947 0.01 0.01
0 0.650335 0.208142 0.01 0.01
0 0.673164 0.366675 0.01 0.01
0 0.727699 0.279165 0.01 0.01
0 0.822819 0.252531 0.01 0.01
0 0.869744 0.225898 0.01 0.01
0 0.928084 0.230971 0.01 0.01
0 0.959791 0.208142 0.01 0.01
0 1.037155 0.232239 0.01 0.01
0 1.108178 0.227166 0.01 0.01
0 1.051106 0.310872 0.01 0.01
0 1.111983 0.323554 0.01 0.01
0 1.181737 0.252531 0.01 0.01
0 1.172859 0.192923 0.01 0.01
0 1.184274 0.114291 0.01 0.01
0 1.158908 0.072438 0.01 0.01
0 1.139884 0.025512 0.01 0.01
0 1.123397 0.107949 0.01 0.01
0 1.094227 0.176436 0.01 0.01
0 1.047301 0.190387 0.01 0.01
0 1.039692 0.149802 0.01 0.01
0 1.059984 0.110486 0.01 0.01
0 1.018131 0.034390 0.01 0.01
0 1.096763 0.005220 0.01 0.01
0 0.981351 0.074975 0.01 0.01
0 0.928084 0.016635 0.01 0.01
0 0.972474 0.010293 0.01 0.01
0 0.865940 0.000147 0.01 0.01
0 0.867208 0.007757 0.01 0.01
0 0.848184 0.028049 0.01 0.01
0 0.788575 0.010293 0.01 0.01
0 0.750528 0.012830 0.01 0.01
0 0.750528 0.043268 0.01 0.01
0 0.779698 0.110486 0.01 0.01
0 0.798722 0.107949 0.01 0.01
0 0.900183 0.074975 0.01 0.01
0 0.905256 0.132046 0.01 0.01
0 0.824087 0.181509 0.01 0.01
0 0.794917 0.178972 0.01 0.01
0 0.763210 0.154875 0.01 0.01
0 0.755601 0.201801 0.01 0.01
0 0.704870 0.175167 0.01 0.01
0 0.703602 0.145997 0.01 0.01
0 0.690919 0.080048 0.01 0.01
0 0.665554 0.053414 0.01 0.01
0 0.685846 0.028049 0.01 0.01
0 0.594531 0.040732 0.01 0.01
0 0.609750 0.074975 0.01 0.01
0 0.575507 0.130778 0.01 0.01
0 0.618628 0.157412 0.01 0.01
0 0.533655 0.080048 0.01 0.01
0 0.482924 0.121900 0.01 0.01
0 0.449949 0.106681 0.01 0.01
0 0.438535 0.124437 0.01 0.01
0 0.389073 0.113023 0.01 0.01
0 0.325659 0.101608 0.01 0.01
0 0.344683 0.063560 0.01 0.01
0 0.392877 0.052146 0.01 0.01
0 0.441071 0.039463 0.01 0.01
0 0.399219 0.010293 0.01 0.01
0 0.339610 0.012830 0.01 0.01
0 0.465168 0.003952 0.01 0.01
0 0.546337 0.043268 0.01 0.01
0 0.482924 0.030585 0.01 0.01
0 0.893841 0.541695 0.01 0.01
0 0.936962 0.333700 0.01 0.01
0 0.003521 0.374285 0.01 0.01
0 0.123565 0.142874 0.01 0.01
