0 0.022972 0.817453 0.01 0.01
0 0.258687 0.862258 0.01 0.01
0 0.332713 0.784336 0.01 0.01
0 0.213881 0.706414 0.01 0.01
0 0.336609 0.511609 0.01 0.01
0 0.373622 0.558362 0.01 0.01
0 0.432063 0.503817 0.01 0.01
0 0.572323 0.509661 0.01 0.01
0 0.681414 0.556414 0.01 0.01
0 0.716479 0.883687 0.01 0.01
0 1.037907 0.583687 0.01 0.01
0 1.199596 0.653817 0.01 0.01
0 1.244401 0.601219 0.01 0.01
0 1.298946 0.538881 0.01 0.01
0 1.351544 0.437583 0.01 0.01
0 1.493752 0.589531 0.01 0.01
0 1.246349 0.396674 0.01 0.01
0 1.254141 0.347972 0.01 0.01
0 1.168427 0.373297 0.01 0.01
0 1.098297 0.402518 0.01 0.01
0 1.076868 0.347972 0.01 0.01
0 1.141154 0.334336 0.01 0.01
0 1.084661 0.270050 0.01 0.01
0 0.006739 0.288070 0.01 0.01
0 0.006739 0.267615 0.01 0.01
0 0.069076 0.229628 0.01 0.01
0 0.053492 0.236446 0.01 0.01
0 0.079791 0.252031 0.01 0.01
0 0.083687 0.221836 0.01 0.01
0 0.083687 0.221836 0.01 0.01
0 0.102193 0.228654 0.01 0.01
0 0.100245 0.211122 0.01 0.01
0 0.138232 0.245213 0.01 0.01
0 0.144076 0.245213 0.01 0.01
0 0.138232 0.220862 0.01 0.01
0 0.151868 0.215992 0.01 0.01
0 0.168427 0.200407 0.01 0.01
0 0.179141 0.202355 0.01 0.01
0 0.189855 0.215992 0.01 0.01
0 0.195700 0.200407 0.01 0.01
0 0.044726 0.176057 0.01 0.01
0 0.066154 0.166317 0.01 0.01
0 0.073946 0.161446 0.01 0.01
0 0.079791 0.162420 0.01 0.01
0 0.085635 0.155602 0.01 0.01
0 0.097323 0.150732 0.01 0.01
0 0.117778 0.150732 0.01 0.01
0 0.114855 0.140018 0.01 0.01
0 0.688557 0.337745 0.01 0.01
0 0.741154 0.326057 0.01 0.01
0 0.526868 0.250083 0.01 0.01
0 0.481089 0.236446 0.01 0.01
0 0.419726 0.314368 0.01 0.01
0 0.551219 0.249109 0.01 0.01
0 0.566804 0.250083 0.01 0.01
0 0.091154 0.212826 0.01 0.01
0 0.113557 0.175326 0.01 0.01
0 0.141317 0.160716 0.01 0.01
0 0.144239 0.146105 0.01 0.01
0 0.145213 0.126625 0.01 0.01
0 0.169076 0.161203 0.01 0.01
0 0.170537 0.183605 0.01 0.01
0 0.148622 0.193833 0.01 0.01
0 0.201219 0.182144 0.01 0.01
0 0.240667 0.178735 0.01 0.01
0 0.259174 0.209417 0.01 0.01
0 0.220213 0.222567 0.01 0.01
0 0.234336 0.239125 0.01 0.01
0 0.275732 0.245943 0.01 0.01
0 0.259661 0.283443 0.01 0.01
0 0.325407 0.276625 0.01 0.01
0 0.343427 0.197242 0.01 0.01
0 0.390180 0.195294 0.01 0.01
0 0.300083 0.194807 0.01 0.01
0 0.288881 0.174352 0.01 0.01
0 0.299109 0.129547 0.01 0.01
0 0.325407 0.144644 0.01 0.01
0 0.352680 0.146593 0.01 0.01
0 0.359985 0.118833 0.01 0.01
0 0.376057 0.123216 0.01 0.01
0 0.387258 0.116885 0.01 0.01
0 0.378979 0.095456 0.01 0.01
0 0.343914 0.091073 0.01 0.01
0 0.332713 0.093021 0.01 0.01
0 0.312745 0.094482 0.01 0.01
0 0.303492 0.096917 0.01 0.01
0 0.357550 0.086203 0.01 0.01
0 0.365343 0.080846 0.01 0.01
0 0.373135 0.081820 0.01 0.01
0 0.383362 0.081820 0.01 0.01
0 0.389206 0.077437 0.01 0.01
0 0.395050 0.080846 0.01 0.01
0 0.395050 0.080846 0.01 0.01
0 0.403817 0.109093 0.01 0.01
0 0.416966 0.122729 0.01 0.01
0 0.464206 0.104222 0.01 0.01
0 0.453979 0.193833 0.01 0.01
0 0.407713 0.204060 0.01 0.01
0 0.428654 0.257631 0.01 0.01
0 0.602031 0.201138 0.01 0.01
0 0.606901 0.177761 0.01 0.01
0 0.617128 0.164612 0.01 0.01
0 0.615667 0.137339 0.01 0.01
0 0.515343 0.103735 0.01 0.01
0 0.492940 0.085229 0.01 0.01
0 0.502680 0.080846 0.01 0.01
0 0.517778 0.083281 0.01 0.01
0 0.451544 0.085716 0.01 0.01
0 0.440830 0.087664 0.01 0.01
0 0.426219 0.086690 0.01 0.01
0 0.416966 0.074515 0.01 0.01
0 0.427680 0.067209 0.01 0.01
0 0.432063 0.061365 0.01 0.01
0 0.424758 0.070131 0.01 0.01
0 0.462745 0.067696 0.01 0.01
0 0.444239 0.068183 0.01 0.01
0 0.467128 0.081333 0.01 0.01
0 0.460797 0.075489 0.01 0.01
0 0.451057 0.077437 0.01 0.01
0 0.482713 0.078898 0.01 0.01
0 0.490018 0.071593 0.01 0.01
0 0.485148 0.061852 0.01 0.01
0 0.481739 0.052599 0.01 0.01
0 0.475894 0.052599 0.01 0.01
0 0.470537 0.051625 0.01 0.01
0 0.477843 0.042372 0.01 0.01
0 0.489044 0.046755 0.01 0.01
0 0.499271 0.043346 0.01 0.01
0 0.504628 0.040911 0.01 0.01
0 0.510959 0.056982 0.01 0.01
0 0.519726 0.041398 0.01 0.01
0 0.519239 0.036041 0.01 0.01
0 0.529953 0.049677 0.01 0.01
0 0.536771 0.044320 0.01 0.01
0 0.536771 0.037502 0.01 0.01
0 0.542615 0.040424 0.01 0.01
0 0.545537 0.037502 0.01 0.01
0 0.574271 0.091073 0.01 0.01
0 0.570862 0.073054 0.01 0.01
0 0.656089 0.134904 0.01 0.01
0 0.672648 0.097891 0.01 0.01
0 0.638557 0.097404 0.01 0.01
0 0.608849 0.095456 0.01 0.01
0 0.615180 0.084742 0.01 0.01
0 0.622972 0.071105 0.01 0.01
0 0.647810 0.073054 0.01 0.01
0 0.662420 0.064774 0.01 0.01
0 0.677518 0.076950 0.01 0.01
0 0.662420 0.086690 0.01 0.01
0 0.655115 0.088638 0.01 0.01
0 0.577437 0.042006 0.01 0.01
0 0.562583 0.030562 0.01 0.01
0 0.565505 0.024230 0.01 0.01
0 0.569644 0.027640 0.01 0.01
0 0.583281 0.027640 0.01 0.01
0 0.584742 0.024230 0.01 0.01
0 0.591317 0.030075 0.01 0.01
0 0.589368 0.022282 0.01 0.01
0 0.597161 0.016438 0.01 0.01
0 0.603492 0.016195 0.01 0.01
0 0.605927 0.019847 0.01 0.01
0 0.609823 0.017169 0.01 0.01
0 0.613476 0.015221 0.01 0.01
0 0.614937 0.011812 0.01 0.01
0 0.619076 0.021308 0.01 0.01
0 0.623459 0.016925 0.01 0.01
0 0.636852 0.032510 0.01 0.01
0 0.692615 0.074880 0.01 0.01
0 0.687989 0.017899 0.01 0.01
0 0.662664 0.012299 0.01 0.01
0 0.643914 0.004263 0.01 0.01
0 0.653654 0.002558 0.01 0.01
0 0.635878 0.007672 0.01 0.01
0 0.625894 0.005968 0.01 0.01
0 0.630278 0.004263 0.01 0.01
0 0.690424 0.012299 0.01 0.01
0 0.678735 0.006698 0.01 0.01
0 0.683849 0.006698 0.01 0.01
0 0.707956 0.011812 0.01 0.01
0 0.709174 0.022039 0.01 0.01
0 0.720862 0.024961 0.01 0.01
0 0.636609 0.019847 0.01 0.01
0 0.729628 0.097891 0.01 0.01
0 0.785148 0.170943 0.01 0.01
0 0.691641 0.166560 0.01 0.01
0 0.705765 0.143183 0.01 0.01
0 0.757388 0.084255 0.01 0.01
0 0.787096 0.083281 0.01 0.01
0 0.856252 0.070131 0.01 0.01
0 0.849920 0.024352 0.01 0.01
0 0.867453 0.037015 0.01 0.01
0 0.895213 0.030196 0.01 0.01
0 0.909336 0.064287 0.01 0.01
0 0.739855 0.021917 0.01 0.01
0 0.746674 0.020943 0.01 0.01
0 0.753005 0.002924 0.01 0.01
0 0.777843 0.002924 0.01 0.01
0 0.792940 0.017534 0.01 0.01
0 0.788070 0.020456 0.01 0.01
0 0.769563 0.026787 0.01 0.01
0 0.662907 0.003411 0.01 0.01
0 0.657063 0.003411 0.01 0.01
0 0.649758 0.003411 0.01 0.01
0 0.796349 0.050651 0.01 0.01
0 0.780278 0.047242 0.01 0.01
0 0.770050 0.056008 0.01 0.01
0 0.806089 0.011690 0.01 0.01
0 0.823135 0.027274 0.01 0.01
0 0.817291 0.028735 0.01 0.01
0 0.880602 0.094969 0.01 0.01
0 0.899596 0.158768 0.01 0.01
0 0.862096 0.189450 0.01 0.01
0 0.862096 0.234742 0.01 0.01
0 0.878167 0.228898 0.01 0.01
0 0.861609 0.212826 0.01 0.01
0 0.790992 0.244969 0.01 0.01
0 0.897161 0.143670 0.01 0.01
0 0.911284 0.147567 0.01 0.01
0 0.922485 0.132956 0.01 0.01
0 0.912258 0.124677 0.01 0.01
0 0.885959 0.062826 0.01 0.01
0 1.152355 0.016560 0.01 0.01
0 1.146024 0.011690 0.01 0.01
0 0.987745 0.012177 0.01 0.01
0 0.925407 0.285391 0.01 0.01
0 0.864044 0.290748 0.01 0.01
0 0.962907 0.283443 0.01 0.01
0 1.025245 0.280034 0.01 0.01
0 0.965343 0.093508 0.01 0.01
0 0.954141 0.083768 0.01 0.01
0 0.963881 0.067209 0.01 0.01
0 0.971674 0.050164 0.01 0.01
0 0.967778 0.042859 0.01 0.01
0 1.022810 0.035554 0.01 0.01
0 1.001868 0.004872 0.01 0.01
0 0.815343 0.297567 0.01 0.01
0 0.811933 0.274677 0.01 0.01
0 0.830927 0.287339 0.01 0.01
0 0.854304 0.262989 0.01 0.01
0 1.332063 0.124190 0.01 0.01
0 1.354953 0.164125 0.01 0.01
0 1.537583 0.174839 0.01 0.01
0 1.388557 0.036041 0.01 0.01
0 1.410472 0.027761 0.01 0.01
0 1.440667 0.063313 0.01 0.01
0 1.447972 0.047242 0.01 0.01
0 1.467453 0.049190 0.01 0.01
0 1.471349 0.056008 0.01 0.01
0 1.491317 0.044320 0.01 0.01
0 1.527355 0.071105 0.01 0.01
0 1.551706 0.053086 0.01 0.01
0 1.578492 0.057956 0.01 0.01
0 1.281516 0.001081 0.01 0.01
