0 0.224202 1.046706 0.01 0.01
0 0.341806 0.889900 0.01 0.01
0 0.498612 0.543621 0.01 0.01
0 0.563947 0.543621 0.01 0.01
0 0.749065 0.417305 0.01 0.01
0 0.807868 0.382459 0.01 0.01
0 1.106234 0.517486 0.01 0.01
0 1.136724 0.395526 0.01 0.01
0 1.254329 0.449973 0.01 0.01
0 1.465581 0.534909 0.01 0.01
0 1.594074 0.556688 0.01 0.01
0 0.028376 0.390082 0.01 0.01
0 0.063222 0.423839 0.01 0.01
0 0.100245 0.400971 0.01 0.01
0 0.065399 0.405327 0.01 0.01
0 0.152514 0.427105 0.01 0.01
0 0.160136 0.400971 0.01 0.01
0 0.192804 0.391171 0.01 0.01
0 0.235272 0.386815 0.01 0.01
0 0.248339 0.439084 0.01 0.01
0 0.261407 0.377015 0.01 0.01
0 0.324565 0.358503 0.01 0.01
0 0.365944 0.386815 0.01 0.01
0 0.345254 0.410771 0.01 0.01
0 0.418212 0.382459 0.01 0.01
0 0.406234 0.355236 0.01 0.01
0 0.432369 0.403149 0.01 0.01
0 0.474837 0.423839 0.01 0.01
0 0.446525 0.362859 0.01 0.01
0 0.480281 0.359592 0.01 0.01
0 0.504238 0.347614 0.01 0.01
0 0.530372 0.351969 0.01 0.01
0 0.520572 0.370481 0.01 0.01
0 0.567396 0.328013 0.01 0.01
0 0.610953 0.333457 0.01 0.01
0 0.627287 0.319301 0.01 0.01
0 0.668666 0.339991 0.01 0.01
0 0.681733 0.316035 0.01 0.01
0 0.730735 0.300790 0.01 0.01
0 0.738358 0.350880 0.01 0.01
0 0.780826 0.338902 0.01 0.01
0 0.787359 0.306234 0.01 0.01
0 0.809773 0.316035 0.01 0.01
0 0.866942 0.278467 0.01 0.01
0 0.868031 0.325835 0.01 0.01
0 0.916488 0.335091 0.01 0.01
0 0.913766 0.282278 0.01 0.01
0 0.956779 0.278467 0.01 0.01
0 0.982369 0.260499 0.01 0.01
0 1.042804 0.290989 0.01 0.01
0 1.028104 0.263222 0.01 0.01
0 0.995980 0.347069 0.01 0.01
0 1.059229 0.268666 0.01 0.01
0 1.091897 0.298067 0.01 0.01
0 1.104964 0.270844 0.01 0.01
0 1.141987 0.244710 0.01 0.01
0 1.177922 0.293712 0.01 0.01
0 1.189900 0.278467 0.01 0.01
0 1.199701 0.259955 0.01 0.01
0 1.244347 0.244710 0.01 0.01
0 1.278104 0.241443 0.01 0.01
0 1.297704 0.252332 0.01 0.01
0 1.356506 0.318757 0.01 0.01
0 1.440354 0.325290 0.01 0.01
0 1.335817 0.214220 0.01 0.01
0 1.345617 0.252332 0.01 0.01
0 1.380463 0.232731 0.01 0.01
0 1.408775 0.220753 0.01 0.01
0 1.397886 0.238176 0.01 0.01
0 1.439265 0.214220 0.01 0.01
0 1.496978 0.232731 0.01 0.01
0 1.540535 0.233820 0.01 0.01
0 1.494800 0.206597 0.01 0.01
0 1.455508 0.202514 0.01 0.01
0 1.507777 0.196525 0.01 0.01
0 1.525200 0.188902 0.01 0.01
0 1.549156 0.154601 0.01 0.01
0 1.549701 0.189447 0.01 0.01
0 1.580735 0.164401 0.01 0.01
0 1.593258 0.181280 0.01 0.01
