0 0.580115 0.836933 0.01 0.01
0 0.858687 0.817453 0.01 0.01
0 1.415830 0.797972 0.01 0.01
0 0.344401 0.655765 0.01 0.01
0 0.305440 0.616804 0.01 0.01
0 0.284011 0.616804 0.01 0.01
0 0.241154 0.511609 0.01 0.01
0 0.024920 0.601219 0.01 0.01
0 0.322972 0.464855 0.01 0.01
0 0.554791 0.443427 0.01 0.01
0 0.552843 0.416154 0.01 0.01
0 0.621024 0.421998 0.01 0.01
0 0.728167 0.386933 0.01 0.01
0 0.663881 0.476544 0.01 0.01
0 0.724271 0.464855 0.01 0.01
0 0.763232 0.470700 0.01 0.01
0 0.827518 0.457063 0.01 0.01
0 0.848946 0.468752 0.01 0.01
0 0.905440 0.392778 0.01 0.01
0 0.926868 0.400570 0.01 0.01
0 0.944401 0.410310 0.01 0.01
0 0.985310 0.455115 0.01 0.01
0 1.589206 0.476544 0.01 0.01
0 1.595050 0.386933 0.01 0.01
0 1.558037 0.421998 0.01 0.01
0 1.470375 0.449271 0.01 0.01
0 1.530765 0.336284 0.01 0.01
0 1.493752 0.322648 0.01 0.01
0 1.446998 0.365505 0.01 0.01
0 1.454791 0.332388 0.01 0.01
0 1.439206 0.324596 0.01 0.01
0 1.337907 0.373297 0.01 0.01
0 1.283362 0.351868 0.01 0.01
0 1.250245 0.351868 0.01 0.01
0 1.199596 0.379141 0.01 0.01
0 1.141154 0.381089 0.01 0.01
0 1.113881 0.347972 0.01 0.01
0 1.111933 0.320700 0.01 0.01
0 1.117778 0.295375 0.01 0.01
0 1.067128 0.332388 0.01 0.01
0 1.032063 0.340180 0.01 0.01
0 1.000894 0.322648 0.01 0.01
0 0.981414 0.334336 0.01 0.01
0 1.397323 0.303898 0.01 0.01
0 1.365667 0.308281 0.01 0.01
0 1.343265 0.305846 0.01 0.01
0 1.277518 0.278573 0.01 0.01
0 1.233200 0.286852 0.01 0.01
0 1.592128 0.215748 0.01 0.01
0 1.556089 0.185067 0.01 0.01
0 1.555602 0.196268 0.01 0.01
0 1.538070 0.206495 0.01 0.01
0 1.567291 0.217696 0.01 0.01
0 1.529791 0.221105 0.01 0.01
0 1.521998 0.184093 0.01 0.01
0 1.535148 0.182631 0.01 0.01
0 1.529304 0.185067 0.01 0.01
0 1.504466 0.190911 0.01 0.01
0 1.505440 0.227924 0.01 0.01
0 1.510797 0.258605 0.01 0.01
0 1.498622 0.256170 0.01 0.01
0 1.460148 0.260554 0.01 0.01
0 1.468427 0.212826 0.01 0.01
0 1.458200 0.185067 0.01 0.01
0 1.426057 0.202112 0.01 0.01
0 1.413394 0.200651 0.01 0.01
0 1.393427 0.214287 0.01 0.01
0 1.419726 0.236690 0.01 0.01
0 1.404141 0.259580 0.01 0.01
0 1.394888 0.241073 0.01 0.01
0 1.379304 0.258118 0.01 0.01
0 1.354466 0.247891 0.01 0.01
0 1.370537 0.223054 0.01 0.01
0 1.370050 0.202599 0.01 0.01
0 1.371024 0.178248 0.01 0.01
0 1.363232 0.179709 0.01 0.01
0 1.349596 0.175813 0.01 0.01
0 1.350083 0.183118 0.01 0.01
0 1.353979 0.189450 0.01 0.01
0 1.341804 0.205521 0.01 0.01
0 1.355927 0.209417 0.01 0.01
0 1.322810 0.250326 0.01 0.01
0 1.323297 0.219644 0.01 0.01
0 1.332550 0.186528 0.01 0.01
0 1.319401 0.169482 0.01 0.01
0 1.318427 0.183118 0.01 0.01
0 1.312583 0.190424 0.01 0.01
0 1.306252 0.192372 0.01 0.01
0 1.298946 0.180683 0.01 0.01
0 1.288719 0.171917 0.01 0.01
0 1.277031 0.173865 0.01 0.01
0 1.276057 0.181657 0.01 0.01
0 1.259498 0.186528 0.01 0.01
0 1.250245 0.183605 0.01 0.01
0 1.215180 0.202599 0.01 0.01
0 1.206901 0.227924 0.01 0.01
0 1.233200 0.240099 0.01 0.01
0 1.249758 0.244482 0.01 0.01
0 1.269239 0.248378 0.01 0.01
0 1.270213 0.228411 0.01 0.01
0 1.295537 0.227924 0.01 0.01
0 1.305278 0.238638 0.01 0.01
0 1.315505 0.217696 0.01 0.01
0 1.303817 0.216235 0.01 0.01
0 1.285797 0.217696 0.01 0.01
0 1.272161 0.214774 0.01 0.01
0 1.252193 0.211365 0.01 0.01
0 1.269239 0.194320 0.01 0.01
0 1.292128 0.185067 0.01 0.01
0 1.283849 0.188963 0.01 0.01
0 1.376625 0.199799 0.01 0.01
0 1.488800 0.167899 0.01 0.01
0 1.498054 0.164490 0.01 0.01
0 1.510797 0.162907 0.01 0.01
0 1.517128 0.159985 0.01 0.01
0 1.515667 0.146349 0.01 0.01
0 1.507875 0.151706 0.01 0.01
0 1.502518 0.122485 0.01 0.01
0 1.575083 0.117128 0.01 0.01
0 1.559011 0.125894 0.01 0.01
0 1.491317 0.196024 0.01 0.01
0 1.591641 0.178979 0.01 0.01
0 1.089206 0.192859 0.01 0.01
0 1.083362 0.206008 0.01 0.01
0 0.914368 0.270781 0.01 0.01
0 0.918752 0.261041 0.01 0.01
0 0.942615 0.272729 0.01 0.01
0 0.907063 0.242534 0.01 0.01
0 0.922648 0.241073 0.01 0.01
0 0.925083 0.233281 0.01 0.01
0 0.931901 0.216722 0.01 0.01
0 0.966479 0.226950 0.01 0.01
0 0.991317 0.223054 0.01 0.01
0 0.999109 0.260554 0.01 0.01
0 1.029304 0.236690 0.01 0.01
0 1.025407 0.226463 0.01 0.01
0 1.032713 0.228898 0.01 0.01
0 1.029791 0.212826 0.01 0.01
0 1.061933 0.251300 0.01 0.01
0 1.076544 0.239125 0.01 0.01
0 1.127193 0.250326 0.01 0.01
0 1.124758 0.206008 0.01 0.01
0 1.133524 0.208443 0.01 0.01
0 1.147648 0.210391 0.01 0.01
0 1.145700 0.221105 0.01 0.01
0 1.163719 0.212826 0.01 0.01
0 1.171998 0.210878 0.01 0.01
0 1.177355 0.203573 0.01 0.01
0 1.178330 0.219644 0.01 0.01
0 1.190505 0.194807 0.01 0.01
0 1.198297 0.199190 0.01 0.01
0 1.193427 0.224028 0.01 0.01
0 1.189531 0.232307 0.01 0.01
0 1.172485 0.240099 0.01 0.01
0 1.035635 0.240099 0.01 0.01
0 1.009336 0.204060 0.01 0.01
0 0.603654 0.279060 0.01 0.01
0 0.623622 0.332144 0.01 0.01
0 0.645050 0.329222 0.01 0.01
0 0.658687 0.313151 0.01 0.01
0 0.688394 0.311690 0.01 0.01
0 0.671836 0.332631 0.01 0.01
0 0.697648 0.306333 0.01 0.01
0 0.710310 0.328735 0.01 0.01
0 0.726381 0.307307 0.01 0.01
0 0.717615 0.294644 0.01 0.01
0 0.728330 0.268833 0.01 0.01
0 0.718589 0.262015 0.01 0.01
0 0.739531 0.272242 0.01 0.01
0 0.738557 0.263476 0.01 0.01
0 0.746349 0.251787 0.01 0.01
0 0.736609 0.224515 0.01 0.01
0 0.753654 0.227924 0.01 0.01
0 0.757550 0.234742 0.01 0.01
0 0.773135 0.218183 0.01 0.01
0 0.781901 0.225976 0.01 0.01
0 0.794076 0.217209 0.01 0.01
0 0.807713 0.216722 0.01 0.01
0 0.831089 0.223541 0.01 0.01
0 0.846674 0.239125 0.01 0.01
0 0.857388 0.248865 0.01 0.01
0 0.845213 0.252761 0.01 0.01
0 0.884661 0.274677 0.01 0.01
0 0.874920 0.270294 0.01 0.01
0 0.840830 0.272242 0.01 0.01
0 0.842778 0.304872 0.01 0.01
0 0.816966 0.292696 0.01 0.01
0 0.796511 0.291235 0.01 0.01
0 0.772648 0.253248 0.01 0.01
0 0.793589 0.235716 0.01 0.01
0 0.782875 0.305359 0.01 0.01
0 0.775083 0.306333 0.01 0.01
0 0.757550 0.309742 0.01 0.01
0 0.757063 0.267859 0.01 0.01
0 0.743914 0.312177 0.01 0.01
0 0.909985 0.550083 0.01 0.01
0 0.813557 0.252031 0.01 0.01
0 0.301219 0.270294 0.01 0.01
0 0.303654 0.273703 0.01 0.01
0 0.326544 0.285391 0.01 0.01
0 0.293914 0.318508 0.01 0.01
0 0.334336 0.316073 0.01 0.01
0 0.391804 0.305359 0.01 0.01
0 0.377193 0.300976 0.01 0.01
0 0.413232 0.305359 0.01 0.01
0 0.423946 0.301950 0.01 0.01
0 0.469239 0.250813 0.01 0.01
0 0.474596 0.269320 0.01 0.01
0 0.479953 0.266885 0.01 0.01
0 0.492615 0.267372 0.01 0.01
0 0.489206 0.276138 0.01 0.01
0 0.479953 0.279547 0.01 0.01
0 0.495050 0.295131 0.01 0.01
0 0.507713 0.300002 0.01 0.01
0 0.516966 0.266885 0.01 0.01
0 0.555440 0.267372 0.01 0.01
0 0.563719 0.270781 0.01 0.01
0 0.580278 0.267372 0.01 0.01
0 0.574433 0.282956 0.01 0.01
0 0.597810 0.281495 0.01 0.01
0 0.363070 0.260067 0.01 0.01
0 0.553492 0.289774 0.01 0.01
0 0.175570 0.328735 0.01 0.01
0 0.207226 0.292209 0.01 0.01
0 0.235472 0.327274 0.01 0.01
0 0.225245 0.333118 0.01 0.01
0 0.243752 0.312664 0.01 0.01
0 0.284174 0.318508 0.01 0.01
0 0.236446 0.290261 0.01 0.01
0 0.226219 0.317534 0.01 0.01
0 0.245700 0.324352 0.01 0.01
0 0.240343 0.323865 0.01 0.01
0 0.220981 0.275830 0.01 0.01
0 0.917302 0.235028 0.01 0.01
0 1.582185 0.175830 0.01 0.01
