0 0.042266 0.583428 0.01 0.01
0 0.121216 0.572901 0.01 0.01
0 0.091741 0.519215 0.01 0.01
0 0.189638 0.538163 0.01 0.01
0 0.420170 0.551848 0.01 0.01
0 0.534910 0.566585 0.01 0.01
0 0.955974 0.556058 0.01 0.01
0 0.903341 0.549743 0.01 0.01
0 0.859129 0.587638 0.01 0.01
0 0.781232 0.565532 0.01 0.01
0 0.708599 0.502373 0.01 0.01
0 0.740179 0.511847 0.01 0.01
0 0.608596 0.489741 0.01 0.01
0 0.502278 0.527637 0.01 0.01
0 0.242271 0.507636 0.01 0.01
0 0.374906 0.451845 0.01 0.01
0 0.352800 0.441319 0.01 0.01
0 0.393854 0.437108 0.01 0.01
0 0.412802 0.428687 0.01 0.01
0 0.398065 0.412897 0.01 0.01
0 0.373853 0.406581 0.01 0.01
0 0.354906 0.389738 0.01 0.01
0 0.335958 0.383423 0.01 0.01
0 0.312799 0.390791 0.01 0.01
0 0.322273 0.387633 0.01 0.01
0 0.485435 0.441319 0.01 0.01
0 0.066477 0.463425 0.01 0.01
0 0.082267 0.428687 0.01 0.01
0 0.028582 0.421318 0.01 0.01
0 0.014897 0.419213 0.01 0.01
0 0.017002 0.375001 0.01 0.01
0 0.050687 0.356053 0.01 0.01
0 0.032792 0.382370 0.01 0.01
0 0.046477 0.417108 0.01 0.01
0 0.082267 0.389738 0.01 0.01
0 0.064372 0.385528 0.01 0.01
0 0.115952 0.375001 0.01 0.01
0 0.083320 0.362369 0.01 0.01
0 0.104373 0.345527 0.01 0.01
0 0.126479 0.347632 0.01 0.01
0 0.140163 0.358159 0.01 0.01
0 0.077004 0.406581 0.01 0.01
0 0.181217 0.340264 0.01 0.01
0 0.199112 0.350790 0.01 0.01
0 0.208586 0.330790 0.01 0.01
0 0.161217 0.316052 0.01 0.01
0 0.128584 0.277104 0.01 0.01
0 0.112794 0.261314 0.01 0.01
0 0.140163 0.273946 0.01 0.01
0 0.095952 0.248682 0.01 0.01
0 0.051740 0.308684 0.01 0.01
0 0.014897 0.270788 0.01 0.01
0 0.022266 0.258156 0.01 0.01
0 0.037003 0.177102 0.01 0.01
0 0.044371 0.187628 0.01 0.01
0 0.133847 0.173944 0.01 0.01
0 0.153848 0.174996 0.01 0.01
0 0.171743 0.156048 0.01 0.01
0 0.220165 0.165522 0.01 0.01
0 0.244377 0.323421 0.01 0.01
0 0.237008 0.355001 0.01 0.01
0 0.261219 0.328684 0.01 0.01
0 0.257008 0.341316 0.01 0.01
0 0.248587 0.392896 0.01 0.01
0 0.227534 0.377107 0.01 0.01
0 0.195954 0.367633 0.01 0.01
0 0.398065 0.382370 0.01 0.01
0 0.398065 0.360264 0.01 0.01
0 0.414907 0.368685 0.01 0.01
0 0.429644 0.352895 0.01 0.01
0 0.590701 0.368685 0.01 0.01
0 0.537016 0.383423 0.01 0.01
0 0.566490 0.387633 0.01 0.01
0 0.487541 0.380265 0.01 0.01
0 0.493857 0.356053 0.01 0.01
0 0.511752 0.380265 0.01 0.01
0 0.423328 0.389738 0.01 0.01
0 0.412802 0.390791 0.01 0.01
0 0.338589 0.355790 0.01 0.01
0 0.311220 0.359475 0.01 0.01
0 0.264377 0.392633 0.01 0.01
0 0.299115 0.398949 0.01 0.01
0 0.333852 0.327895 0.01 0.01
0 0.366485 0.317895 0.01 0.01
0 0.347537 0.337369 0.01 0.01
0 0.392275 0.319474 0.01 0.01
0 0.419644 0.317895 0.01 0.01
0 0.473330 0.350001 0.01 0.01
0 0.458066 0.347369 0.01 0.01
0 0.577543 0.365791 0.01 0.01
0 0.573859 0.352106 0.01 0.01
0 0.557016 0.347369 0.01 0.01
0 0.546489 0.358422 0.01 0.01
0 0.527542 0.359475 0.01 0.01
0 0.520173 0.327368 0.01 0.01
0 0.534910 0.342106 0.01 0.01
0 0.558069 0.328947 0.01 0.01
0 0.584911 0.337369 0.01 0.01
0 0.488593 0.333684 0.01 0.01
0 0.465435 0.319474 0.01 0.01
0 0.473856 0.295789 0.01 0.01
0 0.512278 0.292104 0.01 0.01
0 0.500699 0.282104 0.01 0.01
0 0.543858 0.312105 0.01 0.01
0 0.627544 0.312105 0.01 0.01
0 0.617544 0.345790 0.01 0.01
0 0.598070 0.349474 0.01 0.01
0 0.597017 0.312105 0.01 0.01
0 0.560700 0.271578 0.01 0.01
0 0.527542 0.275262 0.01 0.01
0 0.447013 0.299473 0.01 0.01
0 0.423328 0.295262 0.01 0.01
0 0.434908 0.283157 0.01 0.01
0 0.404381 0.289999 0.01 0.01
0 0.379117 0.288420 0.01 0.01
0 0.350695 0.282104 0.01 0.01
0 0.358590 0.275788 0.01 0.01
0 0.338063 0.273683 0.01 0.01
0 0.322273 0.271578 0.01 0.01
0 0.359116 0.263156 0.01 0.01
0 0.394907 0.269999 0.01 0.01
0 0.387012 0.248419 0.01 0.01
0 0.374380 0.243682 0.01 0.01
0 0.365432 0.178944 0.01 0.01
0 0.406486 0.242103 0.01 0.01
0 0.418591 0.262104 0.01 0.01
0 0.442803 0.267893 0.01 0.01
0 0.442276 0.252630 0.01 0.01
0 0.459119 0.265788 0.01 0.01
0 0.499646 0.267893 0.01 0.01
0 0.543331 0.259472 0.01 0.01
0 0.524910 0.253682 0.01 0.01
0 0.445434 0.242103 0.01 0.01
0 0.479646 0.239998 0.01 0.01
0 0.458066 0.236314 0.01 0.01
0 0.498593 0.228945 0.01 0.01
0 0.509120 0.233156 0.01 0.01
0 0.490699 0.214734 0.01 0.01
0 0.513331 0.221576 0.01 0.01
0 0.523331 0.229471 0.01 0.01
0 0.539647 0.232629 0.01 0.01
0 0.470698 0.241051 0.01 0.01
0 0.459119 0.228945 0.01 0.01
0 0.473330 0.203681 0.01 0.01
0 0.462277 0.199997 0.01 0.01
0 0.468066 0.192102 0.01 0.01
0 0.468066 0.210523 0.01 0.01
0 0.448066 0.206839 0.01 0.01
0 0.379643 0.201576 0.01 0.01
0 0.381222 0.186312 0.01 0.01
0 0.590701 0.247366 0.01 0.01
0 0.578069 0.256314 0.01 0.01
0 0.613860 0.270525 0.01 0.01
0 0.590175 0.295789 0.01 0.01
0 0.656492 0.256314 0.01 0.01
0 0.627544 0.259472 0.01 0.01
0 0.642281 0.254735 0.01 0.01
0 0.635965 0.255788 0.01 0.01
0 0.537016 0.277104 0.01 0.01
0 0.051740 0.173944 0.01 0.01
0 0.065425 0.174996 0.01 0.01
0 0.328589 0.156048 0.01 0.01
0 0.308589 0.160259 0.01 0.01
0 0.644387 0.353948 0.01 0.01
0 0.567543 0.313947 0.01 0.01
0 0.512804 0.302368 0.01 0.01
0 0.491751 0.311842 0.01 0.01
0 0.407539 0.355001 0.01 0.01
0 0.382275 0.360264 0.01 0.01
0 0.372801 0.350790 0.01 0.01
0 0.344379 0.301315 0.01 0.01
0 0.482277 0.253946 0.01 0.01
0 0.482277 0.277104 0.01 0.01
0 0.507541 0.256051 0.01 0.01
0 0.499120 0.247630 0.01 0.01
0 0.493857 0.239208 0.01 0.01
0 0.426486 0.232892 0.01 0.01
0 0.388591 0.229734 0.01 0.01
0 0.712809 0.328684 0.01 0.01
0 0.777022 0.336053 0.01 0.01
0 0.766495 0.311842 0.01 0.01
0 0.766495 0.247630 0.01 0.01
0 0.691756 0.263419 0.01 0.01
0 0.728073 0.275788 0.01 0.01
0 0.829128 0.231577 0.01 0.01
0 0.807549 0.220524 0.01 0.01
0 0.777022 0.213681 0.01 0.01
0 0.797022 0.202628 0.01 0.01
0 0.693335 0.206313 0.01 0.01
0 0.675440 0.211050 0.01 0.01
0 0.683335 0.244208 0.01 0.01
0 0.692283 0.225787 0.01 0.01
0 0.668598 0.235261 0.01 0.01
0 0.628597 0.235261 0.01 0.01
0 0.613333 0.228419 0.01 0.01
0 0.650176 0.213155 0.01 0.01
0 0.630176 0.218418 0.01 0.01
0 0.652808 0.225261 0.01 0.01
0 0.644387 0.237893 0.01 0.01
0 0.667019 0.209997 0.01 0.01
0 0.670703 0.193681 0.01 0.01
0 0.713336 0.204207 0.01 0.01
0 0.701757 0.192102 0.01 0.01
0 0.747547 0.217892 0.01 0.01
0 0.748600 0.204734 0.01 0.01
0 0.734389 0.204734 0.01 0.01
0 0.746495 0.189997 0.01 0.01
0 0.737021 0.167364 0.01 0.01
0 0.709125 0.136311 0.01 0.01
0 0.707020 0.092626 0.01 0.01
0 0.766495 0.148943 0.01 0.01
0 0.757021 0.166312 0.01 0.01
0 0.771232 0.166312 0.01 0.01
0 0.751758 0.151048 0.01 0.01
0 0.739126 0.152627 0.01 0.01
0 0.732284 0.149996 0.01 0.01
0 0.722810 0.156838 0.01 0.01
0 0.812286 0.191576 0.01 0.01
0 0.829655 0.191576 0.01 0.01
0 0.844392 0.197365 0.01 0.01
0 0.842813 0.224734 0.01 0.01
0 0.872814 0.205260 0.01 0.01
0 0.868603 0.195260 0.01 0.01
0 0.869129 0.179470 0.01 0.01
0 0.873866 0.172101 0.01 0.01
0 0.848076 0.171049 0.01 0.01
0 0.845444 0.159996 0.01 0.01
0 0.828602 0.161048 0.01 0.01
0 0.828076 0.172628 0.01 0.01
0 0.807549 0.161575 0.01 0.01
0 0.781759 0.181049 0.01 0.01
0 0.796496 0.181049 0.01 0.01
0 0.768600 0.182628 0.01 0.01
0 0.835970 0.134206 0.01 0.01
0 0.842286 0.147890 0.01 0.01
0 0.836497 0.155259 0.01 0.01
0 0.870708 0.167364 0.01 0.01
0 0.863340 0.154206 0.01 0.01
0 0.873340 0.158943 0.01 0.01
0 0.886498 0.171049 0.01 0.01
0 0.905446 0.201576 0.01 0.01
0 0.953868 0.178944 0.01 0.01
0 0.945447 0.178944 0.01 0.01
0 0.925446 0.173154 0.01 0.01
0 0.907551 0.163680 0.01 0.01
0 0.886498 0.154206 0.01 0.01
0 0.872814 0.138416 0.01 0.01
0 0.862287 0.143680 0.01 0.01
0 0.855971 0.135785 0.01 0.01
0 0.789654 0.172891 0.01 0.01
0 0.681230 0.187628 0.01 0.01
0 0.790706 0.154996 0.01 0.01
0 0.800180 0.146574 0.01 0.01
0 0.759126 0.228682 0.01 0.01
0 0.740179 0.240261 0.01 0.01
0 0.726494 0.220261 0.01 0.01
0 0.715967 0.229734 0.01 0.01
0 0.703336 0.236050 0.01 0.01
0 0.715967 0.197102 0.01 0.01
0 0.735968 0.180259 0.01 0.01
0 0.748600 0.178154 0.01 0.01
0 0.749652 0.283420 0.01 0.01
0 0.976190 0.157364 0.01 0.01
0 0.961452 0.153680 0.01 0.01
0 0.966716 0.138416 0.01 0.01
0 0.960400 0.133153 0.01 0.01
0 0.949347 0.124205 0.01 0.01
0 0.930925 0.144206 0.01 0.01
0 0.920399 0.147890 0.01 0.01
0 0.932504 0.149996 0.01 0.01
0 0.911451 0.139469 0.01 0.01
0 0.911451 0.118416 0.01 0.01
0 0.886714 0.118942 0.01 0.01
0 0.910925 0.079467 0.01 0.01
0 0.891451 0.109468 0.01 0.01
0 0.891451 0.095257 0.01 0.01
0 0.857239 0.124732 0.01 0.01
0 0.871976 0.129469 0.01 0.01
0 0.868292 0.102100 0.01 0.01
0 0.943031 0.063678 0.01 0.01
0 1.009875 0.144206 0.01 0.01
0 0.951452 0.142627 0.01 0.01
0 0.925446 0.113942 0.01 0.01
0 0.922288 0.099205 0.01 0.01
0 0.934920 0.087626 0.01 0.01
0 0.863340 0.093942 0.01 0.01
0 0.871761 0.085520 0.01 0.01
0 0.929657 0.197102 0.01 0.01
0 0.894919 0.147627 0.01 0.01
0 0.902288 0.145522 0.01 0.01
0 0.902288 0.128679 0.01 0.01
0 0.806496 0.141311 0.01 0.01
0 0.853866 0.187628 0.01 0.01
0 0.793864 0.240261 0.01 0.01
0 0.759126 0.187628 0.01 0.01
0 0.786496 0.204471 0.01 0.01
0 0.477014 0.185523 0.01 0.01
0 0.494909 0.194997 0.01 0.01
0 0.445434 0.192891 0.01 0.01
0 0.488593 0.419213 0.01 0.01
0 0.491751 0.372896 0.01 0.01
0 0.388591 0.502373 0.01 0.01
0 0.343326 0.515005 0.01 0.01
0 0.743337 0.601323 0.01 0.01
0 0.986501 0.549743 0.01 0.01
0 0.047529 0.468688 0.01 0.01
0 0.035950 0.460267 0.01 0.01
0 0.029634 0.453951 0.01 0.01
0 0.047529 0.438161 0.01 0.01
0 0.019108 0.495004 0.01 0.01
0 0.539121 0.163417 0.01 0.01
0 0.539121 0.121311 0.01 0.01
0 0.508594 0.136048 0.01 0.01
0 0.485435 0.133943 0.01 0.01
0 0.467540 0.141311 0.01 0.01
0 0.440171 0.162364 0.01 0.01
0 0.455961 0.131837 0.01 0.01
0 0.544384 0.047625 0.01 0.01
0 0.523331 0.058151 0.01 0.01
0 0.593859 0.130785 0.01 0.01
0 0.606491 0.128679 0.01 0.01
0 0.617018 0.123416 0.01 0.01
0 0.520173 0.165522 0.01 0.01
0 0.492804 0.180259 0.01 0.01
0 0.582280 0.229734 0.01 0.01
0 0.623334 0.221313 0.01 0.01
0 0.611754 0.212892 0.01 0.01
0 0.585438 0.301315 0.01 0.01
0 0.608596 0.296052 0.01 0.01
0 0.641229 0.301315 0.01 0.01
0 0.822286 0.143416 0.01 0.01
0 0.340168 0.172891 0.01 0.01
0 0.223323 0.293947 0.01 0.01
0 0.240166 0.299210 0.01 0.01
0 0.261219 0.297105 0.01 0.01
0 0.239113 0.277104 0.01 0.01
0 0.254903 0.288683 0.01 0.01
0 0.325431 0.368685 0.01 0.01
0 0.325431 0.336053 0.01 0.01
0 0.691224 0.136282 0.01 0.01
0 0.662815 0.106859 0.01 0.01
0 0.755144 0.133239 0.01 0.01
0 0.751086 0.125122 0.01 0.01
0 0.733837 0.132224 0.01 0.01
0 0.733837 0.112946 0.01 0.01
0 0.797758 0.119034 0.01 0.01
0 0.833269 0.125122 0.01 0.01
0 0.842401 0.122078 0.01 0.01
0 0.908350 0.058157 0.01 0.01
0 0.914438 0.038880 0.01 0.01
0 0.923569 0.059172 0.01 0.01
