0 0.011513 1.077240 0.01 0.01
0 0.114799 0.643438 0.01 0.01
0 0.569259 0.649071 0.01 0.01
0 1.051888 0.446254 0.01 0.01
0 0.999306 0.384283 0.01 0.01
0 1.095081 0.350480 0.01 0.01
0 0.325128 0.147663 0.01 0.01
0 0.015269 0.221372 0.01 0.01
0 0.066912 0.104940 0.01 0.01
0 0.114799 0.075832 0.01 0.01
0 0.129823 0.092733 0.01 0.01
0 0.201184 0.124658 0.01 0.01
0 0.298837 0.076771 0.01 0.01
0 0.297898 0.046724 0.01 0.01
0 0.206818 0.047663 0.01 0.01
0 0.188039 0.034517 0.01 0.01
0 0.050949 0.029823 0.01 0.01
0 0.018085 0.019494 0.01 0.01
0 0.365503 0.027945 0.01 0.01
0 0.421841 0.065503 0.01 0.01
0 0.548602 0.045785 0.01 0.01
0 0.671607 0.079588 0.01 0.01
0 0.710104 0.070198 0.01 0.01
0 0.184752 0.011747 0.01 0.01
0 0.202123 0.009870 0.01 0.01
0 0.307287 0.011747 0.01 0.01
0 1.256583 1.174424 0.01 0.01
0 0.035456 0.115503 0.01 0.01
0 0.130345 0.006098 0.01 0.01
