0 1.125570 1.033687 0.01 0.01
0 1.135310 0.961609 0.01 0.01
0 0.659985 0.986933 0.01 0.01
0 0.607388 0.979141 0.01 0.01
0 0.358037 1.037583 0.01 0.01
0 0.184661 0.862258 0.01 0.01
0 0.102843 0.790180 0.01 0.01
0 0.101219 0.667940 0.01 0.01
0 0.152843 0.642615 0.01 0.01
0 0.255115 0.647485 0.01 0.01
0 0.325245 0.715667 0.01 0.01
0 0.396349 0.667940 0.01 0.01
0 0.382713 0.638719 0.01 0.01
0 0.447972 0.774109 0.01 0.01
0 0.614531 0.730278 0.01 0.01
0 0.684661 0.679628 0.01 0.01
0 0.592128 0.667940 0.01 0.01
0 0.750894 0.583200 0.01 0.01
0 0.766479 0.729304 0.01 0.01
0 0.638881 0.588070 0.01 0.01
0 0.635959 0.560797 0.01 0.01
0 0.574596 0.550083 0.01 0.01
0 0.542453 0.526706 0.01 0.01
0 0.565830 0.498459 0.01 0.01
0 0.541479 0.497485 0.01 0.01
0 0.018427 0.569563 0.01 0.01
0 0.054466 0.553979 0.01 0.01
0 0.095375 0.557875 0.01 0.01
0 0.113881 0.543265 0.01 0.01
0 0.113881 0.543265 0.01 0.01
0 0.194726 0.540343 0.01 0.01
0 0.221024 0.553979 0.01 0.01
0 0.242453 0.559823 0.01 0.01
0 0.243427 0.537420 0.01 0.01
0 0.270700 0.521836 0.01 0.01
0 0.272648 0.550083 0.01 0.01
0 0.269726 0.590992 0.01 0.01
0 0.301868 0.574433 0.01 0.01
0 0.309661 0.544239 0.01 0.01
0 0.336933 0.528654 0.01 0.01
0 0.342778 0.553005 0.01 0.01
0 0.372972 0.517940 0.01 0.01
0 0.391479 0.525732 0.01 0.01
0 0.391479 0.544239 0.01 0.01
0 0.411933 0.542291 0.01 0.01
0 0.419726 0.519888 0.01 0.01
0 0.451868 0.523784 0.01 0.01
0 0.479141 0.515992 0.01 0.01
0 0.479141 0.515992 0.01 0.01
0 0.498622 0.515018 0.01 0.01
0 0.594076 0.504304 0.01 0.01
0 0.616479 0.504304 0.01 0.01
0 0.648622 0.508200 0.01 0.01
0 0.693427 0.494563 0.01 0.01
0 0.746024 0.506252 0.01 0.01
0 0.771349 0.501381 0.01 0.01
0 0.794401 0.717615 0.01 0.01
0 0.831414 0.483849 0.01 0.01
0 0.834336 0.468265 0.01 0.01
0 0.889855 0.475083 0.01 0.01
0 0.909336 0.477031 0.01 0.01
0 0.937583 0.461446 0.01 0.01
0 0.973622 0.465343 0.01 0.01
0 0.990180 0.478005 0.01 0.01
0 1.022323 0.468265 0.01 0.01
0 1.023297 0.545213 0.01 0.01
0 0.938557 0.573459 0.01 0.01
0 0.959011 0.640667 0.01 0.01
0 0.882063 0.716641 0.01 0.01
0 0.921998 0.720537 0.01 0.01
0 1.012583 0.763394 0.01 0.01
0 1.152843 0.556901 0.01 0.01
0 1.190830 0.522810 0.01 0.01
0 1.246349 0.509174 0.01 0.01
0 1.227843 0.640667 0.01 0.01
0 1.061284 0.440992 0.01 0.01
0 1.092453 0.468265 0.01 0.01
0 1.126544 0.465343 0.01 0.01
0 1.127518 0.447810 0.01 0.01
0 1.146998 0.468265 0.01 0.01
0 1.177193 0.451706 0.01 0.01
0 1.195700 0.470213 0.01 0.01
0 1.207388 0.437096 0.01 0.01
0 1.244401 0.473135 0.01 0.01
0 1.270700 0.449758 0.01 0.01
0 1.308687 0.447810 0.01 0.01
0 1.344726 0.445862 0.01 0.01
0 1.378817 0.464368 0.01 0.01
0 1.401219 0.424433 0.01 0.01
0 1.415830 0.443914 0.01 0.01
0 1.261933 1.113557 0.01 0.01
0 1.256089 0.749271 0.01 0.01
0 1.462583 0.805765 0.01 0.01
0 1.528817 0.573946 0.01 0.01
0 1.528817 0.573946 0.01 0.01
0 1.429466 0.505765 0.01 0.01
0 1.429466 0.505765 0.01 0.01
0 1.485959 0.499920 0.01 0.01
0 1.522972 0.497972 0.01 0.01
0 1.452843 0.437583 0.01 0.01
0 1.450894 0.421998 0.01 0.01
0 1.511284 0.421998 0.01 0.01
0 1.532713 0.418102 0.01 0.01
0 1.550245 0.443427 0.01 0.01
0 1.593102 0.410310 0.01 0.01
0 1.587258 0.441479 0.01 0.01
