0 0.442289 0.552487 0.01 0.01
0 0.411751 0.593204 0.01 0.01
0 0.377820 0.584721 0.01 0.01
0 0.313351 0.557576 0.01 0.01
0 0.277723 0.593204 0.01 0.01
0 0.238703 0.593204 0.01 0.01
0 0.177627 0.605080 0.01 0.01
0 0.148786 0.628831 0.01 0.01
0 0.174234 0.652583 0.01 0.01
0 0.121641 0.671245 0.01 0.01
0 0.075834 0.640707 0.01 0.01
0 0.035117 0.652583 0.01 0.01
0 0.011365 0.723838 0.01 0.01
0 0.045296 0.762859 0.01 0.01
0 0.084317 0.720445 0.01 0.01
0 0.189503 0.734017 0.01 0.01
0 0.292992 0.676335 0.01 0.01
0 0.337103 0.645797 0.01 0.01
0 0.387999 0.703480 0.01 0.01
0 0.357461 0.750983 0.01 0.01
0 0.411751 0.774735 0.01 0.01
0 0.467737 0.742500 0.01 0.01
0 0.508454 0.774735 0.01 0.01
0 0.544081 0.764555 0.01 0.01
0 0.547475 0.822238 0.01 0.01
0 0.479613 0.845990 0.01 0.01
0 0.421930 0.852776 0.01 0.01
0 0.360854 0.895190 0.01 0.01
0 0.325227 0.842597 0.01 0.01
0 0.276027 0.798486 0.01 0.01
0 0.276027 0.747590 0.01 0.01
0 0.157268 0.878224 0.01 0.01
0 0.248882 0.912155 0.01 0.01
0 0.089406 0.888403 0.01 0.01
0 0.021545 0.873134 0.01 0.01
0 0.398178 0.973231 0.01 0.01
0 0.567833 0.951176 0.01 0.01
0 0.561047 0.893493 0.01 0.01
0 0.645874 0.830721 0.01 0.01
0 0.659447 0.776431 0.01 0.01
0 0.618730 0.706873 0.01 0.01
0 0.662840 0.688211 0.01 0.01
0 1.436466 0.890100 0.01 0.01
0 1.514507 0.878224 0.01 0.01
0 1.541652 0.788307 0.01 0.01
0 1.478880 0.752679 0.01 0.01
0 1.402535 0.781521 0.01 0.01
0 1.293956 0.750983 0.01 0.01
0 1.222701 0.730624 0.01 0.01
0 1.183680 0.700086 0.01 0.01
0 1.209128 0.640707 0.01 0.01
0 1.249846 0.664459 0.01 0.01
0 1.239666 0.601687 0.01 0.01
0 1.210825 0.577935 0.01 0.01
0 1.176894 0.521949 0.01 0.01
0 1.158232 0.878224 0.01 0.01
0 1.161625 0.817148 0.01 0.01
0 1.088673 0.861259 0.01 0.01
0 1.100549 0.925727 0.01 0.01
0 0.975005 0.888403 0.01 0.01
0 0.919019 0.857865 0.01 0.01
0 0.964825 0.795093 0.01 0.01
0 0.930894 0.790004 0.01 0.01
0 0.915626 0.740804 0.01 0.01
0 0.986881 0.723838 0.01 0.01
0 0.895267 0.927424 0.01 0.01
0 0.769722 0.890100 0.01 0.01
0 0.718826 0.908762 0.01 0.01
0 0.801957 0.849383 0.01 0.01
0 0.756150 0.829024 0.01 0.01
0 0.784991 0.771342 0.01 0.01
0 0.737488 0.727231 0.01 0.01
0 0.701860 0.720445 0.01 0.01
0 0.069048 0.608473 0.01 0.01
0 0.031724 0.552487 0.01 0.01
0 0.060565 0.560970 0.01 0.01
0 0.058869 0.501590 0.01 0.01
0 0.033420 0.501590 0.01 0.01
0 0.104675 0.533825 0.01 0.01
0 0.135213 0.491411 0.01 0.01
0 0.141999 0.462570 0.01 0.01
0 0.118248 0.457480 0.01 0.01
0 0.065655 0.462570 0.01 0.01
0 0.026634 0.415066 0.01 0.01
0 0.104675 0.404887 0.01 0.01
0 0.119944 0.408280 0.01 0.01
0 0.141999 0.379439 0.01 0.01
0 0.170841 0.379439 0.01 0.01
0 0.184413 0.420156 0.01 0.01
0 0.220041 0.408280 0.01 0.01
0 0.235310 0.420156 0.01 0.01
0 0.218344 0.445604 0.01 0.01
0 0.235310 0.476142 0.01 0.01
0 0.252275 0.443908 0.01 0.01
0 0.289599 0.506680 0.01 0.01
0 0.250579 0.537218 0.01 0.01
0 0.282813 0.552487 0.01 0.01
0 0.384606 0.467659 0.01 0.01
0 0.415144 0.486321 0.01 0.01
0 0.438895 0.525342 0.01 0.01
0 0.455861 0.455784 0.01 0.01
0 0.491488 0.489714 0.01 0.01
0 0.520330 0.491411 0.01 0.01
0 0.566137 0.450694 0.01 0.01
0 0.613640 0.467659 0.01 0.01
0 0.576316 0.486321 0.01 0.01
0 0.591585 0.521949 0.01 0.01
0 0.593281 0.550790 0.01 0.01
0 0.544081 0.557576 0.01 0.01
0 0.642481 0.586418 0.01 0.01
0 0.623819 0.586418 0.01 0.01
0 0.667929 0.525342 0.01 0.01
0 0.710343 0.528735 0.01 0.01
0 0.727309 0.467659 0.01 0.01
0 0.754453 0.467659 0.01 0.01
0 0.691681 0.467659 0.01 0.01
0 0.640785 0.398101 0.01 0.01
0 0.650964 0.321756 0.01 0.01
0 0.674716 0.342115 0.01 0.01
0 0.691681 0.359080 0.01 0.01
0 0.700164 0.337025 0.01 0.01
0 0.723916 0.314970 0.01 0.01
0 0.705254 0.299701 0.01 0.01
0 0.739185 0.277646 0.01 0.01
0 0.771419 0.262377 0.01 0.01
0 0.747667 0.333632 0.01 0.01
0 0.768026 0.333632 0.01 0.01
0 0.779902 0.365866 0.01 0.01
0 0.800260 0.391315 0.01 0.01
0 0.839281 0.330239 0.01 0.01
0 0.805350 0.326846 0.01 0.01
0 0.856246 0.277646 0.01 0.01
0 0.896964 0.291218 0.01 0.01
0 0.922412 0.255591 0.01 0.01
0 0.920715 0.306487 0.01 0.01
0 0.956343 0.286129 0.01 0.01
0 0.949557 0.250501 0.01 0.01
0 0.997060 0.365866 0.01 0.01
0 0.978398 0.398101 0.01 0.01
0 0.952950 0.438818 0.01 0.01
0 0.954646 0.486321 0.01 0.01
0 1.020812 0.467659 0.01 0.01
0 1.064922 0.443908 0.01 0.01
0 1.078494 0.467659 0.01 0.01
0 1.081887 0.493108 0.01 0.01
0 1.076798 0.464266 0.01 0.01
0 1.134480 0.455784 0.01 0.01
0 1.127694 0.426942 0.01 0.01
0 0.905446 0.501590 0.01 0.01
0 0.883391 0.464266 0.01 0.01
0 0.905446 0.550790 0.01 0.01
0 0.893570 0.620349 0.01 0.01
0 1.271901 0.404887 0.01 0.01
0 1.248149 0.377742 0.01 0.01
0 1.254935 0.355687 0.01 0.01
0 1.310921 0.359080 0.01 0.01
0 1.332976 0.347204 0.01 0.01
0 1.365211 0.347204 0.01 0.01
0 1.385569 0.365866 0.01 0.01
0 1.407625 0.355687 0.01 0.01
0 1.417804 0.404887 0.01 0.01
0 1.436466 0.379439 0.01 0.01
0 1.473790 0.391315 0.01 0.01
0 1.477183 0.521949 0.01 0.01
0 1.451735 0.581328 0.01 0.01
0 1.266811 0.550790 0.01 0.01
0 1.248149 0.501590 0.01 0.01
0 1.136177 0.486321 0.01 0.01
0 1.229487 0.432032 0.01 0.01
0 1.210825 0.476142 0.01 0.01
0 1.580673 0.370956 0.01 0.01
0 1.526383 0.391315 0.01 0.01
0 0.508454 0.620349 0.01 0.01
0 0.472826 0.632225 0.01 0.01
0 0.472826 0.669549 0.01 0.01
0 0.552564 0.652583 0.01 0.01
0 0.576316 0.623742 0.01 0.01
0 0.706950 0.628831 0.01 0.01
0 0.647571 0.489714 0.01 0.01
0 0.122026 0.344235 0.01 0.01
0 0.224667 0.355263 0.01 0.01
0 0.259447 0.339994 0.01 0.01
0 0.259447 0.300125 0.01 0.01
0 0.233150 0.282311 0.01 0.01
0 0.209399 0.292491 0.01 0.01
0 0.193281 0.284856 0.01 0.01
0 0.183950 0.278070 0.01 0.01
0 0.201764 0.258560 0.01 0.01
0 0.214488 0.252622 0.01 0.01
0 0.239936 0.258560 0.01 0.01
0 0.261143 0.252622 0.01 0.01
0 0.282350 0.245836 0.01 0.01
0 0.329853 0.237353 0.01 0.01
0 0.313736 0.262801 0.01 0.01
0 0.363784 0.278070 0.01 0.01
0 0.381598 0.303518 0.01 0.01
0 0.368874 0.298429 0.01 0.01
0 0.333247 0.302670 0.01 0.01
0 0.373964 0.343387 0.01 0.01
0 0.323916 0.333208 0.01 0.01
0 0.293378 0.328118 0.01 0.01
0 0.224667 0.313698 0.01 0.01
0 0.212792 0.331511 0.01 0.01
0 0.172923 0.312001 0.01 0.01
0 0.150019 0.313698 0.01 0.01
0 0.090640 0.325573 0.01 0.01
0 0.069433 0.325573 0.01 0.01
0 0.039744 0.341691 0.01 0.01
0 0.086399 0.343387 0.01 0.01
0 0.011751 0.365442 0.01 0.01
0 0.144081 0.222932 0.01 0.01
0 0.103364 0.233960 0.01 0.01
0 0.090640 0.250925 0.01 0.01
0 0.082157 0.237353 0.01 0.01
0 0.062647 0.190698 0.01 0.01
0 0.094882 0.194939 0.01 0.01
0 0.166985 0.186456 0.01 0.01
0 0.189040 0.182215 0.01 0.01
0 0.320522 0.199181 0.01 0.01
0 0.301012 0.204270 0.01 0.01
0 0.263688 0.201725 0.01 0.01
0 0.245874 0.172036 0.01 0.01
0 0.293378 0.129622 0.01 0.01
0 0.110150 0.032071 0.01 0.01
0 0.127116 0.029526 0.01 0.01
0 0.136447 0.044795 0.01 0.01
0 0.146626 0.038008 0.01 0.01
0 0.153412 0.017650 0.01 0.01
0 0.172074 0.026981 0.01 0.01
0 0.183950 0.028677 0.01 0.01
0 0.193281 0.026133 0.01 0.01
0 0.205157 0.035464 0.01 0.01
0 0.192433 0.043946 0.01 0.01
0 0.206854 0.043946 0.01 0.01
0 0.205157 0.058367 0.01 0.01
0 0.197523 0.077877 0.01 0.01
0 0.182254 0.083815 0.01 0.01
0 0.172074 0.058367 0.01 0.01
0 0.161047 0.080422 0.01 0.01
0 0.144081 0.080422 0.01 0.01
0 0.106757 0.080422 0.01 0.01
0 0.075371 0.080422 0.01 0.01
0 0.102516 0.022740 0.01 0.01
0 0.221274 0.026981 0.01 0.01
0 0.229757 0.032071 0.01 0.01
0 0.245026 0.042250 0.01 0.01
0 0.254357 0.030374 0.01 0.01
0 0.281502 0.016802 0.01 0.01
0 0.300164 0.014257 0.01 0.01
0 0.269626 0.043946 0.01 0.01
0 0.276412 0.032919 0.01 0.01
0 0.268778 0.032071 0.01 0.01
0 0.297619 0.038008 0.01 0.01
0 0.317129 0.048188 0.01 0.01
0 0.325612 0.032919 0.01 0.01
0 0.341729 0.026981 0.01 0.01
0 0.363784 0.030374 0.01 0.01
0 0.378205 0.038857 0.01 0.01
0 0.376509 0.023588 0.01 0.01
0 0.395171 0.028677 0.01 0.01
0 0.401109 0.028677 0.01 0.01
0 0.414681 0.028677 0.01 0.01
0 0.435888 0.032071 0.01 0.01
0 0.452853 0.029526 0.01 0.01
0 0.444371 0.017650 0.01 0.01
0 0.463033 0.026133 0.01 0.01
0 0.470667 0.040553 0.01 0.01
0 0.483391 0.024436 0.01 0.01
0 0.498660 0.026981 0.01 0.01
0 0.523260 0.034615 0.01 0.01
0 0.532591 0.026981 0.01 0.01
0 0.543619 0.032919 0.01 0.01
0 0.569915 0.032919 0.01 0.01
0 0.586032 0.038008 0.01 0.01
0 0.606391 0.026981 0.01 0.01
0 0.593667 0.026981 0.01 0.01
0 0.619963 0.032071 0.01 0.01
0 0.648805 0.021043 0.01 0.01
0 0.659832 0.034615 0.01 0.01
0 0.668315 0.014257 0.01 0.01
0 0.686129 0.028677 0.01 0.01
0 0.694611 0.032071 0.01 0.01
0 0.705639 0.032071 0.01 0.01
0 0.709880 0.017650 0.01 0.01
0 0.730239 0.020195 0.01 0.01
0 0.743811 0.038008 0.01 0.01
0 0.752294 0.024436 0.01 0.01
0 0.769260 0.028677 0.01 0.01
0 0.793011 0.022740 0.01 0.01
0 0.791315 0.118595 0.01 0.01
0 0.779439 0.093146 0.01 0.01
0 0.755687 0.101629 0.01 0.01
0 0.725149 0.088905 0.01 0.01
0 0.686129 0.094843 0.01 0.01
0 0.664074 0.100781 0.01 0.01
0 0.631839 0.089753 0.01 0.01
0 0.655591 0.131319 0.01 0.01
0 0.634384 0.143194 0.01 0.01
0 0.589425 0.145739 0.01 0.01
0 0.591122 0.115201 0.01 0.01
0 0.585184 0.097388 0.01 0.01
0 0.552101 0.089753 0.01 0.01
0 0.496964 0.109263 0.01 0.01
0 0.442674 0.099932 0.01 0.01
0 0.375660 0.089753 0.01 0.01
0 0.405350 0.089753 0.01 0.01
0 0.395171 0.107567 0.01 0.01
0 0.424860 0.127077 0.01 0.01
0 0.436736 0.149132 0.01 0.01
0 0.482543 0.146588 0.01 0.01
0 0.424860 0.189850 0.01 0.01
0 0.392626 0.199181 0.01 0.01
0 0.407895 0.147436 0.01 0.01
0 0.373115 0.143194 0.01 0.01
0 0.352757 0.116898 0.01 0.01
0 0.359543 0.134712 0.01 0.01
0 0.350212 0.163553 0.01 0.01
0 0.317978 0.137257 0.01 0.01
0 0.395171 0.232263 0.01 0.01
0 0.387536 0.254318 0.01 0.01
0 0.414681 0.284008 0.01 0.01
0 0.434191 0.276374 0.01 0.01
0 0.421467 0.267891 0.01 0.01
0 0.107606 0.250077 0.01 0.01
0 0.125419 0.261105 0.01 0.01
0 0.117785 0.254318 0.01 0.01
0 0.081309 0.284856 0.01 0.01
0 0.022778 0.307760 0.01 0.01
0 0.022778 0.168643 0.01 0.01
0 0.047378 0.118595 0.01 0.01
0 0.071978 0.128774 0.01 0.01
0 0.109302 0.139801 0.01 0.01
0 0.062647 0.177125 0.01 0.01
0 0.116088 0.228870 0.01 0.01
0 0.660680 0.383256 0.01 0.01
0 0.612329 0.351870 0.01 0.01
0 0.436736 0.337449 0.01 0.01
0 0.423164 0.321332 0.01 0.01
0 0.452005 0.325573 0.01 0.01
0 0.364633 0.198332 0.01 0.01
0 0.376509 0.537642 0.01 0.01
0 1.068778 0.181367 0.01 0.01
0 1.079805 0.139801 0.01 0.01
0 1.112888 0.144891 0.01 0.01
0 1.080654 0.117746 0.01 0.01
0 1.092529 0.095691 0.01 0.01
0 1.113736 0.093995 0.01 0.01
0 1.146819 0.109263 0.01 0.01
0 1.170571 0.135560 0.01 0.01
0 1.210440 0.144043 0.01 0.01
0 1.192626 0.125381 0.01 0.01
0 1.192626 0.088905 0.01 0.01
0 1.234191 0.099932 0.01 0.01
0 1.220619 0.120291 0.01 0.01
0 1.274908 0.100781 0.01 0.01
0 1.285936 0.109263 0.01 0.01
0 1.317322 0.096539 0.01 0.01
0 1.342770 0.090601 0.01 0.01
0 1.341922 0.123684 0.01 0.01
0 1.383487 0.115201 0.01 0.01
0 1.397908 0.101629 0.01 0.01
0 1.419963 0.121988 0.01 0.01
0 1.395363 0.138953 0.01 0.01
0 1.432687 0.135560 0.01 0.01
0 1.470011 0.119443 0.01 0.01
0 1.470860 0.147436 0.01 0.01
0 1.462377 0.092298 0.01 0.01
0 1.494611 0.097388 0.01 0.01
0 1.503942 0.124532 0.01 0.01
0 1.513273 0.141498 0.01 0.01
0 1.491218 0.141498 0.01 0.01
0 1.547204 0.112657 0.01 0.01
0 1.540418 0.133015 0.01 0.01
0 1.549749 0.142346 0.01 0.01
0 1.575197 0.141498 0.01 0.01
0 1.582832 0.123684 0.01 0.01
0 1.589618 0.090601 0.01 0.01
0 1.543811 0.093995 0.01 0.01
0 1.077260 0.408704 0.01 0.01
0 1.093378 0.412946 0.01 0.01
0 1.145971 0.391739 0.01 0.01
0 1.153605 0.350173 0.01 0.01
0 1.275757 0.385801 0.01 0.01
0 1.553142 0.346780 0.01 0.01
0 1.565018 0.328118 0.01 0.01
0 1.581984 0.317939 0.01 0.01
0 1.574349 0.287401 0.01 0.01
0 1.559080 0.225477 0.01 0.01
0 1.559080 0.225477 0.01 0.01
0 0.889792 0.274677 0.01 0.01
0 0.877916 0.256863 0.01 0.01
0 0.861799 0.177125 0.01 0.01
0 0.866040 0.141498 0.01 0.01
0 0.822778 0.137257 0.01 0.01
0 0.828716 0.124532 0.01 0.01
0 0.809206 0.104174 0.01 0.01
0 0.848226 0.091450 0.01 0.01
0 0.807509 0.032071 0.01 0.01
0 0.811751 0.010864 0.01 0.01
0 0.822778 0.026981 0.01 0.01
0 0.834654 0.025284 0.01 0.01
0 0.850771 0.037160 0.01 0.01
0 0.862647 0.026133 0.01 0.01
0 0.866040 0.014257 0.01 0.01
0 0.879613 0.031222 0.01 0.01
0 0.886399 0.023588 0.01 0.01
0 0.899971 0.023588 0.01 0.01
0 0.925419 0.028677 0.01 0.01
0 0.914392 0.007471 0.01 0.01
0 0.954261 0.025284 0.01 0.01
0 0.945778 0.028677 0.01 0.01
0 1.017881 0.028677 0.01 0.01
0 1.017033 0.019346 0.01 0.01
0 0.997523 0.025284 0.01 0.01
0 1.033150 0.029526 0.01 0.01
0 1.044178 0.016802 0.01 0.01
0 1.062840 0.031222 0.01 0.01
0 1.074716 0.017650 0.01 0.01
0 1.085743 0.023588 0.01 0.01
0 1.101860 0.031222 0.01 0.01
0 1.118826 0.029526 0.01 0.01
0 1.136640 0.029526 0.01 0.01
0 1.109495 0.019346 0.01 0.01
0 1.115433 0.008319 0.01 0.01
0 1.169722 0.040553 0.01 0.01
0 1.193474 0.023588 0.01 0.01
0 1.156998 0.198332 0.01 0.01
0 1.137488 0.189001 0.01 0.01
0 1.089985 0.183912 0.01 0.01
0 1.199412 0.201725 0.01 0.01
0 1.207895 0.187305 0.01 0.01
0 1.255398 0.195787 0.01 0.01
0 1.271515 0.211056 0.01 0.01
0 1.271515 0.239898 0.01 0.01
0 1.230798 0.233960 0.01 0.01
0 1.214681 0.268739 0.01 0.01
0 1.243522 0.261105 0.01 0.01
0 1.218922 0.253470 0.01 0.01
0 1.187536 0.252622 0.01 0.01
0 1.182446 0.241594 0.01 0.01
0 1.295267 0.264498 0.01 0.01
0 1.321563 0.251774 0.01 0.01
0 1.336832 0.268739 0.01 0.01
0 1.252005 0.290794 0.01 0.01
0 1.249460 0.329815 0.01 0.01
0 1.303141 0.022582 0.01 0.01
0 1.314067 0.028201 0.01 0.01
0 1.328428 0.035382 0.01 0.01
0 1.345287 0.026953 0.01 0.01
0 1.354964 0.024143 0.01 0.01
0 1.362457 0.034133 0.01 0.01
0 1.374008 0.025080 0.01 0.01
0 1.386496 0.033509 0.01 0.01
0 1.407725 0.028514 0.01 0.01
0 1.419901 0.027265 0.01 0.01
0 1.430515 0.031323 0.01 0.01
0 1.446749 0.026953 0.01 0.01
0 1.457051 0.024767 0.01 0.01
0 1.440505 0.012904 0.01 0.01
0 1.431452 0.004475 0.01 0.01
0 1.409286 0.010094 0.01 0.01
0 1.374320 0.002914 0.01 0.01
0 1.353091 0.010719 0.01 0.01
0 1.310945 0.003538 0.01 0.01
0 1.254438 0.140591 0.01 0.01
0 1.229151 0.033509 0.01 0.01
0 1.235707 0.029762 0.01 0.01
0 1.223219 0.011967 0.01 0.01
0 1.254126 0.019460 0.01 0.01
0 1.268175 0.013216 0.01 0.01
0 1.285033 0.019772 0.01 0.01
0 1.277853 0.030387 0.01 0.01
0 1.269736 0.030387 0.01 0.01
0 1.258185 0.034758 0.01 0.01
0 1.294399 0.017275 0.01 0.01
0 1.333111 0.025080 0.01 0.01
0 1.485773 0.027265 0.01 0.01
0 1.473598 0.023831 0.01 0.01
0 1.487334 0.016026 0.01 0.01
0 1.431139 0.176181 0.01 0.01
0 1.383062 0.174932 0.01 0.01
0 1.354652 0.177430 0.01 0.01
0 1.312506 0.145898 0.01 0.01
0 1.263418 0.935907 0.01 0.01
0 1.329583 0.878224 0.01 0.01
0 1.278687 0.876528 0.01 0.01
0 1.071708 0.788307 0.01 0.01
0 1.056439 0.705176 0.01 0.01
0 1.037777 0.661066 0.01 0.01
0 0.912232 0.143194 0.01 0.01
0 0.937681 0.129622 0.01 0.01
0 0.947012 0.138105 0.01 0.01
0 0.968219 0.113505 0.01 0.01
0 0.976701 0.094843 0.01 0.01
0 1.020812 0.085512 0.01 0.01
0 1.047108 0.110112 0.01 0.01
0 1.058984 0.088057 0.01 0.01
0 1.061529 0.101629 0.01 0.01
0 0.948708 0.181367 0.01 0.01
0 0.940225 0.199181 0.01 0.01
0 0.909688 0.177125 0.01 0.01
0 0.829950 0.198332 0.01 0.01
0 0.777357 0.198332 0.01 0.01
0 0.792626 0.216994 0.01 0.01
0 0.927501 0.239898 0.01 0.01
0 1.003846 0.201725 0.01 0.01
0 1.568797 0.177550 0.01 0.01
0 1.584066 0.194515 0.01 0.01
0 1.589155 0.248805 0.01 0.01
0 1.599335 0.274253 0.01 0.01
0 1.543348 0.270860 0.01 0.01
0 1.475487 0.247108 0.01 0.01
0 1.125998 0.085936 0.01 0.01
0 1.376130 0.202606 0.01 0.01
0 1.424460 0.203085 0.01 0.01
0 1.430680 0.219833 0.01 0.01
0 1.428766 0.246151 0.01 0.01
0 1.391442 0.239930 0.01 0.01
0 1.368952 0.271991 0.01 0.01
0 1.350290 0.324149 0.01 0.01
0 1.400534 0.344246 0.01 0.01
0 1.375173 0.320321 0.01 0.01
0 1.297175 0.322713 0.01 0.01
0 1.166062 0.294481 0.01 0.01
0 1.137830 0.288260 0.01 0.01
0 1.138308 0.343768 0.01 0.01
0 1.488580 0.368650 0.01 0.01
0 1.448385 0.324149 0.01 0.01
0 1.464655 0.338504 0.01 0.01
0 1.037821 0.462439 0.01 0.01
0 1.512811 0.421853 0.01 0.01
0 1.008052 0.127978 0.01 0.01
0 0.993667 0.137568 0.01 0.01
0 1.036824 0.142364 0.01 0.01
0 1.041619 0.198308 0.01 0.01
0 0.274386 0.111994 0.01 0.01
0 0.293567 0.111994 0.01 0.01
0 0.220040 0.108797 0.01 0.01
0 0.224836 0.094412 0.01 0.01
0 0.178482 0.100805 0.01 0.01
0 0.213647 0.126380 0.01 0.01
0 0.172088 0.171135 0.01 0.01
0 0.512548 0.150356 0.01 0.01
0 0.531729 0.139167 0.01 0.01
0 0.522138 0.119986 0.01 0.01
0 0.510950 0.220685 0.01 0.01
0 0.499761 0.198308 0.01 0.01
0 0.469391 0.199906 0.01 0.01
0 0.256804 0.847259 0.01 0.01
0 0.172088 0.813692 0.01 0.01
0 0.980880 0.524382 0.01 0.01
0 1.043217 0.412493 0.01 0.01
0 0.913747 0.094412 0.01 0.01
0 0.942518 0.092813 0.01 0.01
0 0.884976 0.092813 0.01 0.01
0 0.884976 0.119986 0.01 0.01
0 1.487573 0.284621 0.01 0.01
0 1.497163 0.324581 0.01 0.01
0 1.461999 0.291015 0.01 0.01
0 1.572288 0.959147 0.01 0.01
0 0.368692 0.391714 0.01 0.01
0 0.347913 0.372533 0.01 0.01
0 0.416644 0.409297 0.01 0.01
0 1.468392 0.199906 0.01 0.01
0 0.351109 0.473233 0.01 0.01
0 0.165695 0.509996 0.01 0.01
0 0.797063 0.305401 0.01 0.01
0 0.378282 0.428477 0.01 0.01
0 0.135325 0.564342 0.01 0.01
0 0.590870 0.410895 0.01 0.01
0 0.554106 0.372533 0.01 0.01
0 0.542918 0.353353 0.01 0.01
0 0.681979 0.406100 0.01 0.01
0 0.634026 0.436469 0.01 0.01
0 0.557303 0.193512 0.01 0.01
0 0.576484 0.177528 0.01 0.01
0 0.603657 0.195111 0.01 0.01
0 0.611649 0.182324 0.01 0.01
0 0.622838 0.115191 0.01 0.01
0 0.725135 0.412493 0.01 0.01
0 0.753907 0.396509 0.01 0.01
0 0.616444 0.327778 0.01 0.01
0 0.298362 0.369337 0.01 0.01
0 0.029831 0.462044 0.01 0.01
0 0.876984 0.195111 0.01 0.01
0 1.572288 0.402903 0.01 0.01
0 1.091169 0.260645 0.01 0.01
0 0.096964 0.383722 0.01 0.01
0 1.540320 0.295810 0.01 0.01
0 1.490770 0.262244 0.01 0.01
0 1.294166 0.450855 0.01 0.01
0 1.302158 0.428477 0.01 0.01
0 1.276584 0.294212 0.01 0.01
0 0.125034 0.111384 0.01 0.01
0 0.040207 0.004502 0.01 0.01
0 0.250579 0.014681 0.01 0.01
0 0.661143 0.443908 0.01 0.01
0 1.536562 0.033343 0.01 0.01
0 1.528080 0.016377 0.01 0.01
0 1.546742 0.014681 0.01 0.01
0 1.550135 0.029950 0.01 0.01
0 1.563707 0.028253 0.01 0.01
0 1.585762 0.021467 0.01 0.01
0 1.572190 0.021467 0.01 0.01
0 1.597638 0.040129 0.01 0.01
0 1.512811 0.187729 0.01 0.01
0 1.146356 0.038433 0.01 0.01
0 0.175588 0.014416 0.01 0.01
0 0.188374 0.015330 0.01 0.01
0 0.200247 0.018070 0.01 0.01
0 0.255958 0.010763 0.01 0.01
0 0.319890 0.009850 0.01 0.01
0 0.362815 0.007110 0.01 0.01
0 0.391127 0.008023 0.01 0.01
0 0.384734 0.013503 0.01 0.01
0 0.439532 0.008023 0.01 0.01
0 0.454145 0.009850 0.01 0.01
0 0.466018 0.008937 0.01 0.01
0 0.490677 0.014416 0.01 0.01
0 0.504377 0.014416 0.01 0.01
0 0.515337 0.008023 0.01 0.01
0 0.522643 0.012590 0.01 0.01
0 0.538169 0.008937 0.01 0.01
0 0.560088 0.007110 0.01 0.01
0 0.572875 0.010763 0.01 0.01
0 0.568308 0.021723 0.01 0.01
0 0.584748 0.021723 0.01 0.01
0 0.592054 0.009850 0.01 0.01
0 0.602100 0.011677 0.01 0.01
0 0.618540 0.014416 0.01 0.01
0 0.651419 0.007110 0.01 0.01
0 0.685211 0.010763 0.01 0.01
0 0.691604 0.003457 0.01 0.01
0 0.699824 0.010763 0.01 0.01
0 0.729050 0.003457 0.01 0.01
0 0.793894 0.010763 0.01 0.01
0 0.785674 0.017156 0.01 0.01
0 0.763755 0.013503 0.01 0.01
0 0.750056 0.008023 0.01 0.01
0 0.932689 0.016243 0.01 0.01
0 0.957348 0.009850 0.01 0.01
0 0.974701 0.008937 0.01 0.01
0 0.991141 0.009850 0.01 0.01
0 1.008494 0.012590 0.01 0.01
0 1.031326 0.009850 0.01 0.01
0 1.079731 0.010763 0.01 0.01
0 1.101650 0.007110 0.01 0.01
0 1.106217 0.005283 0.01 0.01
0 1.165582 0.012590 0.01 0.01
0 1.178368 0.014416 0.01 0.01
0 1.181108 0.008937 0.01 0.01
0 1.206680 0.019896 0.01 0.01
0 1.265132 0.007110 0.01 0.01
0 1.272438 0.005283 0.01 0.01
0 1.330890 0.006197 0.01 0.01
0 1.341849 0.012590 0.01 0.01
0 1.508071 0.009850 0.01 0.01
0 1.504417 0.022636 0.01 0.01
0 0.919903 0.331333 0.01 0.01
0 0.932689 0.369692 0.01 0.01
0 1.553709 0.010763 0.01 0.01
0 1.541836 0.010763 0.01 0.01
0 1.561929 0.006197 0.01 0.01
0 1.138183 0.775655 0.01 0.01
0 0.316209 1.062433 0.01 0.01
0 0.455031 1.055126 0.01 0.01
0 0.750942 1.060606 0.01 0.01
0 0.051351 0.823147 0.01 0.01
0 0.528759 0.182201 0.01 0.01
0 0.549938 0.149833 0.01 0.01
