0 0.453203 0.045188 0.01 0.01
0 0.415989 0.045760 0.01 0.01
0 0.401676 0.040035 0.01 0.01
0 0.314081 0.151676 0.01 0.01
0 0.324959 0.162554 0.01 0.01
0 0.128394 0.099577 0.01 0.01
0 0.193089 0.094424 0.01 0.01
0 0.217707 0.090417 0.01 0.01
0 0.227440 0.083547 0.01 0.01
0 0.245760 0.077249 0.01 0.01
0 0.004444 0.324291 0.01 0.01
0 0.180779 0.376963 0.01 0.01
0 0.212841 0.328871 0.01 0.01
0 0.176199 0.338031 0.01 0.01
0 0.112077 0.466276 0.01 0.01
0 0.276390 0.211505 0.01 0.01
0 0.288986 0.213795 0.01 0.01
0 0.330207 0.225245 0.01 0.01
0 0.421810 0.185169 0.01 0.01
0 0.455016 0.195474 0.01 0.01
0 0.506543 0.140512 0.01 0.01
0 0.508833 0.121047 0.01 0.01
0 0.515703 0.204634 0.01 0.01
0 0.553489 0.211505 0.01 0.01
0 0.457306 0.235550 0.01 0.01
0 0.393184 0.273337 0.01 0.01
0 0.381734 0.233260 0.01 0.01
0 0.250054 0.353489 0.01 0.01
0 0.479062 0.331734 0.01 0.01
0 0.495092 0.356924 0.01 0.01
0 0.385169 0.359215 0.01 0.01
0 0.229444 0.446237 0.01 0.01
0 0.221428 0.488604 0.01 0.01
0 0.458451 0.403871 0.01 0.01
0 0.538604 0.323718 0.01 0.01
0 0.616466 0.283642 0.01 0.01
0 0.653108 0.324863 0.01 0.01
0 0.708070 0.263031 0.01 0.01
0 0.763031 0.271047 0.01 0.01
0 0.768757 0.244711 0.01 0.01
0 0.733260 0.317993 0.01 0.01
0 0.763031 0.311123 0.01 0.01
0 0.772192 0.363795 0.01 0.01
0 0.747001 0.359215 0.01 0.01
0 0.673718 0.388986 0.01 0.01
0 0.717230 0.375245 0.01 0.01
0 0.618757 0.486314 0.01 0.01
0 0.501390 0.720474 0.01 0.01
0 0.469329 0.844138 0.01 0.01
0 0.405207 1.107497 0.01 0.01
0 0.922764 0.276199 0.01 0.01
0 0.909024 0.406734 0.01 0.01
0 0.787650 0.422764 0.01 0.01
0 0.911314 0.768566 0.01 0.01
0 0.996047 0.798337 0.01 0.01
0 1.188413 0.798337 0.01 0.01
0 0.961695 0.631161 0.01 0.01
0 0.977726 0.418184 0.01 0.01
0 1.048718 0.507497 0.01 0.01
0 1.083070 0.457115 0.01 0.01
0 1.028108 0.305970 0.01 0.01
0 0.993757 0.287650 0.01 0.01
0 1.160932 0.308260 0.01 0.01
0 1.170092 0.489176 0.01 0.01
0 1.243375 0.498337 0.01 0.01
0 1.378489 0.457115 0.01 0.01
0 1.442612 0.578489 0.01 0.01
0 1.483833 0.800627 0.01 0.01
0 1.444902 0.899100 0.01 0.01
0 1.419711 1.137268 0.01 0.01
0 1.286886 0.363222 0.01 0.01
0 1.065703 0.393566 0.01 0.01
0 1.067993 0.267612 0.01 0.01
0 1.302726 0.275627 0.01 0.01
0 1.329062 0.275627 0.01 0.01
0 1.290131 0.247001 0.01 0.01
0 1.376008 0.289367 0.01 0.01
0 1.390894 0.273337 0.01 0.01
0 1.443566 0.289367 0.01 0.01
0 1.444711 0.267612 0.01 0.01
0 1.484787 0.261886 0.01 0.01
0 1.501963 0.253871 0.01 0.01
0 1.522573 0.260741 0.01 0.01
0 1.586695 0.263031 0.01 0.01
0 1.597001 0.285932 0.01 0.01
