0 0.906912 1.046912 0.01 0.01
0 0.875801 0.923949 0.01 0.01
0 0.527653 0.771356 0.01 0.01
0 0.493578 0.598023 0.01 0.01
0 0.391356 0.630615 0.01 0.01
0 1.385430 0.796541 0.01 0.01
0 1.231356 0.460245 0.01 0.01
0 1.311356 0.443949 0.01 0.01
0 0.868393 0.435060 0.01 0.01
0 0.860986 0.375801 0.01 0.01
0 0.163208 0.389504 0.01 0.01
0 0.005430 0.336912 0.01 0.01
0 0.015801 0.340615 0.01 0.01
0 0.001727 0.308764 0.01 0.01
0 0.028393 0.299134 0.01 0.01
0 0.029134 0.279134 0.01 0.01
0 0.054319 0.288023 0.01 0.01
0 0.058764 0.302838 0.01 0.01
0 0.065430 0.293208 0.01 0.01
0 0.076541 0.299134 0.01 0.01
0 0.023208 0.251727 0.01 0.01
0 0.034319 0.237653 0.01 0.01
0 0.041727 0.236912 0.01 0.01
0 0.049134 0.236171 0.01 0.01
0 0.055060 0.251727 0.01 0.01
0 0.048393 0.263764 0.01 0.01
0 0.024690 0.281171 0.01 0.01
0 0.001356 0.299690 0.01 0.01
0 0.001356 0.280801 0.01 0.01
0 0.069134 0.288208 0.01 0.01
0 0.068023 0.302282 0.01 0.01
0 0.068393 0.324504 0.01 0.01
0 0.094319 0.237838 0.01 0.01
0 0.066171 0.236727 0.01 0.01
0 0.059134 0.236727 0.01 0.01
0 0.105801 0.236356 0.01 0.01
0 0.113949 0.235986 0.01 0.01
0 0.124319 0.236356 0.01 0.01
0 0.154690 0.238208 0.01 0.01
0 0.162838 0.238208 0.01 0.01
0 0.180615 0.243393 0.01 0.01
0 0.172838 0.254504 0.01 0.01
0 0.166171 0.270430 0.01 0.01
0 0.157282 0.257097 0.01 0.01
0 0.183578 0.275245 0.01 0.01
0 0.196912 0.261912 0.01 0.01
0 0.188023 0.254875 0.01 0.01
0 0.203949 0.252282 0.01 0.01
0 0.213949 0.250060 0.01 0.01
0 0.216541 0.240430 0.01 0.01
0 0.224690 0.252653 0.01 0.01
0 0.223949 0.246356 0.01 0.01
0 0.208393 0.263393 0.01 0.01
0 0.245801 0.264875 0.01 0.01
0 0.253949 0.263764 0.01 0.01
0 0.261727 0.235245 0.01 0.01
0 0.291727 0.247097 0.01 0.01
0 0.299134 0.243764 0.01 0.01
0 0.303208 0.269690 0.01 0.01
0 0.314319 0.275615 0.01 0.01
0 0.330986 0.259690 0.01 0.01
0 0.295801 0.279690 0.01 0.01
0 0.264319 0.291541 0.01 0.01
0 0.245801 0.289690 0.01 0.01
0 0.240245 0.289690 0.01 0.01
0 0.253578 0.322653 0.01 0.01
0 0.286912 0.311541 0.01 0.01
0 0.265060 0.331171 0.01 0.01
0 0.226171 0.363023 0.01 0.01
0 0.196541 0.385245 0.01 0.01
0 0.199504 0.356356 0.01 0.01
0 0.309875 0.363764 0.01 0.01
0 0.303578 0.338949 0.01 0.01
0 0.331356 0.348208 0.01 0.01
0 0.346912 0.333023 0.01 0.01
0 0.312838 0.325986 0.01 0.01
0 0.294319 0.313393 0.01 0.01
0 0.305801 0.293393 0.01 0.01
0 0.322838 0.295986 0.01 0.01
0 0.334690 0.274875 0.01 0.01
0 0.354690 0.278949 0.01 0.01
0 0.369875 0.314134 0.01 0.01
0 0.101356 0.234504 0.01 0.01
0 0.376912 0.331171 0.01 0.01
0 0.382838 0.324875 0.01 0.01
0 0.386912 0.314504 0.01 0.01
0 0.403949 0.286727 0.01 0.01
0 0.414690 0.301912 0.01 0.01
0 0.407653 0.314134 0.01 0.01
0 0.419504 0.322282 0.01 0.01
0 0.400986 0.329690 0.01 0.01
0 0.389504 0.333393 0.01 0.01
0 0.390986 0.323393 0.01 0.01
0 0.421356 0.329690 0.01 0.01
0 0.426912 0.337838 0.01 0.01
0 0.436171 0.328208 0.01 0.01
0 0.396541 0.345615 0.01 0.01
0 0.461356 0.332653 0.01 0.01
0 0.450615 0.330060 0.01 0.01
0 0.436912 0.307467 0.01 0.01
0 0.437282 0.290801 0.01 0.01
0 0.456912 0.305245 0.01 0.01
0 0.471356 0.315986 0.01 0.01
0 0.475801 0.338578 0.01 0.01
0 0.510615 0.340060 0.01 0.01
0 0.497653 0.331171 0.01 0.01
0 0.490986 0.311912 0.01 0.01
0 0.483208 0.288208 0.01 0.01
0 0.485060 0.279319 0.01 0.01
0 0.507653 0.273023 0.01 0.01
0 0.510615 0.267097 0.01 0.01
0 0.538393 0.247467 0.01 0.01
0 0.559875 0.253023 0.01 0.01
0 0.589875 0.255615 0.01 0.01
0 0.577653 0.279319 0.01 0.01
0 0.570986 0.271541 0.01 0.01
0 0.558764 0.276356 0.01 0.01
0 0.551356 0.278949 0.01 0.01
0 0.538023 0.285245 0.01 0.01
0 0.524319 0.289690 0.01 0.01
0 0.521727 0.280060 0.01 0.01
0 0.572838 0.338578 0.01 0.01
0 0.549875 0.338208 0.01 0.01
0 0.529134 0.338208 0.01 0.01
0 0.511356 0.325615 0.01 0.01
0 0.503949 0.311171 0.01 0.01
0 0.526171 0.382282 0.01 0.01
0 0.569504 0.383764 0.01 0.01
0 0.592097 0.360430 0.01 0.01
0 0.522467 0.332653 0.01 0.01
0 0.518764 0.254504 0.01 0.01
0 0.535430 0.251912 0.01 0.01
0 0.376541 0.319690 0.01 0.01
0 0.289875 0.287097 0.01 0.01
0 0.613578 0.249504 0.01 0.01
0 0.655060 0.265801 0.01 0.01
0 0.652097 0.282097 0.01 0.01
0 0.603208 0.283578 0.01 0.01
0 0.778764 0.228578 0.01 0.01
0 0.785060 0.239319 0.01 0.01
0 0.799134 0.241171 0.01 0.01
0 0.798393 0.223023 0.01 0.01
0 0.818393 0.223023 0.01 0.01
0 0.709134 0.295245 0.01 0.01
0 0.700986 0.308949 0.01 0.01
0 0.692097 0.306727 0.01 0.01
0 0.669875 0.275245 0.01 0.01
0 0.663949 0.319690 0.01 0.01
0 0.658764 0.329319 0.01 0.01
0 0.659134 0.351912 0.01 0.01
0 0.664690 0.367467 0.01 0.01
0 0.716912 0.348208 0.01 0.01
0 0.735060 0.361171 0.01 0.01
0 0.752097 0.353023 0.01 0.01
0 0.781727 0.346356 0.01 0.01
0 0.768393 0.324875 0.01 0.01
0 0.761727 0.321541 0.01 0.01
0 0.768393 0.301171 0.01 0.01
0 0.783578 0.294134 0.01 0.01
0 0.790986 0.294504 0.01 0.01
0 0.818393 0.343023 0.01 0.01
0 0.815801 0.358578 0.01 0.01
0 0.843578 0.367097 0.01 0.01
0 0.905060 0.352282 0.01 0.01
0 0.878023 0.321541 0.01 0.01
0 0.900615 0.328949 0.01 0.01
0 0.894319 0.328949 0.01 0.01
0 0.891356 0.312282 0.01 0.01
0 0.886541 0.301541 0.01 0.01
0 0.873578 0.310430 0.01 0.01
0 0.881356 0.298949 0.01 0.01
0 0.909504 0.284875 0.01 0.01
0 0.911356 0.253393 0.01 0.01
0 0.923578 0.248208 0.01 0.01
0 0.932097 0.261912 0.01 0.01
0 0.943578 0.285615 0.01 0.01
0 0.922467 0.284875 0.01 0.01
0 0.937653 0.308949 0.01 0.01
0 0.912097 0.310430 0.01 0.01
0 0.928393 0.343393 0.01 0.01
0 0.942467 0.347097 0.01 0.01
0 0.966541 0.299319 0.01 0.01
0 0.925430 0.379134 0.01 0.01
0 0.959504 0.380615 0.01 0.01
0 0.999504 0.364319 0.01 0.01
0 1.064690 0.369504 0.01 0.01
0 1.102467 0.368023 0.01 0.01
0 0.786912 0.399134 0.01 0.01
0 1.237282 0.385801 0.01 0.01
0 1.184690 0.383578 0.01 0.01
0 1.152838 0.382838 0.01 0.01
0 1.120245 0.359134 0.01 0.01
0 1.203949 0.328023 0.01 0.01
0 1.226171 0.329504 0.01 0.01
0 1.218023 0.322838 0.01 0.01
0 1.211356 0.316171 0.01 0.01
0 1.232838 0.316171 0.01 0.01
0 1.244690 0.314690 0.01 0.01
0 1.255060 0.316171 0.01 0.01
0 1.254319 0.299875 0.01 0.01
0 1.268393 0.290986 0.01 0.01
0 1.283208 0.322838 0.01 0.01
0 1.311356 0.316912 0.01 0.01
0 1.280245 0.382097 0.01 0.01
0 1.336541 0.382097 0.01 0.01
0 1.343208 0.345060 0.01 0.01
0 1.326912 0.333949 0.01 0.01
0 1.335801 0.331727 0.01 0.01
0 1.354319 0.328764 0.01 0.01
0 1.360245 0.320615 0.01 0.01
0 1.369875 0.292467 0.01 0.01
0 1.339504 0.259134 0.01 0.01
0 1.313578 0.273208 0.01 0.01
0 1.304690 0.278393 0.01 0.01
0 1.348393 0.265060 0.01 0.01
0 1.435801 0.257653 0.01 0.01
0 1.429875 0.273949 0.01 0.01
0 1.405430 0.250245 0.01 0.01
0 1.396541 0.254690 0.01 0.01
0 1.447653 0.320615 0.01 0.01
0 1.435801 0.328764 0.01 0.01
0 1.424690 0.340615 0.01 0.01
0 1.393578 0.339134 0.01 0.01
0 1.390615 0.368023 0.01 0.01
0 1.412838 0.375430 0.01 0.01
0 1.420245 0.390245 0.01 0.01
0 1.481727 0.380615 0.01 0.01
0 1.475060 0.368023 0.01 0.01
0 1.460986 0.354690 0.01 0.01
0 1.485430 0.356912 0.01 0.01
0 1.489134 0.338393 0.01 0.01
0 1.482467 0.324319 0.01 0.01
0 1.475060 0.328764 0.01 0.01
0 1.494319 0.317653 0.01 0.01
0 1.509134 0.306541 0.01 0.01
0 1.503208 0.335430 0.01 0.01
0 1.509134 0.366541 0.01 0.01
0 1.542467 0.340615 0.01 0.01
0 1.530615 0.326541 0.01 0.01
0 1.523208 0.502097 0.01 0.01
0 1.541912 0.324967 0.01 0.01
0 1.556727 0.319967 0.01 0.01
0 1.555986 0.309227 0.01 0.01
0 1.576171 0.340338 0.01 0.01
0 1.567282 0.330708 0.01 0.01
0 1.567653 0.318115 0.01 0.01
0 1.582838 0.314967 0.01 0.01
0 1.569690 0.302745 0.01 0.01
0 1.587467 0.292745 0.01 0.01
0 1.427653 0.268393 0.01 0.01
0 1.578949 0.292004 0.01 0.01
0 1.552282 0.332745 0.01 0.01
0 1.513208 0.350523 0.01 0.01
0 1.522097 0.599319 0.01 0.01
0 1.576171 0.572653 0.01 0.01
0 1.596848 0.348497 0.01 0.01
0 1.590455 0.310135 0.01 0.01
0 1.586059 0.301744 0.01 0.01
0 1.599246 0.298946 0.01 0.01
0 1.408637 0.292553 0.01 0.01
0 1.329915 0.316928 0.01 0.01
0 1.328317 0.324920 0.01 0.01
0 1.390255 0.324121 0.01 0.01
0 0.869141 0.365128 0.01 0.01
