0 0.125650 0.886699 0.01 0.01
0 0.161071 0.895132 0.01 0.01
0 0.260586 0.825977 0.01 0.01
0 0.169504 0.793930 0.01 0.01
0 0.144204 0.728148 0.01 0.01
0 0.059868 0.729835 0.01 0.01
0 0.048061 0.608392 0.01 0.01
0 0.063242 0.566224 0.01 0.01
0 0.100349 0.598272 0.01 0.01
0 0.167818 0.598272 0.01 0.01
0 0.161071 0.551044 0.01 0.01
0 0.150950 0.488636 0.01 0.01
0 0.064928 0.257556 0.01 0.01
0 0.086855 0.132740 0.01 0.01
0 0.110469 0.097319 0.01 0.01
0 0.189745 0.134427 0.01 0.01
0 0.530460 0.006237 0.01 0.01
0 0.626602 0.063585 0.01 0.01
0 0.704191 0.068645 0.01 0.01
0 1.087074 0.087199 0.01 0.01
0 1.114061 0.124306 0.01 0.01
0 1.188276 0.156354 0.01 0.01
0 1.247311 0.115873 0.01 0.01
0 1.289479 0.146234 0.01 0.01
0 1.267552 0.181655 0.01 0.01
0 1.328273 0.117560 0.01 0.01
0 1.316466 0.181655 0.01 0.01
0 1.402488 0.124306 0.01 0.01
0 1.378874 0.163101 0.01 0.01
0 1.380561 0.190088 0.01 0.01
0 1.412609 0.195148 0.01 0.01
0 1.453090 0.163101 0.01 0.01
0 1.478390 0.176594 0.01 0.01
0 1.537425 0.159727 0.01 0.01
0 1.584653 0.201895 0.01 0.01
0 1.589713 0.301411 0.01 0.01
0 1.586340 0.331772 0.01 0.01
0 1.589713 0.365506 0.01 0.01
0 1.576219 0.400927 0.01 0.01
0 1.527305 0.441408 0.01 0.01
0 1.464897 0.424541 0.01 0.01
0 1.429476 0.402613 0.01 0.01
0 1.373814 0.382373 0.01 0.01
0 1.362007 0.411047 0.01 0.01
0 1.299599 0.394180 0.01 0.01
0 1.228757 0.360446 0.01 0.01
0 1.164662 0.340205 0.01 0.01
0 1.203457 0.384060 0.01 0.01
0 1.135988 0.400927 0.01 0.01
0 1.105628 0.402613 0.01 0.01
0 1.176469 0.449841 0.01 0.01
0 1.213577 0.449841 0.01 0.01
0 1.279359 0.459961 0.01 0.01
0 1.351887 0.453215 0.01 0.01
0 1.517185 0.518996 0.01 0.01
0 1.496944 0.557791 0.01 0.01
0 1.383935 0.605018 0.01 0.01
0 1.375501 0.557791 0.01 0.01
0 1.304659 0.522370 0.01 0.01
0 1.198397 0.486949 0.01 0.01
0 1.164662 0.510563 0.01 0.01
0 1.093821 0.490322 0.01 0.01
0 1.055026 0.453215 0.01 0.01
0 0.974064 0.453215 0.01 0.01
0 0.829007 0.355386 0.01 0.01
0 0.695757 0.265990 0.01 0.01
0 0.640096 0.274424 0.01 0.01
0 0.479859 0.233943 0.01 0.01
0 0.410704 0.227196 0.01 0.01
0 0.356729 0.235629 0.01 0.01
0 0.252153 0.289604 0.01 0.01
0 0.203238 0.281170 0.01 0.01
0 0.115530 0.252496 0.01 0.01
0 0.144204 0.277797 0.01 0.01
0 0.061555 0.296351 0.01 0.01
0 0.088542 0.345265 0.01 0.01
0 0.019387 0.370566 0.01 0.01
0 0.048061 0.357072 0.01 0.01
0 0.053121 0.422854 0.01 0.01
0 0.022761 0.454901 0.01 0.01
0 0.066615 0.470082 0.01 0.01
0 0.150950 0.436348 0.01 0.01
0 0.145890 0.346952 0.01 0.01
0 0.209985 0.365506 0.01 0.01
0 0.285887 0.333458 0.01 0.01
0 0.294321 0.360446 0.01 0.01
0 0.329742 0.441408 0.01 0.01
0 0.267333 0.449841 0.01 0.01
0 0.248780 0.426227 0.01 0.01
0 1.463210 0.601645 0.01 0.01
0 1.417669 0.518996 0.01 0.01
0 1.454776 0.470082 0.01 0.01
0 1.500318 0.655620 0.01 0.01
0 1.362007 0.687667 0.01 0.01
0 1.287792 0.571284 0.01 0.01
0 1.254058 0.594898 0.01 0.01
0 1.220324 0.549357 0.01 0.01
0 1.183216 0.574658 0.01 0.01
0 1.154542 0.625259 0.01 0.01
0 1.179843 0.657306 0.01 0.01
0 1.274299 0.667427 0.01 0.01
0 1.304659 0.748389 0.01 0.01
0 1.448030 0.750075 0.01 0.01
0 1.555979 0.901879 0.01 0.01
0 1.522245 1.004768 0.01 0.01
0 1.417669 0.896819 0.01 0.01
0 1.377188 0.998022 0.01 0.01
0 1.265865 1.018262 0.01 0.01
0 1.120808 0.908626 0.01 0.01
0 1.169723 0.824291 0.01 0.01
0 1.152855 0.746702 0.01 0.01
0 1.102254 0.699474 0.01 0.01
0 1.049966 0.625259 0.01 0.01
0 1.009485 0.574658 0.01 0.01
0 0.985871 0.537550 0.01 0.01
0 0.911656 0.518996 0.01 0.01
0 0.869488 0.486949 0.01 0.01
0 0.877922 0.443094 0.01 0.01
0 0.496726 0.942360 0.01 0.01
0 0.547327 1.004768 0.01 0.01
0 0.731178 0.982841 0.01 0.01
0 0.857681 0.981155 0.01 0.01
0 0.837441 0.861398 0.01 0.01
0 0.709251 0.885012 0.01 0.01
0 0.751419 0.753449 0.01 0.01
0 0.812140 0.729835 0.01 0.01
0 0.758166 0.689354 0.01 0.01
0 0.790213 0.657306 0.01 0.01
0 0.849248 0.640439 0.01 0.01
0 0.926836 0.652246 0.01 0.01
0 0.893102 0.711281 0.01 0.01
0 0.999365 0.726461 0.01 0.01
0 0.979124 0.809110 0.01 0.01
0 0.979124 0.876579 0.01 0.01
0 1.056713 0.861398 0.01 0.01
0 0.653590 0.932240 0.01 0.01
0 0.542267 0.852965 0.01 0.01
0 0.570941 0.772003 0.01 0.01
0 0.483232 0.760196 0.01 0.01
0 0.484919 0.829351 0.01 0.01
0 0.407330 0.777063 0.01 0.01
0 0.409017 0.746702 0.01 0.01
0 0.311188 0.734895 0.01 0.01
0 0.527086 0.502129 0.01 0.01
0 0.478172 0.515623 0.01 0.01
0 0.537207 0.443094 0.01 0.01
0 0.464678 0.352012 0.01 0.01
0 0.430944 0.340205 0.01 0.01
0 0.461305 0.298037 0.01 0.01
0 0.409017 0.304784 0.01 0.01
0 0.360102 0.308158 0.01 0.01
0 0.336488 0.328398 0.01 0.01
0 0.344922 0.387433 0.01 0.01
0 0.247093 0.625259 0.01 0.01
0 0.257213 0.551044 0.01 0.01
0 0.231912 0.492009 0.01 0.01
0 0.331428 0.518996 0.01 0.01
0 0.376969 0.490322 0.01 0.01
0 0.402270 0.518996 0.01 0.01
0 0.339862 0.584778 0.01 0.01
0 0.385403 0.596585 0.01 0.01
0 0.294321 0.633693 0.01 0.01
0 0.007580 0.847905 0.01 0.01
0 0.088542 1.026696 0.01 0.01
0 0.044688 0.944047 0.01 0.01
0 0.302754 0.871518 0.01 0.01
0 0.398897 0.950794 0.01 0.01
0 0.397210 0.885012 0.01 0.01
0 0.380343 1.035129 0.01 0.01
0 0.579374 0.583091 0.01 0.01
0 0.597928 0.601645 0.01 0.01
0 0.663710 0.557791 0.01 0.01
0 0.668770 0.616825 0.01 0.01
0 0.670457 0.692727 0.01 0.01
0 0.734552 0.601645 0.01 0.01
0 0.776719 0.572971 0.01 0.01
0 0.729492 0.524056 0.01 0.01
0 0.710938 0.486949 0.01 0.01
0 0.700818 0.441408 0.01 0.01
0 0.756479 0.323338 0.01 0.01
0 0.800333 0.411047 0.01 0.01
0 0.795273 0.488636 0.01 0.01
0 0.839128 0.534177 0.01 0.01
0 0.840814 0.569598 0.01 0.01
0 0.609735 0.723088 0.01 0.01
0 0.520340 0.699474 0.01 0.01
0 0.451185 0.557791 0.01 0.01
0 0.523713 0.389120 0.01 0.01
0 0.530460 0.336832 0.01 0.01
0 0.572628 0.402613 0.01 0.01
0 0.589495 0.325025 0.01 0.01
0 0.560821 0.306471 0.01 0.01
0 0.700818 0.365506 0.01 0.01
0 0.660336 0.340205 0.01 0.01
0 0.665397 0.473455 0.01 0.01
0 0.618169 0.495382 0.01 0.01
0 0.618169 0.448155 0.01 0.01
0 0.510219 0.441408 0.01 0.01
0 0.451185 0.414420 0.01 0.01
0 0.385403 0.387433 0.01 0.01
0 0.405643 0.368879 0.01 0.01
0 0.414077 0.454901 0.01 0.01
0 0.748045 0.179968 0.01 0.01
0 0.822261 0.205268 0.01 0.01
0 0.523713 0.605018 0.01 0.01
0 0.474799 0.581405 0.01 0.01
0 1.031412 0.237316 0.01 0.01
0 1.075267 0.345265 0.01 0.01
0 0.068302 0.498756 0.01 0.01
0 0.274080 0.783810 0.01 0.01
0 0.253840 0.723088 0.01 0.01
0 0.208299 0.669113 0.01 0.01
0 0.137457 0.680920 0.01 0.01
0 0.668770 0.783810 0.01 0.01
0 1.505378 0.390806 0.01 0.01
0 0.623229 0.389120 0.01 0.01
0 0.091916 0.394180 0.01 0.01
0 0.929804 0.572494 0.01 0.01
