0 0.184945 0.707428 0.01 0.01
0 0.202150 0.591690 0.01 0.01
0 0.427370 0.609676 0.01 0.01
0 0.475855 0.757476 0.01 0.01
0 0.600977 0.535385 0.01 0.01
0 0.518865 0.563537 0.01 0.01
0 0.336656 0.506450 0.01 0.01
0 0.255327 0.510360 0.01 0.01
0 0.152101 0.691005 0.01 0.01
0 0.070380 0.481263 0.01 0.01
0 0.151710 0.443726 0.01 0.01
0 0.217399 0.457803 0.01 0.01
0 0.342521 0.424958 0.01 0.01
0 0.416031 0.476571 0.01 0.01
0 0.764809 0.734635 0.01 0.01
0 0.858650 0.794068 0.01 0.01
0 0.872727 0.615769 0.01 0.01
0 0.952492 0.586053 0.01 0.01
0 1.035385 0.681458 0.01 0.01
0 1.177712 0.720559 0.01 0.01
0 1.274682 0.787812 0.01 0.01
0 1.485825 0.612641 0.01 0.01
0 1.454545 0.908242 0.01 0.01
0 1.592179 0.623589 0.01 0.01
0 1.532746 0.509415 0.01 0.01
0 1.437340 0.504723 0.01 0.01
0 1.481133 0.424958 0.01 0.01
0 1.520234 0.415574 0.01 0.01
0 1.562463 0.446854 0.01 0.01
0 1.543694 0.421830 0.01 0.01
0 1.484261 0.504723 0.01 0.01
0 1.321602 0.528184 0.01 0.01
0 1.260605 0.534440 0.01 0.01
0 1.207428 0.484391 0.01 0.01
0 1.254349 0.443726 0.01 0.01
0 1.151123 0.429650 0.01 0.01
0 0.854740 0.338741 0.01 0.01
0 0.828934 0.325838 0.01 0.01
0 0.870771 0.308633 0.01 0.01
0 0.883675 0.307851 0.01 0.01
0 0.889540 0.334440 0.01 0.01
0 0.969696 0.295339 0.01 0.01
0 0.990811 0.301204 0.01 0.01
0 1.012707 0.322319 0.01 0.01
0 1.048680 0.303550 0.01 0.01
0 1.071358 0.310588 0.01 0.01
0 0.816422 0.309024 0.01 0.01
0 0.787096 0.324274 0.01 0.01
0 0.750341 0.329748 0.01 0.01
0 0.774975 0.280481 0.01 0.01
0 0.739784 0.294166 0.01 0.01
0 0.762463 0.291429 0.01 0.01
0 0.720625 0.285564 0.01 0.01
0 0.711241 0.308633 0.01 0.01
0 0.694427 0.322710 0.01 0.01
0 0.700292 0.339523 0.01 0.01
0 0.715542 0.370804 0.01 0.01
0 0.782795 0.380579 0.01 0.01
0 0.763245 0.370413 0.01 0.01
0 0.916519 0.303550 0.01 0.01
0 0.896969 0.290647 0.01 0.01
0 0.592766 0.468751 0.01 0.01
0 0.645943 0.419484 0.01 0.01
0 0.734310 0.435124 0.01 0.01
0 0.780449 0.444508 0.01 0.01
0 0.493450 0.428086 0.01 0.01
0 0.548191 0.377255 0.01 0.01
0 0.507526 0.319386 0.01 0.01
0 0.516128 0.367871 0.01 0.01
0 0.573997 0.326424 0.01 0.01
0 0.597458 0.300618 0.01 0.01
0 0.624046 0.289670 0.01 0.01
0 0.645943 0.291234 0.01 0.01
0 0.676441 0.306092 0.01 0.01
0 0.771065 0.313130 0.01 0.01
0 0.848484 0.288106 0.01 0.01
0 0.791397 0.295926 0.01 0.01
0 1.119061 0.313130 0.01 0.01
0 1.096382 0.345193 0.01 0.01
0 1.060410 0.342847 0.01 0.01
0 1.021309 0.367871 0.01 0.01
0 1.062756 0.390549 0.01 0.01
0 1.151905 0.364743 0.01 0.01
0 1.125317 0.352231 0.01 0.01
0 1.173802 0.331898 0.01 0.01
0 1.251221 0.353795 0.01 0.01
0 1.229325 0.341283 0.01 0.01
0 1.254349 0.331898 0.01 0.01
0 1.207428 0.306092 0.01 0.01
0 0.995503 0.352231 0.01 0.01
0 0.961094 0.388203 0.01 0.01
0 0.929031 0.412446 0.01 0.01
0 0.860214 0.477353 0.01 0.01
0 1.043988 0.493775 0.01 0.01
0 0.967350 0.457803 0.01 0.01
0 1.259041 0.382729 0.01 0.01
0 1.115933 0.293580 0.01 0.01
0 1.080742 0.293580 0.01 0.01
0 0.575561 0.281067 0.01 0.01
0 0.580253 0.304528 0.01 0.01
0 0.688953 0.290452 0.01 0.01
0 0.814857 0.289670 0.01 0.01
0 0.798435 0.346757 0.01 0.01
0 1.133137 0.300618 0.01 0.01
0 1.096773 0.306678 0.01 0.01
0 1.151123 0.293775 0.01 0.01
0 1.325121 0.285564 0.01 0.01
0 1.335288 0.340305 0.01 0.01
0 1.331378 0.361028 0.01 0.01
0 1.332942 0.389181 0.01 0.01
0 1.392766 0.360246 0.01 0.01
0 1.410361 0.343042 0.01 0.01
0 1.382599 0.324665 0.01 0.01
0 1.441641 0.209709 0.01 0.01
0 1.289149 0.347343 0.01 0.01
0 1.266470 0.294948 0.01 0.01
0 1.329031 0.316845 0.01 0.01
0 1.459237 0.321732 0.01 0.01
0 1.587487 0.368653 0.01 0.01
0 1.382599 0.418702 0.01 0.01
0 1.305962 0.435906 0.01 0.01
0 1.334115 0.443726 0.01 0.01
0 1.324730 0.484391 0.01 0.01
0 0.802345 0.548516 0.01 0.01
0 0.103225 0.307656 0.01 0.01
0 0.132942 0.315476 0.01 0.01
0 0.182990 0.349885 0.01 0.01
0 0.262756 0.351449 0.01 0.01
0 0.281524 0.393677 0.01 0.01
0 0.222091 0.373345 0.01 0.01
0 0.123557 0.410882 0.01 0.01
0 0.028152 0.417138 0.01 0.01
0 0.067252 0.365525 0.01 0.01
0 0.034408 0.329552 0.01 0.01
0 0.386314 0.349885 0.01 0.01
0 0.323753 0.338936 0.01 0.01
0 0.333137 0.317040 0.01 0.01
0 0.356597 0.299836 0.01 0.01
0 0.472336 0.371781 0.01 0.01
0 0.412902 0.417138 0.01 0.01
0 0.441055 0.376473 0.01 0.01
0 0.339393 0.371781 0.01 0.01
0 0.159530 0.332680 0.01 0.01
0 0.093841 0.382729 0.01 0.01
0 0.394134 0.312348 0.01 0.01
0 0.234994 0.319777 0.01 0.01
0 0.315542 0.305701 0.01 0.01
0 0.541544 0.312739 0.01 0.01
0 0.483675 0.312739 0.01 0.01
0 0.465688 0.301791 0.01 0.01
0 0.638513 0.345584 0.01 0.01
0 0.603323 0.372954 0.01 0.01
0 0.187292 0.314303 0.01 0.01
0 0.216226 0.300227 0.01 0.01
0 0.080938 0.323687 0.01 0.01
0 0.815640 0.358878 0.01 0.01
0 0.921993 0.283805 0.01 0.01
0 0.986118 0.274420 0.01 0.01
0 0.948582 0.318213 0.01 0.01
0 0.769501 0.341674 0.01 0.01
0 0.753078 0.357314 0.01 0.01
0 0.575561 0.349494 0.01 0.01
0 1.373606 0.310002 0.01 0.01
0 1.402541 0.288106 0.01 0.01
0 1.408797 0.286542 0.01 0.01
0 1.419745 0.300618 0.01 0.01
0 1.429129 0.295926 0.01 0.01
0 1.538611 0.300618 0.01 0.01
0 1.538611 0.300618 0.01 0.01
0 1.545649 0.327206 0.01 0.01
0 1.594134 0.306874 0.01 0.01
0 1.591788 0.277157 0.01 0.01
0 1.506549 0.288106 0.01 0.01
0 1.488562 0.300618 0.01 0.01
0 1.162463 0.299836 0.01 0.01
0 1.164809 0.284978 0.01 0.01
0 1.354056 0.294362 0.01 0.01
0 1.336070 0.264645 0.01 0.01
0 1.182013 0.404626 0.01 0.01
0 1.353274 0.366307 0.01 0.01
0 1.372042 0.342847 0.01 0.01
0 1.573802 0.294362 0.01 0.01
0 1.540957 0.274029 0.01 0.01
0 0.450439 0.288888 0.01 0.01
0 0.839882 0.274811 0.01 0.01
0 0.857086 0.270119 0.01 0.01
0 0.872727 0.270119 0.01 0.01
0 0.625610 0.648614 0.01 0.01
0 0.256500 0.301400 0.01 0.01
0 0.025024 0.839425 0.01 0.01
0 0.366924 0.313165 0.01 0.01
0 0.296658 0.320114 0.01 0.01
0 0.553784 0.337874 0.01 0.01
0 0.439506 0.323975 0.01 0.01
0 0.432557 0.303899 0.01 0.01
0 0.434101 0.293089 0.01 0.01
0 0.321367 0.291545 0.01 0.01
0 0.349937 0.337102 0.01 0.01
0 0.369240 0.372621 0.01 0.01
0 0.155355 0.310849 0.01 0.01
0 0.148406 0.372621 0.01 0.01
0 0.137596 0.351000 0.01 0.01
0 0.609379 0.320887 0.01 0.01
0 0.738328 0.310849 0.01 0.01
0 0.663429 0.303899 0.01 0.01
0 0.561506 0.280735 0.01 0.01
0 0.561506 0.293089 0.01 0.01
0 0.523670 0.293089 0.01 0.01
0 0.514404 0.284596 0.01 0.01
0 0.481974 0.287684 0.01 0.01
0 0.467303 0.286140 0.01 0.01
0 0.418658 0.280735 0.01 0.01
0 0.400126 0.280735 0.01 0.01
0 0.390088 0.293089 0.01 0.01
0 0.366924 0.286140 0.01 0.01
0 0.339127 0.289228 0.01 0.01
0 0.665746 0.284596 0.01 0.01
0 0.641809 0.278418 0.01 0.01
0 0.542974 0.287684 0.01 0.01
0 0.685049 0.399646 0.01 0.01
0 0.240291 0.412000 0.01 0.01
0 0.203228 0.330925 0.01 0.01
0 0.221760 0.317026 0.01 0.01
0 0.500506 0.330925 0.01 0.01
0 0.499734 0.294634 0.01 0.01
0 0.497417 0.283051 0.01 0.01
0 0.377734 0.330925 0.01 0.01
0 0.413253 0.340190 0.01 0.01
0 0.228709 0.342507 0.01 0.01
0 0.117520 0.293089 0.01 0.01
0 0.149178 0.289228 0.01 0.01
0 0.171570 0.302355 0.01 0.01
0 0.188557 0.291545 0.01 0.01
0 0.287906 0.300352 0.01 0.01
0 0.300354 0.287363 0.01 0.01
0 0.238114 0.294398 0.01 0.01
0 0.275458 0.293316 0.01 0.01
0 0.283035 0.285198 0.01 0.01
0 0.412928 0.318753 0.01 0.01
0 0.052477 0.310094 0.01 0.01
0 0.066007 0.291692 0.01 0.01
0 0.154226 0.294940 0.01 0.01
0 0.205100 0.287904 0.01 0.01
0 0.071419 0.338778 0.01 0.01
0 0.439447 0.346355 0.01 0.01
0 1.086021 0.278875 0.01 0.01
0 1.077380 0.279835 0.01 0.01
0 1.065379 0.289917 0.01 0.01
0 1.056737 0.284156 0.01 0.01
0 1.020733 0.295677 0.01 0.01
0 1.021693 0.284636 0.01 0.01
0 1.040895 0.277915 0.01 0.01
0 1.181074 0.272634 0.01 0.01
0 1.187795 0.280795 0.01 0.01
0 1.202677 0.272154 0.01 0.01
0 1.212278 0.269274 0.01 0.01
0 1.216118 0.284156 0.01 0.01
0 1.179634 0.299518 0.01 0.01
0 1.126827 0.316320 0.01 0.01
0 1.150350 0.319680 0.01 0.01
0 1.146509 0.310559 0.01 0.01
0 1.208917 0.313920 0.01 0.01
0 1.223799 0.303838 0.01 0.01
0 1.004891 0.282716 0.01 0.01
0 0.950163 0.282236 0.01 0.01
0 0.939602 0.291357 0.01 0.01
0 0.898797 0.275995 0.01 0.01
0 0.889195 0.282716 0.01 0.01
0 0.940562 0.275515 0.01 0.01
0 0.904077 0.316320 0.01 0.01
0 1.266045 0.315360 0.01 0.01
0 1.307330 0.287516 0.01 0.01
0 1.289568 0.286076 0.01 0.01
0 1.306370 0.280795 0.01 0.01
0 1.313571 0.272634 0.01 0.01
0 1.302050 0.274074 0.01 0.01
0 1.279967 0.276475 0.01 0.01
0 1.252123 0.287996 0.01 0.01
0 1.224279 0.287516 0.01 0.01
0 1.236761 0.277435 0.01 0.01
0 1.323517 0.305117 0.01 0.01
0 1.351495 0.281056 0.01 0.01
0 1.344781 0.277139 0.01 0.01
0 1.359329 0.264829 0.01 0.01
0 1.382271 0.268186 0.01 0.01
0 1.394022 0.260912 0.01 0.01
0 1.390665 0.269305 0.01 0.01
0 1.408011 0.276020 0.01 0.01
0 1.415845 0.277699 0.01 0.01
0 1.425358 0.279377 0.01 0.01
0 1.487470 0.283294 0.01 0.01
0 1.493065 0.279937 0.01 0.01
0 1.509293 0.269865 0.01 0.01
0 1.516567 0.276020 0.01 0.01
0 1.532794 0.269865 0.01 0.01
0 1.288265 0.305117 0.01 0.01
0 1.133825 0.281056 0.01 0.01
0 1.140540 0.275460 0.01 0.01
0 1.370521 0.291688 0.01 0.01
0 1.350936 0.311832 0.01 0.01
0 1.355412 0.335334 0.01 0.01
0 1.509852 0.380099 0.01 0.01
0 1.581476 0.396326 0.01 0.01
0 1.563570 0.315749 0.01 0.01
0 1.556855 0.298402 0.01 0.01
0 1.567487 0.286652 0.01 0.01
0 1.560772 0.269305 0.01 0.01
0 1.580357 0.276020 0.01 0.01
0 1.508173 0.323583 0.01 0.01
0 1.510412 0.309594 0.01 0.01
0 1.494744 0.330298 0.01 0.01
0 1.419203 0.324142 0.01 0.01
0 1.431513 0.340370 0.01 0.01
0 1.092977 0.427662 0.01 0.01
0 1.114800 0.388492 0.01 0.01
0 1.094656 0.387373 0.01 0.01
0 1.128229 0.326381 0.01 0.01
0 1.138302 0.329179 0.01 0.01
0 1.100251 0.286652 0.01 0.01
0 1.197056 0.351002 0.01 0.01
0 0.799570 0.281261 0.01 0.01
0 0.869531 0.284322 0.01 0.01
0 0.934682 0.276451 0.01 0.01
0 0.621170 0.310994 0.01 0.01
0 0.636912 0.302686 0.01 0.01
0 0.643908 0.299626 0.01 0.01
0 0.628604 0.317990 0.01 0.01
0 0.646094 0.403692 0.01 0.01
0 0.747974 0.408065 0.01 0.01
0 0.862535 0.375708 0.01 0.01
0 0.899265 0.299626 0.01 0.01
0 0.145454 0.504723 0.01 0.01
0 0.913391 0.356141 0.01 0.01
0 0.961876 0.349885 0.01 0.01
0 0.229332 0.288098 0.01 0.01
0 0.593054 0.279343 0.01 0.01
0 0.606584 0.276159 0.01 0.01
0 0.626481 0.272976 0.01 0.01
0 0.659113 0.273772 0.01 0.01
0 0.682990 0.275363 0.01 0.01
0 0.703683 0.276955 0.01 0.01
0 0.758599 0.275363 0.01 0.01
0 0.795210 0.273772 0.01 0.01
0 0.817495 0.273772 0.01 0.01
0 0.913002 0.277751 0.01 0.01
0 0.907431 0.272976 0.01 0.01
0 0.897084 0.268200 0.01 0.01
0 0.955184 0.272976 0.01 0.01
0 0.968714 0.263425 0.01 0.01
0 0.966326 0.270588 0.01 0.01
0 1.006917 0.268200 0.01 0.01
0 1.018855 0.271384 0.01 0.01
0 1.034773 0.267404 0.01 0.01
0 1.041936 0.268200 0.01 0.01
0 1.047507 0.264221 0.01 0.01
0 1.050691 0.276159 0.01 0.01
0 1.061037 0.276159 0.01 0.01
0 1.090485 0.275363 0.01 0.01
0 1.104811 0.275363 0.01 0.01
0 1.116750 0.276955 0.01 0.01
0 1.154156 0.274567 0.01 0.01
0 1.164503 0.273772 0.01 0.01
0 1.268765 0.266609 0.01 0.01
