0 1.507557 0.730729 0.01 0.01
0 1.448164 0.484160 0.01 0.01
0 1.458963 0.336578 0.01 0.01
0 1.509356 0.183597 0.01 0.01
0 1.291584 0.253788 0.01 0.01
0 1.264587 0.365374 0.01 0.01
0 1.295183 0.494958 0.01 0.01
0 1.127804 0.583147 0.01 0.01
0 0.965824 0.620943 0.01 0.01
0 0.757050 0.590346 0.01 0.01
0 0.775048 0.449964 0.01 0.01
0 0.611269 0.498558 0.01 0.01
0 0.519480 0.498558 0.01 0.01
0 0.456488 0.570549 0.01 0.01
0 0.389896 0.619143 0.01 0.01
0 0.431291 0.383372 0.01 0.01
0 0.470886 0.275386 0.01 0.01
0 0.568074 0.291584 0.01 0.01
0 0.692259 0.329379 0.01 0.01
0 0.764250 0.284385 0.01 0.01
0 0.861437 0.246589 0.01 0.01
0 0.913631 0.302382 0.01 0.01
0 0.965824 0.368974 0.01 0.01
0 1.030616 0.381572 0.01 0.01
0 1.170999 0.322180 0.01 0.01
0 1.280785 0.178198 0.01 0.01
0 1.181797 0.170999 0.01 0.01
0 1.095408 0.230391 0.01 0.01
0 1.131404 0.086409 0.01 0.01
0 1.214193 0.036016 0.01 0.01
0 1.147602 0.016218 0.01 0.01
0 1.001820 0.079210 0.01 0.01
0 0.955026 0.010819 0.01 0.01
0 0.935228 0.019818 0.01 0.01
0 0.946027 0.099008 0.01 0.01
0 0.910031 0.113406 0.01 0.01
0 0.838040 0.095408 0.01 0.01
0 0.845239 0.039615 0.01 0.01
0 0.793046 0.075611 0.01 0.01
0 0.839840 0.172799 0.01 0.01
0 0.708457 0.239390 0.01 0.01
0 0.710256 0.187197 0.01 0.01
0 0.771449 0.118805 0.01 0.01
0 0.721055 0.084610 0.01 0.01
0 0.681460 0.111606 0.01 0.01
0 0.658063 0.095408 0.01 0.01
0 0.748052 0.039615 0.01 0.01
0 0.712056 0.019818 0.01 0.01
0 0.578873 0.190796 0.01 0.01
0 0.611269 0.126004 0.01 0.01
0 0.573473 0.081010 0.01 0.01
0 0.602270 0.039615 0.01 0.01
0 0.564475 0.027017 0.01 0.01
0 0.586072 0.007219 0.01 0.01
0 0.532079 0.052214 0.01 0.01
0 0.515881 0.018018 0.01 0.01
0 0.501482 0.030616 0.01 0.01
0 0.478085 0.050414 0.01 0.01
0 0.460088 0.048614 0.01 0.01
0 0.454688 0.063012 0.01 0.01
0 0.418693 0.063012 0.01 0.01
0 0.425892 0.025217 0.01 0.01
0 0.553676 0.138603 0.01 0.01
0 0.510481 0.205194 0.01 0.01
0 0.476286 0.154801 0.01 0.01
0 0.197320 0.509356 0.01 0.01
0 0.199120 0.433766 0.01 0.01
0 0.343102 0.298783 0.01 0.01
0 0.361100 0.241190 0.01 0.01
0 0.339503 0.109806 0.01 0.01
0 0.308907 0.082810 0.01 0.01
0 0.290909 0.151201 0.01 0.01
0 0.226117 0.147602 0.01 0.01
0 0.204520 0.203395 0.01 0.01
0 0.164925 0.300583 0.01 0.01
0 0.127129 0.268187 0.01 0.01
0 0.062337 0.286184 0.01 0.01
0 0.065937 0.235791 0.01 0.01
0 0.044340 0.124205 0.01 0.01
0 0.080335 0.117006 0.01 0.01
0 0.116331 0.136803 0.01 0.01
0 0.152326 0.131404 0.01 0.01
0 0.031741 0.072011 0.01 0.01
0 0.112731 0.075611 0.01 0.01
0 0.170324 0.037815 0.01 0.01
0 0.209919 0.066612 0.01 0.01
0 0.222517 0.048614 0.01 0.01
0 0.235116 0.027017 0.01 0.01
0 0.260313 0.018018 0.01 0.01
0 0.035341 0.036016 0.01 0.01
0 0.092934 0.064812 0.01 0.01
0 0.335903 0.036016 0.01 0.01
0 0.352101 0.030616 0.01 0.01
0 0.316106 0.003620 0.01 0.01
0 0.289109 0.007219 0.01 0.01
0 0.685059 0.007219 0.01 0.01
0 0.654463 0.005419 0.01 0.01
0 0.640065 0.028817 0.01 0.01
0 0.645464 0.064812 0.01 0.01
0 0.377298 0.064812 0.01 0.01
0 0.359300 0.075611 0.01 0.01
0 0.148727 0.097208 0.01 0.01
0 0.096533 0.097208 0.01 0.01
0 0.024542 0.395971 0.01 0.01
0 0.280110 0.260988 0.01 0.01
0 1.072011 0.500358 0.01 0.01
0 0.463687 0.014418 0.01 0.01
0 0.391696 0.012619 0.01 0.01
0 0.281910 0.111606 0.01 0.01
0 0.224317 0.102607 0.01 0.01
0 0.121730 0.232191 0.01 0.01
0 0.159525 0.230391 0.01 0.01
0 1.082810 0.005419 0.01 0.01
0 0.090755 0.030765 0.01 0.01
0 0.133512 0.013582 0.01 0.01
0 0.183462 0.009985 0.01 0.01
0 0.157088 0.001194 0.01 0.01
0 0.231814 0.003192 0.01 0.01
0 0.376469 0.045550 0.01 0.01
0 0.393652 0.037158 0.01 0.01
0 0.236609 0.083112 0.01 0.01
0 0.282563 0.062333 0.01 0.01
0 0.259386 0.043552 0.01 0.01
0 0.295350 0.040755 0.01 0.01
0 0.290555 0.021574 0.01 0.01
0 0.020025 0.047548 0.01 0.01
0 0.004041 0.026769 0.01 0.01
0 0.021224 0.027168 0.01 0.01
0 0.774671 0.039156 0.01 0.01
0 0.760685 0.005190 0.01 0.01
0 0.783062 0.001993 0.01 0.01
0 0.900545 0.005590 0.01 0.01
0 1.023222 0.006789 0.01 0.01
0 0.756289 0.196599 0.01 0.01
0 1.249796 0.348996 0.01 0.01
0 0.842603 0.005740 0.01 0.01
0 0.336709 0.020924 0.01 0.01
0 0.614961 0.200580 0.01 0.01
0 0.684526 0.065462 0.01 0.01
0 0.151081 0.033355 0.01 0.01
0 0.130011 0.044392 0.01 0.01
0 0.072820 0.049743 0.01 0.01
0 0.320646 0.032352 0.01 0.01
0 0.054426 0.076499 0.01 0.01
0 0.014626 0.069476 0.01 0.01
0 0.004258 0.189543 0.01 0.01
0 0.020981 0.135362 0.01 0.01
0 0.076165 0.069309 0.01 0.01
0 0.145396 0.068640 0.01 0.01
0 0.164794 0.098406 0.01 0.01
0 0.244727 0.099075 0.01 0.01
0 0.260111 0.065295 0.01 0.01
0 0.722653 0.163121 0.01 0.01
0 0.898573 0.217302 0.01 0.01
0 1.027001 0.145061 0.01 0.01
0 1.109275 0.130345 0.01 0.01
0 0.621984 0.030513 0.01 0.01
0 0.625998 0.009108 0.01 0.01
0 0.613289 0.008105 0.01 0.01
0 0.806600 0.051248 0.01 0.01
0 0.819309 0.034192 0.01 0.01
0 0.379509 0.104426 0.01 0.01
0 0.210947 0.182018 0.01 0.01
0 0.275496 0.184359 0.01 0.01
0 0.382185 0.130847 0.01 0.01
0 0.392887 0.172319 0.01 0.01
0 0.448740 0.320981 0.01 0.01
