0 0.383655 0.745867 0.01 0.01
0 0.442641 0.609462 0.01 0.01
0 0.466605 0.544946 0.01 0.01
0 0.562457 0.509923 0.01 0.01
0 0.604853 0.697941 0.01 0.01
0 0.778125 0.519139 0.01 0.01
0 0.781812 0.474899 0.01 0.01
0 0.051858 0.465683 0.01 0.01
0 0.007618 0.616835 0.01 0.01
0 0.980890 0.474899 0.01 0.01
0 1.006697 0.487803 0.01 0.01
0 0.997480 0.432503 0.01 0.01
0 1.272134 0.609462 0.01 0.01
0 1.334807 0.685038 0.01 0.01
0 1.364300 0.340337 0.01 0.01
0 1.430660 0.259231 0.01 0.01
0 1.310844 0.238955 0.01 0.01
0 0.962457 0.275821 0.01 0.01
0 0.892411 0.251858 0.01 0.01
0 0.726512 0.213148 0.01 0.01
0 0.518217 0.250015 0.01 0.01
0 0.499784 0.279508 0.01 0.01
0 0.011305 0.178125 0.01 0.01
0 0.048171 0.167065 0.01 0.01
0 0.129277 0.135729 0.01 0.01
0 0.245406 0.124669 0.01 0.01
0 0.754162 0.194715 0.01 0.01
0 1.544946 0.226052 0.01 0.01
0 1.581812 0.214992 0.01 0.01
0 1.539416 0.191029 0.01 0.01
0 1.467526 0.159692 0.01 0.01
0 0.042641 0.135268 0.01 0.01
0 0.066605 0.107618 0.01 0.01
0 0.096098 0.088264 0.01 0.01
0 0.139416 0.064300 0.01 0.01
0 0.169830 0.080890 0.01 0.01
0 0.280429 0.089185 0.01 0.01
0 0.317296 0.121443 0.01 0.01
0 0.343102 0.118678 0.01 0.01
0 0.346789 0.011766 0.01 0.01
0 0.437111 0.058770 0.01 0.01
0 0.423287 0.029277 0.01 0.01
0 0.452780 0.018217 0.01 0.01
0 0.621443 0.180429 0.01 0.01
0 0.648171 0.142641 0.01 0.01
0 0.600245 0.121443 0.01 0.01
0 0.620522 0.067065 0.01 0.01
0 0.556005 0.037572 0.01 0.01
0 0.531121 0.050476 0.01 0.01
0 0.464761 0.021904 0.01 0.01
0 0.394715 0.015452 0.01 0.01
0 0.301628 0.021904 0.01 0.01
0 0.898863 0.233886 0.01 0.01
0 0.778125 0.161996 0.01 0.01
0 0.795637 0.113148 0.01 0.01
0 0.719139 0.075360 0.01 0.01
0 0.764300 0.076282 0.01 0.01
0 0.779047 0.039416 0.01 0.01
0 0.878586 0.067987 0.01 0.01
0 0.898863 0.056927 0.01 0.01
0 0.884116 0.028356 0.01 0.01
0 0.808540 0.005314 0.01 0.01
0 0.542641 0.003240 0.01 0.01
0 0.570291 0.002780 0.01 0.01
0 0.435268 0.018909 0.01 0.01
0 0.441259 0.045637 0.01 0.01
0 0.744485 0.005084 0.01 0.01
0 0.419600 0.009231 0.01 0.01
0 1.093333 0.252319 0.01 0.01
0 1.086881 0.187803 0.01 0.01
0 1.132042 0.199784 0.01 0.01
0 1.262918 0.206236 0.01 0.01
0 1.338494 0.177664 0.01 0.01
0 1.365222 0.164761 0.01 0.01
0 1.409462 0.174899 0.01 0.01
0 1.416835 0.079969 0.01 0.01
0 1.335729 0.054162 0.01 0.01
0 1.163379 0.090107 0.01 0.01
0 1.152319 0.083655 0.01 0.01
0 1.061075 0.108540 0.01 0.01
0 1.448171 0.029047 0.01 0.01
0 1.406697 0.028586 0.01 0.01
0 1.439876 0.019830 0.01 0.01
0 1.464761 0.012918 0.01 0.01
0 1.478125 0.017987 0.01 0.01
0 1.489646 0.036881 0.01 0.01
0 1.498402 0.022595 0.01 0.01
0 0.015786 0.005313 0.01 0.01
0 1.307269 0.099576 0.01 0.01
