0 0.165822 0.938338 0.01 0.01
0 0.241223 0.902622 0.01 0.01
0 0.201538 0.853016 0.01 0.01
0 0.048751 0.880795 0.01 0.01
0 0.032877 0.853016 0.01 0.01
0 0.040814 0.801425 0.01 0.01
0 0.110263 0.827221 0.01 0.01
0 0.201538 0.793488 0.01 0.01
0 0.243208 0.769677 0.01 0.01
0 0.272971 0.781583 0.01 0.01
0 0.161853 0.724040 0.01 0.01
0 0.112247 0.724040 0.01 0.01
0 0.056688 0.676418 0.01 0.01
0 0.356310 1.023661 0.01 0.01
0 0.419806 1.043504 0.01 0.01
0 0.372184 1.118905 0.01 0.01
0 0.538861 0.991913 0.01 0.01
0 0.634104 1.079220 0.01 0.01
0 0.338451 0.898653 0.01 0.01
0 0.425758 0.926433 0.01 0.01
0 0.457506 0.876827 0.01 0.01
0 0.423774 0.856984 0.01 0.01
0 0.401947 0.821268 0.01 0.01
0 0.322577 0.833173 0.01 0.01
0 0.384089 0.791504 0.01 0.01
0 0.348373 0.783567 0.01 0.01
0 0.445601 0.785551 0.01 0.01
0 0.503144 0.829205 0.01 0.01
0 0.532908 0.902622 0.01 0.01
0 0.578545 0.884764 0.01 0.01
0 0.548782 0.866905 0.01 0.01
0 0.626167 0.906590 0.01 0.01
0 0.697600 0.980008 0.01 0.01
0 0.715459 1.011756 0.01 0.01
0 0.899994 1.085173 0.01 0.01
0 0.866261 1.025645 0.01 0.01
0 0.909915 0.989929 0.01 0.01
0 0.822608 0.936354 0.01 0.01
0 0.735301 0.952228 0.01 0.01
0 0.786892 0.908575 0.01 0.01
0 0.880151 0.924449 0.01 0.01
0 0.981348 0.928417 0.01 0.01
0 1.038891 0.989929 0.01 0.01
0 1.050796 0.916512 0.01 0.01
0 1.132151 0.936354 0.01 0.01
0 1.219458 0.964134 0.01 0.01
0 1.239300 1.037551 0.01 0.01
0 1.292875 1.146684 0.01 0.01
0 1.364308 0.976039 0.01 0.01
0 1.453599 1.069299 0.01 0.01
0 1.552811 1.067315 0.01 0.01
0 1.459552 1.015724 0.01 0.01
0 1.491300 0.964134 0.01 0.01
0 1.582575 0.980008 0.01 0.01
0 1.592496 0.926433 0.01 0.01
0 1.568685 0.860953 0.01 0.01
0 1.511142 0.864921 0.01 0.01
0 1.511142 0.811347 0.01 0.01
0 1.425819 0.898653 0.01 0.01
0 1.453599 0.928417 0.01 0.01
0 1.372245 0.928417 0.01 0.01
0 1.288906 0.918496 0.01 0.01
0 1.269064 0.872858 0.01 0.01
0 1.336528 0.872858 0.01 0.01
0 1.374229 0.837142 0.01 0.01
0 1.431772 0.845079 0.01 0.01
0 0.240057 0.739914 0.01 0.01
0 0.235097 0.706181 0.01 0.01
0 0.270813 0.708166 0.01 0.01
0 0.315459 0.743882 0.01 0.01
0 0.358120 0.754795 0.01 0.01
0 0.401773 0.761740 0.01 0.01
0 0.496025 0.757772 0.01 0.01
0 0.546623 0.798449 0.01 0.01
0 0.474198 0.757772 0.01 0.01
0 0.488088 0.734953 0.01 0.01
0 0.539679 0.747851 0.01 0.01
0 0.580356 0.763725 0.01 0.01
0 0.595238 0.822260 0.01 0.01
0 0.635915 0.839126 0.01 0.01
0 0.669647 0.870874 0.01 0.01
0 0.683537 0.903614 0.01 0.01
0 0.754970 0.868890 0.01 0.01
0 0.725206 0.851032 0.01 0.01
0 0.699411 0.826228 0.01 0.01
0 0.668655 0.810354 0.01 0.01
0 0.637899 0.779599 0.01 0.01
0 0.664686 0.763725 0.01 0.01
0 0.612104 0.724040 0.01 0.01
0 0.692466 0.750827 0.01 0.01
0 0.585316 0.701221 0.01 0.01
0 0.572419 0.677410 0.01 0.01
0 0.615080 0.695268 0.01 0.01
0 0.500986 0.699237 0.01 0.01
0 0.450387 0.697252 0.01 0.01
0 0.422608 0.724040 0.01 0.01
0 0.370025 0.692292 0.01 0.01
0 0.342246 0.672449 0.01 0.01
0 0.326372 0.708166 0.01 0.01
0 0.282718 0.677410 0.01 0.01
0 0.236089 0.661536 0.01 0.01
0 0.204341 0.657567 0.01 0.01
0 0.141837 0.665504 0.01 0.01
0 0.137868 0.641693 0.01 0.01
0 0.089254 0.603001 0.01 0.01
0 0.075365 0.652607 0.01 0.01
0 0.030719 0.688323 0.01 0.01
0 0.228152 0.640701 0.01 0.01
0 0.258908 0.627804 0.01 0.01
0 0.245018 0.616890 0.01 0.01
0 0.289663 0.607961 0.01 0.01
0 0.317443 0.592087 0.01 0.01
0 0.358120 0.614906 0.01 0.01
0 0.329348 0.614906 0.01 0.01
0 0.304545 0.649630 0.01 0.01
0 0.365065 0.643678 0.01 0.01
0 0.393836 0.650622 0.01 0.01
0 0.455348 0.665504 0.01 0.01
0 0.470230 0.643678 0.01 0.01
0 0.417647 0.609945 0.01 0.01
0 0.411695 0.583158 0.01 0.01
0 0.440466 0.572245 0.01 0.01
0 0.488088 0.597048 0.01 0.01
0 0.494041 0.563316 0.01 0.01
0 0.465269 0.597048 0.01 0.01
0 0.475191 0.614906 0.01 0.01
0 0.511899 0.609945 0.01 0.01
0 0.506939 0.645662 0.01 0.01
0 0.565474 0.647646 0.01 0.01
0 0.540671 0.614906 0.01 0.01
0 0.520828 0.556371 0.01 0.01
0 0.547616 0.572245 0.01 0.01
0 0.590277 0.572245 0.01 0.01
0 0.639883 0.549426 0.01 0.01
0 0.622025 0.585142 0.01 0.01
0 0.624009 0.603993 0.01 0.01
0 0.607143 0.616890 0.01 0.01
0 0.585316 0.603001 0.01 0.01
0 0.574403 0.616890 0.01 0.01
0 0.616072 0.645662 0.01 0.01
0 0.642860 0.654591 0.01 0.01
0 0.674607 0.639709 0.01 0.01
0 0.641867 0.616890 0.01 0.01
0 0.653773 0.712134 0.01 0.01
0 0.674607 0.701221 0.01 0.01
0 0.688497 0.665504 0.01 0.01
0 0.712308 0.704197 0.01 0.01
0 0.671631 0.570260 0.01 0.01
0 0.692466 0.601016 0.01 0.01
0 0.534718 0.592087 0.01 0.01
0 0.615080 0.672449 0.01 0.01
0 0.711316 0.645662 0.01 0.01
0 0.733143 0.613914 0.01 0.01
0 0.712308 0.605977 0.01 0.01
0 0.753977 0.631772 0.01 0.01
0 0.779773 0.627804 0.01 0.01
0 0.767867 0.665504 0.01 0.01
0 0.742072 0.692292 0.01 0.01
0 0.786717 0.761740 0.01 0.01
0 0.713300 0.790512 0.01 0.01
0 0.765883 0.829205 0.01 0.01
0 0.784733 0.847063 0.01 0.01
0 0.863285 0.863929 0.01 0.01
0 0.890072 0.861945 0.01 0.01
0 0.923805 0.867898 0.01 0.01
0 0.971427 0.881787 0.01 0.01
0 1.059726 0.870874 0.01 0.01
0 0.988293 0.852024 0.01 0.01
0 1.046828 0.837142 0.01 0.01
0 0.842450 0.812339 0.01 0.01
0 0.824592 0.772654 0.01 0.01
0 0.881143 0.798449 0.01 0.01
0 0.900986 0.771662 0.01 0.01
0 0.865269 0.760748 0.01 0.01
0 0.912891 0.819284 0.01 0.01
0 0.939679 0.789520 0.01 0.01
0 0.895033 0.738921 0.01 0.01
0 0.922812 0.763725 0.01 0.01
0 0.966466 0.770669 0.01 0.01
0 1.025001 0.803410 0.01 0.01
0 1.077584 0.817299 0.01 0.01
0 1.035915 0.769677 0.01 0.01
0 1.090481 0.780591 0.01 0.01
0 1.155962 0.819284 0.01 0.01
0 1.130166 0.846071 0.01 0.01
0 1.190686 0.870874 0.01 0.01
0 1.132151 0.883772 0.01 0.01
0 1.220450 0.821268 0.01 0.01
0 1.279977 0.835158 0.01 0.01
0 1.285930 0.761740 0.01 0.01
0 1.266087 0.733961 0.01 0.01
0 1.219458 0.767693 0.01 0.01
0 1.216481 0.734953 0.01 0.01
0 1.208544 0.714118 0.01 0.01
0 1.256166 0.701221 0.01 0.01
0 1.273032 0.677410 0.01 0.01
0 1.246245 0.663520 0.01 0.01
0 1.162907 0.687331 0.01 0.01
0 1.202591 0.645662 0.01 0.01
0 1.168859 0.647646 0.01 0.01
0 1.240292 0.637725 0.01 0.01
0 1.128182 0.692292 0.01 0.01
0 1.124214 0.721063 0.01 0.01
0 1.130166 0.747851 0.01 0.01
0 1.140088 0.779599 0.01 0.01
0 1.232355 0.797457 0.01 0.01
0 1.090481 0.747851 0.01 0.01
0 1.032938 0.740906 0.01 0.01
0 1.046828 0.717095 0.01 0.01
0 1.066670 0.683363 0.01 0.01
0 1.083537 0.674433 0.01 0.01
0 1.122229 0.649630 0.01 0.01
0 1.075600 0.645662 0.01 0.01
0 1.010119 0.652607 0.01 0.01
0 0.988293 0.636733 0.01 0.01
0 0.961505 0.656575 0.01 0.01
0 0.986308 0.677410 0.01 0.01
0 0.981348 0.719079 0.01 0.01
0 0.921820 0.726024 0.01 0.01
0 0.935710 0.705189 0.01 0.01
0 0.953568 0.689315 0.01 0.01
0 0.924797 0.677410 0.01 0.01
0 0.906939 0.695268 0.01 0.01
0 0.891065 0.717095 0.01 0.01
0 0.857332 0.719079 0.01 0.01
0 0.821616 0.685347 0.01 0.01
0 0.790860 0.733961 0.01 0.01
0 0.790860 0.644670 0.01 0.01
0 0.812687 0.642685 0.01 0.01
0 0.844435 0.677410 0.01 0.01
0 0.856340 0.657567 0.01 0.01
0 0.856340 0.625819 0.01 0.01
0 0.821616 0.616890 0.01 0.01
0 0.785899 0.607961 0.01 0.01
0 0.758120 0.596056 0.01 0.01
0 0.887096 0.636733 0.01 0.01
0 0.899994 0.657567 0.01 0.01
0 0.899002 0.617882 0.01 0.01
0 0.919836 0.607961 0.01 0.01
0 0.943647 0.608953 0.01 0.01
0 0.876183 0.597048 0.01 0.01
0 1.053773 0.619867 0.01 0.01
0 1.112308 0.616890 0.01 0.01
0 0.996230 0.614906 0.01 0.01
0 0.963490 0.577205 0.01 0.01
0 0.977379 0.604985 0.01 0.01
0 1.030954 0.578197 0.01 0.01
0 1.030954 0.614906 0.01 0.01
0 1.197631 0.616890 0.01 0.01
0 1.166875 0.603993 0.01 0.01
0 1.153977 0.622843 0.01 0.01
0 1.146040 0.586134 0.01 0.01
0 1.200607 0.582166 0.01 0.01
0 1.218465 0.603993 0.01 0.01
0 1.275017 0.630780 0.01 0.01
0 1.308923 0.812339 0.01 0.01
0 1.325789 0.785551 0.01 0.01
0 1.338686 0.762732 0.01 0.01
0 1.366466 0.802417 0.01 0.01
0 1.377379 0.764717 0.01 0.01
0 1.422025 0.744874 0.01 0.01
0 1.433930 0.775630 0.01 0.01
0 1.429962 0.809362 0.01 0.01
0 1.481552 0.792496 0.01 0.01
0 1.566875 0.792496 0.01 0.01
0 1.567867 0.759756 0.01 0.01
0 1.577788 0.717095 0.01 0.01
0 1.586717 0.748843 0.01 0.01
0 1.516277 0.724040 0.01 0.01
0 1.544056 0.679394 0.01 0.01
0 1.521237 0.686339 0.01 0.01
0 1.483537 0.695268 0.01 0.01
0 1.456749 0.721063 0.01 0.01
0 1.473615 0.743882 0.01 0.01
0 1.494450 0.759756 0.01 0.01
0 1.589694 0.670465 0.01 0.01
0 1.577788 0.632764 0.01 0.01
0 1.587710 0.616890 0.01 0.01
0 1.567867 0.652607 0.01 0.01
0 1.521237 0.632764 0.01 0.01
0 1.550009 0.612922 0.01 0.01
0 1.537111 0.595064 0.01 0.01
0 1.571836 0.583158 0.01 0.01
0 1.488497 0.663520 0.01 0.01
0 1.448812 0.683363 0.01 0.01
0 1.446828 0.645662 0.01 0.01
0 1.407143 0.652607 0.01 0.01
0 1.457741 0.663520 0.01 0.01
0 1.469647 0.643678 0.01 0.01
0 1.410119 0.675426 0.01 0.01
0 1.388293 0.691300 0.01 0.01
0 1.389285 0.734953 0.01 0.01
0 1.337694 0.695268 0.01 0.01
0 1.325789 0.727016 0.01 0.01
0 1.297017 0.718087 0.01 0.01
0 1.299994 0.679394 0.01 0.01
0 1.318844 0.659552 0.01 0.01
0 1.320828 0.683363 0.01 0.01
0 1.300986 0.643678 0.01 0.01
0 1.333726 0.619867 0.01 0.01
0 1.371427 0.605977 0.01 0.01
0 1.361505 0.661536 0.01 0.01
0 1.402182 0.632764 0.01 0.01
0 1.426986 0.602008 0.01 0.01
0 1.326781 0.583158 0.01 0.01
0 1.307931 0.609945 0.01 0.01
0 1.263285 0.609945 0.01 0.01
0 1.266261 0.597048 0.01 0.01
0 1.270230 0.581174 0.01 0.01
0 1.291065 0.565300 0.01 0.01
0 1.489489 0.599032 0.01 0.01
0 1.397222 0.559347 0.01 0.01
0 1.407143 0.581174 0.01 0.01
0 1.462702 0.572245 0.01 0.01
0 1.448812 0.541489 0.01 0.01
0 1.474607 0.552402 0.01 0.01
0 1.407143 0.539505 0.01 0.01
0 1.384324 0.523631 0.01 0.01
0 1.368450 0.552402 0.01 0.01
0 1.335710 0.550418 0.01 0.01
0 1.254356 0.565300 0.01 0.01
0 1.265269 0.550418 0.01 0.01
0 1.218639 0.561331 0.01 0.01
0 1.530166 0.570260 0.01 0.01
0 1.516277 0.543473 0.01 0.01
0 1.484529 0.519662 0.01 0.01
0 1.578780 0.525615 0.01 0.01
0 1.558938 0.550418 0.01 0.01
0 1.544056 0.521646 0.01 0.01
0 1.549017 0.508749 0.01 0.01
0 1.528182 0.466087 0.01 0.01
0 1.311899 0.449221 0.01 0.01
0 1.344639 0.479977 0.01 0.01
0 1.320828 0.487914 0.01 0.01
0 1.286104 0.509741 0.01 0.01
0 1.309915 0.509741 0.01 0.01
0 1.381348 0.482954 0.01 0.01
0 1.369442 0.505772 0.01 0.01
0 1.300986 0.538512 0.01 0.01
0 1.339679 0.532560 0.01 0.01
0 1.415080 0.498827 0.01 0.01
0 1.441867 0.508749 0.01 0.01
0 1.458733 0.485930 0.01 0.01
0 1.471631 0.484938 0.01 0.01
0 1.489489 0.450213 0.01 0.01
0 1.473615 0.462119 0.01 0.01
0 1.461710 0.435332 0.01 0.01
0 1.514292 0.403584 0.01 0.01
0 1.510324 0.430371 0.01 0.01
0 1.539096 0.409536 0.01 0.01
0 1.576796 0.404576 0.01 0.01
0 1.561914 0.386717 0.01 0.01
0 1.566875 0.359930 0.01 0.01
0 1.511316 0.340088 0.01 0.01
0 1.531159 0.306355 0.01 0.01
0 1.580765 0.277584 0.01 0.01
0 1.585725 0.248812 0.01 0.01
0 1.539096 0.230954 0.01 0.01
0 1.541080 0.263694 0.01 0.01
0 1.492466 0.235915 0.01 0.01
0 1.489489 0.198214 0.01 0.01
0 1.433930 0.258733 0.01 0.01
0 1.461710 0.331159 0.01 0.01
0 1.472623 0.347033 0.01 0.01
0 1.450796 0.377788 0.01 0.01
0 1.526198 0.370843 0.01 0.01
0 1.497426 0.404576 0.01 0.01
0 1.571836 0.474024 0.01 0.01
0 1.551993 0.489898 0.01 0.01
0 1.551993 0.474024 0.01 0.01
0 1.552985 0.454182 0.01 0.01
0 1.559930 0.445253 0.01 0.01
0 1.498418 0.502796 0.01 0.01
0 1.473615 0.388702 0.01 0.01
0 1.449804 0.404576 0.01 0.01
0 1.414088 0.397631 0.01 0.01
0 1.429962 0.379773 0.01 0.01
0 1.410119 0.375804 0.01 0.01
0 1.432938 0.348025 0.01 0.01
0 1.448812 0.331159 0.01 0.01
0 1.383332 0.335127 0.01 0.01
0 1.389285 0.361914 0.01 0.01
0 1.376387 0.370843 0.01 0.01
0 1.367458 0.363899 0.01 0.01
0 1.333726 0.344056 0.01 0.01
0 1.331742 0.308340 0.01 0.01
0 1.312891 0.322229 0.01 0.01
0 1.354560 0.349017 0.01 0.01
0 1.416072 0.417473 0.01 0.01
0 1.431946 0.431363 0.01 0.01
0 1.441867 0.445253 0.01 0.01
0 1.432938 0.460135 0.01 0.01
0 1.421033 0.469064 0.01 0.01
0 1.392261 0.455174 0.01 0.01
0 1.401190 0.444261 0.01 0.01
0 1.384324 0.427395 0.01 0.01
0 1.355553 0.444261 0.01 0.01
0 1.337694 0.433347 0.01 0.01
0 1.330749 0.406560 0.01 0.01
0 1.348608 0.386717 0.01 0.01
0 1.364482 0.399615 0.01 0.01
0 1.377379 0.402591 0.01 0.01
0 1.314876 0.388702 0.01 0.01
0 1.310907 0.354970 0.01 0.01
0 1.293049 0.348025 0.01 0.01
0 1.278167 0.331159 0.01 0.01
0 1.279159 0.375804 0.01 0.01
0 1.298009 0.433347 0.01 0.01
0 1.260309 0.449221 0.01 0.01
0 1.270230 0.433347 0.01 0.01
0 1.278167 0.399615 0.01 0.01
0 1.280151 0.422434 0.01 0.01
0 1.395238 0.218056 0.01 0.01
0 1.367458 0.265678 0.01 0.01
0 1.330749 0.249804 0.01 0.01
0 1.322812 0.234923 0.01 0.01
0 1.286104 0.198214 0.01 0.01
0 1.259317 0.196230 0.01 0.01
0 1.279159 0.247820 0.01 0.01
0 1.248403 0.250796 0.01 0.01
0 1.251380 0.283537 0.01 0.01
0 1.267254 0.290481 0.01 0.01
0 1.196813 0.255757 0.01 0.01
0 1.194829 0.221033 0.01 0.01
0 1.191852 0.202182 0.01 0.01
0 1.162088 0.266670 0.01 0.01
0 1.153159 0.203175 0.01 0.01
0 1.106529 0.158529 0.01 0.01
0 1.080734 0.177379 0.01 0.01
0 1.056923 0.176387 0.01 0.01
0 1.055931 0.230954 0.01 0.01
0 1.093632 0.227978 0.01 0.01
0 1.102561 0.212104 0.01 0.01
0 1.087679 0.252781 0.01 0.01
0 1.141254 0.308340 0.01 0.01
0 0.978545 0.198214 0.01 0.01
0 1.034104 0.225993 0.01 0.01
0 1.011286 0.275600 0.01 0.01
0 0.954735 0.221033 0.01 0.01
0 0.911081 0.218056 0.01 0.01
0 0.890246 0.266670 0.01 0.01
0 0.877349 0.211112 0.01 0.01
0 0.847585 0.215080 0.01 0.01
0 0.812861 0.222025 0.01 0.01
0 1.339679 0.071718 0.01 0.01
0 1.391269 0.026080 0.01 0.01
0 1.498418 0.070726 0.01 0.01
0 1.521237 0.136206 0.01 0.01
0 1.211695 0.515198 0.01 0.01
0 1.228561 0.496347 0.01 0.01
0 1.259317 0.513213 0.01 0.01
0 1.244435 0.472536 0.01 0.01
0 1.269238 0.473528 0.01 0.01
0 1.289080 0.482457 0.01 0.01
0 1.232529 0.458646 0.01 0.01
0 1.220624 0.439796 0.01 0.01
0 1.200781 0.416977 0.01 0.01
0 1.227569 0.396143 0.01 0.01
0 1.203758 0.363403 0.01 0.01
0 1.219632 0.362410 0.01 0.01
0 1.250387 0.338599 0.01 0.01
0 1.232529 0.339592 0.01 0.01
0 1.212687 0.328678 0.01 0.01
0 1.200781 0.341576 0.01 0.01
0 1.180939 0.356458 0.01 0.01
0 1.137285 0.339592 0.01 0.01
0 1.150183 0.366379 0.01 0.01
0 1.138277 0.354473 0.01 0.01
0 1.151175 0.380269 0.01 0.01
0 1.142246 0.404080 0.01 0.01
0 1.184907 0.401103 0.01 0.01
0 1.156136 0.422930 0.01 0.01
0 1.179947 0.439796 0.01 0.01
0 1.200781 0.454678 0.01 0.01
0 1.177962 0.335623 0.01 0.01
0 0.053538 0.528591 0.01 0.01
0 0.019806 0.471048 0.01 0.01
0 0.021790 0.437316 0.01 0.01
0 0.005916 0.419458 0.01 0.01
0 0.097191 0.354970 0.01 0.01
0 0.086278 0.337111 0.01 0.01
0 0.083302 0.324214 0.01 0.01
0 0.077349 0.392670 0.01 0.01
0 0.100168 0.404576 0.01 0.01
0 0.099176 0.484938 0.01 0.01
0 0.122987 0.455174 0.01 0.01
0 0.145805 0.388702 0.01 0.01
0 0.131916 0.428387 0.01 0.01
0 0.051554 0.488906 0.01 0.01
0 0.072388 0.462119 0.01 0.01
0 0.185490 0.435332 0.01 0.01
0 0.187475 0.468072 0.01 0.01
0 0.241049 0.504780 0.01 0.01
0 0.279742 0.501804 0.01 0.01
0 0.243034 0.457158 0.01 0.01
0 0.259900 0.471048 0.01 0.01
0 0.279742 0.448229 0.01 0.01
0 0.219223 0.446245 0.01 0.01
0 0.236089 0.419458 0.01 0.01
0 0.216246 0.401599 0.01 0.01
0 0.196404 0.404576 0.01 0.01
0 0.185490 0.386717 0.01 0.01
0 0.199380 0.370843 0.01 0.01
0 0.197396 0.314292 0.01 0.01
0 0.168624 0.348025 0.01 0.01
0 0.152750 0.363899 0.01 0.01
0 0.127947 0.374812 0.01 0.01
0 0.123979 0.330166 0.01 0.01
0 0.118026 0.348025 0.01 0.01
0 0.136876 0.352985 0.01 0.01
0 0.233112 0.367867 0.01 0.01
0 0.220215 0.350009 0.01 0.01
0 0.253947 0.337111 0.01 0.01
0 0.300577 0.324214 0.01 0.01
0 0.245018 0.392670 0.01 0.01
0 0.261884 0.386717 0.01 0.01
0 0.270813 0.367867 0.01 0.01
0 0.280734 0.410528 0.01 0.01
0 0.255931 0.430371 0.01 0.01
0 0.292640 0.392670 0.01 0.01
0 0.327364 0.386717 0.01 0.01
0 0.309506 0.376796 0.01 0.01
0 0.343238 0.354970 0.01 0.01
0 0.372010 0.354970 0.01 0.01
0 0.380939 0.383741 0.01 0.01
0 0.346214 0.377788 0.01 0.01
0 0.360104 0.374812 0.01 0.01
0 0.360104 0.424418 0.01 0.01
0 0.321411 0.403584 0.01 0.01
0 0.320419 0.422434 0.01 0.01
0 0.348199 0.439300 0.01 0.01
0 0.304545 0.439300 0.01 0.01
0 0.318435 0.459143 0.01 0.01
0 0.329348 0.446245 0.01 0.01
0 0.336293 0.475017 0.01 0.01
0 0.331333 0.497835 0.01 0.01
0 0.362088 0.490890 0.01 0.01
0 0.357128 0.473032 0.01 0.01
0 0.455348 0.440292 0.01 0.01
0 0.447411 0.417473 0.01 0.01
0 0.404750 0.370843 0.01 0.01
0 0.419632 0.329174 0.01 0.01
0 0.430545 0.339096 0.01 0.01
0 0.494041 0.317269 0.01 0.01
0 0.530749 0.295442 0.01 0.01
0 0.564482 0.282544 0.01 0.01
0 0.546623 0.326198 0.01 0.01
0 0.457332 0.318261 0.01 0.01
0 0.465269 0.337111 0.01 0.01
0 0.492057 0.351001 0.01 0.01
0 0.458324 0.381757 0.01 0.01
0 0.482135 0.394654 0.01 0.01
0 0.423600 0.379773 0.01 0.01
0 0.445427 0.363899 0.01 0.01
0 0.528765 0.421442 0.01 0.01
0 0.529757 0.383741 0.01 0.01
0 0.502970 0.379773 0.01 0.01
0 0.525789 0.350009 0.01 0.01
0 0.551584 0.348025 0.01 0.01
0 0.571427 0.341080 0.01 0.01
0 0.588293 0.337111 0.01 0.01
0 0.608135 0.332151 0.01 0.01
0 0.603175 0.352985 0.01 0.01
0 0.584324 0.356954 0.01 0.01
0 0.580356 0.376796 0.01 0.01
0 0.580356 0.419458 0.01 0.01
0 0.557537 0.397631 0.01 0.01
0 0.625001 0.412513 0.01 0.01
0 0.650796 0.399615 0.01 0.01
0 0.606151 0.553394 0.01 0.01
0 0.669647 0.547442 0.01 0.01
0 0.718261 0.529583 0.01 0.01
0 0.704371 0.561331 0.01 0.01
0 0.735127 0.555379 0.01 0.01
0 0.727190 0.584150 0.01 0.01
0 0.760922 0.555379 0.01 0.01
0 0.786717 0.579190 0.01 0.01
0 0.717269 0.388702 0.01 0.01
0 0.637899 0.298418 0.01 0.01
0 0.632938 0.328182 0.01 0.01
0 0.645836 0.322229 0.01 0.01
0 0.600198 0.385725 0.01 0.01
0 0.618056 0.367867 0.01 0.01
0 0.635915 0.346040 0.01 0.01
0 0.618056 0.351001 0.01 0.01
0 0.668655 0.365883 0.01 0.01
0 0.688497 0.352985 0.01 0.01
0 0.714292 0.331159 0.01 0.01
0 0.671631 0.309332 0.01 0.01
0 0.689489 0.317269 0.01 0.01
0 0.703379 0.305363 0.01 0.01
0 0.733143 0.339096 0.01 0.01
0 0.738103 0.323222 0.01 0.01
0 0.752985 0.303379 0.01 0.01
0 0.780765 0.311316 0.01 0.01
0 0.764891 0.342072 0.01 0.01
0 0.751993 0.324214 0.01 0.01
0 0.743064 0.354970 0.01 0.01
0 0.730166 0.358938 0.01 0.01
0 0.745048 0.403584 0.01 0.01
0 0.759930 0.394654 0.01 0.01
0 0.771836 0.410528 0.01 0.01
0 0.790686 0.439300 0.01 0.01
0 0.769851 0.437316 0.01 0.01
0 0.743064 0.473032 0.01 0.01
0 0.780765 0.473032 0.01 0.01
0 0.820624 0.514701 0.01 0.01
0 0.794829 0.548434 0.01 0.01
0 0.812687 0.592087 0.01 0.01
0 0.831537 0.552402 0.01 0.01
0 0.803758 0.573237 0.01 0.01
0 0.835506 0.582166 0.01 0.01
0 0.850387 0.593079 0.01 0.01
0 0.874198 0.579190 0.01 0.01
0 0.911899 0.581174 0.01 0.01
0 0.922812 0.553394 0.01 0.01
0 0.892057 0.547442 0.01 0.01
0 0.870230 0.534544 0.01 0.01
0 0.840466 0.499820 0.01 0.01
0 0.863285 0.498827 0.01 0.01
0 0.804750 0.483946 0.01 0.01
0 0.797805 0.513709 0.01 0.01
0 0.835506 0.467080 0.01 0.01
0 0.821616 0.449221 0.01 0.01
0 0.813679 0.429379 0.01 0.01
0 0.850387 0.440292 0.01 0.01
0 0.862293 0.409536 0.01 0.01
0 0.793836 0.345048 0.01 0.01
0 0.790860 0.360922 0.01 0.01
0 0.773002 0.359930 0.01 0.01
0 0.923805 0.524623 0.01 0.01
0 0.922812 0.495851 0.01 0.01
0 0.893049 0.499820 0.01 0.01
0 0.892057 0.516686 0.01 0.01
0 1.005159 0.547442 0.01 0.01
0 0.989285 0.566292 0.01 0.01
0 0.971427 0.535536 0.01 0.01
0 1.032938 0.556371 0.01 0.01
0 1.047820 0.559347 0.01 0.01
0 1.047820 0.540497 0.01 0.01
0 1.130166 0.569268 0.01 0.01
0 1.102387 0.591095 0.01 0.01
0 1.098418 0.571253 0.01 0.01
0 1.109332 0.555379 0.01 0.01
0 1.138103 0.543473 0.01 0.01
0 1.174812 0.561331 0.01 0.01
0 1.156954 0.551410 0.01 0.01
0 1.168859 0.531568 0.01 0.01
0 1.194654 0.514701 0.01 0.01
0 1.192670 0.484938 0.01 0.01
0 1.180765 0.465095 0.01 0.01
0 1.158938 0.450213 0.01 0.01
0 1.139096 0.456166 0.01 0.01
0 1.125206 0.456166 0.01 0.01
0 1.112308 0.465095 0.01 0.01
0 1.147033 0.480969 0.01 0.01
0 1.168859 0.491883 0.01 0.01
0 1.153977 0.517678 0.01 0.01
0 1.136119 0.498827 0.01 0.01
0 1.116277 0.531568 0.01 0.01
0 1.097426 0.514701 0.01 0.01
0 1.049804 0.479977 0.01 0.01
0 1.068655 0.525615 0.01 0.01
0 1.055757 0.510733 0.01 0.01
0 1.010119 0.525615 0.01 0.01
0 1.008135 0.494859 0.01 0.01
0 0.963490 0.511725 0.01 0.01
0 0.994245 0.496843 0.01 0.01
0 1.022025 0.481961 0.01 0.01
0 0.979364 0.478985 0.01 0.01
0 0.941663 0.479977 0.01 0.01
0 0.957537 0.468072 0.01 0.01
0 1.002182 0.460135 0.01 0.01
0 0.981348 0.452198 0.01 0.01
0 1.032938 0.440292 0.01 0.01
0 1.004167 0.438308 0.01 0.01
0 1.026986 0.418465 0.01 0.01
0 1.065678 0.440292 0.01 0.01
0 1.083537 0.449221 0.01 0.01
0 1.113300 0.407552 0.01 0.01
0 1.102387 0.429379 0.01 0.01
0 1.123222 0.436324 0.01 0.01
0 1.114292 0.322229 0.01 0.01
0 1.097426 0.342072 0.01 0.01
0 1.102387 0.360922 0.01 0.01
0 1.083537 0.340088 0.01 0.01
0 1.068655 0.340088 0.01 0.01
0 1.053773 0.315285 0.01 0.01
0 1.038891 0.324214 0.01 0.01
0 1.032938 0.347033 0.01 0.01
0 1.016072 0.342072 0.01 0.01
0 1.096434 0.396639 0.01 0.01
0 1.060718 0.391678 0.01 0.01
0 1.036907 0.382749 0.01 0.01
0 1.063694 0.366875 0.01 0.01
0 1.019049 0.393662 0.01 0.01
0 1.000198 0.370843 0.01 0.01
0 0.983332 0.334135 0.01 0.01
0 0.975395 0.366875 0.01 0.01
0 0.967458 0.329174 0.01 0.01
0 0.958529 0.364891 0.01 0.01
0 0.959521 0.349017 0.01 0.01
0 0.936702 0.357946 0.01 0.01
0 0.939679 0.331159 0.01 0.01
0 0.930749 0.304371 0.01 0.01
0 0.919836 0.322229 0.01 0.01
0 0.907931 0.338103 0.01 0.01
0 0.869238 0.320245 0.01 0.01
0 0.855348 0.311316 0.01 0.01
0 0.831537 0.326198 0.01 0.01
0 0.812687 0.311316 0.01 0.01
0 0.794829 0.320245 0.01 0.01
0 0.814671 0.342072 0.01 0.01
0 0.836498 0.342072 0.01 0.01
0 0.852372 0.340088 0.01 0.01
0 0.872214 0.347033 0.01 0.01
0 0.885112 0.338103 0.01 0.01
0 0.875191 0.364891 0.01 0.01
0 0.867254 0.384733 0.01 0.01
0 0.886104 0.371836 0.01 0.01
0 0.834513 0.379773 0.01 0.01
0 0.853364 0.375804 0.01 0.01
0 0.831537 0.405568 0.01 0.01
0 0.808718 0.386717 0.01 0.01
0 0.793836 0.409536 0.01 0.01
0 0.891065 0.444261 0.01 0.01
0 0.913883 0.458150 0.01 0.01
0 0.885112 0.469064 0.01 0.01
0 0.895033 0.479977 0.01 0.01
0 0.887096 0.415489 0.01 0.01
0 0.914876 0.423426 0.01 0.01
0 0.935710 0.425410 0.01 0.01
0 0.918844 0.400607 0.01 0.01
0 0.892057 0.393662 0.01 0.01
0 0.907931 0.377788 0.01 0.01
0 0.956545 0.400607 0.01 0.01
0 0.979364 0.416481 0.01 0.01
0 0.997222 0.391678 0.01 0.01
0 0.985316 0.395647 0.01 0.01
0 0.952576 0.423426 0.01 0.01
0 0.967458 0.440292 0.01 0.01
0 0.946623 0.447237 0.01 0.01
0 0.863285 0.467080 0.01 0.01
0 0.773994 0.202182 0.01 0.01
0 0.779947 0.230954 0.01 0.01
0 0.790860 0.187301 0.01 0.01
0 0.724388 0.211112 0.01 0.01
0 0.694624 0.203175 0.01 0.01
0 0.663868 0.193253 0.01 0.01
0 0.674782 0.127773 0.01 0.01
0 0.629144 0.126781 0.01 0.01
0 0.587475 0.126781 0.01 0.01
0 0.624183 0.174403 0.01 0.01
0 0.569616 0.193253 0.01 0.01
0 0.032703 0.194741 0.01 0.01
0 0.060483 0.189781 0.01 0.01
0 0.245018 0.178868 0.01 0.01
0 0.267837 0.130253 0.01 0.01
0 0.398797 0.173907 0.01 0.01
0 0.477175 0.191765 0.01 0.01
