0 0.724271 0.975245 0.01 0.01
0 0.683362 1.183687 0.01 0.01
0 0.603492 0.665505 0.01 0.01
0 0.437907 0.260310 0.01 0.01
0 0.443752 0.240830 0.01 0.01
0 0.408687 0.201868 0.01 0.01
0 0.459336 0.211609 0.01 0.01
0 0.445700 0.168752 0.01 0.01
0 0.509985 0.127843 0.01 0.01
0 0.576219 0.106414 0.01 0.01
0 0.611284 0.114206 0.01 0.01
0 0.640505 0.160959 0.01 0.01
0 0.654141 0.121998 0.01 0.01
0 0.689206 0.147323 0.01 0.01
0 0.702843 0.192128 0.01 0.01
0 0.714531 0.236933 0.01 0.01
0 0.675570 0.270050 0.01 0.01
0 0.765180 0.211609 0.01 0.01
0 0.730115 0.338232 0.01 0.01
0 0.811933 0.305115 0.01 0.01
0 0.848946 0.297323 0.01 0.01
0 0.846998 0.347972 0.01 0.01
0 0.862583 0.236933 0.01 0.01
0 0.893752 0.190180 0.01 0.01
0 0.998946 0.250570 0.01 0.01
0 1.059336 0.361609 0.01 0.01
0 1.561933 0.205765 0.01 0.01
0 1.544401 0.137583 0.01 0.01
0 1.587258 0.005115 0.01 0.01
0 1.345700 0.211609 0.01 0.01
0 1.312583 0.227193 0.01 0.01
0 1.051544 0.213557 0.01 0.01
0 1.063232 0.141479 0.01 0.01
0 0.995050 0.141479 0.01 0.01
0 0.928817 0.141479 0.01 0.01
0 0.907388 0.133687 0.01 0.01
0 0.940505 0.121998 0.01 0.01
0 0.878167 0.086933 0.01 0.01
0 0.856739 0.079141 0.01 0.01
0 0.784661 0.042128 0.01 0.01
0 0.737907 0.086933 0.01 0.01
0 0.700894 0.065505 0.01 0.01
0 0.693102 0.046024 0.01 0.01
0 0.665830 0.069401 0.01 0.01
0 0.607388 0.051868 0.01 0.01
0 0.593752 0.065505 0.01 0.01
0 0.535310 0.092778 0.01 0.01
0 0.486609 0.094726 0.01 0.01
0 0.424271 0.100570 0.01 0.01
0 0.352193 0.135635 0.01 0.01
0 0.262583 0.102518 0.01 0.01
0 0.221674 0.100570 0.01 0.01
0 0.182713 0.106414 0.01 0.01
0 0.408687 0.046024 0.01 0.01
0 0.434011 0.053817 0.01 0.01
0 0.437907 0.083037 0.01 0.01
0 0.484661 0.059661 0.01 0.01
0 0.531414 0.053817 0.01 0.01
0 0.529466 0.020700 0.01 0.01
0 0.558687 0.040180 0.01 0.01
0 0.574271 0.034336 0.01 0.01
0 0.243102 0.018752 0.01 0.01
0 0.202518 0.036771 0.01 0.01
0 0.156739 0.029953 0.01 0.01
0 0.137258 0.029953 0.01 0.01
0 0.253167 0.013394 0.01 0.01
0 0.287258 0.003654 0.01 0.01
0 0.335959 0.046511 0.01 0.01
0 0.381739 0.033849 0.01 0.01
0 0.404141 0.023135 0.01 0.01
0 0.395375 0.010472 0.01 0.01
0 0.420700 0.019239 0.01 0.01
0 0.437258 0.019239 0.01 0.01
0 0.457713 0.009498 0.01 0.01
0 0.428492 0.002680 0.01 0.01
0 0.472323 0.009498 0.01 0.01
0 0.481089 0.032875 0.01 0.01
0 0.474271 0.060148 0.01 0.01
0 0.591154 0.012420 0.01 0.01
0 0.561933 0.002680 0.01 0.01
0 0.540505 0.005602 0.01 0.01
0 0.633037 0.002680 0.01 0.01
0 0.683687 0.062096 0.01 0.01
0 0.719726 0.033849 0.01 0.01
0 0.832388 0.033849 0.01 0.01
0 1.005765 0.058200 0.01 0.01
0 1.050570 0.064044 0.01 0.01
0 1.056414 0.046511 0.01 0.01
0 1.078817 0.009498 0.01 0.01
0 1.146998 0.036771 0.01 0.01
0 1.160635 0.039693 0.01 0.01
0 1.196674 0.037745 0.01 0.01
0 0.927843 0.178005 0.01 0.01
0 1.543502 0.549096 0.01 0.01
0 1.214231 0.339706 0.01 0.01
0 1.195050 0.231014 0.01 0.01
0 1.127917 0.239006 0.01 0.01
0 0.474171 0.422823 0.01 0.01
0 0.454990 0.358886 0.01 0.01
0 0.459786 0.304541 0.01 0.01
0 0.688357 0.005640 0.01 0.01
0 0.269810 0.021817 0.01 0.01
0 0.322653 0.129008 0.01 0.01
0 0.845730 0.011784 0.01 0.01
0 0.876499 0.025496 0.01 0.01
0 0.730011 0.040546 0.01 0.01
0 1.323991 0.333690 0.01 0.01
0 1.589543 0.472820 0.01 0.01
