0 1.328053 0.560138 0.01 0.01
0 0.861742 0.580459 0.01 0.01
0 0.805058 0.505593 0.01 0.01
0 0.693828 0.577250 0.01 0.01
0 0.614684 0.463881 0.01 0.01
0 0.685272 0.382598 0.01 0.01
0 0.598641 0.338748 0.01 0.01
0 0.451047 0.398641 0.01 0.01
0 0.318427 0.387946 0.01 0.01
0 0.298106 0.560138 0.01 0.01
0 0.464951 0.211475 0.01 0.01
0 0.821101 0.220031 0.01 0.01
0 0.996502 0.365486 0.01 0.01
0 0.843561 0.380459 0.01 0.01
0 1.057464 0.382598 0.01 0.01
0 1.197571 0.353721 0.01 0.01
0 1.467090 0.348373 0.01 0.01
0 0.398373 0.155058 0.01 0.01
0 0.333133 0.162545 0.01 0.01
0 0.414416 0.122438 0.01 0.01
0 0.224577 0.139015 0.01 0.01
0 0.132063 0.107999 0.01 0.01
0 0.048641 0.099978 0.01 0.01
0 0.181796 0.144363 0.01 0.01
0 0.734202 0.163079 0.01 0.01
0 0.082732 0.062411 0.01 0.01
0 0.055994 0.098775 0.01 0.01
0 0.169095 0.055192 0.01 0.01
0 0.243962 0.070700 0.01 0.01
0 0.282197 0.092892 0.01 0.01
0 0.288347 0.056261 0.01 0.01
0 0.345031 0.081662 0.01 0.01
0 0.414550 0.080593 0.01 0.01
0 0.665352 0.077919 0.01 0.01
0 1.261609 0.144496 0.01 0.01
0 1.277117 0.063213 0.01 0.01
0 1.320700 0.072839 0.01 0.01
0 1.329991 0.030526 0.01 0.01
0 1.385740 0.024109 0.01 0.01
0 1.590018 0.315954 0.01 0.01
0 1.582464 0.212010 0.01 0.01
0 1.575245 0.574443 0.01 0.01
0 0.007438 0.572273 0.01 0.01
0 1.006439 0.008037 0.01 0.01
0 0.913732 0.040005 0.01 0.01
