0 0.245658 0.650474 0.01 0.01
0 0.431438 0.603685 0.01 0.01
0 0.446575 0.384878 0.01 0.01
0 0.497493 0.411025 0.01 0.01
0 0.269052 0.212860 0.01 0.01
0 0.256667 0.170199 0.01 0.01
0 0.296575 0.175704 0.01 0.01
0 0.333731 0.170199 0.01 0.01
0 0.035107 0.298181 0.01 0.01
0 0.021346 0.245887 0.01 0.01
0 0.004832 0.299557 0.01 0.01
0 0.059878 0.115153 0.01 0.01
0 0.328227 0.126163 0.01 0.01
0 0.491988 0.117906 0.01 0.01
0 0.562172 0.115153 0.01 0.01
0 0.621346 0.141300 0.01 0.01
0 0.640612 0.182585 0.01 0.01
0 0.697034 0.236254 0.01 0.01
0 0.774098 0.227997 0.01 0.01
0 0.877309 0.127539 0.01 0.01
0 0.913089 0.174328 0.01 0.01
0 0.910337 0.499098 0.01 0.01
0 1.104374 0.404144 0.01 0.01
0 1.123640 0.671117 0.01 0.01
0 1.314924 0.516988 0.01 0.01
0 1.341071 0.404144 0.01 0.01
0 1.262630 0.355979 0.01 0.01
0 1.371346 0.240383 0.01 0.01
0 1.431896 0.237630 0.01 0.01
0 1.393364 0.159190 0.01 0.01
0 1.482814 0.120658 0.01 0.01
0 1.419511 0.146805 0.01 0.01
0 1.456667 0.457814 0.01 0.01
0 1.595658 0.460566 0.01 0.01
0 1.276392 1.152768 0.01 0.01
0 0.109190 0.072149 0.01 0.01
0 0.385796 0.083158 0.01 0.01
0 0.430520 0.070085 0.01 0.01
0 0.105635 0.026134 0.01 0.01
0 0.095486 0.021833 0.01 0.01
0 0.086713 0.032155 0.01 0.01
0 0.053857 0.017705 0.01 0.01
0 0.039408 0.025790 0.01 0.01
0 0.200073 0.036283 0.01 0.01
0 0.182871 0.059849 0.01 0.01
0 0.167734 0.029402 0.01 0.01
0 0.145371 0.018909 0.01 0.01
0 0.129202 0.026134 0.01 0.01
0 0.194913 0.017189 0.01 0.01
0 0.174514 0.009169 0.01 0.01
0 0.233989 0.020629 0.01 0.01
0 0.251879 0.022693 0.01 0.01
0 0.273382 0.119712 0.01 0.01
0 0.274213 0.017877 0.01 0.01
0 0.310509 0.020629 0.01 0.01
0 0.340784 0.023726 0.01 0.01
0 0.356782 0.018909 0.01 0.01
0 0.370371 0.016157 0.01 0.01
0 0.413548 0.022005 0.01 0.01
0 0.429546 0.041099 0.01 0.01
0 0.444339 0.033875 0.01 0.01
0 0.323840 0.010437 0.01 0.01
0 0.286125 0.005384 0.01 0.01
0 0.477883 0.034262 0.01 0.01
0 0.478227 0.062731 0.01 0.01
0 0.552109 0.030262 0.01 0.01
0 0.592189 0.040583 0.01 0.01
0 0.621260 0.044712 0.01 0.01
0 0.631581 0.014093 0.01 0.01
0 0.695228 0.026650 0.01 0.01
0 0.749414 0.034735 0.01 0.01
0 0.604961 0.009556 0.01 0.01
0 0.669081 0.002127 0.01 0.01
0 0.839809 0.044110 0.01 0.01
0 0.788892 0.039981 0.01 0.01
0 0.859763 0.045830 0.01 0.01
0 1.033158 0.109821 0.01 0.01
0 0.984649 0.060968 0.01 0.01
0 0.959190 0.089867 0.01 0.01
0 0.937860 0.034133 0.01 0.01
0 1.022149 0.059591 0.01 0.01
0 1.057241 0.035165 0.01 0.01
0 1.105750 0.047550 0.01 0.01
0 1.122607 0.101564 0.01 0.01
0 1.150474 0.060280 0.01 0.01
0 1.120887 0.028284 0.01 0.01
0 1.187974 0.047206 0.01 0.01
0 1.178341 0.106036 0.01 0.01
0 1.240612 0.051335 0.01 0.01
0 1.463605 0.027854 0.01 0.01
0 1.492504 0.067246 0.01 0.01
0 1.516759 0.052797 0.01 0.01
0 1.518651 0.023038 0.01 0.01
0 1.271231 0.078771 0.01 0.01
0 1.323869 0.031810 0.01 0.01
0 1.335566 0.014093 0.01 0.01
0 1.387688 0.016501 0.01 0.01
0 1.309247 0.155492 0.01 0.01
0 0.258043 0.046002 0.01 0.01
0 0.373640 0.008846 0.01 0.01
0 0.399098 0.009534 0.01 0.01
0 0.343364 0.006094 0.01 0.01
0 0.442447 0.008158 0.01 0.01
0 0.485796 0.004718 0.01 0.01
0 0.777539 0.013663 0.01 0.01
0 0.999786 0.018823 0.01 0.01
0 1.252997 0.009190 0.01 0.01
0 0.829677 0.189543 0.01 0.01
