0 0.084649 0.434419 0.01 0.01
0 0.028227 0.313318 0.01 0.01
0 0.065383 0.233502 0.01 0.01
0 0.054374 0.172952 0.01 0.01
0 0.113548 0.164695 0.01 0.01
0 0.160337 0.149557 0.01 0.01
0 0.244282 0.303685 0.01 0.01
0 0.344741 0.372493 0.01 0.01
0 0.531896 0.468823 0.01 0.01
0 0.695658 0.448181 0.01 0.01
0 0.710796 0.317447 0.01 0.01
0 0.640612 0.172952 0.01 0.01
0 0.581438 0.124786 0.01 0.01
0 0.505750 0.106896 0.01 0.01
0 0.457585 0.120658 0.01 0.01
0 0.474098 0.227997 0.01 0.01
0 0.771346 0.201851 0.01 0.01
0 0.767218 0.262401 0.01 0.01
0 0.840153 0.199098 0.01 0.01
0 0.954374 0.137172 0.01 0.01
0 0.966759 0.329832 0.01 0.01
0 1.061713 0.342218 0.01 0.01
0 1.277768 0.259649 0.01 0.01
0 1.314924 0.230750 0.01 0.01
0 1.503456 0.299557 0.01 0.01
0 0.087860 0.104488 0.01 0.01
0 0.108502 0.081782 0.01 0.01
0 0.178685 0.092103 0.01 0.01
0 0.207585 0.104488 0.01 0.01
0 0.309419 0.079718 0.01 0.01
0 0.339695 0.065268 0.01 0.01
0 0.339007 0.082470 0.01 0.01
0 0.373410 0.078341 0.01 0.01
0 0.483502 0.079718 0.01 0.01
0 0.757355 0.086598 0.01 0.01
0 0.693364 0.084534 0.01 0.01
0 0.556438 0.057699 0.01 0.01
0 0.526851 0.072837 0.01 0.01
0 0.005606 0.014136 0.01 0.01
0 0.066071 0.010609 0.01 0.01
0 0.101019 0.016200 0.01 0.01
0 0.306323 0.017017 0.01 0.01
0 0.290153 0.021833 0.01 0.01
0 0.332986 0.033359 0.01 0.01
0 0.216357 0.089437 0.01 0.01
0 0.300818 0.063462 0.01 0.01
0 0.572091 0.005126 0.01 0.01
0 0.691042 0.015254 0.01 0.01
0 0.728972 0.021704 0.01 0.01
0 1.057126 0.079718 0.01 0.01
0 1.072952 0.079718 0.01 0.01
0 1.209878 0.054259 0.01 0.01
0 1.243594 0.080406 0.01 0.01
0 1.474098 0.091415 0.01 0.01
0 1.559419 0.102424 0.01 0.01
0 1.596575 0.143020 0.01 0.01
0 1.087000 0.017705 0.01 0.01
0 1.146604 0.004137 0.01 0.01
0 1.571489 0.007169 0.01 0.01
0 1.556954 0.014394 0.01 0.01
0 1.510509 0.036154 0.01 0.01
0 1.302023 0.010867 0.01 0.01
0 1.364379 0.011039 0.01 0.01
0 0.187536 0.008606 0.01 0.01
