0 0.291830 0.865607 0.01 0.01
0 0.160323 0.903181 0.01 0.01
0 0.129795 1.140363 0.01 0.01
0 0.040558 1.037036 0.01 0.01
0 0.047603 0.816292 0.01 0.01
0 0.169717 0.682437 0.01 0.01
0 0.197897 0.525098 0.01 0.01
0 0.249560 0.405333 0.01 0.01
0 0.219032 0.339580 0.01 0.01
0 0.343494 0.351321 0.01 0.01
0 0.402202 0.438210 0.01 0.01
0 0.439775 0.529795 0.01 0.01
0 0.432730 0.663650 0.01 0.01
0 0.324707 0.698875 0.01 0.01
0 0.512574 0.980676 0.01 0.01
0 0.691047 0.947799 0.01 0.01
0 0.770891 0.635470 0.01 0.01
0 0.531361 0.405333 0.01 0.01
0 0.193200 0.264433 0.01 0.01
0 0.157975 0.252691 0.01 0.01
0 0.115705 0.229208 0.01 0.01
0 0.115705 0.189286 0.01 0.01
0 0.099267 0.184590 0.01 0.01
0 0.841341 0.515705 0.01 0.01
0 0.721576 0.400636 0.01 0.01
0 0.860128 0.323141 0.01 0.01
0 0.977545 0.344276 0.01 0.01
0 0.989286 0.316096 0.01 0.01
0 0.947016 0.269130 0.01 0.01
0 1.055040 0.449952 0.01 0.01
0 1.120793 0.410030 0.01 0.01
0 1.130186 0.527447 0.01 0.01
0 1.233513 0.534492 0.01 0.01
0 1.202985 0.616683 0.01 0.01
0 1.470695 0.503963 0.01 0.01
0 1.581067 0.438210 0.01 0.01
0 1.512965 0.417075 0.01 0.01
0 1.581067 0.316096 0.01 0.01
0 1.505920 0.299658 0.01 0.01
0 1.545842 0.269130 0.01 0.01
0 1.557584 0.158758 0.01 0.01
0 1.503572 0.156409 0.01 0.01
0 1.456605 0.208073 0.01 0.01
0 1.437818 0.245646 0.01 0.01
0 1.442515 0.189286 0.01 0.01
0 1.397897 0.215118 0.01 0.01
0 1.357975 0.184590 0.01 0.01
0 1.388503 0.144668 0.01 0.01
0 1.409638 0.135274 0.01 0.01
0 1.174805 0.294961 0.01 0.01
0 1.109051 0.323141 0.01 0.01
0 1.151321 0.262085 0.01 0.01
0 1.104355 0.262085 0.01 0.01
0 1.076175 0.245646 0.01 0.01
0 1.113748 0.215118 0.01 0.01
0 1.134883 0.177545 0.01 0.01
0 1.205333 0.198680 0.01 0.01
0 1.249952 0.191635 0.01 0.01
0 1.271087 0.177545 0.01 0.01
0 1.325098 0.201028 0.01 0.01
0 1.242907 0.156409 0.01 0.01
0 1.214727 0.156409 0.01 0.01
0 1.264042 0.109443 0.01 0.01
0 1.308660 0.118836 0.01 0.01
0 1.256997 0.123533 0.01 0.01
0 1.332143 0.109443 0.01 0.01
0 1.379110 0.100049 0.01 0.01
0 1.303963 0.090656 0.01 0.01
0 1.346233 0.074218 0.01 0.01
0 1.372065 0.069521 0.01 0.01
0 1.400245 0.083611 0.01 0.01
0 1.414335 0.069521 0.01 0.01
0 1.437818 0.085959 0.01 0.01
0 1.480089 0.076566 0.01 0.01
0 1.456605 0.076566 0.01 0.01
0 1.498875 0.078914 0.01 0.01
0 1.524707 0.083611 0.01 0.01
0 1.480089 0.116488 0.01 0.01
0 1.524707 0.135274 0.01 0.01
0 1.536449 0.123533 0.01 0.01
0 1.545842 0.142319 0.01 0.01
0 1.562280 0.116488 0.01 0.01
0 1.571674 0.149364 0.01 0.01
0 1.576370 0.125881 0.01 0.01
0 1.590460 0.083611 0.01 0.01
0 1.559932 0.064824 0.01 0.01
0 1.578719 0.057779 0.01 0.01
0 1.550539 0.043689 0.01 0.01
0 1.559932 0.034296 0.01 0.01
0 1.574022 0.029599 0.01 0.01
0 1.592809 0.024903 0.01 0.01
0 1.541145 0.031948 0.01 0.01
0 1.529404 0.043689 0.01 0.01
0 1.522359 0.064824 0.01 0.01
0 1.543494 0.060128 0.01 0.01
0 1.515314 0.041341 0.01 0.01
0 1.520010 0.024903 0.01 0.01
0 1.498875 0.036644 0.01 0.01
0 1.475392 0.050734 0.01 0.01
0 1.463650 0.041341 0.01 0.01
0 1.451909 0.041341 0.01 0.01
0 1.444863 0.024903 0.01 0.01
0 1.433122 0.020206 0.01 0.01
0 1.433122 0.036644 0.01 0.01
0 1.414335 0.036644 0.01 0.01
0 1.416683 0.024903 0.01 0.01
0 1.470695 0.024903 0.01 0.01
0 1.489482 0.034296 0.01 0.01
0 1.311008 0.060128 0.01 0.01
0 1.322750 0.060128 0.01 0.01
0 1.350930 0.064824 0.01 0.01
0 1.332143 0.036644 0.01 0.01
0 1.334492 0.024903 0.01 0.01
0 1.350930 0.020206 0.01 0.01
0 1.350930 0.041341 0.01 0.01
0 1.367368 0.008464 0.01 0.01
0 1.348582 0.008464 0.01 0.01
0 1.348582 0.008464 0.01 0.01
0 1.318053 0.027251 0.01 0.01
0 1.306312 0.029599 0.01 0.01
0 1.231165 0.062476 0.01 0.01
0 1.245255 0.067173 0.01 0.01
0 1.212378 0.111791 0.01 0.01
0 1.179501 0.111791 0.01 0.01
0 1.160715 0.100049 0.01 0.01
0 1.167760 0.008464 0.01 0.01
0 1.320402 0.165803 0.01 0.01
0 1.132535 0.118836 0.01 0.01
0 1.094961 0.149364 0.01 0.01
0 1.057388 0.172848 0.01 0.01
0 1.097310 0.083611 0.01 0.01
0 1.092613 0.057779 0.01 0.01
0 1.078523 0.057779 0.01 0.01
0 1.050343 0.067173 0.01 0.01
0 1.062085 0.053083 0.01 0.01
0 1.055040 0.046038 0.01 0.01
0 1.109051 0.029599 0.01 0.01
0 1.094961 0.008464 0.01 0.01
0 1.064433 0.008464 0.01 0.01
0 1.116096 0.076566 0.01 0.01
0 0.965803 0.078914 0.01 0.01
0 1.022163 0.257388 0.01 0.01
0 0.822554 0.139971 0.01 0.01
0 0.928229 0.001419 0.01 0.01
0 0.928229 0.027251 0.01 0.01
0 0.949364 0.036644 0.01 0.01
0 0.944668 0.020206 0.01 0.01
0 0.947016 0.003768 0.01 0.01
0 0.888308 0.015509 0.01 0.01
0 0.890656 0.003768 0.01 0.01
0 0.803768 0.116488 0.01 0.01
0 0.808464 0.215118 0.01 0.01
0 0.745059 0.168151 0.01 0.01
0 0.745059 0.142319 0.01 0.01
0 0.714531 0.100049 0.01 0.01
0 0.658171 0.193983 0.01 0.01
0 0.425685 0.205725 0.01 0.01
0 0.423337 0.156409 0.01 0.01
0 0.451517 0.156409 0.01 0.01
0 0.463259 0.158758 0.01 0.01
0 0.667564 0.083611 0.01 0.01
0 0.637036 0.078914 0.01 0.01
0 0.587721 0.090656 0.01 0.01
0 0.437427 0.076566 0.01 0.01
0 0.416292 0.076566 0.01 0.01
0 0.420989 0.100049 0.01 0.01
0 0.388112 0.132926 0.01 0.01
0 0.322359 0.165803 0.01 0.01
0 0.301224 0.149364 0.01 0.01
0 0.317662 0.149364 0.01 0.01
0 0.263650 0.165803 0.01 0.01
0 0.275392 0.156409 0.01 0.01
0 0.258954 0.193983 0.01 0.01
0 0.226077 0.201028 0.01 0.01
0 0.211987 0.175196 0.01 0.01
0 0.207290 0.109443 0.01 0.01
0 0.127447 0.076566 0.01 0.01
0 0.120402 0.125881 0.01 0.01
0 0.094570 0.144668 0.01 0.01
0 0.129795 0.142319 0.01 0.01
0 0.162672 0.132926 0.01 0.01
0 0.165020 0.168151 0.01 0.01
0 0.113357 0.161106 0.01 0.01
0 0.019423 0.142319 0.01 0.01
0 0.012378 0.069521 0.01 0.01
0 0.054648 0.083611 0.01 0.01
0 0.115705 0.057779 0.01 0.01
0 0.134492 0.057779 0.01 0.01
0 0.181458 0.060128 0.01 0.01
0 0.197897 0.057779 0.01 0.01
0 0.254257 0.046038 0.01 0.01
0 0.420989 0.024903 0.01 0.01
0 0.439775 0.008464 0.01 0.01
0 0.458562 0.008464 0.01 0.01
0 0.489090 0.024903 0.01 0.01
0 0.493787 0.017858 0.01 0.01
0 0.517271 0.003768 0.01 0.01
0 0.491439 0.048386 0.01 0.01
0 0.458562 0.062476 0.01 0.01
0 0.646429 0.041341 0.01 0.01
0 0.592417 0.060128 0.01 0.01
0 0.672261 0.057779 0.01 0.01
0 0.681654 0.050734 0.01 0.01
0 0.698092 0.050734 0.01 0.01
0 0.747408 0.053083 0.01 0.01
0 0.674609 0.027251 0.01 0.01
0 0.770891 0.057779 0.01 0.01
0 0.780284 0.041341 0.01 0.01
0 0.761498 0.027251 0.01 0.01
0 0.813161 0.003768 0.01 0.01
0 0.140505 0.170375 0.01 0.01
0 0.052593 0.154391 0.01 0.01
0 0.394651 0.052892 0.01 0.01
0 0.411434 0.059286 0.01 0.01
0 0.401044 0.052892 0.01 0.01
0 0.408237 0.020924 0.01 0.01
0 0.502543 0.022523 0.01 0.01
0 0.492153 0.059286 0.01 0.01
0 0.574471 0.069676 0.01 0.01
0 0.639206 0.005740 0.01 0.01
0 0.620025 0.022523 0.01 0.01
0 0.668777 0.009736 0.01 0.01
0 0.719925 0.032113 0.01 0.01
0 0.707138 0.048896 0.01 0.01
0 0.449796 0.299845 0.01 0.01
0 0.468177 0.286259 0.01 0.01
0 0.266779 0.563582 0.01 0.01
0 0.215630 0.060085 0.01 0.01
0 0.190055 0.076069 0.01 0.01
0 0.170075 0.104841 0.01 0.01
0 0.429816 0.039306 0.01 0.01
0 0.437808 0.028916 0.01 0.01
0 0.472173 0.031314 0.01 0.01
0 0.456988 0.022523 0.01 0.01
0 0.285959 0.013732 0.01 0.01
0 0.731114 0.020125 0.01 0.01
0 0.596848 0.086459 0.01 0.01
0 0.626419 0.069676 0.01 0.01
0 0.280765 0.047298 0.01 0.01
0 0.287158 0.041704 0.01 0.01
0 0.263981 0.068077 0.01 0.01
0 0.289556 0.030515 0.01 0.01
0 0.548497 0.028916 0.01 0.01
0 0.574071 0.033712 0.01 0.01
0 0.591654 0.036109 0.01 0.01
0 0.601244 0.036908 0.01 0.01
0 0.605240 0.059286 0.01 0.01
0 0.617228 0.059286 0.01 0.01
0 0.622023 0.041704 0.01 0.01
0 0.642003 0.028916 0.01 0.01
0 0.528117 0.016978 0.01 0.01
0 0.528517 0.007388 0.01 0.01
0 0.566479 0.006988 0.01 0.01
0 0.576069 0.020175 0.01 0.01
0 0.593252 0.011784 0.01 0.01
0 0.588457 0.023772 0.01 0.01
0 0.611634 0.005790 0.01 0.01
0 0.619226 0.005790 0.01 0.01
0 1.529116 0.185460 0.01 0.01
0 1.330914 0.225420 0.01 0.01
0 1.262183 0.072123 0.01 0.01
0 1.271774 0.060135 0.01 0.01
0 1.280964 0.036559 0.01 0.01
0 1.253392 0.047748 0.01 0.01
0 1.268577 0.029766 0.01 0.01
0 1.257788 0.027368 0.01 0.01
0 1.250994 0.022972 0.01 0.01
0 1.237808 0.034161 0.01 0.01
0 1.227418 0.029366 0.01 0.01
0 1.208237 0.032163 0.01 0.01
0 1.200645 0.054541 0.01 0.01
0 1.172673 0.028567 0.01 0.01
0 1.188657 0.030964 0.01 0.01
0 1.201444 0.016978 0.01 0.01
0 1.181464 0.014181 0.01 0.01
0 1.164281 0.016179 0.01 0.01
0 1.148697 0.020175 0.01 0.01
0 1.122723 0.007788 0.01 0.01
0 1.151494 0.011384 0.01 0.01
0 1.124721 0.043752 0.01 0.01
0 1.134711 0.039756 0.01 0.01
0 1.145899 0.052543 0.01 0.01
0 1.172273 0.054541 0.01 0.01
0 1.318127 0.015380 0.01 0.01
0 1.294151 0.012982 0.01 0.01
0 1.262183 0.006189 0.01 0.01
0 1.261384 0.016978 0.01 0.01
0 1.254591 0.012583 0.01 0.01
0 1.233012 0.012583 0.01 0.01
0 1.422023 0.005790 0.01 0.01
0 1.448797 0.012583 0.01 0.01
0 1.466779 0.002193 0.01 0.01
0 1.376868 0.037758 0.01 0.01
0 1.388057 0.032962 0.01 0.01
0 1.377268 0.012583 0.01 0.01
0 1.389656 0.017378 0.01 0.01
0 1.392852 0.003392 0.01 0.01
0 1.435210 0.008986 0.01 0.01
0 1.320924 0.003392 0.01 0.01
0 1.300545 0.004191 0.01 0.01
0 0.534693 0.304258 0.01 0.01
0 0.599576 0.343054 0.01 0.01
0 0.323322 0.258774 0.01 0.01
0 0.397570 0.231349 0.01 0.01
0 0.362787 0.195897 0.01 0.01
0 0.279844 0.215964 0.01 0.01
0 0.172151 0.199242 0.01 0.01
0 0.584860 0.183857 0.01 0.01
0 0.649743 0.217302 0.01 0.01
0 0.590212 0.299576 0.01 0.01
0 0.094225 0.059777 0.01 0.01
0 0.315630 0.051416 0.01 0.01
0 0.323656 0.069810 0.01 0.01
0 0.348406 0.064125 0.01 0.01
0 0.354760 0.086533 0.01 0.01
0 0.374827 0.074493 0.01 0.01
0 0.364459 0.086198 0.01 0.01
0 0.226667 0.099576 0.01 0.01
0 0.251416 0.137369 0.01 0.01
0 0.370479 0.146733 0.01 0.01
0 0.157770 0.145061 0.01 0.01
0 0.140713 0.129677 0.01 0.01
0 0.075830 0.163456 0.01 0.01
0 0.035362 0.112620 0.01 0.01
0 0.004927 0.083188 0.01 0.01
0 0.232352 0.058272 0.01 0.01
0 0.194894 0.039543 0.01 0.01
0 0.216299 0.040546 0.01 0.01
0 0.495897 0.486867 0.01 0.01
0 0.565128 0.147235 0.01 0.01
0 0.585864 0.155931 0.01 0.01
0 0.560780 0.074994 0.01 0.01
0 0.296232 0.008690 0.01 0.01
0 0.309108 0.001834 0.01 0.01
0 0.332519 0.006349 0.01 0.01
0 0.369476 0.023406 0.01 0.01
0 0.399242 0.021901 0.01 0.01
0 0.446901 0.032937 0.01 0.01
0 0.471148 0.073991 0.01 0.01
0 0.491884 0.074660 0.01 0.01
0 0.531014 0.058941 0.01 0.01
0 0.540044 0.051583 0.01 0.01
0 0.548740 0.059275 0.01 0.01
0 0.559108 0.048406 0.01 0.01
0 0.470479 0.128506 0.01 0.01
0 0.821984 0.023573 0.01 0.01
0 0.829509 0.031600 0.01 0.01
0 0.841048 0.080931 0.01 0.01
0 0.847235 0.012536 0.01 0.01
0 0.855763 0.012202 0.01 0.01
0 0.869141 0.021064 0.01 0.01
0 0.906265 0.135864 0.01 0.01
0 0.918640 0.119476 0.01 0.01
0 0.941382 0.100412 0.01 0.01
0 0.871817 0.139208 0.01 0.01
0 0.950412 0.091717 0.01 0.01
0 0.975830 0.226165 0.01 0.01
0 0.824325 0.241884 0.01 0.01
0 0.775830 0.237202 0.01 0.01
0 0.709610 0.148406 0.01 0.01
0 0.579844 0.537703 0.01 0.01
0 0.841382 0.365128 0.01 0.01
0 0.953757 0.117135 0.01 0.01
0 0.969810 0.170981 0.01 0.01
0 1.022319 0.164961 0.01 0.01
0 1.037369 0.125161 0.01 0.01
0 0.598573 0.198740 0.01 0.01
0 0.885529 0.104091 0.01 0.01
0 0.896232 0.021817 0.01 0.01
0 0.909275 0.012452 0.01 0.01
0 0.593891 0.246232 0.01 0.01
0 0.690212 0.011700 0.01 0.01
0 0.721483 0.044141 0.01 0.01
0 0.746399 0.009442 0.01 0.01
0 0.840044 0.149911 0.01 0.01
0 0.847737 0.158606 0.01 0.01
0 0.783690 0.019225 0.01 0.01
0 0.803757 0.007018 0.01 0.01
0 0.795228 0.019225 0.01 0.01
0 0.778506 0.006516 0.01 0.01
0 0.766800 0.003506 0.01 0.01
0 0.761449 0.012202 0.01 0.01
0 0.822653 0.007519 0.01 0.01
0 0.833021 0.011700 0.01 0.01
0 0.810947 0.030095 0.01 0.01
0 0.792887 0.067051 0.01 0.01
0 0.721148 0.010195 0.01 0.01
0 0.668473 0.063205 0.01 0.01
0 0.642553 0.053840 0.01 0.01
0 0.660780 0.016549 0.01 0.01
0 0.657436 0.003506 0.01 0.01
0 0.625998 0.012871 0.01 0.01
0 0.561282 0.018723 0.01 0.01
0 0.526332 0.031767 0.01 0.01
0 0.511784 0.046148 0.01 0.01
0 0.752085 0.048489 0.01 0.01
0 0.775329 0.014041 0.01 0.01
0 0.975161 0.022235 0.01 0.01
0 0.995563 0.023406 0.01 0.01
0 1.004593 0.008188 0.01 0.01
0 1.013790 0.009359 0.01 0.01
0 1.015128 0.052335 0.01 0.01
0 0.988205 0.078255 0.01 0.01
0 1.094058 0.033439 0.01 0.01
0 1.082854 0.014543 0.01 0.01
0 1.023824 0.003506 0.01 0.01
0 1.042887 0.009359 0.01 0.01
0 1.052252 0.010195 0.01 0.01
0 1.229008 0.002753 0.01 0.01
0 1.217971 0.141884 0.01 0.01
0 1.189877 0.101416 0.01 0.01
0 1.206600 0.091048 0.01 0.01
