0 0.429992 0.485372 0.01 0.01
0 0.452777 0.401827 0.01 0.01
0 0.600878 0.390435 0.01 0.01
0 0.287587 0.352460 0.01 0.01
0 0.226827 0.360055 0.01 0.01
0 0.209739 0.409422 0.01 0.01
0 0.086321 0.398030 0.01 0.01
0 0.069232 0.551827 0.01 0.01
0 0.010372 0.392334 0.01 0.01
0 0.524929 0.293600 0.01 0.01
0 0.437587 0.276511 0.01 0.01
0 0.399612 0.189169 0.01 0.01
0 0.331258 0.175878 0.01 0.01
0 0.084422 0.122713 0.01 0.01
0 0.120498 0.058156 0.01 0.01
0 0.335055 0.023979 0.01 0.01
0 0.393916 0.084739 0.01 0.01
0 0.363536 0.105625 0.01 0.01
0 0.978726 0.587903 0.01 0.01
0 0.739486 0.614486 0.01 0.01
0 0.830625 0.485372 0.01 0.01
0 0.853410 0.417017 0.01 0.01
0 0.963536 0.337270 0.01 0.01
0 1.031891 0.418916 0.01 0.01
0 1.229359 0.331574 0.01 0.01
0 1.432524 0.403726 0.01 0.01
0 1.495182 0.576511 0.01 0.01
0 1.478093 1.030308 0.01 0.01
0 1.358473 1.089169 0.01 0.01
0 0.739486 0.092334 0.01 0.01
0 0.676827 0.124612 0.01 0.01
0 0.608473 0.206258 0.01 0.01
0 0.507840 0.118916 0.01 0.01
0 0.437587 0.109422 0.01 0.01
0 0.458473 0.012587 0.01 0.01
0 0.492650 0.056258 0.01 0.01
0 0.517334 0.058156 0.01 0.01
0 0.604675 0.060055 0.01 0.01
0 0.695815 0.060055 0.01 0.01
0 0.754675 0.020182 0.01 0.01
0 0.792650 0.056258 0.01 0.01
0 0.836321 0.113220 0.01 0.01
0 0.883789 0.079043 0.01 0.01
0 0.976827 0.010688 0.01 0.01
0 1.269232 0.050562 0.01 0.01
0 1.252144 0.092334 0.01 0.01
0 1.130625 0.130308 0.01 0.01
0 1.102144 0.143600 0.01 0.01
0 1.043283 0.268916 0.01 0.01
0 0.963536 0.257524 0.01 0.01
0 0.010372 0.122713 0.01 0.01
0 0.002777 0.056258 0.01 0.01
0 0.929311 0.004248 0.01 0.01
0 1.133094 0.012254 0.01 0.01
0 1.210969 0.019532 0.01 0.01
0 1.275743 0.014437 0.01 0.01
0 1.314316 0.004248 0.01 0.01
0 1.406019 0.043549 0.01 0.01
0 1.398013 0.061016 0.01 0.01
0 1.343428 0.144713 0.01 0.01
0 1.352162 0.165819 0.01 0.01
0 0.602921 0.004593 0.01 0.01
