0 0.364673 0.835454 0.01 0.01
0 0.162133 0.659047 0.01 0.01
0 0.900427 1.022750 0.01 0.01
0 1.065944 0.726561 0.01 0.01
0 1.092078 0.643802 0.01 0.01
0 1.089900 0.574111 0.01 0.01
0 1.327287 0.489174 0.01 0.01
0 1.342532 0.443439 0.01 0.01
0 0.011860 0.230009 0.01 0.01
0 0.022750 0.206053 0.01 0.01
0 0.009682 0.099338 0.01 0.01
0 0.083730 0.016579 0.01 0.01
0 0.051788 0.006234 0.01 0.01
0 0.149791 0.049791 0.01 0.01
0 0.214038 0.099882 0.01 0.01
0 0.261951 0.099882 0.01 0.01
0 0.353421 0.006234 0.01 0.01
0 0.611497 0.024746 0.01 0.01
0 0.756325 0.004056 0.01 0.01
0 0.769392 0.051969 0.01 0.01
0 0.118212 0.183730 0.01 0.01
0 0.208594 0.302423 0.01 0.01
0 0.282641 0.259955 0.01 0.01
0 0.267396 0.154329 0.01 0.01
0 0.332731 0.153240 0.01 0.01
0 0.329465 0.099882 0.01 0.01
0 0.370844 0.132550 0.01 0.01
0 0.405690 0.178285 0.01 0.01
0 0.420935 0.233820 0.01 0.01
0 0.423113 0.347069 0.01 0.01
0 0.320753 0.371025 0.01 0.01
0 0.369755 0.433094 0.01 0.01
0 0.613675 0.428739 0.01 0.01
0 0.815490 0.452151 0.01 0.01
0 0.778467 0.367214 0.01 0.01
0 0.983185 0.434728 0.01 0.01
0 0.521479 0.171207 0.01 0.01
0 0.569392 0.160318 0.01 0.01
0 0.493167 0.155962 0.01 0.01
0 0.652151 0.162496 0.01 0.01
0 0.658684 0.108049 0.01 0.01
0 0.610771 0.118938 0.01 0.01
0 0.726198 0.094982 0.01 0.01
0 0.769755 0.155962 0.01 0.01
0 0.795889 0.162496 0.01 0.01
0 0.848158 0.203875 0.01 0.01
0 0.891715 0.290989 0.01 0.01
0 0.935272 0.277922 0.01 0.01
0 0.826379 0.267033 0.01 0.01
0 0.798067 0.251788 0.01 0.01
0 1.039810 0.234365 0.01 0.01
0 1.089900 0.186452 0.01 0.01
0 1.048521 0.114583 0.01 0.01
0 1.131280 0.092804 0.01 0.01
0 1.168303 0.101516 0.01 0.01
0 1.139991 0.129828 0.01 0.01
0 1.004964 0.219120 0.01 0.01
0 1.163947 0.369392 0.01 0.01
0 1.198793 0.351969 0.01 0.01
0 1.285908 0.338902 0.01 0.01
0 1.314220 0.336724 0.01 0.01
0 1.314220 0.262677 0.01 0.01
0 1.386089 0.184274 0.01 0.01
0 1.359955 0.129828 0.01 0.01
0 1.431824 0.099338 0.01 0.01
0 1.436180 0.284456 0.01 0.01
0 1.566851 0.195163 0.01 0.01
0 1.569029 0.132006 0.01 0.01
0 1.560318 0.040535 0.01 0.01
0 0.906960 0.054147 0.01 0.01
0 0.785000 0.008412 0.01 0.01
0 1.024565 0.031280 0.01 0.01
0 1.242350 0.029102 0.01 0.01
0 0.009610 0.354426 0.01 0.01
0 0.123322 0.264794 0.01 0.01
0 0.569476 0.005931 0.01 0.01
0 0.514626 0.015295 0.01 0.01
0 0.033690 0.122486 0.01 0.01
0 0.598907 0.183857 0.01 0.01
0 0.703924 0.180513 0.01 0.01
0 0.735028 0.072319 0.01 0.01
0 0.673824 0.009275 0.01 0.01
0 0.447068 0.581516 0.01 0.01
0 0.946064 0.039543 0.01 0.01
0 0.965128 0.062954 0.01 0.01
0 1.031014 0.108941 0.01 0.01
