0 0.108736 0.611577 0.01 0.01
0 0.015554 0.657031 0.01 0.01
0 0.042827 0.536577 0.01 0.01
0 0.008736 0.500213 0.01 0.01
0 0.062145 0.426349 0.01 0.01
0 0.025781 0.352486 0.01 0.01
0 0.045099 0.341122 0.01 0.01
0 0.013281 0.294531 0.01 0.01
0 0.022372 0.267259 0.01 0.01
0 0.016690 0.214986 0.01 0.01
0 0.008736 0.154759 0.01 0.01
0 0.032599 0.179759 0.01 0.01
0 0.088281 0.175213 0.01 0.01
0 0.064418 0.127486 0.01 0.01
0 0.047372 0.099077 0.01 0.01
0 0.065554 0.078622 0.01 0.01
0 0.013281 0.059304 0.01 0.01
0 0.122372 0.072940 0.01 0.01
0 0.091690 0.072940 0.01 0.01
0 0.112145 0.030895 0.01 0.01
0 0.137145 0.011577 0.01 0.01
0 0.083736 0.011577 0.01 0.01
0 0.040554 0.024077 0.01 0.01
0 0.164418 0.086577 0.01 0.01
0 0.103054 0.104759 0.01 0.01
0 0.114418 0.149077 0.01 0.01
0 0.171236 0.143395 0.01 0.01
0 0.206463 0.174077 0.01 0.01
0 0.189418 0.224077 0.01 0.01
0 0.084872 0.197940 0.01 0.01
0 0.096236 0.213849 0.01 0.01
0 0.116690 0.259304 0.01 0.01
0 0.167827 0.283168 0.01 0.01
0 0.111009 0.311577 0.01 0.01
0 0.043963 0.286577 0.01 0.01
0 0.122372 0.386577 0.01 0.01
0 0.195099 0.367259 0.01 0.01
0 0.163281 0.407031 0.01 0.01
0 0.157599 0.458168 0.01 0.01
0 0.147372 0.496804 0.01 0.01
0 0.191690 0.547940 0.01 0.01
0 0.290554 0.629759 0.01 0.01
0 0.289418 0.558168 0.01 0.01
0 0.287145 0.504759 0.01 0.01
0 0.255327 0.446804 0.01 0.01
0 0.326918 0.452486 0.01 0.01
0 0.425781 0.625213 0.01 0.01
0 0.292827 0.664986 0.01 0.01
0 0.559872 0.659304 0.01 0.01
0 0.601918 0.635440 0.01 0.01
0 0.645099 0.643395 0.01 0.01
0 0.671236 0.601349 0.01 0.01
0 0.516690 0.585440 0.01 0.01
0 0.546236 0.508168 0.01 0.01
0 0.465554 0.521804 0.01 0.01
0 0.404190 0.500213 0.01 0.01
0 0.443963 0.450213 0.01 0.01
0 0.439418 0.422940 0.01 0.01
0 0.379190 0.436577 0.01 0.01
0 0.404190 0.392259 0.01 0.01
0 0.471236 0.389986 0.01 0.01
0 0.366690 0.362713 0.01 0.01
0 0.328054 0.382031 0.01 0.01
0 0.274645 0.394531 0.01 0.01
0 0.407599 0.320668 0.01 0.01
0 0.356463 0.279759 0.01 0.01
0 0.332599 0.300213 0.01 0.01
0 0.303054 0.267259 0.01 0.01
0 0.242827 0.247940 0.01 0.01
0 0.221236 0.276349 0.01 0.01
0 0.266690 0.226349 0.01 0.01
0 0.289418 0.204759 0.01 0.01
0 0.323509 0.243395 0.01 0.01
0 0.367827 0.219531 0.01 0.01
0 0.313281 0.192259 0.01 0.01
0 0.337145 0.149077 0.01 0.01
0 0.290554 0.154759 0.01 0.01
0 0.253054 0.132031 0.01 0.01
0 0.314418 0.114986 0.01 0.01
0 0.264418 0.103622 0.01 0.01
0 0.272372 0.083168 0.01 0.01
0 0.295099 0.076349 0.01 0.01
0 0.233736 0.067259 0.01 0.01
0 0.214418 0.079759 0.01 0.01
0 0.195099 0.079759 0.01 0.01
0 0.175781 0.039986 0.01 0.01
0 0.216690 0.030895 0.01 0.01
0 0.248509 0.022940 0.01 0.01
0 0.290554 0.046804 0.01 0.01
0 0.283736 0.062713 0.01 0.01
0 0.328054 0.054759 0.01 0.01
0 0.380327 0.054759 0.01 0.01
0 0.414418 0.033168 0.01 0.01
0 0.420099 0.068395 0.01 0.01
0 0.403054 0.080895 0.01 0.01
0 0.364418 0.095668 0.01 0.01
0 0.407599 0.114986 0.01 0.01
0 0.370099 0.147940 0.01 0.01
0 0.339418 0.118395 0.01 0.01
0 0.445099 0.152486 0.01 0.01
0 0.418963 0.164986 0.01 0.01
0 0.404190 0.170668 0.01 0.01
0 0.400781 0.189986 0.01 0.01
0 0.420099 0.222940 0.01 0.01
0 0.459872 0.191122 0.01 0.01
0 0.497372 0.159304 0.01 0.01
0 0.506463 0.130895 0.01 0.01
0 0.468963 0.092259 0.01 0.01
0 0.437145 0.095668 0.01 0.01
0 0.467827 0.067259 0.01 0.01
0 0.487145 0.051349 0.01 0.01
0 0.516690 0.043395 0.01 0.01
0 0.578054 0.032031 0.01 0.01
0 0.511009 0.009304 0.01 0.01
0 0.430327 0.009304 0.01 0.01
0 0.611009 0.025213 0.01 0.01
0 0.633736 0.030895 0.01 0.01
0 0.603054 0.054759 0.01 0.01
0 0.586009 0.087713 0.01 0.01
0 0.541690 0.083168 0.01 0.01
0 0.529190 0.150213 0.01 0.01
0 0.586009 0.132031 0.01 0.01
0 0.561009 0.146804 0.01 0.01
0 0.565554 0.162713 0.01 0.01
0 0.592827 0.164986 0.01 0.01
0 0.591690 0.202486 0.01 0.01
0 0.536009 0.189986 0.01 0.01
0 0.526918 0.224077 0.01 0.01
0 0.472372 0.234304 0.01 0.01
0 0.442827 0.244531 0.01 0.01
0 0.508736 0.307031 0.01 0.01
0 0.554190 0.286577 0.01 0.01
0 0.554190 0.254759 0.01 0.01
0 0.573509 0.234304 0.01 0.01
0 0.623509 0.234304 0.01 0.01
0 0.671236 0.294531 0.01 0.01
0 0.539418 0.349077 0.01 0.01
0 0.489418 0.357031 0.01 0.01
0 0.593963 0.407031 0.01 0.01
0 0.675781 0.508168 0.01 0.01
0 0.624645 0.416122 0.01 0.01
0 0.673509 0.368395 0.01 0.01
0 0.731463 0.410440 0.01 0.01
0 0.751918 0.349077 0.01 0.01
0 0.691690 0.322940 0.01 0.01
0 0.754190 0.295668 0.01 0.01
0 0.739418 0.494531 0.01 0.01
0 0.806463 0.545668 0.01 0.01
0 0.784872 0.601349 0.01 0.01
0 0.838281 0.646804 0.01 0.01
0 0.908736 0.601349 0.01 0.01
0 0.938281 0.566122 0.01 0.01
0 0.887145 0.508168 0.01 0.01
0 0.987145 0.592259 0.01 0.01
0 0.939418 0.501349 0.01 0.01
0 0.992827 0.420668 0.01 0.01
0 0.909872 0.396804 0.01 0.01
0 0.800781 0.458168 0.01 0.01
0 0.797372 0.420668 0.01 0.01
0 0.791690 0.383168 0.01 0.01
0 0.790554 0.336577 0.01 0.01
0 0.822372 0.510440 0.01 0.01
0 0.850781 0.342259 0.01 0.01
0 0.924645 0.362713 0.01 0.01
0 0.987145 0.368395 0.01 0.01
0 0.992827 0.333168 0.01 0.01
0 0.951918 0.311577 0.01 0.01
0 0.971236 0.275213 0.01 0.01
0 0.878054 0.267259 0.01 0.01
0 0.866690 0.295668 0.01 0.01
0 0.803054 0.276349 0.01 0.01
0 0.787145 0.239986 0.01 0.01
0 0.755327 0.252486 0.01 0.01
0 0.715554 0.213849 0.01 0.01
0 0.709872 0.238849 0.01 0.01
0 0.648509 0.199077 0.01 0.01
0 0.746236 0.191122 0.01 0.01
0 0.807599 0.234304 0.01 0.01
0 0.787145 0.172940 0.01 0.01
0 0.781463 0.147940 0.01 0.01
0 0.762145 0.135440 0.01 0.01
0 0.707599 0.147940 0.01 0.01
0 0.641690 0.139986 0.01 0.01
0 0.707599 0.111577 0.01 0.01
0 0.704190 0.083168 0.01 0.01
0 0.704190 0.062713 0.01 0.01
0 0.668963 0.052486 0.01 0.01
0 0.649645 0.068395 0.01 0.01
0 0.680327 0.016122 0.01 0.01
0 0.709872 0.014986 0.01 0.01
0 0.748509 0.046804 0.01 0.01
0 0.766690 0.043395 0.01 0.01
0 0.731463 0.022940 0.01 0.01
0 0.795099 0.063849 0.01 0.01
0 0.778054 0.102486 0.01 0.01
0 0.870099 0.095668 0.01 0.01
0 0.865554 0.150213 0.01 0.01
0 0.856463 0.162713 0.01 0.01
0 0.901918 0.146804 0.01 0.01
0 0.915554 0.189986 0.01 0.01
0 0.950781 0.182031 0.01 0.01
0 0.951918 0.158168 0.01 0.01
0 0.967827 0.138849 0.01 0.01
0 0.983736 0.152486 0.01 0.01
0 0.955327 0.094531 0.01 0.01
0 0.948509 0.059304 0.01 0.01
0 0.911009 0.060440 0.01 0.01
0 0.991690 0.091122 0.01 0.01
0 0.918963 0.114986 0.01 0.01
0 0.996236 0.218395 0.01 0.01
0 0.957599 0.220668 0.01 0.01
0 0.915554 0.229759 0.01 0.01
0 0.868963 0.211577 0.01 0.01
0 0.839418 0.211577 0.01 0.01
0 0.907599 0.653622 0.01 0.01
0 0.380327 0.547940 0.01 0.01
0 0.443963 0.267259 0.01 0.01
0 0.937145 0.007031 0.01 0.01
0 0.814418 0.039986 0.01 0.01
0 0.786009 0.032031 0.01 0.01
0 0.884872 0.038849 0.01 0.01
0 0.966690 0.043395 0.01 0.01
0 0.980327 0.012713 0.01 0.01
0 0.303054 0.009304 0.01 0.01
0 0.280327 0.314986 0.01 0.01
0 0.745536 0.072060 0.01 0.01
