0 0.015257 0.004481 0.01 0.01
0 0.038890 0.001360 0.01 0.01
0 0.109788 0.021425 0.01 0.01
0 0.101316 0.004927 0.01 0.01
0 0.123165 0.006265 0.01 0.01
0 0.189159 0.007602 0.01 0.01
0 0.226614 0.004927 0.01 0.01
0 0.111572 0.066907 0.01 0.01
0 0.205657 0.035694 0.01 0.01
0 0.233749 0.052193 0.01 0.01
0 0.327834 0.171694 0.01 0.01
0 0.353250 0.177491 0.01 0.01
0 0.214129 0.218960 0.01 0.01
0 0.165526 0.191760 0.01 0.01
0 0.120936 0.249727 0.01 0.01
0 0.009906 0.246606 0.01 0.01
0 0.141813 0.441973 0.01 0.01
0 0.122796 0.459989 0.01 0.01
0 0.211876 0.302847 0.01 0.01
0 0.262923 0.309853 0.01 0.01
0 0.322977 0.300845 0.01 0.01
0 0.424069 0.360900 0.01 0.01
0 0.404051 0.306851 0.01 0.01
0 0.382031 0.220773 0.01 0.01
0 0.474114 0.251801 0.01 0.01
0 0.497135 0.282829 0.01 0.01
0 0.639264 0.237788 0.01 0.01
0 0.693313 0.233784 0.01 0.01
0 0.810419 0.328871 0.01 0.01
0 0.606234 0.318861 0.01 0.01
0 0.095050 0.809661 0.01 0.01
0 0.272323 0.811609 0.01 0.01
0 0.332713 0.924596 0.01 0.01
0 0.650245 0.836933 0.01 0.01
0 0.691154 0.893427 0.01 0.01
0 1.006739 1.051219 0.01 0.01
0 1.158687 1.047323 0.01 0.01
0 1.117778 0.570050 0.01 0.01
0 1.043752 0.552518 0.01 0.01
0 1.022323 0.106414 0.01 0.01
0 1.177416 0.260608 0.01 0.01
0 1.199360 0.271581 0.01 0.01
0 1.199360 0.222206 0.01 0.01
0 1.309080 0.222206 0.01 0.01
0 1.538273 0.201481 0.01 0.01
0 1.505357 0.191729 0.01 0.01
0 1.484632 0.192948 0.01 0.01
0 1.415143 0.175880 0.01 0.01
0 1.352968 0.158812 0.01 0.01
0 1.264582 0.130163 0.01 0.01
0 1.231666 0.105171 0.01 0.01
0 1.302985 0.085056 0.01 0.01
0 1.234917 0.050838 0.01 0.01
0 1.265395 0.052057 0.01 0.01
0 1.360486 0.058153 0.01 0.01
0 1.390964 0.058153 0.01 0.01
0 1.429976 0.071563 0.01 0.01
0 1.448262 0.066687 0.01 0.01
0 1.376662 0.160229 0.01 0.01
0 1.560620 0.022094 0.01 0.01
0 1.557964 0.063933 0.01 0.01
0 0.312285 0.046566 0.01 0.01
