0 0.324098 0.907814 0.01 0.01
0 0.022722 0.950474 0.01 0.01
0 0.047493 0.657355 0.01 0.01
0 0.131438 0.594052 0.01 0.01
0 0.138318 0.555520 0.01 0.01
0 0.087401 0.516988 0.01 0.01
0 0.152080 0.501851 0.01 0.01
0 0.147952 0.438548 0.01 0.01
0 0.191988 0.459190 0.01 0.01
0 0.238777 0.496346 0.01 0.01
0 0.237401 0.472952 0.01 0.01
0 0.259419 0.423410 0.01 0.01
0 0.238777 0.411025 0.01 0.01
0 0.214007 0.406896 0.01 0.01
0 0.321346 0.467447 0.01 0.01
0 0.350245 0.499098 0.01 0.01
0 0.351621 0.518364 0.01 0.01
0 0.373640 0.551392 0.01 0.01
0 0.390153 0.555520 0.01 0.01
0 0.420429 0.570658 0.01 0.01
0 0.401163 0.614695 0.01 0.01
0 0.347493 0.632585 0.01 0.01
0 0.359878 0.561025 0.01 0.01
0 0.233273 0.680750 0.01 0.01
0 0.209878 0.650474 0.01 0.01
0 0.392906 0.830750 0.01 0.01
0 0.435566 0.738548 0.01 0.01
0 0.681896 0.583043 0.01 0.01
0 0.580062 0.550016 0.01 0.01
0 0.611713 0.490841 0.01 0.01
0 0.588318 0.483961 0.01 0.01
0 0.588318 0.457814 0.01 0.01
0 0.575933 0.460566 0.01 0.01
0 0.566300 0.463318 0.01 0.01
0 0.552539 0.463318 0.01 0.01
0 0.504374 0.461942 0.01 0.01
0 0.661254 0.464695 0.01 0.01
0 0.055750 0.510107 0.01 0.01
0 0.065383 0.459190 0.01 0.01
0 0.103915 0.455062 0.01 0.01
0 0.631323 0.451449 0.01 0.01
0 0.689121 0.426679 0.01 0.01
0 0.728341 0.463146 0.01 0.01
0 0.727309 0.452137 0.01 0.01
0 0.744511 0.454202 0.01 0.01
0 0.771690 0.424958 0.01 0.01
0 0.765153 0.415669 0.01 0.01
0 0.774442 0.412917 0.01 0.01
0 0.787860 0.421862 0.01 0.01
0 0.788204 0.439064 0.01 0.01
0 0.807814 0.377137 0.01 0.01
0 0.790956 0.383674 0.01 0.01
0 0.775818 0.382298 0.01 0.01
0 0.743135 0.387458 0.01 0.01
0 0.739351 0.393307 0.01 0.01
0 0.734878 0.388146 0.01 0.01
0 0.747263 0.381954 0.01 0.01
0 0.769970 0.397091 0.01 0.01
0 0.818479 0.461770 0.01 0.01
0 0.711484 0.462114 0.01 0.01
0 0.834305 0.525417 0.01 0.01
0 0.822952 0.507871 0.01 0.01
0 0.845658 0.459018 0.01 0.01
0 0.614809 0.463146 0.01 0.01
0 0.680520 0.459018 0.01 0.01
0 1.018364 0.561541 0.01 0.01
0 1.078227 0.424958 0.01 0.01
0 1.063777 0.429431 0.01 0.01
0 1.020429 0.418766 0.01 0.01
0 1.008043 0.427023 0.01 0.01
0 0.999786 0.418766 0.01 0.01
0 1.001507 0.390555 0.01 0.01
0 1.063433 0.383330 0.01 0.01
0 1.069970 0.373009 0.01 0.01
0 1.085452 0.377825 0.01 0.01
0 1.087172 0.382986 0.01 0.01
0 1.108158 0.395371 0.01 0.01
0 1.120199 0.423582 0.01 0.01
0 1.127768 0.425991 0.01 0.01
0 1.141874 0.415325 0.01 0.01
0 1.150130 0.403972 0.01 0.01
0 1.171117 0.414637 0.01 0.01
0 1.183846 0.412229 0.01 0.01
0 1.191759 0.421174 0.01 0.01
0 1.246805 0.412917 0.01 0.01
0 1.250245 0.394683 0.01 0.01
0 1.271575 0.392619 0.01 0.01
0 1.280520 0.383674 0.01 0.01
0 1.259878 0.378857 0.01 0.01
0 1.250245 0.380234 0.01 0.01
0 1.239236 0.380234 0.01 0.01
0 1.340727 0.412229 0.01 0.01
0 1.324213 0.417734 0.01 0.01
0 1.321805 0.414981 0.01 0.01
0 1.309763 0.416357 0.01 0.01
0 1.328341 0.455578 0.01 0.01
0 1.348984 0.438032 0.01 0.01
0 1.382355 0.458674 0.01 0.01
0 1.419511 0.477252 0.01 0.01
0 1.431552 0.469339 0.01 0.01
0 1.454603 0.462114 0.01 0.01
0 1.482814 0.461426 0.01 0.01
0 1.268135 0.387802 0.01 0.01
0 1.233043 0.523697 0.01 0.01
0 1.223410 0.519568 0.01 0.01
0 1.219970 0.447665 0.01 0.01
0 1.217562 0.420142 0.01 0.01
0 1.553685 0.467963 0.01 0.01
0 1.526507 0.453857 0.01 0.01
0 1.531323 0.456266 0.01 0.01
0 1.535107 0.417734 0.01 0.01
0 1.526163 0.412229 0.01 0.01
0 1.554718 0.414637 0.01 0.01
0 1.585337 0.409133 0.01 0.01
0 1.578456 0.431151 0.01 0.01
0 1.581208 0.469683 0.01 0.01
0 1.594970 0.465555 0.01 0.01
0 1.563318 0.563261 0.01 0.01
0 1.596690 0.571518 0.01 0.01
0 1.329374 0.625532 0.01 0.01
0 1.343135 0.689523 0.01 0.01
0 1.196575 0.605062 0.01 0.01
0 0.630815 0.788057 0.01 0.01
0 0.113332 0.531114 0.01 0.01
0 0.049396 0.464781 0.01 0.01
0 0.169875 0.458986 0.01 0.01
0 0.136309 0.464581 0.01 0.01
0 0.268577 0.429416 0.01 0.01
0 0.344101 0.448197 0.01 0.01
0 0.388856 0.415030 0.01 0.01
0 0.529716 0.470575 0.01 0.01
0 0.629216 0.430215 0.01 0.01
0 0.687558 0.552693 0.01 0.01
0 0.811034 0.379766 0.01 0.01
0 0.679766 0.418527 0.01 0.01
0 0.796649 0.379566 0.01 0.01
0 0.761684 0.383162 0.01 0.01
0 0.765480 0.381564 0.01 0.01
0 0.812833 0.390954 0.01 0.01
0 0.818227 0.385760 0.01 0.01
0 0.840005 0.421524 0.01 0.01
0 0.844001 0.416928 0.01 0.01
0 1.061184 0.447897 0.01 0.01
0 1.356089 0.419026 0.01 0.01
0 1.329316 0.431414 0.01 0.01
0 1.207838 0.421024 0.01 0.01
