0 0.393916 0.479675 0.01 0.01
0 0.259106 0.477777 0.01 0.01
0 0.669232 0.223346 0.01 0.01
0 0.781258 0.179675 0.01 0.01
0 0.733789 0.179675 0.01 0.01
0 0.893283 0.379043 0.01 0.01
0 0.881891 0.464486 0.01 0.01
0 0.760372 0.597397 0.01 0.01
0 1.003410 0.567017 0.01 0.01
0 1.062270 0.382840 0.01 0.01
0 1.069865 0.232840 0.01 0.01
0 0.978726 0.312587 0.01 0.01
0 0.923663 0.257524 0.01 0.01
0 0.969232 0.240435 0.01 0.01
0 0.667334 0.145498 0.01 0.01
0 0.593283 0.122713 0.01 0.01
0 0.515435 0.211954 0.01 0.01
0 0.469865 0.200562 0.01 0.01
0 0.249612 0.244232 0.01 0.01
0 0.359739 0.223346 0.01 0.01
0 0.424296 0.225245 0.01 0.01
0 0.407207 0.320182 0.01 0.01
0 0.283789 0.384739 0.01 0.01
0 0.152777 0.356258 0.01 0.01
0 0.097713 0.335372 0.01 0.01
0 0.025562 0.210055 0.01 0.01
0 0.086321 0.010688 0.01 0.01
0 0.175562 0.012587 0.01 0.01
0 0.046448 0.004992 0.01 0.01
0 0.462270 0.029675 0.01 0.01
0 0.519232 0.006891 0.01 0.01
0 0.532524 0.056258 0.01 0.01
0 0.600878 0.056258 0.01 0.01
0 0.766068 0.077144 0.01 0.01
0 1.016701 0.033473 0.01 0.01
0 1.132524 0.105625 0.01 0.01
0 1.159106 0.090435 0.01 0.01
0 1.295815 0.050562 0.01 0.01
0 1.373663 0.096131 0.01 0.01
0 1.392650 0.117017 0.01 0.01
0 1.449612 0.371448 0.01 0.01
0 1.424929 0.424612 0.01 0.01
0 1.529359 0.538536 0.01 0.01
0 0.772729 0.009802 0.01 0.01
0 0.645482 0.018540 0.01 0.01
0 0.587592 0.009529 0.01 0.01
0 0.832524 0.010688 0.01 0.01
0 1.100245 0.012587 0.01 0.01
