0 0.004832 0.777080 0.01 0.01
0 0.127309 0.900933 0.01 0.01
0 0.277309 0.622952 0.01 0.01
0 0.420429 0.653227 0.01 0.01
0 0.311713 0.351851 0.01 0.01
0 0.149328 0.441300 0.01 0.01
0 0.055750 0.390383 0.01 0.01
0 0.110796 0.207355 0.01 0.01
0 0.167218 0.182585 0.01 0.01
0 0.607585 0.822493 0.01 0.01
0 0.593823 0.935337 0.01 0.01
0 0.811254 0.998640 0.01 0.01
0 0.995658 1.028915 0.01 0.01
0 1.261254 0.899557 0.01 0.01
0 0.758961 0.651851 0.01 0.01
0 0.677768 0.521117 0.01 0.01
0 0.763089 0.507355 0.01 0.01
0 0.802997 0.397263 0.01 0.01
0 0.822263 0.294052 0.01 0.01
0 0.719052 0.201851 0.01 0.01
0 0.501621 0.164695 0.01 0.01
0 0.434190 0.149557 0.01 0.01
0 0.893823 0.333961 0.01 0.01
0 0.977768 0.303685 0.01 0.01
0 1.127768 0.416530 0.01 0.01
0 1.283273 0.431667 0.01 0.01
0 1.467676 0.332585 0.01 0.01
0 1.102997 0.130291 0.01 0.01
0 1.034190 0.137172 0.01 0.01
0 0.394282 0.090039 0.01 0.01
0 0.490612 0.070085 0.01 0.01
0 0.552539 0.063204 0.01 0.01
0 0.830520 0.091415 0.01 0.01
0 0.886942 0.094855 0.01 0.01
0 0.609649 0.041702 0.01 0.01
0 1.256438 0.040325 0.01 0.01
0 1.325933 0.050646 0.01 0.01
0 1.448410 0.033101 0.01 0.01
0 1.562630 0.072321 0.01 0.01
0 0.694282 0.007814 0.01 0.01
0 0.958502 0.020199 0.01 0.01
0 1.002539 0.007814 0.01 0.01
0 1.342447 0.010566 0.01 0.01
0 0.652085 0.019476 0.01 0.01
0 0.724158 0.002837 0.01 0.01
