0 1.020375 0.692778 0.01 0.01
0 1.053492 0.525245 0.01 0.01
0 0.975570 0.443427 0.01 0.01
0 1.394401 0.661609 0.01 0.01
0 1.528817 0.838881 0.01 0.01
0 1.583362 0.558362 0.01 0.01
0 1.452843 0.416154 0.01 0.01
0 1.269726 0.435635 0.01 0.01
0 1.546349 0.034336 0.01 0.01
0 1.503492 0.067453 0.01 0.01
0 1.411933 0.244726 0.01 0.01
0 1.380765 0.170700 0.01 0.01
0 1.384661 0.121998 0.01 0.01
0 1.369076 0.092778 0.01 0.01
0 1.271674 0.196024 0.01 0.01
0 1.259985 0.065505 0.01 0.01
0 1.217128 0.046024 0.01 0.01
0 1.135310 0.258362 0.01 0.01
0 1.004791 0.092778 0.01 0.01
0 0.878167 0.254466 0.01 0.01
0 0.809985 0.176544 0.01 0.01
0 0.817778 0.133687 0.01 0.01
0 0.961933 0.079141 0.01 0.01
0 1.113881 0.061609 0.01 0.01
0 1.028167 0.028492 0.01 0.01
0 0.157388 0.542778 0.01 0.01
0 0.219726 0.496024 0.01 0.01
0 0.114531 0.459011 0.01 0.01
0 0.017128 0.486284 0.01 0.01
0 0.024920 0.421998 0.01 0.01
0 0.019076 0.314855 0.01 0.01
0 0.071674 0.266154 0.01 0.01
0 0.285959 0.326544 0.01 0.01
0 0.348297 0.367453 0.01 0.01
0 0.552843 0.377193 0.01 0.01
0 0.511933 0.305115 0.01 0.01
0 0.578167 0.205765 0.01 0.01
0 0.726219 0.277843 0.01 0.01
0 0.587907 0.155115 0.01 0.01
0 0.638557 0.092778 0.01 0.01
0 0.675570 0.088881 0.01 0.01
0 0.749596 0.086933 0.01 0.01
0 0.681414 0.053817 0.01 0.01
0 0.617128 0.038232 0.01 0.01
0 0.543102 0.042128 0.01 0.01
0 0.465180 0.133687 0.01 0.01
0 0.363881 0.059661 0.01 0.01
0 0.358037 0.106414 0.01 0.01
0 0.311284 0.110310 0.01 0.01
0 0.299596 0.079141 0.01 0.01
0 0.305440 0.055765 0.01 0.01
0 0.217778 0.075245 0.01 0.01
0 0.215830 0.108362 0.01 0.01
0 0.295700 0.196024 0.01 0.01
0 0.227518 0.223297 0.01 0.01
0 0.184661 0.211609 0.01 0.01
0 0.106739 0.215505 0.01 0.01
0 0.030765 0.164855 0.01 0.01
0 0.128167 0.155115 0.01 0.01
0 0.172972 0.106414 0.01 0.01
0 0.109011 0.089368 0.01 0.01
0 0.116804 0.120537 0.01 0.01
0 0.126544 0.104953 0.01 0.01
0 0.119726 0.073784 0.01 0.01
0 0.154791 0.043589 0.01 0.01
0 0.165505 0.050407 0.01 0.01
0 0.312583 0.003654 0.01 0.01
0 0.200570 0.125407 0.01 0.01
0 0.245375 0.126381 0.01 0.01
0 0.467453 0.023135 0.01 0.01
0 0.383687 0.002680 0.01 0.01
0 0.816804 0.023135 0.01 0.01
0 0.846024 0.062096 0.01 0.01
0 0.860635 0.020213 0.01 0.01
0 0.844076 0.084498 0.01 0.01
0 0.958037 0.046511 0.01 0.01
0 0.907388 0.034823 0.01 0.01
0 0.165680 0.967078 0.01 0.01
0 1.089556 1.043802 0.01 0.01
0 1.188657 0.219026 0.01 0.01
0 1.501943 0.265380 0.01 0.01
0 1.538707 0.139106 0.01 0.01
0 0.096948 0.033612 0.01 0.01
0 0.197570 0.335362 0.01 0.01
0 0.528004 0.069141 0.01 0.01
0 0.046399 0.031683 0.01 0.01
0 1.071148 0.050747 0.01 0.01
