0 0.759955 1.162133 0.01 0.01
0 1.441624 1.164310 0.01 0.01
0 0.703330 0.519664 0.01 0.01
0 0.017486 0.542532 0.01 0.01
0 0.202604 0.481552 0.01 0.01
0 0.272296 0.426016 0.01 0.01
0 0.162314 0.436906 0.01 0.01
0 0.265762 0.385726 0.01 0.01
0 0.306053 0.385726 0.01 0.01
0 0.282096 0.325835 0.01 0.01
0 0.241806 0.363947 0.01 0.01
0 0.225472 0.341080 0.01 0.01
0 0.193893 0.357414 0.01 0.01
0 0.145980 0.360681 0.01 0.01
0 0.061044 0.372659 0.01 0.01
0 0.016398 0.375926 0.01 0.01
0 0.456325 0.398793 0.01 0.01
0 0.546706 0.410771 0.01 0.01
0 0.529283 0.386815 0.01 0.01
0 0.581552 0.525109 0.01 0.01
0 0.661044 0.436906 0.01 0.01
0 0.722024 0.464129 0.01 0.01
0 0.742713 0.461951 0.01 0.01
0 0.749247 0.417305 0.01 0.01
0 0.711134 0.321479 0.01 0.01
0 0.687178 0.332369 0.01 0.01
0 0.662133 0.307323 0.01 0.01
0 0.475926 0.312768 0.01 0.01
0 0.523839 0.298612 0.01 0.01
0 0.540173 0.312768 0.01 0.01
0 0.563040 0.310590 0.01 0.01
0 0.656688 0.280100 0.01 0.01
0 0.722024 0.297523 0.01 0.01
0 0.786271 0.314946 0.01 0.01
0 0.404692 0.167396 0.01 0.01
0 0.408503 0.168485 0.01 0.01
0 0.408503 0.176652 0.01 0.01
0 0.415581 0.182641 0.01 0.01
0 0.424837 0.207142 0.01 0.01
0 0.443349 0.194074 0.01 0.01
0 0.446071 0.157595 0.01 0.01
0 0.486361 0.203330 0.01 0.01
0 0.446615 0.251788 0.01 0.01
0 0.458049 0.250699 0.01 0.01
0 0.462949 0.265944 0.01 0.01
0 0.499428 0.265944 0.01 0.01
0 0.541897 0.254510 0.01 0.01
0 0.569664 0.268122 0.01 0.01
0 0.583276 0.264310 0.01 0.01
0 0.616488 0.271388 0.01 0.01
0 0.665490 0.245254 0.01 0.01
0 0.698158 0.216398 0.01 0.01
0 0.741715 0.216942 0.01 0.01
0 0.700880 0.241443 0.01 0.01
0 0.693258 0.237087 0.01 0.01
0 0.710136 0.259410 0.01 0.01
0 0.741715 0.271933 0.01 0.01
0 0.755871 0.240354 0.01 0.01
0 0.230735 0.221842 0.01 0.01
0 0.779283 0.214764 0.01 0.01
0 0.769483 0.240898 0.01 0.01
0 0.807051 0.277922 0.01 0.01
0 0.821751 0.254510 0.01 0.01
0 0.833730 0.260499 0.01 0.01
0 0.844619 0.230009 0.01 0.01
0 0.836996 0.218031 0.01 0.01
0 0.895799 0.232187 0.01 0.01
0 0.839174 0.286633 0.01 0.01
0 0.847341 0.306234 0.01 0.01
0 0.816307 0.316579 0.01 0.01
0 0.912677 0.293712 0.01 0.01
0 0.926833 0.293712 0.01 0.01
0 1.002514 0.210408 0.01 0.01
0 0.872387 0.435817 0.01 0.01
0 0.942623 0.439084 0.01 0.01
0 0.998158 0.392804 0.01 0.01
0 1.067305 0.400427 0.01 0.01
0 1.074383 0.363403 0.01 0.01
0 1.052604 0.269755 0.01 0.01
0 1.043349 0.206597 0.01 0.01
0 1.040626 0.153240 0.01 0.01
0 1.058594 0.161407 0.01 0.01
0 1.072205 0.157595 0.01 0.01
0 1.076016 0.189174 0.01 0.01
0 1.023203 0.132278 0.01 0.01
0 1.031370 0.129555 0.01 0.01
0 1.075472 0.114855 0.01 0.01
0 1.050427 0.118666 0.01 0.01
0 1.046071 0.118666 0.01 0.01
0 1.098884 0.120300 0.01 0.01
0 1.133185 0.142623 0.01 0.01
0 1.158775 0.120300 0.01 0.01
0 1.037496 0.120572 0.01 0.01
0 1.130871 0.163584 0.01 0.01
0 1.117260 0.162223 0.01 0.01
0 1.097387 0.155690 0.01 0.01
0 1.088403 0.151334 0.01 0.01
0 1.156461 0.140173 0.01 0.01
0 1.117260 0.188085 0.01 0.01
0 1.112087 0.196797 0.01 0.01
0 1.083503 0.195708 0.01 0.01
0 1.133049 0.202786 0.01 0.01
0 1.166261 0.191897 0.01 0.01
0 1.179873 0.195163 0.01 0.01
0 1.186407 0.177468 0.01 0.01
0 1.193485 0.179918 0.01 0.01
0 0.939492 0.197341 0.01 0.01
0 1.258276 0.104510 0.01 0.01
0 1.277332 0.102604 0.01 0.01
0 1.246570 0.125200 0.01 0.01
0 1.209546 0.142623 0.01 0.01
0 1.253920 0.138267 0.01 0.01
0 1.271888 0.131733 0.01 0.01
0 1.283049 0.153512 0.01 0.01
0 1.252287 0.165490 0.01 0.01
0 1.240853 0.170663 0.01 0.01
0 1.232142 0.172840 0.01 0.01
0 1.232142 0.183730 0.01 0.01
0 1.251742 0.185635 0.01 0.01
0 1.265354 0.182096 0.01 0.01
0 1.262359 0.202241 0.01 0.01
0 1.225608 0.202514 0.01 0.01
0 1.353013 0.185635 0.01 0.01
0 1.339946 0.130372 0.01 0.01
0 1.364991 0.115944 0.01 0.01
0 1.357096 0.094710 0.01 0.01
0 1.356007 0.087087 0.01 0.01
0 1.363358 0.091987 0.01 0.01
0 1.364447 0.102332 0.01 0.01
0 1.223566 0.216670 0.01 0.01
0 1.246978 0.228104 0.01 0.01
0 1.109773 0.263494 0.01 0.01
0 0.978013 0.188358 0.01 0.01
0 1.138630 0.259682 0.01 0.01
0 1.156053 0.290717 0.01 0.01
0 1.306325 0.262949 0.01 0.01
0 1.302514 0.336996 0.01 0.01
0 1.365127 0.264583 0.01 0.01
0 1.356960 0.222659 0.01 0.01
0 1.377105 0.222659 0.01 0.01
0 1.384183 0.189991 0.01 0.01
0 1.421751 0.162768 0.01 0.01
0 1.410318 0.242260 0.01 0.01
0 1.413584 0.218848 0.01 0.01
0 1.442986 0.256960 0.01 0.01
0 1.448430 0.282550 0.01 0.01
0 1.465309 0.286361 0.01 0.01
0 1.464220 0.270572 0.01 0.01
0 1.451697 0.220481 0.01 0.01
0 1.465309 0.206325 0.01 0.01
0 1.448975 0.238993 0.01 0.01
0 1.460408 0.111044 0.01 0.01
0 1.446252 0.101243 0.01 0.01
0 1.379964 0.107777 0.01 0.01
0 1.372069 0.100427 0.01 0.01
0 1.408004 0.104238 0.01 0.01
0 1.418893 0.105871 0.01 0.01
0 1.415626 0.099065 0.01 0.01
0 1.436316 0.107777 0.01 0.01
0 1.472251 0.101516 0.01 0.01
0 1.478784 0.109410 0.01 0.01
0 1.481234 0.097160 0.01 0.01
0 1.496479 0.101788 0.01 0.01
0 1.498657 0.117033 0.01 0.01
0 1.503829 0.111316 0.01 0.01
0 1.511452 0.093076 0.01 0.01
0 1.508185 0.087359 0.01 0.01
0 1.428285 0.105599 0.01 0.01
0 1.495753 0.180735 0.01 0.01
0 1.501470 0.162768 0.01 0.01
0 1.529238 0.163857 0.01 0.01
0 1.540672 0.170390 0.01 0.01
0 1.555372 0.162223 0.01 0.01
0 1.575517 0.184819 0.01 0.01
0 1.598113 0.182913 0.01 0.01
0 1.582323 0.157051 0.01 0.01
0 1.590762 0.145617 0.01 0.01
0 1.586407 0.117305 0.01 0.01
0 1.579873 0.111044 0.01 0.01
0 1.560272 0.109682 0.01 0.01
0 1.551289 0.117577 0.01 0.01
0 1.568984 0.103966 0.01 0.01
0 1.560000 0.091443 0.01 0.01
0 1.593757 0.099065 0.01 0.01
0 1.589129 0.085726 0.01 0.01
0 1.535227 0.087359 0.01 0.01
0 1.530055 0.087087 0.01 0.01
0 1.519165 0.095799 0.01 0.01
0 1.527378 0.109955 0.01 0.01
0 1.519211 0.113766 0.01 0.01
0 1.076016 0.272750 0.01 0.01
0 1.290082 0.415672 0.01 0.01
0 1.169211 0.371025 0.01 0.01
0 1.180100 0.330735 0.01 0.01
0 1.165944 0.316579 0.01 0.01
0 1.111497 0.307868 0.01 0.01
0 1.359773 0.387359 0.01 0.01
0 1.394619 0.381915 0.01 0.01
0 1.476289 0.315490 0.01 0.01
0 1.502423 0.362314 0.01 0.01
0 1.538358 0.351425 0.01 0.01
0 0.561225 0.353058 0.01 0.01
0 0.121842 0.201697 0.01 0.01
