0 0.022966 0.447960 0.01 0.01
0 0.031936 0.421049 0.01 0.01
0 0.016442 0.408001 0.01 0.01
0 0.028674 0.403923 0.01 0.01
0 0.007472 0.394953 0.01 0.01
0 0.024597 0.383536 0.01 0.01
0 0.010733 0.351731 0.01 0.01
0 0.051508 0.372119 0.01 0.01
0 0.034383 0.370488 0.01 0.01
0 0.046615 0.363148 0.01 0.01
0 0.047431 0.346023 0.01 0.01
0 0.063741 0.350100 0.01 0.01
0 0.072711 0.361517 0.01 0.01
0 0.074342 0.377827 0.01 0.01
0 0.085759 0.377827 0.01 0.01
0 0.067818 0.389244 0.01 0.01
0 0.067003 0.408001 0.01 0.01
0 0.047431 0.406370 0.01 0.01
0 0.044984 0.400661 0.01 0.01
0 0.040091 0.385167 0.01 0.01
0 0.051508 0.417787 0.01 0.01
0 0.058032 0.427572 0.01 0.01
0 0.049062 0.436543 0.01 0.01
0 0.079235 0.443067 0.01 0.01
0 0.081682 0.425941 0.01 0.01
0 0.075973 0.421049 0.01 0.01
0 0.075158 0.410447 0.01 0.01
0 0.092283 0.394953 0.01 0.01
0 0.078420 0.394953 0.01 0.01
0 0.110224 0.385167 0.01 0.01
0 0.095545 0.369672 0.01 0.01
0 0.098807 0.343577 0.01 0.01
0 0.077604 0.346839 0.01 0.01
0 0.064556 0.332975 0.01 0.01
0 0.090652 0.324005 0.01 0.01
0 0.113486 0.295462 0.01 0.01
0 0.115117 0.281599 0.01 0.01
0 0.111855 0.263658 0.01 0.01
0 0.137135 0.288123 0.01 0.01
0 0.136320 0.270998 0.01 0.01
0 0.150999 0.274260 0.01 0.01
0 0.102069 0.325636 0.01 0.01
0 0.112670 0.320743 0.01 0.01
0 0.112670 0.310957 0.01 0.01
0 0.101253 0.311772 0.01 0.01
0 0.126534 0.321558 0.01 0.01
0 0.135504 0.305248 0.01 0.01
0 0.151814 0.321558 0.01 0.01
0 0.113486 0.477318 0.01 0.01
0 0.111855 0.461823 0.01 0.01
0 0.111855 0.438989 0.01 0.01
0 0.100438 0.460192 0.01 0.01
0 0.138766 0.452037 0.01 0.01
0 0.126534 0.448775 0.01 0.01
0 0.136320 0.432465 0.01 0.01
0 0.128165 0.408001 0.01 0.01
0 0.108593 0.410447 0.01 0.01
0 0.131427 0.394953 0.01 0.01
0 0.127349 0.372119 0.01 0.01
0 0.145290 0.368857 0.01 0.01
0 0.144475 0.357440 0.01 0.01
0 0.141213 0.342761 0.01 0.01
0 0.114301 0.346839 0.01 0.01
0 0.155891 0.300355 0.01 0.01
0 0.169755 0.285676 0.01 0.01
0 0.190958 0.280783 0.01 0.01
0 0.189327 0.289754 0.01 0.01
0 0.184434 0.270998 0.01 0.01
0 0.176279 0.316665 0.01 0.01
0 0.185249 0.315850 0.01 0.01
0 0.196666 0.310141 0.01 0.01
0 0.198297 0.316665 0.01 0.01
0 0.198297 0.328898 0.01 0.01
0 0.198297 0.337053 0.01 0.01
0 0.177910 0.337868 0.01 0.01
0 0.160784 0.338684 0.01 0.01
0 0.173832 0.361517 0.01 0.01
0 0.162415 0.373750 0.01 0.01
0 0.157522 0.385167 0.01 0.01
0 0.155891 0.406370 0.01 0.01
0 0.155891 0.417787 0.01 0.01
0 0.156707 0.436543 0.01 0.01
0 0.168939 0.430834 0.01 0.01
0 0.163231 0.459377 0.01 0.01
0 0.154261 0.476502 0.01 0.01
0 0.144475 0.474871 0.01 0.01
0 0.179541 0.483842 0.01 0.01
0 0.188511 0.469163 0.01 0.01
0 0.187696 0.447960 0.01 0.01
0 0.206452 0.487919 0.01 0.01
0 0.203190 0.471609 0.01 0.01
0 0.213792 0.447960 0.01 0.01
0 0.204821 0.436543 0.01 0.01
0 0.207268 0.413709 0.01 0.01
0 0.205637 0.394953 0.01 0.01
0 0.168124 0.408001 0.01 0.01
0 0.188511 0.399030 0.01 0.01
0 0.198297 0.375381 0.01 0.01
0 0.190958 0.366410 0.01 0.01
0 0.209714 0.363148 0.01 0.01
0 0.231732 0.332160 0.01 0.01
0 0.221947 0.316665 0.01 0.01
0 0.216238 0.301171 0.01 0.01
0 0.227655 0.303617 0.01 0.01
0 0.221131 0.295462 0.01 0.01
0 0.210530 0.284045 0.01 0.01
0 0.208899 0.265289 0.01 0.01
0 0.226024 0.261212 0.01 0.01
0 0.230917 0.279968 0.01 0.01
0 0.243149 0.274260 0.01 0.01
0 0.260275 0.280783 0.01 0.01
0 0.252120 0.300355 0.01 0.01
0 0.251304 0.289754 0.01 0.01
0 0.253751 0.317481 0.01 0.01
0 0.241518 0.354178 0.01 0.01
0 0.254566 0.350100 0.01 0.01
0 0.265168 0.350100 0.01 0.01
0 0.274954 0.340315 0.01 0.01
0 0.256197 0.363964 0.01 0.01
0 0.239072 0.369672 0.01 0.01
0 0.230917 0.374565 0.01 0.01
0 0.243149 0.385167 0.01 0.01
0 0.232548 0.396584 0.01 0.01
0 0.226024 0.413709 0.01 0.01
0 0.244780 0.421864 0.01 0.01
0 0.243149 0.434912 0.01 0.01
0 0.245596 0.465085 0.01 0.01
0 0.252935 0.478133 0.01 0.01
0 0.262721 0.447960 0.01 0.01
0 0.283924 0.449591 0.01 0.01
0 0.273323 0.417787 0.01 0.01
0 0.274954 0.403108 0.01 0.01
0 0.287186 0.394953 0.01 0.01
0 0.280662 0.372119 0.01 0.01
0 0.290448 0.354993 0.01 0.01
0 0.303496 0.337053 0.01 0.01
0 0.293710 0.346023 0.01 0.01
0 0.278216 0.311772 0.01 0.01
0 0.278216 0.298724 0.01 0.01
0 0.278216 0.291385 0.01 0.01
0 0.288817 0.276706 0.01 0.01
0 0.278216 0.268551 0.01 0.01
0 0.305127 0.268551 0.01 0.01
0 0.315728 0.279968 0.01 0.01
0 0.313282 0.270182 0.01 0.01
0 0.316544 0.264474 0.01 0.01
0 0.333669 0.265289 0.01 0.01
0 0.330407 0.286492 0.01 0.01
0 0.315728 0.297909 0.01 0.01
0 0.293710 0.299540 0.01 0.01
0 0.298603 0.319927 0.01 0.01
0 0.324699 0.310141 0.01 0.01
0 0.316544 0.329713 0.01 0.01
0 0.329592 0.332160 0.01 0.01
0 0.336931 0.320743 0.01 0.01
0 0.342640 0.306879 0.01 0.01
0 0.334485 0.346839 0.01 0.01
0 0.330407 0.360702 0.01 0.01
0 0.330407 0.381089 0.01 0.01
0 0.316544 0.402292 0.01 0.01
0 0.311651 0.425126 0.01 0.01
0 0.313282 0.434912 0.01 0.01
0 0.300234 0.470794 0.01 0.01
0 0.292079 0.493628 0.01 0.01
0 0.314913 0.491181 0.01 0.01
0 0.318175 0.478133 0.01 0.01
0 0.282293 0.476502 0.01 0.01
0 0.372813 0.470794 0.01 0.01
0 0.386676 0.477318 0.01 0.01
0 0.367920 0.452037 0.01 0.01
0 0.339378 0.437358 0.01 0.01
0 0.378521 0.423495 0.01 0.01
0 0.363843 0.403923 0.01 0.01
0 0.344271 0.397399 0.01 0.01
0 0.345902 0.379458 0.01 0.01
0 0.356503 0.385167 0.01 0.01
0 0.342640 0.372119 0.01 0.01
0 0.350795 0.350100 0.01 0.01
0 0.370367 0.358255 0.01 0.01
0 0.363027 0.341130 0.01 0.01
0 0.349164 0.337868 0.01 0.01
0 0.354057 0.320743 0.01 0.01
0 0.368736 0.297093 0.01 0.01
0 0.358134 0.297093 0.01 0.01
0 0.343455 0.286492 0.01 0.01
0 0.355688 0.283230 0.01 0.01
0 0.402986 0.291385 0.01 0.01
0 0.381783 0.294647 0.01 0.01
0 0.380152 0.276706 0.01 0.01
0 0.364658 0.274260 0.01 0.01
0 0.355688 0.270182 0.01 0.01
0 0.345086 0.262843 0.01 0.01
0 0.357319 0.261212 0.01 0.01
0 0.395647 0.278337 0.01 0.01
0 0.376890 0.264474 0.01 0.01
0 0.405433 0.268551 0.01 0.01
0 0.409510 0.263658 0.01 0.01
0 0.421743 0.265289 0.01 0.01
0 0.438868 0.275075 0.01 0.01
0 0.428267 0.261212 0.01 0.01
0 0.440499 0.260396 0.01 0.01
0 0.416850 0.297093 0.01 0.01
0 0.430713 0.293016 0.01 0.01
0 0.457624 0.293831 0.01 0.01
0 0.416034 0.325636 0.01 0.01
0 0.411141 0.323189 0.01 0.01
0 0.396462 0.320743 0.01 0.01
0 0.376075 0.323189 0.01 0.01
0 0.390754 0.342761 0.01 0.01
0 0.400540 0.359886 0.01 0.01
0 0.400540 0.373750 0.01 0.01
0 0.382599 0.387613 0.01 0.01
0 0.358950 0.372119 0.01 0.01
0 0.417665 0.383536 0.01 0.01
0 0.404617 0.389244 0.01 0.01
0 0.407879 0.413709 0.01 0.01
0 0.419296 0.412078 0.01 0.01
0 0.392385 0.455299 0.01 0.01
0 0.395647 0.432465 0.01 0.01
0 0.411957 0.425126 0.01 0.01
0 0.431529 0.446329 0.01 0.01
0 0.431529 0.465085 0.01 0.01
0 0.435606 0.494443 0.01 0.01
0 0.442130 0.454484 0.01 0.01
0 0.447838 0.430834 0.01 0.01
0 0.439684 0.406370 0.01 0.01
0 0.432344 0.383536 0.01 0.01
0 0.416850 0.351731 0.01 0.01
0 0.438053 0.335422 0.01 0.01
0 0.450285 0.314219 0.01 0.01
0 0.425820 0.315034 0.01 0.01
0 0.450285 0.349285 0.01 0.01
0 0.450285 0.357440 0.01 0.01
0 0.452731 0.377827 0.01 0.01
0 0.470672 0.370488 0.01 0.01
0 0.478827 0.375381 0.01 0.01
0 0.485351 0.393322 0.01 0.01
0 0.458440 0.419418 0.01 0.01
0 0.487798 0.412078 0.01 0.01
0 0.473934 0.454484 0.01 0.01
0 0.501661 0.494443 0.01 0.01
0 0.536727 0.500967 0.01 0.01
0 0.517971 0.461008 0.01 0.01
0 0.516340 0.434912 0.01 0.01
0 0.498399 0.423495 0.01 0.01
0 0.507370 0.403108 0.01 0.01
0 0.536727 0.427572 0.01 0.01
0 0.559561 0.438174 0.01 0.01
0 0.568532 0.457746 0.01 0.01
0 0.588919 0.467532 0.01 0.01
0 0.612568 0.499336 0.01 0.01
0 0.620723 0.466716 0.01 0.01
0 0.610937 0.446329 0.01 0.01
0 0.628878 0.436543 0.01 0.01
0 0.597889 0.430834 0.01 0.01
0 0.579949 0.404739 0.01 0.01
0 0.537543 0.394953 0.01 0.01
0 0.536727 0.381089 0.01 0.01
0 0.554668 0.363148 0.01 0.01
0 0.575056 0.346839 0.01 0.01
0 0.562823 0.329713 0.01 0.01
0 0.539174 0.334606 0.01 0.01
0 0.516340 0.357440 0.01 0.01
0 0.522048 0.334606 0.01 0.01
0 0.505739 0.369672 0.01 0.01
0 0.495137 0.354993 0.01 0.01
0 0.485351 0.337053 0.01 0.01
0 0.497584 0.328898 0.01 0.01
0 0.480458 0.321558 0.01 0.01
0 0.459255 0.303617 0.01 0.01
0 0.481274 0.282414 0.01 0.01
0 0.469857 0.279968 0.01 0.01
0 0.495953 0.306879 0.01 0.01
0 0.516340 0.315850 0.01 0.01
0 0.537543 0.308510 0.01 0.01
0 0.643557 0.486288 0.01 0.01
0 0.668022 0.459377 0.01 0.01
0 0.659867 0.440620 0.01 0.01
0 0.640295 0.406370 0.01 0.01
0 0.639480 0.394953 0.01 0.01
0 0.635402 0.381905 0.01 0.01
0 0.620723 0.368857 0.01 0.01
0 0.603598 0.381905 0.01 0.01
0 0.653343 0.415340 0.01 0.01
0 0.692487 0.469163 0.01 0.01
0 0.690040 0.489550 0.01 0.01
0 0.712874 0.495258 0.01 0.01
0 0.749571 0.494443 0.01 0.01
0 0.753649 0.477318 0.01 0.01
0 0.743863 0.466716 0.01 0.01
0 0.747125 0.453668 0.01 0.01
0 0.777298 0.467532 0.01 0.01
0 0.784638 0.486288 0.01 0.01
0 0.779745 0.427572 0.01 0.01
0 0.748756 0.406370 0.01 0.01
0 0.734893 0.409632 0.01 0.01
0 0.712874 0.425941 0.01 0.01
0 0.700642 0.421864 0.01 0.01
0 0.712059 0.409632 0.01 0.01
0 0.685147 0.406370 0.01 0.01
0 0.664760 0.392506 0.01 0.01
0 0.656605 0.379458 0.01 0.01
0 0.641111 0.343577 0.01 0.01
0 0.612568 0.352547 0.01 0.01
0 0.605229 0.329713 0.01 0.01
0 0.623170 0.308510 0.01 0.01
0 0.597074 0.305248 0.01 0.01
0 0.584842 0.301171 0.01 0.01
0 0.566901 0.311772 0.01 0.01
0 0.559561 0.294647 0.01 0.01
0 0.544067 0.274260 0.01 0.01
0 0.576687 0.271813 0.01 0.01
0 0.601967 0.277521 0.01 0.01
0 0.616646 0.286492 0.01 0.01
0 0.641926 0.288123 0.01 0.01
0 0.650897 0.315034 0.01 0.01
0 0.659867 0.299540 0.01 0.01
0 0.680254 0.299540 0.01 0.01
0 0.683516 0.287307 0.01 0.01
0 0.676177 0.270182 0.01 0.01
0 0.694933 0.300355 0.01 0.01
0 0.707981 0.300355 0.01 0.01
0 0.732446 0.297093 0.01 0.01
0 0.710428 0.315850 0.01 0.01
0 0.700642 0.332160 0.01 0.01
0 0.697380 0.358255 0.01 0.01
0 0.668022 0.337053 0.01 0.01
0 0.738154 0.351731 0.01 0.01
0 0.710428 0.355809 0.01 0.01
0 0.741416 0.328898 0.01 0.01
0 0.756095 0.319927 0.01 0.01
0 0.749571 0.334606 0.01 0.01
0 0.744678 0.340315 0.01 0.01
0 0.747940 0.379458 0.01 0.01
0 0.766697 0.385167 0.01 0.01
0 0.765881 0.366410 0.01 0.01
0 0.753649 0.355809 0.01 0.01
0 0.791162 0.385167 0.01 0.01
0 0.787084 0.366410 0.01 0.01
0 0.792793 0.354993 0.01 0.01
0 0.781376 0.338684 0.01 0.01
0 0.776483 0.315850 0.01 0.01
0 0.772405 0.297909 0.01 0.01
0 0.747125 0.303617 0.01 0.01
0 0.726738 0.279968 0.01 0.01
0 0.786269 0.301171 0.01 0.01
0 0.791162 0.299540 0.01 0.01
0 0.780560 0.279968 0.01 0.01
0 0.791977 0.272629 0.01 0.01
0 0.767512 0.274260 0.01 0.01
0 0.753649 0.262843 0.01 0.01
0 0.745494 0.268551 0.01 0.01
0 0.710428 0.265289 0.01 0.01
0 0.495953 0.270182 0.01 0.01
0 0.510632 0.281599 0.01 0.01
0 0.807064 0.487919 0.01 0.01
0 0.794016 0.493628 0.01 0.01
0 0.809510 0.433281 0.01 0.01
0 0.830713 0.400661 0.01 0.01
0 0.823374 0.366410 0.01 0.01
0 0.805433 0.351731 0.01 0.01
0 0.820927 0.335422 0.01 0.01
0 0.829082 0.326451 0.01 0.01
0 0.844577 0.320743 0.01 0.01
0 0.800540 0.320743 0.01 0.01
0 0.804617 0.308510 0.01 0.01
0 0.815219 0.302802 0.01 0.01
0 0.831529 0.302802 0.01 0.01
0 0.844577 0.304433 0.01 0.01
0 0.861702 0.293831 0.01 0.01
0 0.870672 0.294647 0.01 0.01
0 0.860886 0.278337 0.01 0.01
0 0.809510 0.271813 0.01 0.01
0 0.835606 0.270182 0.01 0.01
0 0.849469 0.365595 0.01 0.01
0 0.847838 0.346023 0.01 0.01
0 0.830713 0.346023 0.01 0.01
0 0.869041 0.320743 0.01 0.01
0 0.858440 0.454484 0.01 0.01
0 0.855993 0.413709 0.01 0.01
0 0.845392 0.400661 0.01 0.01
0 0.872303 0.404739 0.01 0.01
0 0.892691 0.385167 0.01 0.01
0 0.877196 0.357440 0.01 0.01
0 0.889429 0.349285 0.01 0.01
0 0.888613 0.328898 0.01 0.01
0 0.868226 0.331344 0.01 0.01
0 0.866595 0.469163 0.01 0.01
0 0.840499 0.502598 0.01 0.01
0 0.826636 0.476502 0.01 0.01
0 0.827451 0.423495 0.01 0.01
0 0.705127 0.446329 0.01 0.01
0 0.885351 0.501782 0.01 0.01
0 0.899215 0.480580 0.01 0.01
0 0.920417 0.478133 0.01 0.01
0 0.950591 0.465085 0.01 0.01
0 0.939989 0.438174 0.01 0.01
0 0.913894 0.444698 0.01 0.01
0 0.891060 0.447960 0.01 0.01
0 0.910632 0.421049 0.01 0.01
0 0.891060 0.415340 0.01 0.01
0 0.910632 0.398215 0.01 0.01
0 0.918786 0.377827 0.01 0.01
0 0.931019 0.373750 0.01 0.01
0 0.935096 0.361517 0.01 0.01
0 0.945698 0.372119 0.01 0.01
0 0.946513 0.357440 0.01 0.01
0 0.957930 0.360702 0.01 0.01
0 0.948960 0.385167 0.01 0.01
0 0.939174 0.413709 0.01 0.01
0 0.926126 0.419418 0.01 0.01
0 0.970978 0.429203 0.01 0.01
0 0.972609 0.443067 0.01 0.01
0 0.997889 0.467532 0.01 0.01
0 0.970163 0.500151 0.01 0.01
0 1.050081 0.493628 0.01 0.01
0 1.063129 0.471609 0.01 0.01
0 1.098195 0.473240 0.01 0.01
0 1.092487 0.496074 0.01 0.01
0 1.130000 0.457746 0.01 0.01
0 1.139785 0.457746 0.01 0.01
0 1.175667 0.469163 0.01 0.01
0 1.191162 0.485473 0.01 0.01
0 1.191162 0.477318 0.01 0.01
0 1.208287 0.485473 0.01 0.01
0 1.156911 0.500151 0.01 0.01
0 1.219704 0.470794 0.01 0.01
0 1.227043 0.465085 0.01 0.01
0 1.227859 0.452037 0.01 0.01
0 1.213995 0.440620 0.01 0.01
0 1.189531 0.443067 0.01 0.01
0 1.183822 0.434912 0.01 0.01
0 1.167512 0.408816 0.01 0.01
0 1.165066 0.429203 0.01 0.01
0 1.148756 0.419418 0.01 0.01
0 1.122660 0.427572 0.01 0.01
0 1.101457 0.430834 0.01 0.01
0 1.101457 0.438989 0.01 0.01
0 1.059867 0.453668 0.01 0.01
0 1.037033 0.438174 0.01 0.01
0 1.022354 0.429203 0.01 0.01
0 1.007675 0.436543 0.01 0.01
0 1.018277 0.414525 0.01 0.01
0 1.003598 0.402292 0.01 0.01
0 0.990550 0.415340 0.01 0.01
0 0.990550 0.406370 0.01 0.01
0 0.988104 0.386798 0.01 0.01
0 0.987288 0.374565 0.01 0.01
0 0.970163 0.373750 0.01 0.01
0 0.972609 0.413709 0.01 0.01
0 0.968532 0.408001 0.01 0.01
0 0.966085 0.396584 0.01 0.01
0 0.884536 0.306879 0.01 0.01
0 0.885351 0.287307 0.01 0.01
0 0.905739 0.287307 0.01 0.01
0 0.918786 0.297093 0.01 0.01
0 0.893506 0.277521 0.01 0.01
0 0.875565 0.275891 0.01 0.01
0 0.916340 0.275075 0.01 0.01
0 0.933465 0.272629 0.01 0.01
0 0.942436 0.269367 0.01 0.01
0 0.958746 0.270182 0.01 0.01
0 0.974240 0.268551 0.01 0.01
0 0.949775 0.266920 0.01 0.01
0 0.988104 0.285676 0.01 0.01
0 0.975056 0.297093 0.01 0.01
0 0.945698 0.297093 0.01 0.01
0 0.943251 0.310141 0.01 0.01
0 0.975056 0.314219 0.01 0.01
0 0.912263 0.323189 0.01 0.01
0 0.907370 0.342761 0.01 0.01
0 0.901661 0.359886 0.01 0.01
0 0.931834 0.338684 0.01 0.01
0 0.948960 0.343577 0.01 0.01
0 0.950591 0.334606 0.01 0.01
0 0.931019 0.327267 0.01 0.01
0 0.941620 0.324005 0.01 0.01
0 1.010937 0.348470 0.01 0.01
0 1.011753 0.361517 0.01 0.01
0 1.003598 0.366410 0.01 0.01
0 1.026432 0.379458 0.01 0.01
0 1.025616 0.363964 0.01 0.01
0 1.024801 0.357440 0.01 0.01
0 0.975056 0.346023 0.01 0.01
0 0.970978 0.332160 0.01 0.01
0 0.988104 0.325636 0.01 0.01
0 1.013384 0.323189 0.01 0.01
0 0.999520 0.314219 0.01 0.01
0 1.018277 0.301171 0.01 0.01
0 1.015015 0.288123 0.01 0.01
0 1.002782 0.285676 0.01 0.01
0 1.029694 0.314219 0.01 0.01
0 1.038664 0.295462 0.01 0.01
0 1.032140 0.297093 0.01 0.01
0 1.031325 0.341130 0.01 0.01
0 1.038664 0.354993 0.01 0.01
0 1.047635 0.354993 0.01 0.01
0 1.049266 0.387613 0.01 0.01
0 1.032956 0.400661 0.01 0.01
0 1.049266 0.409632 0.01 0.01
0 1.064760 0.408001 0.01 0.01
0 1.079439 0.409632 0.01 0.01
0 1.082701 0.385167 0.01 0.01
0 1.099826 0.379458 0.01 0.01
0 1.116952 0.400661 0.01 0.01
0 1.125922 0.409632 0.01 0.01
0 1.118583 0.394953 0.01 0.01
0 1.145494 0.380274 0.01 0.01
0 1.165066 0.396584 0.01 0.01
0 1.180560 0.393322 0.01 0.01
0 1.192793 0.377827 0.01 0.01
0 1.214811 0.379458 0.01 0.01
0 1.191977 0.346023 0.01 0.01
0 1.218073 0.344392 0.01 0.01
0 1.233567 0.351731 0.01 0.01
0 1.231121 0.355809 0.01 0.01
0 1.227859 0.326451 0.01 0.01
0 1.222966 0.311772 0.01 0.01
0 1.204210 0.314219 0.01 0.01
0 1.209103 0.299540 0.01 0.01
0 1.224597 0.268551 0.01 0.01
0 1.205841 0.274260 0.01 0.01
0 1.178114 0.274260 0.01 0.01
0 1.141416 0.293831 0.01 0.01
0 1.150387 0.260396 0.01 0.01
0 1.134077 0.279968 0.01 0.01
0 1.110428 0.286492 0.01 0.01
0 1.063945 0.368857 0.01 0.01
0 1.059867 0.344392 0.01 0.01
0 1.073730 0.340315 0.01 0.01
0 1.063129 0.327267 0.01 0.01
0 1.062314 0.302802 0.01 0.01
0 1.073730 0.285676 0.01 0.01
0 1.091671 0.279968 0.01 0.01
0 1.078623 0.275075 0.01 0.01
0 1.074546 0.266105 0.01 0.01
0 1.088409 0.268551 0.01 0.01
0 1.113690 0.269367 0.01 0.01
0 1.099011 0.268551 0.01 0.01
0 1.128369 0.315034 0.01 0.01
0 1.142232 0.341130 0.01 0.01
0 1.116136 0.354993 0.01 0.01
0 1.112059 0.334606 0.01 0.01
0 1.122660 0.332975 0.01 0.01
0 1.167512 0.318296 0.01 0.01
0 1.164250 0.295462 0.01 0.01
0 1.178929 0.288938 0.01 0.01
0 1.096564 0.302802 0.01 0.01
0 1.101457 0.320743 0.01 0.01
0 1.078623 0.300355 0.01 0.01
0 1.048450 0.266920 0.01 0.01
0 1.042742 0.285676 0.01 0.01
0 1.042742 0.275891 0.01 0.01
0 1.032140 0.265289 0.01 0.01
0 1.012568 0.264474 0.01 0.01
0 1.099826 0.346023 0.01 0.01
0 1.161804 0.344392 0.01 0.01
0 1.196055 0.416156 0.01 0.01
0 1.205025 0.412078 0.01 0.01
0 1.208287 0.397399 0.01 0.01
0 1.218073 0.394953 0.01 0.01
0 0.552630 0.490366 0.01 0.01
0 1.084740 0.454484 0.01 0.01
0 1.233160 0.486288 0.01 0.01
0 1.254362 0.499336 0.01 0.01
0 1.275565 0.494443 0.01 0.01
0 1.247838 0.466716 0.01 0.01
0 1.275565 0.438989 0.01 0.01
0 1.261702 0.438174 0.01 0.01
0 1.237237 0.438174 0.01 0.01
0 1.249469 0.414525 0.01 0.01
0 1.239684 0.390875 0.01 0.01
0 1.255178 0.396584 0.01 0.01
0 1.260886 0.383536 0.01 0.01
0 1.280458 0.390875 0.01 0.01
0 1.300846 0.385167 0.01 0.01
0 1.315525 0.373750 0.01 0.01
0 1.280458 0.414525 0.01 0.01
0 1.310632 0.459377 0.01 0.01
0 1.284536 0.461008 0.01 0.01
0 1.320417 0.476502 0.01 0.01
0 1.350591 0.471609 0.01 0.01
0 1.362823 0.485473 0.01 0.01
0 1.335096 0.442251 0.01 0.01
0 1.310632 0.425126 0.01 0.01
0 1.324495 0.421049 0.01 0.01
0 1.339989 0.389244 0.01 0.01
0 1.322864 0.406370 0.01 0.01
0 1.363639 0.387613 0.01 0.01
0 1.379949 0.377827 0.01 0.01
0 1.373425 0.412078 0.01 0.01
0 1.362823 0.430834 0.01 0.01
0 1.376687 0.452037 0.01 0.01
0 1.402782 0.477318 0.01 0.01
0 1.412568 0.443882 0.01 0.01
0 1.419908 0.417787 0.01 0.01
0 1.437849 0.423495 0.01 0.01
0 1.472915 0.463454 0.01 0.01
0 1.451712 0.471609 0.01 0.01
0 1.463945 0.487919 0.01 0.01
0 1.420723 0.476502 0.01 0.01
0 1.514505 0.490366 0.01 0.01
0 1.487594 0.500967 0.01 0.01
0 1.525922 0.457746 0.01 0.01
0 1.515321 0.447960 0.01 0.01
0 1.566697 0.469163 0.01 0.01
0 1.560988 0.442251 0.01 0.01
0 1.545494 0.430834 0.01 0.01
0 1.538154 0.415340 0.01 0.01
0 1.527553 0.408816 0.01 0.01
0 1.558542 0.409632 0.01 0.01
0 1.476177 0.426757 0.01 0.01
0 1.495749 0.423495 0.01 0.01
0 1.432140 0.389244 0.01 0.01
0 1.410937 0.392506 0.01 0.01
0 1.456605 0.381905 0.01 0.01
0 1.468837 0.394953 0.01 0.01
0 1.491671 0.400661 0.01 0.01
0 1.481885 0.387613 0.01 0.01
0 1.493302 0.376196 0.01 0.01
0 1.514505 0.373750 0.01 0.01
0 1.522660 0.392506 0.01 0.01
0 1.525922 0.402292 0.01 0.01
0 1.556095 0.374565 0.01 0.01
0 1.583822 0.400661 0.01 0.01
0 1.591977 0.387613 0.01 0.01
0 1.591977 0.436543 0.01 0.01
0 1.578929 0.419418 0.01 0.01
0 1.278012 0.365595 0.01 0.01
0 1.254362 0.361517 0.01 0.01
0 1.273934 0.337868 0.01 0.01
0 1.284536 0.340315 0.01 0.01
0 1.242130 0.293016 0.01 0.01
0 1.251100 0.270998 0.01 0.01
0 1.263333 0.278337 0.01 0.01
0 1.268226 0.293831 0.01 0.01
0 1.258440 0.320743 0.01 0.01
0 1.274750 0.314219 0.01 0.01
0 1.297584 0.315850 0.01 0.01
0 1.297584 0.325636 0.01 0.01
0 1.318786 0.325636 0.01 0.01
0 1.335096 0.331344 0.01 0.01
0 1.327757 0.338684 0.01 0.01
0 1.359561 0.325636 0.01 0.01
0 1.351406 0.314219 0.01 0.01
0 1.367716 0.341130 0.01 0.01
0 1.370978 0.351731 0.01 0.01
0 1.358746 0.363964 0.01 0.01
0 1.343251 0.361517 0.01 0.01
0 1.328572 0.366410 0.01 0.01
0 1.428063 0.338684 0.01 0.01
0 1.424801 0.363148 0.01 0.01
0 1.408491 0.372119 0.01 0.01
0 1.389735 0.357440 0.01 0.01
0 1.390550 0.335422 0.01 0.01
0 1.377502 0.320743 0.01 0.01
0 1.396258 0.303617 0.01 0.01
0 1.387288 0.293016 0.01 0.01
0 1.375871 0.303617 0.01 0.01
0 1.364454 0.294647 0.01 0.01
0 1.353037 0.288938 0.01 0.01
0 1.339989 0.300355 0.01 0.01
0 1.331834 0.293016 0.01 0.01
0 1.326126 0.276706 0.01 0.01
0 1.298399 0.293016 0.01 0.01
0 1.288613 0.270182 0.01 0.01
0 1.295953 0.258765 0.01 0.01
0 1.304923 0.259581 0.01 0.01
0 1.307370 0.269367 0.01 0.01
0 1.434587 0.314219 0.01 0.01
0 1.406044 0.314219 0.01 0.01
0 1.453343 0.343577 0.01 0.01
0 1.463129 0.357440 0.01 0.01
0 1.488409 0.337053 0.01 0.01
0 1.465575 0.324005 0.01 0.01
0 1.460683 0.303617 0.01 0.01
0 1.438664 0.297093 0.01 0.01
0 1.417461 0.286492 0.01 0.01
0 1.428878 0.284045 0.01 0.01
0 1.401151 0.279968 0.01 0.01
0 1.419908 0.277521 0.01 0.01
0 1.446819 0.258765 0.01 0.01
0 1.485963 0.291385 0.01 0.01
0 1.503088 0.277521 0.01 0.01
0 1.484332 0.268551 0.01 0.01
0 1.516136 0.300355 0.01 0.01
0 1.516952 0.331344 0.01 0.01
0 1.491671 0.311772 0.01 0.01
0 1.549571 0.312588 0.01 0.01
0 1.532446 0.259948 0.01 0.01
0 1.524291 0.268918 0.01 0.01
0 1.494118 0.244454 0.01 0.01
0 1.473730 0.251793 0.01 0.01
0 1.468837 0.258317 0.01 0.01
0 1.466391 0.274627 0.01 0.01
0 1.415015 0.263210 0.01 0.01
0 1.397074 0.261579 0.01 0.01
0 1.376687 0.276258 0.01 0.01
0 1.360377 0.272996 0.01 0.01
0 1.372609 0.261579 0.01 0.01
0 1.352222 0.259948 0.01 0.01
0 1.343251 0.277073 0.01 0.01
0 1.330203 0.252608 0.01 0.01
0 1.309001 0.248531 0.01 0.01
0 1.317971 0.244454 0.01 0.01
0 1.295953 0.251793 0.01 0.01
0 1.282089 0.246900 0.01 0.01
0 1.285351 0.236299 0.01 0.01
0 1.285351 0.254239 0.01 0.01
0 1.267410 0.255870 0.01 0.01
0 1.267410 0.270549 0.01 0.01
0 1.411753 0.236299 0.01 0.01
0 1.411753 0.246900 0.01 0.01
0 1.422354 0.244454 0.01 0.01
0 1.435402 0.246085 0.01 0.01
0 1.439480 0.231406 0.01 0.01
0 1.463945 0.238745 0.01 0.01
0 1.468022 0.224882 0.01 0.01
0 1.481885 0.233037 0.01 0.01
0 1.482701 0.225697 0.01 0.01
0 1.489225 0.217542 0.01 0.01
0 1.509612 0.221620 0.01 0.01
0 1.496564 0.230590 0.01 0.01
0 1.507981 0.210203 0.01 0.01
0 1.530815 0.219173 0.01 0.01
0 1.521845 0.211834 0.01 0.01
0 1.544678 0.242007 0.01 0.01
0 1.586269 0.246085 0.01 0.01
0 1.573221 0.242823 0.01 0.01
0 1.555280 0.252608 0.01 0.01
0 1.572405 0.292568 0.01 0.01
0 1.543863 0.294199 0.01 0.01
0 1.570774 0.223251 0.01 0.01
0 1.546309 0.189000 0.01 0.01
0 1.535708 0.176767 0.01 0.01
0 1.521029 0.146594 0.01 0.01
0 1.525107 0.133546 0.01 0.01
0 1.511243 0.184107 0.01 0.01
0 1.484332 0.190631 0.01 0.01
0 1.477808 0.201232 0.01 0.01
0 1.459052 0.207756 0.01 0.01
0 1.457421 0.195524 0.01 0.01
0 1.440295 0.190631 0.01 0.01
0 1.431325 0.189000 0.01 0.01
0 1.397074 0.223251 0.01 0.01
0 1.392996 0.215911 0.01 0.01
0 1.386473 0.211834 0.01 0.01
0 1.391365 0.238745 0.01 0.01
0 1.386473 0.234668 0.01 0.01
0 1.379949 0.215911 0.01 0.01
0 1.369347 0.208572 0.01 0.01
0 1.362008 0.221620 0.01 0.01
0 1.389735 0.252608 0.01 0.01
0 1.582191 0.189000 0.01 0.01
0 1.589327 0.175544 0.01 0.01
0 1.579133 0.158011 0.01 0.01
0 1.562415 0.165758 0.01 0.01
0 1.554668 0.158419 0.01 0.01
0 1.540805 0.135993 0.01 0.01
0 1.453139 0.161273 0.01 0.01
0 1.459663 0.171059 0.01 0.01
0 1.353649 0.199194 0.01 0.01
0 1.337747 0.208980 0.01 0.01
0 1.239887 0.193893 0.01 0.01
0 1.226024 0.195524 0.01 0.01
0 1.261498 0.221212 0.01 0.01
0 1.272507 0.228551 0.01 0.01
0 1.274954 0.218358 0.01 0.01
0 1.292487 0.219173 0.01 0.01
0 1.279847 0.206941 0.01 0.01
0 1.295749 0.204087 0.01 0.01
0 1.270061 0.178806 0.01 0.01
0 1.257421 0.182476 0.01 0.01
0 1.256197 0.193893 0.01 0.01
0 1.255790 0.202456 0.01 0.01
0 1.266799 0.204902 0.01 0.01
0 1.269245 0.195524 0.01 0.01
0 1.208083 0.185738 0.01 0.01
0 1.215423 0.177175 0.01 0.01
0 1.352833 0.165351 0.01 0.01
0 1.345902 0.152303 0.01 0.01
0 1.344271 0.160865 0.01 0.01
0 1.358134 0.173913 0.01 0.01
0 1.358134 0.180029 0.01 0.01
0 1.368736 0.184107 0.01 0.01
0 1.355688 0.189000 0.01 0.01
0 1.416442 0.188184 0.01 0.01
0 1.431936 0.177991 0.01 0.01
0 1.420927 0.172690 0.01 0.01
0 1.429490 0.165351 0.01 0.01
0 1.488613 0.158827 0.01 0.01
0 1.501661 0.155565 0.01 0.01
0 1.460071 0.144148 0.01 0.01
0 1.453139 0.153118 0.01 0.01
0 1.444577 0.145371 0.01 0.01
0 1.431529 0.152303 0.01 0.01
0 1.437645 0.166574 0.01 0.01
0 1.399724 0.152710 0.01 0.01
0 1.403802 0.157196 0.01 0.01
0 1.374852 0.165351 0.01 0.01
0 1.369143 0.158419 0.01 0.01
0 1.383007 0.157196 0.01 0.01
0 1.214199 0.160050 0.01 0.01
0 1.499011 0.261579 0.01 0.01
0 0.842538 0.258317 0.01 0.01
0 0.818888 0.242823 0.01 0.01
0 0.809103 0.250162 0.01 0.01
0 0.810733 0.259948 0.01 0.01
0 0.828674 0.281151 0.01 0.01
0 0.822966 0.266472 0.01 0.01
0 0.837645 0.241192 0.01 0.01
0 0.864556 0.248531 0.01 0.01
0 0.848246 0.252608 0.01 0.01
0 0.849062 0.277889 0.01 0.01
0 0.867818 0.261579 0.01 0.01
0 0.876789 0.237930 0.01 0.01
0 0.906962 0.250162 0.01 0.01
0 0.897991 0.244454 0.01 0.01
0 0.917563 0.246900 0.01 0.01
0 0.897991 0.231406 0.01 0.01
0 0.914301 0.218358 0.01 0.01
0 0.916748 0.235483 0.01 0.01
0 0.938766 0.233037 0.01 0.01
0 0.924903 0.227328 0.01 0.01
0 0.930611 0.260763 0.01 0.01
0 0.930611 0.246900 0.01 0.01
0 0.938766 0.252608 0.01 0.01
0 0.953445 0.244454 0.01 0.01
0 0.961600 0.255055 0.01 0.01
0 0.968939 0.248531 0.01 0.01
0 0.986880 0.271365 0.01 0.01
0 0.995851 0.260763 0.01 0.01
0 0.995851 0.244454 0.01 0.01
0 1.012161 0.252608 0.01 0.01
0 1.022762 0.241192 0.01 0.01
0 1.041518 0.254239 0.01 0.01
0 1.042334 0.238745 0.01 0.01
0 0.978725 0.238745 0.01 0.01
0 0.953445 0.235483 0.01 0.01
0 0.946921 0.225697 0.01 0.01
0 0.941213 0.212649 0.01 0.01
0 0.968939 0.218358 0.01 0.01
0 0.955076 0.206941 0.01 0.01
0 0.946106 0.197970 0.01 0.01
0 0.936320 0.198786 0.01 0.01
0 0.924903 0.197155 0.01 0.01
0 0.919194 0.208572 0.01 0.01
0 0.914301 0.198786 0.01 0.01
0 0.892283 0.215911 0.01 0.01
0 0.880866 0.215096 0.01 0.01
0 0.865372 0.229775 0.01 0.01
0 0.864556 0.219989 0.01 0.01
0 0.858032 0.231406 0.01 0.01
0 0.843353 0.219989 0.01 0.01
0 0.858032 0.206941 0.01 0.01
0 0.849877 0.210203 0.01 0.01
0 0.805025 0.211018 0.01 0.01
0 0.801763 0.195524 0.01 0.01
0 0.811549 0.201232 0.01 0.01
0 0.816442 0.212649 0.01 0.01
0 0.823781 0.193893 0.01 0.01
0 0.832752 0.204494 0.01 0.01
0 0.838460 0.195524 0.01 0.01
0 0.858848 0.188184 0.01 0.01
0 0.827859 0.184107 0.01 0.01
0 0.822966 0.176767 0.01 0.01
0 0.830305 0.175137 0.01 0.01
0 0.833567 0.167797 0.01 0.01
0 0.805841 0.225697 0.01 0.01
0 0.894729 0.188184 0.01 0.01
0 0.900438 0.172690 0.01 0.01
0 0.915117 0.184107 0.01 0.01
0 0.918379 0.172690 0.01 0.01
0 0.937135 0.173506 0.01 0.01
0 0.924903 0.184107 0.01 0.01
0 0.948552 0.175137 0.01 0.01
0 0.941213 0.164535 0.01 0.01
0 0.938766 0.158011 0.01 0.01
0 0.955891 0.160458 0.01 0.01
0 0.968124 0.169428 0.01 0.01
0 0.955076 0.169428 0.01 0.01
0 0.966493 0.197970 0.01 0.01
0 0.958338 0.191446 0.01 0.01
0 0.977910 0.186553 0.01 0.01
0 0.986880 0.181660 0.01 0.01
0 0.971386 0.175952 0.01 0.01
0 0.976279 0.203679 0.01 0.01
0 0.987696 0.219989 0.01 0.01
0 1.021131 0.224066 0.01 0.01
0 1.017054 0.211018 0.01 0.01
0 1.004006 0.178398 0.01 0.01
0 0.832752 0.149041 0.01 0.01
0 0.831121 0.141701 0.01 0.01
0 0.828674 0.135177 0.01 0.01
0 0.826228 0.127022 0.01 0.01
0 1.121437 0.246900 0.01 0.01
0 1.104311 0.254239 0.01 0.01
0 1.087186 0.241192 0.01 0.01
0 1.098603 0.235483 0.01 0.01
0 1.096157 0.222435 0.01 0.01
0 1.087186 0.224066 0.01 0.01
0 1.064352 0.214280 0.01 0.01
0 1.057013 0.254239 0.01 0.01
0 1.058644 0.233852 0.01 0.01
0 1.029286 0.226513 0.01 0.01
0 1.032548 0.219989 0.01 0.01
0 1.052120 0.208572 0.01 0.01
0 1.046411 0.225697 0.01 0.01
0 1.041518 0.206941 0.01 0.01
0 1.033363 0.197155 0.01 0.01
0 1.024393 0.189815 0.01 0.01
0 1.017869 0.186553 0.01 0.01
0 1.143455 0.218358 0.01 0.01
0 1.154057 0.204494 0.01 0.01
0 1.154057 0.188184 0.01 0.01
0 1.142640 0.188184 0.01 0.01
0 1.142640 0.195524 0.01 0.01
0 1.140193 0.197970 0.01 0.01
0 1.137747 0.204494 0.01 0.01
0 1.129592 0.206941 0.01 0.01
0 1.128776 0.237114 0.01 0.01
0 1.128776 0.227328 0.01 0.01
0 1.117359 0.226513 0.01 0.01
0 1.123068 0.215096 0.01 0.01
0 1.114913 0.208572 0.01 0.01
0 1.166289 0.237114 0.01 0.01
0 1.177706 0.244454 0.01 0.01
0 1.159765 0.224066 0.01 0.01
0 1.163843 0.220804 0.01 0.01
0 1.189938 0.226513 0.01 0.01
0 1.187492 0.219989 0.01 0.01
0 1.189123 0.209387 0.01 0.01
0 1.215219 0.248531 0.01 0.01
0 1.200540 0.248531 0.01 0.01
0 1.190754 0.248531 0.01 0.01
0 1.198909 0.233852 0.01 0.01
0 1.215219 0.209387 0.01 0.01
0 1.202171 0.212649 0.01 0.01
0 1.194016 0.197970 0.01 0.01
0 1.233160 0.231406 0.01 0.01
0 1.218481 0.231406 0.01 0.01
0 1.233975 0.180845 0.01 0.01
0 1.232344 0.170244 0.01 0.01
0 1.228267 0.152303 0.01 0.01
0 1.242946 0.166166 0.01 0.01
0 1.250285 0.175137 0.01 0.01
0 1.242946 0.175952 0.01 0.01
0 1.253547 0.158827 0.01 0.01
0 1.238868 0.149856 0.01 0.01
0 1.240499 0.155565 0.01 0.01
0 1.246207 0.138439 0.01 0.01
0 1.254362 0.127022 0.01 0.01
0 1.179337 0.161273 0.01 0.01
0 1.158950 0.163720 0.01 0.01
0 1.189123 0.158827 0.01 0.01
0 1.194831 0.158011 0.01 0.01
0 1.202986 0.149856 0.01 0.01
0 1.205433 0.135177 0.01 0.01
0 1.195647 0.135993 0.01 0.01
0 1.180968 0.144963 0.01 0.01
0 1.172813 0.149856 0.01 0.01
0 1.163843 0.152303 0.01 0.01
0 1.149979 0.144148 0.01 0.01
0 1.129592 0.167797 0.01 0.01
0 1.118990 0.158011 0.01 0.01
0 1.120621 0.172690 0.01 0.01
0 1.120621 0.182476 0.01 0.01
0 1.094526 0.209387 0.01 0.01
0 1.096972 0.193893 0.01 0.01
0 1.075769 0.208572 0.01 0.01
0 1.073323 0.198786 0.01 0.01
0 1.065168 0.195524 0.01 0.01
0 1.061090 0.188184 0.01 0.01
0 1.051304 0.195524 0.01 0.01
0 1.055382 0.180845 0.01 0.01
0 1.055382 0.175137 0.01 0.01
0 1.043149 0.186553 0.01 0.01
0 0.902884 0.147410 0.01 0.01
0 0.896360 0.138439 0.01 0.01
0 0.912670 0.135993 0.01 0.01
0 0.915117 0.123760 0.01 0.01
0 1.492487 0.094403 0.01 0.01
0 1.318786 0.197155 0.01 0.01
0 1.303292 0.158827 0.01 0.01
0 1.315525 0.155565 0.01 0.01
0 1.304923 0.138439 0.01 0.01
0 1.313894 0.140886 0.01 0.01
0 1.311447 0.131915 0.01 0.01
0 1.313078 0.123760 0.01 0.01
0 1.057828 0.144148 0.01 0.01
0 0.862925 0.171875 0.01 0.01
0 0.880051 0.194708 0.01 0.01
0 0.864148 0.153934 0.01 0.01
0 0.871080 0.159642 0.01 0.01
0 0.865779 0.153118 0.01 0.01
0 0.855993 0.135993 0.01 0.01
0 0.873527 0.138439 0.01 0.01
0 0.880458 0.144148 0.01 0.01
0 0.883312 0.156788 0.01 0.01
0 0.868634 0.127430 0.01 0.01
0 0.863741 0.118867 0.01 0.01
0 0.853547 0.112751 0.01 0.01
0 0.850693 0.127430 0.01 0.01
0 0.838053 0.119683 0.01 0.01
0 0.838053 0.111936 0.01 0.01
0 0.835198 0.107858 0.01 0.01
0 0.831529 0.101334 0.01 0.01
0 0.825005 0.096849 0.01 0.01
0 0.818481 0.096034 0.01 0.01
0 0.789938 0.143332 0.01 0.01
0 0.795647 0.110712 0.01 0.01
0 0.788307 0.098888 0.01 0.01
0 0.799724 0.092772 0.01 0.01
0 0.802986 0.098888 0.01 0.01
0 0.811549 0.120091 0.01 0.01
0 0.818073 0.127022 0.01 0.01
0 0.821335 0.129061 0.01 0.01
0 0.884943 0.124576 0.01 0.01
0 0.876789 0.118867 0.01 0.01
0 0.881682 0.113567 0.01 0.01
0 0.897584 0.122129 0.01 0.01
0 0.957115 0.131508 0.01 0.01
0 0.933873 0.141293 0.01 0.01
0 0.941620 0.128653 0.01 0.01
0 0.924495 0.124168 0.01 0.01
0 0.935912 0.118460 0.01 0.01
0 0.942844 0.113974 0.01 0.01
0 0.942844 0.110712 0.01 0.01
0 0.933873 0.105004 0.01 0.01
0 0.938766 0.105819 0.01 0.01
0 0.944067 0.102557 0.01 0.01
0 0.901661 0.099296 0.01 0.01
0 0.907370 0.101334 0.01 0.01
0 0.908593 0.093995 0.01 0.01
0 0.900846 0.111528 0.01 0.01
0 0.853139 0.094403 0.01 0.01
0 0.838868 0.094810 0.01 0.01
0 0.867410 0.105819 0.01 0.01
0 0.907777 0.163720 0.01 0.01
0 0.902884 0.156788 0.01 0.01
0 0.911447 0.153934 0.01 0.01
0 0.909816 0.150264 0.01 0.01
0 0.973425 0.146186 0.01 0.01
0 0.963639 0.141701 0.01 0.01
0 0.946513 0.161681 0.01 0.01
0 0.980356 0.151895 0.01 0.01
0 0.987696 0.166574 0.01 0.01
0 0.979541 0.163312 0.01 0.01
0 0.990958 0.151487 0.01 0.01
0 0.992181 0.140478 0.01 0.01
0 0.983618 0.133546 0.01 0.01
0 0.977910 0.127838 0.01 0.01
0 0.972609 0.134770 0.01 0.01
0 0.967308 0.124168 0.01 0.01
0 0.973832 0.117236 0.01 0.01
0 0.968532 0.114790 0.01 0.01
0 0.954668 0.117644 0.01 0.01
0 0.955076 0.110712 0.01 0.01
0 0.962415 0.110305 0.01 0.01
0 0.969755 0.102965 0.01 0.01
0 0.979949 0.100519 0.01 0.01
0 0.970570 0.096849 0.01 0.01
0 0.957930 0.096849 0.01 0.01
0 0.945698 0.092772 0.01 0.01
0 0.935096 0.093995 0.01 0.01
0 0.927757 0.094403 0.01 0.01
0 0.920417 0.094810 0.01 0.01
0 0.888205 0.091548 0.01 0.01
0 0.884536 0.105004 0.01 0.01
0 0.874342 0.094403 0.01 0.01
0 0.957522 0.151487 0.01 0.01
0 0.952222 0.142924 0.01 0.01
0 1.012161 0.149448 0.01 0.01
0 1.010937 0.142924 0.01 0.01
0 1.006044 0.138847 0.01 0.01
0 0.998297 0.130284 0.01 0.01
0 1.001559 0.126207 0.01 0.01
0 0.986880 0.118460 0.01 0.01
0 0.989327 0.103373 0.01 0.01
0 0.994220 0.110305 0.01 0.01
0 1.004821 0.116421 0.01 0.01
0 1.000336 0.104188 0.01 0.01
0 1.005637 0.100111 0.01 0.01
0 1.014199 0.105819 0.01 0.01
0 1.030917 0.101334 0.01 0.01
0 1.027655 0.114382 0.01 0.01
0 1.020723 0.112751 0.01 0.01
0 1.020723 0.124576 0.01 0.01
0 1.032956 0.137216 0.01 0.01
0 1.021947 0.142109 0.01 0.01
0 1.015015 0.135993 0.01 0.01
0 1.029694 0.150264 0.01 0.01
0 1.043965 0.158827 0.01 0.01
0 1.044780 0.168205 0.01 0.01
0 1.028878 0.173098 0.01 0.01
0 1.007268 0.165758 0.01 0.01
0 0.998297 0.156788 0.01 0.01
0 1.000744 0.147410 0.01 0.01
0 1.061906 0.168205 0.01 0.01
0 1.070468 0.168205 0.01 0.01
0 1.061906 0.160050 0.01 0.01
0 1.075361 0.182476 0.01 0.01
0 1.078216 0.185330 0.01 0.01
0 1.095341 0.167389 0.01 0.01
0 1.090040 0.155157 0.01 0.01
0 1.070468 0.153934 0.01 0.01
0 1.078623 0.151079 0.01 0.01
0 1.065168 0.136401 0.01 0.01
0 1.054566 0.130284 0.01 0.01
0 1.050489 0.127022 0.01 0.01
0 1.038256 0.121314 0.01 0.01
0 1.070876 0.124576 0.01 0.01
0 1.069653 0.119275 0.01 0.01
0 1.079031 0.119275 0.01 0.01
0 1.076585 0.111936 0.01 0.01
0 1.083516 0.107043 0.01 0.01
0 1.086778 0.119683 0.01 0.01
0 1.109204 0.110305 0.01 0.01
0 1.107166 0.100111 0.01 0.01
0 1.117359 0.105819 0.01 0.01
0 1.101457 0.110305 0.01 0.01
0 1.090856 0.130284 0.01 0.01
0 1.096157 0.126207 0.01 0.01
0 1.102273 0.132731 0.01 0.01
0 1.104719 0.127430 0.01 0.01
0 1.113690 0.136401 0.01 0.01
0 1.122252 0.123353 0.01 0.01
0 1.126738 0.120091 0.01 0.01
0 1.133262 0.122945 0.01 0.01
0 1.128369 0.105004 0.01 0.01
0 1.127961 0.096034 0.01 0.01
0 1.146309 0.094810 0.01 0.01
0 1.151202 0.107043 0.01 0.01
0 1.149164 0.128653 0.01 0.01
0 1.134893 0.129061 0.01 0.01
0 1.143047 0.138847 0.01 0.01
0 1.128369 0.140478 0.01 0.01
0 1.135300 0.139255 0.01 0.01
0 1.173221 0.190223 0.01 0.01
0 1.166697 0.180029 0.01 0.01
0 1.181783 0.176767 0.01 0.01
0 1.183007 0.185330 0.01 0.01
0 1.171590 0.165351 0.01 0.01
0 1.158542 0.177991 0.01 0.01
0 1.146309 0.176767 0.01 0.01
0 1.133669 0.172282 0.01 0.01
0 1.152426 0.177175 0.01 0.01
0 1.134485 0.162496 0.01 0.01
0 1.106758 0.165351 0.01 0.01
0 1.103088 0.155972 0.01 0.01
0 1.104311 0.146186 0.01 0.01
0 1.085147 0.162496 0.01 0.01
0 1.112466 0.195932 0.01 0.01
0 1.114505 0.180029 0.01 0.01
0 1.170367 0.131508 0.01 0.01
0 1.175259 0.131508 0.01 0.01
0 1.169959 0.140478 0.01 0.01
0 1.158950 0.135993 0.01 0.01
0 1.160173 0.122945 0.01 0.01
0 1.172405 0.117644 0.01 0.01
0 1.176483 0.115605 0.01 0.01
0 1.138562 0.116421 0.01 0.01
0 1.127553 0.114382 0.01 0.01
0 1.132446 0.111120 0.01 0.01
0 1.138154 0.107043 0.01 0.01
0 1.140193 0.098480 0.01 0.01
0 1.043557 0.107043 0.01 0.01
0 1.034179 0.093587 0.01 0.01
0 1.033363 0.107858 0.01 0.01
0 1.048450 0.099296 0.01 0.01
0 1.019908 0.095626 0.01 0.01
0 1.012568 0.095626 0.01 0.01
0 1.004006 0.092772 0.01 0.01
0 1.090040 0.097257 0.01 0.01
0 1.075769 0.095626 0.01 0.01
0 1.065168 0.093995 0.01 0.01
0 1.061090 0.093995 0.01 0.01
0 1.055790 0.093587 0.01 0.01
0 1.059867 0.112751 0.01 0.01
0 1.057013 0.118867 0.01 0.01
0 1.071284 0.113974 0.01 0.01
0 1.098603 0.098480 0.01 0.01
0 1.102680 0.093995 0.01 0.01
0 0.921641 0.153934 0.01 0.01
0 0.922048 0.133546 0.01 0.01
0 0.913078 0.117644 0.01 0.01
0 0.910224 0.111528 0.01 0.01
0 0.909408 0.108674 0.01 0.01
0 0.791977 0.122945 0.01 0.01
0 0.797278 0.117644 0.01 0.01
0 0.789938 0.115605 0.01 0.01
0 0.813588 0.144555 0.01 0.01
0 0.805433 0.133139 0.01 0.01
0 0.796462 0.170244 0.01 0.01
0 0.815219 0.172282 0.01 0.01
0 0.810733 0.163312 0.01 0.01
0 1.000744 0.197970 0.01 0.01
0 0.987696 0.211426 0.01 0.01
0 0.926126 0.156788 0.01 0.01
0 0.919602 0.112751 0.01 0.01
0 0.907370 0.134770 0.01 0.01
0 0.896360 0.201640 0.01 0.01
0 0.907777 0.178806 0.01 0.01
0 1.156911 0.092772 0.01 0.01
0 1.172405 0.094403 0.01 0.01
0 1.165881 0.095626 0.01 0.01
0 1.180968 0.089917 0.01 0.01
0 1.079847 0.127022 0.01 0.01
0 1.050081 0.114790 0.01 0.01
0 1.047635 0.141293 0.01 0.01
0 1.042334 0.146186 0.01 0.01
0 0.993812 0.168205 0.01 0.01
0 1.279439 0.151854 0.01 0.01
0 1.265983 0.151039 0.01 0.01
0 1.268430 0.146961 0.01 0.01
0 1.259459 0.144515 0.01 0.01
0 1.254566 0.131059 0.01 0.01
0 1.264760 0.135545 0.01 0.01
0 1.261906 0.124535 0.01 0.01
0 1.269245 0.120458 0.01 0.01
0 1.252120 0.120458 0.01 0.01
0 1.223578 0.118827 0.01 0.01
0 1.229694 0.122089 0.01 0.01
0 1.227655 0.106187 0.01 0.01
0 1.227247 0.094770 0.01 0.01
0 1.209714 0.103740 0.01 0.01
0 1.212976 0.094362 0.01 0.01
0 1.202375 0.100886 0.01 0.01
0 1.204821 0.113934 0.01 0.01
0 1.215015 0.124128 0.01 0.01
0 1.215830 0.086207 0.01 0.01
0 1.225616 0.084984 0.01 0.01
0 1.219908 0.079275 0.01 0.01
0 1.204821 0.085799 0.01 0.01
0 1.271284 0.088654 0.01 0.01
0 1.269245 0.100071 0.01 0.01
0 1.258236 0.094362 0.01 0.01
0 1.241926 0.091916 0.01 0.01
0 1.252120 0.083353 0.01 0.01
0 1.237033 0.091508 0.01 0.01
0 1.237033 0.083353 0.01 0.01
0 1.242334 0.076421 0.01 0.01
0 1.234587 0.071528 0.01 0.01
0 1.226840 0.073567 0.01 0.01
0 1.220316 0.062150 0.01 0.01
0 1.226024 0.051956 0.01 0.01
0 1.214607 0.053180 0.01 0.01
0 1.208083 0.067859 0.01 0.01
0 1.272915 0.073567 0.01 0.01
0 1.260683 0.067859 0.01 0.01
0 1.271284 0.064597 0.01 0.01
0 1.271284 0.055626 0.01 0.01
0 1.252528 0.060111 0.01 0.01
0 1.260275 0.060519 0.01 0.01
0 1.244780 0.061335 0.01 0.01
0 1.236218 0.057665 0.01 0.01
0 1.245596 0.049510 0.01 0.01
0 1.251304 0.051956 0.01 0.01
0 1.264760 0.052364 0.01 0.01
0 1.287594 0.062966 0.01 0.01
0 1.283109 0.057665 0.01 0.01
0 1.289225 0.072752 0.01 0.01
0 1.279439 0.069897 0.01 0.01
0 1.285963 0.079275 0.01 0.01
0 1.290448 0.081722 0.01 0.01
0 1.281070 0.077237 0.01 0.01
0 1.290040 0.068674 0.01 0.01
0 1.266799 0.080906 0.01 0.01
0 1.272099 0.083353 0.01 0.01
0 1.261498 0.074382 0.01 0.01
0 1.279439 0.093139 0.01 0.01
0 1.277808 0.086615 0.01 0.01
0 1.287594 0.093547 0.01 0.01
0 1.285147 0.087430 0.01 0.01
0 1.293710 0.090285 0.01 0.01
0 1.288817 0.103740 0.01 0.01
0 1.301457 0.094770 0.01 0.01
0 1.307166 0.100886 0.01 0.01
0 1.276992 0.119642 0.01 0.01
0 1.288002 0.144107 0.01 0.01
0 1.285147 0.136768 0.01 0.01
0 1.287186 0.114749 0.01 0.01
0 1.298195 0.117604 0.01 0.01
0 1.305127 0.117604 0.01 0.01
0 1.299826 0.110264 0.01 0.01
0 1.306350 0.110264 0.01 0.01
0 1.312059 0.110672 0.01 0.01
0 1.322252 0.108226 0.01 0.01
0 1.297380 0.159194 0.01 0.01
0 1.321845 0.162048 0.01 0.01
0 1.329592 0.152670 0.01 0.01
0 1.331223 0.140438 0.01 0.01
0 1.327145 0.129836 0.01 0.01
0 1.321029 0.130244 0.01 0.01
0 1.324291 0.120458 0.01 0.01
0 1.334077 0.100478 0.01 0.01
0 1.346717 0.111895 0.01 0.01
0 1.334077 0.113526 0.01 0.01
0 1.354464 0.131059 0.01 0.01
0 1.338562 0.126166 0.01 0.01
0 1.339785 0.138399 0.01 0.01
0 1.357319 0.146961 0.01 0.01
0 1.350387 0.141661 0.01 0.01
0 1.347533 0.137583 0.01 0.01
0 1.364658 0.130244 0.01 0.01
0 1.376890 0.141661 0.01 0.01
0 1.364658 0.145331 0.01 0.01
0 1.374852 0.151039 0.01 0.01
0 1.387492 0.126166 0.01 0.01
0 1.406248 0.135545 0.01 0.01
0 1.414403 0.129021 0.01 0.01
0 1.405025 0.120458 0.01 0.01
0 1.388307 0.110264 0.01 0.01
0 1.425820 0.110672 0.01 0.01
0 1.414403 0.101702 0.01 0.01
0 1.432344 0.095178 0.01 0.01
0 1.422966 0.090285 0.01 0.01
0 1.450693 0.094770 0.01 0.01
0 1.450285 0.106187 0.01 0.01
0 1.445392 0.129021 0.01 0.01
0 1.359357 0.091508 0.01 0.01
0 1.369551 0.080091 0.01 0.01
0 1.378521 0.093139 0.01 0.01
0 1.317767 0.090692 0.01 0.01
0 1.505331 0.100478 0.01 0.01
0 1.582395 0.100071 0.01 0.01
0 1.522864 0.116788 0.01 0.01
0 1.509816 0.119642 0.01 0.01
0 1.503700 0.121273 0.01 0.01
0 1.494729 0.126166 0.01 0.01
0 1.480051 0.126982 0.01 0.01
0 1.491875 0.117604 0.01 0.01
0 1.459255 0.112711 0.01 0.01
0 1.469449 0.109041 0.01 0.01
0 1.465372 0.097624 0.01 0.01
0 1.465372 0.093139 0.01 0.01
0 1.477604 0.083353 0.01 0.01
0 1.486982 0.082945 0.01 0.01
0 1.483720 0.074382 0.01 0.01
0 1.487798 0.065820 0.01 0.01
0 1.503292 0.074382 0.01 0.01
0 1.509408 0.070305 0.01 0.01
0 1.395239 0.135545 0.01 0.01
0 1.398909 0.146146 0.01 0.01
0 1.409510 0.145331 0.01 0.01
0 1.414811 0.153893 0.01 0.01
0 1.418888 0.144107 0.01 0.01
0 1.423374 0.135545 0.01 0.01
0 1.401763 0.107410 0.01 0.01
0 1.404210 0.107002 0.01 0.01
0 1.404210 0.092323 0.01 0.01
0 1.409918 0.069897 0.01 0.01
0 1.498399 0.086615 0.01 0.01
0 1.510632 0.092323 0.01 0.01
0 1.525310 0.081722 0.01 0.01
0 1.542844 0.089061 0.01 0.01
0 1.547125 0.119235 0.01 0.01
0 1.553649 0.111895 0.01 0.01
0 1.530000 0.110264 0.01 0.01
0 1.525922 0.097216 0.01 0.01
0 1.531631 0.089061 0.01 0.01
0 1.550387 0.083353 0.01 0.01
0 1.552018 0.082537 0.01 0.01
0 1.550387 0.073567 0.01 0.01
0 1.551202 0.066228 0.01 0.01
0 1.535708 0.055626 0.01 0.01
0 1.529184 0.064597 0.01 0.01
0 1.508797 0.059704 0.01 0.01
0 1.384026 0.189367 0.01 0.01
0 1.397889 0.196707 0.01 0.01
0 1.406044 0.187736 0.01 0.01
0 1.397889 0.182028 0.01 0.01
0 1.388104 0.175504 0.01 0.01
0 1.160581 0.244005 0.01 0.01
0 1.145086 0.238297 0.01 0.01
0 1.353853 0.208124 0.01 0.01
0 1.332650 0.194260 0.01 0.01
0 1.333465 0.181212 0.01 0.01
0 1.343251 0.181212 0.01 0.01
0 1.307370 0.173873 0.01 0.01
0 1.288613 0.179581 0.01 0.01
0 1.323679 0.073567 0.01 0.01
0 1.333465 0.074382 0.01 0.01
0 1.315525 0.064597 0.01 0.01
0 1.304108 0.064597 0.01 0.01
0 1.304108 0.076829 0.01 0.01
0 1.296768 0.047471 0.01 0.01
0 1.304923 0.036054 0.01 0.01
0 1.326126 0.051549 0.01 0.01
0 1.335912 0.059704 0.01 0.01
0 1.348144 0.053180 0.01 0.01
0 1.586269 0.089061 0.01 0.01
0 1.568328 0.067859 0.01 0.01
0 1.582191 0.064597 0.01 0.01
0 1.572405 0.055626 0.01 0.01
0 1.587900 0.058888 0.01 0.01
0 1.586269 0.043394 0.01 0.01
0 1.579745 0.042578 0.01 0.01
0 1.578114 0.050733 0.01 0.01
0 1.556911 0.045025 0.01 0.01
0 1.549571 0.036054 0.01 0.01
0 1.522660 0.044209 0.01 0.01
0 1.590346 0.216279 0.01 0.01
0 1.574036 0.212201 0.01 0.01
0 1.547940 0.211386 0.01 0.01
0 1.551202 0.219541 0.01 0.01
0 1.559357 0.236666 0.01 0.01
0 1.542232 0.198338 0.01 0.01
0 1.515321 0.164087 0.01 0.01
0 1.506350 0.165718 0.01 0.01
0 1.528369 0.168164 0.01 0.01
0 1.538154 0.164902 0.01 0.01
0 1.541416 0.151039 0.01 0.01
0 1.530815 0.128205 0.01 0.01
0 1.482701 0.141253 0.01 0.01
0 1.500642 0.137991 0.01 0.01
0 1.474546 0.151039 0.01 0.01
0 1.464760 0.131467 0.01 0.01
0 1.455790 0.124943 0.01 0.01
0 1.438664 0.215463 0.01 0.01
0 1.423985 0.217094 0.01 0.01
0 1.417461 0.198338 0.01 0.01
0 1.380764 0.062150 0.01 0.01
0 1.375056 0.053180 0.01 0.01
0 1.370978 0.047471 0.01 0.01
0 1.362008 0.053180 0.01 0.01
0 1.362823 0.037685 0.01 0.01
0 1.365270 0.034423 0.01 0.01
0 1.354668 0.034423 0.01 0.01
0 1.362823 0.027899 0.01 0.01
0 1.348144 0.036054 0.01 0.01
0 1.342436 0.037685 0.01 0.01
0 1.345698 0.045840 0.01 0.01
0 1.350591 0.043394 0.01 0.01
0 1.354668 0.045025 0.01 0.01
0 1.311447 0.051549 0.01 0.01
0 1.318786 0.047471 0.01 0.01
0 1.326126 0.043394 0.01 0.01
0 1.320417 0.042578 0.01 0.01
0 1.325310 0.033608 0.01 0.01
0 1.328572 0.039316 0.01 0.01
0 1.330203 0.028715 0.01 0.01
0 1.338358 0.034423 0.01 0.01
0 1.336727 0.026268 0.01 0.01
0 1.331019 0.018929 0.01 0.01
0 1.334281 0.010774 0.01 0.01
0 1.326126 0.007512 0.01 0.01
0 1.326126 0.014036 0.01 0.01
0 1.340805 0.015667 0.01 0.01
0 1.344882 0.011589 0.01 0.01
0 1.346513 0.017298 0.01 0.01
0 1.353037 0.015667 0.01 0.01
0 1.350591 0.005881 0.01 0.01
0 1.331019 0.045840 0.01 0.01
0 1.351406 0.061335 0.01 0.01
0 1.343251 0.058888 0.01 0.01
0 1.386473 0.071121 0.01 0.01
0 1.362823 0.067859 0.01 0.01
0 1.357930 0.073567 0.01 0.01
0 1.355484 0.076829 0.01 0.01
0 1.348960 0.083353 0.01 0.01
0 1.342436 0.084984 0.01 0.01
0 1.327757 0.080091 0.01 0.01
0 1.347329 0.071121 0.01 0.01
0 1.336727 0.071121 0.01 0.01
0 1.350591 0.100478 0.01 0.01
0 1.355484 0.107818 0.01 0.01
0 1.342436 0.102109 0.01 0.01
0 1.365270 0.110264 0.01 0.01
0 1.373425 0.116788 0.01 0.01
0 1.375056 0.110264 0.01 0.01
0 1.394627 0.093139 0.01 0.01
0 1.388104 0.084984 0.01 0.01
0 1.377502 0.077644 0.01 0.01
0 1.375056 0.068674 0.01 0.01
0 1.395443 0.071121 0.01 0.01
0 1.402782 0.074382 0.01 0.01
0 1.394627 0.062150 0.01 0.01
0 1.388919 0.058888 0.01 0.01
0 1.388104 0.051549 0.01 0.01
0 1.383211 0.048287 0.01 0.01
0 1.388104 0.047471 0.01 0.01
0 1.386473 0.039316 0.01 0.01
0 1.381580 0.038501 0.01 0.01
0 1.373425 0.040132 0.01 0.01
0 1.393812 0.037685 0.01 0.01
0 1.395443 0.025453 0.01 0.01
0 1.388104 0.027899 0.01 0.01
0 1.507166 0.014036 0.01 0.01
0 1.491671 0.016482 0.01 0.01
0 1.492487 0.024637 0.01 0.01
0 1.485963 0.018929 0.01 0.01
0 1.477808 0.013220 0.01 0.01
0 1.481885 0.009958 0.01 0.01
0 1.487594 0.009958 0.01 0.01
0 1.472099 0.009958 0.01 0.01
0 1.463945 0.005065 0.01 0.01
0 1.451712 0.005881 0.01 0.01
0 1.448450 0.007512 0.01 0.01
0 1.447635 0.003434 0.01 0.01
0 1.442742 0.004250 0.01 0.01
0 1.436218 0.001803 0.01 0.01
0 1.421539 0.003434 0.01 0.01
0 1.390550 0.005065 0.01 0.01
0 1.384026 0.005065 0.01 0.01
0 1.379133 0.005065 0.01 0.01
0 1.373425 0.005881 0.01 0.01
0 1.368532 0.001803 0.01 0.01
0 1.397889 0.014851 0.01 0.01
0 1.403598 0.014851 0.01 0.01
0 1.402782 0.009143 0.01 0.01
0 1.397889 0.003434 0.01 0.01
0 1.392996 0.007512 0.01 0.01
0 1.388919 0.014036 0.01 0.01
0 1.378318 0.019744 0.01 0.01
0 1.374240 0.011589 0.01 0.01
0 1.379133 0.009143 0.01 0.01
0 1.365270 0.014036 0.01 0.01
0 1.370978 0.022191 0.01 0.01
0 1.365270 0.023006 0.01 0.01
0 1.424801 0.076013 0.01 0.01
0 1.439480 0.073567 0.01 0.01
0 1.429694 0.058888 0.01 0.01
0 1.419092 0.062966 0.01 0.01
0 1.416646 0.045840 0.01 0.01
0 1.415015 0.041763 0.01 0.01
0 1.425616 0.043394 0.01 0.01
0 1.417461 0.036054 0.01 0.01
0 1.419092 0.021375 0.01 0.01
0 1.410937 0.022191 0.01 0.01
0 1.413384 0.013220 0.01 0.01
0 1.418277 0.013220 0.01 0.01
0 1.452528 0.031977 0.01 0.01
0 1.446819 0.030346 0.01 0.01
0 1.458236 0.026268 0.01 0.01
0 1.452528 0.027084 0.01 0.01
0 1.446819 0.080091 0.01 0.01
0 1.433771 0.082537 0.01 0.01
0 1.446004 0.066228 0.01 0.01
0 1.450897 0.065412 0.01 0.01
0 1.454974 0.059704 0.01 0.01
0 1.463945 0.054811 0.01 0.01
0 1.472915 0.062966 0.01 0.01
0 1.475361 0.047471 0.01 0.01
0 1.481885 0.047471 0.01 0.01
0 1.487594 0.051549 0.01 0.01
0 1.483516 0.039316 0.01 0.01
0 1.471284 0.041763 0.01 0.01
0 1.468837 0.032792 0.01 0.01
0 1.478623 0.036870 0.01 0.01
0 1.469653 0.019744 0.01 0.01
0 1.529184 0.032792 0.01 0.01
0 1.519398 0.036054 0.01 0.01
0 1.507981 0.045840 0.01 0.01
0 1.507981 0.039316 0.01 0.01
0 1.509612 0.033608 0.01 0.01
0 1.504719 0.034423 0.01 0.01
0 1.507166 0.022191 0.01 0.01
0 1.502273 0.022191 0.01 0.01
0 1.494933 0.031977 0.01 0.01
0 1.515321 0.025453 0.01 0.01
0 1.516136 0.017298 0.01 0.01
0 1.503904 0.005881 0.01 0.01
0 1.494933 0.005065 0.01 0.01
0 1.513690 0.004250 0.01 0.01
0 1.529184 0.014036 0.01 0.01
0 1.526738 0.022191 0.01 0.01
0 1.531631 0.025453 0.01 0.01
0 1.539785 0.014036 0.01 0.01
0 1.545494 0.014036 0.01 0.01
0 1.553649 0.007512 0.01 0.01
0 1.564250 0.013220 0.01 0.01
0 1.576483 0.016482 0.01 0.01
0 1.587900 0.009958 0.01 0.01
0 1.279643 0.031161 0.01 0.01
0 1.268226 0.036054 0.01 0.01
0 1.272303 0.023006 0.01 0.01
0 1.264964 0.014036 0.01 0.01
0 1.251916 0.010774 0.01 0.01
0 1.251100 0.031977 0.01 0.01
0 1.240499 0.033608 0.01 0.01
0 1.238868 0.014036 0.01 0.01
0 1.245392 0.014036 0.01 0.01
0 1.582191 0.139622 0.01 0.01
0 1.584638 0.126574 0.01 0.01
0 1.594424 0.143700 0.01 0.01
0 1.538154 0.102925 0.01 0.01
0 1.546309 0.098847 0.01 0.01
0 1.556095 0.096401 0.01 0.01
0 1.560173 0.089061 0.01 0.01
0 1.569143 0.091508 0.01 0.01
0 1.571590 0.081722 0.01 0.01
0 1.559357 0.077644 0.01 0.01
0 1.578929 0.076829 0.01 0.01
0 1.591977 0.034423 0.01 0.01
0 1.591977 0.024637 0.01 0.01
0 1.595239 0.021375 0.01 0.01
0 1.594424 0.014851 0.01 0.01
0 1.584638 0.024637 0.01 0.01
0 1.213588 0.036054 0.01 0.01
0 1.207879 0.032792 0.01 0.01
0 1.207879 0.014851 0.01 0.01
0 1.198093 0.009958 0.01 0.01
0 1.189123 0.009958 0.01 0.01
0 1.182599 0.013220 0.01 0.01
0 1.169551 0.014851 0.01 0.01
0 1.184230 0.026268 0.01 0.01
0 1.175259 0.028715 0.01 0.01
0 1.160581 0.036870 0.01 0.01
0 1.153241 0.037685 0.01 0.01
0 1.163027 0.040132 0.01 0.01
0 1.159765 0.062966 0.01 0.01
0 1.157319 0.053180 0.01 0.01
0 1.144271 0.061335 0.01 0.01
0 1.146717 0.054811 0.01 0.01
0 1.192385 0.105371 0.01 0.01
0 1.187492 0.094770 0.01 0.01
0 1.192385 0.088246 0.01 0.01
0 1.199724 0.071121 0.01 0.01
0 1.178521 0.071121 0.01 0.01
0 1.183414 0.071121 0.01 0.01
0 1.175259 0.082537 0.01 0.01
0 1.160581 0.079275 0.01 0.01
0 1.167105 0.076829 0.01 0.01
0 1.182599 0.042578 0.01 0.01
0 1.196462 0.058888 0.01 0.01
0 0.822966 0.064597 0.01 0.01
0 0.830305 0.065412 0.01 0.01
0 0.833567 0.058888 0.01 0.01
0 0.820519 0.062150 0.01 0.01
0 0.806656 0.065412 0.01 0.01
0 0.805841 0.041763 0.01 0.01
0 0.806656 0.045840 0.01 0.01
0 0.819704 0.038501 0.01 0.01
0 0.819704 0.030346 0.01 0.01
0 0.812364 0.030346 0.01 0.01
0 0.830305 0.036054 0.01 0.01
0 0.835198 0.028715 0.01 0.01
0 0.838460 0.036870 0.01 0.01
0 0.846615 0.036054 0.01 0.01
0 0.849877 0.030346 0.01 0.01
0 0.846615 0.027084 0.01 0.01
0 0.849877 0.024637 0.01 0.01
0 0.853139 0.020560 0.01 0.01
0 0.845800 0.017298 0.01 0.01
0 0.837645 0.020560 0.01 0.01
0 0.832752 0.018929 0.01 0.01
0 0.825412 0.008327 0.01 0.01
0 0.817257 0.010774 0.01 0.01
0 0.816442 0.018929 0.01 0.01
0 0.811549 0.007512 0.01 0.01
0 0.810733 0.013220 0.01 0.01
0 0.804210 0.023006 0.01 0.01
0 0.804210 0.027084 0.01 0.01
0 0.803394 0.076829 0.01 0.01
0 0.815626 0.079275 0.01 0.01
0 0.810733 0.067859 0.01 0.01
0 0.809918 0.053180 0.01 0.01
0 0.805025 0.087430 0.01 0.01
0 0.834383 0.088246 0.01 0.01
0 0.819704 0.088246 0.01 0.01
0 0.847431 0.076829 0.01 0.01
0 0.840091 0.067859 0.01 0.01
0 0.849877 0.070305 0.01 0.01
0 0.852324 0.062966 0.01 0.01
0 0.842538 0.053995 0.01 0.01
0 0.860479 0.055626 0.01 0.01
0 0.865372 0.058888 0.01 0.01
0 0.861294 0.071121 0.01 0.01
0 0.852324 0.071121 0.01 0.01
0 0.855586 0.081722 0.01 0.01
0 0.862110 0.081722 0.01 0.01
0 0.871896 0.084984 0.01 0.01
0 0.844984 0.105371 0.01 0.01
0 0.853955 0.104556 0.01 0.01
0 0.894729 0.082537 0.01 0.01
0 0.902069 0.088246 0.01 0.01
0 0.917563 0.077644 0.01 0.01
0 0.912670 0.076829 0.01 0.01
0 0.902884 0.071936 0.01 0.01
0 0.898807 0.070305 0.01 0.01
0 0.907777 0.062150 0.01 0.01
0 0.896360 0.058888 0.01 0.01
0 0.884943 0.066228 0.01 0.01
0 0.882497 0.061335 0.01 0.01
0 0.881682 0.053180 0.01 0.01
0 0.868634 0.038501 0.01 0.01
0 0.880866 0.031977 0.01 0.01
0 1.101865 0.071936 0.01 0.01
0 1.100234 0.067859 0.01 0.01
0 1.059459 0.055626 0.01 0.01
0 1.074954 0.047471 0.01 0.01
0 1.061090 0.008327 0.01 0.01
0 1.054566 0.014036 0.01 0.01
0 1.058644 0.018929 0.01 0.01
0 1.006452 0.015667 0.01 0.01
0 1.000744 0.023006 0.01 0.01
0 0.998297 0.036870 0.01 0.01
0 0.994220 0.030346 0.01 0.01
0 0.991773 0.024637 0.01 0.01
0 0.995851 0.022191 0.01 0.01
0 0.993404 0.013220 0.01 0.01
0 0.932242 0.014851 0.01 0.01
0 0.874342 0.013220 0.01 0.01
0 0.897991 0.027899 0.01 0.01
0 0.947737 0.058888 0.01 0.01
0 0.936320 0.061335 0.01 0.01
0 0.938766 0.066228 0.01 0.01
0 0.967308 0.074382 0.01 0.01
0 0.953445 0.054811 0.01 0.01
0 0.959969 0.053180 0.01 0.01
0 0.942028 0.044209 0.01 0.01
0 1.071692 0.082537 0.01 0.01
0 1.118175 0.067859 0.01 0.01
0 1.105942 0.053180 0.01 0.01
0 1.092895 0.044209 0.01 0.01
0 1.081478 0.039316 0.01 0.01
0 1.084740 0.028715 0.01 0.01
0 1.108389 0.041763 0.01 0.01
0 1.126330 0.043394 0.01 0.01
0 1.046411 0.058888 0.01 0.01
0 1.058644 0.062966 0.01 0.01
0 1.052935 0.047471 0.01 0.01
0 1.042334 0.038501 0.01 0.01
0 1.048042 0.036054 0.01 0.01
0 1.041518 0.027084 0.01 0.01
0 1.041518 0.023006 0.01 0.01
0 1.034994 0.005065 0.01 0.01
0 1.028470 0.004250 0.01 0.01
0 0.909408 0.009958 0.01 0.01
0 0.902884 0.011589 0.01 0.01
0 0.884128 0.005881 0.01 0.01
0 0.889836 0.005881 0.01 0.01
0 0.927349 0.004250 0.01 0.01
0 0.913486 0.026268 0.01 0.01
0 0.889021 0.041763 0.01 0.01
0 0.913486 0.060519 0.01 0.01
0 0.921641 0.058888 0.01 0.01
0 0.930611 0.077644 0.01 0.01
0 0.944475 0.079275 0.01 0.01
0 0.954261 0.076829 0.01 0.01
0 0.950999 0.071121 0.01 0.01
0 0.956707 0.070305 0.01 0.01
0 0.952630 0.088246 0.01 0.01
0 0.968939 0.084984 0.01 0.01
0 0.979541 0.084984 0.01 0.01
0 0.982803 0.074382 0.01 0.01
0 0.984434 0.067859 0.01 0.01
0 0.977910 0.058888 0.01 0.01
0 0.966493 0.056442 0.01 0.01
0 0.978725 0.048287 0.01 0.01
0 0.975463 0.030346 0.01 0.01
0 0.978725 0.031977 0.01 0.01
0 0.965677 0.028715 0.01 0.01
0 0.951814 0.028715 0.01 0.01
0 1.035810 0.073567 0.01 0.01
0 1.031732 0.064597 0.01 0.01
0 1.014607 0.051549 0.01 0.01
0 1.017054 0.055626 0.01 0.01
0 1.014607 0.040132 0.01 0.01
0 1.016238 0.034423 0.01 0.01
0 1.012976 0.024637 0.01 0.01
0 1.023578 0.026268 0.01 0.01
0 1.014607 0.011589 0.01 0.01
0 0.981172 0.019744 0.01 0.01
0 0.968124 0.019744 0.01 0.01
0 0.969755 0.010774 0.01 0.01
0 0.964046 0.009958 0.01 0.01
0 0.951814 0.009958 0.01 0.01
0 0.946106 0.008327 0.01 0.01
0 0.940397 0.005065 0.01 0.01
0 0.929796 0.034423 0.01 0.01
0 0.911855 0.047471 0.01 0.01
0 0.897176 0.041763 0.01 0.01
0 1.007268 0.082537 0.01 0.01
0 0.995035 0.067859 0.01 0.01
0 1.005637 0.062150 0.01 0.01
0 1.017054 0.067859 0.01 0.01
0 0.995035 0.077644 0.01 0.01
0 0.987696 0.084984 0.01 0.01
0 1.018685 0.077644 0.01 0.01
0 1.039072 0.082537 0.01 0.01
0 1.047227 0.077644 0.01 0.01
0 1.075769 0.067859 0.01 0.01
0 1.186676 0.056442 0.01 0.01
0 1.179337 0.056442 0.01 0.01
0 1.172813 0.055626 0.01 0.01
0 1.304108 0.022191 0.01 0.01
0 1.292691 0.018929 0.01 0.01
0 1.091264 0.021375 0.01 0.01
0 1.101865 0.019744 0.01 0.01
0 1.121437 0.014036 0.01 0.01
0 1.107573 0.008327 0.01 0.01
0 1.121437 0.005065 0.01 0.01
0 1.120621 0.025453 0.01 0.01
0 1.127961 0.018929 0.01 0.01
0 1.130407 0.009143 0.01 0.01
0 1.086371 0.053995 0.01 0.01
0 1.065168 0.033608 0.01 0.01
0 1.056197 0.032792 0.01 0.01
0 0.884943 0.021375 0.01 0.01
0 0.879235 0.021375 0.01 0.01
0 0.860479 0.018929 0.01 0.01
0 0.866187 0.015667 0.01 0.01
0 0.858032 0.011589 0.01 0.01
0 0.839276 0.003434 0.01 0.01
0 0.834383 0.002619 0.01 0.01
0 0.844984 0.004250 0.01 0.01
0 0.857217 0.002619 0.01 0.01
0 0.849062 0.002619 0.01 0.01
0 1.284536 0.041763 0.01 0.01
0 1.127961 0.079275 0.01 0.01
0 1.136116 0.076829 0.01 0.01
0 1.129592 0.065412 0.01 0.01
0 1.128776 0.049918 0.01 0.01
0 1.138562 0.036870 0.01 0.01
0 1.133669 0.026268 0.01 0.01
0 1.136931 0.015667 0.01 0.01
0 1.145902 0.016482 0.01 0.01
0 1.158134 0.014036 0.01 0.01
0 0.928980 0.045840 0.01 0.01
0 1.084740 0.083353 0.01 0.01
0 0.559561 0.257501 0.01 0.01
0 0.579949 0.253424 0.01 0.01
0 0.628063 0.265656 0.01 0.01
0 0.605229 0.254239 0.01 0.01
0 0.623985 0.247716 0.01 0.01
0 0.645188 0.255870 0.01 0.01
0 0.658236 0.255870 0.01 0.01
0 0.663945 0.246085 0.01 0.01
0 0.672915 0.250162 0.01 0.01
0 0.682701 0.238745 0.01 0.01
0 0.681070 0.223251 0.01 0.01
0 0.705535 0.246085 0.01 0.01
0 0.693302 0.231406 0.01 0.01
0 0.693302 0.197155 0.01 0.01
0 0.663945 0.213465 0.01 0.01
0 0.649266 0.208572 0.01 0.01
0 0.633771 0.208572 0.01 0.01
0 0.616646 0.213465 0.01 0.01
0 0.599520 0.217542 0.01 0.01
0 0.566085 0.226513 0.01 0.01
0 0.579133 0.223251 0.01 0.01
0 0.544067 0.243638 0.01 0.01
0 0.520417 0.253424 0.01 0.01
0 0.510632 0.267287 0.01 0.01
0 0.509816 0.244454 0.01 0.01
0 0.517971 0.224882 0.01 0.01
0 0.532650 0.221620 0.01 0.01
0 0.514709 0.210203 0.01 0.01
0 0.508185 0.219173 0.01 0.01
0 0.488613 0.214280 0.01 0.01
0 0.494322 0.211834 0.01 0.01
0 0.500846 0.206941 0.01 0.01
0 0.489429 0.195524 0.01 0.01
0 0.478012 0.219989 0.01 0.01
0 0.462517 0.211834 0.01 0.01
0 0.443761 0.226513 0.01 0.01
0 0.433975 0.230590 0.01 0.01
0 0.425005 0.244454 0.01 0.01
0 0.422558 0.234668 0.01 0.01
0 0.414403 0.223251 0.01 0.01
0 0.402986 0.231406 0.01 0.01
0 0.367105 0.240376 0.01 0.01
0 0.381783 0.242007 0.01 0.01
0 0.374444 0.237114 0.01 0.01
0 0.383414 0.219989 0.01 0.01
0 0.398093 0.214280 0.01 0.01
0 0.384230 0.203679 0.01 0.01
0 0.401355 0.208572 0.01 0.01
0 0.337747 0.234668 0.01 0.01
0 0.321437 0.238745 0.01 0.01
0 0.258644 0.231406 0.01 0.01
0 0.266799 0.232221 0.01 0.01
0 0.240703 0.253424 0.01 0.01
0 0.234994 0.240376 0.01 0.01
0 0.138766 0.255870 0.01 0.01
0 0.123272 0.253424 0.01 0.01
0 0.128980 0.246085 0.01 0.01
0 0.151814 0.236299 0.01 0.01
0 0.158338 0.238745 0.01 0.01
0 0.170570 0.236299 0.01 0.01
0 0.176279 0.240376 0.01 0.01
0 0.190958 0.254239 0.01 0.01
0 0.164046 0.264841 0.01 0.01
0 0.209714 0.242823 0.01 0.01
0 0.195851 0.240376 0.01 0.01
0 0.102069 0.121314 0.01 0.01
0 0.086574 0.118052 0.01 0.01
0 0.095545 0.109081 0.01 0.01
0 0.104515 0.114790 0.01 0.01
0 0.088205 0.102557 0.01 0.01
0 0.081682 0.105004 0.01 0.01
0 0.072711 0.104188 0.01 0.01
0 0.065372 0.104188 0.01 0.01
0 0.058032 0.104188 0.01 0.01
0 0.031936 0.108266 0.01 0.01
0 0.039276 0.110712 0.01 0.01
0 0.021335 0.121314 0.01 0.01
0 0.013180 0.113974 0.01 0.01
0 0.024597 0.106635 0.01 0.01
0 0.040091 0.127022 0.01 0.01
0 0.034383 0.126207 0.01 0.01
0 0.013180 0.143332 0.01 0.01
0 0.008287 0.143332 0.01 0.01
0 0.013180 0.152303 0.01 0.01
0 0.032752 0.150672 0.01 0.01
0 0.026228 0.158011 0.01 0.01
0 0.023781 0.171875 0.01 0.01
0 0.013995 0.165351 0.01 0.01
0 0.013180 0.174321 0.01 0.01
0 0.005841 0.180029 0.01 0.01
0 0.003394 0.200417 0.01 0.01
0 0.006656 0.202863 0.01 0.01
0 0.012364 0.219173 0.01 0.01
0 0.006656 0.237114 0.01 0.01
0 0.017257 0.234668 0.01 0.01
0 0.025412 0.215911 0.01 0.01
0 0.042538 0.206125 0.01 0.01
0 0.055586 0.213465 0.01 0.01
0 0.063741 0.219173 0.01 0.01
0 0.069449 0.221620 0.01 0.01
0 0.095545 0.228959 0.01 0.01
0 0.094729 0.226513 0.01 0.01
0 0.079235 0.221620 0.01 0.01
0 0.089021 0.213465 0.01 0.01
0 0.069449 0.208572 0.01 0.01
0 0.052324 0.194708 0.01 0.01
0 0.051508 0.180845 0.01 0.01
0 0.043353 0.160458 0.01 0.01
0 0.049062 0.153934 0.01 0.01
0 0.053955 0.144148 0.01 0.01
0 0.052324 0.135177 0.01 0.01
0 0.062110 0.140070 0.01 0.01
0 0.058848 0.131100 0.01 0.01
0 0.070265 0.125391 0.01 0.01
0 0.075973 0.118052 0.01 0.01
0 0.102069 0.144148 0.01 0.01
0 0.104515 0.138439 0.01 0.01
0 0.080866 0.132731 0.01 0.01
0 0.089021 0.131100 0.01 0.01
0 0.094729 0.127022 0.01 0.01
0 0.115117 0.129469 0.01 0.01
0 0.113486 0.119683 0.01 0.01
0 0.119194 0.119683 0.01 0.01
0 0.122456 0.105819 0.01 0.01
0 0.113486 0.111528 0.01 0.01
0 0.107777 0.105004 0.01 0.01
0 0.099622 0.100927 0.01 0.01
0 0.133058 0.105004 0.01 0.01
0 0.137135 0.114790 0.01 0.01
0 0.129796 0.127838 0.01 0.01
0 0.141213 0.131100 0.01 0.01
0 0.148552 0.136808 0.01 0.01
0 0.127349 0.155565 0.01 0.01
0 0.142028 0.151487 0.01 0.01
0 0.136320 0.148225 0.01 0.01
0 0.128165 0.146594 0.01 0.01
0 0.121641 0.142517 0.01 0.01
0 0.114301 0.138439 0.01 0.01
0 0.112670 0.144148 0.01 0.01
0 0.113486 0.152303 0.01 0.01
0 0.104515 0.154749 0.01 0.01
0 0.090652 0.149041 0.01 0.01
0 0.090652 0.161273 0.01 0.01
0 0.069449 0.149041 0.01 0.01
0 0.062925 0.149856 0.01 0.01
0 0.146921 0.217542 0.01 0.01
0 0.142028 0.219173 0.01 0.01
0 0.136320 0.230590 0.01 0.01
0 0.108593 0.221620 0.01 0.01
0 0.102069 0.213465 0.01 0.01
0 0.107777 0.197155 0.01 0.01
0 0.099622 0.201232 0.01 0.01
0 0.092283 0.197970 0.01 0.01
0 0.079235 0.194708 0.01 0.01
0 0.086574 0.183291 0.01 0.01
0 0.080051 0.172690 0.01 0.01
0 0.076789 0.163720 0.01 0.01
0 0.068634 0.175137 0.01 0.01
0 0.063741 0.168613 0.01 0.01
0 0.128980 0.192262 0.01 0.01
0 0.128980 0.189000 0.01 0.01
0 0.115932 0.185738 0.01 0.01
0 0.117563 0.180029 0.01 0.01
0 0.110224 0.172690 0.01 0.01
0 0.121641 0.168613 0.01 0.01
0 0.111855 0.166982 0.01 0.01
0 0.128165 0.165351 0.01 0.01
0 0.136320 0.177583 0.01 0.01
0 0.144475 0.189000 0.01 0.01
0 0.140397 0.197970 0.01 0.01
0 0.126534 0.202863 0.01 0.01
0 0.115932 0.202863 0.01 0.01
0 0.154261 0.211834 0.01 0.01
0 0.166493 0.203679 0.01 0.01
0 0.163231 0.194708 0.01 0.01
0 0.156707 0.186553 0.01 0.01
0 0.154261 0.180029 0.01 0.01
0 0.150999 0.169428 0.01 0.01
0 0.148552 0.165351 0.01 0.01
0 0.159153 0.162904 0.01 0.01
0 0.162415 0.175137 0.01 0.01
0 0.169755 0.177583 0.01 0.01
0 0.177094 0.180029 0.01 0.01
0 0.182803 0.166982 0.01 0.01
0 0.173017 0.166982 0.01 0.01
0 0.168124 0.161273 0.01 0.01
0 0.161600 0.152303 0.01 0.01
0 0.161600 0.142517 0.01 0.01
0 0.148552 0.126207 0.01 0.01
0 0.148552 0.116421 0.01 0.01
0 0.196666 0.153934 0.01 0.01
0 0.192589 0.145779 0.01 0.01
0 0.186065 0.136808 0.01 0.01
0 0.189327 0.131100 0.01 0.01
0 0.199928 0.128653 0.01 0.01
0 0.201559 0.119683 0.01 0.01
0 0.205637 0.105819 0.01 0.01
0 0.192589 0.109081 0.01 0.01
0 0.183618 0.102557 0.01 0.01
0 0.181987 0.112343 0.01 0.01
0 0.175463 0.104188 0.01 0.01
0 0.161600 0.108266 0.01 0.01
0 0.158338 0.126207 0.01 0.01
0 0.183618 0.194708 0.01 0.01
0 0.189327 0.209387 0.01 0.01
0 0.190958 0.200417 0.01 0.01
0 0.193404 0.184107 0.01 0.01
0 0.206452 0.180845 0.01 0.01
0 0.213792 0.176767 0.01 0.01
0 0.221131 0.174321 0.01 0.01
0 0.217054 0.159642 0.01 0.01
0 0.209714 0.148225 0.01 0.01
0 0.217054 0.148225 0.01 0.01
0 0.234994 0.152303 0.01 0.01
0 0.234994 0.162904 0.01 0.01
0 0.212161 0.199601 0.01 0.01
0 0.208083 0.194708 0.01 0.01
0 0.215423 0.189000 0.01 0.01
0 0.226024 0.182476 0.01 0.01
0 0.238256 0.189815 0.01 0.01
0 0.231732 0.194708 0.01 0.01
0 0.223578 0.205310 0.01 0.01
0 0.230101 0.217542 0.01 0.01
0 0.243965 0.213465 0.01 0.01
0 0.246411 0.217542 0.01 0.01
0 0.208899 0.223251 0.01 0.01
0 0.203190 0.210203 0.01 0.01
0 0.401355 0.200417 0.01 0.01
0 0.412772 0.197155 0.01 0.01
0 0.420112 0.193893 0.01 0.01
0 0.436422 0.188184 0.01 0.01
0 0.447838 0.183291 0.01 0.01
0 0.453547 0.171875 0.01 0.01
0 0.438868 0.166982 0.01 0.01
0 0.426636 0.169428 0.01 0.01
0 0.414403 0.172690 0.01 0.01
0 0.409510 0.171059 0.01 0.01
0 0.391569 0.171059 0.01 0.01
0 0.391569 0.168613 0.01 0.01
0 0.376890 0.168613 0.01 0.01
0 0.376890 0.182476 0.01 0.01
0 0.374444 0.178398 0.01 0.01
0 0.358950 0.176767 0.01 0.01
0 0.347533 0.189815 0.01 0.01
0 0.343455 0.186553 0.01 0.01
0 0.336116 0.183291 0.01 0.01
0 0.322252 0.217542 0.01 0.01
0 0.313282 0.227328 0.01 0.01
0 0.306758 0.237930 0.01 0.01
0 0.293710 0.227328 0.01 0.01
0 0.271692 0.231406 0.01 0.01
0 0.274138 0.220804 0.01 0.01
0 0.299419 0.200417 0.01 0.01
0 0.305127 0.197155 0.01 0.01
0 0.304311 0.183291 0.01 0.01
0 0.304311 0.174321 0.01 0.01
0 0.292895 0.159642 0.01 0.01
0 0.229286 0.108266 0.01 0.01
0 0.218685 0.136808 0.01 0.01
0 0.214607 0.127022 0.01 0.01
0 0.222762 0.125391 0.01 0.01
0 0.205637 0.136808 0.01 0.01
0 0.243965 0.133546 0.01 0.01
0 0.234994 0.131100 0.01 0.01
0 0.236625 0.117236 0.01 0.01
0 0.254566 0.118052 0.01 0.01
0 0.239072 0.100927 0.01 0.01
0 0.244780 0.102557 0.01 0.01
0 0.274138 0.148225 0.01 0.01
0 0.309204 0.137624 0.01 0.01
0 0.294526 0.137624 0.01 0.01
0 0.294526 0.123760 0.01 0.01
0 0.286371 0.123760 0.01 0.01
0 0.268430 0.128653 0.01 0.01
0 0.272507 0.119683 0.01 0.01
0 0.260275 0.110712 0.01 0.01
0 0.265168 0.108266 0.01 0.01
0 0.269245 0.109897 0.01 0.01
0 0.278216 0.108266 0.01 0.01
0 0.285555 0.109081 0.01 0.01
0 0.300234 0.111528 0.01 0.01
0 0.314913 0.114790 0.01 0.01
0 0.316544 0.116421 0.01 0.01
0 0.339378 0.133546 0.01 0.01
0 0.332038 0.140070 0.01 0.01
0 0.326330 0.133546 0.01 0.01
0 0.327145 0.122945 0.01 0.01
0 0.341824 0.111528 0.01 0.01
0 0.337747 0.120498 0.01 0.01
0 0.363027 0.109897 0.01 0.01
0 0.365474 0.113974 0.01 0.01
0 0.374444 0.109081 0.01 0.01
0 0.285555 0.197155 0.01 0.01
0 0.274138 0.199601 0.01 0.01
0 0.261090 0.197155 0.01 0.01
0 0.257828 0.206125 0.01 0.01
0 0.252120 0.186553 0.01 0.01
0 0.255382 0.166166 0.01 0.01
0 0.248042 0.151487 0.01 0.01
0 0.265168 0.155565 0.01 0.01
0 0.257013 0.149856 0.01 0.01
0 0.265168 0.169428 0.01 0.01
0 0.259459 0.182476 0.01 0.01
0 0.276585 0.175137 0.01 0.01
0 0.280662 0.165351 0.01 0.01
0 0.340193 0.213465 0.01 0.01
0 0.350795 0.211834 0.01 0.01
0 0.371182 0.201232 0.01 0.01
0 0.360581 0.201232 0.01 0.01
0 0.369551 0.146594 0.01 0.01
0 0.360581 0.146594 0.01 0.01
0 0.345086 0.144963 0.01 0.01
0 0.345902 0.133546 0.01 0.01
0 0.526941 0.195524 0.01 0.01
0 0.519602 0.188184 0.01 0.01
0 0.510632 0.197970 0.01 0.01
0 0.505739 0.180845 0.01 0.01
0 0.502477 0.169428 0.01 0.01
0 0.510632 0.171875 0.01 0.01
0 0.515525 0.160458 0.01 0.01
0 0.526126 0.162904 0.01 0.01
0 0.521233 0.156380 0.01 0.01
0 0.515525 0.149041 0.01 0.01
0 0.504923 0.149041 0.01 0.01
0 0.498399 0.151487 0.01 0.01
0 0.491875 0.166166 0.01 0.01
0 0.482089 0.168613 0.01 0.01
0 0.465779 0.166982 0.01 0.01
0 0.464148 0.183291 0.01 0.01
0 0.447838 0.200417 0.01 0.01
0 0.443761 0.208572 0.01 0.01
0 0.561192 0.211834 0.01 0.01
0 0.555484 0.203679 0.01 0.01
0 0.561192 0.185738 0.01 0.01
0 0.544067 0.194708 0.01 0.01
0 0.544067 0.183291 0.01 0.01
0 0.533465 0.175137 0.01 0.01
0 0.528572 0.185738 0.01 0.01
0 0.535096 0.162904 0.01 0.01
0 0.539174 0.149041 0.01 0.01
0 0.554668 0.149856 0.01 0.01
0 0.570163 0.145779 0.01 0.01
0 0.579949 0.142517 0.01 0.01
0 0.588919 0.180029 0.01 0.01
0 0.577502 0.180029 0.01 0.01
0 0.620723 0.180029 0.01 0.01
0 0.599520 0.172690 0.01 0.01
0 0.592996 0.176767 0.01 0.01
0 0.677808 0.174321 0.01 0.01
0 0.685963 0.178398 0.01 0.01
0 0.659052 0.168613 0.01 0.01
0 0.662314 0.159642 0.01 0.01
0 0.668022 0.153934 0.01 0.01
0 0.654159 0.152303 0.01 0.01
0 0.650081 0.143332 0.01 0.01
0 0.629694 0.145779 0.01 0.01
0 0.607675 0.144963 0.01 0.01
0 0.597074 0.131100 0.01 0.01
0 0.607675 0.125391 0.01 0.01
0 0.561192 0.122129 0.01 0.01
0 0.547329 0.117236 0.01 0.01
0 0.553037 0.113974 0.01 0.01
0 0.533465 0.106635 0.01 0.01
0 0.545698 0.102557 0.01 0.01
0 0.521233 0.114790 0.01 0.01
0 0.509816 0.119683 0.01 0.01
0 0.537543 0.132731 0.01 0.01
0 0.547329 0.137624 0.01 0.01
0 0.525310 0.131915 0.01 0.01
0 0.495953 0.132731 0.01 0.01
0 0.490244 0.131100 0.01 0.01
0 0.489429 0.120498 0.01 0.01
0 0.491875 0.109897 0.01 0.01
0 0.498399 0.118052 0.01 0.01
0 0.481274 0.111528 0.01 0.01
0 0.471488 0.109897 0.01 0.01
0 0.464964 0.108266 0.01 0.01
0 0.455993 0.111528 0.01 0.01
0 0.449469 0.110712 0.01 0.01
0 0.444577 0.104188 0.01 0.01
0 0.451100 0.100927 0.01 0.01
0 0.429898 0.100111 0.01 0.01
0 0.414403 0.096849 0.01 0.01
0 0.396462 0.096849 0.01 0.01
0 0.380968 0.097665 0.01 0.01
0 0.349164 0.096849 0.01 0.01
0 0.396462 0.137624 0.01 0.01
0 0.407879 0.140070 0.01 0.01
0 0.416850 0.149041 0.01 0.01
0 0.421743 0.148225 0.01 0.01
0 0.433160 0.144963 0.01 0.01
0 0.438053 0.131100 0.01 0.01
0 0.443761 0.136808 0.01 0.01
0 0.455993 0.137624 0.01 0.01
0 0.451100 0.131100 0.01 0.01
0 0.445392 0.126207 0.01 0.01
0 0.454362 0.125391 0.01 0.01
0 0.460886 0.127022 0.01 0.01
0 0.469857 0.135177 0.01 0.01
0 0.473934 0.129469 0.01 0.01
0 0.463333 0.153934 0.01 0.01
0 0.451916 0.159642 0.01 0.01
0 0.444577 0.151487 0.01 0.01
0 0.389123 0.156380 0.01 0.01
0 0.397278 0.154749 0.01 0.01
0 0.384230 0.144148 0.01 0.01
0 0.353241 0.166166 0.01 0.01
0 0.315728 0.162904 0.01 0.01
0 0.327961 0.168613 0.01 0.01
0 0.283109 0.144963 0.01 0.01
0 0.297788 0.149041 0.01 0.01
0 0.307573 0.125391 0.01 0.01
0 0.181987 0.125391 0.01 0.01
0 0.175463 0.121314 0.01 0.01
0 0.168124 0.119683 0.01 0.01
0 0.165677 0.131100 0.01 0.01
0 0.293710 0.243638 0.01 0.01
0 0.627247 0.326003 0.01 0.01
0 0.660683 0.197155 0.01 0.01
0 0.632956 0.199601 0.01 0.01
0 0.632140 0.184107 0.01 0.01
0 0.614199 0.194708 0.01 0.01
0 0.654159 0.131100 0.01 0.01
0 0.670468 0.136808 0.01 0.01
0 0.682701 0.136808 0.01 0.01
0 0.748756 0.149041 0.01 0.01
0 0.738154 0.154749 0.01 0.01
0 0.759357 0.193893 0.01 0.01
0 0.769959 0.197155 0.01 0.01
0 0.792793 0.227328 0.01 0.01
0 0.781376 0.234668 0.01 0.01
0 0.781376 0.223251 0.01 0.01
0 0.767512 0.228959 0.01 0.01
0 0.756095 0.243638 0.01 0.01
0 0.741416 0.236299 0.01 0.01
0 0.739785 0.224882 0.01 0.01
0 0.738970 0.213465 0.01 0.01
0 0.709612 0.194708 0.01 0.01
0 0.700642 0.174321 0.01 0.01
0 0.699011 0.166982 0.01 0.01
0 0.698195 0.151487 0.01 0.01
0 0.695749 0.133546 0.01 0.01
0 0.690856 0.115605 0.01 0.01
0 0.706350 0.118052 0.01 0.01
0 0.703904 0.109081 0.01 0.01
0 0.733262 0.131100 0.01 0.01
0 0.625616 0.115605 0.01 0.01
0 0.772405 0.259948 0.01 0.01
0 0.762619 0.246085 0.01 0.01
0 0.760988 0.146594 0.01 0.01
0 0.769143 0.140886 0.01 0.01
0 0.776483 0.125391 0.01 0.01
0 0.743047 0.117236 0.01 0.01
0 0.750387 0.112343 0.01 0.01
0 0.750387 0.105004 0.01 0.01
0 0.723476 0.119683 0.01 0.01
0 0.715321 0.131100 0.01 0.01
0 0.716952 0.148225 0.01 0.01
0 0.629694 0.129469 0.01 0.01
0 0.644373 0.122129 0.01 0.01
0 0.668837 0.118052 0.01 0.01
0 0.772405 0.110712 0.01 0.01
0 0.764250 0.109081 0.01 0.01
0 0.760173 0.112343 0.01 0.01
0 0.724291 0.171875 0.01 0.01
0 0.728369 0.183291 0.01 0.01
0 0.724291 0.194708 0.01 0.01
0 0.716136 0.180845 0.01 0.01
0 0.754464 0.165351 0.01 0.01
0 0.771590 0.165351 0.01 0.01
0 0.764250 0.168613 0.01 0.01
0 0.754464 0.174321 0.01 0.01
0 0.793608 0.197970 0.01 0.01
0 0.772405 0.188184 0.01 0.01
0 0.781376 0.191446 0.01 0.01
0 0.786269 0.177583 0.01 0.01
0 0.676992 0.208572 0.01 0.01
0 0.612568 0.159642 0.01 0.01
0 0.605229 0.160458 0.01 0.01
0 0.629694 0.163720 0.01 0.01
0 0.636218 0.171875 0.01 0.01
0 0.554668 0.162904 0.01 0.01
0 0.416034 0.116421 0.01 0.01
0 0.433160 0.110712 0.01 0.01
0 0.402171 0.108266 0.01 0.01
0 0.389938 0.117236 0.01 0.01
0 0.411141 0.127838 0.01 0.01
0 0.399724 0.131100 0.01 0.01
0 0.484536 0.154749 0.01 0.01
0 0.216238 0.100927 0.01 0.01
0 0.354872 0.122129 0.01 0.01
0 0.345086 0.119683 0.01 0.01
0 0.597074 0.119683 0.01 0.01
0 0.569347 0.115605 0.01 0.01
0 0.568532 0.131100 0.01 0.01
0 0.678623 0.151487 0.01 0.01
0 0.044169 0.076829 0.01 0.01
0 0.034383 0.083353 0.01 0.01
0 0.038460 0.059704 0.01 0.01
0 0.069449 0.083353 0.01 0.01
0 0.060479 0.071936 0.01 0.01
0 0.069449 0.073567 0.01 0.01
0 0.095545 0.051549 0.01 0.01
0 0.107777 0.059704 0.01 0.01
0 0.104515 0.053180 0.01 0.01
0 0.117563 0.065412 0.01 0.01
0 0.123272 0.062966 0.01 0.01
0 0.131427 0.073567 0.01 0.01
0 0.150183 0.089061 0.01 0.01
0 0.158338 0.083353 0.01 0.01
0 0.137135 0.047471 0.01 0.01
0 0.131427 0.036054 0.01 0.01
0 0.199113 0.057257 0.01 0.01
0 0.190142 0.058888 0.01 0.01
0 0.183618 0.053995 0.01 0.01
0 0.215423 0.071936 0.01 0.01
0 0.200744 0.074382 0.01 0.01
0 0.193404 0.071121 0.01 0.01
0 0.228470 0.065412 0.01 0.01
0 0.603598 0.014036 0.01 0.01
0 0.628878 0.011589 0.01 0.01
0 0.682701 0.067859 0.01 0.01
0 0.512263 0.084984 0.01 0.01
0 0.506554 0.073567 0.01 0.01
0 0.496768 0.060519 0.01 0.01
0 0.383414 0.030346 0.01 0.01
0 0.376075 0.030346 0.01 0.01
0 0.370367 0.027899 0.01 0.01
0 0.359765 0.038501 0.01 0.01
0 0.341009 0.044209 0.01 0.01
0 0.336116 0.054811 0.01 0.01
0 0.333669 0.047471 0.01 0.01
0 0.314913 0.053995 0.01 0.01
0 0.309204 0.062966 0.01 0.01
0 0.298603 0.058888 0.01 0.01
0 0.293710 0.053180 0.01 0.01
0 0.299419 0.040132 0.01 0.01
0 0.308389 0.030346 0.01 0.01
0 0.270876 0.031161 0.01 0.01
0 0.270876 0.042578 0.01 0.01
0 0.262721 0.040132 0.01 0.01
0 0.261090 0.097216 0.01 0.01
0 0.260275 0.088246 0.01 0.01
0 0.267614 0.091508 0.01 0.01
0 0.295341 0.085799 0.01 0.01
0 0.283109 0.087430 0.01 0.01
0 0.278216 0.089061 0.01 0.01
0 0.305942 0.082537 0.01 0.01
0 0.300234 0.073567 0.01 0.01
0 0.110224 0.077644 0.01 0.01
0 0.105331 0.073567 0.01 0.01
0 0.116748 0.093139 0.01 0.01
0 0.210530 0.054811 0.01 0.01
0 0.206452 0.049102 0.01 0.01
0 0.208083 0.041763 0.01 0.01
0 0.203190 0.039316 0.01 0.01
0 0.193404 0.045025 0.01 0.01
0 0.169755 0.038501 0.01 0.01
0 0.162415 0.038501 0.01 0.01
0 0.163231 0.031977 0.01 0.01
0 0.424189 0.048287 0.01 0.01
0 0.412772 0.053995 0.01 0.01
0 0.404617 0.041763 0.01 0.01
0 0.427451 0.036054 0.01 0.01
0 0.458440 0.042578 0.01 0.01
0 0.443761 0.049918 0.01 0.01
0 0.478012 0.056442 0.01 0.01
0 0.469041 0.045025 0.01 0.01
0 0.465779 0.049102 0.01 0.01
0 0.465779 0.036054 0.01 0.01
0 0.463333 0.030346 0.01 0.01
0 0.467410 0.030346 0.01 0.01
0 0.476381 0.031977 0.01 0.01
0 0.476381 0.027084 0.01 0.01
0 0.481274 0.026268 0.01 0.01
0 0.488613 0.024637 0.01 0.01
0 0.480458 0.040132 0.01 0.01
0 0.482089 0.049918 0.01 0.01
0 0.490244 0.047471 0.01 0.01
0 0.486982 0.034423 0.01 0.01
0 0.493506 0.040132 0.01 0.01
0 0.492691 0.034423 0.01 0.01
0 0.499215 0.030346 0.01 0.01
0 0.467410 0.082537 0.01 0.01
0 0.460071 0.085799 0.01 0.01
0 0.461702 0.099663 0.01 0.01
0 0.469857 0.094770 0.01 0.01
0 0.491875 0.102109 0.01 0.01
0 0.494322 0.102109 0.01 0.01
0 0.485351 0.102109 0.01 0.01
0 0.484536 0.096401 0.01 0.01
0 0.480458 0.096401 0.01 0.01
0 0.480458 0.102109 0.01 0.01
0 0.480458 0.088246 0.01 0.01
0 0.489429 0.087430 0.01 0.01
0 0.491060 0.088246 0.01 0.01
0 0.500846 0.077644 0.01 0.01
0 0.475565 0.073567 0.01 0.01
0 0.474750 0.065412 0.01 0.01
0 0.460886 0.068674 0.01 0.01
0 0.453547 0.068674 0.01 0.01
0 0.442130 0.071121 0.01 0.01
0 0.442130 0.079275 0.01 0.01
0 0.450285 0.076829 0.01 0.01
0 0.441315 0.059704 0.01 0.01
0 0.433975 0.053180 0.01 0.01
0 0.437237 0.044209 0.01 0.01
0 0.444577 0.018929 0.01 0.01
0 0.443761 0.026268 0.01 0.01
0 0.450285 0.024637 0.01 0.01
0 0.425005 0.027899 0.01 0.01
0 0.425820 0.018929 0.01 0.01
0 0.420112 0.021375 0.01 0.01
0 0.411141 0.013220 0.01 0.01
0 0.405433 0.023006 0.01 0.01
0 0.408695 0.023006 0.01 0.01
0 0.288817 0.042578 0.01 0.01
0 0.285555 0.031977 0.01 0.01
0 0.282293 0.024637 0.01 0.01
0 0.282293 0.015667 0.01 0.01
0 0.281478 0.007512 0.01 0.01
0 0.274954 0.013220 0.01 0.01
0 0.285555 0.010774 0.01 0.01
0 0.293710 0.015667 0.01 0.01
0 0.295341 0.009958 0.01 0.01
0 0.290448 0.004250 0.01 0.01
0 0.302680 0.005065 0.01 0.01
0 0.301865 0.009143 0.01 0.01
0 0.333669 0.015667 0.01 0.01
0 0.278216 0.067859 0.01 0.01
0 0.285555 0.065412 0.01 0.01
0 0.280662 0.053995 0.01 0.01
0 0.267614 0.061335 0.01 0.01
0 0.265168 0.050733 0.01 0.01
0 0.249673 0.070305 0.01 0.01
0 0.243965 0.070305 0.01 0.01
0 0.244780 0.060519 0.01 0.01
0 0.249673 0.051549 0.01 0.01
0 0.254566 0.056442 0.01 0.01
0 0.241518 0.053995 0.01 0.01
0 0.241518 0.048287 0.01 0.01
0 0.243965 0.040132 0.01 0.01
0 0.252120 0.045840 0.01 0.01
0 0.254566 0.044209 0.01 0.01
0 0.255382 0.037685 0.01 0.01
0 0.230101 0.087430 0.01 0.01
0 0.245596 0.090692 0.01 0.01
0 0.253751 0.099663 0.01 0.01
0 0.225209 0.098847 0.01 0.01
0 0.221947 0.091508 0.01 0.01
0 0.217869 0.082537 0.01 0.01
0 0.228470 0.079275 0.01 0.01
0 0.213792 0.062150 0.01 0.01
0 0.221947 0.057257 0.01 0.01
0 0.225209 0.051549 0.01 0.01
0 0.221131 0.043394 0.01 0.01
0 0.230101 0.045025 0.01 0.01
0 0.225209 0.043394 0.01 0.01
0 0.222762 0.030346 0.01 0.01
0 0.227655 0.027899 0.01 0.01
0 0.209714 0.027084 0.01 0.01
0 0.216238 0.030346 0.01 0.01
0 0.214607 0.022191 0.01 0.01
0 0.208899 0.017298 0.01 0.01
0 0.212161 0.008327 0.01 0.01
0 0.219500 0.017298 0.01 0.01
0 0.222762 0.008327 0.01 0.01
0 0.225209 0.010774 0.01 0.01
0 0.228470 0.005065 0.01 0.01
0 0.230101 0.005065 0.01 0.01
0 0.237441 0.014851 0.01 0.01
0 0.238256 0.009143 0.01 0.01
0 0.243965 0.013220 0.01 0.01
0 0.249673 0.009143 0.01 0.01
0 0.253751 0.005881 0.01 0.01
0 0.251304 0.015667 0.01 0.01
0 0.257828 0.013220 0.01 0.01
0 0.261090 0.004250 0.01 0.01
0 0.252120 0.024637 0.01 0.01
0 0.261906 0.024637 0.01 0.01
0 0.265983 0.020560 0.01 0.01
0 0.271692 0.022191 0.01 0.01
0 0.265168 0.009143 0.01 0.01
0 0.292079 0.030346 0.01 0.01
0 0.297788 0.031161 0.01 0.01
0 0.301049 0.025453 0.01 0.01
0 0.310835 0.045025 0.01 0.01
0 0.310835 0.048287 0.01 0.01
0 0.317359 0.049102 0.01 0.01
0 0.317359 0.027084 0.01 0.01
0 0.323883 0.023006 0.01 0.01
0 0.319806 0.014036 0.01 0.01
0 0.318990 0.009958 0.01 0.01
0 0.307573 0.009958 0.01 0.01
0 0.067818 0.058888 0.01 0.01
0 0.073527 0.058888 0.01 0.01
0 0.077604 0.074382 0.01 0.01
0 0.085759 0.084984 0.01 0.01
0 0.127349 0.082537 0.01 0.01
0 0.124903 0.077644 0.01 0.01
0 0.145290 0.077644 0.01 0.01
0 0.153445 0.071121 0.01 0.01
0 0.163231 0.070305 0.01 0.01
0 0.380152 0.076829 0.01 0.01
0 0.383414 0.070305 0.01 0.01
0 0.389938 0.073567 0.01 0.01
0 0.389938 0.067859 0.01 0.01
0 0.386676 0.065412 0.01 0.01
0 0.377706 0.057257 0.01 0.01
0 0.394016 0.058888 0.01 0.01
0 0.407064 0.071936 0.01 0.01
0 0.400540 0.064597 0.01 0.01
0 0.421743 0.068674 0.01 0.01
0 0.434791 0.073567 0.01 0.01
0 0.433160 0.066228 0.01 0.01
0 0.429082 0.066228 0.01 0.01
0 0.422558 0.062966 0.01 0.01
0 0.388307 0.018929 0.01 0.01
0 0.371998 0.014036 0.01 0.01
0 0.332854 0.066228 0.01 0.01
0 0.323883 0.067859 0.01 0.01
0 0.313282 0.071121 0.01 0.01
0 0.185249 0.082537 0.01 0.01
0 0.186065 0.076829 0.01 0.01
0 0.175463 0.071121 0.01 0.01
0 0.180356 0.062150 0.01 0.01
0 0.184434 0.065412 0.01 0.01
0 0.168939 0.084984 0.01 0.01
0 0.161600 0.099663 0.01 0.01
0 0.169755 0.093954 0.01 0.01
0 0.197482 0.084984 0.01 0.01
0 0.209714 0.090692 0.01 0.01
0 0.150183 0.045025 0.01 0.01
0 0.055586 0.028715 0.01 0.01
0 0.065372 0.010774 0.01 0.01
0 0.042538 0.039316 0.01 0.01
0 0.030305 0.058888 0.01 0.01
0 0.019704 0.059704 0.01 0.01
0 0.010733 0.058888 0.01 0.01
0 0.005841 0.053180 0.01 0.01
0 0.013180 0.067859 0.01 0.01
0 0.006656 0.068674 0.01 0.01
0 0.006656 0.080091 0.01 0.01
0 0.055586 0.054811 0.01 0.01
0 0.063741 0.049102 0.01 0.01
0 0.043353 0.047471 0.01 0.01
0 0.049877 0.045840 0.01 0.01
0 0.049062 0.036054 0.01 0.01
0 0.014811 0.021375 0.01 0.01
0 0.009103 0.014036 0.01 0.01
0 0.109408 0.028715 0.01 0.01
0 0.116748 0.027084 0.01 0.01
0 0.110224 0.018929 0.01 0.01
0 0.116748 0.017298 0.01 0.01
0 0.113486 0.011589 0.01 0.01
0 0.118379 0.001803 0.01 0.01
0 0.150999 0.024637 0.01 0.01
0 0.124087 0.031977 0.01 0.01
0 0.748756 0.132283 0.01 0.01
0 0.739785 0.126574 0.01 0.01
0 0.732446 0.120866 0.01 0.01
0 0.732446 0.113526 0.01 0.01
0 0.733262 0.105371 0.01 0.01
0 0.738970 0.102925 0.01 0.01
0 0.740601 0.099663 0.01 0.01
0 0.740601 0.093954 0.01 0.01
0 0.749571 0.093954 0.01 0.01
0 0.755280 0.090692 0.01 0.01
0 0.758542 0.096401 0.01 0.01
0 0.735708 0.073567 0.01 0.01
0 0.728369 0.073567 0.01 0.01
0 0.733262 0.061335 0.01 0.01
0 0.758542 0.067859 0.01 0.01
0 0.770774 0.062150 0.01 0.01
0 0.759357 0.054811 0.01 0.01
0 0.717767 0.028715 0.01 0.01
0 0.725922 0.024637 0.01 0.01
0 0.709612 0.017298 0.01 0.01
0 0.716952 0.013220 0.01 0.01
0 0.736524 0.023006 0.01 0.01
0 0.328776 0.084984 0.01 0.01
0 0.355688 0.076829 0.01 0.01
0 0.783822 0.043394 0.01 0.01
0 0.778929 0.049918 0.01 0.01
0 0.194746 0.014512 0.01 0.01
0 0.186754 0.025701 0.01 0.01
0 0.180360 0.036889 0.01 0.01
0 0.097243 0.032094 0.01 0.01
0 0.089251 0.014512 0.01 0.01
0 0.030110 0.032094 0.01 0.01
0 0.047693 0.017709 0.01 0.01
0 0.703837 0.044289 0.01 0.01
0 0.711829 0.047486 0.01 0.01
0 0.709431 0.041891 0.01 0.01
0 0.700640 0.026707 0.01 0.01
0 0.690250 0.013120 0.01 0.01
0 0.667872 0.002731 0.01 0.01
0 0.654286 0.004329 0.01 0.01
0 0.658282 0.017915 0.01 0.01
0 0.723817 0.009124 0.01 0.01
0 0.727813 0.014719 0.01 0.01
0 0.734206 0.008325 0.01 0.01
0 0.742198 0.006727 0.01 0.01
0 0.750190 0.009124 0.01 0.01
0 0.758182 0.007526 0.01 0.01
0 0.752588 0.035498 0.01 0.01
0 0.734206 0.041092 0.01 0.01
0 0.723017 0.042691 0.01 0.01
0 0.719821 0.055478 0.01 0.01
0 0.711829 0.074659 0.01 0.01
0 0.763777 0.036297 0.01 0.01
0 0.774166 0.017915 0.01 0.01
0 0.765375 0.020313 0.01 0.01
0 0.770170 0.006727 0.01 0.01
0 0.778162 0.013919 0.01 0.01
0 0.782957 0.019514 0.01 0.01
0 0.797343 0.009923 0.01 0.01
0 0.787753 0.025108 0.01 0.01
0 0.795745 0.037096 0.01 0.01
0 1.112228 0.018715 0.01 0.01
0 1.093047 0.008325 0.01 0.01
0 1.566574 0.359767 0.01 0.01
0 1.558582 0.332594 0.01 0.01
0 1.573767 0.316610 0.01 0.01
0 1.584156 0.304622 0.01 0.01
0 0.488851 0.008325 0.01 0.01
0 0.481659 0.008325 0.01 0.01
0 0.470470 0.005128 0.01 0.01
0 0.475265 0.013120 0.01 0.01
0 0.484855 0.015518 0.01 0.01
0 0.500040 0.005927 0.01 0.01
0 0.388951 0.004329 0.01 0.01
0 0.398542 0.012321 0.01 0.01
0 0.407333 0.006727 0.01 0.01
0 0.353787 0.005927 0.01 0.01
0 0.347393 0.017915 0.01 0.01
0 0.334606 0.033100 0.01 0.01
0 0.346594 0.030703 0.01 0.01
0 0.358582 0.018715 0.01 0.01
0 0.337803 0.006727 0.01 0.01
0 0.141998 0.019514 0.01 0.01
0 0.141998 0.029903 0.01 0.01
0 0.143597 0.005927 0.01 0.01
0 0.151589 0.014719 0.01 0.01
0 0.165175 0.007526 0.01 0.01
0 0.161179 0.020313 0.01 0.01
0 0.173966 0.021112 0.01 0.01
0 0.181958 0.016317 0.01 0.01
0 0.189950 0.006727 0.01 0.01
0 0.180360 0.009124 0.01 0.01
