0 0.101729 0.025051 0.01 0.01
0 0.095235 0.015773 0.01 0.01
0 0.119357 0.006496 0.01 0.01
0 0.168527 0.015773 0.01 0.01
0 0.186155 0.013918 0.01 0.01
0 0.193577 0.012062 0.01 0.01
0 0.215843 0.003713 0.01 0.01
0 0.233470 0.042678 0.01 0.01
0 0.255736 0.032473 0.01 0.01
0 0.244603 0.015773 0.01 0.01
0 0.304907 0.025979 0.01 0.01
0 0.355933 0.045461 0.01 0.01
0 0.380055 0.059378 0.01 0.01
0 0.321606 0.051028 0.01 0.01
0 0.329956 0.044534 0.01 0.01
0 0.344800 0.075149 0.01 0.01
0 0.278002 0.007424 0.01 0.01
0 0.272436 0.062161 0.01 0.01
0 0.247386 0.064016 0.01 0.01
0 0.255736 0.077005 0.01 0.01
0 0.230687 0.081644 0.01 0.01
0 0.220482 0.087210 0.01 0.01
0 0.206565 0.102054 0.01 0.01
0 0.188938 0.068655 0.01 0.01
0 0.132345 0.077933 0.01 0.01
0 0.125851 0.067727 0.01 0.01
0 0.107296 0.080716 0.01 0.01
0 0.095235 0.072366 0.01 0.01
0 0.119357 0.098343 0.01 0.01
0 0.089669 0.119681 0.01 0.01
0 0.080391 0.119681 0.01 0.01
0 0.068330 0.143803 0.01 0.01
0 0.079463 0.143803 0.01 0.01
0 0.068330 0.117826 0.01 0.01
0 0.125851 0.137309 0.01 0.01
0 0.139767 0.139164 0.01 0.01
0 0.153683 0.142875 0.01 0.01
0 0.197288 0.117826 0.01 0.01
0 0.223265 0.108548 0.01 0.01
0 0.226976 0.126176 0.01 0.01
0 0.253881 0.100199 0.01 0.01
0 0.265014 0.107621 0.01 0.01
0 0.278930 0.095560 0.01 0.01
0 0.263158 0.134526 0.01 0.01
0 0.286352 0.139164 0.01 0.01
0 0.316968 0.094632 0.01 0.01
0 0.332740 0.096488 0.01 0.01
0 0.422731 0.094632 0.01 0.01
0 0.433864 0.098343 0.01 0.01
0 0.478397 0.077933 0.01 0.01
0 0.449636 0.054739 0.01 0.01
0 0.467264 0.113187 0.01 0.01
0 0.463553 0.084427 0.01 0.01
0 0.515507 0.107621 0.01 0.01
0 0.508085 0.133598 0.01 0.01
0 0.492313 0.140092 0.01 0.01
0 0.426442 0.133598 0.01 0.01
0 0.432937 0.115043 0.01 0.01
0 0.400465 0.119681 0.01 0.01
0 0.406960 0.145659 0.01 0.01
0 0.382838 0.150297 0.01 0.01
0 0.363355 0.139164 0.01 0.01
0 0.356861 0.137309 0.01 0.01
0 0.338306 0.145659 0.01 0.01
0 0.348511 0.141948 0.01 0.01
0 0.321606 0.148442 0.01 0.01
0 0.315112 0.142875 0.01 0.01
0 0.306762 0.149370 0.01 0.01
0 0.275219 0.153081 0.01 0.01
0 0.274291 0.174419 0.01 0.01
0 0.290991 0.169780 0.01 0.01
0 0.238109 0.165141 0.01 0.01
0 0.226048 0.168852 0.01 0.01
0 0.218626 0.152153 0.01 0.01
0 0.196360 0.160503 0.01 0.01
0 0.195432 0.147514 0.01 0.01
0 0.179660 0.153081 0.01 0.01
0 0.167600 0.162358 0.01 0.01
0 0.153683 0.186480 0.01 0.01
0 0.131417 0.176274 0.01 0.01
0 0.111935 0.176274 0.01 0.01
0 0.039570 0.173491 0.01 0.01
0 0.032148 0.142875 0.01 0.01
0 0.015448 0.137309 0.01 0.01
0 0.012665 0.137309 0.01 0.01
0 0.026581 0.106693 0.01 0.01
0 0.010810 0.106693 0.01 0.01
0 0.002460 0.051956 0.01 0.01
0 0.028437 0.057522 0.01 0.01
0 0.018232 0.057522 0.01 0.01
0 0.020087 0.169780 0.01 0.01
0 0.021015 0.181841 0.01 0.01
0 0.007099 0.231012 0.01 0.01
0 0.020087 0.250494 0.01 0.01
0 0.023798 0.263483 0.01 0.01
0 0.051631 0.241217 0.01 0.01
0 0.069258 0.250494 0.01 0.01
0 0.095235 0.246783 0.01 0.01
0 0.082247 0.217095 0.01 0.01
0 0.095235 0.185552 0.01 0.01
0 0.110079 0.204107 0.01 0.01
0 0.125851 0.207818 0.01 0.01
0 0.169455 0.205035 0.01 0.01
0 0.162961 0.231012 0.01 0.01
0 0.209349 0.207818 0.01 0.01
0 0.186155 0.179985 0.01 0.01
0 0.227904 0.195757 0.01 0.01
0 0.189866 0.193902 0.01 0.01
0 0.384694 0.107621 0.01 0.01
0 0.547978 0.108548 0.01 0.01
0 0.560966 0.113187 0.01 0.01
0 0.581377 0.116898 0.01 0.01
0 0.603643 0.081644 0.01 0.01
0 0.629620 0.081644 0.01 0.01
0 0.617559 0.065872 0.01 0.01
0 0.586943 0.057522 0.01 0.01
0 0.599932 0.028762 0.01 0.01
0 0.637970 0.064944 0.01 0.01
0 0.647247 0.078860 0.01 0.01
0 0.676008 0.077005 0.01 0.01
0 0.667658 0.115043 0.01 0.01
0 0.644464 0.119681 0.01 0.01
0 0.557255 0.051028 0.01 0.01
0 0.527567 0.035256 0.01 0.01
0 0.544267 0.026906 0.01 0.01
0 0.538700 0.038967 0.01 0.01
0 0.616632 0.029690 0.01 0.01
0 0.667658 0.019484 0.01 0.01
0 0.671369 0.041750 0.01 0.01
0 0.656525 0.005568 0.01 0.01
0 0.637970 0.012062 0.01 0.01
0 0.626837 0.015773 0.01 0.01
0 0.574883 0.006496 0.01 0.01
0 0.548906 0.006496 0.01 0.01
0 0.529423 0.009279 0.01 0.01
0 0.680646 0.051028 0.01 0.01
0 0.654669 0.167925 0.01 0.01
0 0.646320 0.179985 0.01 0.01
0 0.633331 0.207818 0.01 0.01
0 0.609210 0.198540 0.01 0.01
0 0.593438 0.198540 0.01 0.01
0 0.548906 0.166997 0.01 0.01
0 0.535917 0.162358 0.01 0.01
0 0.524784 0.173491 0.01 0.01
0 0.528495 0.193902 0.01 0.01
0 0.496952 0.166069 0.01 0.01
0 0.503446 0.165141 0.01 0.01
0 0.498807 0.189263 0.01 0.01
0 0.482108 0.191118 0.01 0.01
0 0.469119 0.179985 0.01 0.01
0 0.449636 0.167925 0.01 0.01
0 0.451492 0.191118 0.01 0.01
0 0.439431 0.188335 0.01 0.01
0 0.416237 0.171636 0.01 0.01
0 0.402321 0.165141 0.01 0.01
0 0.409743 0.189263 0.01 0.01
0 0.392116 0.180913 0.01 0.01
0 0.371705 0.202251 0.01 0.01
0 0.370777 0.188335 0.01 0.01
0 0.355006 0.185552 0.01 0.01
0 0.342017 0.174419 0.01 0.01
0 0.326245 0.179058 0.01 0.01
0 0.364283 0.218951 0.01 0.01
0 0.302124 0.197613 0.01 0.01
0 0.308618 0.223590 0.01 0.01
0 0.286352 0.212457 0.01 0.01
0 0.258519 0.211529 0.01 0.01
0 0.225120 0.236578 0.01 0.01
0 0.199143 0.254205 0.01 0.01
0 0.133273 0.278327 0.01 0.01
0 0.091524 0.278327 0.01 0.01
0 0.074825 0.308943 0.01 0.01
0 0.037714 0.298738 0.01 0.01
0 0.012665 0.294099 0.01 0.01
0 0.014521 0.324715 0.01 0.01
0 0.075752 0.350692 0.01 0.01
0 0.101729 0.317293 0.01 0.01
0 0.127706 0.317293 0.01 0.01
0 0.174094 0.315437 0.01 0.01
0 0.193577 0.287605 0.01 0.01
0 0.183371 0.336775 0.01 0.01
0 0.219554 0.304304 0.01 0.01
0 0.235326 0.317293 0.01 0.01
0 0.270580 0.271833 0.01 0.01
0 0.282641 0.256989 0.01 0.01
0 0.293774 0.249567 0.01 0.01
0 0.307690 0.276472 0.01 0.01
0 0.325317 0.241217 0.01 0.01
0 0.337378 0.253278 0.01 0.01
0 0.387477 0.261627 0.01 0.01
0 0.334595 0.315437 0.01 0.01
0 0.295629 0.315437 0.01 0.01
0 0.267797 0.356258 0.01 0.01
0 0.380055 0.318220 0.01 0.01
0 0.375416 0.292243 0.01 0.01
0 0.446853 0.271833 0.01 0.01
0 0.443142 0.225445 0.01 0.01
0 0.414382 0.214312 0.01 0.01
0 0.458914 0.214312 0.01 0.01
0 0.439431 0.205035 0.01 0.01
0 0.511796 0.218951 0.01 0.01
0 0.538700 0.220806 0.01 0.01
0 0.553544 0.220806 0.01 0.01
0 0.572099 0.220806 0.01 0.01
0 0.580449 0.240289 0.01 0.01
0 0.620343 0.243072 0.01 0.01
0 0.638898 0.240289 0.01 0.01
0 0.647247 0.258844 0.01 0.01
0 0.665802 0.236578 0.01 0.01
0 0.701057 0.233795 0.01 0.01
0 0.751156 0.240289 0.01 0.01
0 0.746517 0.276472 0.01 0.01
0 0.699201 0.284821 0.01 0.01
0 0.633331 0.282966 0.01 0.01
0 0.642609 0.300593 0.01 0.01
0 0.637042 0.328426 0.01 0.01
0 0.576738 0.281110 0.01 0.01
0 0.554472 0.265339 0.01 0.01
0 0.530351 0.253278 0.01 0.01
0 0.529423 0.271833 0.01 0.01
0 0.522929 0.286677 0.01 0.01
0 0.500663 0.281110 0.01 0.01
0 0.483035 0.302449 0.01 0.01
0 0.466336 0.299665 0.01 0.01
0 0.433864 0.337703 0.01 0.01
0 0.499735 0.349764 0.01 0.01
0 0.479324 0.373885 0.01 0.01
0 0.464480 0.372030 0.01 0.01
0 0.464480 0.411923 0.01 0.01
0 0.411598 0.396151 0.01 0.01
0 0.405104 0.360897 0.01 0.01
0 0.384694 0.398007 0.01 0.01
0 0.419948 0.436045 0.01 0.01
0 0.433864 0.417490 0.01 0.01
0 0.361500 0.460166 0.01 0.01
0 0.305835 0.414707 0.01 0.01
0 0.320679 0.414707 0.01 0.01
0 0.289135 0.388729 0.01 0.01
0 0.215843 0.363680 0.01 0.01
0 0.200071 0.383163 0.01 0.01
0 0.191721 0.389657 0.01 0.01
0 0.110079 0.391513 0.01 0.01
0 0.072969 0.391513 0.01 0.01
0 0.052558 0.331209 0.01 0.01
0 0.026581 0.386874 0.01 0.01
0 0.005243 0.360897 0.01 0.01
0 0.008026 0.497276 0.01 0.01
0 0.092452 0.494493 0.01 0.01
0 0.100802 0.526037 0.01 0.01
0 0.100802 0.552942 0.01 0.01
0 0.148117 0.462022 0.01 0.01
0 0.193577 0.436045 0.01 0.01
0 0.196360 0.466661 0.01 0.01
0 0.213060 0.462022 0.01 0.01
0 0.167600 0.509337 0.01 0.01
0 0.209349 0.523253 0.01 0.01
0 0.170383 0.556653 0.01 0.01
0 0.296557 0.552014 0.01 0.01
0 0.320679 0.490782 0.01 0.01
0 0.283569 0.455528 0.01 0.01
0 0.408815 0.553869 0.01 0.01
0 0.506229 0.477794 0.01 0.01
0 0.524784 0.458311 0.01 0.01
0 0.511796 0.396151 0.01 0.01
0 0.561894 0.382235 0.01 0.01
0 0.557255 0.424912 0.01 0.01
0 0.559111 0.326570 0.01 0.01
0 0.592510 0.375741 0.01 0.01
0 0.628692 0.388729 0.01 0.01
0 0.648175 0.423056 0.01 0.01
0 0.625909 0.438828 0.01 0.01
0 0.609210 0.464805 0.01 0.01
0 0.704768 0.467588 0.01 0.01
0 0.731673 0.449033 0.01 0.01
0 0.703840 0.390585 0.01 0.01
0 0.709407 0.337703 0.01 0.01
0 0.747445 0.318220 0.01 0.01
0 0.778060 0.349764 0.01 0.01
0 0.797543 0.320076 0.01 0.01
0 0.792904 0.293171 0.01 0.01
0 0.778988 0.402646 0.01 0.01
0 0.737239 0.395224 0.01 0.01
0 0.797543 0.444395 0.01 0.01
0 0.742806 0.523253 0.01 0.01
0 0.795688 0.542736 0.01 0.01
0 0.688996 0.553869 0.01 0.01
0 0.778060 0.449033 0.01 0.01
0 0.167600 0.258844 0.01 0.01
0 0.011737 0.080716 0.01 0.01
0 0.586016 0.036184 0.01 0.01
0 0.972099 0.005568 0.01 0.01
0 1.001788 0.054739 0.01 0.01
0 0.978594 0.070511 0.01 0.01
0 0.964677 0.067727 0.01 0.01
0 0.929423 0.070511 0.01 0.01
0 0.965605 0.087210 0.01 0.01
0 0.981377 0.094632 0.01 0.01
0 1.006426 0.094632 0.01 0.01
0 0.992510 0.089066 0.01 0.01
0 1.014776 0.117826 0.01 0.01
0 0.999932 0.127103 0.01 0.01
0 0.956328 0.128031 0.01 0.01
0 0.946122 0.141020 0.01 0.01
0 0.973027 0.166069 0.01 0.01
0 1.024054 0.153081 0.01 0.01
0 0.952617 0.201324 0.01 0.01
0 0.935917 0.192046 0.01 0.01
0 0.932206 0.204107 0.01 0.01
0 0.932206 0.231012 0.01 0.01
0 0.914579 0.246783 0.01 0.01
0 0.857058 0.267194 0.01 0.01
0 0.832937 0.276472 0.01 0.01
0 0.855203 0.291316 0.01 0.01
0 0.844997 0.317293 0.01 0.01
0 0.820876 0.382235 0.01 0.01
0 0.841286 0.386874 0.01 0.01
0 0.872830 0.372030 0.01 0.01
0 0.909012 0.323787 0.01 0.01
0 0.922001 0.310798 0.01 0.01
0 0.926640 0.278327 0.01 0.01
0 0.915507 0.256989 0.01 0.01
0 1.011065 0.263483 0.01 0.01
0 1.011065 0.237506 0.01 0.01
0 1.008282 0.227301 0.01 0.01
0 0.992510 0.212457 0.01 0.01
0 1.008282 0.199468 0.01 0.01
0 1.026837 0.205035 0.01 0.01
0 1.050958 0.227301 0.01 0.01
0 1.037970 0.243072 0.01 0.01
0 1.056525 0.173491 0.01 0.01
0 1.074152 0.171636 0.01 0.01
0 1.062091 0.143803 0.01 0.01
0 1.055597 0.124320 0.01 0.01
0 1.061164 0.113187 0.01 0.01
0 1.084357 0.116898 0.01 0.01
0 1.092707 0.096488 0.01 0.01
0 1.132601 0.113187 0.01 0.01
0 1.153011 0.132670 0.01 0.01
0 1.138167 0.156792 0.01 0.01
0 1.090852 0.155864 0.01 0.01
0 1.069513 0.153081 0.01 0.01
0 1.085285 0.198540 0.01 0.01
0 1.102912 0.205035 0.01 0.01
0 1.112190 0.221734 0.01 0.01
0 1.101985 0.230084 0.01 0.01
0 1.113118 0.230084 0.01 0.01
0 1.127034 0.241217 0.01 0.01
0 1.112190 0.256989 0.01 0.01
0 1.096418 0.246783 0.01 0.01
0 1.090852 0.259772 0.01 0.01
0 1.056525 0.282966 0.01 0.01
0 1.028692 0.300593 0.01 0.01
0 1.007354 0.305232 0.01 0.01
0 0.988799 0.308943 0.01 0.01
0 0.963750 0.325642 0.01 0.01
0 0.963750 0.347908 0.01 0.01
0 0.926640 0.367391 0.01 0.01
0 0.974883 0.398007 0.01 0.01
0 1.012921 0.382235 0.01 0.01
0 1.020343 0.365536 0.01 0.01
0 1.063019 0.386874 0.01 0.01
0 1.023126 0.401718 0.01 0.01
0 0.972099 0.419345 0.01 0.01
0 0.947978 0.425840 0.01 0.01
0 0.908085 0.455528 0.01 0.01
0 0.861697 0.444395 0.01 0.01
0 0.485030 0.412851 0.01 0.01
0 0.873758 0.437900 0.01 0.01
0 0.844070 0.537170 0.01 0.01
0 0.968388 0.531603 0.01 0.01
0 0.982305 0.504698 0.01 0.01
0 0.994365 0.565930 0.01 0.01
0 1.024981 0.558508 0.01 0.01
0 1.048175 0.492638 0.01 0.01
0 1.063947 0.438828 0.01 0.01
0 1.109407 0.471299 0.01 0.01
0 1.127962 0.530675 0.01 0.01
0 1.079719 0.416562 0.01 0.01
0 1.140950 0.430478 0.01 0.01
0 1.137239 0.402646 0.01 0.01
0 1.153011 0.372030 0.01 0.01
0 1.129817 0.338631 0.01 0.01
0 1.125178 0.311726 0.01 0.01
0 1.086213 0.339559 0.01 0.01
0 1.140023 0.282966 0.01 0.01
0 1.140950 0.263483 0.01 0.01
0 1.173422 0.237506 0.01 0.01
0 1.157650 0.224517 0.01 0.01
0 1.172494 0.218951 0.01 0.01
0 1.164144 0.198540 0.01 0.01
0 1.142806 0.187407 0.01 0.01
0 1.206821 0.197613 0.01 0.01
0 1.205893 0.223590 0.01 0.01
0 1.210532 0.218023 0.01 0.01
0 1.225376 0.233795 0.01 0.01
0 1.237436 0.234723 0.01 0.01
0 1.219809 0.256989 0.01 0.01
0 1.245786 0.274616 0.01 0.01
0 1.243003 0.321931 0.01 0.01
0 1.251353 0.349764 0.01 0.01
0 1.205893 0.349764 0.01 0.01
0 1.190121 0.356258 0.01 0.01
0 1.163216 0.302449 0.01 0.01
0 1.291246 0.343270 0.01 0.01
0 1.329284 0.347908 0.01 0.01
0 1.346911 0.308943 0.01 0.01
0 1.337634 0.251422 0.01 0.01
0 1.322790 0.238434 0.01 0.01
0 1.297740 0.240289 0.01 0.01
0 1.286607 0.246783 0.01 0.01
0 1.263413 0.211529 0.01 0.01
0 1.273619 0.204107 0.01 0.01
0 1.302379 0.211529 0.01 0.01
0 1.294029 0.188335 0.01 0.01
0 1.300524 0.174419 0.01 0.01
0 1.293102 0.159575 0.01 0.01
0 1.274547 0.166069 0.01 0.01
0 1.274547 0.153081 0.01 0.01
0 1.278258 0.142875 0.01 0.01
0 1.238364 0.141948 0.01 0.01
0 1.216098 0.127103 0.01 0.01
0 1.193832 0.123392 0.01 0.01
0 1.175277 0.130815 0.01 0.01
0 1.194760 0.145659 0.01 0.01
0 1.198471 0.163286 0.01 0.01
0 1.210532 0.169780 0.01 0.01
0 1.346911 0.234723 0.01 0.01
0 1.323717 0.210601 0.01 0.01
0 1.345983 0.207818 0.01 0.01
0 1.352478 0.186480 0.01 0.01
0 1.336706 0.175347 0.01 0.01
0 1.389588 0.191118 0.01 0.01
0 1.393299 0.178130 0.01 0.01
0 1.438759 0.178130 0.01 0.01
0 1.426698 0.198540 0.01 0.01
0 1.424842 0.187407 0.01 0.01
0 1.409998 0.182769 0.01 0.01
0 1.402576 0.215240 0.01 0.01
0 1.386804 0.205962 0.01 0.01
0 1.362683 0.211529 0.01 0.01
0 1.372888 0.221734 0.01 0.01
0 1.394226 0.244000 0.01 0.01
0 1.401648 0.223590 0.01 0.01
0 1.439686 0.240289 0.01 0.01
0 1.434120 0.267194 0.01 0.01
0 1.397010 0.276472 0.01 0.01
0 1.376599 0.343270 0.01 0.01
0 1.392371 0.347908 0.01 0.01
0 1.267124 0.123392 0.01 0.01
0 1.445253 0.369247 0.01 0.01
0 1.388660 0.373885 0.01 0.01
0 1.367322 0.372030 0.01 0.01
0 1.316295 0.385946 0.01 0.01
0 1.311657 0.414707 0.01 0.01
0 1.303307 0.421201 0.01 0.01
0 1.263413 0.419345 0.01 0.01
0 1.241147 0.442539 0.01 0.01
0 1.199399 0.418418 0.01 0.01
0 1.233725 0.497276 0.01 0.01
0 1.263413 0.507482 0.01 0.01
0 1.339489 0.487071 0.01 0.01
0 1.364538 0.475010 0.01 0.01
0 1.376599 0.499132 0.01 0.01
0 1.370105 0.403574 0.01 0.01
0 1.325573 0.562219 0.01 0.01
0 1.192904 0.559436 0.01 0.01
0 1.202182 0.529748 0.01 0.01
0 1.591049 0.103910 0.01 0.01
0 1.544661 0.176274 0.01 0.01
0 1.527962 0.179985 0.01 0.01
0 1.482502 0.188335 0.01 0.01
0 1.461164 0.195757 0.01 0.01
0 1.460236 0.173491 0.01 0.01
0 1.442609 0.199468 0.01 0.01
0 1.428692 0.220806 0.01 0.01
0 1.470441 0.250494 0.01 0.01
0 1.483430 0.238434 0.01 0.01
0 1.441681 0.218023 0.01 0.01
0 1.498274 0.218023 0.01 0.01
0 1.517756 0.211529 0.01 0.01
0 1.558578 0.199468 0.01 0.01
0 1.590121 0.188335 0.01 0.01
0 1.587338 0.207818 0.01 0.01
0 1.598471 0.220806 0.01 0.01
0 1.575277 0.236578 0.01 0.01
0 1.571566 0.217095 0.01 0.01
0 1.547445 0.244928 0.01 0.01
0 1.572494 0.260700 0.01 0.01
0 1.510334 0.249567 0.01 0.01
0 1.487141 0.271833 0.01 0.01
0 1.462091 0.294099 0.01 0.01
0 1.471369 0.318220 0.01 0.01
0 1.543734 0.300593 0.01 0.01
0 1.541878 0.321931 0.01 0.01
0 1.568783 0.310798 0.01 0.01
0 1.599399 0.279255 0.01 0.01
0 1.598471 0.249567 0.01 0.01
0 1.563216 0.347908 0.01 0.01
0 1.595688 0.363680 0.01 0.01
0 1.581771 0.383163 0.01 0.01
0 1.587338 0.408212 0.01 0.01
0 1.483430 0.379452 0.01 0.01
0 1.453742 0.350692 0.01 0.01
0 1.471369 0.343270 0.01 0.01
0 1.517756 0.477794 0.01 0.01
0 1.490852 0.494493 0.01 0.01
0 1.508479 0.564075 0.01 0.01
0 1.402715 0.330281 0.01 0.01
0 1.173561 0.369247 0.01 0.01
0 1.151295 0.250494 0.01 0.01
0 0.105440 0.624842 0.01 0.01
0 0.077608 0.621131 0.01 0.01
0 0.033076 0.656386 0.01 0.01
0 0.133273 0.747306 0.01 0.01
0 0.157394 0.669374 0.01 0.01
0 0.222337 0.686074 0.01 0.01
0 0.298413 0.621131 0.01 0.01
0 0.244603 0.604432 0.01 0.01
0 0.209349 0.591443 0.01 0.01
0 0.391188 0.578455 0.01 0.01
0 0.339234 0.613709 0.01 0.01
0 0.465408 0.604432 0.01 0.01
0 0.352222 0.656386 0.01 0.01
0 0.344800 0.695351 0.01 0.01
0 0.367066 0.743595 0.01 0.01
0 0.355933 0.784416 0.01 0.01
0 0.266869 0.747306 0.01 0.01
0 0.213060 0.786271 0.01 0.01
0 0.239037 0.808537 0.01 0.01
0 0.335523 0.834514 0.01 0.01
0 0.500663 0.673085 0.01 0.01
0 0.509940 0.721328 0.01 0.01
0 0.261303 0.574744 0.01 0.01
0 0.023798 0.856780 0.01 0.01
0 0.151828 0.984810 0.01 0.01
0 0.096163 1.112840 0.01 0.01
0 0.196360 0.975532 0.01 0.01
0 0.244603 1.077585 0.01 0.01
0 0.283569 1.038620 0.01 0.01
0 0.283569 1.038620 0.01 0.01
0 0.292846 0.903168 0.01 0.01
0 0.407887 0.986665 0.01 0.01
0 0.459841 0.910590 0.01 0.01
0 0.365211 0.823381 0.01 0.01
0 0.439431 0.830803 0.01 0.01
0 0.509940 0.821526 0.01 0.01
0 0.413454 1.094285 0.01 0.01
0 0.463553 1.085007 0.01 0.01
0 0.576738 1.012643 0.01 0.01
0 0.587871 0.901312 0.01 0.01
0 0.621270 0.858636 0.01 0.01
0 0.574883 0.717617 0.01 0.01
0 0.617559 0.721328 0.01 0.01
0 0.663947 0.797404 0.01 0.01
0 0.699201 1.033053 0.01 0.01
0 0.643536 1.066452 0.01 0.01
0 0.697346 1.099851 0.01 0.01
0 0.782699 0.968110 0.01 0.01
0 0.808676 0.932856 0.01 0.01
0 0.769711 0.880902 0.01 0.01
0 0.834653 0.914301 0.01 0.01
0 0.968249 1.046042 0.01 0.01
0 1.001648 1.046042 0.01 0.01
0 1.064736 0.975532 0.01 0.01
0 1.003504 0.832659 0.01 0.01
0 0.944128 0.841936 0.01 0.01
0 0.971960 0.789982 0.01 0.01
0 0.871763 0.708340 0.01 0.01
0 0.804965 0.682363 0.01 0.01
0 0.736312 0.734317 0.01 0.01
0 0.665802 0.765861 0.01 0.01
0 0.773422 0.611854 0.01 0.01
0 0.884752 0.630409 0.01 0.01
0 0.897740 0.611854 0.01 0.01
0 1.014637 0.648964 0.01 0.01
0 1.059169 0.674941 0.01 0.01
0 1.077724 0.686074 0.01 0.01
0 1.014637 0.726895 0.01 0.01
0 1.025770 0.765861 0.01 0.01
0 1.155655 0.747306 0.01 0.01
0 1.148233 0.843792 0.01 0.01
0 1.202043 0.901312 0.01 0.01
0 1.244719 1.077585 0.01 0.01
0 1.242864 1.020065 0.01 0.01
0 1.341206 0.992232 0.01 0.01
0 1.370894 1.085007 0.01 0.01
0 1.432125 0.984810 0.01 0.01
0 1.452536 1.127684 0.01 0.01
0 1.586132 1.105418 0.01 0.01
0 1.526756 0.764005 0.01 0.01
0 1.422848 0.856780 0.01 0.01
0 1.419137 0.747306 0.01 0.01
0 1.367183 0.880902 0.01 0.01
0 1.307807 0.778849 0.01 0.01
0 1.311518 0.715762 0.01 0.01
0 1.298529 0.673085 0.01 0.01
0 1.383882 0.665663 0.01 0.01
0 1.367183 0.622987 0.01 0.01
0 1.530467 0.608143 0.01 0.01
0 1.584277 0.643397 0.01 0.01
0 1.124112 0.661952 0.01 0.01
0 1.112979 0.600721 0.01 0.01
0 0.534062 0.500524 0.01 0.01
0 0.945983 0.552478 0.01 0.01
