0 0.033444 0.831981 0.01 0.01
0 0.009562 0.835493 0.01 0.01
0 0.014478 0.813016 0.01 0.01
0 0.003942 0.784919 0.01 0.01
0 0.017288 0.778597 0.01 0.01
0 0.013776 0.742071 0.01 0.01
0 0.057326 0.742774 0.01 0.01
0 0.042575 0.770168 0.01 0.01
0 0.040468 0.740666 0.01 0.01
0 0.056624 0.726618 0.01 0.01
0 0.049600 0.709760 0.01 0.01
0 0.010264 0.705545 0.01 0.01
0 0.022205 0.719594 0.01 0.01
0 0.036254 0.697116 0.01 0.01
0 0.014478 0.680258 0.01 0.01
0 0.017288 0.660590 0.01 0.01
0 0.029932 0.647244 0.01 0.01
0 0.011669 0.636005 0.01 0.01
0 0.064350 0.670424 0.01 0.01
0 0.059434 0.641625 0.01 0.01
0 0.080506 0.691497 0.01 0.01
0 0.098769 0.712569 0.01 0.01
0 0.110710 0.728725 0.01 0.01
0 0.079804 0.744178 0.01 0.01
0 0.102281 0.742071 0.01 0.01
0 0.138807 0.737857 0.01 0.01
0 0.132485 0.711867 0.01 0.01
0 0.144427 0.713272 0.01 0.01
0 0.102281 0.691497 0.01 0.01
0 0.093852 0.675341 0.01 0.01
0 0.097364 0.661293 0.01 0.01
0 0.076994 0.654971 0.01 0.01
0 0.076994 0.641625 0.01 0.01
0 0.076994 0.625469 0.01 0.01
0 0.045385 0.604396 0.01 0.01
0 0.015181 0.595967 0.01 0.01
0 0.020098 0.569978 0.01 0.01
0 0.039766 0.584026 0.01 0.01
0 0.040468 0.570680 0.01 0.01
0 0.056624 0.558036 0.01 0.01
0 0.060136 0.595967 0.01 0.01
0 0.101579 0.624064 0.01 0.01
0 0.091043 0.596670 0.01 0.01
0 0.093852 0.565061 0.01 0.01
0 0.079804 0.558739 0.01 0.01
0 0.008859 0.546798 0.01 0.01
0 0.016586 0.527832 0.01 0.01
0 0.023610 0.545393 0.01 0.01
0 0.055921 0.533452 0.01 0.01
0 0.034849 0.557334 0.01 0.01
0 0.032039 0.517296 0.01 0.01
0 0.015181 0.520106 0.01 0.01
0 0.039063 0.508164 0.01 0.01
0 0.066458 0.513081 0.01 0.01
0 0.090340 0.525725 0.01 0.01
0 0.110710 0.585431 0.01 0.01
0 0.127569 0.581919 0.01 0.01
0 0.123354 0.620552 0.01 0.01
0 0.110710 0.643030 0.01 0.01
0 0.156368 0.676043 0.01 0.01
0 0.128271 0.664102 0.01 0.01
0 0.161987 0.730832 0.01 0.01
0 0.188679 0.700628 0.01 0.01
0 0.188679 0.721701 0.01 0.01
0 0.214669 0.724511 0.01 0.01
0 0.206240 0.710462 0.01 0.01
0 0.187977 0.681663 0.01 0.01
0 0.176036 0.671829 0.01 0.01
0 0.156368 0.652864 0.01 0.01
0 0.172524 0.646542 0.01 0.01
0 0.182357 0.640220 0.01 0.01
0 0.172524 0.624767 0.01 0.01
0 0.154261 0.604396 0.01 0.01
0 0.140212 0.619850 0.01 0.01
0 0.195704 0.645839 0.01 0.01
0 0.225908 0.705545 0.01 0.01
0 0.247683 0.709057 0.01 0.01
0 0.234337 0.672531 0.01 0.01
0 0.231527 0.645839 0.01 0.01
0 0.255409 0.657078 0.01 0.01
0 0.249790 0.636708 0.01 0.01
0 0.211859 0.628279 0.01 0.01
0 0.223098 0.618445 0.01 0.01
0 0.212562 0.652864 0.01 0.01
0 0.211157 0.607206 0.01 0.01
0 0.186572 0.604396 0.01 0.01
0 0.192191 0.587538 0.01 0.01
0 0.178143 0.565061 0.01 0.01
0 0.209050 0.560144 0.01 0.01
0 0.228717 0.593860 0.01 0.01
0 0.227313 0.608611 0.01 0.01
0 0.242063 0.605801 0.01 0.01
0 0.254005 0.615635 0.01 0.01
0 0.225908 0.566466 0.01 0.01
0 0.154963 0.556632 0.01 0.01
0 0.116330 0.555929 0.01 0.01
0 0.123354 0.536964 0.01 0.01
0 0.104389 0.524320 0.01 0.01
0 0.102984 0.539071 0.01 0.01
0 0.135295 0.558739 0.01 0.01
0 0.146534 0.534857 0.01 0.01
0 0.122652 0.511677 0.01 0.01
0 0.086126 0.510272 0.01 0.01
0 0.110710 0.500438 0.01 0.01
0 0.115627 0.489199 0.01 0.01
0 0.087530 0.492009 0.01 0.01
0 0.060136 0.487794 0.01 0.01
0 0.051707 0.484985 0.01 0.01
0 0.009562 0.489199 0.01 0.01
0 0.024312 0.496223 0.01 0.01
0 0.027825 0.482175 0.01 0.01
0 0.329164 0.594562 0.01 0.01
0 0.284209 0.586836 0.01 0.01
0 0.261029 0.566466 0.01 0.01
0 0.251897 0.574192 0.01 0.01
0 0.275077 0.563656 0.01 0.01
0 0.251195 0.549607 0.01 0.01
0 0.241361 0.560144 0.01 0.01
0 0.234337 0.530642 0.01 0.01
0 0.213967 0.538369 0.01 0.01
0 0.204133 0.518701 0.01 0.01
0 0.187274 0.539774 0.01 0.01
0 0.186572 0.519403 0.01 0.01
0 0.171119 0.528535 0.01 0.01
0 0.152153 0.516594 0.01 0.01
0 0.136700 0.529940 0.01 0.01
0 0.135998 0.503248 0.01 0.01
0 0.138105 0.487794 0.01 0.01
0 0.152153 0.489199 0.01 0.01
0 0.147236 0.501843 0.01 0.01
0 0.163392 0.490604 0.01 0.01
0 0.183060 0.501843 0.01 0.01
0 0.205537 0.492009 0.01 0.01
0 0.190787 0.469531 0.01 0.01
0 0.169714 0.476555 0.01 0.01
0 0.157773 0.456888 0.01 0.01
0 0.172524 0.456185 0.01 0.01
0 0.184465 0.454078 0.01 0.01
0 0.180953 0.432303 0.01 0.01
0 0.169714 0.437220 0.01 0.01
0 0.158475 0.437220 0.01 0.01
0 0.006049 0.471639 0.01 0.01
0 0.016586 0.460400 0.01 0.01
0 0.008859 0.440030 0.01 0.01
0 0.030634 0.440732 0.01 0.01
0 0.025717 0.428791 0.01 0.01
0 0.046088 0.470936 0.01 0.01
0 0.060838 0.451268 0.01 0.01
0 0.082613 0.470234 0.01 0.01
0 0.094555 0.470936 0.01 0.01
0 0.105793 0.474448 0.01 0.01
0 0.117032 0.468126 0.01 0.01
0 0.110008 0.435815 0.01 0.01
0 0.146534 0.466722 0.01 0.01
0 0.129676 0.462507 0.01 0.01
0 0.135295 0.447756 0.01 0.01
0 0.128271 0.430196 0.01 0.01
0 0.095257 0.437922 0.01 0.01
0 0.068565 0.427386 0.01 0.01
0 0.074184 0.455483 0.01 0.01
0 0.011669 0.407016 0.01 0.01
0 0.015181 0.390860 0.01 0.01
0 0.036254 0.423874 0.01 0.01
0 0.039063 0.369085 0.01 0.01
0 0.058029 0.388050 0.01 0.01
0 0.076292 0.417552 0.01 0.01
0 0.086126 0.396479 0.01 0.01
0 0.062946 0.368382 0.01 0.01
0 0.047492 0.362061 0.01 0.01
0 0.031337 0.352227 0.01 0.01
0 0.009562 0.347310 0.01 0.01
0 0.008859 0.337476 0.01 0.01
0 0.023610 0.335369 0.01 0.01
0 0.034146 0.337476 0.01 0.01
0 0.044683 0.344500 0.01 0.01
0 0.045385 0.350119 0.01 0.01
0 0.058731 0.345905 0.01 0.01
0 0.070672 0.354334 0.01 0.01
0 0.084018 0.339583 0.01 0.01
0 0.096662 0.352929 0.01 0.01
0 0.116330 0.355739 0.01 0.01
0 0.127569 0.341690 0.01 0.01
0 0.116330 0.338881 0.01 0.01
0 0.225908 0.494818 0.01 0.01
0 0.239956 0.502545 0.01 0.01
0 0.245576 0.522915 0.01 0.01
0 0.267351 0.541178 0.01 0.01
0 0.274375 0.531344 0.01 0.01
0 0.286316 0.520808 0.01 0.01
0 0.287721 0.548905 0.01 0.01
0 0.303174 0.536964 0.01 0.01
0 0.287018 0.534857 0.01 0.01
0 0.294745 0.567870 0.01 0.01
0 0.337593 0.553120 0.01 0.01
0 0.324949 0.566466 0.01 0.01
0 0.336890 0.527832 0.01 0.01
0 0.324247 0.517296 0.01 0.01
0 0.333378 0.508867 0.01 0.01
0 0.331973 0.495521 0.01 0.01
0 0.322842 0.492711 0.01 0.01
0 0.284911 0.494116 0.01 0.01
0 0.265243 0.495521 0.01 0.01
0 0.251195 0.494116 0.01 0.01
0 0.250492 0.475151 0.01 0.01
0 0.235039 0.469531 0.01 0.01
0 0.213264 0.466019 0.01 0.01
0 0.203430 0.466722 0.01 0.01
0 0.197811 0.437220 0.01 0.01
0 0.197811 0.456185 0.01 0.01
0 0.206942 0.447756 0.01 0.01
0 0.222396 0.440030 0.01 0.01
0 0.235742 0.458292 0.01 0.01
0 0.211859 0.433005 0.01 0.01
0 0.197811 0.418254 0.01 0.01
0 0.183762 0.414742 0.01 0.01
0 0.175333 0.414742 0.01 0.01
0 0.161285 0.417552 0.01 0.01
0 0.146534 0.417552 0.01 0.01
0 0.114925 0.416147 0.01 0.01
0 0.099472 0.416147 0.01 0.01
0 0.102984 0.392967 0.01 0.01
0 0.113520 0.388050 0.01 0.01
0 0.138105 0.404908 0.01 0.01
0 0.133890 0.415445 0.01 0.01
0 0.157070 0.396479 0.01 0.01
0 0.148641 0.388050 0.01 0.01
0 0.131783 0.388050 0.01 0.01
0 0.135295 0.397182 0.01 0.01
0 0.058731 0.317808 0.01 0.01
0 0.048897 0.307974 0.01 0.01
0 0.055219 0.300247 0.01 0.01
0 0.046088 0.296033 0.01 0.01
0 0.034849 0.325535 0.01 0.01
0 0.029229 0.316403 0.01 0.01
0 0.014478 0.322023 0.01 0.01
0 0.008157 0.314998 0.01 0.01
0 0.006049 0.326939 0.01 0.01
0 0.018693 0.312189 0.01 0.01
0 0.025015 0.302355 0.01 0.01
0 0.020800 0.295330 0.01 0.01
0 0.049600 0.283389 0.01 0.01
0 0.037658 0.299545 0.01 0.01
0 0.036254 0.280580 0.01 0.01
0 0.027122 0.268638 0.01 0.01
0 0.020098 0.279175 0.01 0.01
0 0.009562 0.283389 0.01 0.01
0 0.010264 0.269341 0.01 0.01
0 0.021503 0.264424 0.01 0.01
0 0.031337 0.262317 0.01 0.01
0 0.028527 0.246863 0.01 0.01
0 0.009562 0.249673 0.01 0.01
0 0.028527 0.235625 0.01 0.01
0 0.005347 0.243351 0.01 0.01
0 0.003942 0.209635 0.01 0.01
0 0.009562 0.226493 0.01 0.01
0 0.019395 0.220874 0.01 0.01
0 0.062946 0.300247 0.01 0.01
0 0.082613 0.323427 0.01 0.01
0 0.102281 0.325535 0.01 0.01
0 0.076292 0.307974 0.01 0.01
0 0.072780 0.294628 0.01 0.01
0 0.081209 0.289009 0.01 0.01
0 0.089638 0.300950 0.01 0.01
0 0.089638 0.313593 0.01 0.01
0 0.106496 0.292521 0.01 0.01
0 0.093150 0.284794 0.01 0.01
0 0.101579 0.279175 0.01 0.01
0 0.095960 0.268638 0.01 0.01
0 0.084018 0.267936 0.01 0.01
0 0.093852 0.258102 0.01 0.01
0 0.107901 0.258102 0.01 0.01
0 0.102281 0.246161 0.01 0.01
0 0.107901 0.234922 0.01 0.01
0 0.076994 0.250375 0.01 0.01
0 0.061541 0.265829 0.01 0.01
0 0.054517 0.272151 0.01 0.01
0 0.054517 0.257400 0.01 0.01
0 0.043980 0.269341 0.01 0.01
0 0.064350 0.280580 0.01 0.01
0 0.067863 0.237732 0.01 0.01
0 0.075589 0.237029 0.01 0.01
0 0.046088 0.240541 0.01 0.01
0 0.039063 0.225791 0.01 0.01
0 0.048897 0.227195 0.01 0.01
0 0.060136 0.226493 0.01 0.01
0 0.068565 0.225791 0.01 0.01
0 0.076994 0.225088 0.01 0.01
0 0.081209 0.213849 0.01 0.01
0 0.089638 0.211742 0.01 0.01
0 0.093852 0.245458 0.01 0.01
0 0.104389 0.214552 0.01 0.01
0 0.107198 0.204718 0.01 0.01
0 0.103686 0.194884 0.01 0.01
0 0.098067 0.186455 0.01 0.01
0 0.088935 0.194884 0.01 0.01
0 0.079804 0.198396 0.01 0.01
0 0.055219 0.191372 0.01 0.01
0 0.048897 0.204016 0.01 0.01
0 0.038361 0.215254 0.01 0.01
0 0.034146 0.201206 0.01 0.01
0 0.028527 0.190669 0.01 0.01
0 0.020800 0.198396 0.01 0.01
0 0.039063 0.188562 0.01 0.01
0 0.040468 0.173811 0.01 0.01
0 0.036956 0.159060 0.01 0.01
0 0.010966 0.175919 0.01 0.01
0 0.017288 0.157656 0.01 0.01
0 0.008157 0.159763 0.01 0.01
0 0.012371 0.138690 0.01 0.01
0 0.041171 0.124642 0.01 0.01
0 0.027825 0.148524 0.01 0.01
0 0.026420 0.158358 0.01 0.01
0 0.032741 0.174514 0.01 0.01
0 0.026420 0.204016 0.01 0.01
0 0.079804 0.181538 0.01 0.01
0 0.086126 0.170299 0.01 0.01
0 0.096662 0.167490 0.01 0.01
0 0.075589 0.166085 0.01 0.01
0 0.065755 0.159060 0.01 0.01
0 0.063648 0.147822 0.01 0.01
0 0.046088 0.156251 0.01 0.01
0 0.081911 0.114808 0.01 0.01
0 0.058731 0.095842 0.01 0.01
0 0.047492 0.108486 0.01 0.01
0 0.033444 0.102164 0.01 0.01
0 0.019395 0.075472 0.01 0.01
0 0.039063 0.081092 0.01 0.01
0 0.036956 0.067746 0.01 0.01
0 0.006752 0.082496 0.01 0.01
0 0.006049 0.068448 0.01 0.01
0 0.013074 0.057912 0.01 0.01
0 0.012371 0.053697 0.01 0.01
0 0.015883 0.041756 0.01 0.01
0 0.025015 0.045970 0.01 0.01
0 0.026420 0.053697 0.01 0.01
0 0.034849 0.050185 0.01 0.01
0 0.055921 0.046673 0.01 0.01
0 0.046088 0.052292 0.01 0.01
0 0.052409 0.071960 0.01 0.01
0 0.061541 0.067746 0.01 0.01
0 0.081911 0.084604 0.01 0.01
0 0.055921 0.083199 0.01 0.01
0 0.081911 0.096545 0.01 0.01
0 0.078399 0.102867 0.01 0.01
0 0.095257 0.094438 0.01 0.01
0 0.083316 0.149929 0.01 0.01
0 0.095960 0.145012 0.01 0.01
0 0.102281 0.125344 0.01 0.01
0 0.110710 0.121130 0.01 0.01
0 0.116330 0.111998 0.01 0.01
0 0.133188 0.100057 0.01 0.01
0 0.126164 0.129559 0.01 0.01
0 0.135998 0.130261 0.01 0.01
0 0.126866 0.145012 0.01 0.01
0 0.125461 0.162573 0.01 0.01
0 0.128973 0.173811 0.01 0.01
0 0.134593 0.192074 0.01 0.01
0 0.117032 0.181538 0.01 0.01
0 0.111413 0.168192 0.01 0.01
0 0.144427 0.175919 0.01 0.01
0 0.147236 0.189967 0.01 0.01
0 0.143022 0.206123 0.01 0.01
0 0.127569 0.206123 0.01 0.01
0 0.114925 0.191372 0.01 0.01
0 0.126866 0.228600 0.01 0.01
0 0.139510 0.251780 0.01 0.01
0 0.121949 0.258102 0.01 0.01
0 0.118437 0.271448 0.01 0.01
0 0.130378 0.301652 0.01 0.01
0 0.149344 0.272853 0.01 0.01
0 0.135295 0.268638 0.01 0.01
0 0.158475 0.271448 0.01 0.01
0 0.169714 0.250375 0.01 0.01
0 0.171119 0.238434 0.01 0.01
0 0.156368 0.241946 0.01 0.01
0 0.155665 0.248971 0.01 0.01
0 0.172524 0.293926 0.01 0.01
0 0.173928 0.316403 0.01 0.01
0 0.183762 0.303760 0.01 0.01
0 0.169011 0.305164 0.01 0.01
0 0.165499 0.308676 0.01 0.01
0 0.167607 0.324832 0.01 0.01
0 0.158475 0.316403 0.01 0.01
0 0.150748 0.310081 0.01 0.01
0 0.141617 0.305164 0.01 0.01
0 0.150046 0.291116 0.01 0.01
0 0.133890 0.316403 0.01 0.01
0 0.139510 0.348715 0.01 0.01
0 0.148641 0.336773 0.01 0.01
0 0.135998 0.331154 0.01 0.01
0 0.164094 0.347310 0.01 0.01
0 0.173226 0.372597 0.01 0.01
0 0.178143 0.349417 0.01 0.01
0 0.193596 0.347310 0.01 0.01
0 0.185870 0.335369 0.01 0.01
0 0.185167 0.322023 0.01 0.01
0 0.194299 0.316403 0.01 0.01
0 0.211859 0.313593 0.01 0.01
0 0.208347 0.322023 0.01 0.01
0 0.211859 0.338881 0.01 0.01
0 0.223098 0.338178 0.01 0.01
0 0.223098 0.350822 0.01 0.01
0 0.218181 0.366978 0.01 0.01
0 0.208347 0.367680 0.01 0.01
0 0.205537 0.387348 0.01 0.01
0 0.216776 0.385943 0.01 0.01
0 0.197811 0.374704 0.01 0.01
0 0.186572 0.378216 0.01 0.01
0 0.160582 0.378216 0.01 0.01
0 0.170416 0.395074 0.01 0.01
0 0.178143 0.392967 0.01 0.01
0 0.187274 0.396479 0.01 0.01
0 0.197811 0.401396 0.01 0.01
0 0.220991 0.409123 0.01 0.01
0 0.223800 0.394372 0.01 0.01
0 0.237849 0.409123 0.01 0.01
0 0.233634 0.430898 0.01 0.01
0 0.246980 0.458995 0.01 0.01
0 0.256112 0.440030 0.01 0.01
0 0.270160 0.449161 0.01 0.01
0 0.282101 0.466722 0.01 0.01
0 0.263136 0.480068 0.01 0.01
0 0.346022 0.493414 0.01 0.01
0 0.331271 0.454078 0.01 0.01
0 0.315818 0.462507 0.01 0.01
0 0.306686 0.472341 0.01 0.01
0 0.296852 0.458995 0.01 0.01
0 0.304579 0.447054 0.01 0.01
0 0.287721 0.438625 0.01 0.01
0 0.270863 0.424576 0.01 0.01
0 0.258922 0.430898 0.01 0.01
0 0.259624 0.420362 0.01 0.01
0 0.265243 0.406313 0.01 0.01
0 0.253302 0.381026 0.01 0.01
0 0.239956 0.370490 0.01 0.01
0 0.230825 0.362061 0.01 0.01
0 0.246278 0.355739 0.01 0.01
0 0.262434 0.355739 0.01 0.01
0 0.254707 0.366978 0.01 0.01
0 0.237146 0.325535 0.01 0.01
0 0.278589 0.383836 0.01 0.01
0 0.279292 0.369085 0.01 0.01
0 0.299662 0.380324 0.01 0.01
0 0.290531 0.396479 0.01 0.01
0 0.306686 0.392265 0.01 0.01
0 0.311603 0.419659 0.01 0.01
0 0.327057 0.420362 0.01 0.01
0 0.321437 0.407718 0.01 0.01
0 0.319330 0.440030 0.01 0.01
0 0.349534 0.474448 0.01 0.01
0 0.355153 0.456888 0.01 0.01
0 0.340403 0.445649 0.01 0.01
0 0.346724 0.423171 0.01 0.01
0 0.360070 0.429493 0.01 0.01
0 0.376929 0.454780 0.01 0.01
0 0.374119 0.468126 0.01 0.01
0 0.372012 0.494116 0.01 0.01
0 0.381143 0.497628 0.01 0.01
0 0.393084 0.489199 0.01 0.01
0 0.397299 0.475853 0.01 0.01
0 0.398704 0.458995 0.01 0.01
0 0.389572 0.447756 0.01 0.01
0 0.426098 0.470234 0.01 0.01
0 0.456302 0.489902 0.01 0.01
0 0.414157 0.451268 0.01 0.01
0 0.400108 0.437220 0.01 0.01
0 0.384655 0.431600 0.01 0.01
0 0.227313 0.310081 0.01 0.01
0 0.220288 0.298843 0.01 0.01
0 0.204133 0.305164 0.01 0.01
0 0.204835 0.281984 0.01 0.01
0 0.190084 0.281282 0.01 0.01
0 0.178143 0.281282 0.01 0.01
0 0.193596 0.262317 0.01 0.01
0 0.184465 0.254590 0.01 0.01
0 0.195001 0.246863 0.01 0.01
0 0.206240 0.236327 0.01 0.01
0 0.211157 0.252483 0.01 0.01
0 0.218883 0.266531 0.01 0.01
0 0.213264 0.271448 0.01 0.01
0 0.225908 0.277770 0.01 0.01
0 0.233634 0.281282 0.01 0.01
0 0.239956 0.263019 0.01 0.01
0 0.240659 0.242649 0.01 0.01
0 0.226610 0.234220 0.01 0.01
0 0.237146 0.220874 0.01 0.01
0 0.245576 0.220874 0.01 0.01
0 0.242766 0.211040 0.01 0.01
0 0.223098 0.219469 0.01 0.01
0 0.206942 0.213849 0.01 0.01
0 0.214669 0.225088 0.01 0.01
0 0.192894 0.218064 0.01 0.01
0 0.184465 0.222279 0.01 0.01
0 0.173226 0.230005 0.01 0.01
0 0.164094 0.213849 0.01 0.01
0 0.153558 0.202611 0.01 0.01
0 0.157070 0.194182 0.01 0.01
0 0.172524 0.202611 0.01 0.01
0 0.173226 0.182943 0.01 0.01
0 0.159880 0.178026 0.01 0.01
0 0.164094 0.147822 0.01 0.01
0 0.148641 0.163977 0.01 0.01
0 0.185870 0.180133 0.01 0.01
0 0.180953 0.161870 0.01 0.01
0 0.181655 0.149929 0.01 0.01
0 0.223098 0.194884 0.01 0.01
0 0.212562 0.199801 0.01 0.01
0 0.200620 0.182943 0.01 0.01
0 0.211859 0.170299 0.01 0.01
0 0.206240 0.161870 0.01 0.01
0 0.200620 0.151334 0.01 0.01
0 0.213967 0.153441 0.01 0.01
0 0.197811 0.122534 0.01 0.01
0 0.192894 0.104974 0.01 0.01
0 0.179548 0.130964 0.01 0.01
0 0.143022 0.149929 0.01 0.01
0 0.158475 0.121130 0.01 0.01
0 0.157070 0.102867 0.01 0.01
0 0.139510 0.121832 0.01 0.01
0 0.131783 0.074770 0.01 0.01
0 0.116330 0.087413 0.01 0.01
0 0.118437 0.062126 0.01 0.01
0 0.081911 0.064936 0.01 0.01
0 0.092447 0.070555 0.01 0.01
0 0.125461 0.048780 0.01 0.01
0 0.113520 0.044566 0.01 0.01
0 0.142319 0.059316 0.01 0.01
0 0.158475 0.062126 0.01 0.01
0 0.155665 0.087413 0.01 0.01
0 0.133890 0.093735 0.01 0.01
0 0.166904 0.088116 0.01 0.01
0 0.171821 0.103569 0.01 0.01
0 0.180953 0.095140 0.01 0.01
0 0.173928 0.084604 0.01 0.01
0 0.189382 0.079687 0.01 0.01
0 0.185870 0.071960 0.01 0.01
0 0.197811 0.055804 0.01 0.01
0 0.205537 0.048780 0.01 0.01
0 0.213264 0.061424 0.01 0.01
0 0.212562 0.079687 0.01 0.01
0 0.207645 0.088818 0.01 0.01
0 0.222396 0.090223 0.01 0.01
0 0.225205 0.107784 0.01 0.01
0 0.242766 0.134476 0.01 0.01
0 0.242063 0.113403 0.01 0.01
0 0.244171 0.095140 0.01 0.01
0 0.241361 0.067043 0.01 0.01
0 0.236444 0.055102 0.01 0.01
0 0.224503 0.053697 0.01 0.01
0 0.225205 0.076175 0.01 0.01
0 0.244171 0.050887 0.01 0.01
0 0.256814 0.045970 0.01 0.01
0 0.261731 0.064233 0.01 0.01
0 0.268053 0.081794 0.01 0.01
0 0.255409 0.081092 0.01 0.01
0 0.269458 0.098652 0.01 0.01
0 0.264541 0.103569 0.01 0.01
0 0.276482 0.121130 0.01 0.01
0 0.263839 0.115510 0.01 0.01
0 0.276482 0.133773 0.01 0.01
0 0.268755 0.141500 0.01 0.01
0 0.254707 0.152036 0.01 0.01
0 0.239254 0.158358 0.01 0.01
0 0.223098 0.159060 0.01 0.01
0 0.247683 0.168192 0.01 0.01
0 0.268755 0.168192 0.01 0.01
0 0.279292 0.160465 0.01 0.01
0 0.251195 0.199801 0.01 0.01
0 0.232229 0.187860 0.01 0.01
0 0.251195 0.187860 0.01 0.01
0 0.269458 0.181538 0.01 0.01
0 0.282101 0.192777 0.01 0.01
0 0.282804 0.177323 0.01 0.01
0 0.263839 0.202611 0.01 0.01
0 0.258219 0.211742 0.01 0.01
0 0.271565 0.205420 0.01 0.01
0 0.268053 0.218766 0.01 0.01
0 0.279994 0.211040 0.01 0.01
0 0.280697 0.222279 0.01 0.01
0 0.275077 0.234220 0.01 0.01
0 0.254005 0.227898 0.01 0.01
0 0.256112 0.236327 0.01 0.01
0 0.260326 0.248971 0.01 0.01
0 0.256814 0.261614 0.01 0.01
0 0.265243 0.236327 0.01 0.01
0 0.272970 0.247566 0.01 0.01
0 0.277887 0.260209 0.01 0.01
0 0.261029 0.277770 0.01 0.01
0 0.277887 0.270746 0.01 0.01
0 0.293340 0.272151 0.01 0.01
0 0.295448 0.264424 0.01 0.01
0 0.303877 0.268638 0.01 0.01
0 0.297555 0.243351 0.01 0.01
0 0.285614 0.240541 0.01 0.01
0 0.287721 0.234220 0.01 0.01
0 0.296150 0.217362 0.01 0.01
0 0.287018 0.215957 0.01 0.01
0 0.307389 0.211040 0.01 0.01
0 0.306686 0.201908 0.01 0.01
0 0.313008 0.219469 0.01 0.01
0 0.318627 0.225088 0.01 0.01
0 0.249439 0.329749 0.01 0.01
0 0.243117 0.293926 0.01 0.01
0 0.231878 0.296033 0.01 0.01
0 0.267702 0.317808 0.01 0.01
0 0.262785 0.307974 0.01 0.01
0 0.251546 0.305867 0.01 0.01
0 0.246629 0.316403 0.01 0.01
0 0.259975 0.296033 0.01 0.01
0 0.251546 0.287604 0.01 0.01
0 0.268404 0.293223 0.01 0.01
0 0.268404 0.282687 0.01 0.01
0 0.280345 0.298843 0.01 0.01
0 0.274024 0.310081 0.01 0.01
0 0.288072 0.309379 0.01 0.01
0 0.288072 0.319915 0.01 0.01
0 0.285262 0.336071 0.01 0.01
0 0.268404 0.348715 0.01 0.01
0 0.280345 0.356441 0.01 0.01
0 0.301418 0.350119 0.01 0.01
0 0.300716 0.367680 0.01 0.01
0 0.318979 0.366275 0.01 0.01
0 0.311252 0.361358 0.01 0.01
0 0.318276 0.378919 0.01 0.01
0 0.328110 0.391562 0.01 0.01
0 0.313359 0.399991 0.01 0.01
0 0.344266 0.393670 0.01 0.01
0 0.333027 0.380324 0.01 0.01
0 0.330217 0.359251 0.01 0.01
0 0.334432 0.348012 0.01 0.01
0 0.318979 0.331856 0.01 0.01
0 0.327408 0.331154 0.01 0.01
0 0.337242 0.331154 0.01 0.01
0 0.327408 0.319213 0.01 0.01
0 0.321086 0.318510 0.01 0.01
0 0.302823 0.322023 0.01 0.01
0 0.294394 0.327642 0.01 0.01
0 0.304228 0.307272 0.01 0.01
0 0.315467 0.305164 0.01 0.01
0 0.304228 0.291116 0.01 0.01
0 0.299311 0.279175 0.01 0.01
0 0.287370 0.283389 0.01 0.01
0 0.314764 0.279175 0.01 0.01
0 0.323896 0.293926 0.01 0.01
0 0.327408 0.301652 0.01 0.01
0 0.340051 0.314998 0.01 0.01
0 0.337944 0.298140 0.01 0.01
0 0.335837 0.287604 0.01 0.01
0 0.332325 0.279175 0.01 0.01
0 0.327408 0.257400 0.01 0.01
0 0.321086 0.260209 0.01 0.01
0 0.314764 0.248268 0.01 0.01
0 0.310550 0.261614 0.01 0.01
0 0.300013 0.255292 0.01 0.01
0 0.300716 0.234220 0.01 0.01
0 0.314062 0.236327 0.01 0.01
0 0.329515 0.246863 0.01 0.01
0 0.330920 0.238434 0.01 0.01
0 0.340051 0.225088 0.01 0.01
0 0.335837 0.232112 0.01 0.01
0 0.330217 0.221576 0.01 0.01
0 0.329515 0.208932 0.01 0.01
0 0.315467 0.207528 0.01 0.01
0 0.317574 0.184348 0.01 0.01
0 0.304930 0.192777 0.01 0.01
0 0.290179 0.183645 0.01 0.01
0 0.293691 0.175216 0.01 0.01
0 0.293691 0.168894 0.01 0.01
0 0.302121 0.157656 0.01 0.01
0 0.296501 0.149929 0.01 0.01
0 0.307740 0.124642 0.01 0.01
0 0.318979 0.168192 0.01 0.01
0 0.313359 0.159763 0.01 0.01
0 0.311252 0.144310 0.01 0.01
0 0.318979 0.145714 0.01 0.01
0 0.333027 0.149227 0.01 0.01
0 0.325300 0.171704 0.01 0.01
0 0.328110 0.161870 0.01 0.01
0 0.342861 0.163275 0.01 0.01
0 0.333730 0.175919 0.01 0.01
0 0.344266 0.185050 0.01 0.01
0 0.335837 0.187860 0.01 0.01
0 0.338647 0.201206 0.01 0.01
0 0.328813 0.198396 0.01 0.01
0 0.341456 0.212445 0.01 0.01
0 0.350588 0.214552 0.01 0.01
0 0.349885 0.204016 0.01 0.01
0 0.367446 0.192777 0.01 0.01
0 0.349885 0.181538 0.01 0.01
0 0.349885 0.173811 0.01 0.01
0 0.355505 0.159763 0.01 0.01
0 0.349885 0.144310 0.01 0.01
0 0.368148 0.147119 0.01 0.01
0 0.363231 0.163275 0.01 0.01
0 0.366041 0.173811 0.01 0.01
0 0.383602 0.196289 0.01 0.01
0 0.384304 0.173811 0.01 0.01
0 0.372363 0.159763 0.01 0.01
0 0.385006 0.149929 0.01 0.01
0 0.380792 0.158358 0.01 0.01
0 0.392031 0.157656 0.01 0.01
0 0.396948 0.153441 0.01 0.01
0 0.389923 0.139393 0.01 0.01
0 0.386411 0.135178 0.01 0.01
0 0.023610 0.013893 0.01 0.01
0 0.027825 0.030049 0.01 0.01
0 0.040468 0.034263 0.01 0.01
0 0.052409 0.035668 0.01 0.01
0 0.064350 0.032859 0.01 0.01
0 0.043278 0.011083 0.01 0.01
0 0.061541 0.025132 0.01 0.01
0 0.058029 0.011786 0.01 0.01
0 0.017991 0.034263 0.01 0.01
0 0.011669 0.034263 0.01 0.01
0 0.075589 0.040585 0.01 0.01
0 0.092447 0.035668 0.01 0.01
0 0.088233 0.031454 0.01 0.01
0 0.082613 0.034263 0.01 0.01
0 0.093852 0.023025 0.01 0.01
0 0.110008 0.030049 0.01 0.01
0 0.116330 0.026537 0.01 0.01
0 0.123354 0.032859 0.01 0.01
0 0.130378 0.039883 0.01 0.01
0 0.126866 0.028644 0.01 0.01
0 0.138105 0.031454 0.01 0.01
0 0.135295 0.020215 0.01 0.01
0 0.150046 0.027239 0.01 0.01
0 0.151451 0.045502 0.01 0.01
0 0.166904 0.051122 0.01 0.01
0 0.175333 0.047609 0.01 0.01
0 0.179548 0.032156 0.01 0.01
0 0.173226 0.026537 0.01 0.01
0 0.164094 0.028644 0.01 0.01
0 0.186572 0.044097 0.01 0.01
0 0.192191 0.034263 0.01 0.01
0 0.202025 0.022322 0.01 0.01
0 0.213264 0.027239 0.01 0.01
0 0.210454 0.020917 0.01 0.01
0 0.206942 0.041288 0.01 0.01
0 0.230122 0.045502 0.01 0.01
0 0.225908 0.065872 0.01 0.01
0 0.236444 0.035668 0.01 0.01
0 0.237849 0.025834 0.01 0.01
0 0.249790 0.017405 0.01 0.01
0 0.254005 0.030751 0.01 0.01
0 0.280697 0.053931 0.01 0.01
0 0.276482 0.063765 0.01 0.01
0 0.289126 0.080623 0.01 0.01
0 0.310901 0.096779 0.01 0.01
0 0.301067 0.108720 0.01 0.01
0 0.280697 0.105910 0.01 0.01
0 0.310901 0.106613 0.01 0.01
0 0.310198 0.084838 0.01 0.01
0 0.309496 0.075706 0.01 0.01
0 0.304579 0.067277 0.01 0.01
0 0.296150 0.053931 0.01 0.01
0 0.313008 0.054634 0.01 0.01
0 0.310198 0.045502 0.01 0.01
0 0.320032 0.037073 0.01 0.01
0 0.320032 0.029346 0.01 0.01
0 0.300364 0.030049 0.01 0.01
0 0.284209 0.042692 0.01 0.01
0 0.287721 0.030751 0.01 0.01
0 0.268053 0.021620 0.01 0.01
0 0.275780 0.032156 0.01 0.01
0 0.282804 0.018108 0.01 0.01
0 0.315818 0.017405 0.01 0.01
0 0.333378 0.045502 0.01 0.01
0 0.331271 0.033561 0.01 0.01
0 0.324949 0.072194 0.01 0.01
0 0.315818 0.068682 0.01 0.01
0 0.343915 0.082028 0.01 0.01
0 0.334081 0.089755 0.01 0.01
0 0.331973 0.107315 0.01 0.01
0 0.330569 0.129090 0.01 0.01
0 0.352344 0.111530 0.01 0.01
0 0.345320 0.101696 0.01 0.01
0 0.365690 0.100994 0.01 0.01
0 0.369904 0.108720 0.01 0.01
0 0.355856 0.084135 0.01 0.01
0 0.377631 0.077814 0.01 0.01
0 0.377631 0.070789 0.01 0.01
0 0.362880 0.067980 0.01 0.01
0 0.338998 0.066575 0.01 0.01
0 0.349534 0.067277 0.01 0.01
0 0.330569 0.073599 0.01 0.01
0 0.361475 0.049717 0.01 0.01
0 0.352344 0.038478 0.01 0.01
0 0.343915 0.037073 0.01 0.01
0 0.336890 0.025834 0.01 0.01
0 0.365690 0.024429 0.01 0.01
0 0.380441 0.025834 0.01 0.01
0 0.389572 0.027942 0.01 0.01
0 0.380441 0.014596 0.01 0.01
0 0.364285 0.011786 0.01 0.01
0 0.402216 0.016000 0.01 0.01
0 0.412050 0.017405 0.01 0.01
0 0.425396 0.013893 0.01 0.01
0 0.430313 0.018810 0.01 0.01
0 0.433825 0.014596 0.01 0.01
0 0.442254 0.016703 0.01 0.01
0 0.444361 0.008976 0.01 0.01
0 0.453493 0.016000 0.01 0.01
0 0.414157 0.032859 0.01 0.01
0 0.403621 0.033561 0.01 0.01
0 0.398704 0.044800 0.01 0.01
0 0.403621 0.057443 0.01 0.01
0 0.384655 0.044097 0.01 0.01
0 0.414157 0.078516 0.01 0.01
0 0.391679 0.075706 0.01 0.01
0 0.387465 0.060253 0.01 0.01
0 0.405025 0.087648 0.01 0.01
0 0.386060 0.101696 0.01 0.01
0 0.394489 0.099589 0.01 0.01
0 0.405728 0.115042 0.01 0.01
0 0.364285 0.134710 0.01 0.01
0 0.359368 0.127686 0.01 0.01
0 0.423991 0.065872 0.01 0.01
0 0.436634 0.033561 0.01 0.01
0 0.445064 0.025132 0.01 0.01
0 0.436634 0.041288 0.01 0.01
0 0.418371 0.047609 0.01 0.01
0 0.445064 0.072194 0.01 0.01
0 0.456302 0.072897 0.01 0.01
0 0.473863 0.066575 0.01 0.01
0 0.455600 0.062360 0.01 0.01
0 0.463327 0.058146 0.01 0.01
0 0.474565 0.058146 0.01 0.01
0 0.463327 0.048312 0.01 0.01
0 0.459814 0.022322 0.01 0.01
0 0.461219 0.016703 0.01 0.01
0 0.425396 0.089052 0.01 0.01
0 0.425396 0.100994 0.01 0.01
0 0.428205 0.124876 0.01 0.01
0 0.439444 0.116447 0.01 0.01
0 0.438039 0.110125 0.01 0.01
0 0.459112 0.110125 0.01 0.01
0 0.448576 0.100994 0.01 0.01
0 0.469648 0.096077 0.01 0.01
0 0.469648 0.083433 0.01 0.01
0 0.484399 0.078516 0.01 0.01
0 0.496340 0.077814 0.01 0.01
0 0.492828 0.092564 0.01 0.01
0 0.490721 0.055336 0.01 0.01
0 0.496340 0.049014 0.01 0.01
0 0.472458 0.040585 0.01 0.01
0 0.462624 0.037776 0.01 0.01
0 0.490721 0.031454 0.01 0.01
0 0.482292 0.018108 0.01 0.01
0 0.481590 0.011786 0.01 0.01
0 0.471756 0.009679 0.01 0.01
0 0.496340 0.012488 0.01 0.01
0 0.495638 0.016703 0.01 0.01
0 0.498448 0.002654 0.01 0.01
0 0.507579 0.018810 0.01 0.01
0 0.499150 0.025834 0.01 0.01
0 0.512496 0.039180 0.01 0.01
0 0.518818 0.020917 0.01 0.01
0 0.526545 0.016703 0.01 0.01
0 0.526545 0.006166 0.01 0.01
0 0.516008 0.011083 0.01 0.01
0 0.539188 0.012488 0.01 0.01
0 0.518115 0.046205 0.01 0.01
0 0.531462 0.037776 0.01 0.01
0 0.532164 0.030049 0.01 0.01
0 0.508282 0.056741 0.01 0.01
0 0.508984 0.080623 0.01 0.01
0 0.513901 0.070789 0.01 0.01
0 0.504769 0.101696 0.01 0.01
0 0.519520 0.091160 0.01 0.01
0 0.536378 0.112935 0.01 0.01
0 0.490019 0.129090 0.01 0.01
0 0.486506 0.119959 0.01 0.01
0 0.471756 0.131198 0.01 0.01
0 0.465434 0.124173 0.01 0.01
0 0.449980 0.140329 0.01 0.01
0 0.449980 0.150163 0.01 0.01
0 0.459112 0.159295 0.01 0.01
0 0.475268 0.150866 0.01 0.01
0 0.464731 0.153675 0.01 0.01
0 0.439444 0.145246 0.01 0.01
0 0.445064 0.155080 0.01 0.01
0 0.426098 0.174748 0.01 0.01
0 0.419074 0.163509 0.01 0.01
0 0.395894 0.167724 0.01 0.01
0 0.405025 0.187392 0.01 0.01
0 0.392382 0.192308 0.01 0.01
0 0.403621 0.178962 0.01 0.01
0 0.378333 0.219703 0.01 0.01
0 0.380441 0.230942 0.01 0.01
0 0.348832 0.238668 0.01 0.01
0 0.364285 0.242180 0.01 0.01
0 0.363583 0.233751 0.01 0.01
0 0.355153 0.249907 0.01 0.01
0 0.341105 0.259039 0.01 0.01
0 0.359368 0.263253 0.01 0.01
0 0.360773 0.280111 0.01 0.01
0 0.351641 0.270277 0.01 0.01
0 0.349534 0.286433 0.01 0.01
0 0.349534 0.297672 0.01 0.01
0 0.357963 0.308208 0.01 0.01
0 0.364987 0.324364 0.01 0.01
0 0.363583 0.341924 0.01 0.01
0 0.375524 0.315232 0.01 0.01
0 0.374119 0.306803 0.01 0.01
0 0.365690 0.296969 0.01 0.01
0 0.376226 0.295565 0.01 0.01
0 0.370607 0.289243 0.01 0.01
0 0.381143 0.285028 0.01 0.01
0 0.386060 0.296267 0.01 0.01
0 0.389572 0.301184 0.01 0.01
0 0.405728 0.301184 0.01 0.01
0 0.394489 0.287136 0.01 0.01
0 0.406430 0.278706 0.01 0.01
0 0.397299 0.261848 0.01 0.01
0 0.391679 0.274492 0.01 0.01
0 0.376929 0.269575 0.01 0.01
0 0.372012 0.257634 0.01 0.01
0 0.393787 0.254122 0.01 0.01
0 0.391679 0.237264 0.01 0.01
0 0.398704 0.226727 0.01 0.01
0 0.412050 0.204952 0.01 0.01
0 0.416967 0.216893 0.01 0.01
0 0.418371 0.226727 0.01 0.01
0 0.416967 0.240776 0.01 0.01
0 0.422586 0.252717 0.01 0.01
0 0.405728 0.242180 0.01 0.01
0 0.532515 0.817699 0.01 0.01
0 0.499501 0.796626 0.01 0.01
0 0.518467 0.782578 0.01 0.01
0 0.543754 0.766422 0.01 0.01
0 0.505121 0.749564 0.01 0.01
0 0.414508 0.734110 0.01 0.01
0 0.352695 0.717955 0.01 0.01
0 0.337944 0.682131 0.01 0.01
0 0.349885 0.665975 0.01 0.01
0 0.363231 0.687048 0.01 0.01
0 0.372363 0.673000 0.01 0.01
0 0.410996 0.708823 0.01 0.01
0 0.423640 0.699692 0.01 0.01
0 0.439795 0.704609 0.01 0.01
0 0.475619 0.706716 0.01 0.01
0 0.451034 0.680024 0.01 0.01
0 0.406079 0.670190 0.01 0.01
0 0.406079 0.649117 0.01 0.01
0 0.377280 0.643498 0.01 0.01
0 0.403269 0.628045 0.01 0.01
0 0.387114 0.615401 0.01 0.01
0 0.406079 0.594328 0.01 0.01
0 0.366041 0.594328 0.01 0.01
0 0.349885 0.569041 0.01 0.01
0 0.347076 0.604865 0.01 0.01
0 0.332325 0.631557 0.01 0.01
0 0.266297 0.637176 0.01 0.01
0 0.274726 0.606270 0.01 0.01
0 0.255761 0.596436 0.01 0.01
0 0.406781 0.573958 0.01 0.01
0 0.422235 0.600650 0.01 0.01
0 0.431366 0.646308 0.01 0.01
0 0.451034 0.637879 0.01 0.01
0 0.467892 0.667380 0.01 0.01
0 0.477726 0.650522 0.01 0.01
0 0.493882 0.625235 0.01 0.01
0 0.503013 0.661058 0.01 0.01
0 0.498799 0.677214 0.01 0.01
0 0.481238 0.682131 0.01 0.01
0 0.522681 0.697584 0.01 0.01
0 0.549373 0.656844 0.01 0.01
0 0.528301 0.650522 0.01 0.01
0 0.512847 0.640688 0.01 0.01
0 0.515657 0.670892 0.01 0.01
0 0.538837 0.632962 0.01 0.01
0 0.552183 0.624532 0.01 0.01
0 0.534622 0.609079 0.01 0.01
0 0.521979 0.602055 0.01 0.01
0 0.526896 0.591519 0.01 0.01
0 0.510038 0.590816 0.01 0.01
0 0.486858 0.595031 0.01 0.01
0 0.484750 0.583090 0.01 0.01
0 0.463678 0.578875 0.01 0.01
0 0.470702 0.595031 0.01 0.01
0 0.441903 0.592221 0.01 0.01
0 0.446117 0.581685 0.01 0.01
0 0.427854 0.582387 0.01 0.01
0 0.432771 0.570446 0.01 0.01
0 0.460868 0.564124 0.01 0.01
0 0.453844 0.542349 0.01 0.01
0 0.439093 0.546564 0.01 0.01
0 0.428557 0.505823 0.01 0.01
0 0.397650 0.512145 0.01 0.01
0 0.375172 0.520574 0.01 0.01
0 0.418020 0.513550 0.01 0.01
0 0.409591 0.495989 0.01 0.01
0 0.454546 0.514252 0.01 0.01
0 0.606270 0.782578 0.01 0.01
0 0.569744 0.791709 0.01 0.01
0 0.574660 0.756588 0.01 0.01
0 0.549373 0.731301 0.01 0.01
0 0.531813 0.724979 0.01 0.01
0 0.554993 0.708121 0.01 0.01
0 0.564827 0.694072 0.01 0.01
0 0.563422 0.662463 0.01 0.01
0 0.581685 0.659654 0.01 0.01
0 0.605567 0.654737 0.01 0.01
0 0.604865 0.691965 0.01 0.01
0 0.585899 0.699692 0.01 0.01
0 0.588709 0.679321 0.01 0.01
0 0.568339 0.609782 0.01 0.01
0 0.566231 0.587304 0.01 0.01
0 0.558505 0.566934 0.01 0.01
0 0.540242 0.554290 0.01 0.01
0 0.526896 0.564827 0.01 0.01
0 0.507228 0.562719 0.01 0.01
0 0.503716 0.575363 0.01 0.01
0 0.493179 0.564827 0.01 0.01
0 0.498096 0.550778 0.01 0.01
0 0.481941 0.550778 0.01 0.01
0 0.487560 0.528301 0.01 0.01
0 0.469297 0.522681 0.01 0.01
0 0.494584 0.505823 0.01 0.01
0 0.474916 0.488965 0.01 0.01
0 0.497394 0.487560 0.01 0.01
0 0.512145 0.478429 0.01 0.01
0 0.505121 0.494584 0.01 0.01
0 0.512847 0.514955 0.01 0.01
0 0.503013 0.526896 0.01 0.01
0 0.509335 0.539539 0.01 0.01
0 0.535325 0.536027 0.01 0.01
0 0.531813 0.516359 0.01 0.01
0 0.538135 0.483346 0.01 0.01
0 0.562017 0.507228 0.01 0.01
0 0.552885 0.525491 0.01 0.01
0 0.562719 0.533920 0.01 0.01
0 0.580280 0.525491 0.01 0.01
0 0.597138 0.534622 0.01 0.01
0 0.595031 0.554993 0.01 0.01
0 0.585197 0.552183 0.01 0.01
0 0.592923 0.595733 0.01 0.01
0 0.611889 0.613996 0.01 0.01
0 0.595031 0.632962 0.01 0.01
0 0.633664 0.646308 0.01 0.01
0 0.646308 0.622425 0.01 0.01
0 0.632962 0.604865 0.01 0.01
0 0.642093 0.589411 0.01 0.01
0 0.638581 0.571851 0.01 0.01
0 0.617508 0.581685 0.01 0.01
0 0.604865 0.584494 0.01 0.01
0 0.616806 0.552885 0.01 0.01
0 0.618211 0.519872 0.01 0.01
0 0.602055 0.517764 0.01 0.01
0 0.603460 0.502311 0.01 0.01
0 0.578173 0.501609 0.01 0.01
0 0.562719 0.494584 0.01 0.01
0 0.545159 0.500204 0.01 0.01
0 0.613996 0.749564 0.01 0.01
0 0.631557 0.707418 0.01 0.01
0 0.637176 0.741837 0.01 0.01
0 0.639283 0.784685 0.01 0.01
0 0.663868 0.765719 0.01 0.01
0 0.662463 0.722169 0.01 0.01
0 0.663868 0.694072 0.01 0.01
0 0.669488 0.674405 0.01 0.01
0 0.681429 0.644200 0.01 0.01
0 0.659654 0.646308 0.01 0.01
0 0.658951 0.618211 0.01 0.01
0 0.684238 0.623128 0.01 0.01
0 0.673000 0.580280 0.01 0.01
0 0.671595 0.559207 0.01 0.01
0 0.644903 0.549373 0.01 0.01
0 0.642093 0.519872 0.01 0.01
0 0.642093 0.504418 0.01 0.01
0 0.653332 0.512145 0.01 0.01
0 0.651225 0.527598 0.01 0.01
0 0.670892 0.512847 0.01 0.01
0 0.661761 0.541647 0.01 0.01
0 0.657546 0.558505 0.01 0.01
0 0.687048 0.562017 0.01 0.01
0 0.692667 0.534622 0.01 0.01
0 0.706716 0.573958 0.01 0.01
0 0.693370 0.596436 0.01 0.01
0 0.708121 0.602757 0.01 0.01
0 0.703906 0.651927 0.01 0.01
0 0.701097 0.682131 0.01 0.01
0 0.698287 0.707418 0.01 0.01
0 0.695477 0.734813 0.01 0.01
0 0.687048 0.755183 0.01 0.01
0 0.693370 0.773446 0.01 0.01
0 0.691965 0.807865 0.01 0.01
0 0.715145 0.814889 0.01 0.01
0 0.757290 0.807865 0.01 0.01
0 0.720764 0.769934 0.01 0.01
0 0.741837 0.746754 0.01 0.01
0 0.720764 0.722169 0.01 0.01
0 0.748861 0.705311 0.01 0.01
0 0.758695 0.682131 0.01 0.01
0 0.739027 0.673000 0.01 0.01
0 0.744647 0.651927 0.01 0.01
0 0.724277 0.654737 0.01 0.01
0 0.734813 0.609782 0.01 0.01
0 0.758695 0.635069 0.01 0.01
0 0.759398 0.659654 0.01 0.01
0 0.784685 0.652629 0.01 0.01
0 0.795221 0.654737 0.01 0.01
0 0.791709 0.686346 0.01 0.01
0 0.794519 0.702501 0.01 0.01
0 0.776256 0.694072 0.01 0.01
0 0.801543 0.727789 0.01 0.01
0 0.788197 0.741837 0.01 0.01
0 0.821913 0.817699 0.01 0.01
0 0.779065 0.783982 0.01 0.01
0 0.763612 0.765017 0.01 0.01
0 0.765017 0.612591 0.01 0.01
0 0.757290 0.595733 0.01 0.01
0 0.732003 0.585197 0.01 0.01
0 0.728491 0.569744 0.01 0.01
0 0.720764 0.558505 0.01 0.01
0 0.751671 0.554993 0.01 0.01
0 0.785387 0.584494 0.01 0.01
0 0.805758 0.617508 0.01 0.01
0 0.783280 0.623128 0.01 0.01
0 0.838771 0.635069 0.01 0.01
0 0.828235 0.599948 0.01 0.01
0 0.813484 0.580280 0.01 0.01
0 0.800138 0.565529 0.01 0.01
0 0.788197 0.547968 0.01 0.01
0 0.789602 0.511442 0.01 0.01
0 0.630854 0.494584 0.01 0.01
0 0.621723 0.478429 0.01 0.01
0 0.607674 0.477024 0.01 0.01
0 0.586602 0.474916 0.01 0.01
0 0.566231 0.478429 0.01 0.01
0 0.592923 0.488965 0.01 0.01
0 0.647712 0.486155 0.01 0.01
0 0.638581 0.473512 0.01 0.01
0 0.672297 0.483346 0.01 0.01
0 0.693370 0.497394 0.01 0.01
0 0.694775 0.505121 0.01 0.01
0 0.690560 0.486155 0.01 0.01
0 0.706716 0.484048 0.01 0.01
0 0.715145 0.503013 0.01 0.01
0 0.709526 0.526193 0.01 0.01
0 0.720764 0.511442 0.01 0.01
0 0.694775 0.517062 0.01 0.01
0 0.729193 0.531110 0.01 0.01
0 0.732003 0.514252 0.01 0.01
0 0.750266 0.531110 0.01 0.01
0 0.744647 0.522681 0.01 0.01
0 0.774149 0.521276 0.01 0.01
0 0.759398 0.505121 0.01 0.01
0 0.771339 0.559910 0.01 0.01
0 0.802245 0.795455 0.01 0.01
0 0.802245 0.763144 0.01 0.01
0 0.824723 0.774383 0.01 0.01
0 0.840176 0.760334 0.01 0.01
0 0.851415 0.785621 0.01 0.01
0 0.886536 0.781407 0.01 0.01
0 0.896370 0.824957 0.01 0.01
0 0.939920 0.782812 0.01 0.01
0 0.917443 0.751905 0.01 0.01
0 0.900585 0.737857 0.01 0.01
0 0.841581 0.729428 0.01 0.01
0 0.872488 0.737857 0.01 0.01
0 0.889346 0.718189 0.01 0.01
0 0.873893 0.704140 0.01 0.01
0 0.897775 0.694306 0.01 0.01
0 0.924467 0.673234 0.01 0.01
0 0.907609 0.650756 0.01 0.01
0 0.896370 0.643732 0.01 0.01
0 0.965910 0.758227 0.01 0.01
0 0.977149 0.809504 0.01 0.01
0 0.998924 0.772275 0.01 0.01
0 0.979256 0.721701 0.01 0.01
0 0.853522 0.636005 0.01 0.01
0 0.873893 0.593158 0.01 0.01
0 0.847903 0.596670 0.01 0.01
0 0.845093 0.610718 0.01 0.01
0 0.892858 0.600884 0.01 0.01
0 0.911121 0.614933 0.01 0.01
0 0.890048 0.576299 0.01 0.01
0 0.866868 0.572085 0.01 0.01
0 0.847903 0.555227 0.01 0.01
0 0.833854 0.579812 0.01 0.01
0 0.928681 0.603694 0.01 0.01
0 0.925872 0.575597 0.01 0.01
0 0.923765 0.548905 0.01 0.01
0 0.906906 0.539071 0.01 0.01
0 0.884429 0.536261 0.01 0.01
0 0.864761 0.542583 0.01 0.01
0 0.853522 0.513784 0.01 0.01
0 0.828937 0.494818 0.01 0.01
0 0.814187 0.505355 0.01 0.01
0 0.808567 0.488497 0.01 0.01
0 0.772041 0.491306 0.01 0.01
0 0.776256 0.456888 0.01 0.01
0 0.741135 0.463912 0.01 0.01
0 0.722169 0.451268 0.01 0.01
0 0.696180 0.466722 0.01 0.01
0 0.677214 0.468126 0.01 0.01
0 0.655439 0.468829 0.01 0.01
0 0.651225 0.456888 0.01 0.01
0 0.666678 0.443542 0.01 0.01
0 0.625937 0.447054 0.01 0.01
0 0.608377 0.440732 0.01 0.01
0 0.621723 0.426683 0.01 0.01
0 0.563422 0.456185 0.01 0.01
0 0.540944 0.460400 0.01 0.01
0 0.529003 0.472341 0.01 0.01
0 0.502311 0.451971 0.01 0.01
0 0.538837 0.436517 0.01 0.01
0 0.510038 0.426683 0.01 0.01
0 0.549373 0.418254 0.01 0.01
0 0.558505 0.423874 0.01 0.01
0 0.552885 0.437922 0.01 0.01
0 0.576065 0.422469 0.01 0.01
0 0.566934 0.411933 0.01 0.01
0 0.576065 0.451971 0.01 0.01
0 0.733408 0.493414 0.01 0.01
0 0.724277 0.482175 0.01 0.01
0 0.700394 0.450566 0.01 0.01
0 0.692667 0.435113 0.01 0.01
0 0.654034 0.440030 0.01 0.01
0 0.656844 0.417552 0.01 0.01
0 0.639986 0.415445 0.01 0.01
0 0.620318 0.409825 0.01 0.01
0 0.606270 0.414742 0.01 0.01
0 0.630152 0.393670 0.01 0.01
0 0.377280 0.414040 0.01 0.01
0 0.382899 0.399289 0.01 0.01
0 0.406781 0.414742 0.01 0.01
0 0.403269 0.398587 0.01 0.01
0 0.408186 0.382431 0.01 0.01
0 0.434176 0.407718 0.01 0.01
0 0.422937 0.399991 0.01 0.01
0 0.440498 0.441434 0.01 0.01
0 0.429259 0.440030 0.01 0.01
0 0.467892 0.450566 0.01 0.01
0 0.450332 0.474448 0.01 0.01
0 0.467190 0.466019 0.01 0.01
0 0.484048 0.437922 0.01 0.01
0 0.486155 0.418254 0.01 0.01
0 0.461570 0.423874 0.01 0.01
0 0.458058 0.407016 0.01 0.01
0 0.453141 0.396479 0.01 0.01
0 0.474214 0.388050 0.01 0.01
0 0.446820 0.374704 0.01 0.01
0 0.441903 0.358548 0.01 0.01
0 0.418020 0.357144 0.01 0.01
0 0.409591 0.353632 0.01 0.01
0 0.408186 0.366275 0.01 0.01
0 0.417318 0.376811 0.01 0.01
0 0.389923 0.381026 0.01 0.01
0 0.392031 0.364870 0.01 0.01
0 0.381494 0.366978 0.01 0.01
0 0.371660 0.379621 0.01 0.01
0 0.355505 0.375407 0.01 0.01
0 0.363231 0.359251 0.01 0.01
0 0.348480 0.352929 0.01 0.01
0 0.347778 0.367680 0.01 0.01
0 0.382197 0.344500 0.01 0.01
0 0.385709 0.336773 0.01 0.01
0 0.399757 0.340988 0.01 0.01
0 0.391328 0.316403 0.01 0.01
0 0.410294 0.312189 0.01 0.01
0 0.407484 0.329047 0.01 0.01
0 0.415211 0.338881 0.01 0.01
0 0.418723 0.322725 0.01 0.01
0 0.436283 0.333964 0.01 0.01
0 0.427152 0.345202 0.01 0.01
0 0.451737 0.335369 0.01 0.01
0 0.439795 0.314998 0.01 0.01
0 0.441903 0.345202 0.01 0.01
0 0.417318 0.297438 0.01 0.01
0 0.423640 0.286199 0.01 0.01
0 0.414508 0.259507 0.01 0.01
0 0.437688 0.265829 0.01 0.01
0 0.419425 0.266531 0.01 0.01
0 0.437688 0.251078 0.01 0.01
0 0.426449 0.242649 0.01 0.01
0 0.429259 0.232112 0.01 0.01
0 0.436986 0.241244 0.01 0.01
0 0.449629 0.258102 0.01 0.01
0 0.449629 0.248268 0.01 0.01
0 0.456654 0.238434 0.01 0.01
0 0.459463 0.220874 0.01 0.01
0 0.442605 0.230005 0.01 0.01
0 0.429259 0.224386 0.01 0.01
0 0.439795 0.204016 0.01 0.01
0 0.427854 0.204718 0.01 0.01
0 0.432771 0.192777 0.01 0.01
0 0.425747 0.194884 0.01 0.01
0 0.413103 0.192777 0.01 0.01
0 0.430664 0.295330 0.01 0.01
0 0.437688 0.286199 0.01 0.01
0 0.447522 0.289009 0.01 0.01
0 0.450332 0.310784 0.01 0.01
0 0.462273 0.313593 0.01 0.01
0 0.469297 0.324130 0.01 0.01
0 0.476321 0.325535 0.01 0.01
0 0.481941 0.341690 0.01 0.01
0 0.464380 0.359251 0.01 0.01
0 0.468595 0.346607 0.01 0.01
0 0.486155 0.356441 0.01 0.01
0 0.480536 0.366275 0.01 0.01
0 0.470702 0.368382 0.01 0.01
0 0.458761 0.375407 0.01 0.01
0 0.491072 0.383133 0.01 0.01
0 0.493179 0.368382 0.01 0.01
0 0.505823 0.371192 0.01 0.01
0 0.509335 0.392265 0.01 0.01
0 0.498096 0.390860 0.01 0.01
0 0.523384 0.390860 0.01 0.01
0 0.514955 0.350119 0.01 0.01
0 0.524788 0.343095 0.01 0.01
0 0.498799 0.331154 0.01 0.01
0 0.507228 0.313593 0.01 0.01
0 0.495287 0.289009 0.01 0.01
0 0.481238 0.303057 0.01 0.01
0 0.474214 0.291116 0.01 0.01
0 0.488263 0.272151 0.01 0.01
0 0.478429 0.280580 0.01 0.01
0 0.462975 0.263721 0.01 0.01
0 0.464380 0.256697 0.01 0.01
0 0.474916 0.270746 0.01 0.01
0 0.512145 0.279877 0.01 0.01
0 0.500906 0.267936 0.01 0.01
0 0.492477 0.261614 0.01 0.01
0 0.481941 0.259507 0.01 0.01
0 0.488263 0.246863 0.01 0.01
0 0.473512 0.255292 0.01 0.01
0 0.467190 0.241946 0.01 0.01
0 0.472107 0.225791 0.01 0.01
0 0.487560 0.229303 0.01 0.01
0 0.481238 0.237029 0.01 0.01
0 0.492477 0.240541 0.01 0.01
0 0.498096 0.232112 0.01 0.01
0 0.504418 0.248971 0.01 0.01
0 0.511442 0.260912 0.01 0.01
0 0.531110 0.253888 0.01 0.01
0 0.523384 0.269341 0.01 0.01
0 0.528301 0.282687 0.01 0.01
0 0.530408 0.300247 0.01 0.01
0 0.543051 0.319915 0.01 0.01
0 0.509335 0.338881 0.01 0.01
0 0.553588 0.345202 0.01 0.01
0 0.539539 0.366978 0.01 0.01
0 0.529705 0.379621 0.01 0.01
0 0.516359 0.370490 0.01 0.01
0 0.556398 0.397182 0.01 0.01
0 0.540242 0.399991 0.01 0.01
0 0.519169 0.423874 0.01 0.01
0 0.576065 0.392265 0.01 0.01
0 0.566934 0.378919 0.01 0.01
0 0.572553 0.363465 0.01 0.01
0 0.584494 0.342393 0.01 0.01
0 0.568339 0.328344 0.01 0.01
0 0.571148 0.317808 0.01 0.01
0 0.565529 0.286901 0.01 0.01
0 0.557100 0.283389 0.01 0.01
0 0.545861 0.286199 0.01 0.01
0 0.542349 0.272151 0.01 0.01
0 0.543051 0.260912 0.01 0.01
0 0.547968 0.252483 0.01 0.01
0 0.555695 0.260912 0.01 0.01
0 0.565529 0.274258 0.01 0.01
0 0.580280 0.266531 0.01 0.01
0 0.585197 0.255292 0.01 0.01
0 0.577470 0.252483 0.01 0.01
0 0.567636 0.249673 0.01 0.01
0 0.559910 0.231410 0.01 0.01
0 0.548671 0.227195 0.01 0.01
0 0.530408 0.237029 0.01 0.01
0 0.521979 0.243351 0.01 0.01
0 0.517764 0.232112 0.01 0.01
0 0.511442 0.221576 0.01 0.01
0 0.500204 0.215254 0.01 0.01
0 0.501609 0.198396 0.01 0.01
0 0.491775 0.199801 0.01 0.01
0 0.489667 0.183645 0.01 0.01
0 0.606270 0.390157 0.01 0.01
0 0.595733 0.395074 0.01 0.01
0 0.606270 0.358548 0.01 0.01
0 0.606270 0.374704 0.01 0.01
0 0.630152 0.383836 0.01 0.01
0 0.619616 0.394372 0.01 0.01
0 0.590816 0.377514 0.01 0.01
0 0.593626 0.349417 0.01 0.01
0 0.597840 0.336773 0.01 0.01
0 0.589411 0.328344 0.01 0.01
0 0.605567 0.328344 0.01 0.01
0 0.597840 0.317808 0.01 0.01
0 0.611186 0.312189 0.01 0.01
0 0.624532 0.310081 0.01 0.01
0 0.621723 0.316403 0.01 0.01
0 0.622425 0.296735 0.01 0.01
0 0.602757 0.286199 0.01 0.01
0 0.609079 0.283389 0.01 0.01
0 0.594328 0.271448 0.01 0.01
0 0.576768 0.289009 0.01 0.01
0 0.580982 0.309379 0.01 0.01
0 0.651927 0.349417 0.01 0.01
0 0.656844 0.333964 0.01 0.01
0 0.641391 0.331154 0.01 0.01
0 0.623830 0.350822 0.01 0.01
0 0.628747 0.333964 0.01 0.01
0 0.614699 0.343095 0.01 0.01
0 0.621020 0.369787 0.01 0.01
0 0.639986 0.371895 0.01 0.01
0 0.647010 0.392265 0.01 0.01
0 0.663166 0.388753 0.01 0.01
0 0.675107 0.400694 0.01 0.01
0 0.668083 0.415445 0.01 0.01
0 0.694072 0.418254 0.01 0.01
0 0.732706 0.438625 0.01 0.01
0 0.738325 0.429493 0.01 0.01
0 0.727789 0.411933 0.01 0.01
0 0.711633 0.407016 0.01 0.01
0 0.691263 0.395777 0.01 0.01
0 0.701799 0.388050 0.01 0.01
0 0.715145 0.381728 0.01 0.01
0 0.732003 0.393670 0.01 0.01
0 0.729193 0.375407 0.01 0.01
0 0.722169 0.359251 0.01 0.01
0 0.718657 0.348012 0.01 0.01
0 0.704609 0.333964 0.01 0.01
0 0.691965 0.341690 0.01 0.01
0 0.679321 0.338178 0.01 0.01
0 0.693370 0.325535 0.01 0.01
0 0.679321 0.326237 0.01 0.01
0 0.675107 0.319213 0.01 0.01
0 0.659654 0.311486 0.01 0.01
0 0.637879 0.306569 0.01 0.01
0 0.648415 0.289009 0.01 0.01
0 0.641391 0.276365 0.01 0.01
0 0.630152 0.273555 0.01 0.01
0 0.621020 0.279175 0.01 0.01
0 0.666678 0.429493 0.01 0.01
0 0.762207 0.432303 0.01 0.01
0 0.749564 0.435113 0.01 0.01
0 0.788899 0.489902 0.01 0.01
0 0.800138 0.460400 0.01 0.01
0 0.802948 0.479365 0.01 0.01
0 0.825425 0.475151 0.01 0.01
0 0.814187 0.448459 0.01 0.01
0 0.797328 0.440732 0.01 0.01
0 0.808567 0.406313 0.01 0.01
0 0.791709 0.386645 0.01 0.01
0 0.776958 0.388753 0.01 0.01
0 0.750969 0.377514 0.01 0.01
0 0.751671 0.395777 0.01 0.01
0 0.739027 0.418254 0.01 0.01
0 0.761505 0.415445 0.01 0.01
0 0.824021 0.443542 0.01 0.01
0 0.817699 0.419659 0.01 0.01
0 0.824723 0.395777 0.01 0.01
0 0.811377 0.392967 0.01 0.01
0 0.817699 0.375407 0.01 0.01
0 0.819806 0.360656 0.01 0.01
0 0.803650 0.362061 0.01 0.01
0 0.806460 0.350822 0.01 0.01
0 0.781875 0.353632 0.01 0.01
0 0.791709 0.374002 0.01 0.01
0 0.780470 0.370490 0.01 0.01
0 0.772041 0.367680 0.01 0.01
0 0.756588 0.366275 0.01 0.01
0 0.755183 0.357144 0.01 0.01
0 0.749564 0.350822 0.01 0.01
0 0.734813 0.354334 0.01 0.01
0 0.743944 0.336773 0.01 0.01
0 0.734813 0.340285 0.01 0.01
0 0.713038 0.328344 0.01 0.01
0 0.729193 0.318510 0.01 0.01
0 0.691965 0.310784 0.01 0.01
0 0.694072 0.300247 0.01 0.01
0 0.682834 0.299545 0.01 0.01
0 0.717252 0.269341 0.01 0.01
0 0.682131 0.271448 0.01 0.01
0 0.702501 0.270043 0.01 0.01
0 0.700394 0.255292 0.01 0.01
0 0.684941 0.254590 0.01 0.01
0 0.688453 0.241946 0.01 0.01
0 0.672297 0.252483 0.01 0.01
0 0.654737 0.253185 0.01 0.01
0 0.646308 0.253888 0.01 0.01
0 0.632259 0.255292 0.01 0.01
0 0.637176 0.263721 0.01 0.01
0 0.613294 0.249673 0.01 0.01
0 0.623128 0.244054 0.01 0.01
0 0.611186 0.233517 0.01 0.01
0 0.597138 0.227195 0.01 0.01
0 0.587304 0.235625 0.01 0.01
0 0.577470 0.229303 0.01 0.01
0 0.571148 0.218766 0.01 0.01
0 0.569744 0.208230 0.01 0.01
0 0.554993 0.217362 0.01 0.01
0 0.554290 0.194884 0.01 0.01
0 0.558505 0.188562 0.01 0.01
0 0.531110 0.188562 0.01 0.01
0 0.526896 0.198396 0.01 0.01
0 0.532515 0.213849 0.01 0.01
0 0.536027 0.224386 0.01 0.01
0 0.550076 0.207528 0.01 0.01
0 0.508633 0.173811 0.01 0.01
0 0.525491 0.170299 0.01 0.01
0 0.540242 0.175919 0.01 0.01
0 0.549373 0.163977 0.01 0.01
0 0.543754 0.149929 0.01 0.01
0 0.537432 0.161168 0.01 0.01
0 0.530408 0.156953 0.01 0.01
0 0.521276 0.148524 0.01 0.01
0 0.513550 0.157656 0.01 0.01
0 0.479131 0.175216 0.01 0.01
0 0.460166 0.185050 0.01 0.01
0 0.463678 0.204718 0.01 0.01
0 0.463678 0.193479 0.01 0.01
0 0.491072 0.162573 0.01 0.01
0 0.475619 0.159763 0.01 0.01
0 0.488263 0.142202 0.01 0.01
0 0.558505 0.176855 0.01 0.01
0 0.578173 0.188796 0.01 0.01
0 0.569744 0.190201 0.01 0.01
0 0.584494 0.207762 0.01 0.01
0 0.592221 0.211976 0.01 0.01
0 0.606270 0.216893 0.01 0.01
0 0.619616 0.220405 0.01 0.01
0 0.625235 0.207762 0.01 0.01
0 0.618913 0.199333 0.01 0.01
0 0.613294 0.204952 0.01 0.01
0 0.606270 0.207059 0.01 0.01
0 0.596436 0.199333 0.01 0.01
0 0.597138 0.189499 0.01 0.01
0 0.606270 0.188796 0.01 0.01
0 0.599948 0.180367 0.01 0.01
0 0.604865 0.171236 0.01 0.01
0 0.591519 0.167021 0.01 0.01
0 0.583090 0.177558 0.01 0.01
0 0.580280 0.165616 0.01 0.01
0 0.580280 0.157890 0.01 0.01
0 0.561314 0.159997 0.01 0.01
0 0.552885 0.150163 0.01 0.01
0 0.566934 0.150163 0.01 0.01
0 0.566934 0.136115 0.01 0.01
0 0.551481 0.135412 0.01 0.01
0 0.558505 0.122769 0.01 0.01
0 0.573256 0.115042 0.01 0.01
0 0.563422 0.106613 0.01 0.01
0 0.551481 0.100994 0.01 0.01
0 0.536730 0.092564 0.01 0.01
0 0.546564 0.091862 0.01 0.01
0 0.529705 0.100994 0.01 0.01
0 0.510740 0.135412 0.01 0.01
0 0.517062 0.131900 0.01 0.01
0 0.495989 0.129793 0.01 0.01
0 0.527598 0.136817 0.01 0.01
0 0.537432 0.141734 0.01 0.01
0 0.524788 0.114340 0.01 0.01
0 0.772744 0.339817 0.01 0.01
0 0.772041 0.334900 0.01 0.01
0 0.767124 0.321554 0.01 0.01
0 0.750969 0.325066 0.01 0.01
0 0.741135 0.307506 0.01 0.01
0 0.727789 0.299077 0.01 0.01
0 0.710930 0.310315 0.01 0.01
0 0.727086 0.269575 0.01 0.01
0 0.731301 0.279409 0.01 0.01
0 0.746052 0.278706 0.01 0.01
0 0.743944 0.265360 0.01 0.01
0 0.749564 0.258336 0.01 0.01
0 0.739027 0.246395 0.01 0.01
0 0.727789 0.255527 0.01 0.01
0 0.718657 0.246395 0.01 0.01
0 0.711633 0.235859 0.01 0.01
0 0.723574 0.228132 0.01 0.01
0 0.713038 0.221810 0.01 0.01
0 0.701097 0.230239 0.01 0.01
0 0.684941 0.226025 0.01 0.01
0 0.674405 0.227430 0.01 0.01
0 0.659654 0.236561 0.01 0.01
0 0.659654 0.228834 0.01 0.01
0 0.641391 0.226727 0.01 0.01
0 0.637176 0.235859 0.01 0.01
0 0.654737 0.209167 0.01 0.01
0 0.639986 0.209869 0.01 0.01
0 0.653332 0.190904 0.01 0.01
0 0.644200 0.188094 0.01 0.01
0 0.636474 0.193011 0.01 0.01
0 0.632259 0.175450 0.01 0.01
0 0.642795 0.164914 0.01 0.01
0 0.633664 0.152270 0.01 0.01
0 0.630152 0.159997 0.01 0.01
0 0.621723 0.166319 0.01 0.01
0 0.603460 0.154378 0.01 0.01
0 0.609782 0.137520 0.01 0.01
0 0.599245 0.137520 0.01 0.01
0 0.589411 0.140329 0.01 0.01
0 0.600650 0.124876 0.01 0.01
0 0.589411 0.112935 0.01 0.01
0 0.578173 0.105910 0.01 0.01
0 0.578173 0.095374 0.01 0.01
0 0.569041 0.082731 0.01 0.01
0 0.554993 0.082731 0.01 0.01
0 0.541647 0.080623 0.01 0.01
0 0.558505 0.067277 0.01 0.01
0 0.550778 0.055336 0.01 0.01
0 0.538837 0.060955 0.01 0.01
0 0.548671 0.044800 0.01 0.01
0 0.531813 0.050419 0.01 0.01
0 0.523384 0.055336 0.01 0.01
0 0.580982 0.072194 0.01 0.01
0 0.577470 0.062360 0.01 0.01
0 0.594328 0.061658 0.01 0.01
0 0.590816 0.041990 0.01 0.01
0 0.576065 0.043395 0.01 0.01
0 0.569041 0.051824 0.01 0.01
0 0.559207 0.034263 0.01 0.01
0 0.547266 0.032859 0.01 0.01
0 0.558505 0.023727 0.01 0.01
0 0.552885 0.019513 0.01 0.01
0 0.540944 0.020215 0.01 0.01
0 0.566934 0.020215 0.01 0.01
0 0.557100 0.011786 0.01 0.01
0 0.570446 0.011083 0.01 0.01
0 0.576768 0.016000 0.01 0.01
0 0.584494 0.014596 0.01 0.01
0 0.582387 0.008274 0.01 0.01
0 0.585899 0.032156 0.01 0.01
0 0.576768 0.033561 0.01 0.01
0 0.566934 0.030751 0.01 0.01
0 0.593626 0.026537 0.01 0.01
0 0.603460 0.030751 0.01 0.01
0 0.606972 0.015298 0.01 0.01
0 0.599245 0.005464 0.01 0.01
0 0.591519 0.005464 0.01 0.01
0 0.230122 0.129793 0.01 0.01
0 0.197108 0.133305 0.01 0.01
0 0.211157 0.104506 0.01 0.01
0 0.206240 0.110827 0.01 0.01
0 0.253302 0.115042 0.01 0.01
0 0.260326 0.126281 0.01 0.01
0 0.282804 0.153675 0.01 0.01
0 1.060737 0.826362 0.01 0.01
0 1.079000 0.813718 0.01 0.01
0 1.049498 0.774383 0.01 0.01
0 1.057927 0.740666 0.01 0.01
0 1.008758 0.723808 0.01 0.01
0 1.029830 0.713974 0.01 0.01
0 1.022806 0.684473 0.01 0.01
0 0.996114 0.692902 0.01 0.01
0 0.955374 0.673234 0.01 0.01
0 0.994709 0.647947 0.01 0.01
0 0.958183 0.624064 0.01 0.01
0 0.966612 0.588943 0.01 0.01
0 0.997519 0.605801 0.01 0.01
0 1.008758 0.611421 0.01 0.01
0 1.025616 0.638113 0.01 0.01
0 1.057927 0.666210 0.01 0.01
0 1.114121 0.723808 0.01 0.01
0 1.093048 0.718189 0.01 0.01
0 1.132384 0.756120 0.01 0.01
0 1.121145 0.794050 0.01 0.01
0 1.093048 0.774383 0.01 0.01
0 1.098668 0.857269 0.01 0.01
0 1.128169 0.869912 0.01 0.01
0 1.154862 0.794050 0.01 0.01
0 1.232128 0.830576 0.01 0.01
0 1.244772 0.813718 0.01 0.01
0 1.241962 0.792646 0.01 0.01
0 1.219484 0.757525 0.01 0.01
0 1.201221 0.739262 0.01 0.01
0 1.182958 0.771573 0.01 0.01
0 1.146432 0.706950 0.01 0.01
0 1.115526 0.691497 0.01 0.01
0 1.088834 0.695711 0.01 0.01
0 1.102882 0.652161 0.01 0.01
0 1.133789 0.661995 0.01 0.01
0 1.180149 0.683068 0.01 0.01
0 1.171720 0.632493 0.01 0.01
0 1.161886 0.663400 0.01 0.01
0 1.199817 0.701331 0.01 0.01
0 1.213865 0.678853 0.01 0.01
0 1.264439 0.761739 0.01 0.01
0 1.279893 0.747691 0.01 0.01
0 1.257415 0.730832 0.01 0.01
0 1.256010 0.683068 0.01 0.01
0 1.241962 0.650756 0.01 0.01
0 1.285512 0.645137 0.01 0.01
0 1.253201 0.619850 0.01 0.01
0 1.306585 0.704140 0.01 0.01
0 1.329062 0.683068 0.01 0.01
0 1.307990 0.674639 0.01 0.01
0 1.334682 0.667614 0.01 0.01
0 1.322038 0.650756 0.01 0.01
0 1.312204 0.645137 0.01 0.01
0 1.350135 0.645137 0.01 0.01
0 1.362779 0.667614 0.01 0.01
0 1.383851 0.687282 0.01 0.01
0 1.351540 0.742071 0.01 0.01
0 1.343111 0.718189 0.01 0.01
0 1.313609 0.746286 0.01 0.01
0 1.323443 0.770168 0.01 0.01
0 1.362779 0.785621 0.01 0.01
0 1.285512 0.864293 0.01 0.01
0 1.336087 0.831981 0.01 0.01
0 1.378232 0.843220 0.01 0.01
0 1.357159 0.893794 0.01 0.01
0 1.393685 0.872722 0.01 0.01
0 1.390876 0.756120 0.01 0.01
0 1.378232 0.729428 0.01 0.01
0 1.400709 0.690092 0.01 0.01
0 1.402114 0.660590 0.01 0.01
0 1.399305 0.635303 0.01 0.01
0 1.386661 0.598777 0.01 0.01
0 1.348730 0.604396 0.01 0.01
0 1.319228 0.608611 0.01 0.01
0 1.336087 0.625469 0.01 0.01
0 1.302370 0.605801 0.01 0.01
0 1.313609 0.587538 0.01 0.01
0 1.073381 0.631088 0.01 0.01
0 1.054415 0.624767 0.01 0.01
0 1.044581 0.613528 0.01 0.01
0 1.038962 0.599479 0.01 0.01
0 1.016484 0.591050 0.01 0.01
0 0.996816 0.583324 0.01 0.01
0 1.015079 0.556632 0.01 0.01
0 0.970827 0.557334 0.01 0.01
0 0.923765 0.527130 0.01 0.01
0 0.918145 0.510272 0.01 0.01
0 0.878107 0.522213 0.01 0.01
0 0.868273 0.510974 0.01 0.01
0 0.878107 0.489902 0.01 0.01
0 0.867571 0.467424 0.01 0.01
0 0.849308 0.482175 0.01 0.01
0 0.839474 0.454078 0.01 0.01
0 0.869678 0.447054 0.01 0.01
0 0.845093 0.440030 0.01 0.01
0 0.845796 0.424576 0.01 0.01
0 0.834557 0.422469 0.01 0.01
0 0.864761 0.422469 0.01 0.01
0 0.866868 0.405611 0.01 0.01
0 0.856332 0.391562 0.01 0.01
0 0.838069 0.396479 0.01 0.01
0 0.850010 0.373299 0.01 0.01
0 0.836664 0.374704 0.01 0.01
0 0.831045 0.374704 0.01 0.01
0 0.827533 0.365573 0.01 0.01
0 0.842283 0.364168 0.01 0.01
0 0.835259 0.355739 0.01 0.01
0 0.850713 0.352227 0.01 0.01
0 0.833152 0.340988 0.01 0.01
0 0.833854 0.326939 0.01 0.01
0 0.809972 0.318510 0.01 0.01
0 0.822616 0.319213 0.01 0.01
0 0.831045 0.310081 0.01 0.01
0 0.838069 0.296735 0.01 0.01
0 0.823318 0.301652 0.01 0.01
0 0.795221 0.319213 0.01 0.01
0 0.780470 0.318510 0.01 0.01
0 0.775553 0.304462 0.01 0.01
0 0.765017 0.305867 0.01 0.01
0 0.760802 0.298843 0.01 0.01
0 0.760802 0.276365 0.01 0.01
0 0.774851 0.279175 0.01 0.01
0 0.884429 0.407718 0.01 0.01
0 0.892156 0.423874 0.01 0.01
0 0.894263 0.410528 0.01 0.01
0 0.808567 0.333261 0.01 0.01
0 0.854225 0.335369 0.01 0.01
0 0.871785 0.355036 0.01 0.01
0 0.880917 0.362763 0.01 0.01
0 0.871083 0.336773 0.01 0.01
0 0.864059 0.312891 0.01 0.01
0 0.850713 0.310081 0.01 0.01
0 0.852117 0.324130 0.01 0.01
0 0.876000 0.287604 0.01 0.01
0 0.864761 0.291116 0.01 0.01
0 0.854927 0.294628 0.01 0.01
0 0.824723 0.281282 0.01 0.01
0 0.795924 0.292521 0.01 0.01
0 0.802948 0.276365 0.01 0.01
0 0.812782 0.261614 0.01 0.01
0 0.802948 0.255292 0.01 0.01
0 0.786090 0.265126 0.01 0.01
0 0.791709 0.251078 0.01 0.01
0 0.777661 0.257400 0.01 0.01
0 0.828937 0.265126 0.01 0.01
0 0.841581 0.264424 0.01 0.01
0 0.828235 0.256697 0.01 0.01
0 0.820508 0.247566 0.01 0.01
0 0.857737 0.259507 0.01 0.01
0 0.849308 0.248971 0.01 0.01
0 0.840176 0.247566 0.01 0.01
0 0.869678 0.259507 0.01 0.01
0 0.878809 0.261614 0.01 0.01
0 0.878107 0.247566 0.01 0.01
0 0.864761 0.242649 0.01 0.01
0 0.887941 0.277067 0.01 0.01
0 0.892858 0.293223 0.01 0.01
0 0.895668 0.371895 0.01 0.01
0 0.909716 0.363465 0.01 0.01
0 0.893560 0.354334 0.01 0.01
0 0.913931 0.350822 0.01 0.01
0 0.899180 0.324130 0.01 0.01
0 0.920955 0.310081 0.01 0.01
0 0.914633 0.303057 0.01 0.01
0 0.906906 0.295330 0.01 0.01
0 0.920955 0.290413 0.01 0.01
0 0.920252 0.271448 0.01 0.01
0 0.914633 0.255995 0.01 0.01
0 0.904799 0.257400 0.01 0.01
0 0.903394 0.244756 0.01 0.01
0 0.892858 0.243351 0.01 0.01
0 0.923062 0.397182 0.01 0.01
0 0.930086 0.397182 0.01 0.01
0 0.915335 0.383836 0.01 0.01
0 0.913931 0.372597 0.01 0.01
0 0.926574 0.378919 0.01 0.01
0 0.942028 0.370490 0.01 0.01
0 0.952564 0.356441 0.01 0.01
0 0.954671 0.372597 0.01 0.01
0 0.962398 0.385241 0.01 0.01
0 0.949754 0.404206 0.01 0.01
0 0.939920 0.405611 0.01 0.01
0 0.947647 0.388050 0.01 0.01
0 0.927277 0.421767 0.01 0.01
0 0.921657 0.433708 0.01 0.01
0 0.913228 0.430898 0.01 0.01
0 0.911823 0.449161 0.01 0.01
0 0.904097 0.475853 0.01 0.01
0 0.878809 0.459697 0.01 0.01
0 0.920955 0.465317 0.01 0.01
0 0.934301 0.489902 0.01 0.01
0 0.904097 0.497628 0.01 0.01
0 0.951861 0.503950 0.01 0.01
0 0.974339 0.517296 0.01 0.01
0 0.960290 0.484282 0.01 0.01
0 0.951861 0.473746 0.01 0.01
0 0.963100 0.461102 0.01 0.01
0 0.957481 0.441434 0.01 0.01
0 0.940623 0.430898 0.01 0.01
0 0.939218 0.443542 0.01 0.01
0 0.975041 0.456185 0.01 0.01
0 0.972232 0.477258 0.01 0.01
0 0.984875 0.489199 0.01 0.01
0 1.005246 0.501140 0.01 0.01
0 1.005948 0.532749 0.01 0.01
0 1.040367 0.570680 0.01 0.01
0 1.047391 0.544690 0.01 0.01
0 1.061439 0.559441 0.01 0.01
0 1.072678 0.580514 0.01 0.01
0 1.092346 0.613528 0.01 0.01
0 1.109204 0.610718 0.01 0.01
0 1.125360 0.590348 0.01 0.01
0 1.114121 0.581919 0.01 0.01
0 1.135194 0.610016 0.01 0.01
0 1.161183 0.607206 0.01 0.01
0 1.145730 0.599479 0.01 0.01
0 1.192792 0.600884 0.01 0.01
0 1.178041 0.574895 0.01 0.01
0 1.153457 0.568573 0.01 0.01
0 1.123253 0.556632 0.01 0.01
0 1.126062 0.528535 0.01 0.01
0 1.100775 0.565763 0.01 0.01
0 1.092346 0.557334 0.01 0.01
0 1.081107 0.546798 0.01 0.01
0 1.086727 0.527832 0.01 0.01
0 1.067761 0.532047 0.01 0.01
0 1.050201 0.513081 0.01 0.01
0 1.032640 0.515189 0.01 0.01
0 1.017889 0.522213 0.01 0.01
0 1.024913 0.494116 0.01 0.01
0 1.016484 0.487092 0.01 0.01
0 1.001031 0.470936 0.01 0.01
0 1.026318 0.465317 0.01 0.01
0 0.988387 0.458995 0.01 0.01
0 1.015782 0.428088 0.01 0.01
0 1.004543 0.414040 0.01 0.01
0 0.979256 0.404908 0.01 0.01
0 0.985578 0.386645 0.01 0.01
0 0.996816 0.383133 0.01 0.01
0 0.982768 0.374704 0.01 0.01
0 1.002436 0.367680 0.01 0.01
0 0.996816 0.352929 0.01 0.01
0 0.985578 0.352227 0.01 0.01
0 0.990495 0.340285 0.01 0.01
0 0.975041 0.329047 0.01 0.01
0 0.935003 0.335369 0.01 0.01
0 0.939218 0.318510 0.01 0.01
0 0.946242 0.326939 0.01 0.01
0 0.939920 0.305867 0.01 0.01
0 0.944135 0.291818 0.01 0.01
0 0.935003 0.296033 0.01 0.01
0 0.949052 0.281984 0.01 0.01
0 0.968720 0.296033 0.01 0.01
0 0.958886 0.300950 0.01 0.01
0 0.960290 0.319213 0.01 0.01
0 1.016484 0.335369 0.01 0.01
0 1.010865 0.326237 0.01 0.01
0 0.999626 0.318510 0.01 0.01
0 1.008055 0.310081 0.01 0.01
0 0.984173 0.295330 0.01 0.01
0 0.982768 0.284092 0.01 0.01
0 0.969422 0.274960 0.01 0.01
0 0.989792 0.263721 0.01 0.01
0 0.971529 0.252483 0.01 0.01
0 0.982066 0.251078 0.01 0.01
0 0.960290 0.244756 0.01 0.01
0 0.943432 0.265126 0.01 0.01
0 0.944135 0.253888 0.01 0.01
0 0.935003 0.248971 0.01 0.01
0 0.915335 0.243351 0.01 0.01
0 0.876000 0.385241 0.01 0.01
0 0.873893 0.374002 0.01 0.01
0 0.951861 0.526427 0.01 0.01
0 0.960993 0.544690 0.01 0.01
0 0.954671 0.575597 0.01 0.01
0 0.977851 0.607908 0.01 0.01
0 0.976446 0.659185 0.01 0.01
0 0.958183 0.651459 0.01 0.01
0 0.938515 0.633898 0.01 0.01
0 0.873190 0.644434 0.01 0.01
0 0.818401 0.646542 0.01 0.01
0 1.185768 0.539774 0.01 0.01
0 1.184363 0.560144 0.01 0.01
0 1.156969 0.547500 0.01 0.01
0 1.145730 0.527130 0.01 0.01
0 1.159779 0.519403 0.01 0.01
0 1.145730 0.501140 0.01 0.01
0 1.114823 0.499033 0.01 0.01
0 1.090941 0.498331 0.01 0.01
0 1.067059 0.506760 0.01 0.01
0 1.056522 0.484282 0.01 0.01
0 1.070571 0.479365 0.01 0.01
0 1.053010 0.468126 0.01 0.01
0 1.038962 0.456185 0.01 0.01
0 1.065654 0.451971 0.01 0.01
0 1.050201 0.448459 0.01 0.01
0 1.056522 0.425981 0.01 0.01
0 1.039664 0.421767 0.01 0.01
0 1.039664 0.388753 0.01 0.01
0 1.030533 0.385943 0.01 0.01
0 1.017187 0.382431 0.01 0.01
0 1.031938 0.371895 0.01 0.01
0 1.021401 0.353632 0.01 0.01
0 1.036152 0.359953 0.01 0.01
0 1.071976 0.395777 0.01 0.01
0 1.081107 0.374704 0.01 0.01
0 1.069166 0.359953 0.01 0.01
0 1.060034 0.361358 0.01 0.01
0 1.055820 0.380324 0.01 0.01
0 1.065654 0.343798 0.01 0.01
0 1.053713 0.328344 0.01 0.01
0 1.038962 0.331154 0.01 0.01
0 1.041772 0.345905 0.01 0.01
0 1.048093 0.310081 0.01 0.01
0 1.060737 0.305164 0.01 0.01
0 1.053010 0.298843 0.01 0.01
0 1.043879 0.293223 0.01 0.01
0 1.031235 0.315701 0.01 0.01
0 1.016484 0.298140 0.01 0.01
0 1.023509 0.284794 0.01 0.01
0 1.010865 0.278472 0.01 0.01
0 1.004543 0.258102 0.01 0.01
0 1.014377 0.246863 0.01 0.01
0 1.005246 0.244054 0.01 0.01
0 0.995412 0.244054 0.01 0.01
0 0.984173 0.239839 0.01 0.01
0 1.027723 0.272151 0.01 0.01
0 1.028425 0.261614 0.01 0.01
0 1.034747 0.248268 0.01 0.01
0 1.050903 0.246161 0.01 0.01
0 1.050201 0.268638 0.01 0.01
0 1.042474 0.281282 0.01 0.01
0 1.067059 0.270746 0.01 0.01
0 1.066356 0.246863 0.01 0.01
0 1.076190 0.245458 0.01 0.01
0 1.102882 0.260209 0.01 0.01
0 1.096560 0.247566 0.01 0.01
0 1.089536 0.274258 0.01 0.01
0 1.101477 0.287604 0.01 0.01
0 1.103585 0.272151 0.01 0.01
0 1.089536 0.296033 0.01 0.01
0 1.078297 0.293223 0.01 0.01
0 1.076190 0.306569 0.01 0.01
0 1.087429 0.313593 0.01 0.01
0 1.081107 0.324130 0.01 0.01
0 1.062844 0.325535 0.01 0.01
0 1.089536 0.327642 0.01 0.01
0 1.100775 0.326237 0.01 0.01
0 1.100775 0.305867 0.01 0.01
0 1.109204 0.324832 0.01 0.01
0 1.116228 0.326237 0.01 0.01
0 1.100073 0.357144 0.01 0.01
0 1.109204 0.361358 0.01 0.01
0 1.100775 0.376109 0.01 0.01
0 1.114121 0.381026 0.01 0.01
0 1.108502 0.403504 0.01 0.01
0 1.102180 0.428791 0.01 0.01
0 1.093048 0.423874 0.01 0.01
0 1.072678 0.433708 0.01 0.01
0 1.083917 0.440030 0.01 0.01
0 1.084619 0.465317 0.01 0.01
0 1.106394 0.463209 0.01 0.01
0 1.093751 0.477960 0.01 0.01
0 1.139408 0.475853 0.01 0.01
0 1.133789 0.456185 0.01 0.01
0 1.150647 0.432303 0.01 0.01
0 1.152754 0.411230 0.01 0.01
0 1.138003 0.430196 0.01 0.01
0 1.137301 0.411933 0.01 0.01
0 1.122550 0.399991 0.01 0.01
0 1.130979 0.369787 0.01 0.01
0 1.142920 0.352929 0.01 0.01
0 1.131682 0.350822 0.01 0.01
0 1.124657 0.341690 0.01 0.01
0 1.112014 0.348715 0.01 0.01
0 1.098668 0.344500 0.01 0.01
0 1.148540 0.372597 0.01 0.01
0 1.148540 0.385241 0.01 0.01
0 1.159076 0.397182 0.01 0.01
0 1.165398 0.385943 0.01 0.01
0 1.173827 0.399991 0.01 0.01
0 1.182256 0.421767 0.01 0.01
0 1.171017 0.416147 0.01 0.01
0 1.193495 0.399991 0.01 0.01
0 1.183661 0.383133 0.01 0.01
0 1.192090 0.370490 0.01 0.01
0 1.181554 0.369787 0.01 0.01
0 1.176637 0.368382 0.01 0.01
0 1.179446 0.357846 0.01 0.01
0 1.155564 0.340285 0.01 0.01
0 1.136599 0.333964 0.01 0.01
0 1.147837 0.330452 0.01 0.01
0 1.137301 0.323427 0.01 0.01
0 1.154159 0.313593 0.01 0.01
0 1.157671 0.324832 0.01 0.01
0 1.126062 0.316403 0.01 0.01
0 1.114121 0.314998 0.01 0.01
0 1.112716 0.296735 0.01 0.01
0 1.125360 0.288306 0.01 0.01
0 1.119740 0.260209 0.01 0.01
0 1.128872 0.273555 0.01 0.01
0 1.136599 0.278472 0.01 0.01
0 1.146432 0.293223 0.01 0.01
0 1.149945 0.275663 0.01 0.01
0 1.142920 0.262317 0.01 0.01
0 1.131682 0.251078 0.01 0.01
0 1.155564 0.255995 0.01 0.01
0 1.173125 0.258804 0.01 0.01
0 1.175232 0.248268 0.01 0.01
0 1.182256 0.272853 0.01 0.01
0 1.178041 0.298140 0.01 0.01
0 1.163993 0.287604 0.01 0.01
0 1.165398 0.303057 0.01 0.01
0 1.168208 0.319213 0.01 0.01
0 1.173827 0.332559 0.01 0.01
0 1.168208 0.343798 0.01 0.01
0 1.187875 0.338178 0.01 0.01
0 1.187875 0.318510 0.01 0.01
0 1.198412 0.331154 0.01 0.01
0 1.201924 0.345202 0.01 0.01
0 1.208246 0.360656 0.01 0.01
0 1.216675 0.378919 0.01 0.01
0 1.208246 0.396479 0.01 0.01
0 1.223699 0.394372 0.01 0.01
0 1.214567 0.419659 0.01 0.01
0 1.224401 0.411933 0.01 0.01
0 1.201924 0.434410 0.01 0.01
0 1.201221 0.419659 0.01 0.01
0 1.194197 0.451971 0.01 0.01
0 1.159779 0.454078 0.01 0.01
0 1.168208 0.475853 0.01 0.01
0 1.179446 0.463912 0.01 0.01
0 1.187173 0.501140 0.01 0.01
0 1.175232 0.523618 0.01 0.01
0 1.206841 0.519403 0.01 0.01
0 1.200519 0.507462 0.01 0.01
0 1.176637 0.486389 0.01 0.01
0 1.215972 0.595265 0.01 0.01
0 1.204031 0.586133 0.01 0.01
0 1.218782 0.565763 0.01 0.01
0 1.232128 0.557334 0.01 0.01
0 1.228616 0.664805 0.01 0.01
0 1.233533 0.638113 0.01 0.01
0 1.128872 0.628279 0.01 0.01
0 1.292185 0.562251 0.01 0.01
0 1.251445 0.584729 0.01 0.01
0 1.280244 0.534857 0.01 0.01
0 1.320984 0.525023 0.01 0.01
0 1.328009 0.548905 0.01 0.01
0 1.345569 0.543286 0.01 0.01
0 1.357510 0.561549 0.01 0.01
0 1.356106 0.580514 0.01 0.01
0 1.330818 0.569978 0.01 0.01
0 1.396144 0.560846 0.01 0.01
0 1.393334 0.581216 0.01 0.01
0 1.393334 0.541881 0.01 0.01
0 1.362427 0.537666 0.01 0.01
0 1.361023 0.491306 0.01 0.01
0 1.306936 0.492711 0.01 0.01
0 1.302019 0.482877 0.01 0.01
0 1.261279 0.501140 0.01 0.01
0 1.239503 0.499735 0.01 0.01
0 1.229670 0.492711 0.01 0.01
0 1.217728 0.477258 0.01 0.01
0 1.202275 0.467424 0.01 0.01
0 1.184012 0.477258 0.01 0.01
0 1.235289 0.433005 0.01 0.01
0 1.255659 0.444244 0.01 0.01
0 1.246528 0.444244 0.01 0.01
0 1.260576 0.430196 0.01 0.01
0 1.275327 0.446351 0.01 0.01
0 1.266196 0.470234 0.01 0.01
0 1.245123 0.464614 0.01 0.01
0 1.307638 0.447756 0.01 0.01
0 1.298507 0.429493 0.01 0.01
0 1.328009 0.475853 0.01 0.01
0 1.330818 0.461805 0.01 0.01
0 1.331521 0.444946 0.01 0.01
0 1.353296 0.448459 0.01 0.01
0 1.377881 0.471639 0.01 0.01
0 1.363130 0.477258 0.01 0.01
0 1.348379 0.477258 0.01 0.01
0 1.393334 0.455483 0.01 0.01
0 1.382095 0.421064 0.01 0.01
0 1.359618 0.429493 0.01 0.01
0 1.374369 0.411933 0.01 0.01
0 1.354701 0.399991 0.01 0.01
0 1.322389 0.418957 0.01 0.01
0 1.310448 0.417552 0.01 0.01
0 1.316770 0.401396 0.01 0.01
0 1.328711 0.395777 0.01 0.01
0 1.294292 0.401396 0.01 0.01
0 1.276029 0.411933 0.01 0.01
0 1.258469 0.413337 0.01 0.01
0 1.244420 0.402801 0.01 0.01
0 1.242313 0.412635 0.01 0.01
0 1.234587 0.408420 0.01 0.01
0 1.233182 0.390157 0.01 0.01
0 1.242313 0.378919 0.01 0.01
0 1.233884 0.371895 0.01 0.01
0 1.233884 0.359251 0.01 0.01
0 1.219133 0.355739 0.01 0.01
0 1.245825 0.355739 0.01 0.01
0 1.254254 0.362061 0.01 0.01
0 1.263386 0.381728 0.01 0.01
0 1.275327 0.394372 0.01 0.01
0 1.286566 0.381728 0.01 0.01
0 1.286566 0.366978 0.01 0.01
0 1.270410 0.360656 0.01 0.01
0 1.276732 0.379621 0.01 0.01
0 1.308341 0.371192 0.01 0.01
0 1.314663 0.378919 0.01 0.01
0 1.306936 0.385943 0.01 0.01
0 1.297102 0.365573 0.01 0.01
0 1.299912 0.348715 0.01 0.01
0 1.289375 0.345905 0.01 0.01
0 1.278137 0.352227 0.01 0.01
0 1.309043 0.352227 0.01 0.01
0 1.317472 0.358548 0.01 0.01
0 1.316068 0.343095 0.01 0.01
0 1.332223 0.345905 0.01 0.01
0 1.395441 0.373299 0.01 0.01
0 1.385607 0.388050 0.01 0.01
0 1.374369 0.395074 0.01 0.01
0 1.365237 0.378216 0.01 0.01
0 1.368749 0.367680 0.01 0.01
0 1.352594 0.362061 0.01 0.01
0 1.356808 0.383133 0.01 0.01
0 1.325901 0.367680 0.01 0.01
0 1.323794 0.333964 0.01 0.01
0 1.313960 0.338178 0.01 0.01
0 1.306234 0.333964 0.01 0.01
0 1.321687 0.325535 0.01 0.01
0 1.331521 0.316403 0.01 0.01
0 1.337140 0.328344 0.01 0.01
0 1.339950 0.319915 0.01 0.01
0 1.348379 0.339583 0.01 0.01
0 1.356808 0.329047 0.01 0.01
0 1.357510 0.340988 0.01 0.01
0 1.369452 0.344500 0.01 0.01
0 1.361725 0.334666 0.01 0.01
0 1.382095 0.333964 0.01 0.01
0 1.373666 0.321320 0.01 0.01
0 1.393334 0.313593 0.01 0.01
0 1.389822 0.353632 0.01 0.01
0 1.403870 0.319915 0.01 0.01
0 1.363832 0.307272 0.01 0.01
0 1.401061 0.289009 0.01 0.01
0 1.383500 0.291818 0.01 0.01
0 1.379988 0.281282 0.01 0.01
0 1.391929 0.277067 0.01 0.01
0 1.359618 0.281282 0.01 0.01
0 1.348379 0.291818 0.01 0.01
0 1.337843 0.301652 0.01 0.01
0 1.347677 0.303760 0.01 0.01
0 1.341355 0.281282 0.01 0.01
0 1.322389 0.282687 0.01 0.01
0 1.297805 0.322725 0.01 0.01
0 1.261279 0.352227 0.01 0.01
0 1.256362 0.339583 0.01 0.01
0 1.235991 0.332559 0.01 0.01
0 1.212811 0.333261 0.01 0.01
0 1.219836 0.314998 0.01 0.01
0 1.239503 0.311486 0.01 0.01
0 1.227562 0.300950 0.01 0.01
0 1.211407 0.291116 0.01 0.01
0 1.220538 0.286199 0.01 0.01
0 1.256362 0.300247 0.01 0.01
0 1.267600 0.299545 0.01 0.01
0 1.261981 0.322023 0.01 0.01
0 1.280244 0.322725 0.01 0.01
0 1.280946 0.307272 0.01 0.01
0 1.276029 0.286199 0.01 0.01
0 1.289375 0.286901 0.01 0.01
0 1.311853 0.305164 0.01 0.01
0 1.089887 0.389455 0.01 0.01
0 1.224753 0.269341 0.01 0.01
0 1.208597 0.266531 0.01 0.01
0 1.191036 0.286199 0.01 0.01
0 1.202275 0.253888 0.01 0.01
0 1.195251 0.249673 0.01 0.01
0 1.185417 0.260912 0.01 0.01
0 1.197358 0.237732 0.01 0.01
0 1.196656 0.230005 0.01 0.01
0 1.170666 0.232815 0.01 0.01
0 1.156618 0.234220 0.01 0.01
0 1.139759 0.239137 0.01 0.01
0 1.140462 0.230005 0.01 0.01
0 1.126413 0.231410 0.01 0.01
0 1.113770 0.230005 0.01 0.01
0 1.103233 0.232815 0.01 0.01
0 1.088483 0.226493 0.01 0.01
0 1.098317 0.237029 0.01 0.01
0 1.241611 0.268638 0.01 0.01
0 1.235991 0.256697 0.01 0.01
0 1.240206 0.241946 0.01 0.01
0 1.224753 0.227195 0.01 0.01
0 1.212811 0.226493 0.01 0.01
0 1.217026 0.237732 0.01 0.01
0 1.212109 0.252483 0.01 0.01
0 1.207894 0.242649 0.01 0.01
0 1.193846 0.270043 0.01 0.01
0 1.201573 0.268638 0.01 0.01
0 1.253552 0.284794 0.01 0.01
0 1.259171 0.272853 0.01 0.01
0 1.250742 0.268638 0.01 0.01
0 1.255659 0.258102 0.01 0.01
0 1.258469 0.246863 0.01 0.01
0 1.251445 0.230708 0.01 0.01
0 1.269708 0.237732 0.01 0.01
0 1.284459 0.251780 0.01 0.01
0 1.280244 0.270043 0.01 0.01
0 1.290078 0.267936 0.01 0.01
0 1.310448 0.274258 0.01 0.01
0 1.300614 0.260912 0.01 0.01
0 1.319580 0.258102 0.01 0.01
0 1.340652 0.265126 0.01 0.01
0 1.330818 0.267234 0.01 0.01
0 1.322389 0.248971 0.01 0.01
0 1.315365 0.232815 0.01 0.01
0 1.364535 0.269341 0.01 0.01
0 1.370856 0.260912 0.01 0.01
0 1.382095 0.251078 0.01 0.01
0 1.368047 0.248971 0.01 0.01
0 1.354701 0.246161 0.01 0.01
0 1.335735 0.246161 0.01 0.01
0 1.342057 0.233517 0.01 0.01
0 1.369452 0.231410 0.01 0.01
0 1.392632 0.233517 0.01 0.01
0 1.398953 0.262317 0.01 0.01
0 1.403870 0.248268 0.01 0.01
0 1.375773 0.269341 0.01 0.01
0 0.694775 0.373533 0.01 0.01
0 0.684941 0.352461 0.01 0.01
0 0.671595 0.366509 0.01 0.01
0 0.668785 0.350354 0.01 0.01
0 0.701799 0.360187 0.01 0.01
0 0.690560 0.357378 0.01 0.01
0 0.680726 0.360187 0.01 0.01
0 0.780470 0.347544 0.01 0.01
0 0.908311 0.404440 0.01 0.01
0 0.901287 0.388987 0.01 0.01
0 0.895668 0.380558 0.01 0.01
0 0.550076 0.302589 0.01 0.01
0 0.698989 0.219001 0.01 0.01
0 0.685643 0.208464 0.01 0.01
0 0.675107 0.206357 0.01 0.01
0 0.663868 0.195118 0.01 0.01
0 0.670892 0.188094 0.01 0.01
0 0.676512 0.179665 0.01 0.01
0 0.690560 0.195118 0.01 0.01
0 0.704609 0.193713 0.01 0.01
0 0.707418 0.210571 0.01 0.01
0 0.722872 0.204250 0.01 0.01
0 0.708823 0.183177 0.01 0.01
0 0.717955 0.190201 0.01 0.01
0 0.717252 0.178260 0.01 0.01
0 0.713740 0.166319 0.01 0.01
0 0.697584 0.174748 0.01 0.01
0 0.691965 0.167724 0.01 0.01
0 0.687751 0.177558 0.01 0.01
0 0.677917 0.169831 0.01 0.01
0 0.666678 0.167724 0.01 0.01
0 0.675107 0.158592 0.01 0.01
0 0.654034 0.159997 0.01 0.01
0 0.656142 0.165616 0.01 0.01
0 0.660356 0.178962 0.01 0.01
0 0.644200 0.145949 0.01 0.01
0 0.652629 0.140329 0.01 0.01
0 0.652629 0.130495 0.01 0.01
0 0.638581 0.137520 0.01 0.01
0 0.622425 0.140329 0.01 0.01
0 0.632259 0.121364 0.01 0.01
0 0.628045 0.098886 0.01 0.01
0 0.612591 0.123471 0.01 0.01
0 0.591519 0.084838 0.01 0.01
0 0.603460 0.086945 0.01 0.01
0 0.591519 0.093969 0.01 0.01
0 0.599948 0.074301 0.01 0.01
0 0.613996 0.081326 0.01 0.01
0 0.624532 0.082731 0.01 0.01
0 0.632962 0.085540 0.01 0.01
0 0.644903 0.087648 0.01 0.01
0 0.636474 0.072897 0.01 0.01
0 0.637176 0.064468 0.01 0.01
0 0.649820 0.068682 0.01 0.01
0 0.618913 0.063765 0.01 0.01
0 0.626640 0.072897 0.01 0.01
0 0.613294 0.067980 0.01 0.01
0 0.602757 0.041990 0.01 0.01
0 0.614699 0.032156 0.01 0.01
0 0.623830 0.038478 0.01 0.01
0 0.615401 0.043395 0.01 0.01
0 0.624532 0.047609 0.01 0.01
0 0.640688 0.040585 0.01 0.01
0 0.632962 0.023727 0.01 0.01
0 0.621723 0.024429 0.01 0.01
0 0.624532 0.015298 0.01 0.01
0 0.649117 0.025834 0.01 0.01
0 0.652629 0.041288 0.01 0.01
0 0.674405 0.039883 0.01 0.01
0 0.677214 0.033561 0.01 0.01
0 0.668785 0.058146 0.01 0.01
0 0.666678 0.046907 0.01 0.01
0 0.677917 0.054634 0.01 0.01
0 0.681429 0.072194 0.01 0.01
0 0.675107 0.074301 0.01 0.01
0 0.680726 0.086945 0.01 0.01
0 0.666678 0.089755 0.01 0.01
0 0.666678 0.104506 0.01 0.01
0 0.665975 0.125578 0.01 0.01
0 0.691263 0.129090 0.01 0.01
0 0.689155 0.119959 0.01 0.01
0 0.690560 0.107315 0.01 0.01
0 0.689155 0.084135 0.01 0.01
0 0.703204 0.082028 0.01 0.01
0 0.696180 0.062360 0.01 0.01
0 0.691263 0.064468 0.01 0.01
0 0.710228 0.075004 0.01 0.01
0 0.693370 0.050419 0.01 0.01
0 0.710228 0.047609 0.01 0.01
0 0.695477 0.030049 0.01 0.01
0 0.691965 0.023025 0.01 0.01
0 0.680726 0.025834 0.01 0.01
0 0.669488 0.025834 0.01 0.01
0 0.669488 0.016703 0.01 0.01
0 0.659654 0.024429 0.01 0.01
0 0.676512 0.017405 0.01 0.01
0 0.680726 0.011786 0.01 0.01
0 0.689155 0.011083 0.01 0.01
0 0.680024 0.006869 0.01 0.01
0 0.662463 0.010381 0.01 0.01
0 0.654737 0.013191 0.01 0.01
0 0.648415 0.016703 0.01 0.01
0 0.647010 0.011083 0.01 0.01
0 0.635771 0.012488 0.01 0.01
0 0.701799 0.132603 0.01 0.01
0 0.677214 0.142436 0.01 0.01
0 0.709526 0.155782 0.01 0.01
0 0.694775 0.152270 0.01 0.01
0 0.703204 0.145246 0.01 0.01
0 0.719360 0.150163 0.01 0.01
0 0.724277 0.139627 0.01 0.01
0 0.717955 0.123471 0.01 0.01
0 0.713038 0.111530 0.01 0.01
0 0.710930 0.095374 0.01 0.01
0 0.717252 0.069385 0.01 0.01
0 0.723574 0.051122 0.01 0.01
0 0.726384 0.082731 0.01 0.01
0 0.736920 0.085540 0.01 0.01
0 0.736920 0.072897 0.01 0.01
0 0.734110 0.118554 0.01 0.01
0 0.739730 0.134007 0.01 0.01
0 0.735515 0.157890 0.01 0.01
0 0.729896 0.150163 0.01 0.01
0 0.730598 0.168426 0.01 0.01
0 0.747456 0.176855 0.01 0.01
0 0.734110 0.181070 0.01 0.01
0 0.739730 0.197225 0.01 0.01
0 0.734110 0.189499 0.01 0.01
0 0.743944 0.190201 0.01 0.01
0 0.756588 0.207762 0.01 0.01
0 0.743242 0.214786 0.01 0.01
0 0.734813 0.208464 0.01 0.01
0 0.745349 0.201440 0.01 0.01
0 0.753778 0.221108 0.01 0.01
0 0.734110 0.230942 0.01 0.01
0 0.728491 0.219703 0.01 0.01
0 0.749564 0.242883 0.01 0.01
0 0.748861 0.230942 0.01 0.01
0 0.762207 0.238668 0.01 0.01
0 0.763612 0.228834 0.01 0.01
0 0.765017 0.212679 0.01 0.01
0 0.771339 0.224620 0.01 0.01
0 0.775553 0.202142 0.01 0.01
0 0.787495 0.213381 0.01 0.01
0 0.783280 0.224620 0.01 0.01
0 0.787495 0.232347 0.01 0.01
0 0.773446 0.238668 0.01 0.01
0 0.760100 0.258336 0.01 0.01
0 0.772744 0.178962 0.01 0.01
0 0.757993 0.181070 0.01 0.01
0 0.753076 0.157890 0.01 0.01
0 0.758695 0.148056 0.01 0.01
0 0.745349 0.138222 0.01 0.01
0 0.760802 0.127686 0.01 0.01
0 0.750969 0.112232 0.01 0.01
0 0.738325 0.108018 0.01 0.01
0 0.743944 0.092564 0.01 0.01
0 0.751671 0.074301 0.01 0.01
0 0.649820 0.104506 0.01 0.01
0 0.798031 0.240073 0.01 0.01
0 0.811377 0.232347 0.01 0.01
0 0.812079 0.224620 0.01 0.01
0 0.805055 0.216191 0.01 0.01
0 0.805758 0.207762 0.01 0.01
0 0.796626 0.197225 0.01 0.01
0 0.793114 0.212679 0.01 0.01
0 0.785387 0.188796 0.01 0.01
0 0.793816 0.190904 0.01 0.01
0 0.805758 0.180367 0.01 0.01
0 0.770636 0.162807 0.01 0.01
0 0.772041 0.150163 0.01 0.01
0 0.768529 0.140329 0.01 0.01
0 0.788899 0.152973 0.01 0.01
0 0.802245 0.171236 0.01 0.01
0 0.791007 0.181070 0.01 0.01
0 0.818401 0.217596 0.01 0.01
0 0.836664 0.211274 0.01 0.01
0 0.832450 0.219703 0.01 0.01
0 0.828235 0.227430 0.01 0.01
0 0.823318 0.235859 0.01 0.01
0 0.859844 0.221810 0.01 0.01
0 0.842283 0.227430 0.01 0.01
0 0.850010 0.223215 0.01 0.01
0 0.858439 0.233049 0.01 0.01
0 0.873190 0.243585 0.01 0.01
0 0.881619 0.238668 0.01 0.01
0 0.885834 0.227430 0.01 0.01
0 0.876702 0.227430 0.01 0.01
0 0.870380 0.217596 0.01 0.01
0 0.898477 0.219703 0.01 0.01
0 0.901287 0.227430 0.01 0.01
0 0.911121 0.224620 0.01 0.01
0 0.918145 0.232347 0.01 0.01
0 0.926574 0.230239 0.01 0.01
0 0.925872 0.221108 0.01 0.01
0 0.946242 0.222513 0.01 0.01
0 0.948349 0.208464 0.01 0.01
0 0.937111 0.206357 0.01 0.01
0 0.905502 0.193011 0.01 0.01
0 0.891453 0.204250 0.01 0.01
0 0.887941 0.194416 0.01 0.01
0 0.878107 0.187392 0.01 0.01
0 0.867571 0.192308 0.01 0.01
0 0.854927 0.186689 0.01 0.01
0 0.847903 0.178962 0.01 0.01
0 0.861249 0.173343 0.01 0.01
0 0.835259 0.163509 0.01 0.01
0 0.824021 0.169129 0.01 0.01
0 0.824723 0.176855 0.01 0.01
0 0.828937 0.180367 0.01 0.01
0 0.831045 0.204250 0.01 0.01
0 0.852820 0.210571 0.01 0.01
0 0.825425 0.156485 0.01 0.01
0 0.807865 0.149461 0.01 0.01
0 0.811377 0.135412 0.01 0.01
0 0.791709 0.137520 0.01 0.01
0 0.779768 0.137520 0.01 0.01
0 0.772041 0.129090 0.01 0.01
0 0.781173 0.120661 0.01 0.01
0 0.772041 0.112935 0.01 0.01
0 0.779768 0.100994 0.01 0.01
0 0.762910 0.093267 0.01 0.01
0 0.766422 0.081326 0.01 0.01
0 0.782578 0.081326 0.01 0.01
0 0.772041 0.075004 0.01 0.01
0 0.797328 0.079218 0.01 0.01
0 0.798031 0.101696 0.01 0.01
0 0.809270 0.095374 0.01 0.01
0 0.805758 0.113637 0.01 0.01
0 0.805758 0.120661 0.01 0.01
0 0.822616 0.115042 0.01 0.01
0 0.831045 0.124876 0.01 0.01
0 0.838069 0.109423 0.01 0.01
0 0.845093 0.121364 0.01 0.01
0 0.837367 0.149461 0.01 0.01
0 0.848605 0.140329 0.01 0.01
0 0.861951 0.154378 0.01 0.01
0 0.857034 0.139627 0.01 0.01
0 0.897072 0.164914 0.01 0.01
0 0.892858 0.182475 0.01 0.01
0 0.877405 0.176855 0.01 0.01
0 0.910418 0.167724 0.01 0.01
0 0.919550 0.174045 0.01 0.01
0 0.928681 0.190201 0.01 0.01
0 0.918145 0.215488 0.01 0.01
0 0.955374 0.191606 0.01 0.01
0 0.941325 0.182475 0.01 0.01
0 0.936408 0.160699 0.01 0.01
0 0.926574 0.162807 0.01 0.01
0 0.926574 0.145949 0.01 0.01
0 0.912526 0.139627 0.01 0.01
0 0.904097 0.143139 0.01 0.01
0 0.892858 0.141734 0.01 0.01
0 0.883726 0.143139 0.01 0.01
0 0.886536 0.137520 0.01 0.01
0 0.890048 0.130495 0.01 0.01
0 0.874595 0.120661 0.01 0.01
0 0.865463 0.117852 0.01 0.01
0 0.806460 0.072897 0.01 0.01
0 0.804353 0.063765 0.01 0.01
0 0.779065 0.067980 0.01 0.01
0 0.795924 0.056741 0.01 0.01
0 0.817699 0.081326 0.01 0.01
0 0.819104 0.089755 0.01 0.01
0 0.851415 0.096077 0.01 0.01
0 0.858439 0.089755 0.01 0.01
0 0.850713 0.077814 0.01 0.01
0 0.845093 0.070087 0.01 0.01
0 0.836664 0.072897 0.01 0.01
0 0.834557 0.065872 0.01 0.01
0 0.828235 0.063765 0.01 0.01
0 0.831045 0.053229 0.01 0.01
0 0.814889 0.056038 0.01 0.01
0 0.811377 0.041288 0.01 0.01
0 0.821211 0.039180 0.01 0.01
0 0.824723 0.030751 0.01 0.01
0 0.741837 0.055336 0.01 0.01
0 0.753778 0.046205 0.01 0.01
0 0.738325 0.043395 0.01 0.01
0 0.728491 0.033561 0.01 0.01
0 0.709526 0.024429 0.01 0.01
0 0.699692 0.019513 0.01 0.01
0 0.717955 0.013893 0.01 0.01
0 0.707418 0.011083 0.01 0.01
0 0.701799 0.008274 0.01 0.01
0 0.718657 0.006166 0.01 0.01
0 0.729896 0.011083 0.01 0.01
0 0.732706 0.020917 0.01 0.01
0 0.738325 0.013893 0.01 0.01
0 0.743242 0.018108 0.01 0.01
0 0.743944 0.027942 0.01 0.01
0 0.738325 0.031454 0.01 0.01
0 0.752373 0.020215 0.01 0.01
0 0.746052 0.011083 0.01 0.01
0 0.766422 0.027239 0.01 0.01
0 0.769232 0.033561 0.01 0.01
0 0.763612 0.043395 0.01 0.01
0 0.762207 0.013191 0.01 0.01
0 0.769232 0.018108 0.01 0.01
0 0.780470 0.025834 0.01 0.01
0 0.779065 0.044800 0.01 0.01
0 0.781875 0.036371 0.01 0.01
0 0.788899 0.041990 0.01 0.01
0 0.797328 0.018108 0.01 0.01
0 0.788899 0.011786 0.01 0.01
0 0.781875 0.012488 0.01 0.01
0 0.775553 0.010381 0.01 0.01
0 0.852117 0.051824 0.01 0.01
0 0.842986 0.037073 0.01 0.01
0 0.838069 0.030049 0.01 0.01
0 0.858439 0.030751 0.01 0.01
0 0.860546 0.072897 0.01 0.01
0 0.865463 0.063765 0.01 0.01
0 0.878809 0.062360 0.01 0.01
0 0.869678 0.078516 0.01 0.01
0 0.870380 0.092564 0.01 0.01
0 0.887941 0.106613 0.01 0.01
0 0.890048 0.086945 0.01 0.01
0 0.876702 0.092564 0.01 0.01
0 0.897775 0.100291 0.01 0.01
0 0.899882 0.116447 0.01 0.01
0 0.906906 0.100291 0.01 0.01
0 0.911823 0.117852 0.01 0.01
0 0.918848 0.128388 0.01 0.01
0 0.932896 0.122066 0.01 0.01
0 0.931491 0.113637 0.01 0.01
0 0.939218 0.102398 0.01 0.01
0 0.928681 0.088350 0.01 0.01
0 0.931491 0.079921 0.01 0.01
0 0.937111 0.070087 0.01 0.01
0 0.918145 0.073599 0.01 0.01
0 0.905502 0.084838 0.01 0.01
0 0.897775 0.075004 0.01 0.01
0 0.905502 0.063765 0.01 0.01
0 0.898477 0.063765 0.01 0.01
0 0.889346 0.067980 0.01 0.01
0 0.882322 0.053931 0.01 0.01
0 0.882322 0.041990 0.01 0.01
0 0.869678 0.032859 0.01 0.01
0 0.955374 0.220405 0.01 0.01
0 0.970827 0.219001 0.01 0.01
0 0.966612 0.233751 0.01 0.01
0 0.976446 0.233049 0.01 0.01
0 0.984173 0.228834 0.01 0.01
0 0.979958 0.221108 0.01 0.01
0 0.985578 0.217596 0.01 0.01
0 0.977149 0.213381 0.01 0.01
0 0.968720 0.202142 0.01 0.01
0 0.968017 0.185284 0.01 0.01
0 0.982768 0.190904 0.01 0.01
0 0.986983 0.183879 0.01 0.01
0 0.994007 0.198630 0.01 0.01
0 0.992602 0.206357 0.01 0.01
0 1.003138 0.209167 0.01 0.01
0 1.024913 0.226025 0.01 0.01
0 1.008758 0.223917 0.01 0.01
0 1.019294 0.207762 0.01 0.01
0 1.012270 0.188796 0.01 0.01
0 0.975744 0.174748 0.01 0.01
0 0.967315 0.164914 0.01 0.01
0 0.968720 0.157890 0.01 0.01
0 0.951861 0.132603 0.01 0.01
0 0.961695 0.129090 0.01 0.01
0 0.949052 0.122066 0.01 0.01
0 0.942730 0.137520 0.01 0.01
0 0.956778 0.146651 0.01 0.01
0 0.954671 0.176855 0.01 0.01
0 0.944135 0.161402 0.01 0.01
0 0.982066 0.149461 0.01 0.01
0 0.972232 0.138924 0.01 0.01
0 0.988387 0.129793 0.01 0.01
0 0.979256 0.118554 0.01 0.01
0 0.997519 0.153675 0.01 0.01
0 1.004543 0.165616 0.01 0.01
0 0.991197 0.165616 0.01 0.01
0 0.979256 0.162104 0.01 0.01
0 1.019294 0.178962 0.01 0.01
0 1.009460 0.178260 0.01 0.01
0 1.019294 0.157890 0.01 0.01
0 1.008055 0.151568 0.01 0.01
0 1.029128 0.136115 0.01 0.01
0 1.034747 0.123471 0.01 0.01
0 1.035450 0.143841 0.01 0.01
0 1.036152 0.151568 0.01 0.01
0 1.040367 0.165616 0.01 0.01
0 1.045284 0.168426 0.01 0.01
0 1.038962 0.183177 0.01 0.01
0 1.029128 0.168426 0.01 0.01
0 1.041069 0.196523 0.01 0.01
0 1.031235 0.197928 0.01 0.01
0 1.046688 0.210571 0.01 0.01
0 1.041772 0.216191 0.01 0.01
0 1.050201 0.226025 0.01 0.01
0 1.074785 0.219001 0.01 0.01
0 1.062844 0.219001 0.01 0.01
0 1.057927 0.210571 0.01 0.01
0 1.072678 0.185284 0.01 0.01
0 1.059332 0.189499 0.01 0.01
0 1.049498 0.185284 0.01 0.01
0 1.055118 0.165616 0.01 0.01
0 1.068464 0.163509 0.01 0.01
0 1.057927 0.148056 0.01 0.01
0 1.074083 0.154378 0.01 0.01
0 1.052308 0.129090 0.01 0.01
0 1.003841 0.118554 0.01 0.01
0 1.002436 0.129090 0.01 0.01
0 0.995412 0.120661 0.01 0.01
0 0.996816 0.098184 0.01 0.01
0 0.991197 0.084135 0.01 0.01
0 0.963100 0.113637 0.01 0.01
0 0.971529 0.103803 0.01 0.01
0 0.968720 0.084135 0.01 0.01
0 0.930086 0.050419 0.01 0.01
0 0.920955 0.050419 0.01 0.01
0 0.915335 0.020917 0.01 0.01
0 0.923765 0.027942 0.01 0.01
0 0.903394 0.032859 0.01 0.01
0 0.895668 0.032156 0.01 0.01
0 0.903394 0.022322 0.01 0.01
0 0.878809 0.025132 0.01 0.01
0 0.871083 0.008976 0.01 0.01
0 0.859142 0.013893 0.01 0.01
0 0.842283 0.008274 0.01 0.01
0 0.836664 0.013893 0.01 0.01
0 0.821913 0.008274 0.01 0.01
0 0.815591 0.020917 0.01 0.01
0 1.079702 0.191606 0.01 0.01
0 1.072678 0.201440 0.01 0.01
0 1.075488 0.207059 0.01 0.01
0 1.097965 0.211976 0.01 0.01
0 1.112716 0.210571 0.01 0.01
0 1.121145 0.209167 0.01 0.01
0 1.123955 0.199333 0.01 0.01
0 1.113419 0.190904 0.01 0.01
0 1.115526 0.171938 0.01 0.01
0 1.114121 0.161402 0.01 0.01
0 1.106394 0.162807 0.01 0.01
0 1.100073 0.176855 0.01 0.01
0 1.093751 0.185284 0.01 0.01
0 1.085322 0.169129 0.01 0.01
0 1.078297 0.161402 0.01 0.01
0 1.092346 0.157890 0.01 0.01
0 1.090239 0.149461 0.01 0.01
0 1.097965 0.138924 0.01 0.01
0 1.079000 0.132603 0.01 0.01
0 1.067059 0.136115 0.01 0.01
0 1.081107 0.115744 0.01 0.01
0 1.086727 0.110827 0.01 0.01
0 1.103585 0.124876 0.01 0.01
0 1.064249 0.122066 0.01 0.01
0 1.067761 0.129793 0.01 0.01
0 1.010865 0.093267 0.01 0.01
0 1.004543 0.079218 0.01 0.01
0 1.001733 0.065170 0.01 0.01
0 0.991900 0.071492 0.01 0.01
0 0.975041 0.079218 0.01 0.01
0 0.971529 0.067277 0.01 0.01
0 0.943432 0.076409 0.01 0.01
0 0.948349 0.067980 0.01 0.01
0 0.945540 0.091862 0.01 0.01
0 0.971529 0.053229 0.01 0.01
0 0.970124 0.044097 0.01 0.01
0 0.956778 0.043395 0.01 0.01
0 0.943432 0.039883 0.01 0.01
0 0.946944 0.047609 0.01 0.01
0 0.950457 0.029346 0.01 0.01
0 0.929384 0.036371 0.01 0.01
0 0.928681 0.009679 0.01 0.01
0 0.911121 0.005464 0.01 0.01
0 0.890751 0.006869 0.01 0.01
0 0.897072 0.011083 0.01 0.01
0 0.892858 0.020917 0.01 0.01
0 1.175583 0.226025 0.01 0.01
0 1.170666 0.213381 0.01 0.01
0 1.147486 0.219001 0.01 0.01
0 1.153808 0.220405 0.01 0.01
0 1.125009 0.219001 0.01 0.01
0 1.134843 0.213381 0.01 0.01
0 1.137652 0.199333 0.01 0.01
0 1.146784 0.203547 0.01 0.01
0 1.154510 0.200738 0.01 0.01
0 1.143974 0.185987 0.01 0.01
0 1.133438 0.176855 0.01 0.01
0 1.120794 0.165616 0.01 0.01
0 1.146081 0.167021 0.01 0.01
0 1.131330 0.150163 0.01 0.01
0 1.146784 0.177558 0.01 0.01
0 1.162237 0.182475 0.01 0.01
0 1.160130 0.176153 0.01 0.01
0 1.173476 0.177558 0.01 0.01
0 1.173476 0.190904 0.01 0.01
0 1.184715 0.180367 0.01 0.01
0 1.191739 0.182475 0.01 0.01
0 1.188227 0.192308 0.01 0.01
0 1.181202 0.204952 0.01 0.01
0 1.195953 0.197928 0.01 0.01
0 1.205085 0.210571 0.01 0.01
0 1.191036 0.214084 0.01 0.01
0 1.214919 0.210571 0.01 0.01
0 1.208597 0.196523 0.01 0.01
0 1.219133 0.201440 0.01 0.01
0 1.224753 0.190201 0.01 0.01
0 1.224050 0.177558 0.01 0.01
0 1.208597 0.179665 0.01 0.01
0 1.205085 0.168426 0.01 0.01
0 1.189631 0.167021 0.01 0.01
0 1.183310 0.154378 0.01 0.01
0 1.176285 0.151568 0.01 0.01
0 1.163642 0.163509 0.01 0.01
0 1.146784 0.148758 0.01 0.01
0 1.124306 0.139627 0.01 0.01
0 1.115175 0.128388 0.01 0.01
0 1.124306 0.121364 0.01 0.01
0 1.115175 0.116447 0.01 0.01
0 1.099019 0.109423 0.01 0.01
0 1.056171 0.109423 0.01 0.01
0 1.056171 0.096077 0.01 0.01
0 1.050552 0.095374 0.01 0.01
0 1.040015 0.086945 0.01 0.01
0 1.025265 0.095374 0.01 0.01
0 1.027372 0.070087 0.01 0.01
0 1.011216 0.068682 0.01 0.01
0 1.013323 0.058848 0.01 0.01
0 0.997168 0.053229 0.01 0.01
0 0.984524 0.058146 0.01 0.01
0 0.974690 0.058848 0.01 0.01
0 0.988739 0.046205 0.01 0.01
0 0.983822 0.027942 0.01 0.01
0 0.959237 0.029346 0.01 0.01
0 0.964154 0.013893 0.01 0.01
0 0.945188 0.010381 0.01 0.01
0 0.937462 0.013893 0.01 0.01
0 1.155915 0.129793 0.01 0.01
0 1.162237 0.124173 0.01 0.01
0 1.134140 0.123471 0.01 0.01
0 1.132033 0.115744 0.01 0.01
0 1.130628 0.103101 0.01 0.01
0 1.125009 0.106613 0.01 0.01
0 1.087078 0.089052 0.01 0.01
0 1.069517 0.078516 0.01 0.01
0 1.058981 0.063765 0.01 0.01
0 1.047040 0.064468 0.01 0.01
0 1.027372 0.057443 0.01 0.01
0 1.019645 0.047609 0.01 0.01
0 1.008406 0.047609 0.01 0.01
0 1.010514 0.037776 0.01 0.01
0 1.035801 0.041990 0.01 0.01
0 1.021752 0.036371 0.01 0.01
0 1.028777 0.019513 0.01 0.01
0 1.066708 0.053229 0.01 0.01
0 1.082161 0.055336 0.01 0.01
0 1.071624 0.065872 0.01 0.01
0 1.089887 0.076409 0.01 0.01
0 1.095507 0.063063 0.01 0.01
0 1.084970 0.028644 0.01 0.01
0 1.073029 0.027942 0.01 0.01
0 1.056874 0.030751 0.01 0.01
0 1.042123 0.030751 0.01 0.01
0 1.028074 0.027942 0.01 0.01
0 1.005597 0.023025 0.01 0.01
0 1.018943 0.012488 0.01 0.01
0 1.019645 0.005464 0.01 0.01
0 1.004894 0.013893 0.01 0.01
0 0.992251 0.013893 0.01 0.01
0 0.992953 0.023727 0.01 0.01
0 0.974690 0.013893 0.01 0.01
0 0.982417 0.010381 0.01 0.01
0 0.970476 0.004762 0.01 0.01
0 0.958534 0.005464 0.01 0.01
0 0.929735 0.021620 0.01 0.01
0 0.940974 0.030751 0.01 0.01
0 0.943081 0.022322 0.01 0.01
0 0.952213 0.016703 0.01 0.01
0 1.028074 0.112935 0.01 0.01
0 1.022455 0.123471 0.01 0.01
0 1.105341 0.093267 0.01 0.01
0 1.120794 0.091862 0.01 0.01
0 1.108853 0.085540 0.01 0.01
0 1.119389 0.077111 0.01 0.01
0 1.105341 0.064468 0.01 0.01
0 1.119389 0.052526 0.01 0.01
0 1.098317 0.053229 0.01 0.01
0 1.101829 0.041990 0.01 0.01
0 1.095507 0.033561 0.01 0.01
0 1.093400 0.024429 0.01 0.01
0 1.109555 0.029346 0.01 0.01
0 1.114472 0.039883 0.01 0.01
0 1.127116 0.039180 0.01 0.01
0 1.143272 0.044800 0.01 0.01
0 1.132735 0.051122 0.01 0.01
0 1.130628 0.077111 0.01 0.01
0 1.146081 0.084135 0.01 0.01
0 1.146081 0.071492 0.01 0.01
0 1.146081 0.061658 0.01 0.01
0 1.145379 0.056741 0.01 0.01
0 1.158725 0.061658 0.01 0.01
0 1.157320 0.052526 0.01 0.01
0 1.172773 0.069385 0.01 0.01
0 1.172773 0.060955 0.01 0.01
0 1.165047 0.092564 0.01 0.01
0 1.154510 0.105910 0.01 0.01
0 1.159427 0.080623 0.01 0.01
0 1.179095 0.090457 0.01 0.01
0 1.170666 0.118554 0.01 0.01
0 1.155915 0.114340 0.01 0.01
0 1.199465 0.144544 0.01 0.01
0 1.176285 0.141032 0.01 0.01
0 1.158022 0.141032 0.01 0.01
0 1.185417 0.122769 0.01 0.01
0 1.186822 0.107315 0.01 0.01
0 1.202275 0.110125 0.01 0.01
0 1.195953 0.120661 0.01 0.01
0 1.210704 0.131900 0.01 0.01
0 1.216324 0.134710 0.01 0.01
0 1.214919 0.150163 0.01 0.01
0 1.226860 0.158592 0.01 0.01
0 1.249337 0.164914 0.01 0.01
0 1.217728 0.161402 0.01 0.01
0 1.247230 0.199333 0.01 0.01
0 1.235991 0.203547 0.01 0.01
0 1.233182 0.187392 0.01 0.01
0 1.238801 0.178260 0.01 0.01
0 1.249337 0.176855 0.01 0.01
0 1.254254 0.187392 0.01 0.01
0 1.265493 0.188796 0.01 0.01
0 1.264088 0.181772 0.01 0.01
0 1.264088 0.172641 0.01 0.01
0 1.264088 0.159997 0.01 0.01
0 1.271112 0.150163 0.01 0.01
0 1.276029 0.125578 0.01 0.01
0 1.246528 0.136817 0.01 0.01
0 1.231777 0.130495 0.01 0.01
0 1.236694 0.116447 0.01 0.01
0 1.263386 0.213381 0.01 0.01
0 1.273922 0.211274 0.01 0.01
0 1.267600 0.223917 0.01 0.01
0 1.286566 0.221108 0.01 0.01
0 1.276732 0.198630 0.01 0.01
0 1.278839 0.188094 0.01 0.01
0 1.274625 0.182475 0.01 0.01
0 1.277434 0.171236 0.01 0.01
0 1.284459 0.157187 0.01 0.01
0 1.293590 0.159295 0.01 0.01
0 1.297102 0.148056 0.01 0.01
0 1.298507 0.143139 0.01 0.01
0 1.310448 0.143139 0.01 0.01
0 1.311853 0.163509 0.01 0.01
0 1.303424 0.157187 0.01 0.01
0 1.297805 0.176855 0.01 0.01
0 1.307638 0.202845 0.01 0.01
0 1.311853 0.193713 0.01 0.01
0 1.305531 0.186689 0.01 0.01
0 1.313258 0.180367 0.01 0.01
0 1.319580 0.185284 0.01 0.01
0 1.328711 0.182475 0.01 0.01
0 1.316068 0.213381 0.01 0.01
0 1.304126 0.216191 0.01 0.01
0 1.287971 0.208464 0.01 0.01
0 1.329414 0.221108 0.01 0.01
0 1.335735 0.216191 0.01 0.01
0 1.328711 0.209869 0.01 0.01
0 1.332926 0.205655 0.01 0.01
0 1.339950 0.192308 0.01 0.01
0 1.342760 0.181070 0.01 0.01
0 1.358213 0.187392 0.01 0.01
0 1.349081 0.188094 0.01 0.01
0 1.351189 0.202845 0.01 0.01
0 1.365237 0.216191 0.01 0.01
0 1.368047 0.207059 0.01 0.01
0 1.370856 0.196523 0.01 0.01
0 1.352594 0.213381 0.01 0.01
0 1.384203 0.216191 0.01 0.01
0 1.391929 0.202845 0.01 0.01
0 1.381393 0.197225 0.01 0.01
0 1.391929 0.188796 0.01 0.01
0 1.359618 0.181772 0.01 0.01
0 1.354701 0.165616 0.01 0.01
0 1.377178 0.169129 0.01 0.01
0 1.389119 0.171938 0.01 0.01
0 1.396144 0.152973 0.01 0.01
0 1.377881 0.145949 0.01 0.01
0 1.386310 0.145246 0.01 0.01
0 1.370856 0.134710 0.01 0.01
0 1.354701 0.136817 0.01 0.01
0 1.346974 0.136115 0.01 0.01
0 1.351891 0.126281 0.01 0.01
0 1.377881 0.125578 0.01 0.01
0 1.379988 0.110827 0.01 0.01
0 1.350486 0.110827 0.01 0.01
0 1.343462 0.105208 0.01 0.01
0 1.340652 0.094672 0.01 0.01
0 1.332223 0.098184 0.01 0.01
0 1.309746 0.089755 0.01 0.01
0 1.309746 0.096779 0.01 0.01
0 1.325901 0.116447 0.01 0.01
0 1.337843 0.117852 0.01 0.01
0 1.334331 0.131198 0.01 0.01
0 1.331521 0.140329 0.01 0.01
0 1.328009 0.155782 0.01 0.01
0 1.345569 0.143841 0.01 0.01
0 1.320282 0.131198 0.01 0.01
0 1.280946 0.101696 0.01 0.01
0 1.255659 0.119959 0.01 0.01
0 1.215621 0.103101 0.01 0.01
0 1.193846 0.084135 0.01 0.01
0 1.222645 0.119257 0.01 0.01
0 1.214919 0.113637 0.01 0.01
0 1.238099 0.099589 0.01 0.01
0 1.235289 0.079921 0.01 0.01
0 1.216324 0.082028 0.01 0.01
0 1.202275 0.068682 0.01 0.01
0 1.196656 0.070087 0.01 0.01
0 1.191739 0.058848 0.01 0.01
0 1.184012 0.057443 0.01 0.01
0 1.182607 0.065872 0.01 0.01
0 1.197358 0.039883 0.01 0.01
0 1.186119 0.028644 0.01 0.01
0 1.172071 0.039180 0.01 0.01
0 1.170666 0.027942 0.01 0.01
0 1.166452 0.013893 0.01 0.01
0 1.154510 0.028644 0.01 0.01
0 1.141867 0.032859 0.01 0.01
0 1.095507 0.009679 0.01 0.01
0 1.100424 0.004059 0.01 0.01
0 1.119389 0.005464 0.01 0.01
0 1.140462 0.009679 0.01 0.01
0 1.146784 0.008976 0.01 0.01
0 1.135545 0.008274 0.01 0.01
0 1.134843 0.023025 0.01 0.01
0 1.125711 0.016703 0.01 0.01
0 1.045635 0.012488 0.01 0.01
0 1.054064 0.018810 0.01 0.01
0 1.068112 0.012488 0.01 0.01
0 1.311151 0.023727 0.01 0.01
0 1.292185 0.022322 0.01 0.01
0 1.286566 0.017405 0.01 0.01
0 1.293590 0.013191 0.01 0.01
0 1.283756 0.005464 0.01 0.01
0 1.272517 0.010381 0.01 0.01
0 1.261981 0.021620 0.01 0.01
0 1.251445 0.016703 0.01 0.01
0 1.260576 0.009679 0.01 0.01
0 1.237396 0.014596 0.01 0.01
0 1.230372 0.011083 0.01 0.01
0 1.216324 0.004762 0.01 0.01
0 1.205085 0.020215 0.01 0.01
0 1.210704 0.012488 0.01 0.01
0 1.209299 0.007571 0.01 0.01
0 1.202275 0.011083 0.01 0.01
0 1.198061 0.005464 0.01 0.01
0 1.213514 0.044097 0.01 0.01
0 1.210704 0.032859 0.01 0.01
0 1.196656 0.025834 0.01 0.01
0 1.182607 0.017405 0.01 0.01
0 1.188227 0.043395 0.01 0.01
0 1.180500 0.049014 0.01 0.01
0 1.213514 0.058848 0.01 0.01
0 1.217026 0.069385 0.01 0.01
0 1.224753 0.067277 0.01 0.01
0 1.223348 0.053229 0.01 0.01
0 1.232479 0.047609 0.01 0.01
0 1.239503 0.055336 0.01 0.01
0 1.238801 0.041990 0.01 0.01
0 1.227562 0.039180 0.01 0.01
0 1.221943 0.027942 0.01 0.01
0 1.240206 0.030049 0.01 0.01
0 1.250040 0.039180 0.01 0.01
0 1.250742 0.030049 0.01 0.01
0 1.245825 0.053229 0.01 0.01
0 1.257766 0.047609 0.01 0.01
0 1.257064 0.058848 0.01 0.01
0 1.274625 0.053229 0.01 0.01
0 1.269005 0.061658 0.01 0.01
0 1.280244 0.047609 0.01 0.01
0 1.278137 0.039180 0.01 0.01
0 1.266898 0.040585 0.01 0.01
0 1.260576 0.085540 0.01 0.01
0 1.251445 0.092564 0.01 0.01
0 1.244420 0.082731 0.01 0.01
0 1.242313 0.067980 0.01 0.01
0 1.250742 0.077111 0.01 0.01
0 1.251445 0.070087 0.01 0.01
0 1.264791 0.068682 0.01 0.01
0 1.278137 0.069385 0.01 0.01
0 1.273220 0.079921 0.01 0.01
0 1.285161 0.082731 0.01 0.01
0 1.288673 0.074301 0.01 0.01
0 1.292185 0.084135 0.01 0.01
0 1.275327 0.090457 0.01 0.01
0 1.290078 0.106613 0.01 0.01
0 1.303424 0.078516 0.01 0.01
0 1.297805 0.067980 0.01 0.01
0 1.308341 0.066575 0.01 0.01
0 1.314663 0.065872 0.01 0.01
0 1.294995 0.053229 0.01 0.01
0 1.292185 0.044800 0.01 0.01
0 1.299912 0.035668 0.01 0.01
0 1.286566 0.034966 0.01 0.01
0 1.277434 0.025834 0.01 0.01
0 1.324497 0.025132 0.01 0.01
0 1.308341 0.010381 0.01 0.01
0 1.309043 0.005464 0.01 0.01
0 1.321687 0.005464 0.01 0.01
0 1.331521 0.016000 0.01 0.01
0 1.334331 0.011083 0.01 0.01
0 1.339950 0.019513 0.01 0.01
0 1.339950 0.025834 0.01 0.01
0 1.344867 0.039180 0.01 0.01
0 1.308341 0.041288 0.01 0.01
0 1.326604 0.045502 0.01 0.01
0 1.323092 0.060955 0.01 0.01
0 1.328711 0.053229 0.01 0.01
0 1.319580 0.039180 0.01 0.01
0 1.313258 0.047609 0.01 0.01
0 1.336438 0.052526 0.01 0.01
0 1.334331 0.075706 0.01 0.01
0 1.341355 0.089052 0.01 0.01
0 1.338545 0.085540 0.01 0.01
0 1.343462 0.079218 0.01 0.01
0 1.349081 0.074301 0.01 0.01
0 1.348379 0.064468 0.01 0.01
0 1.362427 0.057443 0.01 0.01
0 1.353998 0.049717 0.01 0.01
0 1.368047 0.045502 0.01 0.01
0 1.370154 0.039883 0.01 0.01
0 1.359618 0.034263 0.01 0.01
0 1.356808 0.020215 0.01 0.01
0 1.363130 0.019513 0.01 0.01
0 1.368047 0.008274 0.01 0.01
0 1.359618 0.008274 0.01 0.01
0 1.348379 0.008976 0.01 0.01
0 1.342760 0.006869 0.01 0.01
0 1.382095 0.020215 0.01 0.01
0 1.376476 0.027942 0.01 0.01
0 1.382095 0.039180 0.01 0.01
0 1.388417 0.026537 0.01 0.01
0 1.394036 0.018108 0.01 0.01
0 1.392632 0.011083 0.01 0.01
0 1.378583 0.008274 0.01 0.01
0 1.403168 0.008274 0.01 0.01
0 1.403870 0.025132 0.01 0.01
0 1.403168 0.039883 0.01 0.01
0 1.403870 0.051122 0.01 0.01
0 1.394739 0.050419 0.01 0.01
0 1.383500 0.051122 0.01 0.01
0 1.396144 0.037776 0.01 0.01
0 1.389822 0.069385 0.01 0.01
0 1.372964 0.064468 0.01 0.01
0 1.373666 0.079218 0.01 0.01
0 1.361023 0.070087 0.01 0.01
0 1.353998 0.067980 0.01 0.01
0 1.359618 0.097481 0.01 0.01
0 1.364535 0.077111 0.01 0.01
0 1.377178 0.098184 0.01 0.01
0 1.384905 0.082731 0.01 0.01
0 1.396144 0.090457 0.01 0.01
0 1.396144 0.101696 0.01 0.01
0 1.404573 0.103101 0.01 0.01
0 1.403870 0.075004 0.01 0.01
0 1.395441 0.113637 0.01 0.01
0 1.401763 0.117149 0.01 0.01
0 1.397549 0.137520 0.01 0.01
0 1.404573 0.136817 0.01 0.01
0 1.404573 0.152270 0.01 0.01
0 1.399656 0.193011 0.01 0.01
0 1.404573 0.193713 0.01 0.01
0 1.399656 0.179665 0.01 0.01
