0 0.184007 0.494019 0.01 0.01
0 0.387301 0.526019 0.01 0.01
0 0.306360 0.586254 0.01 0.01
0 0.526596 0.552372 0.01 0.01
0 0.968948 0.631430 0.01 0.01
0 1.281419 0.716136 0.01 0.01
0 1.546831 0.648372 0.01 0.01
0 1.324713 0.565548 0.01 0.01
0 1.159066 0.618254 0.01 0.01
0 1.089419 0.486489 0.01 0.01
0 0.769419 0.533548 0.01 0.01
0 0.607537 0.556136 0.01 0.01
0 0.731772 0.446960 0.01 0.01
0 0.554831 0.462019 0.01 0.01
0 0.014596 0.565548 0.01 0.01
0 0.027772 0.448842 0.01 0.01
0 0.110596 0.495901 0.01 0.01
0 0.204713 0.420607 0.01 0.01
0 0.336478 0.401783 0.01 0.01
0 0.353419 0.433783 0.01 0.01
0 0.520948 0.399901 0.01 0.01
0 0.129419 0.296372 0.01 0.01
0 0.039066 0.260607 0.01 0.01
0 0.037184 0.202254 0.01 0.01
0 0.054125 0.326489 0.01 0.01
0 0.116243 0.207901 0.01 0.01
0 0.167066 0.198489 0.01 0.01
0 0.016478 0.142019 0.01 0.01
0 0.080243 0.141745 0.01 0.01
0 0.103301 0.116804 0.01 0.01
0 0.123537 0.151628 0.01 0.01
0 0.162596 0.131863 0.01 0.01
0 0.187066 0.208569 0.01 0.01
0 0.220478 0.176098 0.01 0.01
0 0.194596 0.140804 0.01 0.01
0 0.279772 0.137040 0.01 0.01
0 0.249654 0.120098 0.01 0.01
0 0.353184 0.139863 0.01 0.01
0 0.295772 0.117275 0.01 0.01
0 0.266125 0.110216 0.01 0.01
0 0.185654 0.108334 0.01 0.01
0 0.119772 0.115863 0.01 0.01
0 0.038360 0.134216 0.01 0.01
0 0.008243 0.105040 0.01 0.01
0 0.032713 0.035863 0.01 0.01
0 0.004478 0.024098 0.01 0.01
0 0.073654 0.027863 0.01 0.01
0 0.068478 0.010922 0.01 0.01
0 0.015301 0.004804 0.01 0.01
0 0.089654 0.019393 0.01 0.01
0 0.107537 0.020804 0.01 0.01
0 0.138125 0.021275 0.01 0.01
0 0.144243 0.006687 0.01 0.01
0 0.128243 0.007628 0.01 0.01
0 0.199772 0.014687 0.01 0.01
0 0.180007 0.017981 0.01 0.01
0 0.179537 0.006687 0.01 0.01
0 0.228478 0.011863 0.01 0.01
0 0.250125 0.010922 0.01 0.01
0 0.281654 0.011393 0.01 0.01
0 0.292007 0.022687 0.01 0.01
0 0.300478 0.043863 0.01 0.01
0 0.325419 0.059393 0.01 0.01
0 0.382360 0.137040 0.01 0.01
0 0.272243 0.206216 0.01 0.01
0 0.388007 0.092334 0.01 0.01
0 0.372007 0.105040 0.01 0.01
0 0.380007 0.005275 0.01 0.01
0 0.350831 0.009510 0.01 0.01
0 0.309419 0.012804 0.01 0.01
0 0.300948 0.002922 0.01 0.01
0 0.294831 0.008569 0.01 0.01
0 0.661654 0.362072 0.01 0.01
0 0.669184 0.296189 0.01 0.01
0 0.658831 0.271719 0.01 0.01
0 0.704007 0.271719 0.01 0.01
0 0.698360 0.204895 0.01 0.01
0 0.643772 0.210542 0.01 0.01
0 0.614596 0.217131 0.01 0.01
0 0.582596 0.196425 0.01 0.01
0 0.523301 0.168189 0.01 0.01
0 0.424478 0.313131 0.01 0.01
0 0.477184 0.313131 0.01 0.01
0 0.299301 0.276425 0.01 0.01
0 0.229654 0.265131 0.01 0.01
0 0.432948 0.203954 0.01 0.01
0 0.445184 0.145601 0.01 0.01
0 0.418831 0.111719 0.01 0.01
0 0.441419 0.102307 0.01 0.01
0 0.482831 0.108895 0.01 0.01
0 0.490360 0.140895 0.01 0.01
0 0.522360 0.130542 0.01 0.01
0 0.505419 0.120189 0.01 0.01
0 0.549654 0.080660 0.01 0.01
0 0.560948 0.118307 0.01 0.01
0 0.605184 0.107954 0.01 0.01
0 0.653184 0.128660 0.01 0.01
0 0.714360 0.145601 0.01 0.01
0 0.672007 0.147484 0.01 0.01
0 0.678596 0.117366 0.01 0.01
0 0.656007 0.105131 0.01 0.01
0 0.673890 0.098542 0.01 0.01
0 0.673890 0.065601 0.01 0.01
0 0.626831 0.061837 0.01 0.01
0 0.606125 0.039248 0.01 0.01
0 0.647537 0.032660 0.01 0.01
0 0.580713 0.014778 0.01 0.01
0 0.528948 0.005366 0.01 0.01
0 0.495066 0.011954 0.01 0.01
0 0.445184 0.005366 0.01 0.01
0 0.411301 0.006307 0.01 0.01
0 0.365184 0.248189 0.01 0.01
0 0.345419 0.253837 0.01 0.01
0 0.267301 0.364895 0.01 0.01
0 0.456478 0.251954 0.01 0.01
0 0.419772 0.265131 0.01 0.01
0 0.500713 0.239719 0.01 0.01
0 0.552478 0.271719 0.01 0.01
0 0.481890 0.346072 0.01 0.01
0 0.468713 0.206778 0.01 0.01
0 0.679537 0.009131 0.01 0.01
0 0.698360 0.054307 0.01 0.01
0 0.465890 0.137131 0.01 0.01
0 0.791537 0.035484 0.01 0.01
0 0.747301 0.060895 0.01 0.01
0 0.768948 0.064660 0.01 0.01
0 0.759537 0.088189 0.01 0.01
0 0.771772 0.123954 0.01 0.01
0 0.740713 0.112660 0.01 0.01
0 0.741654 0.139013 0.01 0.01
0 0.802831 0.174778 0.01 0.01
0 0.832007 0.170072 0.01 0.01
0 0.851772 0.137131 0.01 0.01
0 0.882831 0.078778 0.01 0.01
0 0.889419 0.054307 0.01 0.01
0 0.892243 0.035484 0.01 0.01
0 0.921419 0.049601 0.01 0.01
0 0.920478 0.019484 0.01 0.01
0 0.933654 0.079719 0.01 0.01
0 0.928007 0.110778 0.01 0.01
0 0.899772 0.151248 0.01 0.01
0 0.927066 0.161601 0.01 0.01
0 0.907301 0.230307 0.01 0.01
0 0.915772 0.331954 0.01 0.01
0 0.795301 0.231248 0.01 0.01
0 0.830125 0.213366 0.01 0.01
0 0.813184 0.279248 0.01 0.01
0 0.808478 0.337601 0.01 0.01
0 1.232007 0.419666 0.01 0.01
0 1.198125 0.332136 0.01 0.01
0 1.356243 0.305783 0.01 0.01
0 1.387301 0.451666 0.01 0.01
0 1.492713 0.373548 0.01 0.01
0 1.522831 0.365078 0.01 0.01
0 1.525654 0.488372 0.01 0.01
0 0.992007 0.404607 0.01 0.01
0 1.172713 0.199430 0.01 0.01
0 1.104007 0.166489 0.01 0.01
0 1.032478 0.213548 0.01 0.01
0 0.975066 0.281313 0.01 0.01
0 1.147301 0.281313 0.01 0.01
0 1.046596 0.392372 0.01 0.01
0 0.998596 0.214489 0.01 0.01
0 1.000478 0.165548 0.01 0.01
0 0.995772 0.139195 0.01 0.01
0 1.028713 0.162725 0.01 0.01
0 1.080478 0.132607 0.01 0.01
0 1.042831 0.128842 0.01 0.01
0 0.976948 0.115666 0.01 0.01
0 0.952478 0.126019 0.01 0.01
0 1.064478 0.099666 0.01 0.01
0 1.107772 0.119430 0.01 0.01
0 1.130360 0.109078 0.01 0.01
0 1.151066 0.135430 0.01 0.01
0 1.130360 0.155195 0.01 0.01
0 1.163301 0.155195 0.01 0.01
0 1.134125 0.221078 0.01 0.01
0 1.195301 0.139195 0.01 0.01
0 1.231066 0.148607 0.01 0.01
0 1.277184 0.157078 0.01 0.01
0 1.312948 0.183430 0.01 0.01
0 1.296948 0.209783 0.01 0.01
0 1.363772 0.251195 0.01 0.01
0 1.371301 0.225783 0.01 0.01
0 1.442831 0.281313 0.01 0.01
0 1.416478 0.311430 0.01 0.01
0 1.314831 0.268136 0.01 0.01
0 1.349654 0.152372 0.01 0.01
0 1.313890 0.142019 0.01 0.01
0 1.282831 0.119430 0.01 0.01
0 1.235772 0.112842 0.01 0.01
0 1.198125 0.110019 0.01 0.01
0 1.374125 0.106254 0.01 0.01
0 1.392007 0.135430 0.01 0.01
0 1.457890 0.225783 0.01 0.01
0 1.528478 0.167430 0.01 0.01
0 1.584007 0.271901 0.01 0.01
0 1.494596 0.178725 0.01 0.01
0 1.467301 0.139195 0.01 0.01
0 1.449419 0.100607 0.01 0.01
0 1.452243 0.126960 0.01 0.01
0 1.415537 0.218254 0.01 0.01
0 1.405184 0.166489 0.01 0.01
0 1.590596 0.155195 0.01 0.01
0 1.574596 0.137313 0.01 0.01
0 1.556713 0.104372 0.01 0.01
0 1.377890 0.174960 0.01 0.01
0 1.021184 0.034542 0.01 0.01
0 1.004243 0.074072 0.01 0.01
0 1.026831 0.089131 0.01 0.01
0 1.057890 0.077837 0.01 0.01
0 1.091772 0.077837 0.01 0.01
0 1.120948 0.073131 0.01 0.01
0 1.130360 0.047719 0.01 0.01
0 1.152007 0.071248 0.01 0.01
0 1.187772 0.042072 0.01 0.01
0 1.226360 0.078778 0.01 0.01
0 1.207537 0.045837 0.01 0.01
0 1.251772 0.031719 0.01 0.01
0 1.282831 0.060895 0.01 0.01
0 1.335537 0.045837 0.01 0.01
0 1.355301 0.071248 0.01 0.01
0 1.374125 0.066542 0.01 0.01
0 1.379772 0.041131 0.01 0.01
0 1.455066 0.055248 0.01 0.01
0 1.439066 0.049601 0.01 0.01
0 1.519066 0.055248 0.01 0.01
0 1.562360 0.071248 0.01 0.01
0 1.579301 0.021366 0.01 0.01
0 1.591537 0.028895 0.01 0.01
0 1.500243 0.010072 0.01 0.01
0 1.515301 0.021366 0.01 0.01
0 1.438125 0.014778 0.01 0.01
0 1.451301 0.008189 0.01 0.01
0 1.364713 0.016660 0.01 0.01
0 1.296007 0.038307 0.01 0.01
0 1.314831 0.027954 0.01 0.01
0 1.293184 0.014778 0.01 0.01
0 1.221654 0.011954 0.01 0.01
0 0.890360 0.104189 0.01 0.01
0 0.816948 0.032660 0.01 0.01
0 0.806596 0.087248 0.01 0.01
0 0.791537 0.138072 0.01 0.01
0 0.443301 0.362072 0.01 0.01
0 1.309654 0.452607 0.01 0.01
0 0.784478 0.637078 0.01 0.01
0 0.577890 0.414778 0.01 0.01
0 0.723772 0.388425 0.01 0.01
0 1.592007 0.454489 0.01 0.01
0 1.575066 0.367901 0.01 0.01
0 1.593890 0.198489 0.01 0.01
0 1.588713 0.101366 0.01 0.01
0 1.536007 0.045837 0.01 0.01
0 1.247066 0.014778 0.01 0.01
0 1.177419 0.111719 0.01 0.01
0 1.239537 0.165366 0.01 0.01
0 0.109184 0.414960 0.01 0.01
0 0.138360 0.163484 0.01 0.01
0 0.878125 0.465783 0.01 0.01
0 1.053184 0.307666 0.01 0.01
0 1.269654 0.043195 0.01 0.01
0 1.461654 0.046019 0.01 0.01
0 0.582360 0.459195 0.01 0.01
0 0.586125 0.296660 0.01 0.01
0 0.475537 0.419484 0.01 0.01
