0 0.735453 0.757725 0.01 0.01
0 1.163800 0.800920 0.01 0.01
0 1.527354 0.836916 0.01 0.01
0 1.529154 0.692934 0.01 0.01
0 1.446364 0.635341 0.01 0.01
0 1.293383 0.622742 0.01 0.01
0 1.284385 0.518355 0.01 0.01
0 1.327579 0.430166 0.01 0.01
0 1.469761 0.439165 0.01 0.01
0 1.579548 0.554351 0.01 0.01
0 1.579548 0.374373 0.01 0.01
0 1.541752 0.367174 0.01 0.01
0 1.489559 0.323980 0.01 0.01
0 1.507557 0.259188 0.01 0.01
0 1.548952 0.205194 0.01 0.01
0 1.565149 0.147602 0.01 0.01
0 1.575948 0.118805 0.01 0.01
0 1.574148 0.088209 0.01 0.01
0 1.588547 0.010819 0.01 0.01
0 1.548952 0.023417 0.01 0.01
0 1.536353 0.048614 0.01 0.01
0 1.548952 0.095408 0.01 0.01
0 1.518355 0.149401 0.01 0.01
0 1.485959 0.214193 0.01 0.01
0 1.343777 0.268187 0.01 0.01
0 1.383372 0.314981 0.01 0.01
0 1.307782 0.361775 0.01 0.01
0 1.188997 0.392371 0.01 0.01
0 1.296983 0.145802 0.01 0.01
0 1.329379 0.151201 0.01 0.01
0 1.403170 0.140403 0.01 0.01
0 1.426567 0.117006 0.01 0.01
0 1.408569 0.095408 0.01 0.01
0 0.699458 0.595746 0.01 0.01
0 0.667062 0.547152 0.01 0.01
0 0.537478 0.543552 0.01 0.01
0 0.393496 0.547152 0.01 0.01
0 0.371899 0.509356 0.01 0.01
0 0.344902 0.469761 0.01 0.01
0 0.305307 0.496758 0.01 0.01
0 0.247714 0.433766 0.01 0.01
0 0.155926 0.469761 0.01 0.01
0 0.373698 0.412169 0.01 0.01
0 0.364700 0.345577 0.01 0.01
0 0.458288 0.404970 0.01 0.01
0 0.501482 0.255588 0.01 0.01
0 0.589671 0.147602 0.01 0.01
0 0.578873 0.135003 0.01 0.01
0 0.622067 0.144002 0.01 0.01
0 0.647264 0.153001 0.01 0.01
0 0.679660 0.162000 0.01 0.01
0 0.697658 0.169199 0.01 0.01
0 0.722855 0.169199 0.01 0.01
0 0.753451 0.144002 0.01 0.01
0 0.782247 0.187197 0.01 0.01
0 0.875836 0.118805 0.01 0.01
0 0.967624 0.208794 0.01 0.01
0 0.911831 0.212394 0.01 0.01
0 0.850639 0.412169 0.01 0.01
0 0.785847 0.394171 0.01 0.01
0 0.722855 0.356376 0.01 0.01
0 0.724655 0.419368 0.01 0.01
0 0.677860 0.390571 0.01 0.01
0 0.600470 0.433766 0.01 0.01
0 0.616668 0.381572 0.01 0.01
0 0.636466 0.316781 0.01 0.01
0 0.683260 0.248389 0.01 0.01
0 0.751651 0.226792 0.01 0.01
0 0.845239 0.266387 0.01 0.01
0 0.850639 0.197995 0.01 0.01
0 0.445689 0.163800 0.01 0.01
0 0.438490 0.190796 0.01 0.01
0 0.427692 0.172799 0.01 0.01
0 0.420493 0.163800 0.01 0.01
0 0.373698 0.163800 0.01 0.01
0 0.373698 0.183597 0.01 0.01
0 0.406094 0.197995 0.01 0.01
0 0.341302 0.242990 0.01 0.01
0 0.310706 0.221392 0.01 0.01
0 0.290909 0.248389 0.01 0.01
0 0.116331 0.174598 0.01 0.01
0 0.071336 0.318580 0.01 0.01
0 0.127129 0.350976 0.01 0.01
0 0.148727 0.341977 0.01 0.01
0 0.328704 0.336578 0.01 0.01
0 0.305307 0.325779 0.01 0.01
0 0.244115 0.399570 0.01 0.01
0 0.915431 0.417568 0.01 0.01
0 1.072011 0.408569 0.01 0.01
0 1.109806 0.356376 0.01 0.01
0 1.039615 0.334778 0.01 0.01
0 1.014418 0.307782 0.01 0.01
0 1.023417 0.248389 0.01 0.01
0 1.055813 0.197995 0.01 0.01
0 1.113406 0.188997 0.01 0.01
0 1.140403 0.174598 0.01 0.01
0 1.197995 0.187197 0.01 0.01
0 1.203395 0.167399 0.01 0.01
0 1.163800 0.149401 0.01 0.01
0 1.021617 0.093608 0.01 0.01
0 0.992821 0.118805 0.01 0.01
0 0.996421 0.153001 0.01 0.01
0 0.985622 0.163800 0.01 0.01
0 1.045015 0.153001 0.01 0.01
0 1.160200 0.235791 0.01 0.01
0 1.257388 0.138603 0.01 0.01
0 1.226792 0.127804 0.01 0.01
0 1.390571 0.176398 0.01 0.01
0 1.455363 0.109806 0.01 0.01
0 1.406769 0.188997 0.01 0.01
0 1.464362 0.293383 0.01 0.01
0 0.956826 0.291584 0.01 0.01
0 0.926229 0.291584 0.01 0.01
0 0.875836 0.271786 0.01 0.01
0 0.856038 0.291584 0.01 0.01
0 0.008344 0.359975 0.01 0.01
0 0.323305 0.392371 0.01 0.01
0 0.490684 0.217793 0.01 0.01
0 1.536353 0.120605 0.01 0.01
0 1.331179 0.129604 0.01 0.01
0 1.126004 0.313181 0.01 0.01
0 0.902832 0.350976 0.01 0.01
0 0.649064 0.181797 0.01 0.01
0 0.631066 0.196196 0.01 0.01
0 1.360285 0.062333 0.01 0.01
0 1.263582 0.091104 0.01 0.01
0 1.279166 0.096699 0.01 0.01
0 1.298347 0.084711 0.01 0.01
0 1.259586 0.119076 0.01 0.01
0 1.307937 0.124671 0.01 0.01
0 1.302343 0.113881 0.01 0.01
0 1.322723 0.104691 0.01 0.01
0 1.345899 0.097897 0.01 0.01
0 1.409836 0.083911 0.01 0.01
0 1.403842 0.062333 0.01 0.01
0 1.506938 0.078317 0.01 0.01
0 1.512533 0.063931 0.01 0.01
0 1.558886 0.074721 0.01 0.01
0 1.583262 0.055540 0.01 0.01
0 1.577668 0.028367 0.01 0.01
0 1.594850 0.039955 0.01 0.01
0 1.504141 0.108687 0.01 0.01
0 1.437808 0.190605 0.01 0.01
0 1.516928 0.200595 0.01 0.01
0 1.234411 0.222573 0.01 0.01
0 1.354291 0.121873 0.01 0.01
0 0.082363 0.170375 0.01 0.01
0 0.048397 0.155190 0.01 0.01
0 0.036809 0.157188 0.01 0.01
0 0.022423 0.155190 0.01 0.01
0 0.346898 0.161584 0.01 0.01
0 0.340904 0.178767 0.01 0.01
0 0.354890 0.321824 0.01 0.01
0 1.591654 0.095500 0.01 0.01
0 0.821224 0.092103 0.01 0.01
0 0.832213 0.070125 0.01 0.01
0 0.837008 0.065929 0.01 0.01
0 0.802443 0.030964 0.01 0.01
0 0.708737 0.143452 0.01 0.01
0 0.713931 0.132663 0.01 0.01
0 0.752293 0.121074 0.01 0.01
0 0.666379 0.193802 0.01 0.01
0 0.739905 0.143452 0.01 0.01
0 0.811034 0.156239 0.01 0.01
0 0.894151 0.139855 0.01 0.01
0 0.917328 0.200595 0.01 0.01
0 0.886159 0.216179 0.01 0.01
0 0.880565 0.195400 0.01 0.01
0 0.713532 0.163032 0.01 0.01
0 0.532912 0.192353 0.01 0.01
0 0.518127 0.130015 0.01 0.01
0 0.522523 0.106039 0.01 0.01
0 0.616829 0.199146 0.01 0.01
0 0.537308 0.258687 0.01 0.01
0 0.552892 0.206739 0.01 0.01
0 0.716729 0.323422 0.01 0.01
0 1.167877 0.370075 0.01 0.01
0 1.185460 0.279766 0.01 0.01
0 1.121524 0.278966 0.01 0.01
0 0.317927 0.283062 0.01 0.01
0 0.472486 0.774158 0.01 0.01
0 0.109944 0.377168 0.01 0.01
0 0.008606 0.200747 0.01 0.01
0 0.049743 0.204426 0.01 0.01
0 0.113957 0.220814 0.01 0.01
0 0.171483 0.167636 0.01 0.01
0 0.121650 0.168138 0.01 0.01
0 0.766800 0.972151 0.01 0.01
0 0.268473 0.469141 0.01 0.01
0 0.340044 0.364125 0.01 0.01
0 0.111282 0.166299 0.01 0.01
0 0.233355 0.258105 0.01 0.01
0 0.356767 0.453757 0.01 0.01
0 0.368807 0.285529 0.01 0.01
0 0.272151 0.294894 0.01 0.01
0 0.259108 0.248406 0.01 0.01
0 0.195563 0.358439 0.01 0.01
0 0.241048 0.338372 0.01 0.01
0 0.039041 0.305931 0.01 0.01
0 0.574493 0.177837 0.01 0.01
0 0.636365 0.179844 0.01 0.01
0 0.551081 0.193556 0.01 0.01
0 0.517971 0.186533 0.01 0.01
0 0.523991 0.237369 0.01 0.01
0 0.528339 0.223991 0.01 0.01
0 0.853757 0.324325 0.01 0.01
0 0.925329 0.381182 0.01 0.01
0 0.913289 0.138038 0.01 0.01
0 0.635362 0.256767 0.01 0.01
0 1.003924 0.144392 0.01 0.01
0 1.005262 0.129677 0.01 0.01
0 1.006934 0.109275 0.01 0.01
0 1.051416 0.113957 0.01 0.01
0 1.043723 0.135028 0.01 0.01
0 1.088539 0.160780 0.01 0.01
0 1.095228 0.127001 0.01 0.01
0 1.115964 0.116633 0.01 0.01
0 1.111616 0.144392 0.01 0.01
0 0.817971 0.254426 0.01 0.01
0 1.004927 0.389877 0.01 0.01
0 1.180847 0.460111 0.01 0.01
0 0.360780 0.357101 0.01 0.01
0 1.160780 0.417971 0.01 0.01
0 1.237703 0.350747 0.01 0.01
0 1.217971 0.288205 0.01 0.01
0 1.213289 0.231349 0.01 0.01
0 1.270814 0.244392 0.01 0.01
0 1.253088 0.238372 0.01 0.01
0 1.307603 0.195228 0.01 0.01
0 1.318640 0.218974 0.01 0.01
0 1.353757 0.230345 0.01 0.01
0 1.129008 0.248406 0.01 0.01
0 1.062452 0.312620 0.01 0.01
0 1.033690 0.052085 0.01 0.01
0 1.039376 0.041048 0.01 0.01
0 1.047068 0.049409 0.01 0.01
0 1.132687 0.094894 0.01 0.01
0 1.156432 0.106265 0.01 0.01
0 0.672820 0.233355 0.01 0.01
0 1.179844 0.176165 0.01 0.01
0 1.202921 0.143723 0.01 0.01
0 1.061449 0.092887 0.01 0.01
0 1.389877 0.126667 0.01 0.01
0 1.384192 0.252085 0.01 0.01
0 1.415630 0.217971 0.01 0.01
0 1.515295 0.327670 0.01 0.01
0 1.570145 0.256767 0.01 0.01
0 1.375496 0.068640 0.01 0.01
0 1.392553 0.056934 0.01 0.01
0 1.425663 0.062954 0.01 0.01
0 1.480847 0.031850 0.01 0.01
0 1.488874 0.044225 0.01 0.01
0 1.518640 0.026499 0.01 0.01
0 1.515295 0.044225 0.01 0.01
0 1.502921 0.046566 0.01 0.01
0 1.481850 0.106098 0.01 0.01
0 1.523656 0.096064 0.01 0.01
