0 0.808573 0.833573 0.01 0.01
0 0.718963 0.915392 0.01 0.01
0 0.471560 0.903703 0.01 0.01
0 0.405327 0.979677 0.01 0.01
0 0.265067 0.837470 0.01 0.01
0 0.056625 0.856950 0.01 0.01
0 0.017664 0.915392 0.01 0.01
0 0.089742 0.767340 0.01 0.01
0 0.019612 0.710846 0.01 0.01
0 0.035197 0.662145 0.01 0.01
0 0.080002 0.669937 0.01 0.01
0 0.021560 0.580327 0.01 0.01
0 0.068314 0.574483 0.01 0.01
0 0.103379 0.556950 0.01 0.01
0 0.142340 0.574483 0.01 0.01
0 0.169612 0.634872 0.01 0.01
0 0.268963 0.671885 0.01 0.01
0 0.183249 0.720586 0.01 0.01
0 0.224158 0.652405 0.01 0.01
0 0.257275 0.584223 0.01 0.01
0 0.329353 0.621236 0.01 0.01
0 0.288444 0.603703 0.01 0.01
0 0.339093 0.572534 0.01 0.01
0 0.313768 0.572534 0.01 0.01
0 0.263119 0.539418 0.01 0.01
0 0.206625 0.547210 0.01 0.01
0 0.360522 0.549158 0.01 0.01
0 0.319612 0.539418 0.01 0.01
0 0.313768 0.519937 0.01 0.01
0 0.282599 0.498509 0.01 0.01
0 0.294288 0.545262 0.01 0.01
0 0.397534 0.562794 0.01 0.01
0 0.426755 0.597859 0.01 0.01
0 0.383898 0.617340 0.01 0.01
0 0.417015 0.652405 0.01 0.01
0 0.485197 0.695262 0.01 0.01
0 0.376106 0.767340 0.01 0.01
0 0.455976 0.788768 0.01 0.01
0 0.528054 0.835522 0.01 0.01
0 0.629353 0.802405 0.01 0.01
0 0.557275 0.747859 0.01 0.01
0 0.625457 0.671885 0.01 0.01
0 0.567015 0.656301 0.01 0.01
0 0.535846 0.644612 0.01 0.01
0 0.477405 0.621236 0.01 0.01
0 0.492989 0.553054 0.01 0.01
0 0.430651 0.553054 0.01 0.01
0 0.409223 0.539418 0.01 0.01
0 0.381950 0.517989 0.01 0.01
0 0.407275 0.514093 0.01 0.01
0 0.444288 0.523833 0.01 0.01
0 0.469612 0.527729 0.01 0.01
0 0.491041 0.517989 0.01 0.01
0 0.551431 0.570586 0.01 0.01
0 0.518314 0.597859 0.01 0.01
0 0.639093 0.597859 0.01 0.01
0 0.617664 0.570586 0.01 0.01
0 0.724807 0.777080 0.01 0.01
0 0.715067 0.706950 0.01 0.01
0 0.680002 0.652405 0.01 0.01
0 0.718963 0.627080 0.01 0.01
0 0.654677 0.625132 0.01 0.01
0 0.672210 0.603703 0.01 0.01
0 0.697534 0.584223 0.01 0.01
0 0.744288 0.580327 0.01 0.01
0 0.802729 0.590067 0.01 0.01
0 0.787145 0.662145 0.01 0.01
0 0.748184 0.669937 0.01 0.01
0 1.046236 0.806301 0.01 0.01
0 1.022859 0.679677 0.01 0.01
0 0.941041 0.679677 0.01 0.01
0 0.904028 0.685522 0.01 0.01
0 0.853379 0.634872 0.01 0.01
0 0.837794 0.601755 0.01 0.01
0 0.814418 0.625132 0.01 0.01
0 0.909872 0.638768 0.01 0.01
0 1.124158 0.816041 0.01 0.01
0 1.188444 0.775132 0.01 0.01
0 1.289742 0.870586 0.01 0.01
0 1.381301 0.831625 0.01 0.01
0 1.470911 0.849158 0.01 0.01
0 1.389093 0.716690 0.01 0.01
0 1.597534 0.788768 0.01 0.01
0 1.580002 0.743963 0.01 0.01
0 1.552729 0.734223 0.01 0.01
0 1.546885 0.666041 0.01 0.01
0 1.459223 0.675781 0.01 0.01
0 1.445586 0.708898 0.01 0.01
0 1.311171 0.722534 0.01 0.01
0 1.196236 0.720586 0.01 0.01
0 1.229353 0.802405 0.01 0.01
0 1.108573 0.710846 0.01 0.01
0 1.149483 0.703054 0.01 0.01
0 1.128054 0.662145 0.01 0.01
0 1.114418 0.629028 0.01 0.01
0 1.067664 0.652405 0.01 0.01
0 1.028703 0.630976 0.01 0.01
0 0.983898 0.654353 0.01 0.01
0 0.983898 0.625132 0.01 0.01
0 0.946885 0.625132 0.01 0.01
0 0.956625 0.597859 0.01 0.01
0 0.933249 0.584223 0.01 0.01
0 0.876755 0.593963 0.01 0.01
0 0.898184 0.562794 0.01 0.01
0 1.038444 0.607599 0.01 0.01
0 1.040392 0.580327 0.01 0.01
0 1.098833 0.590067 0.01 0.01
0 1.276106 0.662145 0.01 0.01
0 1.223509 0.648509 0.01 0.01
0 1.250781 0.590067 0.01 0.01
0 1.211820 0.607599 0.01 0.01
0 0.519288 0.533086 0.01 0.01
0 0.787145 0.581788 0.01 0.01
0 0.820262 0.559385 0.01 0.01
0 0.827080 0.541853 0.01 0.01
0 0.804677 0.523346 0.01 0.01
0 0.819288 0.522372 0.01 0.01
0 0.735522 0.556707 0.01 0.01
0 0.712145 0.539661 0.01 0.01
0 0.709710 0.520181 0.01 0.01
0 0.717989 0.512875 0.01 0.01
0 0.727242 0.523590 0.01 0.01
0 0.738444 0.518233 0.01 0.01
0 0.742827 0.528460 0.01 0.01
0 0.752080 0.525051 0.01 0.01
0 0.751593 0.512388 0.01 0.01
0 0.766690 0.518233 0.01 0.01
0 0.788119 0.519207 0.01 0.01
0 0.767177 0.535278 0.01 0.01
0 0.755489 0.552323 0.01 0.01
0 0.934223 0.536252 0.01 0.01
0 0.944937 0.529434 0.01 0.01
0 0.923509 0.532843 0.01 0.01
0 0.912307 0.528460 0.01 0.01
0 0.878216 0.527486 0.01 0.01
0 0.855327 0.527486 0.01 0.01
0 0.832437 0.531869 0.01 0.01
0 0.904028 0.610278 0.01 0.01
0 0.965392 0.555733 0.01 0.01
0 0.960522 0.539661 0.01 0.01
0 0.851918 0.543070 0.01 0.01
0 0.891366 0.534791 0.01 0.01
0 0.902080 0.545505 0.01 0.01
0 0.976106 0.533817 0.01 0.01
0 1.015554 0.570830 0.01 0.01
0 1.042827 0.563038 0.01 0.01
0 1.036983 0.545018 0.01 0.01
0 1.010684 0.533817 0.01 0.01
0 0.963931 0.524564 0.01 0.01
0 1.057924 0.532356 0.01 0.01
0 1.088606 0.560116 0.01 0.01
0 1.004353 0.611739 0.01 0.01
0 0.980976 0.583979 0.01 0.01
0 1.127242 0.589336 0.01 0.01
0 1.089255 0.623427 0.01 0.01
0 1.161333 0.611252 0.01 0.01
0 1.176918 0.601512 0.01 0.01
0 1.190067 0.631707 0.01 0.01
0 1.209547 0.585440 0.01 0.01
0 1.202729 0.570830 0.01 0.01
0 1.211983 0.558655 0.01 0.01
0 1.234385 0.564012 0.01 0.01
0 1.224158 0.577648 0.01 0.01
0 1.277729 0.580083 0.01 0.01
0 1.287957 0.617096 0.01 0.01
0 1.304515 0.603947 0.01 0.01
0 1.311820 0.572291 0.01 0.01
0 1.296723 0.569856 0.01 0.01
0 1.265554 0.555246 0.01 0.01
0 1.256301 0.557194 0.01 0.01
0 1.245099 0.550375 0.01 0.01
0 1.231463 0.550375 0.01 0.01
0 1.179353 0.547940 0.01 0.01
0 1.147697 0.567421 0.01 0.01
0 1.162794 0.573265 0.01 0.01
0 1.164255 0.591284 0.01 0.01
0 1.145749 0.594694 0.01 0.01
0 1.122372 0.565960 0.01 0.01
0 1.136983 0.555733 0.01 0.01
0 1.109223 0.553784 0.01 0.01
0 1.091690 0.545018 0.01 0.01
0 1.113119 0.543557 0.01 0.01
0 1.126268 0.545505 0.01 0.01
0 1.132599 0.541122 0.01 0.01
0 1.156463 0.545018 0.01 0.01
0 1.201755 0.551836 0.01 0.01
0 1.287470 0.562551 0.01 0.01
0 1.329353 0.568395 0.01 0.01
0 1.327405 0.558655 0.01 0.01
0 1.335197 0.554759 0.01 0.01
0 1.339580 0.600051 0.01 0.01
0 1.374645 0.597129 0.01 0.01
0 1.358573 0.588849 0.01 0.01
0 1.354190 0.567421 0.01 0.01
0 1.240716 0.618557 0.01 0.01
0 1.367340 0.575213 0.01 0.01
0 1.298184 0.547940 0.01 0.01
0 1.308898 0.547940 0.01 0.01
0 1.327892 0.546479 0.01 0.01
0 1.422859 0.571804 0.01 0.01
0 1.422859 0.588849 0.01 0.01
0 1.396073 0.609304 0.01 0.01
0 1.399970 0.654109 0.01 0.01
0 1.448184 0.588849 0.01 0.01
0 1.460359 0.576187 0.01 0.01
0 1.461333 0.562551 0.01 0.01
0 1.472047 0.552323 0.01 0.01
0 1.438444 0.570343 0.01 0.01
0 1.397047 0.577648 0.01 0.01
0 1.384385 0.566934 0.01 0.01
0 1.409223 0.603460 0.01 0.01
0 1.503054 0.644369 0.01 0.01
0 1.509872 0.624401 0.01 0.01
0 1.547372 0.620505 0.01 0.01
0 1.533736 0.606869 0.01 0.01
0 1.565392 0.580570 0.01 0.01
0 1.518638 0.588849 0.01 0.01
0 1.494775 0.569369 0.01 0.01
0 1.479677 0.582031 0.01 0.01
0 1.388606 0.553784 0.01 0.01
0 1.409547 0.569369 0.01 0.01
0 1.400781 0.560603 0.01 0.01
0 1.271723 0.553784 0.01 0.01
0 1.487470 0.560603 0.01 0.01
0 1.511333 0.569369 0.01 0.01
0 1.519125 0.560603 0.01 0.01
0 1.543476 0.581057 0.01 0.01
0 1.529840 0.586414 0.01 0.01
0 1.523509 0.576187 0.01 0.01
0 1.550781 0.563525 0.01 0.01
0 1.539093 0.563038 0.01 0.01
0 1.404677 0.552323 0.01 0.01
0 1.365716 0.682843 0.01 0.01
0 1.014742 0.732275 0.01 0.01
0 1.500881 0.552829 0.01 0.01
0 1.454528 0.770212 0.01 0.01
