0 0.985310 0.739531 0.01 0.01
0 0.776868 0.517453 0.01 0.01
0 0.726219 0.542778 0.01 0.01
0 0.732063 0.497972 0.01 0.01
0 0.611284 0.585635 0.01 0.01
0 0.580115 0.531089 0.01 0.01
0 0.558687 0.620700 0.01 0.01
0 0.404791 0.579791 0.01 0.01
0 0.367778 0.570050 0.01 0.01
0 0.416479 0.533037 0.01 0.01
0 1.460635 0.928492 0.01 0.01
0 1.386609 0.688881 0.01 0.01
0 1.561933 0.583687 0.01 0.01
0 1.587258 0.472648 0.01 0.01
0 1.595050 0.312907 0.01 0.01
0 1.595050 0.271998 0.01 0.01
0 1.563881 0.277843 0.01 0.01
0 1.583362 0.258362 0.01 0.01
0 1.466479 0.353817 0.01 0.01
0 1.437258 0.336284 0.01 0.01
0 1.396349 0.346024 0.01 0.01
0 1.376868 0.340180 0.01 0.01
0 1.413881 0.312907 0.01 0.01
0 1.382713 0.305115 0.01 0.01
0 1.353492 0.305115 0.01 0.01
0 1.378817 0.283687 0.01 0.01
0 1.345700 0.287583 0.01 0.01
0 1.215180 0.462907 0.01 0.01
0 1.232713 0.455115 0.01 0.01
0 1.197648 0.435635 0.01 0.01
0 1.037907 0.464855 0.01 0.01
0 0.975570 0.392778 0.01 0.01
0 0.959985 0.373297 0.01 0.01
0 0.948297 0.410310 0.01 0.01
0 0.909336 0.359661 0.01 0.01
0 0.825570 0.386933 0.01 0.01
0 0.753492 0.464855 0.01 0.01
0 0.704791 0.406414 0.01 0.01
0 0.117778 0.381576 0.01 0.01
0 0.155765 0.365992 0.01 0.01
0 0.179141 0.391317 0.01 0.01
0 0.212258 0.372810 0.01 0.01
0 0.215180 0.376706 0.01 0.01
0 0.263881 0.359174 0.01 0.01
0 0.285310 0.374758 0.01 0.01
0 0.293102 0.374758 0.01 0.01
0 0.326219 0.357226 0.01 0.01
0 0.168427 0.342615 0.01 0.01
0 0.184011 0.338719 0.01 0.01
0 0.174271 0.333849 0.01 0.01
0 0.139206 0.311446 0.01 0.01
0 0.158687 0.293914 0.01 0.01
0 0.244401 0.289044 0.01 0.01
0 0.234661 0.304628 0.01 0.01
0 0.259011 0.304628 0.01 0.01
0 0.156739 0.272485 0.01 0.01
0 0.167453 0.279304 0.01 0.01
0 0.274596 0.299758 0.01 0.01
0 0.244401 0.333849 0.01 0.01
0 0.378817 0.316317 0.01 0.01
0 0.365180 0.313394 0.01 0.01
0 0.358362 0.309498 0.01 0.01
0 0.342778 0.309498 0.01 0.01
0 0.340830 0.313394 0.01 0.01
0 0.348622 0.322161 0.01 0.01
0 0.356414 0.321187 0.01 0.01
0 0.463557 0.311446 0.01 0.01
0 0.472323 0.300732 0.01 0.01
0 0.506414 0.294888 0.01 0.01
0 0.431414 0.286122 0.01 0.01
0 0.419726 0.284174 0.01 0.01
0 0.415830 0.282226 0.01 0.01
0 0.410959 0.267615 0.01 0.01
0 0.447972 0.279304 0.01 0.01
0 0.456739 0.277355 0.01 0.01
0 0.463557 0.274433 0.01 0.01
0 0.410635 0.416641 0.01 0.01
0 0.398946 0.407875 0.01 0.01
0 0.391154 0.421511 0.01 0.01
0 0.445700 0.403005 0.01 0.01
0 0.517778 0.394239 0.01 0.01
0 0.506089 0.389368 0.01 0.01
0 0.568427 0.382550 0.01 0.01
0 0.608362 0.375732 0.01 0.01
0 0.631739 0.380602 0.01 0.01
0 0.650245 0.361122 0.01 0.01
0 0.675570 0.389368 0.01 0.01
0 0.547972 0.385229 0.01 0.01
0 0.774433 0.332144 0.01 0.01
0 0.728654 0.322404 0.01 0.01
0 0.740343 0.324839 0.01 0.01
0 0.716966 0.281982 0.01 0.01
0 0.711609 0.276625 0.01 0.01
0 0.700407 0.267372 0.01 0.01
0 0.705278 0.262989 0.01 0.01
0 0.712583 0.260554 0.01 0.01
0 0.710148 0.241560 0.01 0.01
0 0.704304 0.239125 0.01 0.01
0 0.727680 0.234255 0.01 0.01
0 0.726706 0.245456 0.01 0.01
0 0.744239 0.257144 0.01 0.01
0 0.732063 0.262989 0.01 0.01
0 0.736446 0.238638 0.01 0.01
0 0.742778 0.238151 0.01 0.01
0 0.752518 0.240099 0.01 0.01
0 0.758849 0.234742 0.01 0.01
0 0.771024 0.230846 0.01 0.01
0 0.776868 0.240099 0.01 0.01
0 0.775407 0.255196 0.01 0.01
0 0.768589 0.265911 0.01 0.01
0 0.786609 0.265424 0.01 0.01
0 0.799758 0.260554 0.01 0.01
0 0.809011 0.260554 0.01 0.01
0 0.803167 0.252761 0.01 0.01
0 0.870862 0.261528 0.01 0.01
0 0.854304 0.252274 0.01 0.01
0 0.852355 0.263963 0.01 0.01
0 0.852843 0.256170 0.01 0.01
0 0.875245 0.254709 0.01 0.01
0 0.886446 0.242534 0.01 0.01
0 0.902031 0.249352 0.01 0.01
0 0.894726 0.255196 0.01 0.01
0 0.943914 0.251300 0.01 0.01
0 0.945375 0.238151 0.01 0.01
0 0.955115 0.237664 0.01 0.01
0 0.958037 0.255196 0.01 0.01
0 0.975083 0.249352 0.01 0.01
0 0.972161 0.242047 0.01 0.01
0 0.963394 0.246917 0.01 0.01
0 0.849920 0.276381 0.01 0.01
0 0.803167 0.344563 0.01 0.01
0 0.820700 0.341641 0.01 0.01
0 0.853817 0.334823 0.01 0.01
0 0.870375 0.330927 0.01 0.01
0 0.917128 0.337745 0.01 0.01
0 0.969726 0.324109 0.01 0.01
0 0.959985 0.319239 0.01 0.01
0 0.938557 0.328979 0.01 0.01
0 0.998946 0.315343 0.01 0.01
0 0.989206 0.237664 0.01 0.01
0 0.986284 0.232794 0.01 0.01
0 0.989206 0.252274 0.01 0.01
0 0.995537 0.243021 0.01 0.01
0 1.002843 0.242047 0.01 0.01
0 1.005765 0.231820 0.01 0.01
0 1.001868 0.226463 0.01 0.01
0 1.022323 0.225002 0.01 0.01
0 1.112907 0.224028 0.01 0.01
0 1.262420 0.205034 0.01 0.01
0 1.259985 0.211852 0.01 0.01
0 1.240018 0.213313 0.01 0.01
0 1.245375 0.206495 0.01 0.01
0 1.239531 0.201625 0.01 0.01
0 1.217128 0.196755 0.01 0.01
0 1.222485 0.206982 0.01 0.01
0 1.216154 0.210878 0.01 0.01
0 1.213232 0.203573 0.01 0.01
0 1.216641 0.203573 0.01 0.01
0 1.206901 0.205034 0.01 0.01
0 1.206901 0.216722 0.01 0.01
0 1.192291 0.206495 0.01 0.01
0 1.168914 0.215261 0.01 0.01
0 1.158200 0.216722 0.01 0.01
0 1.153330 0.208443 0.01 0.01
0 1.152843 0.224028 0.01 0.01
0 1.128979 0.224028 0.01 0.01
0 1.135797 0.227437 0.01 0.01
0 1.101706 0.230846 0.01 0.01
0 1.105602 0.228411 0.01 0.01
0 1.094888 0.227437 0.01 0.01
0 1.086609 0.233281 0.01 0.01
0 1.069076 0.230846 0.01 0.01
0 1.059823 0.228898 0.01 0.01
0 1.064206 0.218670 0.01 0.01
0 1.057875 0.208443 0.01 0.01
0 1.037907 0.235716 0.01 0.01
0 1.259498 0.166073 0.01 0.01
0 1.252680 0.166073 0.01 0.01
0 1.244888 0.166073 0.01 0.01
0 1.220537 0.169482 0.01 0.01
0 1.274109 0.207469 0.01 0.01
0 1.280440 0.207469 0.01 0.01
0 1.286771 0.207469 0.01 0.01
0 1.290180 0.199190 0.01 0.01
0 1.307226 0.190911 0.01 0.01
0 1.309661 0.202599 0.01 0.01
0 1.296024 0.207469 0.01 0.01
0 1.295050 0.195781 0.01 0.01
0 1.282875 0.223054 0.01 0.01
0 1.320862 0.220618 0.01 0.01
0 1.334011 0.226463 0.01 0.01
0 1.343752 0.219644 0.01 0.01
0 1.344239 0.230846 0.01 0.01
0 1.363232 0.212826 0.01 0.01
0 1.391966 0.208443 0.01 0.01
0 1.394401 0.216235 0.01 0.01
0 1.403654 0.240099 0.01 0.01
0 1.416317 0.239125 0.01 0.01
0 1.367615 0.275164 0.01 0.01
0 1.444076 0.234255 0.01 0.01
0 1.450894 0.221105 0.01 0.01
0 1.444076 0.209417 0.01 0.01
0 1.439693 0.203086 0.01 0.01
0 1.426544 0.182144 0.01 0.01
0 1.441154 0.172891 0.01 0.01
0 1.448946 0.182144 0.01 0.01
0 1.442128 0.155846 0.01 0.01
0 1.501057 0.141235 0.01 0.01
0 1.508362 0.146593 0.01 0.01
0 1.464044 0.208443 0.01 0.01
0 1.464531 0.200651 0.01 0.01
0 1.475245 0.218670 0.01 0.01
0 1.474271 0.210391 0.01 0.01
0 1.522485 0.206008 0.01 0.01
0 1.541966 0.199677 0.01 0.01
0 1.537583 0.192372 0.01 0.01
0 1.527843 0.192372 0.01 0.01
0 1.587745 0.209417 0.01 0.01
0 1.582875 0.214287 0.01 0.01
0 1.487907 0.328248 0.01 0.01
0 1.428979 0.208443 0.01 0.01
0 1.512745 0.197242 0.01 0.01
0 1.445537 0.148054 0.01 0.01
0 1.440667 0.164125 0.01 0.01
0 1.483524 0.153411 0.01 0.01
0 1.490830 0.153411 0.01 0.01
0 1.503492 0.152437 0.01 0.01
0 1.434823 0.157307 0.01 0.01
0 1.597972 0.223541 0.01 0.01
0 1.596998 0.237177 0.01 0.01
0 1.597972 0.260067 0.01 0.01
0 1.061933 0.347485 0.01 0.01
0 1.028817 0.333849 0.01 0.01
0 1.093102 0.319239 0.01 0.01
0 1.139855 0.324109 0.01 0.01
0 1.171024 0.322161 0.01 0.01
0 1.184661 0.328979 0.01 0.01
0 1.216804 0.301706 0.01 0.01
0 1.204141 0.290992 0.01 0.01
0 1.222648 0.324109 0.01 0.01
0 1.245050 0.317291 0.01 0.01
0 1.270375 0.330927 0.01 0.01
0 1.276219 0.349433 0.01 0.01
0 1.298622 0.328979 0.01 0.01
0 1.217778 0.353330 0.01 0.01
0 1.208037 0.397161 0.01 0.01
0 0.982185 0.791549 0.01 0.01
0 0.390881 0.620312 0.01 0.01
0 0.608941 0.555429 0.01 0.01
0 0.152085 0.529342 0.01 0.01
0 0.243054 0.281182 0.01 0.01
0 0.211616 0.292887 0.01 0.01
0 0.210279 0.275496 0.01 0.01
0 0.143723 0.303924 0.01 0.01
0 0.172151 0.304927 0.01 0.01
0 0.155095 0.281850 0.01 0.01
0 1.404927 0.381850 0.01 0.01
0 1.258439 0.428673 0.01 0.01
0 1.532687 0.460111 0.01 0.01
0 1.199911 0.207269 0.01 0.01
0 1.386533 0.220646 0.01 0.01
