0 0.445199 1.100474 0.01 0.01
0 0.847034 0.825245 0.01 0.01
0 1.076851 0.556896 0.01 0.01
0 1.145658 0.457814 0.01 0.01
0 1.320429 0.499098 0.01 0.01
0 1.398869 0.394511 0.01 0.01
0 1.229603 0.223869 0.01 0.01
0 0.906208 0.207355 0.01 0.01
0 0.802997 0.163318 0.01 0.01
0 0.742447 0.153685 0.01 0.01
0 0.709419 0.111025 0.01 0.01
0 0.469970 0.124786 0.01 0.01
0 0.428685 0.141300 0.01 0.01
0 0.368135 0.240383 0.01 0.01
0 0.271805 0.204603 0.01 0.01
0 0.286942 0.266530 0.01 0.01
0 0.098410 0.353227 0.01 0.01
0 0.021346 0.355979 0.01 0.01
0 0.015841 0.139924 0.01 0.01
0 1.225474 0.124786 0.01 0.01
0 1.297034 0.134419 0.01 0.01
0 1.402997 0.207355 0.01 0.01
0 1.433273 0.223869 0.01 0.01
0 1.506208 0.201851 0.01 0.01
0 1.529603 0.127539 0.01 0.01
0 1.557126 0.127539 0.01 0.01
0 1.572263 0.135796 0.01 0.01
0 1.554374 0.233502 0.01 0.01
0 1.292218 0.096747 0.01 0.01
0 1.304259 0.110853 0.01 0.01
0 1.248869 0.086770 0.01 0.01
0 1.213777 0.102940 0.01 0.01
0 1.314924 0.076105 0.01 0.01
0 1.305979 0.088146 0.01 0.01
0 1.335222 0.114981 0.01 0.01
0 1.401965 0.101564 0.01 0.01
0 1.594970 0.039981 0.01 0.01
0 1.543078 0.021317 0.01 0.01
0 1.562860 0.025102 0.01 0.01
0 1.504890 0.030950 0.01 0.01
0 1.457585 0.027510 0.01 0.01
0 1.421289 0.024930 0.01 0.01
0 1.538311 0.002879 0.01 0.01
0 1.420257 0.004653 0.01 0.01
0 1.461111 0.004825 0.01 0.01
0 1.415182 0.110251 0.01 0.01
0 1.320687 0.017146 0.01 0.01
0 1.340125 0.014738 0.01 0.01
0 1.158688 0.011813 0.01 0.01
0 1.188275 0.009921 0.01 0.01
0 1.213820 0.011985 0.01 0.01
0 1.104503 0.037100 0.01 0.01
0 1.125919 0.030907 0.01 0.01
0 1.006194 0.019812 0.01 0.01
0 1.030793 0.014394 0.01 0.01
0 0.975403 0.024629 0.01 0.01
0 0.963727 0.002578 0.01 0.01
0 0.848668 0.028585 0.01 0.01
0 0.871461 0.043551 0.01 0.01
0 0.866730 0.008975 0.01 0.01
0 0.898210 0.022048 0.01 0.01
0 0.855463 0.075159 0.01 0.01
0 0.055062 0.035509 0.01 0.01
0 0.083273 0.048582 0.01 0.01
0 0.103915 0.050646 0.01 0.01
0 0.145543 0.036541 0.01 0.01
0 0.177195 0.037573 0.01 0.01
0 0.578456 0.090039 0.01 0.01
0 0.646575 0.068708 0.01 0.01
0 0.517218 0.092103 0.01 0.01
0 0.475245 0.094167 0.01 0.01
0 0.082155 0.021962 0.01 0.01
0 0.128714 0.009061 0.01 0.01
0 0.237860 0.024629 0.01 0.01
0 0.215583 0.007599 0.01 0.01
0 0.194683 0.011469 0.01 0.01
0 0.326277 0.019898 0.01 0.01
0 0.404503 0.013727 0.01 0.01
0 0.383946 0.005728 0.01 0.01
0 0.452883 0.011039 0.01 0.01
0 0.450302 0.022823 0.01 0.01
0 0.482642 0.010523 0.01 0.01
0 0.544655 0.030262 0.01 0.01
0 0.677109 0.015340 0.01 0.01
0 0.701191 0.028241 0.01 0.01
0 1.537523 0.004438 0.01 0.01
