0 0.039366 0.425639 0.01 0.01
0 0.022630 0.404255 0.01 0.01
0 0.031928 0.409833 0.01 0.01
0 0.037506 0.390309 0.01 0.01
0 0.073767 0.406114 0.01 0.01
0 0.070978 0.383800 0.01 0.01
0 0.007754 0.371714 0.01 0.01
0 0.048663 0.350329 0.01 0.01
0 0.020771 0.310350 0.01 0.01
0 0.042155 0.315928 0.01 0.01
0 0.060750 0.331734 0.01 0.01
0 0.061680 0.315928 0.01 0.01
0 0.084924 0.307561 0.01 0.01
0 0.105378 0.313139 0.01 0.01
0 0.110957 0.325226 0.01 0.01
0 0.112816 0.313139 0.01 0.01
0 0.130482 0.316858 0.01 0.01
0 0.121184 0.354048 0.01 0.01
0 0.123044 0.383800 0.01 0.01
0 0.133271 0.400536 0.01 0.01
0 0.148147 0.430288 0.01 0.01
0 0.160234 0.433077 0.01 0.01
0 0.183478 0.394028 0.01 0.01
0 0.176040 0.380081 0.01 0.01
0 0.163953 0.366135 0.01 0.01
0 0.163953 0.339172 0.01 0.01
0 0.197424 0.338243 0.01 0.01
0 0.228106 0.360557 0.01 0.01
0 0.231825 0.367065 0.01 0.01
0 0.203932 0.399606 0.01 0.01
0 0.201143 0.430288 0.01 0.01
0 0.250420 0.406114 0.01 0.01
0 0.285750 0.380081 0.01 0.01
0 0.295048 0.410763 0.01 0.01
0 0.348973 0.393098 0.01 0.01
0 0.354552 0.431218 0.01 0.01
0 0.391742 0.403325 0.01 0.01
0 0.388953 0.391238 0.01 0.01
0 0.388953 0.391238 0.01 0.01
0 0.436370 0.380081 0.01 0.01
0 0.406618 0.365205 0.01 0.01
0 0.410337 0.354048 0.01 0.01
0 0.363849 0.355908 0.01 0.01
0 0.330378 0.341962 0.01 0.01
0 0.323870 0.380081 0.01 0.01
0 0.305275 0.358697 0.01 0.01
0 0.272734 0.339172 0.01 0.01
0 0.254139 0.331734 0.01 0.01
0 0.222527 0.307561 0.01 0.01
0 0.189056 0.301982 0.01 0.01
0 0.163023 0.296404 0.01 0.01
0 0.134201 0.295474 0.01 0.01
0 0.144428 0.279668 0.01 0.01
0 0.180688 0.261073 0.01 0.01
0 0.176969 0.247127 0.01 0.01
0 0.141639 0.239689 0.01 0.01
0 0.124903 0.233181 0.01 0.01
0 0.132341 0.217375 0.01 0.01
0 0.149077 0.218304 0.01 0.01
0 0.151866 0.204358 0.01 0.01
0 0.167672 0.206218 0.01 0.01
0 0.180688 0.210866 0.01 0.01
0 0.103519 0.232251 0.01 0.01
0 0.081205 0.238759 0.01 0.01
0 0.073767 0.260143 0.01 0.01
0 0.061680 0.274090 0.01 0.01
0 0.096081 0.282457 0.01 0.01
0 0.042155 0.288966 0.01 0.01
0 0.020771 0.290825 0.01 0.01
0 0.043085 0.283387 0.01 0.01
0 0.031928 0.271300 0.01 0.01
0 0.039366 0.142065 0.01 0.01
0 0.066329 0.116032 0.01 0.01
0 0.063540 0.106734 0.01 0.01
0 0.072837 0.096507 0.01 0.01
0 0.087713 0.107664 0.01 0.01
0 0.106308 0.096507 0.01 0.01
0 0.097940 0.078842 0.01 0.01
0 0.111887 0.080701 0.01 0.01
0 0.122114 0.082561 0.01 0.01
0 0.138849 0.082561 0.01 0.01
0 0.123973 0.072333 0.01 0.01
0 0.134201 0.066755 0.01 0.01
0 0.116535 0.074193 0.01 0.01
0 0.151866 0.068614 0.01 0.01
0 0.162093 0.069544 0.01 0.01
0 0.172321 0.068614 0.01 0.01
0 0.179759 0.068614 0.01 0.01
0 0.165812 0.060247 0.01 0.01
0 0.169531 0.051879 0.01 0.01
0 0.177899 0.045371 0.01 0.01
0 0.187197 0.039792 0.01 0.01
0 0.191845 0.053738 0.01 0.01
0 0.196494 0.049090 0.01 0.01
0 0.224387 0.020267 0.01 0.01
0 0.189986 0.010040 0.01 0.01
0 0.245771 0.036073 0.01 0.01
0 0.274593 0.036073 0.01 0.01
0 0.312713 0.006321 0.01 0.01
0 0.322011 0.029565 0.01 0.01
0 0.324800 0.020267 0.01 0.01
0 0.351763 0.013759 0.01 0.01
0 0.346184 0.006321 0.01 0.01
0 0.361990 0.004462 0.01 0.01
0 0.378725 0.010970 0.01 0.01
0 0.370358 0.016548 0.01 0.01
0 0.343395 0.058387 0.01 0.01
0 0.360130 0.055598 0.01 0.01
0 0.364779 0.074193 0.01 0.01
0 0.354552 0.080701 0.01 0.01
0 0.302486 0.301052 0.01 0.01
0 0.258787 0.301982 0.01 0.01
0 0.216019 0.280598 0.01 0.01
0 0.238333 0.274090 0.01 0.01
0 0.222527 0.262933 0.01 0.01
0 0.228106 0.243408 0.01 0.01
0 0.212300 0.223883 0.01 0.01
0 0.198354 0.218304 0.01 0.01
0 0.213230 0.210866 0.01 0.01
0 0.221597 0.205288 0.01 0.01
0 0.205792 0.185763 0.01 0.01
0 0.197424 0.187623 0.01 0.01
0 0.186267 0.169957 0.01 0.01
0 0.166742 0.191342 0.01 0.01
0 0.211370 0.176466 0.01 0.01
0 0.220668 0.169957 0.01 0.01
0 0.228106 0.184833 0.01 0.01
0 0.233684 0.184833 0.01 0.01
0 0.242052 0.198780 0.01 0.01
0 0.254139 0.205288 0.01 0.01
0 0.255998 0.222024 0.01 0.01
0 0.294118 0.243408 0.01 0.01
0 0.294118 0.225743 0.01 0.01
0 0.294118 0.287106 0.01 0.01
0 0.309924 0.251776 0.01 0.01
0 0.315502 0.264792 0.01 0.01
0 0.338746 0.289895 0.01 0.01
0 0.348973 0.323366 0.01 0.01
0 0.302486 0.322437 0.01 0.01
0 0.366639 0.286176 0.01 0.01
0 0.243911 0.168098 0.01 0.01
0 0.256928 0.161590 0.01 0.01
0 0.242982 0.159730 0.01 0.01
0 0.245771 0.150433 0.01 0.01
0 0.268085 0.148573 0.01 0.01
0 0.270874 0.139276 0.01 0.01
0 0.284821 0.137416 0.01 0.01
0 0.279242 0.124400 0.01 0.01
0 0.299697 0.111383 0.01 0.01
0 0.296907 0.114172 0.01 0.01
0 0.289469 0.150433 0.01 0.01
0 0.309924 0.160660 0.01 0.01
0 0.270874 0.174606 0.01 0.01
0 0.254139 0.182974 0.01 0.01
0 0.277382 0.189482 0.01 0.01
0 0.266225 0.182974 0.01 0.01
0 0.284821 0.195061 0.01 0.01
0 0.311783 0.184833 0.01 0.01
0 0.297837 0.182974 0.01 0.01
0 0.326659 0.180185 0.01 0.01
0 0.335957 0.193201 0.01 0.01
0 0.341535 0.184833 0.01 0.01
0 0.335957 0.159730 0.01 0.01
0 0.357341 0.132767 0.01 0.01
0 0.305275 0.132767 0.01 0.01
0 0.315502 0.115102 0.01 0.01
0 0.328519 0.109524 0.01 0.01
0 0.340606 0.111383 0.01 0.01
0 0.357341 0.111383 0.01 0.01
0 0.360130 0.103015 0.01 0.01
0 0.354552 0.100226 0.01 0.01
0 0.333168 0.094647 0.01 0.01
0 0.328519 0.098366 0.01 0.01
0 0.377796 0.114172 0.01 0.01
0 0.376866 0.104875 0.01 0.01
0 0.385234 0.107664 0.01 0.01
0 0.398250 0.109524 0.01 0.01
0 0.407548 0.113243 0.01 0.01
0 0.405688 0.104875 0.01 0.01
0 0.414986 0.106734 0.01 0.01
0 0.429862 0.119751 0.01 0.01
0 0.432651 0.113243 0.01 0.01
0 0.433581 0.106734 0.01 0.01
0 0.459614 0.113243 0.01 0.01
0 0.442878 0.115102 0.01 0.01
0 0.345254 0.198780 0.01 0.01
0 0.365709 0.195061 0.01 0.01
0 0.355482 0.187623 0.01 0.01
0 0.358271 0.159730 0.01 0.01
0 0.367568 0.165309 0.01 0.01
0 0.346184 0.169957 0.01 0.01
0 0.343395 0.154152 0.01 0.01
0 0.387093 0.171817 0.01 0.01
0 0.378725 0.152292 0.01 0.01
0 0.397321 0.156941 0.01 0.01
0 0.387093 0.137416 0.01 0.01
0 0.380585 0.134627 0.01 0.01
0 0.375936 0.127189 0.01 0.01
0 0.403829 0.121610 0.01 0.01
0 0.413126 0.129048 0.01 0.01
0 0.425213 0.130908 0.01 0.01
0 0.427073 0.139276 0.01 0.01
0 0.325730 0.207147 0.01 0.01
0 0.295978 0.207147 0.01 0.01
0 0.325730 0.223883 0.01 0.01
0 0.353622 0.214585 0.01 0.01
0 0.351763 0.226672 0.01 0.01
0 0.323870 0.240619 0.01 0.01
0 0.348044 0.245267 0.01 0.01
0 0.397321 0.029565 0.01 0.01
0 0.382444 0.023986 0.01 0.01
0 0.392672 0.007251 0.01 0.01
0 0.406618 0.020267 0.01 0.01
0 0.416845 0.023057 0.01 0.01
0 0.421494 0.013759 0.01 0.01
0 0.428932 0.009110 0.01 0.01
0 0.419635 0.006321 0.01 0.01
0 0.410337 0.001672 0.01 0.01
0 0.425213 0.002602 0.01 0.01
0 0.442878 0.016548 0.01 0.01
0 0.454035 0.012829 0.01 0.01
0 0.379655 0.254565 0.01 0.01
0 0.344325 0.262933 0.01 0.01
0 0.377796 0.236900 0.01 0.01
0 0.361990 0.239689 0.01 0.01
0 0.386163 0.204358 0.01 0.01
0 0.389882 0.189482 0.01 0.01
0 0.407548 0.192271 0.01 0.01
0 0.416845 0.198780 0.01 0.01
0 0.404759 0.222024 0.01 0.01
0 0.404759 0.230391 0.01 0.01
0 0.409407 0.240619 0.01 0.01
0 0.431721 0.213656 0.01 0.01
0 0.440089 0.237829 0.01 0.01
0 0.451246 0.195990 0.01 0.01
0 0.474490 0.201569 0.01 0.01
0 0.479139 0.199709 0.01 0.01
0 0.478209 0.220164 0.01 0.01
0 0.480068 0.226672 0.01 0.01
0 0.496804 0.228532 0.01 0.01
0 0.422424 0.172747 0.01 0.01
0 0.414056 0.169957 0.01 0.01
0 0.447527 0.169957 0.01 0.01
0 0.458684 0.165309 0.01 0.01
0 0.472630 0.167168 0.01 0.01
0 0.480998 0.173676 0.01 0.01
0 0.479139 0.160660 0.01 0.01
0 0.446597 0.143924 0.01 0.01
0 0.465192 0.156941 0.01 0.01
0 0.480998 0.129048 0.01 0.01
0 0.479139 0.132767 0.01 0.01
0 0.507961 0.122540 0.01 0.01
0 0.480998 0.106734 0.01 0.01
0 0.495874 0.100226 0.01 0.01
0 0.460544 0.096507 0.01 0.01
0 0.451246 0.085350 0.01 0.01
0 0.439159 0.087209 0.01 0.01
0 0.421494 0.088139 0.01 0.01
0 0.420564 0.076052 0.01 0.01
0 0.438230 0.072333 0.01 0.01
0 0.438230 0.065825 0.01 0.01
0 0.419635 0.063036 0.01 0.01
0 0.408478 0.068614 0.01 0.01
0 0.414056 0.060247 0.01 0.01
0 0.400110 0.051879 0.01 0.01
0 0.388953 0.056528 0.01 0.01
0 0.377796 0.065825 0.01 0.01
0 0.374077 0.052809 0.01 0.01
0 0.378725 0.046300 0.01 0.01
0 0.380585 0.032354 0.01 0.01
0 0.419635 0.037003 0.01 0.01
0 0.413126 0.036073 0.01 0.01
0 0.402899 0.038862 0.01 0.01
0 0.438230 0.037003 0.01 0.01
0 0.428932 0.038862 0.01 0.01
0 0.428002 0.042581 0.01 0.01
0 0.441019 0.047230 0.01 0.01
0 0.444738 0.058387 0.01 0.01
0 0.441019 0.052809 0.01 0.01
0 0.445668 0.037003 0.01 0.01
0 0.459614 0.038862 0.01 0.01
0 0.462403 0.029565 0.01 0.01
0 0.461473 0.023057 0.01 0.01
0 0.446597 0.026776 0.01 0.01
0 0.469841 0.049090 0.01 0.01
0 0.473560 0.049090 0.01 0.01
0 0.463333 0.063036 0.01 0.01
0 0.462403 0.078842 0.01 0.01
0 0.456825 0.074193 0.01 0.01
0 0.471701 0.076982 0.01 0.01
0 0.487506 0.080701 0.01 0.01
0 0.502382 0.033284 0.01 0.01
0 0.495874 0.026776 0.01 0.01
0 0.479139 0.036073 0.01 0.01
0 0.477279 0.023057 0.01 0.01
0 0.468911 0.014689 0.01 0.01
0 0.479139 0.007251 0.01 0.01
0 0.472630 0.001672 0.01 0.01
0 0.458684 0.001672 0.01 0.01
0 0.503312 0.004462 0.01 0.01
0 0.494944 0.003532 0.01 0.01
0 0.517259 0.001672 0.01 0.01
0 0.521907 0.002602 0.01 0.01
0 0.536783 0.003532 0.01 0.01
0 0.573973 0.013759 0.01 0.01
0 0.554449 0.013759 0.01 0.01
0 0.545151 0.012829 0.01 0.01
0 0.524697 0.017478 0.01 0.01
0 0.546081 0.029565 0.01 0.01
0 0.537713 0.026776 0.01 0.01
0 0.523767 0.029565 0.01 0.01
0 0.572114 0.027705 0.01 0.01
0 0.530275 0.051879 0.01 0.01
0 0.494944 0.051879 0.01 0.01
0 0.506101 0.052809 0.01 0.01
0 0.502382 0.051879 0.01 0.01
0 0.540502 0.066755 0.01 0.01
0 0.523767 0.074193 0.01 0.01
0 0.518188 0.085350 0.01 0.01
0 0.506101 0.089069 0.01 0.01
0 0.525626 0.082561 0.01 0.01
0 0.520048 0.104875 0.01 0.01
0 0.519118 0.096507 0.01 0.01
0 0.533064 0.103015 0.01 0.01
0 0.560957 0.103015 0.01 0.01
0 0.551659 0.115102 0.01 0.01
0 0.533994 0.137416 0.01 0.01
0 0.520978 0.132767 0.01 0.01
0 0.550730 0.141135 0.01 0.01
0 0.559097 0.132767 0.01 0.01
0 0.583271 0.148573 0.01 0.01
0 0.584201 0.120681 0.01 0.01
0 0.590709 0.095577 0.01 0.01
0 0.598147 0.102085 0.01 0.01
0 0.616742 0.101156 0.01 0.01
0 0.611163 0.085350 0.01 0.01
0 0.592568 0.070474 0.01 0.01
0 0.588849 0.058387 0.01 0.01
0 0.580482 0.062106 0.01 0.01
0 0.569325 0.074193 0.01 0.01
0 0.558168 0.082561 0.01 0.01
0 0.548870 0.078842 0.01 0.01
0 0.569325 0.045371 0.01 0.01
0 0.597217 0.036073 0.01 0.01
0 0.586990 0.010970 0.01 0.01
0 0.583271 0.023057 0.01 0.01
0 0.361990 0.310350 0.01 0.01
0 0.379655 0.301052 0.01 0.01
0 0.390812 0.313139 0.01 0.01
0 0.388023 0.328945 0.01 0.01
0 0.413126 0.275949 0.01 0.01
0 0.391742 0.284317 0.01 0.01
0 0.391742 0.269441 0.01 0.01
0 0.417775 0.251776 0.01 0.01
0 0.427073 0.256424 0.01 0.01
0 0.440089 0.284317 0.01 0.01
0 0.453106 0.261073 0.01 0.01
0 0.439159 0.260143 0.01 0.01
0 0.473560 0.262933 0.01 0.01
0 0.473560 0.283387 0.01 0.01
0 0.492155 0.290825 0.01 0.01
0 0.504242 0.280598 0.01 0.01
0 0.514469 0.273160 0.01 0.01
0 0.538643 0.280598 0.01 0.01
0 0.549800 0.245267 0.01 0.01
0 0.525626 0.234110 0.01 0.01
0 0.540502 0.223883 0.01 0.01
0 0.570254 0.243408 0.01 0.01
0 0.474490 0.316858 0.01 0.01
0 0.466122 0.342891 0.01 0.01
0 0.417775 0.306631 0.01 0.01
0 0.435440 0.331734 0.01 0.01
0 0.583271 0.227602 0.01 0.01
0 0.594428 0.225743 0.01 0.01
0 0.606515 0.191342 0.01 0.01
0 0.586060 0.181114 0.01 0.01
0 0.554449 0.208077 0.01 0.01
0 0.549800 0.198780 0.01 0.01
0 0.532135 0.205288 0.01 0.01
0 0.527486 0.191342 0.01 0.01
0 0.515399 0.174606 0.01 0.01
0 0.494015 0.166238 0.01 0.01
0 0.505172 0.147643 0.01 0.01
0 0.519118 0.156941 0.01 0.01
0 0.631618 0.111383 0.01 0.01
0 0.644635 0.113243 0.01 0.01
0 0.653002 0.106734 0.01 0.01
0 0.648354 0.094647 0.01 0.01
0 0.627899 0.182974 0.01 0.01
0 0.610234 0.169957 0.01 0.01
0 0.571184 0.176466 0.01 0.01
0 0.648354 0.204358 0.01 0.01
0 0.671597 0.186693 0.01 0.01
0 0.645564 0.156941 0.01 0.01
0 0.634407 0.147643 0.01 0.01
0 0.613953 0.139276 0.01 0.01
0 0.602796 0.129048 0.01 0.01
0 0.592568 0.137416 0.01 0.01
0 0.657651 0.124400 0.01 0.01
0 0.650213 0.135557 0.01 0.01
0 0.660440 0.137416 0.01 0.01
0 0.674387 0.082561 0.01 0.01
0 0.669738 0.089069 0.01 0.01
0 0.658581 0.032354 0.01 0.01
0 0.651143 0.047230 0.01 0.01
0 0.635337 0.062106 0.01 0.01
0 0.630688 0.072333 0.01 0.01
0 0.635337 0.056528 0.01 0.01
0 0.609304 0.055598 0.01 0.01
0 0.614882 0.046300 0.01 0.01
0 0.601866 0.042581 0.01 0.01
0 0.609304 0.027705 0.01 0.01
0 0.603725 0.013759 0.01 0.01
0 0.625110 0.006321 0.01 0.01
0 0.651143 0.013759 0.01 0.01
0 0.638126 0.030495 0.01 0.01
0 0.667878 0.010040 0.01 0.01
0 0.560957 0.056528 0.01 0.01
0 0.555378 0.060247 0.01 0.01
0 0.549800 0.053738 0.01 0.01
0 0.565606 0.060247 0.01 0.01
0 0.550730 0.096507 0.01 0.01
0 0.545151 0.083490 0.01 0.01
0 0.514469 0.056528 0.01 0.01
0 0.211370 0.056528 0.01 0.01
0 0.309924 0.062106 0.01 0.01
