0 0.112332 1.148973 0.01 0.01
0 0.016149 0.690958 0.01 0.01
0 0.032179 0.635996 0.01 0.01
0 0.011569 0.558134 0.01 0.01
0 0.061950 0.530653 0.01 0.01
0 0.018439 0.397828 0.01 0.01
0 0.071111 0.459660 0.01 0.01
0 0.105462 0.558134 0.01 0.01
0 0.100882 0.507752 0.01 0.01
0 0.146683 0.386378 0.01 0.01
0 0.185615 0.507752 0.01 0.01
0 0.151263 0.558134 0.01 0.01
0 0.174164 0.583324 0.01 0.01
0 0.206225 0.585615 0.01 0.01
0 0.233706 0.642866 0.01 0.01
0 0.219966 0.777981 0.01 0.01
0 0.263477 0.791721 0.01 0.01
0 0.281798 0.899355 0.01 0.01
0 0.217676 1.029889 0.01 0.01
0 0.387141 1.039050 0.01 0.01
0 0.274927 1.169584 0.01 0.01
0 0.302408 0.626836 0.01 0.01
0 0.240576 0.551263 0.01 0.01
0 0.222256 0.498592 0.01 0.01
0 0.268057 0.418439 0.01 0.01
0 0.194775 0.423019 0.01 0.01
0 0.222256 0.461950 0.01 0.01
0 0.309279 0.679508 0.01 0.01
0 0.384851 0.663477 0.01 0.01
0 0.444393 0.663477 0.01 0.01
0 0.467294 0.734469 0.01 0.01
0 0.535996 0.732179 0.01 0.01
0 0.590958 0.832943 0.01 0.01
0 0.581798 1.064240 0.01 0.01
0 0.517676 1.043630 0.01 0.01
0 0.623019 1.176454 0.01 0.01
0 0.689431 0.791721 0.01 0.01
0 0.421492 0.585615 0.01 0.01
0 0.377981 0.562714 0.01 0.01
0 0.410042 0.542103 0.01 0.01
0 0.453553 0.537523 0.01 0.01
0 0.416912 0.487141 0.01 0.01
0 0.348210 0.434469 0.01 0.01
0 0.241912 0.420156 0.01 0.01
0 0.188095 0.278172 0.01 0.01
0 0.245347 0.267866 0.01 0.01
0 0.294584 0.289622 0.01 0.01
0 0.309469 0.259851 0.01 0.01
0 0.331225 0.271302 0.01 0.01
0 0.369011 0.281607 0.01 0.01
0 0.394202 0.262141 0.01 0.01
0 0.402218 0.190004 0.01 0.01
0 0.421683 0.188859 0.01 0.01
0 0.423973 0.327408 0.01 0.01
0 0.410233 0.348019 0.01 0.01
0 0.371302 0.358324 0.01 0.01
0 0.344966 0.348019 0.01 0.01
0 0.380462 0.404126 0.01 0.01
0 0.450309 0.399546 0.01 0.01
0 0.522447 0.404126 0.01 0.01
0 0.402218 0.441912 0.01 0.01
0 0.478935 0.329698 0.01 0.01
0 0.467485 0.252981 0.01 0.01
0 0.427408 0.259851 0.01 0.01
0 0.413668 0.270156 0.01 0.01
0 0.512141 0.275882 0.01 0.01
0 0.481225 0.278172 0.01 0.01
0 0.545347 0.340004 0.01 0.01
0 0.583134 0.380080 0.01 0.01
0 0.585424 0.331989 0.01 0.01
0 0.581989 0.291912 0.01 0.01
0 0.565958 0.273592 0.01 0.01
0 0.525882 0.277027 0.01 0.01
0 0.536187 0.275882 0.01 0.01
0 0.546492 0.275882 0.01 0.01
0 0.527027 0.343439 0.01 0.01
0 0.573973 0.542676 0.01 0.01
0 0.580844 0.478553 0.01 0.01
0 0.612905 0.430462 0.01 0.01
0 0.648401 0.334279 0.01 0.01
0 0.639240 0.398401 0.01 0.01
0 0.665576 0.420156 0.01 0.01
0 0.641531 0.449927 0.01 0.01
0 0.682752 0.526645 0.01 0.01
0 0.723973 0.585042 0.01 0.01
0 0.630080 0.565576 0.01 0.01
0 0.635805 0.588477 0.01 0.01
0 0.715958 0.424737 0.01 0.01
0 0.316340 0.384660 0.01 0.01
0 0.618916 0.301931 0.01 0.01
0 0.668153 0.309947 0.01 0.01
0 0.670443 0.279031 0.01 0.01
0 0.631511 0.242962 0.01 0.01
0 0.627504 0.232656 0.01 0.01
0 0.604031 0.218344 0.01 0.01
0 0.592580 0.246969 0.01 0.01
0 0.567389 0.237237 0.01 0.01
0 0.546779 0.252695 0.01 0.01
0 0.529031 0.258420 0.01 0.01
0 0.496397 0.262427 0.01 0.01
0 0.528458 0.246397 0.01 0.01
0 0.521588 0.186282 0.01 0.01
0 0.537618 0.177122 0.01 0.01
0 0.549069 0.167962 0.01 0.01
0 0.567389 0.190290 0.01 0.01
0 0.575405 0.170824 0.01 0.01
0 0.600595 0.201168 0.01 0.01
0 0.594870 0.172542 0.01 0.01
0 0.702504 0.366053 0.01 0.01
0 0.709374 0.324832 0.01 0.01
0 0.726550 0.301931 0.01 0.01
0 0.709374 0.283038 0.01 0.01
0 0.691626 0.244679 0.01 0.01
0 0.669298 0.224641 0.01 0.01
0 0.649832 0.193725 0.01 0.01
0 0.638954 0.193725 0.01 0.01
0 0.623496 0.189718 0.01 0.01
0 0.544489 0.238382 0.01 0.01
0 0.283992 0.460519 0.01 0.01
0 0.029603 0.108992 0.01 0.01
0 0.043916 0.099832 0.01 0.01
0 0.069107 0.096969 0.01 0.01
0 0.075405 0.098687 0.01 0.01
0 0.168725 0.103840 0.01 0.01
0 0.173305 0.119298 0.01 0.01
0 0.180176 0.123878 0.01 0.01
0 0.191053 0.126168 0.01 0.01
0 0.215672 0.108992 0.01 0.01
0 0.241435 0.119298 0.01 0.01
0 0.576359 0.145634 0.01 0.01
0 0.586092 0.140481 0.01 0.01
0 0.600977 0.143916 0.01 0.01
0 0.595252 0.143916 0.01 0.01
0 0.639336 0.130748 0.01 0.01
0 0.621588 0.145061 0.01 0.01
0 0.666817 0.131893 0.01 0.01
0 0.654794 0.172542 0.01 0.01
0 0.669679 0.193153 0.01 0.01
0 0.679412 0.181702 0.01 0.01
0 0.688000 0.180557 0.01 0.01
0 0.675405 0.162809 0.01 0.01
0 0.671969 0.156511 0.01 0.01
0 0.687427 0.139908 0.01 0.01
0 0.694870 0.152504 0.01 0.01
0 0.703458 0.134756 0.01 0.01
0 0.704603 0.151931 0.01 0.01
0 0.697733 0.137046 0.01 0.01
0 0.745252 0.127885 0.01 0.01
0 0.696015 0.055748 0.01 0.01
0 0.704603 0.058038 0.01 0.01
0 0.711473 0.181130 0.01 0.01
0 0.700595 0.186855 0.01 0.01
0 0.704031 0.208038 0.01 0.01
0 0.710328 0.237237 0.01 0.01
0 0.708038 0.222351 0.01 0.01
0 0.711473 0.200023 0.01 0.01
0 0.726931 0.201168 0.01 0.01
0 0.732656 0.190290 0.01 0.01
0 0.734947 0.235519 0.01 0.01
0 0.752122 0.238382 0.01 0.01
0 0.754985 0.198305 0.01 0.01
0 0.752122 0.175977 0.01 0.01
0 0.752122 0.163954 0.01 0.01
0 0.742389 0.149069 0.01 0.01
0 0.734947 0.139908 0.01 0.01
0 0.717771 0.174832 0.01 0.01
0 0.781893 0.185710 0.01 0.01
0 0.768725 0.177122 0.01 0.01
0 0.772160 0.186855 0.01 0.01
0 0.769298 0.218916 0.01 0.01
0 0.775023 0.209183 0.01 0.01
0 0.793916 0.209756 0.01 0.01
0 0.784756 0.246969 0.01 0.01
0 0.771015 0.240672 0.01 0.01
0 0.773878 0.271015 0.01 0.01
0 0.747542 0.304221 0.01 0.01
0 0.804794 0.277885 0.01 0.01
0 0.809947 0.258420 0.01 0.01
0 0.799641 0.234947 0.01 0.01
0 0.738382 0.179985 0.01 0.01
0 0.722351 0.147924 0.01 0.01
0 0.740099 0.163954 0.01 0.01
0 0.760710 0.153649 0.01 0.01
0 0.771588 0.145061 0.01 0.01
0 0.773305 0.133611 0.01 0.01
0 0.799069 0.141053 0.01 0.01
0 0.831130 0.131893 0.01 0.01
0 0.794489 0.134756 0.01 0.01
0 0.630176 0.175977 0.01 0.01
0 0.802361 0.171540 0.01 0.01
0 0.767151 0.160662 0.01 0.01
0 0.801216 0.154365 0.01 0.01
0 0.792628 0.169536 0.01 0.01
0 0.820395 0.183563 0.01 0.01
0 0.829269 0.166101 0.01 0.01
0 0.823544 0.147208 0.01 0.01
0 0.836998 0.159517 0.01 0.01
0 0.842723 0.172113 0.01 0.01
0 0.828124 0.203601 0.01 0.01
0 0.809517 0.200452 0.01 0.01
0 0.805223 0.215052 0.01 0.01
0 0.821540 0.229651 0.01 0.01
0 0.832418 0.246540 0.01 0.01
0 0.849021 0.202170 0.01 0.01
0 0.851025 0.162666 0.01 0.01
0 0.737094 0.207609 0.01 0.01
0 0.872924 0.127885 0.01 0.01
0 0.881511 0.139908 0.01 0.01
0 0.907847 0.133611 0.01 0.01
0 0.891817 0.160519 0.01 0.01
0 0.881511 0.173687 0.01 0.01
0 0.872924 0.188573 0.01 0.01
0 0.933038 0.135901 0.01 0.01
0 0.921015 0.197733 0.01 0.01
0 0.902122 0.158802 0.01 0.01
0 0.893534 0.137618 0.01 0.01
0 0.899260 0.137618 0.01 0.01
0 0.927885 0.147351 0.01 0.01
0 0.847017 0.147781 0.01 0.01
0 0.844727 0.185281 0.01 0.01
0 0.830700 0.184422 0.01 0.01
0 0.897113 0.178410 0.01 0.01
0 0.927742 0.162952 0.01 0.01
0 0.911426 0.147494 0.01 0.01
0 0.888811 0.208754 0.01 0.01
0 0.936616 0.180987 0.01 0.01
0 0.940052 0.167246 0.01 0.01
0 0.913143 0.186998 0.01 0.01
0 0.913429 0.227074 0.01 0.01
0 0.900261 0.239956 0.01 0.01
0 0.852170 0.233086 0.01 0.01
0 0.871349 0.232513 0.01 0.01
0 0.952074 0.215910 0.01 0.01
0 0.944059 0.185853 0.01 0.01
0 0.978124 0.179842 0.01 0.01
0 0.968964 0.195300 0.01 0.01
0 0.933754 0.247113 0.01 0.01
0 0.918868 0.251693 0.01 0.01
0 0.937761 0.221922 0.01 0.01
0 0.918868 0.208754 0.01 0.01
0 0.965242 0.119441 0.01 0.01
0 0.909708 0.166960 0.01 0.01
0 0.970968 0.243964 0.01 0.01
0 0.960948 0.182418 0.01 0.01
0 0.767294 0.766531 0.01 0.01
0 0.801645 0.702408 0.01 0.01
0 0.769584 0.633706 0.01 0.01
0 0.778744 0.599355 0.01 0.01
0 0.785615 0.567294 0.01 0.01
0 0.852027 0.583324 0.01 0.01
0 0.826836 0.427599 0.01 0.01
0 0.806225 0.406989 0.01 0.01
0 0.746683 0.379508 0.01 0.01
0 0.790195 0.379508 0.01 0.01
0 0.778744 0.354317 0.01 0.01
0 0.739813 0.347447 0.01 0.01
0 0.815385 0.340576 0.01 0.01
0 0.792485 0.331416 0.01 0.01
0 0.769584 0.313095 0.01 0.01
0 0.842866 0.315385 0.01 0.01
0 0.854317 0.297065 0.01 0.01
0 0.902408 0.290195 0.01 0.01
0 0.897828 0.361187 0.01 0.01
0 0.897828 0.427599 0.01 0.01
0 0.925309 0.409279 0.01 0.01
0 0.952790 0.503172 0.01 0.01
0 0.943630 0.555844 0.01 0.01
0 0.934469 0.642866 0.01 0.01
0 0.897828 0.743630 0.01 0.01
0 0.906989 1.082561 0.01 0.01
0 0.845156 1.087141 0.01 0.01
0 1.030653 0.406989 0.01 0.01
0 0.977981 0.374927 0.01 0.01
0 0.955080 0.352027 0.01 0.01
0 0.950500 0.313095 0.01 0.01
0 0.923019 0.331416 0.01 0.01
0 0.939050 0.297065 0.01 0.01
0 0.989431 0.276454 0.01 0.01
0 0.998592 0.308515 0.01 0.01
0 1.000882 0.361187 0.01 0.01
0 1.021492 0.338286 0.01 0.01
0 1.014622 0.265004 0.01 0.01
0 1.099355 0.329126 0.01 0.01
0 1.103935 0.283324 0.01 0.01
0 1.124546 0.276454 0.01 0.01
0 1.154317 0.315385 0.01 0.01
0 1.129126 0.335996 0.01 0.01
0 1.065004 0.759660 0.01 0.01
0 1.101645 0.695538 0.01 0.01
0 1.048973 0.633706 0.01 0.01
0 0.994011 0.535233 0.01 0.01
0 1.030653 0.578744 0.01 0.01
0 1.076454 0.551263 0.01 0.01
0 1.039813 0.503172 0.01 0.01
0 1.062714 0.491721 0.01 0.01
0 1.083324 0.507752 0.01 0.01
0 1.177218 0.539813 0.01 0.01
0 1.193248 0.590195 0.01 0.01
0 1.179508 0.626836 0.01 0.01
0 1.259660 0.768821 0.01 0.01
0 1.381034 0.734469 0.01 0.01
0 1.419966 0.695538 0.01 0.01
0 1.355844 0.631416 0.01 0.01
0 1.335233 0.567294 0.01 0.01
0 1.296302 0.594775 0.01 0.01
0 1.394775 1.004698 0.01 0.01
0 1.461187 0.654317 0.01 0.01
0 1.110805 0.535233 0.01 0.01
0 1.145156 0.514622 0.01 0.01
0 1.163477 0.457370 0.01 0.01
0 1.145156 0.443630 0.01 0.01
0 1.106225 0.429889 0.01 0.01
0 1.062714 0.374927 0.01 0.01
0 1.051263 0.390958 0.01 0.01
0 0.948210 0.390958 0.01 0.01
0 1.071874 0.439050 0.01 0.01
0 1.108515 0.393248 0.01 0.01
0 1.190958 0.283324 0.01 0.01
0 1.140576 0.290195 0.01 0.01
0 1.312332 0.340576 0.01 0.01
0 1.282561 0.347447 0.01 0.01
0 1.257370 0.374927 0.01 0.01
0 1.202408 0.379508 0.01 0.01
0 1.168057 0.365767 0.01 0.01
0 1.135996 0.370347 0.01 0.01
0 1.099355 0.361187 0.01 0.01
0 1.261950 0.297065 0.01 0.01
0 1.252790 0.322256 0.01 0.01
0 1.282561 0.303935 0.01 0.01
0 1.310042 0.434469 0.01 0.01
0 1.252790 0.434469 0.01 0.01
0 1.243630 0.461950 0.01 0.01
0 1.255080 0.491721 0.01 0.01
0 1.181798 0.503172 0.01 0.01
0 1.415385 0.594775 0.01 0.01
0 1.415385 0.526073 0.01 0.01
0 1.374164 0.519202 0.01 0.01
0 1.319202 0.498592 0.01 0.01
0 1.392485 0.471111 0.01 0.01
0 1.399355 0.411569 0.01 0.01
0 1.376454 0.374927 0.01 0.01
0 1.399355 0.324546 0.01 0.01
0 1.426836 0.338286 0.01 0.01
0 1.465767 0.338286 0.01 0.01
0 1.470347 0.386378 0.01 0.01
0 1.447447 0.441340 0.01 0.01
0 1.493248 0.409279 0.01 0.01
0 1.561950 0.514622 0.01 0.01
0 1.589431 0.475691 0.01 0.01
0 1.532179 0.601645 0.01 0.01
0 1.486378 0.587905 0.01 0.01
0 1.587141 0.590195 0.01 0.01
0 1.548210 0.727599 0.01 0.01
0 1.060996 0.270156 0.01 0.01
0 1.048401 0.297637 0.01 0.01
0 1.025500 0.297637 0.01 0.01
0 0.951073 0.265576 0.01 0.01
0 0.955653 0.247256 0.01 0.01
0 0.875500 0.299927 0.01 0.01
0 0.875500 0.335424 0.01 0.01
0 0.854889 0.337714 0.01 0.01
0 1.051836 0.329698 0.01 0.01
0 1.042676 0.340004 0.01 0.01
0 1.223592 0.283897 0.01 0.01
0 1.168630 0.289622 0.01 0.01
0 1.223592 0.389240 0.01 0.01
0 1.167485 0.412141 0.01 0.01
0 1.276263 0.428172 0.01 0.01
0 1.342676 0.385805 0.01 0.01
0 1.251073 0.570156 0.01 0.01
0 1.280844 0.323973 0.01 0.01
0 1.231607 0.303363 0.01 0.01
0 1.003744 0.408706 0.01 0.01
0 1.243057 0.404126 0.01 0.01
0 1.017485 0.252981 0.01 0.01
0 0.972828 0.280462 0.01 0.01
0 0.735805 0.702981 0.01 0.01
0 0.866626 0.157656 0.01 0.01
0 0.868916 0.174832 0.01 0.01
0 1.014908 0.173687 0.01 0.01
0 1.044107 0.171397 0.01 0.01
0 1.033802 0.174832 0.01 0.01
0 1.103649 0.305366 0.01 0.01
0 1.087046 0.281893 0.01 0.01
0 1.152885 0.296206 0.01 0.01
0 1.189527 0.075214 0.01 0.01
0 0.425675 0.307993 0.01 0.01
0 0.210690 0.379921 0.01 0.01
