0 0.357434 0.370223 0.01 0.01
0 0.455076 0.406746 0.01 0.01
0 0.422281 0.315067 0.01 0.01
0 0.396193 0.322520 0.01 0.01
0 0.408864 0.257674 0.01 0.01
0 0.440914 0.218916 0.01 0.01
0 0.404392 0.159287 0.01 0.01
0 0.098050 0.328483 0.01 0.01
0 0.074199 0.341154 0.01 0.01
0 0.174077 0.359043 0.01 0.01
0 0.224016 0.392584 0.01 0.01
0 0.161406 0.276308 0.01 0.01
0 0.212835 0.314321 0.01 0.01
0 0.076435 0.259165 0.01 0.01
0 0.092087 0.193574 0.01 0.01
0 0.056310 0.192828 0.01 0.01
0 0.035440 0.150343 0.01 0.01
0 0.023515 0.140653 0.01 0.01
0 0.043639 0.101895 0.01 0.01
0 0.058546 0.063882 0.01 0.01
0 0.087615 0.056428 0.01 0.01
0 0.095814 0.038539 0.01 0.01
0 0.007117 0.119038 0.01 0.01
0 0.104759 0.100404 0.01 0.01
0 0.155443 0.081025 0.01 0.01
0 0.215071 0.098168 0.01 0.01
0 0.218053 0.119783 0.01 0.01
0 0.242650 0.108603 0.01 0.01
0 0.249358 0.134690 0.01 0.01
0 0.266501 0.136926 0.01 0.01
0 0.267992 0.111584 0.01 0.01
0 0.318676 0.120529 0.01 0.01
0 0.326875 0.142144 0.01 0.01
0 0.368615 0.150343 0.01 0.01
0 0.383522 0.125746 0.01 0.01
0 0.361161 0.108603 0.01 0.01
0 0.346254 0.107112 0.01 0.01
0 0.420044 0.105621 0.01 0.01
0 0.437188 0.122019 0.01 0.01
0 0.470729 0.129473 0.01 0.01
0 0.354453 0.203263 0.01 0.01
0 0.346999 0.177176 0.01 0.01
0 0.148735 0.257674 0.01 0.01
0 0.291843 0.246494 0.01 0.01
0 0.516941 0.274817 0.01 0.01
0 0.489363 0.333701 0.01 0.01
0 0.551227 0.353825 0.01 0.01
0 0.566880 0.385876 0.01 0.01
0 0.579551 0.428361 0.01 0.01
0 0.683155 0.300160 0.01 0.01
0 0.745020 0.234568 0.01 0.01
0 0.724150 0.133200 0.01 0.01
0 0.723405 0.086242 0.01 0.01
0 0.691354 0.088478 0.01 0.01
0 0.657813 0.138417 0.01 0.01
0 0.620545 0.184629 0.01 0.01
0 0.642906 0.226369 0.01 0.01
0 0.654832 0.259165 0.01 0.01
0 0.706261 0.326992 0.01 0.01
0 0.730858 0.347117 0.01 0.01
0 0.517686 0.189847 0.01 0.01
0 0.550482 0.198791 0.01 0.01
0 0.536320 0.130964 0.01 0.01
0 0.499798 0.105621 0.01 0.01
0 0.531848 0.043012 0.01 0.01
0 0.615328 0.061645 0.01 0.01
0 0.614583 0.040775 0.01 0.01
0 0.651850 0.051210 0.01 0.01
0 0.434206 0.074317 0.01 0.01
0 0.458803 0.075062 0.01 0.01
0 0.409609 0.056428 0.01 0.01
0 0.393212 0.069844 0.01 0.01
0 0.373087 0.084006 0.01 0.01
0 0.346999 0.085497 0.01 0.01
0 0.332092 0.103385 0.01 0.01
0 0.316440 0.090714 0.01 0.01
0 0.284390 0.060155 0.01 0.01
0 0.249358 0.086242 0.01 0.01
0 0.199419 0.056428 0.01 0.01
0 0.051093 0.135436 0.01 0.01
0 0.026496 0.205499 0.01 0.01
0 0.054074 0.241276 0.01 0.01
0 0.212090 0.192828 0.01 0.01
0 0.449859 0.187611 0.01 0.01
0 0.382031 0.048229 0.01 0.01
0 0.341782 0.046738 0.01 0.01
0 0.352962 0.036303 0.01 0.01
0 0.148735 0.036303 0.01 0.01
0 0.461784 0.020651 0.01 0.01
0 0.628744 0.057173 0.01 0.01
0 0.753219 0.056428 0.01 0.01
0 0.619055 0.113820 0.01 0.01
0 0.588495 0.122765 0.01 0.01
0 0.329856 0.035558 0.01 0.01
0 0.105504 0.136181 0.01 0.01
0 0.130101 0.145125 0.01 0.01
0 0.393957 0.224133 0.01 0.01
0 0.738312 0.209971 0.01 0.01
0 0.697317 0.198046 0.01 0.01
0 0.698808 0.168977 0.01 0.01
0 0.272341 0.051079 0.01 0.01
0 0.289861 0.038892 0.01 0.01
0 0.270817 0.041177 0.01 0.01
0 0.237301 0.085358 0.01 0.01
0 0.041534 0.293312 0.01 0.01
0 0.004971 0.378627 0.01 0.01
0 0.499339 0.252940 0.01 0.01
0 0.478010 0.233897 0.01 0.01
0 0.543520 0.157723 0.01 0.01
0 0.606744 0.320735 0.01 0.01
0 0.586939 0.298644 0.01 0.01
0 0.605982 0.278839 0.01 0.01
0 0.705008 0.225517 0.01 0.01
0 0.689774 0.256749 0.01 0.01
0 0.756806 0.092213 0.01 0.01
0 0.563325 0.077740 0.01 0.01
0 0.540473 0.080025 0.01 0.01
0 0.567134 0.100592 0.01 0.01
0 0.443732 0.056412 0.01 0.01
0 0.304334 0.095260 0.01 0.01
0 0.330995 0.072408 0.01 0.01
0 0.130658 0.058697 0.01 0.01
0 0.728622 0.061744 0.01 0.01
0 0.588462 0.075455 0.01 0.01
0 0.478010 0.176004 0.01 0.01
0 0.378223 0.195810 0.01 0.01
0 0.352323 0.141726 0.01 0.01
0 0.185503 0.120398 0.01 0.01
0 0.171030 0.133347 0.01 0.01
0 0.071242 0.051841 0.01 0.01
0 0.179409 0.030512 0.01 0.01
0 0.157318 0.059459 0.01 0.01
0 0.305857 0.300930 0.01 0.01
0 0.343183 0.329114 0.01 0.01
0 0.458967 0.339778 0.01 0.01
0 0.398028 0.095260 0.01 0.01
0 0.705008 0.126491 0.01 0.01
0 0.718720 0.110495 0.01 0.01
0 0.603402 0.140653 0.01 0.01
0 0.528121 0.148107 0.01 0.01
0 0.376068 0.030340 0.01 0.01
0 0.324639 0.015433 0.01 0.01
0 0.342527 0.017669 0.01 0.01
0 0.133082 0.030340 0.01 0.01
0 0.108485 0.015433 0.01 0.01
0 0.136064 0.017669 0.01 0.01
0 0.027241 0.011707 0.01 0.01
0 0.008607 0.082515 0.01 0.01
0 0.045875 0.077298 0.01 0.01
0 0.045130 0.043012 0.01 0.01
0 0.053329 0.032577 0.01 0.01
0 0.162896 0.209971 0.01 0.01
0 0.271718 0.072080 0.01 0.01
0 0.233705 0.046738 0.01 0.01
0 0.471474 0.092950 0.01 0.01
0 0.467002 0.112330 0.01 0.01
0 0.377559 0.063882 0.01 0.01
0 0.402901 0.028850 0.01 0.01
0 0.314949 0.063882 0.01 0.01
0 0.207516 0.023867 0.01 0.01
0 0.268557 0.027780 0.01 0.01
0 0.216124 0.034824 0.01 0.01
0 0.605067 0.025433 0.01 0.01
0 0.576111 0.052040 0.01 0.01
0 0.590980 0.040302 0.01 0.01
0 0.701324 0.009781 0.01 0.01
