0 0.179603 1.180291 0.01 0.01
0 0.801621 0.898181 0.01 0.01
0 1.063089 1.046805 0.01 0.01
0 1.122263 1.125245 0.01 0.01
0 0.840153 0.825245 0.01 0.01
0 0.907585 0.783961 0.01 0.01
0 0.914465 0.731667 0.01 0.01
0 0.531896 0.700016 0.01 0.01
0 0.717676 0.550016 0.01 0.01
0 0.767218 0.519741 0.01 0.01
0 0.816759 0.555520 0.01 0.01
0 0.694282 0.471575 0.01 0.01
0 0.030979 0.384878 0.01 0.01
0 0.002080 0.387630 0.01 0.01
0 0.006208 0.305062 0.01 0.01
0 0.008961 0.278915 0.01 0.01
0 0.094282 0.313318 0.01 0.01
0 0.070887 0.368364 0.01 0.01
0 0.073640 0.382126 0.01 0.01
0 0.132814 0.419282 0.01 0.01
0 0.123181 0.441300 0.01 0.01
0 0.156208 0.401392 0.01 0.01
0 0.186484 0.435796 0.01 0.01
0 0.145199 0.390383 0.01 0.01
0 0.127309 0.357355 0.01 0.01
0 0.123181 0.327080 0.01 0.01
0 0.165841 0.336713 0.01 0.01
0 0.150704 0.317447 0.01 0.01
0 0.132814 0.298181 0.01 0.01
0 0.317218 0.245887 0.01 0.01
0 0.347952 0.393479 0.01 0.01
0 0.320429 0.385222 0.01 0.01
0 0.321117 0.374213 0.01 0.01
0 0.286025 0.379030 0.01 0.01
0 0.252309 0.382470 0.01 0.01
0 0.202080 0.376277 0.01 0.01
0 0.389236 0.409305 0.01 0.01
0 0.373410 0.390039 0.01 0.01
0 0.397493 0.422378 0.01 0.01
0 0.435337 0.400360 0.01 0.01
0 0.416071 0.376965 0.01 0.01
0 0.392676 0.343250 0.01 0.01
0 0.283961 0.335681 0.01 0.01
0 0.261254 0.326048 0.01 0.01
0 0.281896 0.313663 0.01 0.01
0 0.286713 0.275130 0.01 0.01
0 0.264695 0.273754 0.01 0.01
0 0.191759 0.302653 0.01 0.01
0 0.292906 0.244167 0.01 0.01
0 0.305979 0.248296 0.01 0.01
0 0.430520 0.341874 0.01 0.01
0 0.408502 0.325360 0.01 0.01
0 0.411942 0.318479 0.01 0.01
0 0.416759 0.297149 0.01 0.01
0 0.389924 0.302653 0.01 0.01
0 0.447034 0.372149 0.01 0.01
0 0.444282 0.357011 0.01 0.01
0 0.462172 0.333617 0.01 0.01
0 0.444282 0.335681 0.01 0.01
0 0.442906 0.323296 0.01 0.01
0 0.456667 0.316415 0.01 0.01
0 0.464236 0.321231 0.01 0.01
0 0.447722 0.326736 0.01 0.01
0 0.473869 0.282699 0.01 0.01
0 0.424328 0.267562 0.01 0.01
0 0.413318 0.270314 0.01 0.01
0 0.517218 0.376277 0.01 0.01
0 0.480750 0.396231 0.01 0.01
0 0.590841 0.375589 0.01 0.01
0 0.676851 0.385222 0.01 0.01
0 0.701621 0.385222 0.01 0.01
0 0.749098 0.379030 0.01 0.01
0 0.786254 0.376965 0.01 0.01
0 0.774557 0.323984 0.01 0.01
0 0.778685 0.313663 0.01 0.01
0 0.737401 0.316415 0.01 0.01
0 0.741530 0.311598 0.01 0.01
0 0.118823 0.306094 0.01 0.01
0 0.839121 0.377825 0.01 0.01
0 0.883158 0.359591 0.01 0.01
0 0.898640 0.366472 0.01 0.01
0 0.893823 0.326564 0.01 0.01
0 0.875245 0.335853 0.01 0.01
0 0.860107 0.322435 0.01 0.01
0 0.854603 0.293192 0.01 0.01
0 0.912401 0.314867 0.01 0.01
0 0.904832 0.323812 0.01 0.01
0 0.926851 0.311426 0.01 0.01
0 0.943364 0.345142 0.01 0.01
0 0.919970 0.344798 0.01 0.01
0 0.888318 0.315211 0.01 0.01
0 0.957126 0.368192 0.01 0.01
0 0.948525 0.358559 0.01 0.01
0 0.957814 0.345486 0.01 0.01
0 0.948869 0.328628 0.01 0.01
0 0.939236 0.326220 0.01 0.01
0 0.972263 0.311426 0.01 0.01
0 0.973640 0.294568 0.01 0.01
0 0.994282 0.315211 0.01 0.01
0 1.014924 0.320027 0.01 0.01
0 1.006667 0.305922 0.01 0.01
0 1.017332 0.301449 0.01 0.01
0 1.038663 0.321059 0.01 0.01
0 1.049328 0.311426 0.01 0.01
0 0.980864 0.353055 0.01 0.01
0 1.062401 0.337917 0.01 0.01
0 1.026621 0.423238 0.01 0.01
0 1.084075 0.327252 0.01 0.01
0 1.089924 0.316243 0.01 0.01
0 1.080979 0.305922 0.01 0.01
0 1.060337 0.311426 0.01 0.01
0 1.078915 0.315211 0.01 0.01
0 1.074786 0.285968 0.01 0.01
0 1.076163 0.294913 0.01 0.01
0 1.060337 0.283903 0.01 0.01
0 1.042447 0.276335 0.01 0.01
0 1.035222 0.291472 0.01 0.01
0 1.042447 0.289752 0.01 0.01
0 1.031438 0.283559 0.01 0.01
0 1.029718 0.279775 0.01 0.01
0 1.020085 0.292160 0.01 0.01
0 1.108502 0.311426 0.01 0.01
0 1.111254 0.298697 0.01 0.01
0 1.140841 0.318995 0.01 0.01
0 1.154603 0.304202 0.01 0.01
0 1.147034 0.306610 0.01 0.01
0 1.170429 0.312802 0.01 0.01
0 1.170773 0.278743 0.01 0.01
0 1.121919 0.283903 0.01 0.01
0 1.130864 0.274958 0.01 0.01
0 1.122263 0.272550 0.01 0.01
0 1.116415 0.264293 0.01 0.01
0 1.114695 0.278055 0.01 0.01
0 1.083043 0.274614 0.01 0.01
0 1.071690 0.255692 0.01 0.01
0 1.116759 0.322435 0.01 0.01
0 1.227883 0.318651 0.01 0.01
0 1.192103 0.311426 0.01 0.01
0 1.153571 0.267390 0.01 0.01
0 1.151163 0.256380 0.01 0.01
0 1.136025 0.258445 0.01 0.01
0 1.123640 0.237114 0.01 0.01
0 1.151163 0.247780 0.01 0.01
0 1.167332 0.248468 0.01 0.01
0 1.181782 0.243995 0.01 0.01
0 1.176277 0.232986 0.01 0.01
0 1.153915 0.234018 0.01 0.01
0 1.213433 0.257413 0.01 0.01
0 1.191071 0.249844 0.01 0.01
0 1.208961 0.235738 0.01 0.01
0 1.218594 0.249844 0.01 0.01
0 1.012516 0.298009 0.01 0.01
0 1.252195 0.314179 0.01 0.01
0 1.245658 0.300761 0.01 0.01
0 1.254259 0.288376 0.01 0.01
0 1.249098 0.275991 0.01 0.01
0 1.267676 0.284935 0.01 0.01
0 1.238777 0.271174 0.01 0.01
0 1.286942 0.291816 0.01 0.01
0 1.290727 0.332413 0.01 0.01
0 1.254947 0.353399 0.01 0.01
0 1.339580 0.339637 0.01 0.01
0 1.350245 0.347894 0.01 0.01
0 1.356438 0.328628 0.01 0.01
0 1.366415 0.322780 0.01 0.01
0 1.379488 0.323468 0.01 0.01
0 1.359190 0.295601 0.01 0.01
0 1.321346 0.290440 0.01 0.01
0 1.287286 0.281839 0.01 0.01
0 1.258043 0.252252 0.01 0.01
0 1.267676 0.250532 0.01 0.01
0 1.406667 0.232642 0.01 0.01
0 1.424901 0.235050 0.01 0.01
0 1.424901 0.293192 0.01 0.01
0 1.411140 0.298353 0.01 0.01
0 1.408043 0.283903 0.01 0.01
0 1.387745 0.286312 0.01 0.01
0 1.377424 0.404660 0.01 0.01
0 1.387057 0.426335 0.01 0.01
0 1.464465 0.299041 0.01 0.01
0 1.454488 0.269110 0.01 0.01
0 1.448640 0.250876 0.01 0.01
0 1.143479 0.342046 0.01 0.01
0 1.559878 0.486713 0.01 0.01
0 0.971274 0.449196 0.01 0.01
0 0.621224 0.374671 0.01 0.01
0 0.827818 0.307238 0.01 0.01
0 0.826619 0.338807 0.01 0.01
0 0.813432 0.346399 0.01 0.01
0 0.803442 0.331614 0.01 0.01
0 0.837808 0.330415 0.01 0.01
0 0.811434 0.297648 0.01 0.01
0 0.805040 0.278866 0.01 0.01
0 0.794251 0.279666 0.01 0.01
0 0.828217 0.262882 0.01 0.01
0 0.716529 0.317927 0.01 0.01
0 0.832213 0.323322 0.01 0.01
0 0.835610 0.269176 0.01 0.01
0 0.830615 0.363082 0.01 0.01
0 0.964081 0.326519 0.01 0.01
0 0.946898 0.316729 0.01 0.01
0 0.914531 0.325720 0.01 0.01
0 0.909136 0.373672 0.01 0.01
0 1.385260 0.240904 0.01 0.01
0 1.420025 0.332613 0.01 0.01
0 0.910135 0.258787 0.01 0.01
0 0.886359 0.251194 0.01 0.01
0 0.881963 0.252793 0.01 0.01
0 0.878167 0.251394 0.01 0.01
