0 0.108232 0.063125 0.01 0.01
0 0.028142 0.062225 0.01 0.01
0 0.155926 0.068524 0.01 0.01
0 0.249514 0.078423 0.01 0.01
0 0.305307 0.020830 0.01 0.01
0 0.335903 0.074823 0.01 0.01
0 0.387197 0.014531 0.01 0.01
0 0.430391 0.061325 0.01 0.01
0 0.474486 0.050526 0.01 0.01
0 0.460988 0.035228 0.01 0.01
0 0.419593 0.007332 0.01 0.01
0 0.501482 0.063125 0.01 0.01
0 0.488884 0.097320 0.01 0.01
0 0.442090 0.109919 0.01 0.01
0 0.341302 0.119818 0.01 0.01
0 0.361100 0.194508 0.01 0.01
0 0.382697 0.238603 0.01 0.01
0 0.249514 0.287197 0.01 0.01
0 0.147827 0.162112 0.01 0.01
0 0.048839 0.315093 0.01 0.01
0 0.097433 0.458175 0.01 0.01
0 0.158625 0.466274 0.01 0.01
0 0.233316 0.453676 0.01 0.01
0 0.346702 0.495971 0.01 0.01
0 0.356601 0.412281 0.01 0.01
0 0.526679 0.346589 0.01 0.01
0 0.647264 0.566162 0.01 0.01
0 0.698558 0.444677 0.01 0.01
0 0.808344 0.449176 0.01 0.01
0 0.791246 0.342090 0.01 0.01
0 0.676961 0.316893 0.01 0.01
0 0.706657 0.275498 0.01 0.01
0 0.676061 0.262000 0.01 0.01
0 0.631966 0.246702 0.01 0.01
0 0.594171 0.261100 0.01 0.01
0 0.590571 0.229604 0.01 0.01
0 0.578873 0.218805 0.01 0.01
0 0.597770 0.202607 0.01 0.01
0 0.566274 0.190009 0.01 0.01
0 0.544677 0.174711 0.01 0.01
0 0.513181 0.161212 0.01 0.01
0 0.583372 0.118018 0.01 0.01
0 0.536578 0.096421 0.01 0.01
0 0.567174 0.059525 0.01 0.01
0 0.549176 0.045127 0.01 0.01
0 0.550076 0.008232 0.01 0.01
0 0.516781 0.011831 0.01 0.01
0 0.586072 0.014531 0.01 0.01
0 0.584272 0.037928 0.01 0.01
0 0.612169 0.012731 0.01 0.01
0 0.612169 0.039728 0.01 0.01
0 0.631966 0.054126 0.01 0.01
0 0.659863 0.046927 0.01 0.01
0 0.666162 0.021730 0.01 0.01
0 0.652664 0.019930 0.01 0.01
0 0.695858 0.014531 0.01 0.01
0 0.709356 0.041527 0.01 0.01
0 0.710256 0.001932 0.01 0.01
0 0.743552 0.034328 0.01 0.01
0 0.821842 0.018130 0.01 0.01
0 0.822742 0.055026 0.01 0.01
0 0.742652 0.090121 0.01 0.01
0 0.746252 0.109919 0.01 0.01
0 0.773248 0.096421 0.01 0.01
0 0.694058 0.061325 0.01 0.01
0 0.702157 0.136016 0.01 0.01
0 0.661662 0.125217 0.01 0.01
0 0.664362 0.180110 0.01 0.01
0 0.710256 0.172911 0.01 0.01
0 0.761550 0.222405 0.01 0.01
0 0.800245 0.151314 0.01 0.01
0 0.817343 0.232304 0.01 0.01
0 0.845689 0.081122 0.01 0.01
0 0.867287 0.047827 0.01 0.01
0 0.848389 0.019930 0.01 0.01
0 0.884385 0.007332 0.01 0.01
0 0.921280 0.008232 0.01 0.01
0 0.917680 0.031629 0.01 0.01
0 0.907782 0.039728 0.01 0.01
0 0.952776 0.040628 0.01 0.01
0 0.974373 0.006432 0.01 0.01
0 1.017568 0.011831 0.01 0.01
0 1.051764 0.039728 0.01 0.01
0 1.039165 0.046927 0.01 0.01
0 0.969874 0.167512 0.01 0.01
0 0.929379 0.173811 0.01 0.01
0 0.888884 0.113518 0.01 0.01
0 0.871786 0.155813 0.01 0.01
0 0.840290 0.208907 0.01 0.01
0 0.887084 0.210706 0.01 0.01
0 0.891584 0.224205 0.01 0.01
0 1.031966 0.274598 0.01 0.01
0 1.141752 0.263800 0.01 0.01
0 1.077860 0.392484 0.01 0.01
0 1.094058 0.463575 0.01 0.01
0 1.017568 0.504970 0.01 0.01
0 1.507107 0.459975 0.01 0.01
0 1.494508 0.395183 0.01 0.01
0 1.403620 0.368187 0.01 0.01
0 1.412619 0.320493 0.01 0.01
0 1.425217 0.285397 0.01 0.01
0 1.378423 0.187309 0.01 0.01
0 1.291134 0.191809 0.01 0.01
0 1.296533 0.071224 0.01 0.01
0 1.319930 0.062225 0.01 0.01
0 1.246139 0.081122 0.01 0.01
0 1.182247 0.120718 0.01 0.01
0 1.209244 0.071224 0.01 0.01
0 1.217343 0.013631 0.01 0.01
0 1.178648 0.013631 0.01 0.01
0 1.150751 0.010931 0.01 0.01
0 1.124655 0.018130 0.01 0.01
0 1.118355 0.047827 0.01 0.01
0 1.095858 0.012731 0.01 0.01
0 1.088659 0.091021 0.01 0.01
0 1.119255 0.137815 0.01 0.01
0 1.238940 0.166612 0.01 0.01
0 1.289334 0.163012 0.01 0.01
0 0.854688 0.355588 0.01 0.01
0 0.901482 0.253901 0.01 0.01
0 0.864587 0.546364 0.01 0.01
0 0.028142 0.784722 0.01 0.01
0 0.206319 0.980898 0.01 0.01
0 0.195521 0.662337 0.01 0.01
0 0.299908 0.664137 0.01 0.01
0 0.508682 0.824317 0.01 0.01
0 0.539278 0.597545 0.01 0.01
0 1.169199 0.714531 0.01 0.01
0 0.462183 0.005740 0.01 0.01
0 0.096901 0.100412 0.01 0.01
0 0.023322 0.099409 0.01 0.01
0 0.216968 0.132519 0.01 0.01
0 0.242386 0.135864 0.01 0.01
0 0.026332 0.204760 0.01 0.01
0 0.096566 0.188038 0.01 0.01
0 0.178840 0.266633 0.01 0.01
0 0.319309 0.186031 0.01 0.01
0 0.282185 0.062285 0.01 0.01
0 0.332352 0.043222 0.01 0.01
0 0.274158 0.027837 0.01 0.01
0 0.400412 0.069392 0.01 0.01
0 0.234024 0.113707 0.01 0.01
0 0.402419 0.012536 0.01 0.01
0 0.416800 0.031265 0.01 0.01
0 0.457436 0.062703 0.01 0.01
0 0.355429 0.044559 0.01 0.01
0 0.469810 0.522653 0.01 0.01
0 0.777168 0.059610 0.01 0.01
0 0.884526 0.071650 0.01 0.01
0 0.887871 0.048907 0.01 0.01
0 0.944392 0.037536 0.01 0.01
0 0.957101 0.025496 0.01 0.01
0 0.996232 0.026499 0.01 0.01
0 1.015630 0.133188 0.01 0.01
0 1.016633 0.098406 0.01 0.01
0 1.018974 0.066633 0.01 0.01
0 1.001248 0.081683 0.01 0.01
0 0.967804 0.112787 0.01 0.01
0 1.236365 0.039877 0.01 0.01
0 1.268138 0.065295 0.01 0.01
0 1.062452 0.259442 0.01 0.01
0 1.108606 0.294225 0.01 0.01
0 1.125998 0.331014 0.01 0.01
0 1.380178 0.069978 0.01 0.01
0 1.303255 0.018807 0.01 0.01
