0 0.689061 0.782867 0.01 0.01
0 0.738972 0.716913 0.01 0.01
0 0.519721 0.819409 0.01 0.01
0 0.545567 0.753455 0.01 0.01
0 0.531307 0.976271 0.01 0.01
0 0.400291 0.984293 0.01 0.01
0 0.322751 0.877341 0.01 0.01
0 0.242537 0.855951 0.01 0.01
0 0.230059 0.781084 0.01 0.01
0 0.148954 0.765041 0.01 0.01
0 0.034872 0.732956 0.01 0.01
0 0.173018 0.694632 0.01 0.01
0 0.448419 0.757020 0.01 0.01
0 0.445746 0.723152 0.01 0.01
0 0.528633 0.689284 0.01 0.01
0 0.659649 0.658981 0.01 0.01
0 0.739863 0.657198 0.01 0.01
0 0.695300 0.569854 0.01 0.01
0 0.671236 0.531530 0.01 0.01
0 0.600826 0.555594 0.01 0.01
0 0.580327 0.511922 0.01 0.01
0 0.520612 0.493205 0.01 0.01
0 0.442181 0.592136 0.01 0.01
0 0.207778 0.572528 0.01 0.01
0 0.102608 0.555594 0.01 0.01
0 0.003678 0.515487 0.01 0.01
0 0.045567 0.384471 0.01 0.01
0 0.013482 0.331886 0.01 0.01
0 0.007243 0.277519 0.01 0.01
0 0.056263 0.234738 0.01 0.01
0 0.063393 0.199088 0.01 0.01
0 0.120434 0.242760 0.01 0.01
0 0.177475 0.186610 0.01 0.01
0 0.206886 0.224043 0.01 0.01
0 0.186387 0.312279 0.01 0.01
0 0.198865 0.344364 0.01 0.01
0 0.160541 0.396058 0.01 0.01
0 0.104391 0.364863 0.01 0.01
0 0.187279 0.428143 0.01 0.01
0 0.240755 0.376450 0.01 0.01
0 0.262145 0.441512 0.01 0.01
0 0.313838 0.487858 0.01 0.01
0 0.382466 0.487858 0.01 0.01
0 0.336120 0.383580 0.01 0.01
0 0.373553 0.322974 0.01 0.01
0 0.407421 0.388927 0.01 0.01
0 0.468919 0.407644 0.01 0.01
0 0.467136 0.344364 0.01 0.01
0 0.476049 0.299801 0.01 0.01
0 0.554480 0.376450 0.01 0.01
0 0.561610 0.296236 0.01 0.01
0 0.521503 0.226717 0.01 0.01
0 0.612412 0.380015 0.01 0.01
0 0.723820 0.443295 0.01 0.01
0 0.743428 0.393384 0.01 0.01
0 0.717582 0.315844 0.01 0.01
0 0.689061 0.240086 0.01 0.01
0 0.381574 0.167894 0.01 0.01
0 0.348598 0.203544 0.01 0.01
0 0.321860 0.173241 0.01 0.01
0 0.638839 0.138008 0.01 0.01
0 0.567614 0.131361 0.01 0.01
0 0.550520 0.100971 0.01 0.01
0 0.444157 0.130411 0.01 0.01
0 0.333046 0.092424 0.01 0.01
0 0.216237 0.081028 0.01 0.01
0 0.142163 0.131361 0.01 0.01
0 0.107025 0.073431 0.01 0.01
0 0.051208 0.043488 0.01 0.01
0 0.105085 0.026405 0.01 0.01
0 0.173416 0.042174 0.01 0.01
0 0.225978 0.042174 0.01 0.01
0 0.265400 0.048744 0.01 0.01
0 0.316649 0.031662 0.01 0.01
0 0.369211 0.014579 0.01 0.01
0 0.450683 0.040860 0.01 0.01
0 0.730578 0.011951 0.01 0.01
