0 0.162672 0.799854 0.01 0.01
0 0.265999 0.769325 0.01 0.01
0 0.352887 0.656605 0.01 0.01
0 0.374022 0.581458 0.01 0.01
0 0.265999 0.557975 0.01 0.01
0 0.223728 0.682437 0.01 0.01
0 0.188503 0.515705 0.01 0.01
0 0.028817 0.750539 0.01 0.01
0 0.470304 0.764629 0.01 0.01
0 0.608856 0.511008 0.01 0.01
0 0.803768 0.384198 0.01 0.01
0 1.158366 0.792809 0.01 0.01
0 1.569325 0.619032 0.01 0.01
0 1.520010 0.619032 0.01 0.01
0 1.569325 0.318445 0.01 0.01
0 1.555235 0.229208 0.01 0.01
0 1.585764 0.095353 0.01 0.01
0 1.588112 0.034296 0.01 0.01
0 1.498875 0.034296 0.01 0.01
0 1.440167 0.057779 0.01 0.01
0 1.292222 0.064824 0.01 0.01
0 1.294570 0.257388 0.01 0.01
0 1.289873 0.323141 0.01 0.01
0 1.167760 0.269130 0.01 0.01
0 1.181850 0.132926 0.01 0.01
0 1.160715 0.027251 0.01 0.01
0 1.087916 0.135274 0.01 0.01
0 1.092613 0.024903 0.01 0.01
0 1.026860 0.083611 0.01 0.01
0 1.024511 0.031948 0.01 0.01
0 0.909443 0.093004 0.01 0.01
0 0.916488 0.189286 0.01 0.01
0 0.944668 0.165803 0.01 0.01
0 1.022163 0.306703 0.01 0.01
0 0.709834 0.229208 0.01 0.01
0 0.716879 0.189286 0.01 0.01
0 0.674609 0.161106 0.01 0.01
0 0.759149 0.093004 0.01 0.01
0 0.698092 0.102398 0.01 0.01
0 0.721576 0.083611 0.01 0.01
0 0.801419 0.100049 0.01 0.01
0 0.829599 0.139971 0.01 0.01
0 0.878914 0.064824 0.01 0.01
0 0.831948 0.034296 0.01 0.01
0 0.745059 0.027251 0.01 0.01
0 0.709834 0.017858 0.01 0.01
0 0.669912 0.041341 0.01 0.01
0 0.632339 0.090656 0.01 0.01
0 0.634687 0.048386 0.01 0.01
0 0.571282 0.017858 0.01 0.01
0 0.543102 0.057779 0.01 0.01
0 0.498484 0.024903 0.01 0.01
0 0.355235 0.008464 0.01 0.01
0 0.352887 0.128229 0.01 0.01
0 0.460910 0.125881 0.01 0.01
0 0.484394 0.285568 0.01 0.01
0 0.444472 0.405333 0.01 0.01
0 0.310617 0.327838 0.01 0.01
0 0.310617 0.426468 0.01 0.01
0 0.172065 0.388895 0.01 0.01
0 0.012378 0.316096 0.01 0.01
0 0.028817 0.410030 0.01 0.01
0 0.021772 0.273826 0.01 0.01
0 0.064042 0.177545 0.01 0.01
0 0.038210 0.158758 0.01 0.01
0 0.085177 0.182241 0.01 0.01
0 0.181458 0.149364 0.01 0.01
0 0.233122 0.191635 0.01 0.01
0 0.284785 0.245646 0.01 0.01
0 0.381067 0.215118 0.01 0.01
0 0.273044 0.093004 0.01 0.01
0 0.296527 0.132926 0.01 0.01
0 0.592417 0.076566 0.01 0.01
0 0.325919 0.022523 0.01 0.01
0 0.378667 0.061684 0.01 0.01
0 0.381863 0.092053 0.01 0.01
0 0.287558 0.109636 0.01 0.01
0 0.161284 0.153592 0.01 0.01
0 0.671973 0.008137 0.01 0.01
0 0.784661 0.118427 0.01 0.01
0 0.561684 0.082463 0.01 0.01
0 0.563282 0.061684 0.01 0.01
0 0.515330 0.056089 0.01 0.01
0 1.239806 1.082163 0.01 0.01
0 0.164125 0.258105 0.01 0.01
0 0.328004 0.200580 0.01 0.01
0 0.427670 0.140546 0.01 0.01
0 0.406265 0.100412 0.01 0.01
0 0.352085 0.052586 0.01 0.01
0 0.390546 0.025496 0.01 0.01
0 0.402252 0.003088 0.01 0.01
0 0.469476 0.069978 0.01 0.01
0 0.496901 0.160947 0.01 0.01
0 1.206265 0.357101 0.01 0.01
0 1.085529 0.081683 0.01 0.01
0 1.224994 0.073991 0.01 0.01
0 0.936700 0.021315 0.01 0.01
0 0.983523 0.036533 0.01 0.01
0 1.046733 0.045897 0.01 0.01
0 1.495897 0.475830 0.01 0.01
0 0.661115 0.382185 0.01 0.01
0 0.757436 0.786198 0.01 0.01
0 0.455763 0.307269 0.01 0.01
0 0.614961 0.030178 0.01 0.01
