0 0.202070 0.835566 0.01 0.01
0 0.016488 0.705485 0.01 0.01
0 0.106678 0.507762 0.01 0.01
0 0.320011 0.533778 0.01 0.01
0 0.559360 0.533778 0.01 0.01
0 0.724130 0.910146 0.01 0.01
0 0.970417 0.549388 0.01 0.01
0 1.400553 0.702016 0.01 0.01
0 1.345051 0.564997 0.01 0.01
0 1.209767 0.490417 0.01 0.01
0 1.351989 0.381149 0.01 0.01
0 1.544509 0.447057 0.01 0.01
0 1.258331 0.346461 0.01 0.01
0 1.341583 0.292694 0.01 0.01
0 1.410959 0.287491 0.01 0.01
0 1.495946 0.287491 0.01 0.01
0 1.570526 0.197301 0.01 0.01
0 1.518493 0.211176 0.01 0.01
0 1.462992 0.245864 0.01 0.01
0 1.421366 0.216379 0.01 0.01
0 1.384943 0.193832 0.01 0.01
0 1.296488 0.268412 0.01 0.01
0 1.209767 0.323913 0.01 0.01
0 1.128249 0.365539 0.01 0.01
0 1.050201 0.304835 0.01 0.01
0 1.103967 0.284022 0.01 0.01
0 0.986027 0.315241 0.01 0.01
0 1.162938 0.230255 0.01 0.01
0 1.140390 0.271881 0.01 0.01
0 0.914916 0.323913 0.01 0.01
0 0.835133 0.303100 0.01 0.01
0 0.802179 0.289225 0.01 0.01
0 0.878493 0.273615 0.01 0.01
0 0.670363 0.327382 0.01 0.01
0 0.597518 0.427978 0.01 0.01
0 0.509062 0.408900 0.01 0.01
0 0.320011 0.417572 0.01 0.01
0 0.245431 0.427978 0.01 0.01
0 0.150038 0.415837 0.01 0.01
0 0.063317 0.427978 0.01 0.01
0 0.007816 0.386352 0.01 0.01
0 0.117084 0.334320 0.01 0.01
0 0.210743 0.346461 0.01 0.01
0 0.233290 0.342992 0.01 0.01
0 0.290526 0.349930 0.01 0.01
0 0.323480 0.303100 0.01 0.01
0 0.424076 0.323913 0.01 0.01
0 0.446623 0.327382 0.01 0.01
0 0.548954 0.327382 0.01 0.01
0 0.055295 0.316108 0.01 0.01
0 0.083913 0.331718 0.01 0.01
0 0.011935 0.320444 0.01 0.01
0 0.015404 0.290959 0.01 0.01
0 0.026678 0.267545 0.01 0.01
0 0.038818 0.253669 0.01 0.01
0 0.012802 0.247599 0.01 0.01
0 0.006732 0.228520 0.01 0.01
0 0.022341 0.231989 0.01 0.01
0 0.046623 0.238060 0.01 0.01
0 0.064835 0.228520 0.01 0.01
0 0.074374 0.224184 0.01 0.01
0 0.085648 0.236325 0.01 0.01
0 0.083913 0.267545 0.01 0.01
0 0.059631 0.275350 0.01 0.01
0 0.184509 0.304835 0.01 0.01
0 0.180173 0.329984 0.01 0.01
0 0.225268 0.286623 0.01 0.01
0 0.193182 0.277084 0.01 0.01
0 0.263425 0.303967 0.01 0.01
0 0.265160 0.273615 0.01 0.01
0 0.223534 0.250201 0.01 0.01
0 0.171501 0.263209 0.01 0.01
0 0.140282 0.259740 0.01 0.01
0 0.115133 0.249333 0.01 0.01
0 0.110797 0.225919 0.01 0.01
0 0.114266 0.218114 0.01 0.01
0 0.157626 0.212911 0.01 0.01
0 0.166298 0.228520 0.01 0.01
0 0.157626 0.231989 0.01 0.01
0 0.150688 0.236325 0.01 0.01
0 0.179306 0.218981 0.01 0.01
0 0.189713 0.236325 0.01 0.01
0 0.200986 0.248466 0.01 0.01
0 0.219198 0.230255 0.01 0.01
0 0.200986 0.218981 0.01 0.01
0 0.206190 0.206840 0.01 0.01
0 0.213995 0.217247 0.01 0.01
0 0.219198 0.205106 0.01 0.01
0 0.233940 0.222450 0.01 0.01
0 0.253019 0.238060 0.01 0.01
0 0.250417 0.218981 0.01 0.01
0 0.246081 0.205106 0.01 0.01
0 0.264293 0.203371 0.01 0.01
0 0.272098 0.214645 0.01 0.01
0 0.288575 0.244130 0.01 0.01
0 0.298981 0.222450 0.01 0.01
0 0.287707 0.208575 0.01 0.01
0 0.301583 0.200770 0.01 0.01
0 0.311122 0.214645 0.01 0.01
0 0.324997 0.212911 0.01 0.01
0 0.336271 0.224184 0.01 0.01
0 0.332802 0.242396 0.01 0.01
0 0.396108 0.312640 0.01 0.01
0 0.361420 0.341257 0.01 0.01
0 0.617247 0.329117 0.01 0.01
0 0.586894 0.283154 0.01 0.01
0 0.590363 0.238060 0.01 0.01
0 0.561745 0.225919 0.01 0.01
0 0.529659 0.269279 0.01 0.01
0 0.470688 0.269279 0.01 0.01
0 0.412585 0.245864 0.01 0.01
0 0.397843 0.275350 0.01 0.01
0 0.377030 0.263209 0.01 0.01
0 0.351014 0.257138 0.01 0.01
0 0.376163 0.250201 0.01 0.01
0 0.370959 0.238060 0.01 0.01
0 0.367491 0.228520 0.01 0.01
0 0.358818 0.211176 0.01 0.01
0 0.392640 0.224184 0.01 0.01
0 0.375295 0.214645 0.01 0.01
0 0.382233 0.205106 0.01 0.01
0 0.367491 0.192965 0.01 0.01
0 0.351014 0.195566 0.01 0.01
0 0.383100 0.189496 0.01 0.01
0 0.396108 0.193832 0.01 0.01
0 0.407382 0.186027 0.01 0.01
0 0.426461 0.214645 0.01 0.01
0 0.441203 0.209442 0.01 0.01
0 0.462883 0.209442 0.01 0.01
0 0.455079 0.226786 0.01 0.01
0 0.462883 0.232856 0.01 0.01
0 0.449008 0.200770 0.01 0.01
0 0.456813 0.197301 0.01 0.01
0 0.427328 0.195566 0.01 0.01
0 0.453344 0.181691 0.01 0.01
0 0.463751 0.178222 0.01 0.01
0 0.481962 0.175621 0.01 0.01
0 0.482829 0.189496 0.01 0.01
0 0.474157 0.199035 0.01 0.01
0 0.480228 0.214645 0.01 0.01
0 0.500173 0.214645 0.01 0.01
0 0.507978 0.238060 0.01 0.01
0 0.527924 0.289225 0.01 0.01
0 0.508846 0.283154 0.01 0.01
0 0.534862 0.214645 0.01 0.01
0 0.522721 0.220715 0.01 0.01
0 0.527924 0.181691 0.01 0.01
0 0.520986 0.175621 0.01 0.01
0 0.501908 0.189496 0.01 0.01
0 0.541799 0.193832 0.01 0.01
0 0.544401 0.181691 0.01 0.01
0 0.560011 0.200770 0.01 0.01
0 0.554808 0.186027 0.01 0.01
0 0.555675 0.170417 0.01 0.01
0 0.562612 0.175621 0.01 0.01
0 0.570417 0.179957 0.01 0.01
0 0.583425 0.178222 0.01 0.01
0 0.579957 0.192965 0.01 0.01
0 0.586894 0.206840 0.01 0.01
0 0.594699 0.218981 0.01 0.01
0 0.614645 0.200770 0.01 0.01
0 0.593832 0.191230 0.01 0.01
0 0.612911 0.177355 0.01 0.01
0 0.601637 0.172152 0.01 0.01
0 0.607707 0.161745 0.01 0.01
0 0.624184 0.167816 0.01 0.01
0 0.633724 0.166081 0.01 0.01
0 0.644997 0.167816 0.01 0.01
0 0.638060 0.187762 0.01 0.01
0 0.650201 0.187762 0.01 0.01
0 0.658005 0.179957 0.01 0.01
0 0.666678 0.175621 0.01 0.01
0 0.684022 0.177355 0.01 0.01
0 0.660607 0.162612 0.01 0.01
0 0.696163 0.173886 0.01 0.01
0 0.708304 0.179957 0.01 0.01
0 0.696163 0.166081 0.01 0.01
0 0.701366 0.201637 0.01 0.01
0 0.684022 0.199035 0.01 0.01
0 0.673615 0.225051 0.01 0.01
0 0.639794 0.231989 0.01 0.01
0 0.677084 0.249333 0.01 0.01
0 0.737789 0.280553 0.01 0.01
0 0.729984 0.241528 0.01 0.01
0 0.728249 0.224184 0.01 0.01
0 0.722179 0.203371 0.01 0.01
0 0.739523 0.199035 0.01 0.01
0 0.763805 0.250201 0.01 0.01
0 0.774211 0.232856 0.01 0.01
0 0.776813 0.203371 0.01 0.01
0 0.759469 0.181691 0.01 0.01
0 0.787220 0.181691 0.01 0.01
0 0.743859 0.179957 0.01 0.01
0 0.722179 0.169550 0.01 0.01
0 0.723046 0.156542 0.01 0.01
0 0.708304 0.162612 0.01 0.01
0 0.742125 0.158276 0.01 0.01
0 0.736921 0.152206 0.01 0.01
0 0.754266 0.160011 0.01 0.01
0 0.769008 0.166081 0.01 0.01
0 0.775079 0.156542 0.01 0.01
0 0.794157 0.164347 0.01 0.01
0 0.785485 0.158276 0.01 0.01
0 0.762070 0.147003 0.01 0.01
0 0.927057 0.239360 0.01 0.01
0 0.955675 0.261908 0.01 0.01
0 1.070146 0.228087 0.01 0.01
0 1.055404 0.212477 0.01 0.01
0 1.015512 0.235892 0.01 0.01
0 0.979957 0.200336 0.01 0.01
0 0.939198 0.222883 0.01 0.01
0 0.914916 0.212477 0.01 0.01
0 0.848141 0.243696 0.01 0.01
0 0.827328 0.195133 0.01 0.01
0 0.811718 0.204672 0.01 0.01
0 0.797843 0.220282 0.01 0.01
0 0.849008 0.201203 0.01 0.01
0 0.853344 0.182992 0.01 0.01
0 0.870688 0.191664 0.01 0.01
0 0.842938 0.165648 0.01 0.01
0 0.831664 0.169984 0.01 0.01
0 0.827328 0.159577 0.01 0.01
0 0.811718 0.163913 0.01 0.01
0 0.808249 0.151772 0.01 0.01
0 0.815187 0.142233 0.01 0.01
0 0.785702 0.148304 0.01 0.01
0 0.835133 0.150038 0.01 0.01
0 0.851610 0.143967 0.01 0.01
0 0.858547 0.150038 0.01 0.01
0 0.860282 0.169984 0.01 0.01
0 0.860282 0.157843 0.01 0.01
0 0.870688 0.160444 0.01 0.01
0 0.878493 0.146569 0.01 0.01
0 0.890634 0.146569 0.01 0.01
0 0.891501 0.177789 0.01 0.01
0 0.886298 0.163913 0.01 0.01
0 0.903642 0.169984 0.01 0.01
0 0.912314 0.173453 0.01 0.01
0 0.930526 0.189062 0.01 0.01
0 0.929659 0.157843 0.01 0.01
0 0.920986 0.148304 0.01 0.01
0 0.917518 0.138764 0.01 0.01
0 0.907111 0.134428 0.01 0.01
0 0.927057 0.142233 0.01 0.01
0 0.934862 0.140499 0.01 0.01
0 0.940932 0.156108 0.01 0.01
0 0.951339 0.157843 0.01 0.01
0 0.971285 0.165648 0.01 0.01
0 0.948737 0.182992 0.01 0.01
0 0.992098 0.169984 0.01 0.01
0 0.992098 0.156108 0.01 0.01
0 0.979957 0.146569 0.01 0.01
0 0.973886 0.140499 0.01 0.01
0 0.966949 0.136163 0.01 0.01
0 0.955675 0.136163 0.01 0.01
0 1.036325 0.165648 0.01 0.01
0 1.025051 0.173453 0.01 0.01
0 1.043263 0.187328 0.01 0.01
0 1.124780 0.202938 0.01 0.01
0 1.102233 0.185593 0.01 0.01
0 1.062341 0.179523 0.01 0.01
0 1.169875 0.173453 0.01 0.01
0 0.983425 0.130959 0.01 0.01
0 1.019848 0.140499 0.01 0.01
0 1.039794 0.142233 0.01 0.01
0 1.076217 0.157843 0.01 0.01
0 1.086623 0.136163 0.01 0.01
0 1.120444 0.169984 0.01 0.01
0 1.147328 0.151772 0.01 0.01
0 1.134320 0.146569 0.01 0.01
0 1.112640 0.140499 0.01 0.01
0 1.119577 0.136163 0.01 0.01
0 1.068412 0.138764 0.01 0.01
0 1.063209 0.142233 0.01 0.01
0 1.058005 0.129225 0.01 0.01
0 1.129117 0.126623 0.01 0.01
0 1.136054 0.132694 0.01 0.01
0 1.144726 0.124889 0.01 0.01
0 1.156000 0.134428 0.01 0.01
0 1.159469 0.123154 0.01 0.01
0 1.168141 0.126623 0.01 0.01
0 1.194157 0.136163 0.01 0.01
0 1.226244 0.132694 0.01 0.01
0 1.215837 0.132694 0.01 0.01
0 1.252260 0.169984 0.01 0.01
0 1.226244 0.154374 0.01 0.01
0 1.199360 0.162179 0.01 0.01
0 1.242721 0.196867 0.01 0.01
0 1.254862 0.215079 0.01 0.01
0 1.300824 0.173453 0.01 0.01
0 1.286081 0.151772 0.01 0.01
0 1.267870 0.109279 0.01 0.01
0 1.284347 0.114482 0.01 0.01
0 1.271339 0.129225 0.01 0.01
0 1.252260 0.138764 0.01 0.01
0 1.257463 0.121420 0.01 0.01
0 1.247057 0.116217 0.01 0.01
0 1.235783 0.114482 0.01 0.01
0 1.207165 0.117084 0.01 0.01
0 1.196759 0.124889 0.01 0.01
0 1.183751 0.124889 0.01 0.01
0 1.296488 0.126623 0.01 0.01
0 1.306027 0.130959 0.01 0.01
0 1.311230 0.123154 0.01 0.01
0 1.311230 0.113615 0.01 0.01
0 1.300824 0.108412 0.01 0.01
0 1.293886 0.218547 0.01 0.01
0 1.359144 0.181257 0.01 0.01
0 1.375621 0.157843 0.01 0.01
0 1.343534 0.157843 0.01 0.01
0 1.344401 0.132694 0.01 0.01
0 1.377355 0.142233 0.01 0.01
0 1.394699 0.136163 0.01 0.01
0 1.420715 0.138764 0.01 0.01
0 1.450201 0.177789 0.01 0.01
0 1.473615 0.159577 0.01 0.01
0 1.437192 0.151772 0.01 0.01
0 1.443263 0.134428 0.01 0.01
0 1.464076 0.121420 0.01 0.01
0 1.470146 0.140499 0.01 0.01
0 1.500499 0.157843 0.01 0.01
0 1.506569 0.171718 0.01 0.01
0 1.486623 0.183859 0.01 0.01
0 1.539523 0.177789 0.01 0.01
0 1.549930 0.159577 0.01 0.01
0 1.534320 0.144835 0.01 0.01
0 1.562938 0.143967 0.01 0.01
0 1.582016 0.152640 0.01 0.01
0 1.594157 0.134428 0.01 0.01
0 1.571610 0.129225 0.01 0.01
0 1.582016 0.118818 0.01 0.01
0 1.571610 0.120553 0.01 0.01
0 1.538656 0.124889 0.01 0.01
0 1.507436 0.117084 0.01 0.01
0 1.482287 0.110146 0.01 0.01
0 1.490959 0.106678 0.01 0.01
0 1.509171 0.099740 0.01 0.01
0 1.516108 0.091935 0.01 0.01
0 1.540390 0.102341 0.01 0.01
0 1.557734 0.091068 0.01 0.01
0 1.569008 0.099740 0.01 0.01
0 1.436325 0.117084 0.01 0.01
0 1.455404 0.117084 0.01 0.01
0 1.443263 0.103209 0.01 0.01
0 1.427653 0.117084 0.01 0.01
0 1.391230 0.117084 0.01 0.01
0 1.362612 0.114482 0.01 0.01
0 1.376488 0.109279 0.01 0.01
0 1.354808 0.104076 0.01 0.01
0 1.418981 0.107545 0.01 0.01
0 1.411176 0.111014 0.01 0.01
0 1.331393 0.123154 0.01 0.01
0 1.325322 0.142233 0.01 0.01
0 0.996249 0.127251 0.01 0.01
0 1.005040 0.132046 0.01 0.01
0 1.023421 0.131247 0.01 0.01
0 1.034610 0.126452 0.01 0.01
0 1.044201 0.123255 0.01 0.01
0 1.041803 0.133645 0.01 0.01
0 1.071374 0.119259 0.01 0.01
0 1.077767 0.121657 0.01 0.01
0 1.075370 0.125653 0.01 0.01
0 1.060984 0.122456 0.01 0.01
0 1.087358 0.120857 0.01 0.01
0 1.092952 0.123255 0.01 0.01
0 1.100944 0.118460 0.01 0.01
0 1.104141 0.131247 0.01 0.01
0 1.109735 0.124054 0.01 0.01
0 0.660584 0.156821 0.01 0.01
0 0.671773 0.155223 0.01 0.01
0 0.681364 0.155223 0.01 0.01
0 0.689356 0.156022 0.01 0.01
0 0.697348 0.153625 0.01 0.01
0 0.705340 0.155223 0.01 0.01
0 0.714131 0.151227 0.01 0.01
0 1.223621 0.114464 0.01 0.01
0 1.199645 0.116861 0.01 0.01
0 1.193252 0.116861 0.01 0.01
0 1.190055 0.116861 0.01 0.01
0 1.178067 0.113665 0.01 0.01
0 1.166878 0.113665 0.01 0.01
0 1.174870 0.121657 0.01 0.01
0 1.144500 0.118460 0.01 0.01
0 1.131713 0.116861 0.01 0.01
0 1.121324 0.119259 0.01 0.01
0 1.335509 0.100078 0.01 0.01
0 1.328317 0.109669 0.01 0.01
0 1.325919 0.102476 0.01 0.01
0 1.340305 0.108869 0.01 0.01
0 1.369076 0.100078 0.01 0.01
0 1.382662 0.100877 0.01 0.01
0 1.390654 0.103275 0.01 0.01
0 1.398646 0.105673 0.01 0.01
0 1.402642 0.099279 0.01 0.01
0 1.415429 0.096082 0.01 0.01
0 1.425020 0.096082 0.01 0.01
0 1.429016 0.102476 0.01 0.01
0 1.437807 0.096082 0.01 0.01
0 1.449795 0.100078 0.01 0.01
0 1.457787 0.098480 0.01 0.01
0 1.453791 0.088889 0.01 0.01
0 1.469775 0.096881 0.01 0.01
0 1.484960 0.094484 0.01 0.01
0 1.471374 0.103275 0.01 0.01
0 1.490554 0.089689 0.01 0.01
0 1.501743 0.090488 0.01 0.01
0 1.524121 0.097681 0.01 0.01
0 1.540105 0.090488 0.01 0.01
0 1.574470 0.092086 0.01 0.01
0 1.580065 0.090488 0.01 0.01
0 1.593651 0.088889 0.01 0.01
