0 0.513881 0.924596 0.01 0.01
0 1.002843 0.825245 0.01 0.01
0 0.948297 0.792128 0.01 0.01
0 0.850894 0.642128 0.01 0.01
0 0.730115 0.665505 0.01 0.01
0 0.679466 0.706414 0.01 0.01
0 0.624920 0.642128 0.01 0.01
0 0.227518 0.575894 0.01 0.01
0 0.007388 0.607063 0.01 0.01
0 0.001544 0.698622 0.01 0.01
0 0.071674 0.492128 0.01 0.01
0 0.116479 0.459011 0.01 0.01
0 0.108687 0.449271 0.01 0.01
0 0.163232 0.429791 0.01 0.01
0 0.330765 0.513557 0.01 0.01
0 0.311284 0.482388 0.01 0.01
0 0.322972 0.410310 0.01 0.01
0 1.230765 0.903167 0.01 0.01
0 1.250245 0.675245 0.01 0.01
0 1.236609 0.599271 0.01 0.01
0 1.384661 0.653817 0.01 0.01
0 1.513232 0.601219 0.01 0.01
0 1.587258 0.486284 0.01 0.01
0 1.548297 0.449271 0.01 0.01
0 1.474271 0.390830 0.01 0.01
0 1.415830 0.421998 0.01 0.01
0 1.577518 0.318752 0.01 0.01
0 1.550245 0.312907 0.01 0.01
0 1.598946 0.349920 0.01 0.01
0 0.671674 0.511609 0.01 0.01
0 0.648297 0.499920 0.01 0.01
0 0.687258 0.464855 0.01 0.01
0 0.730115 0.472648 0.01 0.01
0 0.621024 0.437583 0.01 0.01
0 0.595700 0.427843 0.01 0.01
0 0.396998 0.513557 0.01 0.01
0 0.282388 0.407875 0.01 0.01
0 0.356414 0.342615 0.01 0.01
0 0.294076 0.288070 0.01 0.01
0 0.242453 0.297810 0.01 0.01
0 0.240505 0.275407 0.01 0.01
0 0.121674 0.428330 0.01 0.01
0 0.013557 0.274433 0.01 0.01
0 0.059336 0.262745 0.01 0.01
0 0.039855 0.264693 0.01 0.01
0 0.030115 0.259823 0.01 0.01
0 0.381739 0.349433 0.01 0.01
0 0.376868 0.325083 0.01 0.01
0 0.456739 0.366966 0.01 0.01
0 0.419726 0.373784 0.01 0.01
0 0.474271 0.322161 0.01 0.01
0 0.510310 0.336771 0.01 0.01
0 0.502518 0.332875 0.01 0.01
0 0.657388 0.254953 0.01 0.01
0 0.660310 0.246187 0.01 0.01
0 0.663232 0.251057 0.01 0.01
0 0.644726 0.247161 0.01 0.01
0 0.682713 0.249109 0.01 0.01
0 0.706089 0.248135 0.01 0.01
0 0.741154 0.261771 0.01 0.01
0 0.746998 0.276381 0.01 0.01
0 0.757713 0.274433 0.01 0.01
0 0.775245 0.268589 0.01 0.01
0 0.791804 0.288070 0.01 0.01
0 0.661284 0.338719 0.01 0.01
0 0.637907 0.349433 0.01 0.01
0 0.611609 0.340667 0.01 0.01
0 0.577518 0.351381 0.01 0.01
0 0.796674 0.385472 0.01 0.01
0 0.796674 0.353330 0.01 0.01
0 0.651544 0.237420 0.01 0.01
0 0.849920 0.231576 0.01 0.01
0 0.877193 0.239368 0.01 0.01
0 0.885959 0.245213 0.01 0.01
0 0.917128 0.261771 0.01 0.01
0 0.911284 0.254953 0.01 0.01
0 0.888881 0.283200 0.01 0.01
0 0.855765 0.278330 0.01 0.01
0 0.845050 0.278330 0.01 0.01
0 0.831414 0.283200 0.01 0.01
0 0.834336 0.296836 0.01 0.01
0 0.818752 0.344563 0.01 0.01
0 0.887907 0.305602 0.01 0.01
0 0.909336 0.305602 0.01 0.01
0 0.935635 0.285148 0.01 0.01
0 0.933687 0.265667 0.01 0.01
0 0.914206 0.351381 0.01 0.01
0 0.897648 0.349433 0.01 0.01
0 0.903979 0.293670 0.01 0.01
0 0.877680 0.315099 0.01 0.01
0 0.958524 0.282469 0.01 0.01
0 0.964855 0.292209 0.01 0.01
0 0.971187 0.299515 0.01 0.01
0 0.960472 0.259580 0.01 0.01
0 0.956089 0.262989 0.01 0.01
0 0.991641 0.241560 0.01 0.01
0 0.996998 0.236203 0.01 0.01
0 0.990180 0.229872 0.01 0.01
0 0.997485 0.224515 0.01 0.01
0 0.988719 0.216235 0.01 0.01
0 1.015505 0.219157 0.01 0.01
0 1.014044 0.229385 0.01 0.01
0 1.023297 0.231820 0.01 0.01
0 1.025245 0.242534 0.01 0.01
0 1.034011 0.233281 0.01 0.01
0 1.039855 0.223054 0.01 0.01
0 1.050570 0.221105 0.01 0.01
0 1.048135 0.231820 0.01 0.01
0 1.035959 0.217696 0.01 0.01
0 1.075407 0.247891 0.01 0.01
0 1.092940 0.244482 0.01 0.01
0 1.125570 0.240099 0.01 0.01
0 1.130927 0.238151 0.01 0.01
0 1.120700 0.269807 0.01 0.01
0 1.114368 0.278573 0.01 0.01
0 1.070050 0.264937 0.01 0.01
0 1.050083 0.272729 0.01 0.01
0 1.090505 0.298054 0.01 0.01
0 1.044239 0.309742 0.01 0.01
0 1.044239 0.319969 0.01 0.01
0 1.044726 0.336528 0.01 0.01
0 1.026219 0.346755 0.01 0.01
0 1.011122 0.327761 0.01 0.01
0 1.004791 0.274190 0.01 0.01
0 1.001868 0.262989 0.01 0.01
0 1.133362 0.284417 0.01 0.01
0 1.136284 0.240099 0.01 0.01
0 1.141641 0.204547 0.01 0.01
0 1.134823 0.200651 0.01 0.01
0 1.138232 0.210878 0.01 0.01
0 1.140667 0.318508 0.01 0.01
0 1.129466 0.352599 0.01 0.01
0 1.114368 0.347729 0.01 0.01
0 1.068102 0.366235 0.01 0.01
0 1.039368 0.367696 0.01 0.01
0 0.971674 0.373054 0.01 0.01
0 0.680440 0.244482 0.01 0.01
0 0.720375 0.248865 0.01 0.01
0 0.690180 0.254709 0.01 0.01
0 0.697485 0.247891 0.01 0.01
0 1.597972 0.155846 0.01 0.01
0 1.597972 0.157794 0.01 0.01
0 1.597485 0.164612 0.01 0.01
0 1.595537 0.178248 0.01 0.01
0 1.588232 0.173378 0.01 0.01
0 1.588232 0.159255 0.01 0.01
0 1.588232 0.158281 0.01 0.01
0 1.589693 0.155846 0.01 0.01
0 1.579953 0.155846 0.01 0.01
0 1.570213 0.161690 0.01 0.01
0 1.565343 0.168021 0.01 0.01
0 1.565343 0.174839 0.01 0.01
0 1.571674 0.176300 0.01 0.01
0 1.575570 0.180683 0.01 0.01
0 1.577031 0.166073 0.01 0.01
0 1.578979 0.161203 0.01 0.01
0 1.568752 0.187502 0.01 0.01
0 1.560472 0.183605 0.01 0.01
0 1.578005 0.205521 0.01 0.01
0 1.584336 0.190911 0.01 0.01
0 1.591154 0.213800 0.01 0.01
0 1.578492 0.217696 0.01 0.01
0 1.596511 0.228411 0.01 0.01
0 1.573622 0.229385 0.01 0.01
0 1.549758 0.229385 0.01 0.01
0 1.553167 0.214287 0.01 0.01
0 1.545375 0.203573 0.01 0.01
0 1.528330 0.210878 0.01 0.01
0 1.540992 0.222567 0.01 0.01
0 1.532226 0.222567 0.01 0.01
0 1.566804 0.248865 0.01 0.01
0 1.513232 0.222567 0.01 0.01
0 1.505440 0.217696 0.01 0.01
0 1.495213 0.216722 0.01 0.01
0 1.494239 0.211365 0.01 0.01
0 1.496187 0.207469 0.01 0.01
0 1.492778 0.205521 0.01 0.01
0 1.488394 0.196268 0.01 0.01
0 1.499596 0.194320 0.01 0.01
0 1.482550 0.192859 0.01 0.01
0 1.474271 0.192859 0.01 0.01
0 1.465018 0.196268 0.01 0.01
0 1.478654 0.207469 0.01 0.01
0 1.482063 0.201138 0.01 0.01
0 1.467940 0.226950 0.01 0.01
0 1.470375 0.242534 0.01 0.01
0 1.470862 0.254222 0.01 0.01
0 1.448459 0.257631 0.01 0.01
0 1.455278 0.229385 0.01 0.01
0 1.441641 0.221593 0.01 0.01
0 1.448946 0.209904 0.01 0.01
0 1.432875 0.218183 0.01 0.01
0 1.435797 0.197242 0.01 0.01
0 1.427518 0.195294 0.01 0.01
0 1.422161 0.210391 0.01 0.01
0 1.420213 0.212339 0.01 0.01
0 1.413394 0.219157 0.01 0.01
0 1.410959 0.206495 0.01 0.01
0 1.403654 0.211365 0.01 0.01
0 1.391479 0.203086 0.01 0.01
0 1.367128 0.206495 0.01 0.01
0 1.360797 0.205521 0.01 0.01
0 1.355927 0.200164 0.01 0.01
0 1.343752 0.199677 0.01 0.01
0 1.334498 0.199677 0.01 0.01
0 1.319888 0.203086 0.01 0.01
0 1.319888 0.192859 0.01 0.01
0 1.315992 0.193833 0.01 0.01
0 1.306739 0.202112 0.01 0.01
0 1.297972 0.202112 0.01 0.01
0 1.271674 0.206495 0.01 0.01
0 1.266317 0.203573 0.01 0.01
0 1.251219 0.196268 0.01 0.01
0 1.243914 0.204060 0.01 0.01
0 1.240505 0.198703 0.01 0.01
0 1.230765 0.197242 0.01 0.01
0 1.312583 0.213313 0.01 0.01
0 1.311122 0.247404 0.01 0.01
0 1.254141 0.249839 0.01 0.01
0 1.231252 0.236203 0.01 0.01
0 1.331089 0.214287 0.01 0.01
0 1.341804 0.244482 0.01 0.01
0 1.360310 0.223541 0.01 0.01
0 1.385148 0.224028 0.01 0.01
0 1.395862 0.254709 0.01 0.01
0 1.381739 0.246430 0.01 0.01
0 1.409011 0.249839 0.01 0.01
0 1.419726 0.237664 0.01 0.01
0 1.429466 0.229385 0.01 0.01
0 1.515667 0.220131 0.01 0.01
0 1.416804 0.305359 0.01 0.01
0 1.464044 0.307794 0.01 0.01
0 1.408524 0.299028 0.01 0.01
0 1.394888 0.283443 0.01 0.01
0 1.371024 0.285878 0.01 0.01
0 1.355927 0.304872 0.01 0.01
0 1.374433 0.312177 0.01 0.01
0 1.332063 0.261041 0.01 0.01
0 1.367128 0.252761 0.01 0.01
0 1.371511 0.247404 0.01 0.01
0 1.350570 0.246430 0.01 0.01
0 1.337907 0.250813 0.01 0.01
0 1.366641 0.223541 0.01 0.01
0 1.290180 0.294157 0.01 0.01
0 1.342291 0.317534 0.01 0.01
0 1.275083 0.303898 0.01 0.01
0 1.245375 0.292696 0.01 0.01
0 1.233200 0.319482 0.01 0.01
0 1.202518 0.310716 0.01 0.01
0 1.217128 0.279060 0.01 0.01
0 1.223459 0.253248 0.01 0.01
0 1.209823 0.252761 0.01 0.01
0 1.211284 0.242047 0.01 0.01
0 1.218589 0.246430 0.01 0.01
0 1.219076 0.224515 0.01 0.01
0 1.208362 0.225976 0.01 0.01
0 1.205927 0.216722 0.01 0.01
0 1.161122 0.216235 0.01 0.01
0 1.168427 0.221105 0.01 0.01
0 1.163557 0.207469 0.01 0.01
0 1.162096 0.201138 0.01 0.01
0 1.155278 0.199190 0.01 0.01
0 1.198622 0.226950 0.01 0.01
0 1.190830 0.245456 0.01 0.01
0 1.197161 0.245943 0.01 0.01
0 1.196187 0.238151 0.01 0.01
0 1.178167 0.244482 0.01 0.01
0 1.172323 0.239612 0.01 0.01
0 1.159661 0.246917 0.01 0.01
0 1.168914 0.309742 0.01 0.01
0 1.193265 0.302924 0.01 0.01
0 1.117291 0.329709 0.01 0.01
0 1.205927 0.383768 0.01 0.01
0 1.234661 0.366722 0.01 0.01
0 1.178167 0.353573 0.01 0.01
0 1.015992 0.219157 0.01 0.01
0 1.008200 0.214287 0.01 0.01
0 1.029141 0.269563 0.01 0.01
0 1.109011 0.414693 0.01 0.01
0 1.071024 0.426381 0.01 0.01
0 1.594726 0.262745 0.01 0.01
0 0.506265 0.248740 0.01 0.01
0 0.536365 0.255763 0.01 0.01
