0 0.099345 0.742631 0.01 0.01
0 0.159691 0.703487 0.01 0.01
0 0.068356 0.649664 0.01 0.01
0 0.100976 0.610520 0.01 0.01
0 0.037367 0.626830 0.01 0.01
0 0.311373 0.829073 0.01 0.01
0 0.370089 0.835597 0.01 0.01
0 0.363565 0.771988 0.01 0.01
0 0.365196 0.713273 0.01 0.01
0 0.264075 0.701856 0.01 0.01
0 0.428805 0.763833 0.01 0.01
0 0.525033 0.822549 0.01 0.01
0 0.557653 0.758940 0.01 0.01
0 0.590272 0.705118 0.01 0.01
0 0.552760 0.672498 0.01 0.01
0 0.639202 0.672498 0.01 0.01
0 0.670191 0.749155 0.01 0.01
0 0.606582 0.822549 0.01 0.01
0 0.745216 0.832335 0.01 0.01
0 0.828397 0.788298 0.01 0.01
0 0.812087 0.729583 0.01 0.01
0 0.745216 0.695332 0.01 0.01
0 0.738692 0.608890 0.01 0.01
0 0.693025 0.581163 0.01 0.01
0 0.588641 0.573008 0.01 0.01
0 0.577225 0.610520 0.01 0.01
0 0.502199 0.594211 0.01 0.01
0 0.476103 0.548543 0.01 0.01
0 0.430436 0.589318 0.01 0.01
0 0.407602 0.546912 0.01 0.01
0 0.371720 0.512661 0.01 0.01
0 0.360303 0.615413 0.01 0.01
0 0.309742 0.595842 0.01 0.01
0 0.241241 0.558329 0.01 0.01
0 0.215145 0.641509 0.01 0.01
0 0.197204 0.603997 0.01 0.01
0 0.185787 0.569746 0.01 0.01
0 0.115655 0.542019 0.01 0.01
0 0.055308 0.501244 0.01 0.01
0 0.115655 0.480041 0.01 0.01
0 0.156429 0.491458 0.01 0.01
0 0.180894 0.524078 0.01 0.01
0 0.182525 0.466993 0.01 0.01
0 0.187418 0.436005 0.01 0.01
0 0.122179 0.452315 0.01 0.01
0 0.130334 0.432743 0.01 0.01
0 0.091190 0.414802 0.01 0.01
0 0.875696 0.710011 0.01 0.01
0 0.841445 0.638247 0.01 0.01
0 0.927887 0.597473 0.01 0.01
0 0.919732 0.517554 0.01 0.01
0 0.857755 0.548543 0.01 0.01
0 0.833290 0.553436 0.01 0.01
0 0.777836 0.555067 0.01 0.01
0 0.741954 0.546912 0.01 0.01
0 0.701180 0.537126 0.01 0.01
0 0.686501 0.517554 0.01 0.01
0 0.750109 0.515923 0.01 0.01
0 0.826766 0.512661 0.01 0.01
0 0.789253 0.478410 0.01 0.01
0 0.753371 0.452315 0.01 0.01
0 0.970293 0.747524 0.01 0.01
0 0.983341 0.781774 0.01 0.01
0 1.095879 0.754048 0.01 0.01
0 1.037163 0.718166 0.01 0.01
0 1.069783 0.617044 0.01 0.01
0 0.998020 0.569746 0.01 0.01
0 0.994758 0.515923 0.01 0.01
0 0.960507 0.537126 0.01 0.01
0 1.139916 0.727952 0.01 0.01
0 1.174166 0.703487 0.01 0.01
0 1.156226 0.817656 0.01 0.01
0 1.197000 0.798084 0.01 0.01
0 1.280181 0.771988 0.01 0.01
0 1.187214 0.638247 0.01 0.01
0 1.353575 0.729583 0.01 0.01
0 1.356837 0.822549 0.01 0.01
0 1.484054 0.771988 0.01 0.01
0 1.549294 0.840490 0.01 0.01
0 1.581914 0.786667 0.01 0.01
0 1.519936 0.603997 0.01 0.01
0 1.433494 0.680653 0.01 0.01
0 1.444911 0.610520 0.01 0.01
0 1.472637 0.569746 0.01 0.01
0 1.389457 0.586056 0.01 0.01
0 1.338896 0.574639 0.01 0.01
0 1.307908 0.553436 0.01 0.01
0 1.273657 0.584425 0.01 0.01
0 1.258978 0.525709 0.01 0.01
0 1.237775 0.525709 0.01 0.01
0 1.214941 0.542019 0.01 0.01
0 1.180690 0.576270 0.01 0.01
0 1.133392 0.592580 0.01 0.01
0 1.112189 0.574639 0.01 0.01
0 1.107296 0.528971 0.01 0.01
0 1.082831 0.489827 0.01 0.01
0 1.136654 0.520816 0.01 0.01
0 1.162750 0.475148 0.01 0.01
0 1.146440 0.436005 0.01 0.01
0 1.213310 0.486565 0.01 0.01
0 1.267133 0.491458 0.01 0.01
0 1.289967 0.468624 0.01 0.01
0 1.255716 0.463732 0.01 0.01
0 1.254085 0.411540 0.01 0.01
0 1.343789 0.398492 0.01 0.01
0 1.374778 0.457208 0.01 0.01
0 1.397612 0.434374 0.01 0.01
0 1.413922 0.489827 0.01 0.01
0 1.404136 0.515923 0.01 0.01
0 1.369885 0.524078 0.01 0.01
0 1.327479 0.525709 0.01 0.01
0 1.440018 0.555067 0.01 0.01
0 1.461220 0.532233 0.01 0.01
0 1.503626 0.548543 0.01 0.01
0 1.506888 0.525709 0.01 0.01
0 1.485685 0.504506 0.01 0.01
0 1.454697 0.497982 0.01 0.01
0 1.410660 0.550174 0.01 0.01
0 1.554187 0.537126 0.01 0.01
0 1.586807 0.559960 0.01 0.01
0 1.552556 0.493089 0.01 0.01
0 1.585176 0.494720 0.01 0.01
0 1.557449 0.436005 0.01 0.01
0 1.557449 0.406647 0.01 0.01
0 1.575390 0.387075 0.01 0.01
0 1.591700 0.360979 0.01 0.01
0 1.519936 0.016841 0.01 0.01
0 1.469375 0.073925 0.01 0.01
0 1.435125 0.131010 0.01 0.01
0 1.415553 0.155475 0.01 0.01
0 1.409029 0.184832 0.01 0.01
0 1.451435 0.173415 0.01 0.01
0 1.361730 0.176677 0.01 0.01
0 1.386195 0.158737 0.01 0.01
0 1.410660 0.078818 0.01 0.01
0 1.412291 0.044567 0.01 0.01
0 1.368254 0.039674 0.01 0.01
0 1.332372 0.114700 0.01 0.01
0 1.312800 0.111438 0.01 0.01
0 1.309539 0.173415 0.01 0.01
0 1.280181 0.181570 0.01 0.01
0 1.146440 0.246810 0.01 0.01
0 1.343789 0.398492 0.01 0.01
0 1.402505 0.387075 0.01 0.01
0 1.448173 0.398492 0.01 0.01
0 1.480792 0.375658 0.01 0.01
0 1.508519 0.414802 0.01 0.01
0 1.508519 0.387075 0.01 0.01
0 1.526460 0.395230 0.01 0.01
0 1.546032 0.380551 0.01 0.01
0 1.506888 0.352824 0.01 0.01
0 1.459589 0.346300 0.01 0.01
0 1.394350 0.364241 0.01 0.01
0 1.374778 0.387075 0.01 0.01
0 1.360099 0.364241 0.01 0.01
0 1.320955 0.364241 0.01 0.01
0 1.294860 0.357717 0.01 0.01
0 1.312800 0.334883 0.01 0.01
0 1.270395 0.364241 0.01 0.01
0 1.236144 0.352824 0.01 0.01
0 1.182321 0.372396 0.01 0.01
0 1.125237 0.429481 0.01 0.01
0 1.107296 0.409909 0.01 0.01
0 1.082831 0.429481 0.01 0.01
0 1.038794 0.458839 0.01 0.01
0 1.045318 0.413171 0.01 0.01
0 1.045318 0.377289 0.01 0.01
0 0.998020 0.364241 0.01 0.01
0 0.970293 0.406647 0.01 0.01
0 0.973555 0.383813 0.01 0.01
0 0.934411 0.421326 0.01 0.01
0 0.908315 0.455577 0.01 0.01
0 0.931149 0.494720 0.01 0.01
0 0.857755 0.460470 0.01 0.01
0 0.864279 0.497982 0.01 0.01
0 0.885481 0.525709 0.01 0.01
0 0.875696 0.432743 0.01 0.01
0 0.847969 0.426219 0.01 0.01
0 0.839814 0.400123 0.01 0.01
0 0.813718 0.418064 0.01 0.01
0 0.764788 0.418064 0.01 0.01
0 0.727276 0.411540 0.01 0.01
0 0.660405 0.424588 0.01 0.01
0 0.640833 0.463732 0.01 0.01
0 0.662036 0.486565 0.01 0.01
0 0.616368 0.512661 0.01 0.01
0 0.616368 0.481672 0.01 0.01
0 0.614737 0.540388 0.01 0.01
0 0.560915 0.537126 0.01 0.01
0 0.507092 0.525709 0.01 0.01
0 0.523402 0.489827 0.01 0.01
0 0.472841 0.475148 0.01 0.01
0 0.438591 0.466993 0.01 0.01
0 0.342362 0.458839 0.01 0.01
0 0.299956 0.471886 0.01 0.01
0 0.272230 0.486565 0.01 0.01
0 0.264075 0.528971 0.01 0.01
0 0.306480 0.524078 0.01 0.01
0 0.277123 0.440898 0.01 0.01
0 0.260813 0.421326 0.01 0.01
0 0.293433 0.411540 0.01 0.01
0 0.311373 0.383813 0.01 0.01
0 0.299956 0.357717 0.01 0.01
0 0.264075 0.349562 0.01 0.01
0 0.221669 0.387075 0.01 0.01
0 0.182525 0.387075 0.01 0.01
0 0.184156 0.349562 0.01 0.01
0 0.146644 0.395230 0.01 0.01
0 0.135227 0.372396 0.01 0.01
0 0.087928 0.364241 0.01 0.01
0 0.066725 0.390337 0.01 0.01
0 0.056939 0.349562 0.01 0.01
0 0.029212 0.354455 0.01 0.01
0 0.016164 0.299002 0.01 0.01
0 0.047153 0.303895 0.01 0.01
0 0.043891 0.287585 0.01 0.01
0 0.025950 0.269644 0.01 0.01
0 0.037367 0.256596 0.01 0.01
0 0.384768 0.406647 0.01 0.01
0 0.440221 0.418064 0.01 0.01
0 0.436960 0.383813 0.01 0.01
0 0.490782 0.418064 0.01 0.01
0 0.539712 0.395230 0.01 0.01
0 0.595165 0.401754 0.01 0.01
0 0.582118 0.364241 0.01 0.01
0 0.626154 0.377289 0.01 0.01
0 0.642464 0.349562 0.01 0.01
0 0.683239 0.383813 0.01 0.01
0 0.662036 0.395230 0.01 0.01
0 0.715859 0.365872 0.01 0.01
0 0.737061 0.352824 0.01 0.01
0 0.771312 0.360979 0.01 0.01
0 0.776205 0.403385 0.01 0.01
0 0.856124 0.372396 0.01 0.01
0 0.885481 0.388706 0.01 0.01
0 0.922994 0.406647 0.01 0.01
0 0.949090 0.343038 0.01 0.01
0 0.968662 0.333252 0.01 0.01
0 0.983341 0.352824 0.01 0.01
0 1.027377 0.357717 0.01 0.01
0 1.061628 0.343038 0.01 0.01
0 1.092617 0.341407 0.01 0.01
0 1.097510 0.312050 0.01 0.01
0 1.128499 0.346300 0.01 0.01
0 1.157857 0.329990 0.01 0.01
0 1.190476 0.352824 0.01 0.01
0 1.185583 0.331621 0.01 0.01
0 1.210048 0.326728 0.01 0.01
0 1.298122 0.082080 0.01 0.01
0 1.276919 0.013579 0.01 0.01
0 1.247561 0.020103 0.01 0.01
0 1.258978 0.080449 0.01 0.01
0 1.227989 0.086973 0.01 0.01
0 1.201893 0.033150 0.01 0.01
0 1.161119 0.082080 0.01 0.01
0 1.177428 0.088604 0.01 0.01
0 1.195369 0.100021 0.01 0.01
0 1.099141 0.054353 0.01 0.01
0 1.143178 0.051091 0.01 0.01
0 1.139916 0.007055 0.01 0.01
0 1.077938 0.067401 0.01 0.01
0 1.035532 0.124486 0.01 0.01
0 1.063259 0.147320 0.01 0.01
0 1.053473 0.176677 0.01 0.01
0 1.020854 0.176677 0.01 0.01
0 0.984972 0.181570 0.01 0.01
0 0.994758 0.142427 0.01 0.01
0 0.981710 0.135903 0.01 0.01
0 1.019223 0.085342 0.01 0.01
0 1.037163 0.064139 0.01 0.01
0 1.045318 0.013579 0.01 0.01
0 1.077938 0.010317 0.01 0.01
0 1.025746 0.005424 0.01 0.01
0 1.004544 0.005424 0.01 0.01
0 0.967031 0.008686 0.01 0.01
0 0.957245 0.070663 0.01 0.01
0 0.906684 0.085342 0.01 0.01
0 0.903422 0.142427 0.01 0.01
0 0.883850 0.184832 0.01 0.01
0 0.877326 0.219083 0.01 0.01
0 0.859386 0.199511 0.01 0.01
0 0.831659 0.171785 0.01 0.01
0 0.789253 0.199511 0.01 0.01
0 0.861017 0.153844 0.01 0.01
0 0.861017 0.090235 0.01 0.01
0 0.838183 0.096759 0.01 0.01
0 0.821873 0.126117 0.01 0.01
0 0.772943 0.131010 0.01 0.01
0 0.800670 0.114700 0.01 0.01
0 0.745216 0.176677 0.01 0.01
0 0.737061 0.145689 0.01 0.01
0 0.746847 0.122855 0.01 0.01
0 0.738692 0.098390 0.01 0.01
0 0.756633 0.069032 0.01 0.01
0 0.776205 0.065770 0.01 0.01
0 0.802301 0.044567 0.01 0.01
0 0.844707 0.062508 0.01 0.01
0 0.867541 0.062508 0.01 0.01
0 0.893636 0.054353 0.01 0.01
0 0.916470 0.046198 0.01 0.01
0 0.900160 0.028257 0.01 0.01
0 0.877326 0.016841 0.01 0.01
0 0.857755 0.023365 0.01 0.01
0 0.825135 0.031519 0.01 0.01
0 0.772943 0.016841 0.01 0.01
0 0.983341 0.323466 0.01 0.01
0 0.952352 0.308788 0.01 0.01
0 0.936042 0.299002 0.01 0.01
0 0.901791 0.338145 0.01 0.01
0 0.919732 0.338145 0.01 0.01
0 0.918101 0.305526 0.01 0.01
0 0.895267 0.310419 0.01 0.01
0 0.878957 0.338145 0.01 0.01
0 0.847969 0.329990 0.01 0.01
0 0.828397 0.352824 0.01 0.01
0 0.797408 0.334883 0.01 0.01
0 0.789253 0.299002 0.01 0.01
0 0.825135 0.308788 0.01 0.01
0 0.841445 0.303895 0.01 0.01
0 0.870803 0.292478 0.01 0.01
0 0.813718 0.276168 0.01 0.01
0 0.769681 0.269644 0.01 0.01
0 0.730537 0.256596 0.01 0.01
0 0.732168 0.318573 0.01 0.01
0 0.693025 0.308788 0.01 0.01
0 0.660405 0.331621 0.01 0.01
0 0.645726 0.310419 0.01 0.01
0 0.626154 0.308788 0.01 0.01
0 0.611475 0.349562 0.01 0.01
0 0.670191 0.271275 0.01 0.01
0 0.626154 0.274537 0.01 0.01
0 0.611475 0.282692 0.01 0.01
0 0.614737 0.253334 0.01 0.01
0 0.601689 0.246810 0.01 0.01
0 0.573963 0.269644 0.01 0.01
0 0.591903 0.329990 0.01 0.01
0 0.533188 0.346300 0.01 0.01
0 0.515247 0.383813 0.01 0.01
0 0.500568 0.329990 0.01 0.01
0 1.169273 0.007055 0.01 0.01
0 1.192107 0.007055 0.01 0.01
0 0.676715 0.028257 0.01 0.01
0 0.655512 0.028257 0.01 0.01
0 0.466317 0.139165 0.01 0.01
0 0.463055 0.170154 0.01 0.01
0 0.456531 0.233762 0.01 0.01
0 0.445114 0.246810 0.01 0.01
0 0.461424 0.256596 0.01 0.01
0 0.464686 0.303895 0.01 0.01
0 0.430436 0.318573 0.01 0.01
0 0.451638 0.349562 0.01 0.01
0 0.461424 0.341407 0.01 0.01
0 0.521771 0.303895 0.01 0.01
0 0.497306 0.258227 0.01 0.01
0 0.485889 0.235393 0.01 0.01
0 0.432067 0.230500 0.01 0.01
0 0.401078 0.228869 0.01 0.01
0 0.368458 0.274537 0.01 0.01
0 0.342362 0.274537 0.01 0.01
0 0.348886 0.292478 0.01 0.01
0 0.329314 0.312050 0.01 0.01
0 0.343993 0.349562 0.01 0.01
0 0.366827 0.331621 0.01 0.01
0 0.392923 0.333252 0.01 0.01
0 0.360303 0.391968 0.01 0.01
0 0.386399 0.372396 0.01 0.01
0 0.565808 0.452315 0.01 0.01
0 0.601689 0.452315 0.01 0.01
0 0.624523 0.429481 0.01 0.01
0 0.231455 0.341407 0.01 0.01
0 0.270599 0.329990 0.01 0.01
0 0.257551 0.315312 0.01 0.01
0 0.282016 0.308788 0.01 0.01
0 0.260813 0.294109 0.01 0.01
0 0.278754 0.279430 0.01 0.01
0 0.316266 0.292478 0.01 0.01
0 0.223300 0.308788 0.01 0.01
0 0.218407 0.263120 0.01 0.01
0 0.193942 0.271275 0.01 0.01
0 0.179263 0.308788 0.01 0.01
0 0.149905 0.341407 0.01 0.01
0 0.117286 0.344669 0.01 0.01
0 0.130334 0.308788 0.01 0.01
0 0.151536 0.287585 0.01 0.01
0 0.140120 0.253334 0.01 0.01
0 0.102607 0.294109 0.01 0.01
0 0.102607 0.263120 0.01 0.01
0 0.065094 0.240286 0.01 0.01
0 0.029212 0.230500 0.01 0.01
0 0.016164 0.251703 0.01 0.01
0 0.006378 0.274537 0.01 0.01
0 0.009640 0.383813 0.01 0.01
0 0.084666 0.225607 0.01 0.01
0 0.117286 0.228869 0.01 0.01
0 0.145013 0.235393 0.01 0.01
0 0.159691 0.240286 0.01 0.01
0 0.220038 0.235393 0.01 0.01
0 0.291802 0.251703 0.01 0.01
0 0.265706 0.251703 0.01 0.01
0 0.283647 0.204404 0.01 0.01
0 0.268968 0.188094 0.01 0.01
0 0.237979 0.217452 0.01 0.01
0 0.128703 0.042936 0.01 0.01
0 0.056939 0.031519 0.01 0.01
0 0.047153 0.024996 0.01 0.01
0 0.567439 0.010317 0.01 0.01
0 0.515247 0.007055 0.01 0.01
0 0.479365 0.028257 0.01 0.01
0 0.441852 0.024996 0.01 0.01
0 0.399447 0.034781 0.01 0.01
0 0.371720 0.046198 0.01 0.01
0 0.379875 0.020103 0.01 0.01
0 0.298325 0.020103 0.01 0.01
0 0.423912 0.078818 0.01 0.01
0 0.471210 0.065770 0.01 0.01
0 0.717490 0.011948 0.01 0.01
0 0.492413 0.055984 0.01 0.01
0 0.445114 0.134272 0.01 0.01
0 0.443483 0.165261 0.01 0.01
0 0.415757 0.178308 0.01 0.01
0 0.407602 0.135903 0.01 0.01
0 0.388030 0.142427 0.01 0.01
0 0.394554 0.119593 0.01 0.01
0 0.376613 0.119593 0.01 0.01
0 0.366827 0.113069 0.01 0.01
0 0.355410 0.147320 0.01 0.01
0 0.337469 0.148951 0.01 0.01
0 0.316266 0.144058 0.01 0.01
0 0.314635 0.121224 0.01 0.01
0 0.278754 0.109807 0.01 0.01
0 0.313004 0.096759 0.01 0.01
0 0.265706 0.091866 0.01 0.01
0 0.332576 0.212559 0.01 0.01
0 0.350517 0.223976 0.01 0.01
0 0.301587 0.212559 0.01 0.01
0 0.205359 0.131010 0.01 0.01
0 0.205359 0.096759 0.01 0.01
0 0.200466 0.155475 0.01 0.01
0 0.182525 0.165261 0.01 0.01
0 0.193942 0.188094 0.01 0.01
0 0.172739 0.199511 0.01 0.01
0 0.156429 0.212559 0.01 0.01
0 0.112393 0.181570 0.01 0.01
0 0.092821 0.201142 0.01 0.01
0 0.084666 0.181570 0.01 0.01
0 0.074880 0.170154 0.01 0.01
0 0.048784 0.155475 0.01 0.01
0 0.153167 0.137534 0.01 0.01
0 0.120548 0.137534 0.01 0.01
0 0.097714 0.135903 0.01 0.01
0 0.069987 0.131010 0.01 0.01
0 0.055308 0.119593 0.01 0.01
0 0.040629 0.124486 0.01 0.01
0 0.032474 0.113069 0.01 0.01
0 0.004747 0.155475 0.01 0.01
0 0.040629 0.199511 0.01 0.01
0 0.011271 0.194618 0.01 0.01
0 0.296694 0.558329 0.01 0.01
0 1.011659 0.063447 0.01 0.01
0 1.034037 0.247263 0.01 0.01
0 1.010061 0.263247 0.01 0.01
0 0.161309 0.268042 0.01 0.01
0 1.081989 0.397513 0.01 0.01
0 0.739931 0.031479 0.01 0.01
0 0.736734 0.017093 0.01 0.01
0 0.226844 0.197713 0.01 0.01
0 1.315355 0.493417 0.01 0.01
0 1.344127 0.347962 0.01 0.01
0 1.030840 0.315994 0.01 0.01
0 1.043627 0.301609 0.01 0.01
0 1.059611 0.306404 0.01 0.01
0 0.180490 0.128981 0.01 0.01
0 1.398472 0.138572 0.01 0.01
0 0.418652 0.290420 0.01 0.01
0 0.428242 0.496614 0.01 0.01
0 0.444226 0.523786 0.01 0.01
