0 0.223622 1.142778 0.01 0.01
0 0.147648 0.973297 0.01 0.01
0 0.217778 0.932388 0.01 0.01
0 0.073622 0.620700 0.01 0.01
0 0.024920 0.603167 0.01 0.01
0 0.087258 0.525245 0.01 0.01
0 0.063881 0.499920 0.01 0.01
0 0.028817 0.423946 0.01 0.01
0 0.079466 0.427843 0.01 0.01
0 0.102843 0.408362 0.01 0.01
0 0.137907 0.406414 0.01 0.01
0 0.194401 0.414206 0.01 0.01
0 0.231414 0.416154 0.01 0.01
0 0.309336 0.396674 0.01 0.01
0 0.303492 0.379141 0.01 0.01
0 0.227518 0.503817 0.01 0.01
0 0.239206 0.562258 0.01 0.01
0 0.299596 0.644076 0.01 0.01
0 0.262583 0.661609 0.01 0.01
0 0.404791 0.634336 0.01 0.01
0 0.441804 0.630440 0.01 0.01
0 0.476868 0.542778 0.01 0.01
0 0.332713 0.503817 0.01 0.01
0 0.367778 0.377193 0.01 0.01
0 0.400894 0.386933 0.01 0.01
0 0.426219 0.373297 0.01 0.01
0 0.463232 0.369401 0.01 0.01
0 0.531414 0.610959 0.01 0.01
0 0.897648 0.753167 0.01 0.01
0 0.833362 0.661609 0.01 0.01
0 0.516804 0.374758 0.01 0.01
0 0.586933 0.369888 0.01 0.01
0 0.600570 0.362096 0.01 0.01
0 0.633687 0.370862 0.01 0.01
0 0.622972 0.352355 0.01 0.01
0 0.631739 0.424433 0.01 0.01
0 0.666804 0.355278 0.01 0.01
0 0.695050 0.340667 0.01 0.01
0 0.691154 0.367940 0.01 0.01
0 0.735959 0.381576 0.01 0.01
0 0.765180 0.409823 0.01 0.01
0 0.743752 0.349433 0.01 0.01
0 0.780765 0.352355 0.01 0.01
0 0.798297 0.347485 0.01 0.01
0 0.824596 0.340667 0.01 0.01
0 0.844076 0.361122 0.01 0.01
0 0.834336 0.383524 0.01 0.01
0 0.825570 0.490667 0.01 0.01
0 0.859661 0.526706 0.01 0.01
0 0.859661 0.526706 0.01 0.01
0 0.893752 0.403979 0.01 0.01
0 0.898622 0.367940 0.01 0.01
0 0.878167 0.342615 0.01 0.01
0 0.864531 0.328005 0.01 0.01
0 0.903492 0.334823 0.01 0.01
0 0.929791 0.340667 0.01 0.01
0 0.940505 0.390343 0.01 0.01
0 0.976544 0.390343 0.01 0.01
0 0.978492 0.437096 0.01 0.01
0 1.044726 0.365992 0.01 0.01
0 1.024271 0.359174 0.01 0.01
0 1.040830 0.334823 0.01 0.01
0 1.020375 0.325083 0.01 0.01
0 0.982388 0.335797 0.01 0.01
0 0.970700 0.325083 0.01 0.01
0 0.951219 0.321187 0.01 0.01
0 1.067128 0.300732 0.01 0.01
0 1.068102 0.328005 0.01 0.01
0 0.484661 0.386446 0.01 0.01
0 1.111933 0.587583 0.01 0.01
0 1.217128 0.496024 0.01 0.01
0 1.322323 0.743427 0.01 0.01
0 1.542453 0.733687 0.01 0.01
0 1.524920 0.903167 0.01 0.01
0 1.168102 0.394239 0.01 0.01
0 1.102843 0.360148 0.01 0.01
0 1.121349 0.340667 0.01 0.01
0 1.141804 0.355278 0.01 0.01
0 1.141804 0.355278 0.01 0.01
0 1.118427 0.307550 0.01 0.01
0 1.145700 0.294888 0.01 0.01
0 1.151544 0.308524 0.01 0.01
0 1.176868 0.303654 0.01 0.01
0 1.190505 0.308524 0.01 0.01
0 1.213881 0.305602 0.01 0.01
0 1.237258 0.286122 0.01 0.01
0 1.258687 0.280278 0.01 0.01
0 1.297648 0.363070 0.01 0.01
0 1.325894 0.296836 0.01 0.01
0 1.315180 0.278330 0.01 0.01
0 1.373622 0.281252 0.01 0.01
0 1.403817 0.362096 0.01 0.01
0 1.380440 0.322161 0.01 0.01
0 1.404791 0.276381 0.01 0.01
0 1.438881 0.272485 0.01 0.01
0 1.448622 0.265667 0.01 0.01
0 1.492453 0.280278 0.01 0.01
0 1.506089 0.255927 0.01 0.01
0 1.500245 0.202355 0.01 0.01
0 1.532388 0.271511 0.01 0.01
0 1.559661 0.258849 0.01 0.01
0 1.585959 0.253005 0.01 0.01
0 1.585959 0.253005 0.01 0.01
0 1.563557 0.296836 0.01 0.01
0 1.488557 0.335797 0.01 0.01
0 1.416479 0.425407 0.01 0.01
0 1.518752 0.411771 0.01 0.01
0 1.354141 0.288070 0.01 0.01
0 0.560485 0.343702 0.01 0.01
0 1.432352 0.263121 0.01 0.01
