0 0.125098 0.306703 0.01 0.01
0 0.221380 0.327838 0.01 0.01
0 0.122750 0.208073 0.01 0.01
0 0.181458 0.172848 0.01 0.01
0 0.237818 0.189286 0.01 0.01
0 0.092222 0.050734 0.01 0.01
0 0.249560 0.036644 0.01 0.01
0 0.430382 0.008464 0.01 0.01
0 0.491439 0.015509 0.01 0.01
0 0.484394 0.043689 0.01 0.01
0 0.493787 0.078914 0.01 0.01
0 0.312965 0.125881 0.01 0.01
0 0.456214 0.198680 0.01 0.01
0 0.529012 0.252691 0.01 0.01
0 0.010030 0.064824 0.01 0.01
0 0.597114 0.426468 0.01 0.01
0 0.691047 0.215118 0.01 0.01
0 0.669912 0.111791 0.01 0.01
0 0.674609 0.074218 0.01 0.01
0 0.653474 0.027251 0.01 0.01
0 0.728621 0.029599 0.01 0.01
0 0.836644 0.123533 0.01 0.01
0 0.853083 0.264433 0.01 0.01
0 1.012770 0.142319 0.01 0.01
0 1.019815 0.262085 0.01 0.01
0 0.975196 0.348973 0.01 0.01
0 0.867173 0.520402 0.01 0.01
0 0.550147 0.698875 0.01 0.01
0 0.395157 0.997114 0.01 0.01
0 0.857779 0.952496 0.01 0.01
0 1.421380 0.879697 0.01 0.01
0 1.517662 0.792809 0.01 0.01
0 1.238210 0.475783 0.01 0.01
0 1.278132 0.116488 0.01 0.01
0 1.120793 0.029599 0.01 0.01
0 0.122123 0.056888 0.01 0.01
0 0.753891 0.284561 0.01 0.01
0 0.224325 0.110279 0.01 0.01
0 0.193556 0.010613 0.01 0.01
0 0.111282 0.007269 0.01 0.01
0 0.369476 0.011951 0.01 0.01
