0 0.426742 0.913857 0.01 0.01
0 0.546525 0.846343 0.01 0.01
0 0.751243 0.885545 0.01 0.01
0 0.903693 0.950880 0.01 0.01
0 0.979918 1.127287 0.01 0.01
0 1.280463 0.687359 0.01 0.01
0 1.193349 0.656869 0.01 0.01
0 1.117124 0.543621 0.01 0.01
0 1.016942 0.506597 0.01 0.01
0 0.820935 0.330191 0.01 0.01
0 0.705508 0.260499 0.01 0.01
0 0.555236 0.310590 0.01 0.01
0 0.483367 0.277922 0.01 0.01
0 0.526924 0.267033 0.01 0.01
0 0.520390 0.203875 0.01 0.01
0 0.483367 0.190808 0.01 0.01
0 0.187178 0.421661 0.01 0.01
0 0.128376 0.325835 0.01 0.01
0 0.352695 0.020935 0.01 0.01
0 0.642350 0.127650 0.01 0.01
0 0.677196 0.142895 0.01 0.01
0 0.884093 0.162496 0.01 0.01
0 0.636633 0.021207 0.01 0.01
0 0.657868 0.031007 0.01 0.01
0 0.853875 0.036996 0.01 0.01
0 0.891443 0.034274 0.01 0.01
0 0.962223 0.051153 0.01 0.01
0 1.257323 0.152967 0.01 0.01
0 1.289991 0.119211 0.01 0.01
0 1.361860 0.038085 0.01 0.01
0 1.400517 0.053330 0.01 0.01
0 1.426652 0.243349 0.01 0.01
0 1.463675 0.213947 0.01 0.01
0 1.547523 0.202514 0.01 0.01
0 1.574202 0.199791 0.01 0.01
0 1.595980 0.154056 0.01 0.01
