0 0.085796 0.302653 0.01 0.01
0 0.051392 0.270314 0.01 0.01
0 0.009419 0.363204 0.01 0.01
0 0.049328 0.441644 0.01 0.01
0 0.138777 0.326736 0.01 0.01
0 0.213089 0.340497 0.01 0.01
0 0.204144 0.319167 0.01 0.01
0 0.186942 0.253112 0.01 0.01
0 0.241988 0.246919 0.01 0.01
0 0.063777 0.173296 0.01 0.01
0 0.048640 0.158846 0.01 0.01
0 0.090612 0.147837 0.01 0.01
0 0.306208 0.767447 0.01 0.01
0 0.567676 0.779832 0.01 0.01
0 0.684649 0.825245 0.01 0.01
0 0.659878 0.599557 0.01 0.01
0 0.712172 0.555520 0.01 0.01
0 0.727309 0.505979 0.01 0.01
0 0.741071 0.472952 0.01 0.01
0 0.571805 0.490841 0.01 0.01
0 0.508502 0.461942 0.01 0.01
0 0.724557 0.342218 0.01 0.01
0 0.893823 0.391759 0.01 0.01
0 0.780979 0.448181 0.01 0.01
0 1.125016 0.574786 0.01 0.01
0 1.182814 0.416530 0.01 0.01
0 1.101621 0.284419 0.01 0.01
0 1.125016 0.236254 0.01 0.01
0 1.173181 0.221117 0.01 0.01
0 1.338318 0.376621 0.01 0.01
0 1.459419 0.372493 0.01 0.01
0 1.342447 0.500474 0.01 0.01
0 1.429144 0.555520 0.01 0.01
0 0.581438 0.230750 0.01 0.01
0 0.632355 0.236254 0.01 0.01
0 0.644741 0.262401 0.01 0.01
0 0.566300 0.310566 0.01 0.01
0 0.785107 0.270658 0.01 0.01
0 0.823640 0.255520 0.01 0.01
0 0.798869 0.269282 0.01 0.01
0 0.114695 0.111369 0.01 0.01
0 0.251621 0.147837 0.01 0.01
0 0.298410 0.180864 0.01 0.01
0 0.314236 0.182929 0.01 0.01
0 0.329374 0.173296 0.01 0.01
0 0.338318 0.156782 0.01 0.01
0 0.332814 0.132699 0.01 0.01
0 0.328685 0.140956 0.01 0.01
0 0.369970 0.125130 0.01 0.01
0 0.372722 0.147149 0.01 0.01
0 0.369970 0.160222 0.01 0.01
0 0.366530 0.193250 0.01 0.01
0 0.381667 0.214580 0.01 0.01
0 0.367906 0.267562 0.01 0.01
0 0.390612 0.304030 0.01 0.01
0 0.408502 0.254488 0.01 0.01
0 0.416071 0.219396 0.01 0.01
0 0.434649 0.235222 0.01 0.01
0 0.474557 0.249672 0.01 0.01
0 0.456667 0.145773 0.01 0.01
0 0.422263 0.133387 0.01 0.01
0 0.123181 0.084362 0.01 0.01
0 0.137974 0.077481 0.01 0.01
0 0.089809 0.049614 0.01 0.01
0 0.038892 0.141128 0.01 0.01
0 0.195773 0.124270 0.01 0.01
0 0.352653 0.077481 0.01 0.01
0 0.371575 0.076105 0.01 0.01
0 0.374328 0.065784 0.01 0.01
0 0.367103 0.052023 0.01 0.01
0 0.362286 0.048926 0.01 0.01
0 0.373984 0.050646 0.01 0.01
0 0.377424 0.049614 0.01 0.01
0 0.558502 0.112057 0.01 0.01
0 0.586713 0.103800 0.01 0.01
0 0.614236 0.118938 0.01 0.01
0 0.575016 0.127883 0.01 0.01
0 0.543364 0.155406 0.01 0.01
0 0.541300 0.193938 0.01 0.01
0 0.559190 0.185681 0.01 0.01
0 0.577768 0.157470 0.01 0.01
0 0.603915 0.157470 0.01 0.01
0 0.616300 0.164351 0.01 0.01
0 0.679603 0.218020 0.01 0.01
0 0.727080 0.212516 0.01 0.01
0 0.715383 0.157470 0.01 0.01
0 0.691988 0.145085 0.01 0.01
0 0.666530 0.123066 0.01 0.01
0 0.687172 0.094855 0.01 0.01
0 0.700933 0.101048 0.01 0.01
0 0.715383 0.104488 0.01 0.01
0 0.722263 0.103800 0.01 0.01
0 0.728456 0.073525 0.01 0.01
0 0.736025 0.076965 0.01 0.01
0 0.730520 0.087974 0.01 0.01
0 0.788318 0.068020 0.01 0.01
0 0.780062 0.092791 0.01 0.01
0 0.764236 0.111369 0.01 0.01
0 0.767676 0.130635 0.01 0.01
0 0.756667 0.169855 0.01 0.01
0 0.793135 0.207699 0.01 0.01
0 0.785566 0.115497 0.01 0.01
0 0.847034 0.190497 0.01 0.01
0 0.858043 0.104488 0.01 0.01
0 0.843594 0.111369 0.01 0.01
0 0.805062 0.085222 0.01 0.01
0 0.809190 0.068708 0.01 0.01
0 0.855979 0.053571 0.01 0.01
0 0.846346 0.072837 0.01 0.01
0 0.864236 0.070085 0.01 0.01
0 0.868364 0.086598 0.01 0.01
0 0.894511 0.118250 0.01 0.01
0 0.908273 0.101736 0.01 0.01
0 0.915841 0.079718 0.01 0.01
0 0.900704 0.074901 0.01 0.01
0 0.882126 0.060452 0.01 0.01
0 0.904832 0.059075 0.01 0.01
0 0.921346 0.121690 0.01 0.01
0 0.968135 0.176048 0.01 0.01
0 1.010107 0.164351 0.01 0.01
0 1.041759 0.138204 0.01 0.01
0 1.030062 0.081782 0.01 0.01
0 1.017676 0.083158 0.01 0.01
0 1.054144 0.139580 0.01 0.01
0 1.070658 0.127883 0.01 0.01
0 1.072722 0.112057 0.01 0.01
0 1.078227 0.140956 0.01 0.01
0 1.139465 0.147837 0.01 0.01
0 1.159419 0.164351 0.01 0.01
0 1.164236 0.086598 0.01 0.01
0 1.112630 0.086598 0.01 0.01
0 1.129144 0.076965 0.01 0.01
0 1.095429 0.078341 0.01 0.01
0 1.067906 0.085222 0.01 0.01
0 1.075474 0.074901 0.01 0.01
0 1.063089 0.062516 0.01 0.01
0 1.040383 0.067332 0.01 0.01
0 0.984649 0.082470 0.01 0.01
0 0.968135 0.110681 0.01 0.01
0 0.927539 0.096231 0.01 0.01
0 0.932355 0.078341 0.01 0.01
0 0.918594 0.067332 0.01 0.01
0 0.944052 0.072837 0.01 0.01
0 0.935107 0.057699 0.01 0.01
0 0.926163 0.055635 0.01 0.01
0 0.955750 0.068708 0.01 0.01
0 0.932355 0.030348 0.01 0.01
0 0.949901 0.046518 0.01 0.01
0 0.958846 0.041013 0.01 0.01
0 0.965039 0.044798 0.01 0.01
0 0.971919 0.038949 0.01 0.01
0 0.969511 0.066816 0.01 0.01
0 1.012516 0.049958 0.01 0.01
0 1.031782 0.043422 0.01 0.01
0 1.048296 0.048582 0.01 0.01
0 1.070658 0.045830 0.01 0.01
0 1.078571 0.038949 0.01 0.01
0 1.093364 0.041013 0.01 0.01
0 1.118135 0.053399 0.01 0.01
0 1.118135 0.039293 0.01 0.01
0 1.128800 0.035509 0.01 0.01
0 1.011484 0.026650 0.01 0.01
0 1.027309 0.024242 0.01 0.01
0 1.051048 0.017017 0.01 0.01
0 1.058961 0.019425 0.01 0.01
0 1.071002 0.022521 0.01 0.01
0 1.072378 0.013405 0.01 0.01
0 1.091472 0.016501 0.01 0.01
0 1.112286 0.018393 0.01 0.01
0 1.119683 0.018393 0.01 0.01
0 1.112458 0.028026 0.01 0.01
0 1.134305 0.018221 0.01 0.01
0 1.149614 0.035079 0.01 0.01
0 1.135337 0.062258 0.01 0.01
0 1.142046 0.086512 0.01 0.01
0 1.055950 0.008717 0.01 0.01
0 1.112286 0.010781 0.01 0.01
0 1.035394 0.032628 0.01 0.01
0 1.076679 0.056409 0.01 0.01
0 1.158903 0.069655 0.01 0.01
0 1.161656 0.052797 0.01 0.01
0 1.170687 0.035810 0.01 0.01
0 1.157011 0.027639 0.01 0.01
0 1.145228 0.011641 0.01 0.01
0 1.159247 0.010781 0.01 0.01
0 1.180148 0.022564 0.01 0.01
0 1.189437 0.016200 0.01 0.01
0 1.196145 0.024113 0.01 0.01
0 1.205778 0.009835 0.01 0.01
0 1.208875 0.034434 0.01 0.01
0 1.200446 0.041831 0.01 0.01
0 1.515841 0.139580 0.01 0.01
0 1.495887 0.125130 0.01 0.01
0 1.460796 0.118250 0.01 0.01
0 1.453915 0.143020 0.01 0.01
0 1.561942 0.198754 0.01 0.01
0 1.390612 0.133387 0.01 0.01
0 1.389236 0.103800 0.01 0.01
0 1.383043 0.092103 0.01 0.01
0 1.406438 0.074901 0.01 0.01
0 1.357585 0.086598 0.01 0.01
0 1.337630 0.065268 0.01 0.01
0 1.308731 0.074901 0.01 0.01
0 1.309419 0.057699 0.01 0.01
0 1.337630 0.106552 0.01 0.01
0 1.252997 0.094855 0.01 0.01
0 1.261942 0.087286 0.01 0.01
0 1.240612 0.076965 0.01 0.01
0 1.226851 0.072149 0.01 0.01
0 1.213089 0.096919 0.01 0.01
0 1.178685 0.094167 0.01 0.01
0 1.190383 0.090039 0.01 0.01
0 1.189007 0.075589 0.01 0.01
0 1.404718 0.033101 0.01 0.01
0 1.417103 0.033101 0.01 0.01
0 1.434993 0.031380 0.01 0.01
0 1.449786 0.032757 0.01 0.01
0 1.461828 0.024844 0.01 0.01
0 1.508961 0.044798 0.01 0.01
0 1.536828 0.063032 0.01 0.01
0 1.572952 0.048238 0.01 0.01
0 1.590841 0.063032 0.01 0.01
0 1.598410 0.095371 0.01 0.01
0 1.598410 0.074729 0.01 0.01
0 1.367906 0.052367 0.01 0.01
0 1.353800 0.044798 0.01 0.01
0 1.323181 0.042734 0.01 0.01
0 1.303227 0.040325 0.01 0.01
0 1.282929 0.045830 0.01 0.01
0 1.254030 0.042390 0.01 0.01
0 1.249557 0.032068 0.01 0.01
0 1.236828 0.034133 0.01 0.01
0 1.356896 0.028972 0.01 0.01
0 1.340039 0.024500 0.01 0.01
0 1.381667 0.034133 0.01 0.01
0 1.540153 0.023726 0.01 0.01
0 1.564064 0.015813 0.01 0.01
0 1.595199 0.036971 0.01 0.01
0 1.528485 0.011211 0.01 0.01
0 1.546633 0.008975 0.01 0.01
0 1.485107 0.010179 0.01 0.01
0 1.497149 0.010609 0.01 0.01
0 1.453456 0.010437 0.01 0.01
0 1.370027 0.016802 0.01 0.01
0 1.392562 0.016888 0.01 0.01
0 1.392734 0.007771 0.01 0.01
0 1.405033 0.014136 0.01 0.01
0 1.414408 0.008717 0.01 0.01
0 1.423009 0.006997 0.01 0.01
0 1.432212 0.010265 0.01 0.01
0 1.441157 0.013792 0.01 0.01
0 1.290469 0.019640 0.01 0.01
0 1.299586 0.007427 0.01 0.01
0 1.315239 0.007427 0.01 0.01
0 1.349127 0.012243 0.01 0.01
0 1.338032 0.007169 0.01 0.01
0 1.328485 0.023081 0.01 0.01
0 1.274557 0.049657 0.01 0.01
0 1.331409 0.039078 0.01 0.01
0 1.238175 0.014824 0.01 0.01
0 1.233875 0.007857 0.01 0.01
0 1.254861 0.007857 0.01 0.01
0 1.260193 0.018952 0.01 0.01
0 1.266644 0.007427 0.01 0.01
0 1.181581 0.004739 0.01 0.01
0 1.207814 0.021747 0.01 0.01
0 1.276621 0.001793 0.01 0.01
0 1.579844 0.060613 0.01 0.01
