0 0.191325 0.642746 0.01 0.01
0 0.324294 0.568688 0.01 0.01
0 0.413501 0.499679 0.01 0.01
0 0.224988 0.487897 0.01 0.01
0 0.198058 0.489580 0.01 0.01
0 0.107168 0.479481 0.01 0.01
0 0.029743 0.503045 0.01 0.01
0 0.389937 0.721854 0.01 0.01
0 0.495975 0.624232 0.01 0.01
0 0.873000 0.750468 0.01 0.01
0 0.591915 0.895219 0.01 0.01
0 0.859535 0.560272 0.01 0.01
0 1.123790 0.529975 0.01 0.01
0 1.078345 0.477798 0.01 0.01
0 1.016068 0.442452 0.01 0.01
0 0.943693 0.447501 0.01 0.01
0 0.925178 0.471065 0.01 0.01
0 0.871317 0.460966 0.01 0.01
0 0.809041 0.464332 0.01 0.01
0 1.250026 0.457600 0.01 0.01
0 1.339233 0.538391 0.01 0.01
0 1.440222 0.521560 0.01 0.01
0 1.463786 0.447501 0.01 0.01
0 1.561408 0.459283 0.01 0.01
0 1.393093 0.430670 0.01 0.01
0 1.345965 0.471065 0.01 0.01
0 1.297154 0.464332 0.01 0.01
0 1.283689 0.428986 0.01 0.01
0 1.248343 0.418887 0.01 0.01
0 1.207947 0.417204 0.01 0.01
0 1.184383 0.428986 0.01 0.01
0 1.145670 0.434036 0.01 0.01
0 0.495975 0.422015 0.01 0.01
0 0.466520 0.451470 0.01 0.01
0 0.469045 0.433797 0.01 0.01
0 0.550677 0.439688 0.01 0.01
0 0.579291 0.436322 0.01 0.01
0 0.561618 0.430431 0.01 0.01
0 0.584340 0.406867 0.01 0.01
0 0.600330 0.415282 0.01 0.01
0 0.710577 0.394243 0.01 0.01
0 0.697111 0.400134 0.01 0.01
0 0.676914 0.404342 0.01 0.01
0 0.661765 0.404342 0.01 0.01
0 0.649983 0.409391 0.01 0.01
0 0.633152 0.421173 0.01 0.01
0 0.618003 0.397609 0.01 0.01
0 0.761913 0.395085 0.01 0.01
0 0.772011 0.416124 0.01 0.01
0 0.789685 0.416124 0.01 0.01
0 0.816615 0.422857 0.01 0.01
0 0.834288 0.415282 0.01 0.01
0 0.821664 0.400976 0.01 0.01
0 0.732457 0.404342 0.01 0.01
0 0.729933 0.427906 0.01 0.01
0 0.758546 0.450628 0.01 0.01
0 0.686171 0.437163 0.01 0.01
0 0.621370 0.457361 0.01 0.01
0 0.420233 0.427064 0.01 0.01
0 0.409293 0.412758 0.01 0.01
0 0.209537 0.421076 0.01 0.01
0 0.286289 0.419056 0.01 0.01
0 0.328704 0.437907 0.01 0.01
0 0.385258 0.401551 0.01 0.01
0 0.157023 0.422422 0.01 0.01
0 0.142884 0.406937 0.01 0.01
0 0.145578 0.390779 0.01 0.01
0 0.157023 0.390779 0.01 0.01
0 0.181934 0.401551 0.01 0.01
0 0.129419 0.394818 0.01 0.01
0 0.084984 0.396838 0.01 0.01
0 0.078252 0.415016 0.01 0.01
0 0.515399 0.426798 0.01 0.01
0 0.550408 0.499510 0.01 0.01
0 1.104703 0.417709 0.01 0.01
0 1.123554 0.415016 0.01 0.01
0 1.251473 0.435887 0.01 0.01
0 1.211078 0.438580 0.01 0.01
0 1.036030 0.474263 0.01 0.01
0 1.088544 0.410977 0.01 0.01
0 1.223869 0.419729 0.01 0.01
0 1.177415 0.407610 0.01 0.01
0 1.128297 0.483749 0.01 0.01
0 0.045380 0.415953 0.01 0.01
0 0.094745 0.387641 0.01 0.01
0 0.852028 0.426798 0.01 0.01
0 0.784703 0.407947 0.01 0.01
0 0.802207 0.393135 0.01 0.01
0 0.901850 0.522401 0.01 0.01
0 0.667555 0.433531 0.01 0.01
0 0.571953 0.398521 0.01 0.01
0 0.547715 0.411987 0.01 0.01
0 0.524824 0.414680 0.01 0.01
0 0.563873 0.417373 0.01 0.01
0 0.756426 0.407947 0.01 0.01
0 0.748347 0.399868 0.01 0.01
0 0.830484 0.395828 0.01 0.01
0 0.831831 0.398521 0.01 0.01
0 0.837217 0.399868 0.01 0.01
0 0.635717 0.398399 0.01 0.01
0 0.651120 0.393868 0.01 0.01
0 0.661993 0.391150 0.01 0.01
0 0.731762 0.392056 0.01 0.01
0 0.789752 0.395680 0.01 0.01
0 0.782503 0.398399 0.01 0.01
0 0.798813 0.406553 0.01 0.01
