0 1.067128 0.735635 0.01 0.01
0 1.057388 0.616804 0.01 0.01
0 0.878167 0.527193 0.01 0.01
0 0.866479 0.462907 0.01 0.01
0 0.843102 0.423946 0.01 0.01
0 0.854791 0.373297 0.01 0.01
0 1.112583 0.274433 0.01 0.01
0 1.187583 0.248135 0.01 0.01
0 1.348297 0.331901 0.01 0.01
0 1.412583 0.278330 0.01 0.01
0 1.502193 0.307550 0.01 0.01
0 1.522648 0.247161 0.01 0.01
0 1.571349 0.328005 0.01 0.01
0 1.315180 0.264693 0.01 0.01
0 1.267453 0.221836 0.01 0.01
0 1.225570 0.170213 0.01 0.01
0 1.134011 0.208200 0.01 0.01
0 1.044401 0.189693 0.01 0.01
0 0.997648 0.226706 0.01 0.01
0 1.007388 0.154628 0.01 0.01
0 0.868102 0.359174 0.01 0.01
0 0.848622 0.316317 0.01 0.01
0 0.865180 0.271511 0.01 0.01
0 0.836933 0.253979 0.01 0.01
0 0.871024 0.241317 0.01 0.01
0 0.832063 0.165343 0.01 0.01
0 1.101868 0.103979 0.01 0.01
0 1.089693 0.095943 0.01 0.01
0 1.078979 0.072080 0.01 0.01
0 1.141317 0.049677 0.01 0.01
0 1.182713 0.053573 0.01 0.01
0 1.225570 0.056008 0.01 0.01
0 1.266479 0.044320 0.01 0.01
0 1.303492 0.052599 0.01 0.01
0 1.291317 0.042372 0.01 0.01
0 1.332226 0.032631 0.01 0.01
0 1.331252 0.068670 0.01 0.01
0 1.209985 0.023378 0.01 0.01
0 1.224596 0.007307 0.01 0.01
0 1.188070 0.020456 0.01 0.01
0 1.124758 0.025813 0.01 0.01
0 1.071674 0.043833 0.01 0.01
0 1.064368 0.015099 0.01 0.01
0 1.089693 0.015586 0.01 0.01
0 1.116966 0.015099 0.01 0.01
0 0.777843 0.186041 0.01 0.01
0 0.763232 0.180196 0.01 0.01
0 0.718914 0.156333 0.01 0.01
0 0.785635 0.117859 0.01 0.01
0 0.802193 0.126138 0.01 0.01
0 0.820700 0.115911 0.01 0.01
0 0.786122 0.100326 0.01 0.01
0 0.823622 0.079872 0.01 0.01
0 0.769076 0.098865 0.01 0.01
0 0.865018 0.090099 0.01 0.01
0 0.781252 0.046755 0.01 0.01
0 0.812420 0.053086 0.01 0.01
0 0.833362 0.060878 0.01 0.01
0 0.855765 0.057956 0.01 0.01
0 0.878167 0.053086 0.01 0.01
0 0.913232 0.051138 0.01 0.01
0 0.866479 0.050164 0.01 0.01
0 0.854791 0.025813 0.01 0.01
0 0.880115 0.030196 0.01 0.01
0 0.907875 0.024352 0.01 0.01
0 0.944401 0.026787 0.01 0.01
0 0.943914 0.097404 0.01 0.01
0 0.979466 0.084255 0.01 0.01
0 0.994563 0.083768 0.01 0.01
0 0.914450 0.002802 0.01 0.01
0 0.908362 0.012055 0.01 0.01
0 0.272810 0.042859 0.01 0.01
0 0.275245 0.034093 0.01 0.01
0 0.302518 0.044320 0.01 0.01
0 0.293265 0.079872 0.01 0.01
0 0.322972 0.075002 0.01 0.01
0 0.348784 0.081820 0.01 0.01
0 0.396998 0.083768 0.01 0.01
0 0.459336 0.089125 0.01 0.01
0 0.493427 0.100326 0.01 0.01
0 0.445213 0.055034 0.01 0.01
0 0.466154 0.056008 0.01 0.01
0 0.511933 0.045781 0.01 0.01
0 0.573297 0.044807 0.01 0.01
0 0.582550 0.119320 0.01 0.01
0 0.992615 0.019969 0.01 0.01
0 1.013557 0.031170 0.01 0.01
0 1.024271 0.003898 0.01 0.01
0 1.060310 0.002924 0.01 0.01
0 1.089531 0.001463 0.01 0.01
0 1.137745 0.006820 0.01 0.01
0 1.271674 0.264450 0.01 0.01
0 0.841154 0.009742 0.01 0.01
0 0.797810 0.030683 0.01 0.01
0 0.843102 0.041398 0.01 0.01
0 0.858687 0.003411 0.01 0.01
0 0.852355 0.006333 0.01 0.01
0 0.867378 0.015730 0.01 0.01
0 1.166131 0.001416 0.01 0.01
0 1.368807 0.027837 0.01 0.01
0 1.481850 0.056934 0.01 0.01
0 1.472820 0.052252 0.01 0.01
0 1.525663 0.062954 0.01 0.01
0 1.562787 0.066299 0.01 0.01
0 1.344058 0.018723 0.01 0.01
