0 0.251772 0.928871 0.01 0.01
0 0.153299 0.899100 0.01 0.01
0 0.265512 0.839558 0.01 0.01
0 0.105207 0.688413 0.01 0.01
0 0.031924 0.743375 0.01 0.01
0 0.027344 0.658642 0.01 0.01
0 0.059405 0.615131 0.01 0.01
0 0.164749 0.626581 0.01 0.01
0 0.258642 0.617421 0.01 0.01
0 0.222001 0.702153 0.01 0.01
0 0.382306 0.747955 0.01 0.01
0 0.492230 1.066276 0.01 0.01
0 0.535741 0.965512 0.01 0.01
0 0.041276 0.496619 0.01 0.01
0 0.103108 0.455398 0.01 0.01
0 0.179825 0.448528 0.01 0.01
0 0.195856 0.534405 0.01 0.01
0 0.257688 0.508070 0.01 0.01
0 0.249673 0.447383 0.01 0.01
0 0.314940 0.467993 0.01 0.01
0 0.308070 0.587077 0.01 0.01
0 0.104253 0.406161 0.01 0.01
0 0.021810 0.431352 0.01 0.01
0 0.029825 0.371810 0.01 0.01
0 0.112268 0.352344 0.01 0.01
0 0.059596 0.395856 0.01 0.01
0 0.151199 0.347764 0.01 0.01
0 0.079062 0.309978 0.01 0.01
0 0.024100 0.311123 0.01 0.01
0 0.008070 0.261886 0.01 0.01
0 0.055016 0.172573 0.01 0.01
0 0.101963 0.261886 0.01 0.01
0 0.119138 0.297383 0.01 0.01
0 0.182115 0.275627 0.01 0.01
0 0.180970 0.238986 0.01 0.01
0 0.124863 0.208070 0.01 0.01
0 0.005779 0.180589 0.01 0.01
0 0.152344 0.188604 0.01 0.01
0 0.099673 0.187459 0.01 0.01
0 0.210741 0.400436 0.01 0.01
0 0.218757 0.343184 0.01 0.01
0 0.207306 0.363795 0.01 0.01
0 0.264558 0.329444 0.01 0.01
0 0.279444 0.403871 0.01 0.01
0 0.305779 0.376390 0.01 0.01
0 0.337841 0.384405 0.01 0.01
0 0.272573 0.281352 0.01 0.01
0 0.280589 0.219520 0.01 0.01
0 0.337841 0.261886 0.01 0.01
0 0.210741 0.159978 0.01 0.01
0 0.373337 0.329444 0.01 0.01
0 0.432879 0.328299 0.01 0.01
0 0.460360 0.416466 0.01 0.01
0 0.408833 0.417612 0.01 0.01
0 0.455779 0.359215 0.01 0.01
0 0.493566 0.516085 0.01 0.01
0 0.407688 0.538986 0.01 0.01
0 0.388222 0.634024 0.01 0.01
0 0.407688 0.457688 0.01 0.01
0 0.261123 0.186314 0.01 0.01
0 0.271428 0.151963 0.01 0.01
0 0.325245 0.195474 0.01 0.01
0 0.352726 0.227535 0.01 0.01
0 0.403108 0.203489 0.01 0.01
0 0.377917 0.203489 0.01 0.01
0 0.474100 0.222955 0.01 0.01
0 0.437459 0.224100 0.01 0.01
0 0.437459 0.267612 0.01 0.01
0 0.485550 0.301963 0.01 0.01
0 0.510741 0.264176 0.01 0.01
0 0.542802 0.299673 0.01 0.01
0 0.464940 0.187459 0.01 0.01
0 0.521047 0.206924 0.01 0.01
0 0.592039 0.247001 0.01 0.01
0 0.567993 0.251581 0.01 0.01
0 0.603489 0.305398 0.01 0.01
0 0.565703 0.352344 0.01 0.01
0 0.517612 0.426772 0.01 0.01
0 0.554253 0.464558 0.01 0.01
0 0.571428 0.417612 0.01 0.01
0 0.618375 0.449673 0.01 0.01
0 0.611505 0.522955 0.01 0.01
0 0.636695 0.590512 0.01 0.01
0 0.684787 0.590512 0.01 0.01
0 0.567993 0.211505 0.01 0.01
0 0.704253 0.295092 0.01 0.01
0 0.658451 0.334024 0.01 0.01
0 0.677917 0.368375 0.01 0.01
0 0.727153 0.399291 0.01 0.01
0 0.761505 0.465703 0.01 0.01
0 0.792421 0.516085 0.01 0.01
0 0.771810 0.288222 0.01 0.01
0 0.793566 0.326008 0.01 0.01
0 0.760360 0.259596 0.01 0.01
0 0.786695 0.259596 0.01 0.01
0 0.700818 0.230970 0.01 0.01
0 0.680207 0.257306 0.01 0.01
0 0.584024 0.178299 0.01 0.01
0 0.053966 0.093852 0.01 0.01
0 0.110073 0.092707 0.01 0.01
0 0.103203 0.072669 0.01 0.01
0 0.169043 0.072669 0.01 0.01
0 0.187936 0.097860 0.01 0.01
0 0.195951 0.068661 0.01 0.01
0 0.214272 0.068661 0.01 0.01
0 0.233737 0.088699 0.01 0.01
0 0.256066 0.078966 0.01 0.01
0 0.225722 0.103585 0.01 0.01
0 0.209692 0.119043 0.01 0.01
0 0.126676 0.080684 0.01 0.01
0 0.091753 0.070379 0.01 0.01
0 0.142134 0.068661 0.01 0.01
0 0.116944 0.045188 0.01 0.01
0 0.029348 0.109883 0.01 0.01
0 0.065417 0.017134 0.01 0.01
0 0.080302 0.028012 0.01 0.01
0 0.013890 0.029730 0.01 0.01
0 0.020188 0.048623 0.01 0.01
0 0.051676 0.068661 0.01 0.01
0 0.034501 0.056066 0.01 0.01
0 0.142707 0.040035 0.01 0.01
0 0.130112 0.024005 0.01 0.01
0 0.092898 0.036028 0.01 0.01
0 0.185646 0.022860 0.01 0.01
0 0.233737 0.045188 0.01 0.01
0 0.201676 0.014844 0.01 0.01
0 0.221715 0.013699 0.01 0.01
0 0.274959 0.025722 0.01 0.01
0 0.252058 0.028012 0.01 0.01
0 0.246333 0.011982 0.01 0.01
0 0.305875 0.038890 0.01 0.01
0 0.322478 0.097860 0.01 0.01
0 0.329921 0.029157 0.01 0.01
0 0.359692 0.017707 0.01 0.01
0 0.375150 0.030302 0.01 0.01
0 0.396333 0.040035 0.01 0.01
0 0.340226 0.088699 0.01 0.01
0 0.361982 0.074959 0.01 0.01
0 0.288699 0.176295 0.01 0.01
0 0.316180 0.164844 0.01 0.01
0 0.249768 0.150531 0.01 0.01
0 0.396333 0.080684 0.01 0.01
0 0.293279 0.131638 0.01 0.01
0 0.388318 0.162554 0.01 0.01
0 0.403776 0.169997 0.01 0.01
0 0.427249 0.170570 0.01 0.01
0 0.438127 0.096715 0.01 0.01
0 0.420951 0.068661 0.01 0.01
0 0.401486 0.011982 0.01 0.01
0 0.431829 0.018279 0.01 0.01
0 0.449577 0.056638 0.01 0.01
0 0.446715 0.018852 0.01 0.01
0 0.477058 0.019997 0.01 0.01
0 0.473050 0.088699 0.01 0.01
0 0.457592 0.078966 0.01 0.01
0 0.466753 0.048623 0.01 0.01
0 0.526295 0.062363 0.01 0.01
0 0.504539 0.048050 0.01 0.01
0 0.509119 0.072096 0.01 0.01
0 0.496524 0.139653 0.01 0.01
0 0.568661 0.034883 0.01 0.01
0 0.563508 0.009119 0.01 0.01
0 0.519997 0.005684 0.01 0.01
0 0.524005 0.026867 0.01 0.01
0 0.557211 0.056066 0.01 0.01
0 0.578966 0.050913 0.01 0.01
0 0.558928 0.082974 0.01 0.01
0 0.534310 0.137936 0.01 0.01
0 0.513127 0.170570 0.01 0.01
0 0.553203 0.188890 0.01 0.01
0 0.519997 0.160837 0.01 0.01
0 0.475341 0.251295 0.01 0.01
0 0.508547 0.240989 0.01 0.01
0 0.591562 0.072669 0.01 0.01
0 0.607020 0.127631 0.01 0.01
0 0.610455 0.064081 0.01 0.01
0 0.597287 0.025722 0.01 0.01
0 0.615608 0.024005 0.01 0.01
0 0.582402 0.016562 0.01 0.01
0 0.657402 0.019997 0.01 0.01
0 0.632783 0.040608 0.01 0.01
0 0.645379 0.064653 0.01 0.01
0 0.685455 0.010837 0.01 0.01
0 0.683737 0.062936 0.01 0.01
0 0.662554 0.072096 0.01 0.01
0 0.671715 0.090417 0.01 0.01
0 0.674577 0.133928 0.01 0.01
0 0.672860 0.207211 0.01 0.01
0 0.636791 0.207211 0.01 0.01
0 0.605302 0.210073 0.01 0.01
0 0.668279 0.163127 0.01 0.01
0 0.696905 0.187745 0.01 0.01
0 0.693470 0.163127 0.01 0.01
0 0.455589 0.711314 0.01 0.01
0 0.620474 0.777726 0.01 0.01
0 0.689176 0.775436 0.01 0.01
0 0.915894 0.615131 0.01 0.01
0 0.831161 0.379253 0.01 0.01
0 0.874673 0.429634 0.01 0.01
0 0.911314 0.486886 0.01 0.01
0 1.034405 0.496619 0.01 0.01
0 0.953108 0.503489 0.01 0.01
0 1.101963 0.580207 0.01 0.01
0 1.174100 0.718757 0.01 0.01
0 1.047001 0.867612 0.01 0.01
0 0.727392 0.035598 0.01 0.01
0 0.737697 0.022144 0.01 0.01
0 0.718518 0.007545 0.01 0.01
0 0.749720 0.027583 0.01 0.01
0 0.758881 0.014987 0.01 0.01
0 0.768613 0.026152 0.01 0.01
0 0.779778 0.032163 0.01 0.01
0 0.817564 0.026152 0.01 0.01
0 0.804110 0.047335 0.01 0.01
0 0.838747 0.055923 0.01 0.01
0 0.856209 0.058499 0.01 0.01
0 0.839606 0.042468 0.01 0.01
0 0.770903 0.071953 0.01 0.01
0 0.756591 0.055923 0.01 0.01
0 0.713365 0.116610 0.01 0.01
0 0.730255 0.134644 0.01 0.01
0 0.817850 0.081686 0.01 0.01
0 0.705636 0.065655 0.01 0.01
0 0.710789 0.026724 0.01 0.01
0 0.772764 0.157974 0.01 0.01
0 0.750436 0.100150 0.01 0.01
0 0.839176 0.173432 0.01 0.01
0 0.782497 0.198623 0.01 0.01
0 0.756161 0.216371 0.01 0.01
0 0.846619 0.226676 0.01 0.01
0 0.890131 0.187173 0.01 0.01
0 0.891276 0.164272 0.01 0.01
0 0.907306 0.247860 0.01 0.01
0 0.816848 0.278203 0.01 0.01
0 0.926772 0.217516 0.01 0.01
0 0.967993 0.258737 0.01 0.01
0 0.933642 0.297669 0.01 0.01
0 0.886695 0.278203 0.01 0.01
0 0.547764 0.284501 0.01 0.01
0 0.925627 0.353489 0.01 0.01
0 0.898146 0.379825 0.01 0.01
0 0.817993 0.363795 0.01 0.01
0 0.933642 0.170283 0.01 0.01
0 0.966848 0.184024 0.01 0.01
0 0.994329 0.187459 0.01 0.01
0 1.010360 0.275627 0.01 0.01
0 0.988604 0.319138 0.01 0.01
0 0.989749 0.414176 0.01 0.01
0 0.974863 0.363795 0.01 0.01
0 1.017230 0.343184 0.01 0.01
0 1.029825 0.326008 0.01 0.01
0 1.063031 0.331734 0.01 0.01
0 1.049291 0.259596 0.01 0.01
0 1.126008 0.379825 0.01 0.01
0 1.154634 0.339749 0.01 0.01
0 1.188986 0.316848 0.01 0.01
0 1.193566 0.251581 0.01 0.01
0 1.085932 0.187459 0.01 0.01
0 1.065321 0.170283 0.01 0.01
0 0.815989 0.010837 0.01 0.01
0 0.875531 0.056638 0.01 0.01
0 0.917325 0.135646 0.01 0.01
0 0.915608 0.078966 0.01 0.01
0 0.939653 0.049195 0.01 0.01
0 0.926486 0.015989 0.01 0.01
0 0.909310 0.010837 0.01 0.01
0 0.892707 0.021715 0.01 0.01
0 0.866371 0.014844 0.01 0.01
0 0.915608 0.042898 0.01 0.01
0 0.947096 0.024005 0.01 0.01
0 0.943089 0.006829 0.01 0.01
0 0.961982 0.019997 0.01 0.01
0 0.969424 0.010837 0.01 0.01
0 0.985455 0.019997 0.01 0.01
0 0.971142 0.040035 0.01 0.01
0 1.004348 0.030875 0.01 0.01
0 1.030112 0.020570 0.01 0.01
0 1.022096 0.040608 0.01 0.01
0 1.011218 0.058928 0.01 0.01
0 1.016944 0.088127 0.01 0.01
0 1.031829 0.068089 0.01 0.01
0 0.967707 0.147096 0.01 0.01
0 0.956257 0.126486 0.01 0.01
0 1.063890 0.069234 0.01 0.01
0 1.059883 0.044043 0.01 0.01
0 1.049577 0.032020 0.01 0.01
0 1.078776 0.036028 0.01 0.01
0 1.103966 0.077249 0.01 0.01
0 1.129730 0.058356 0.01 0.01
0 1.120570 0.022287 0.01 0.01
0 1.103966 0.037173 0.01 0.01
0 1.059883 0.009692 0.01 0.01
0 1.012936 0.013699 0.01 0.01
0 1.134883 0.127058 0.01 0.01
0 1.128585 0.151104 0.01 0.01
0 1.160646 0.054348 0.01 0.01
0 1.148050 0.024577 0.01 0.01
0 1.133737 0.017134 0.01 0.01
0 1.196715 0.108737 0.01 0.01
0 1.201867 0.158547 0.01 0.01
0 1.226486 0.174005 0.01 0.01
0 1.259119 0.072096 0.01 0.01
0 1.187125 0.015274 0.01 0.01
0 1.230923 0.050484 0.01 0.01
0 1.222049 0.110884 0.01 0.01
0 1.295331 0.023003 0.01 0.01
0 1.280732 0.012984 0.01 0.01
0 1.263270 0.007258 0.01 0.01
0 1.246381 0.015560 0.01 0.01
0 1.234071 0.007258 0.01 0.01
0 1.215465 0.016133 0.01 0.01
0 1.218327 0.031591 0.01 0.01
0 1.204300 0.049052 0.01 0.01
0 1.246905 0.133928 0.01 0.01
0 1.258928 0.187745 0.01 0.01
0 1.258356 0.154539 0.01 0.01
0 1.315608 0.145951 0.01 0.01
0 1.363270 0.139510 0.01 0.01
0 1.352678 0.183881 0.01 0.01
0 1.323194 0.221953 0.01 0.01
0 1.353823 0.215942 0.01 0.01
0 1.382449 0.186171 0.01 0.01
0 1.401342 0.195331 0.01 0.01
0 1.397335 0.224529 0.01 0.01
0 1.372716 0.238556 0.01 0.01
0 1.321476 0.250293 0.01 0.01
0 1.281400 0.187888 0.01 0.01
0 1.282831 0.142945 0.01 0.01
0 1.275674 0.161839 0.01 0.01
0 1.318613 0.067087 0.01 0.01
0 1.346953 0.060216 0.01 0.01
0 1.333499 0.060503 0.01 0.01
0 1.370426 0.062507 0.01 0.01
0 1.395045 0.084262 0.01 0.01
0 1.381591 0.140369 0.01 0.01
0 1.215894 0.271619 0.01 0.01
0 1.273146 0.273909 0.01 0.01
0 1.312077 0.287650 0.01 0.01
0 1.245665 0.328871 0.01 0.01
0 1.225054 0.376963 0.01 0.01
0 1.257115 0.402153 0.01 0.01
0 1.238795 0.521237 0.01 0.01
0 1.314367 0.475436 0.01 0.01
0 0.789940 0.972383 0.01 0.01
0 0.886123 1.061695 0.01 0.01
0 1.007497 0.972383 0.01 0.01
0 1.448194 0.051056 0.01 0.01
0 1.445617 0.028442 0.01 0.01
0 1.386075 0.032449 0.01 0.01
0 1.387507 0.025293 0.01 0.01
0 1.349720 0.037602 0.01 0.01
0 1.327965 0.031591 0.01 0.01
0 1.422430 0.015274 0.01 0.01
0 1.464224 0.026724 0.01 0.01
0 1.489701 0.028728 0.01 0.01
0 1.471381 0.033594 0.01 0.01
0 1.482258 0.044472 0.01 0.01
0 1.485407 0.067373 0.01 0.01
0 1.364033 0.036171 0.01 0.01
0 1.340846 0.027010 0.01 0.01
0 1.447621 0.010694 0.01 0.01
0 1.392659 0.044472 0.01 0.01
0 1.442039 0.143089 0.01 0.01
0 1.427726 0.152821 0.01 0.01
0 1.422001 0.074959 0.01 0.01
0 1.412841 0.046905 0.01 0.01
0 1.583976 0.067087 0.01 0.01
0 1.597430 0.084549 0.01 0.01
0 1.551629 0.070522 0.01 0.01
0 1.513270 0.067087 0.01 0.01
0 1.549911 0.044186 0.01 0.01
0 1.587411 0.016133 0.01 0.01
0 1.598289 0.010121 0.01 0.01
0 1.573671 0.015274 0.01 0.01
0 1.569949 0.005255 0.01 0.01
0 1.521571 0.031304 0.01 0.01
0 1.500961 0.041610 0.01 0.01
0 1.506113 0.008403 0.01 0.01
0 1.532449 0.137793 0.01 0.01
0 1.547621 0.121762 0.01 0.01
0 1.562220 0.120903 0.01 0.01
0 1.579396 0.127487 0.01 0.01
0 1.588556 0.143518 0.01 0.01
0 1.571094 0.030445 0.01 0.01
0 1.548766 0.024148 0.01 0.01
0 1.533881 0.043327 0.01 0.01
0 1.493852 0.160264 0.01 0.01
0 1.295760 0.160264 0.01 0.01
0 1.335264 0.160264 0.01 0.01
0 1.553966 0.172287 0.01 0.01
0 1.524195 0.185455 0.01 0.01
0 1.502440 0.219806 0.01 0.01
0 1.536791 0.235837 0.01 0.01
0 1.455493 0.197478 0.01 0.01
0 1.446905 0.176295 0.01 0.01
0 1.472239 0.165846 0.01 0.01
0 1.375484 0.259167 0.01 0.01
0 1.468757 0.227535 0.01 0.01
0 1.429825 0.227535 0.01 0.01
0 1.434405 0.259596 0.01 0.01
0 1.397764 0.307688 0.01 0.01
0 1.271810 0.299673 0.01 0.01
0 1.267230 0.351199 0.01 0.01
0 1.293566 0.335169 0.01 0.01
0 1.331352 0.336314 0.01 0.01
0 1.372573 0.549291 0.01 0.01
0 1.345092 0.500054 0.01 0.01
0 1.558070 0.513795 0.01 0.01
0 1.542039 0.445092 0.01 0.01
0 1.503108 0.364940 0.01 0.01
0 1.422955 0.337459 0.01 0.01
0 1.449291 0.393566 0.01 0.01
0 1.452726 0.305398 0.01 0.01
0 1.534024 0.300818 0.01 0.01
0 0.913413 0.582497 0.01 0.01
0 0.816085 0.516085 0.01 0.01
0 0.867612 0.359215 0.01 0.01
0 1.074863 0.406161 0.01 0.01
0 1.107211 0.315417 0.01 0.01
0 1.080875 0.281638 0.01 0.01
0 1.415131 0.871619 0.01 0.01
0 1.566276 0.729634 0.01 0.01
0 1.472383 0.615131 0.01 0.01
0 1.320951 0.016562 0.01 0.01
0 1.319234 0.028012 0.01 0.01
0 1.158356 0.003966 0.01 0.01
0 1.357020 0.011982 0.01 0.01
0 0.645200 0.402043 0.01 0.01
0 0.103342 0.015230 0.01 0.01
0 0.080964 0.008837 0.01 0.01
0 0.307937 0.013632 0.01 0.01
0 1.083162 0.013632 0.01 0.01
