0 0.165020 0.034296 0.01 0.01
0 0.254257 0.008464 0.01 0.01
0 0.273044 0.048386 0.01 0.01
0 0.392809 0.024903 0.01 0.01
0 0.219032 0.177545 0.01 0.01
0 0.287134 0.161106 0.01 0.01
0 0.580676 0.017858 0.01 0.01
0 0.590069 0.085959 0.01 0.01
0 0.639384 0.102398 0.01 0.01
0 0.792026 0.043689 0.01 0.01
0 0.843689 0.027251 0.01 0.01
0 0.874218 0.184590 0.01 0.01
0 0.270695 0.262085 0.01 0.01
0 0.172065 0.348973 0.01 0.01
0 0.000636 0.245646 0.01 0.01
0 0.305920 0.372456 0.01 0.01
0 0.465607 0.377153 0.01 0.01
0 0.761498 0.365411 0.01 0.01
0 0.942319 0.224511 0.01 0.01
0 0.838993 0.111791 0.01 0.01
0 1.062085 0.048386 0.01 0.01
0 1.153670 0.057779 0.01 0.01
0 1.036253 0.069521 0.01 0.01
0 1.202985 0.132926 0.01 0.01
0 1.231165 0.024903 0.01 0.01
0 1.287525 0.024903 0.01 0.01
0 1.372065 0.060128 0.01 0.01
0 1.367368 0.116488 0.01 0.01
0 1.426077 0.151713 0.01 0.01
0 1.590460 0.027251 0.01 0.01
0 1.585764 0.215118 0.01 0.01
0 0.604159 0.560323 0.01 0.01
0 0.235470 0.630773 0.01 0.01
0 0.221380 0.809247 0.01 0.01
0 0.322359 0.900832 0.01 0.01
0 0.838993 0.710617 0.01 0.01
0 1.468347 0.717662 0.01 0.01
0 1.475392 1.084002 0.01 0.01
0 0.288539 0.094894 0.01 0.01
0 0.593556 0.179844 0.01 0.01
0 1.511951 0.008606 0.01 0.01
