0 0.008883 0.425550 0.01 0.01
0 0.044377 0.435581 0.01 0.01
0 0.098389 0.459500 0.01 0.01
0 0.148544 0.434809 0.01 0.01
0 0.204871 0.456414 0.01 0.01
0 0.212587 0.412432 0.01 0.01
0 0.253482 0.403173 0.01 0.01
0 0.259655 0.424778 0.01 0.01
0 0.269686 0.454871 0.01 0.01
0 0.252710 0.454099 0.01 0.01
0 0.003482 0.564439 0.01 0.01
0 0.344531 0.429408 0.01 0.01
0 0.317525 0.381568 0.01 0.01
0 0.383111 0.417834 0.01 0.01
0 0.427093 0.460272 0.01 0.01
0 0.470303 0.508883 0.01 0.01
0 0.437895 0.434809 0.01 0.01
0 0.470303 0.409346 0.01 0.01
0 0.538204 0.446383 0.01 0.01
0 0.565982 0.440982 0.01 0.01
0 0.605334 0.435581 0.01 0.01
0 0.633111 0.455642 0.01 0.01
0 0.664747 0.581414 0.01 0.01
0 0.718760 0.530488 0.01 0.01
0 0.775858 0.542062 0.01 0.01
0 0.768914 0.447155 0.01 0.01
0 0.808266 0.449470 0.01 0.01
0 0.723389 0.438667 0.01 0.01
0 0.677093 0.427093 0.01 0.01
0 0.691753 0.354562 0.01 0.01
0 0.751167 0.342988 0.01 0.01
0 0.780488 0.286661 0.01 0.01
0 0.739593 0.268914 0.01 0.01
0 0.810581 0.262741 0.01 0.01
0 0.768914 0.243451 0.01 0.01
0 0.755797 0.249624 0.01 0.01
0 0.819840 0.249624 0.01 0.01
0 0.730334 0.207186 0.01 0.01
0 0.769686 0.209500 0.01 0.01
0 0.708729 0.217216 0.01 0.01
0 0.687124 0.219531 0.01 0.01
0 0.697155 0.240365 0.01 0.01
0 0.713358 0.269686 0.01 0.01
0 0.615365 0.256568 0.01 0.01
0 0.606877 0.230334 0.01 0.01
0 0.637741 0.220303 0.01 0.01
0 0.640056 0.199470 0.01 0.01
0 0.637741 0.153945 0.01 0.01
0 0.651630 0.158574 0.01 0.01
0 0.675550 0.163204 0.01 0.01
0 0.701784 0.167834 0.01 0.01
0 0.696383 0.188667 0.01 0.01
0 0.715673 0.191753 0.01 0.01
0 0.739593 0.133883 0.01 0.01
0 0.715673 0.134655 0.01 0.01
0 0.674007 0.112278 0.01 0.01
0 0.638513 0.106105 0.01 0.01
0 0.739593 0.106877 0.01 0.01
0 0.813667 0.120766 0.01 0.01
0 0.578328 0.248081 0.01 0.01
0 0.542834 0.245766 0.01 0.01
0 0.590673 0.219531 0.01 0.01
0 0.574470 0.200241 0.01 0.01
0 0.557494 0.189439 0.01 0.01
0 0.569840 0.173235 0.01 0.01
0 0.598389 0.174007 0.01 0.01
0 0.606877 0.139284 0.01 0.01
0 0.612278 0.157803 0.01 0.01
0 0.575241 0.133883 0.01 0.01
0 0.605334 0.113050 0.01 0.01
0 0.489593 0.282031 0.01 0.01
0 0.459500 0.246537 0.01 0.01
0 0.439439 0.246537 0.01 0.01
0 0.443297 0.221846 0.01 0.01
0 0.449470 0.167062 0.01 0.01
0 0.490365 0.158574 0.01 0.01
0 0.519686 0.142371 0.01 0.01
0 0.492679 0.134655 0.01 0.01
0 0.523544 0.110735 0.01 0.01
0 0.562895 0.105334 0.01 0.01
0 0.478019 0.112278 0.01 0.01
0 0.454099 0.109963 0.01 0.01
0 0.430179 0.108420 0.01 0.01
0 0.427093 0.136198 0.01 0.01
0 0.400087 0.157803 0.01 0.01
0 0.379253 0.172463 0.01 0.01
0 0.378482 0.144686 0.01 0.01
0 0.410118 0.105334 0.01 0.01
0 0.383883 0.109192 0.01 0.01
0 0.350704 0.103791 0.01 0.01
0 0.313667 0.106105 0.01 0.01
0 0.302093 0.116136 0.01 0.01
0 0.286661 0.107649 0.01 0.01
0 0.283574 0.190982 0.01 0.01
0 0.328328 0.181723 0.01 0.01
0 0.272772 0.172463 0.01 0.01
0 0.232649 0.166291 0.01 0.01
0 0.248081 0.196383 0.01 0.01
0 0.248852 0.152402 0.01 0.01
0 0.234192 0.135426 0.01 0.01
0 0.228791 0.116908 0.01 0.01
0 0.503482 0.231877 0.01 0.01
0 0.487278 0.371537 0.01 0.01
0 0.555951 0.381568 0.01 0.01
0 0.556723 0.356877 0.01 0.01
0 0.650087 0.412432 0.01 0.01
0 0.451013 0.392371 0.01 0.01
0 0.386970 0.400858 0.01 0.01
0 0.391599 0.391599 0.01 0.01
0 0.379253 0.324470 0.01 0.01
0 0.423235 0.292062 0.01 0.01
0 0.399315 0.243451 0.01 0.01
0 0.389284 0.228791 0.01 0.01
0 0.362278 0.252710 0.01 0.01
0 0.354562 0.231877 0.01 0.01
0 0.303636 0.303636 0.01 0.01
0 0.311352 0.331414 0.01 0.01
0 0.280488 0.349932 0.01 0.01
0 0.255797 0.272772 0.01 0.01
0 0.231877 0.254253 0.01 0.01
0 0.205642 0.258111 0.01 0.01
0 0.167834 0.261198 0.01 0.01
0 0.178636 0.364593 0.01 0.01
0 0.233420 0.348389 0.01 0.01
0 0.122309 0.383111 0.01 0.01
0 0.116908 0.354562 0.01 0.01
0 0.012741 0.372309 0.01 0.01
0 0.025858 0.280488 0.01 0.01
0 0.070611 0.246537 0.01 0.01
0 0.123081 0.260426 0.01 0.01
0 0.129253 0.248852 0.01 0.01
0 0.134655 0.176321 0.01 0.01
0 0.140056 0.137741 0.01 0.01
0 0.131568 0.110735 0.01 0.01
0 0.163204 0.105334 0.01 0.01
0 0.176321 0.119994 0.01 0.01
0 0.207957 0.123852 0.01 0.01
0 0.194068 0.123081 0.01 0.01
0 0.110735 0.108420 0.01 0.01
0 0.094531 0.108420 0.01 0.01
0 0.076784 0.118451 0.01 0.01
0 0.059809 0.116136 0.01 0.01
0 0.052093 0.140056 0.01 0.01
0 0.047463 0.118451 0.01 0.01
0 0.028945 0.114593 0.01 0.01
0 0.015828 0.119994 0.01 0.01
0 0.029716 0.161661 0.01 0.01
0 0.035118 0.241908 0.01 0.01
0 0.042834 0.211044 0.01 0.01
0 0.062124 0.211044 0.01 0.01
0 0.079099 0.212587 0.01 0.01
0 0.018142 0.205642 0.01 0.01
0 0.002710 0.189439 0.01 0.01
0 0.195611 0.214130 0.01 0.01
0 0.184037 0.107649 0.01 0.01
0 0.788976 0.508883 0.01 0.01
0 0.762741 0.490365 0.01 0.01
0 0.893794 0.334822 0.01 0.01
0 0.935940 0.311408 0.01 0.01
0 0.904097 0.254278 0.01 0.01
0 0.912526 0.226181 0.01 0.01
0 0.931257 0.158748 0.01 0.01
0 0.867571 0.132525 0.01 0.01
0 0.866634 0.223371 0.01 0.01
0 0.851649 0.204640 0.01 0.01
0 0.879746 0.218688 0.01 0.01
0 0.854459 0.257087 0.01 0.01
0 0.870380 0.252405 0.01 0.01
0 0.795455 0.095999 0.01 0.01
0 0.812313 0.084760 0.01 0.01
0 0.799202 0.082887 0.01 0.01
0 0.705545 0.092252 0.01 0.01
0 0.667146 0.095999 0.01 0.01
0 0.667146 0.080077 0.01 0.01
0 0.680258 0.086633 0.01 0.01
0 0.642795 0.089443 0.01 0.01
0 0.629684 0.091316 0.01 0.01
0 0.621255 0.092252 0.01 0.01
0 0.591284 0.078204 0.01 0.01
0 0.559441 0.078204 0.01 0.01
0 0.548203 0.095999 0.01 0.01
0 0.505121 0.095062 0.01 0.01
0 0.513550 0.097872 0.01 0.01
0 0.520106 0.082887 0.01 0.01
0 0.525725 0.067902 0.01 0.01
0 0.637176 0.058536 0.01 0.01
0 0.490136 0.070711 0.01 0.01
0 0.502311 0.081014 0.01 0.01
0 0.507930 0.071648 0.01 0.01
0 0.479833 0.085696 0.01 0.01
0 0.492009 0.105364 0.01 0.01
0 0.492009 0.093189 0.01 0.01
0 0.441434 0.095999 0.01 0.01
0 0.436752 0.078204 0.01 0.01
0 0.460166 0.070711 0.01 0.01
0 0.422703 0.099745 0.01 0.01
0 0.388987 0.093189 0.01 0.01
0 0.399289 0.088506 0.01 0.01
0 0.374002 0.056663 0.01 0.01
0 0.333730 0.033249 0.01 0.01
0 0.305633 0.049170 0.01 0.01
0 0.289711 0.043551 0.01 0.01
0 0.285965 0.022010 0.01 0.01
0 0.252249 0.045424 0.01 0.01
0 0.225088 0.035122 0.01 0.01
0 0.216659 0.051043 0.01 0.01
0 0.201674 0.040741 0.01 0.01
0 0.209167 0.035122 0.01 0.01
0 0.234454 0.066029 0.01 0.01
0 0.241946 0.068838 0.01 0.01
0 0.260678 0.072584 0.01 0.01
0 0.261614 0.085696 0.01 0.01
0 0.248502 0.092252 0.01 0.01
0 0.248502 0.080077 0.01 0.01
0 0.233517 0.095999 0.01 0.01
0 0.235390 0.088506 0.01 0.01
0 0.221342 0.081950 0.01 0.01
0 0.205420 0.084760 0.01 0.01
0 0.167958 0.081950 0.01 0.01
0 0.175450 0.067902 0.01 0.01
0 0.175450 0.048234 0.01 0.01
0 0.182943 0.021073 0.01 0.01
0 0.142671 0.024820 0.01 0.01
0 0.140797 0.063219 0.01 0.01
0 0.127686 0.055726 0.01 0.01
0 0.145480 0.089443 0.01 0.01
0 0.137051 0.092252 0.01 0.01
0 0.116447 0.083823 0.01 0.01
0 0.089286 0.082887 0.01 0.01
0 0.079921 0.085696 0.01 0.01
0 0.048078 0.087569 0.01 0.01
0 0.030283 0.087569 0.01 0.01
0 0.029346 0.077267 0.01 0.01
0 0.019044 0.067902 0.01 0.01
0 0.020917 0.060409 0.01 0.01
0 0.035902 0.049170 0.01 0.01
0 0.040585 0.022947 0.01 0.01
0 0.058380 0.032312 0.01 0.01
0 0.083667 0.036058 0.01 0.01
0 0.073365 0.027629 0.01 0.01
0 0.065872 0.022947 0.01 0.01
0 0.087413 0.022010 0.01 0.01
0 0.095842 0.026693 0.01 0.01
0 0.092096 0.061346 0.01 0.01
0 0.101462 0.049170 0.01 0.01
0 0.081794 0.056663 0.01 0.01
0 0.065872 0.088506 0.01 0.01
0 0.184816 0.095999 0.01 0.01
0 0.197928 0.146573 0.01 0.01
0 0.032156 0.422859 0.01 0.01
0 0.052995 0.011864 0.01 0.01
0 0.329749 0.101306 0.01 0.01
0 0.079687 0.172016 0.01 0.01
0 0.487326 0.233673 0.01 0.01
0 0.262551 0.150319 0.01 0.01
