0 0.152844 0.982907 0.01 0.01
0 0.297148 0.914553 0.01 0.01
0 0.462338 0.821515 0.01 0.01
0 0.572464 0.783540 0.01 0.01
0 0.631325 0.794933 0.01 0.01
0 0.623730 0.916452 0.01 0.01
0 0.749047 0.791135 0.01 0.01
0 0.849680 0.859490 0.01 0.01
0 0.826895 1.131009 0.01 0.01
0 1.069933 0.954426 0.01 0.01
0 1.117401 0.747464 0.01 0.01
0 1.311072 0.808224 0.01 0.01
0 1.413604 0.954426 0.01 0.01
0 1.561705 0.977211 0.01 0.01
0 1.546515 0.872781 0.01 0.01
0 1.506642 0.800629 0.01 0.01
0 1.567401 0.766452 0.01 0.01
0 0.935123 0.906958 0.01 0.01
0 1.047148 0.747464 0.01 0.01
0 0.519300 0.696199 0.01 0.01
0 0.585756 0.703794 0.01 0.01
0 0.411072 0.694300 0.01 0.01
0 0.371199 0.658224 0.01 0.01
0 0.344616 0.694300 0.01 0.01
0 0.308540 0.614553 0.01 0.01
0 0.223097 0.597464 0.01 0.01
0 0.173730 0.643034 0.01 0.01
0 0.080692 0.656325 0.01 0.01
0 0.063604 0.584173 0.01 0.01
0 0.226895 0.548097 0.01 0.01
0 0.287654 0.561388 0.01 0.01
0 0.893350 0.753161 0.01 0.01
0 0.929426 0.713287 0.01 0.01
0 0.950312 0.677211 0.01 0.01
0 0.925629 0.656325 0.01 0.01
0 0.908540 0.624047 0.01 0.01
0 0.866768 0.669616 0.01 0.01
0 0.847781 0.703794 0.01 0.01
0 0.779426 0.690502 0.01 0.01
0 0.821199 0.620249 0.01 0.01
0 0.722464 0.643034 0.01 0.01
0 0.750945 0.694300 0.01 0.01
0 0.693983 0.720882 0.01 0.01
0 0.654110 0.663920 0.01 0.01
0 0.654110 0.616452 0.01 0.01
0 0.585756 0.597464 0.01 0.01
0 1.295882 0.684806 0.01 0.01
0 1.195044 0.690196 0.01 0.01
0 1.193489 0.774152 0.01 0.01
0 1.249460 0.743057 0.01 0.01
0 1.275113 0.641999 0.01 0.01
0 1.292992 0.637335 0.01 0.01
0 1.327197 0.650550 0.01 0.01
0 1.347408 0.655992 0.01 0.01
0 1.369175 0.679313 0.01 0.01
0 1.385499 0.650550 0.01 0.01
0 1.419704 0.666098 0.01 0.01
0 1.441470 0.666875 0.01 0.01
0 1.458572 0.674649 0.01 0.01
0 1.464791 0.649773 0.01 0.01
0 1.517652 0.644332 0.01 0.01
0 1.543305 0.641999 0.01 0.01
0 1.575178 0.661434 0.01 0.01
0 1.572845 0.701079 0.01 0.01
0 1.528535 0.715849 0.01 0.01
0 1.478784 0.743057 0.01 0.01
0 1.436806 0.715849 0.01 0.01
0 1.417372 0.690974 0.01 0.01
0 1.373839 0.732174 0.01 0.01
0 1.319423 0.684755 0.01 0.01
0 0.872436 0.736061 0.01 0.01
0 1.127413 0.650550 0.01 0.01
0 1.144515 0.611682 0.01 0.01
0 1.171723 0.611682 0.01 0.01
0 1.194267 0.622565 0.01 0.01
0 1.031019 0.636558 0.01 0.01
0 0.994483 0.611682 0.01 0.01
0 1.023245 0.596912 0.01 0.01
0 1.034128 0.593803 0.01 0.01
0 1.041125 0.591470 0.01 0.01
0 1.047344 0.576700 0.01 0.01
0 1.059782 0.584474 0.01 0.01
0 1.079993 0.589916 0.01 0.01
0 1.122749 0.593803 0.01 0.01
0 1.125081 0.586029 0.01 0.01
0 1.134409 0.585251 0.01 0.01
0 1.144515 0.591470 0.01 0.01
0 1.163949 0.590693 0.01 0.01
0 1.188048 0.589916 0.01 0.01
0 1.205150 0.592248 0.01 0.01
0 1.221474 0.587584 0.01 0.01
0 1.238577 0.607795 0.01 0.01
0 1.335748 0.750054 0.01 0.01
0 1.482671 0.722846 0.01 0.01
0 1.039570 0.686309 0.01 0.01
0 1.292215 0.606240 0.01 0.01
0 1.329529 0.612459 0.01 0.01
0 1.361401 0.614014 0.01 0.01
0 1.383167 0.607018 0.01 0.01
0 1.386277 0.623343 0.01 0.01
0 1.402602 0.625675 0.01 0.01
0 1.368397 0.634226 0.01 0.01
0 1.365288 0.652883 0.01 0.01
0 1.416594 0.603131 0.01 0.01
0 1.446134 0.607795 0.01 0.01
0 1.448466 0.629561 0.01 0.01
0 1.479561 0.618678 0.01 0.01
0 1.505992 0.619456 0.01 0.01
0 1.501327 0.628007 0.01 0.01
0 1.541751 0.613237 0.01 0.01
0 1.593834 0.628784 0.01 0.01
0 1.013917 0.572036 0.01 0.01
0 1.020913 0.571259 0.01 0.01
0 0.989041 0.579032 0.01 0.01
0 1.000702 0.589916 0.01 0.01
0 0.981267 0.595357 0.01 0.01
0 0.968829 0.579032 0.01 0.01
0 0.953282 0.575146 0.01 0.01
0 0.953282 0.600799 0.01 0.01
0 0.958724 0.563485 0.01 0.01
0 0.981267 0.561153 0.01 0.01
0 1.032574 0.562708 0.01 0.01
0 0.270216 0.548241 0.01 0.01
0 0.272208 0.525334 0.01 0.01
0 0.246313 0.546249 0.01 0.01
0 0.228386 0.521351 0.01 0.01
0 0.210460 0.528322 0.01 0.01
0 0.177594 0.532306 0.01 0.01
0 0.155683 0.532306 0.01 0.01
0 0.141740 0.521351 0.01 0.01
0 0.104891 0.529318 0.01 0.01
0 0.105887 0.550233 0.01 0.01
0 0.072025 0.553220 0.01 0.01
0 0.158671 0.565172 0.01 0.01
0 0.172614 0.590070 0.01 0.01
0 0.191537 0.560192 0.01 0.01
0 0.254281 0.569155 0.01 0.01
0 0.273203 0.564176 0.01 0.01
0 0.289138 0.591066 0.01 0.01
0 0.333955 0.574135 0.01 0.01
0 0.367817 0.588078 0.01 0.01
0 0.334951 0.548241 0.01 0.01
0 0.335947 0.532306 0.01 0.01
0 0.379768 0.542265 0.01 0.01
0 0.405663 0.551229 0.01 0.01
0 0.405663 0.569155 0.01 0.01
0 0.518203 0.585090 0.01 0.01
0 0.473386 0.615964 0.01 0.01
0 0.438529 0.655802 0.01 0.01
0 0.471394 0.678708 0.01 0.01
0 0.546089 0.643850 0.01 0.01
0 0.551069 0.610985 0.01 0.01
0 0.571984 0.583098 0.01 0.01
0 0.542106 0.574135 0.01 0.01
0 0.687512 0.604013 0.01 0.01
0 0.741293 0.593058 0.01 0.01
0 0.761211 0.631899 0.01 0.01
0 0.787105 0.588078 0.01 0.01
0 0.870764 0.618952 0.01 0.01
0 0.852837 0.599033 0.01 0.01
0 0.872756 0.581107 0.01 0.01
0 0.576963 0.546249 0.01 0.01
0 0.596882 0.546249 0.01 0.01
0 0.615805 0.569155 0.01 0.01
0 0.630744 0.553220 0.01 0.01
0 0.651957 0.564052 0.01 0.01
0 0.637214 0.572540 0.01 0.01
0 0.661786 0.558691 0.01 0.01
0 0.673401 0.560478 0.01 0.01
0 0.683230 0.571646 0.01 0.01
0 0.706461 0.571646 0.01 0.01
0 0.722544 0.561818 0.01 0.01
0 0.738627 0.564052 0.01 0.01
0 0.765879 0.555563 0.01 0.01
0 0.775707 0.560924 0.01 0.01
0 0.785536 0.554223 0.01 0.01
0 0.794918 0.566285 0.01 0.01
0 0.809214 0.557797 0.01 0.01
0 0.818149 0.560031 0.01 0.01
0 0.833338 0.556010 0.01 0.01
0 0.852102 0.557350 0.01 0.01
0 0.825744 0.576114 0.01 0.01
0 0.806087 0.582368 0.01 0.01
0 0.748902 0.577901 0.01 0.01
0 0.647490 0.547522 0.01 0.01
0 0.617110 0.536353 0.01 0.01
0 0.627832 0.527418 0.01 0.01
0 0.640788 0.519376 0.01 0.01
0 0.651064 0.528758 0.01 0.01
0 0.642575 0.531885 0.01 0.01
0 0.593879 0.529652 0.01 0.01
0 0.571542 0.528758 0.01 0.01
0 0.564840 0.539927 0.01 0.01
0 0.552331 0.539927 0.01 0.01
0 0.613983 0.525631 0.01 0.01
0 0.608175 0.529205 0.01 0.01
0 0.662679 0.527865 0.01 0.01
0 0.685463 0.529205 0.01 0.01
0 0.692612 0.541267 0.01 0.01
0 0.701100 0.542608 0.01 0.01
0 0.714949 0.547522 0.01 0.01
0 0.662232 0.586836 0.01 0.01
0 0.614877 0.594878 0.01 0.01
0 0.509443 0.554223 0.01 0.01
0 0.507656 0.531885 0.01 0.01
0 0.488446 0.538587 0.01 0.01
0 0.531334 0.526971 0.01 0.01
0 0.540269 0.530545 0.01 0.01
0 0.550098 0.523397 0.01 0.01
0 0.517485 0.517589 0.01 0.01
0 0.490680 0.527865 0.01 0.01
0 0.489339 0.513569 0.01 0.01
0 0.765879 0.533672 0.01 0.01
0 0.773920 0.536800 0.01 0.01
0 0.809214 0.537246 0.01 0.01
0 0.805640 0.544395 0.01 0.01
0 0.823510 0.544395 0.01 0.01
0 0.910180 0.541714 0.01 0.01
0 0.839593 0.545735 0.01 0.01
0 0.755157 0.541714 0.01 0.01
0 0.747115 0.546628 0.01 0.01
0 0.734159 0.535013 0.01 0.01
0 0.715843 0.540374 0.01 0.01
0 0.664466 0.535459 0.01 0.01
0 0.587625 0.522504 0.01 0.01
0 0.496934 0.571200 0.01 0.01
0 0.488893 0.586389 0.01 0.01
0 0.608175 0.556904 0.01 0.01
0 0.233219 0.739402 0.01 0.01
0 0.310061 0.796586 0.01 0.01
0 0.258237 0.680431 0.01 0.01
0 0.181396 0.717958 0.01 0.01
0 0.027713 0.642903 0.01 0.01
0 0.029500 0.583932 0.01 0.01
0 0.009843 0.546405 0.01 0.01
0 0.042009 0.528535 0.01 0.01
0 0.061423 0.527047 0.01 0.01
0 0.067628 0.515765 0.01 0.01
0 0.086243 0.508996 0.01 0.01
0 0.101474 0.502227 0.01 0.01
0 0.115576 0.505611 0.01 0.01
0 0.128550 0.505611 0.01 0.01
0 0.133063 0.521970 0.01 0.01
0 0.167473 0.497714 0.01 0.01
0 0.170293 0.514073 0.01 0.01
0 0.179319 0.508996 0.01 0.01
0 0.187780 0.505611 0.01 0.01
0 0.193421 0.515765 0.01 0.01
0 0.210908 0.503919 0.01 0.01
0 0.248138 0.511252 0.01 0.01
0 0.289317 0.515201 0.01 0.01
0 0.298907 0.529303 0.01 0.01
0 0.313009 0.524790 0.01 0.01
0 0.312445 0.538893 0.01 0.01
0 0.346291 0.505047 0.01 0.01
0 0.367162 0.530995 0.01 0.01
0 0.369419 0.514073 0.01 0.01
0 0.464187 0.534944 0.01 0.01
0 0.455725 0.515201 0.01 0.01
0 0.454597 0.528739 0.01 0.01
0 0.430341 0.525919 0.01 0.01
0 0.057474 0.501663 0.01 0.01
0 0.031526 0.503355 0.01 0.01
0 0.010090 0.519149 0.01 0.01
0 0.012347 0.491509 0.01 0.01
0 0.030962 0.479663 0.01 0.01
0 0.076089 0.490381 0.01 0.01
0 0.064243 0.483047 0.01 0.01
0 0.032654 0.566533 0.01 0.01
0 0.200754 0.496022 0.01 0.01
0 0.288753 0.498842 0.01 0.01
0 0.301163 0.507303 0.01 0.01
0 0.121217 0.537765 0.01 0.01
0 0.098089 0.569918 0.01 0.01
0 0.093576 0.592482 0.01 0.01
0 0.095269 0.485304 0.01 0.01
0 0.248138 0.530995 0.01 0.01
0 0.421316 0.534944 0.01 0.01
0 0.389726 0.517457 0.01 0.01
0 0.389726 0.506739 0.01 0.01
0 0.373932 0.505611 0.01 0.01
0 0.363778 0.503919 0.01 0.01
0 0.354752 0.515201 0.01 0.01
0 0.232908 0.508996 0.01 0.01
0 0.229523 0.499406 0.01 0.01
0 0.146037 0.489817 0.01 0.01
0 0.137576 0.490381 0.01 0.01
0 0.124601 0.490945 0.01 0.01
0 0.051269 0.511816 0.01 0.01
0 0.013475 0.503919 0.01 0.01
0 0.023628 0.493765 0.01 0.01
0 0.254907 0.499406 0.01 0.01
0 0.269010 0.503355 0.01 0.01
0 0.249831 0.489817 0.01 0.01
0 0.213729 0.492073 0.01 0.01
0 0.316958 0.497714 0.01 0.01
0 0.406085 0.512944 0.01 0.01
0 0.413982 0.506175 0.01 0.01
0 0.430341 0.508996 0.01 0.01
0 0.405521 0.529303 0.01 0.01
0 0.395931 0.546790 0.01 0.01
0 0.385213 0.576687 0.01 0.01
0 0.433726 0.579508 0.01 0.01
0 0.451777 0.590790 0.01 0.01
0 0.432033 0.617302 0.01 0.01
0 0.399316 0.596431 0.01 0.01
0 0.337265 0.635353 0.01 0.01
0 1.262859 0.590619 0.01 0.01
0 1.281718 0.582447 0.01 0.01
0 1.294920 0.590619 0.01 0.01
0 1.326981 0.585590 0.01 0.01
0 1.328239 0.573646 0.01 0.01
0 1.227654 0.569245 0.01 0.01
0 1.205651 0.569245 0.01 0.01
0 1.198107 0.562330 0.01 0.01
0 1.175475 0.556043 0.01 0.01
0 1.174847 0.573646 0.01 0.01
0 1.185534 0.573646 0.01 0.01
0 1.144043 0.564845 0.01 0.01
0 1.131470 0.569874 0.01 0.01
0 1.127069 0.562959 0.01 0.01
0 1.115125 0.572388 0.01 0.01
0 1.103809 0.571760 0.01 0.01
0 1.100666 0.560444 0.01 0.01
0 1.111353 0.559187 0.01 0.01
0 1.113867 0.554786 0.01 0.01
0 1.079291 0.558558 0.01 0.01
0 1.083063 0.567359 0.01 0.01
0 1.096265 0.576160 0.01 0.01
0 1.066089 0.557929 0.01 0.01
0 1.061689 0.567988 0.01 0.01
0 1.050373 0.556043 0.01 0.01
0 1.036543 0.551643 0.01 0.01
0 1.044715 0.549757 0.01 0.01
0 1.164160 0.564845 0.01 0.01
0 1.157244 0.561073 0.01 0.01
0 1.242742 0.567359 0.01 0.01
0 1.273546 0.578046 0.01 0.01
0 1.289891 0.576160 0.01 0.01
0 1.308750 0.571760 0.01 0.01
0 1.373502 0.578046 0.01 0.01
0 1.396762 0.596277 0.01 0.01
0 1.381674 0.584962 0.01 0.01
0 1.343326 0.586847 0.01 0.01
0 1.352128 0.586847 0.01 0.01
0 1.360300 0.595020 0.01 0.01
0 1.339555 0.601307 0.01 0.01
0 1.333268 0.598163 0.01 0.01
0 1.321324 0.603821 0.01 0.01
0 1.305607 0.608222 0.01 0.01
0 1.269774 0.603821 0.01 0.01
0 1.519350 0.589362 0.01 0.01
0 1.069861 0.718236 0.01 0.01
0 1.083692 0.684289 0.01 0.01
0 1.061689 0.662286 0.01 0.01
0 1.491853 0.606749 0.01 0.01
0 1.509833 0.604771 0.01 0.01
0 1.439457 0.588320 0.01 0.01
0 1.400622 0.608097 0.01 0.01
0 1.521803 0.628234 0.01 0.01
0 1.574662 0.623559 0.01 0.01
0 1.582573 0.613491 0.01 0.01
0 1.529714 0.690802 0.01 0.01
0 1.011302 0.679433 0.01 0.01
0 0.982530 0.634678 0.01 0.01
0 1.158354 0.679433 0.01 0.01
0 0.560552 0.673040 0.01 0.01
0 0.071441 0.807306 0.01 0.01
0 0.891421 0.594718 0.01 0.01
0 0.888225 0.567545 0.01 0.01
0 0.894618 0.549963 0.01 0.01
0 0.877036 0.538774 0.01 0.01
0 0.865847 0.545168 0.01 0.01
0 0.853060 0.537176 0.01 0.01
0 0.899413 0.567545 0.01 0.01
0 0.918594 0.573939 0.01 0.01
0 0.934578 0.572340 0.01 0.01
0 0.926586 0.583529 0.01 0.01
0 0.904209 0.607505 0.01 0.01
0 0.931381 0.623489 0.01 0.01
0 1.223889 0.642670 0.01 0.01
0 0.447066 0.554758 0.01 0.01
0 0.475837 0.554758 0.01 0.01
0 1.301578 0.783540 0.01 0.01
0 0.357907 0.548097 0.01 0.01
0 0.448694 0.506275 0.01 0.01
0 0.439495 0.508319 0.01 0.01
0 0.465048 0.506275 0.01 0.01
0 0.469137 0.513430 0.01 0.01
0 0.478336 0.508319 0.01 0.01
0 0.479358 0.517519 0.01 0.01
0 0.507979 0.507297 0.01 0.01
0 0.519222 0.512408 0.01 0.01
0 0.530466 0.515474 0.01 0.01
0 0.539665 0.515474 0.01 0.01
0 0.558064 0.519563 0.01 0.01
0 0.559086 0.512408 0.01 0.01
0 0.569307 0.519563 0.01 0.01
0 0.573396 0.512408 0.01 0.01
0 0.582595 0.516496 0.01 0.01
0 0.580551 0.521607 0.01 0.01
0 0.598950 0.518541 0.01 0.01
0 0.611215 0.518541 0.01 0.01
0 0.189069 0.492987 0.01 0.01
0 0.179870 0.492987 0.01 0.01
0 0.142050 0.506786 0.01 0.01
0 0.138984 0.498609 0.01 0.01
0 0.126207 0.485832 0.01 0.01
0 0.116496 0.484810 0.01 0.01
0 0.112919 0.486343 0.01 0.01
0 0.119052 0.489921 0.01 0.01
0 0.115985 0.492476 0.01 0.01
0 0.107808 0.499631 0.01 0.01
0 0.100142 0.494520 0.01 0.01
0 0.105764 0.487365 0.01 0.01
0 0.091454 0.495542 0.01 0.01
0 0.084810 0.495542 0.01 0.01
0 0.086343 0.487365 0.01 0.01
0 0.127740 0.642732 0.01 0.01
0 0.068456 0.609001 0.01 0.01
0 0.054657 0.546139 0.01 0.01
0 0.077144 0.533362 0.01 0.01
0 0.073055 0.511897 0.01 0.01
0 0.068456 0.495031 0.01 0.01
0 0.072544 0.483277 0.01 0.01
0 0.055168 0.483788 0.01 0.01
0 0.040858 0.477655 0.01 0.01
0 0.041369 0.484299 0.01 0.01
0 0.047502 0.487365 0.01 0.01
0 0.050568 0.495031 0.01 0.01
0 0.034214 0.489921 0.01 0.01
0 0.020415 0.483788 0.01 0.01
0 0.014793 0.477655 0.01 0.01
0 0.011215 0.482766 0.01 0.01
0 0.006616 0.477144 0.01 0.01
0 0.004060 0.482255 0.01 0.01
0 0.004060 0.507297 0.01 0.01
0 0.044861 0.479955 0.01 0.01
0 0.053805 0.480977 0.01 0.01
0 0.063004 0.480210 0.01 0.01
0 0.062238 0.494009 0.01 0.01
0 0.076292 0.498098 0.01 0.01
0 0.072715 0.501420 0.01 0.01
0 0.061726 0.513686 0.01 0.01
0 0.082425 0.504231 0.01 0.01
0 0.094946 0.499631 0.01 0.01
0 0.118456 0.498864 0.01 0.01
0 0.129699 0.496054 0.01 0.01
0 0.142732 0.483277 0.01 0.01
0 0.134810 0.486088 0.01 0.01
0 0.087025 0.481999 0.01 0.01
0 0.080892 0.482766 0.01 0.01
0 0.077059 0.485577 0.01 0.01
0 0.153209 0.491454 0.01 0.01
0 0.153975 0.487365 0.01 0.01
0 0.172374 0.485832 0.01 0.01
0 0.170841 0.490943 0.01 0.01
0 0.191028 0.488132 0.01 0.01
0 0.151164 0.515219 0.01 0.01
0 0.156019 0.508319 0.01 0.01
0 0.151675 0.504742 0.01 0.01
0 0.147587 0.499376 0.01 0.01
0 0.185747 0.498098 0.01 0.01
0 0.162493 0.488899 0.01 0.01
0 0.158404 0.486854 0.01 0.01
0 0.202101 0.493243 0.01 0.01
0 0.206190 0.490687 0.01 0.01
0 0.196224 0.489921 0.01 0.01
0 0.227655 0.493754 0.01 0.01
0 0.232255 0.492987 0.01 0.01
0 0.238643 0.496309 0.01 0.01
0 0.241454 0.491965 0.01 0.01
0 0.245798 0.496820 0.01 0.01
0 0.217433 0.510108 0.01 0.01
0 0.218967 0.519052 0.01 0.01
0 0.199290 0.511386 0.01 0.01
0 0.194691 0.501675 0.01 0.01
0 0.263175 0.498098 0.01 0.01
0 0.265474 0.492476 0.01 0.01
0 0.257553 0.494776 0.01 0.01
0 0.270330 0.493243 0.01 0.01
0 0.275185 0.496054 0.01 0.01
0 0.280807 0.494265 0.01 0.01
0 0.277740 0.501164 0.01 0.01
0 0.274929 0.510619 0.01 0.01
0 0.277229 0.516752 0.01 0.01
0 0.283873 0.510108 0.01 0.01
0 0.296139 0.499120 0.01 0.01
0 0.293839 0.493754 0.01 0.01
0 0.196991 0.535406 0.01 0.01
0 0.559341 0.513430 0.01 0.01
0 0.548098 0.515474 0.01 0.01
0 0.547076 0.518030 0.01 0.01
0 0.551164 0.518285 0.01 0.01
0 0.546309 0.510108 0.01 0.01
0 0.543243 0.513175 0.01 0.01
0 0.541454 0.509341 0.01 0.01
0 0.569052 0.513941 0.01 0.01
0 0.580295 0.516496 0.01 0.01
0 0.581062 0.511897 0.01 0.01
0 0.598694 0.523907 0.01 0.01
0 0.604827 0.521352 0.01 0.01
0 0.617093 0.517774 0.01 0.01
0 0.599205 0.513430 0.01 0.01
0 0.625781 0.517008 0.01 0.01
0 0.625525 0.522118 0.01 0.01
0 0.629870 0.519052 0.01 0.01
0 0.630892 0.521607 0.01 0.01
0 0.635236 0.521352 0.01 0.01
0 0.632169 0.515730 0.01 0.01
0 0.674333 0.523140 0.01 0.01
0 0.634214 0.535151 0.01 0.01
0 0.626292 0.544094 0.01 0.01
0 0.647757 0.521607 0.01 0.01
0 0.661556 0.522118 0.01 0.01
0 0.665389 0.522118 0.01 0.01
0 0.668200 0.525440 0.01 0.01
0 0.682510 0.523140 0.01 0.01
0 0.688899 0.523140 0.01 0.01
0 0.896905 0.557382 0.01 0.01
0 0.853975 0.545628 0.01 0.01
0 0.844776 0.536939 0.01 0.01
0 0.839665 0.531829 0.01 0.01
0 0.834554 0.532340 0.01 0.01
0 0.829444 0.532340 0.01 0.01
0 0.823311 0.531318 0.01 0.01
0 0.816156 0.530807 0.01 0.01
0 0.809512 0.531318 0.01 0.01
0 0.802868 0.530807 0.01 0.01
0 0.796735 0.528251 0.01 0.01
0 0.791113 0.532340 0.01 0.01
0 0.790602 0.534384 0.01 0.01
0 0.791113 0.541539 0.01 0.01
0 0.797757 0.544094 0.01 0.01
0 0.800824 0.536939 0.01 0.01
0 0.780381 0.532340 0.01 0.01
0 0.787025 0.527229 0.01 0.01
0 0.779358 0.523140 0.01 0.01
0 0.771692 0.524163 0.01 0.01
0 0.770670 0.527740 0.01 0.01
0 0.766582 0.528251 0.01 0.01
0 0.759427 0.527229 0.01 0.01
0 0.756360 0.532340 0.01 0.01
0 0.752783 0.529273 0.01 0.01
0 0.741539 0.531829 0.01 0.01
0 0.746139 0.526207 0.01 0.01
0 0.674333 0.549461 0.01 0.01
0 0.673822 0.537706 0.01 0.01
0 0.660278 0.539495 0.01 0.01
0 0.649035 0.534129 0.01 0.01
0 0.676122 0.529529 0.01 0.01
0 0.679188 0.520330 0.01 0.01
0 0.673822 0.519307 0.01 0.01
0 0.695542 0.523396 0.01 0.01
0 0.698864 0.526973 0.01 0.01
0 0.702186 0.522885 0.01 0.01
0 0.704231 0.527996 0.01 0.01
0 0.708830 0.522118 0.01 0.01
0 0.710108 0.527229 0.01 0.01
0 0.716241 0.529018 0.01 0.01
0 0.720841 0.533617 0.01 0.01
0 0.726718 0.528762 0.01 0.01
0 0.721607 0.522629 0.01 0.01
0 0.722118 0.529529 0.01 0.01
0 0.716496 0.523907 0.01 0.01
0 0.731062 0.525440 0.01 0.01
0 0.737962 0.525185 0.01 0.01
0 0.738728 0.530040 0.01 0.01
0 0.763004 0.544861 0.01 0.01
0 0.734640 0.543583 0.01 0.01
0 0.731062 0.545883 0.01 0.01
0 0.726462 0.580636 0.01 0.01
0 0.868796 0.535917 0.01 0.01
0 0.862152 0.535406 0.01 0.01
0 0.889239 0.535917 0.01 0.01
0 0.887195 0.540517 0.01 0.01
0 0.896394 0.536428 0.01 0.01
0 0.905594 0.550738 0.01 0.01
0 0.913260 0.551249 0.01 0.01
0 0.919904 0.556871 0.01 0.01
0 0.930636 0.555849 0.01 0.01
0 0.928592 0.544606 0.01 0.01
0 0.919393 0.544094 0.01 0.01
0 0.914282 0.542561 0.01 0.01
0 0.913771 0.538473 0.01 0.01
0 0.921437 0.538984 0.01 0.01
0 0.928081 0.538984 0.01 0.01
0 0.935747 0.543072 0.01 0.01
0 0.937280 0.552272 0.01 0.01
0 0.940347 0.544094 0.01 0.01
0 0.946479 0.539495 0.01 0.01
0 0.945968 0.544606 0.01 0.01
0 0.953634 0.545117 0.01 0.01
0 0.953634 0.536939 0.01 0.01
0 0.949546 0.560960 0.01 0.01
0 0.954146 0.551249 0.01 0.01
0 0.960278 0.546139 0.01 0.01
0 0.968456 0.544094 0.01 0.01
0 0.966922 0.551249 0.01 0.01
0 0.968456 0.556871 0.01 0.01
0 0.977655 0.544094 0.01 0.01
0 0.982766 0.546650 0.01 0.01
0 0.988387 0.543583 0.01 0.01
0 0.994520 0.543072 0.01 0.01
0 0.990432 0.550738 0.01 0.01
0 0.991965 0.557382 0.01 0.01
0 1.006275 0.555338 0.01 0.01
0 0.977144 0.552783 0.01 0.01
0 0.964367 0.539495 0.01 0.01
0 1.001164 0.544606 0.01 0.01
0 1.002186 0.549205 0.01 0.01
0 1.007808 0.545628 0.01 0.01
0 1.010875 0.544094 0.01 0.01
0 1.024163 0.547161 0.01 0.01
0 1.017008 0.549205 0.01 0.01
0 1.026207 0.552272 0.01 0.01
0 1.019563 0.555849 0.01 0.01
0 1.045628 0.570159 0.01 0.01
0 1.052783 0.550738 0.01 0.01
0 1.044606 0.546650 0.01 0.01
0 1.059427 0.549716 0.01 0.01
0 1.070670 0.552783 0.01 0.01
0 1.073226 0.546650 0.01 0.01
0 1.087025 0.555849 0.01 0.01
0 1.084469 0.551761 0.01 0.01
0 1.092135 0.552272 0.01 0.01
0 1.095202 0.560960 0.01 0.01
0 1.092646 0.562493 0.01 0.01
0 1.106956 0.555849 0.01 0.01
0 1.127399 0.556360 0.01 0.01
0 1.136599 0.557893 0.01 0.01
0 1.136599 0.561471 0.01 0.01
0 1.145287 0.557893 0.01 0.01
0 1.152442 0.557893 0.01 0.01
0 1.158575 0.556360 0.01 0.01
0 1.165730 0.556360 0.01 0.01
0 1.180551 0.558916 0.01 0.01
0 1.175440 0.560449 0.01 0.01
0 1.172885 0.557893 0.01 0.01
0 1.160108 0.577825 0.01 0.01
0 1.158064 0.582936 0.01 0.01
0 1.138643 0.573737 0.01 0.01
0 1.109512 0.589069 0.01 0.01
0 1.093157 0.587536 0.01 0.01
0 1.081403 0.579870 0.01 0.01
0 1.073737 0.572715 0.01 0.01
0 1.069648 0.583958 0.01 0.01
0 1.033873 0.566582 0.01 0.01
0 1.211215 0.562493 0.01 0.01
0 1.215304 0.566071 0.01 0.01
0 1.226548 0.563515 0.01 0.01
0 1.238813 0.565048 0.01 0.01
0 1.241369 0.570670 0.01 0.01
0 1.253123 0.567604 0.01 0.01
0 1.253123 0.572715 0.01 0.01
0 1.245457 0.578847 0.01 0.01
0 1.254146 0.585491 0.01 0.01
0 1.245457 0.594180 0.01 0.01
0 1.229103 0.595202 0.01 0.01
0 1.274588 0.565560 0.01 0.01
0 1.267433 0.568626 0.01 0.01
0 1.258745 0.567093 0.01 0.01
0 1.282766 0.565560 0.01 0.01
0 1.278677 0.571692 0.01 0.01
0 1.286854 0.570159 0.01 0.01
0 1.298609 0.567604 0.01 0.01
0 1.301675 0.576292 0.01 0.01
0 1.309853 0.581403 0.01 0.01
0 1.316496 0.574759 0.01 0.01
0 1.313430 0.569648 0.01 0.01
0 1.322118 0.571181 0.01 0.01
0 1.307808 0.593157 0.01 0.01
0 1.350738 0.574248 0.01 0.01
0 1.347161 0.573226 0.01 0.01
0 1.338473 0.571692 0.01 0.01
0 1.359938 0.577825 0.01 0.01
0 1.359427 0.572203 0.01 0.01
0 1.365048 0.575270 0.01 0.01
0 1.370159 0.604912 0.01 0.01
0 1.401846 0.590602 0.01 0.01
0 1.395713 0.580892 0.01 0.01
0 1.391113 0.576803 0.01 0.01
0 1.401846 0.577314 0.01 0.01
0 1.411556 0.585491 0.01 0.01
0 1.415645 0.581403 0.01 0.01
0 1.415134 0.576803 0.01 0.01
0 1.425866 0.580892 0.01 0.01
0 1.429444 0.588047 0.01 0.01
0 1.431999 0.579870 0.01 0.01
0 1.429955 0.599290 0.01 0.01
0 1.444265 0.579870 0.01 0.01
0 1.451931 0.585491 0.01 0.01
0 1.461641 0.584980 0.01 0.01
0 1.457042 0.579870 0.01 0.01
0 1.466241 0.581403 0.01 0.01
0 1.475440 0.581914 0.01 0.01
0 1.465730 0.592646 0.01 0.01
0 1.464708 0.599290 0.01 0.01
0 1.472885 0.603890 0.01 0.01
0 1.473907 0.593669 0.01 0.01
0 1.466752 0.611556 0.01 0.01
0 1.486684 0.587536 0.01 0.01
0 1.480551 0.595202 0.01 0.01
0 1.499461 0.592135 0.01 0.01
0 1.495883 0.586514 0.01 0.01
0 1.482084 0.581914 0.01 0.01
0 1.504571 0.583447 0.01 0.01
0 1.511215 0.584980 0.01 0.01
0 1.516326 0.584980 0.01 0.01
0 1.526037 0.588558 0.01 0.01
0 1.537791 0.591113 0.01 0.01
0 1.522970 0.601846 0.01 0.01
0 1.528592 0.610534 0.01 0.01
0 1.545968 0.592646 0.01 0.01
0 1.537280 0.586002 0.01 0.01
0 1.555168 0.590091 0.01 0.01
0 1.562323 0.590091 0.01 0.01
0 1.562323 0.599290 0.01 0.01
0 1.553634 0.621267 0.01 0.01
0 1.549035 0.629955 0.01 0.01
0 1.569989 0.594180 0.01 0.01
0 1.570500 0.589069 0.01 0.01
0 1.581232 0.590091 0.01 0.01
0 1.580210 0.593669 0.01 0.01
0 1.576122 0.598268 0.01 0.01
0 1.570500 0.614623 0.01 0.01
0 1.562834 0.606445 0.01 0.01
