0 0.326561 1.127287 0.01 0.01
0 1.162859 1.070663 0.01 0.01
0 1.021298 0.824565 0.01 0.01
0 1.043076 0.728739 0.01 0.01
0 0.537813 0.833276 0.01 0.01
0 0.428920 0.820209 0.01 0.01
0 0.875381 0.672114 0.01 0.01
0 1.472114 0.672114 0.01 0.01
0 1.576652 0.650336 0.01 0.01
0 0.444165 0.672114 0.01 0.01
0 0.518212 0.600245 0.01 0.01
0 0.474655 0.585000 0.01 0.01
0 0.420209 0.589356 0.01 0.01
0 0.343984 0.576289 0.01 0.01
0 0.082641 0.650336 0.01 0.01
0 0.169755 0.650336 0.01 0.01
0 0.222024 0.615490 0.01 0.01
0 0.121842 0.595889 0.01 0.01
0 0.121842 0.550154 0.01 0.01
0 0.124020 0.519664 0.01 0.01
0 0.011044 0.536543 0.01 0.01
0 0.007777 0.509864 0.01 0.01
0 0.154238 0.488085 0.01 0.01
0 0.222840 0.475018 0.01 0.01
0 0.214673 0.545799 0.01 0.01
0 0.319120 0.441261 0.01 0.01
0 0.417124 0.458684 0.01 0.01
0 0.469392 0.428194 0.01 0.01
0 0.735091 0.505508 0.01 0.01
0 0.734002 0.478285 0.01 0.01
0 0.773203 0.418394 0.01 0.01
0 0.745163 0.371570 0.01 0.01
0 0.768031 0.365036 0.01 0.01
0 0.714673 0.358503 0.01 0.01
0 0.734274 0.348158 0.01 0.01
0 0.757142 0.298067 0.01 0.01
0 0.830644 0.367214 0.01 0.01
0 0.852967 0.369937 0.01 0.01
0 0.874746 0.340535 0.01 0.01
0 0.857868 0.313857 0.01 0.01
0 0.857868 0.506053 0.01 0.01
0 0.809410 0.507686 0.01 0.01
0 0.958049 0.329102 0.01 0.01
0 0.982006 0.333457 0.01 0.01
0 0.924837 0.419483 0.01 0.01
0 1.007051 0.381370 0.01 0.01
0 1.057686 0.390082 0.01 0.01
0 1.084909 0.404238 0.01 0.01
0 1.096888 0.349247 0.01 0.01
0 1.087632 0.338358 0.01 0.01
0 1.068575 0.343258 0.01 0.01
0 1.033730 0.302967 0.01 0.01
0 1.132822 0.326924 0.01 0.01
0 1.089810 0.267033 0.01 0.01
0 1.065853 0.224565 0.01 0.01
0 1.173657 0.241443 0.01 0.01
0 1.184002 0.274655 0.01 0.01
0 1.197069 0.280100 0.01 0.01
0 1.180191 0.261588 0.01 0.01
0 1.237359 0.274111 0.01 0.01
0 1.241715 0.289356 0.01 0.01
0 1.246071 0.306779 0.01 0.01
0 1.233548 0.315490 0.01 0.01
0 1.246071 0.329646 0.01 0.01
0 1.195980 0.320390 0.01 0.01
0 1.175290 0.328013 0.01 0.01
0 1.142623 0.369392 0.01 0.01
0 1.189991 0.447795 0.01 0.01
0 1.038902 0.466307 0.01 0.01
0 1.103149 0.469574 0.01 0.01
0 1.281461 0.311679 0.01 0.01
0 1.284728 0.294256 0.01 0.01
0 1.308140 0.323113 0.01 0.01
0 1.377831 0.324202 0.01 0.01
0 1.401243 0.310590 0.01 0.01
0 1.385998 0.297523 0.01 0.01
0 1.398521 0.290445 0.01 0.01
0 1.382731 0.266488 0.01 0.01
0 1.425744 0.268122 0.01 0.01
0 1.267305 0.265399 0.01 0.01
0 1.266761 0.252877 0.01 0.01
0 1.260227 0.253966 0.01 0.01
0 1.277105 0.255599 0.01 0.01
0 1.295073 0.249065 0.01 0.01
0 1.308140 0.250699 0.01 0.01
0 1.311407 0.237632 0.01 0.01
0 1.321207 0.257232 0.01 0.01
0 1.362586 0.255055 0.01 0.01
0 1.344619 0.238721 0.01 0.01
0 1.357686 0.235998 0.01 0.01
0 1.391035 0.264583 0.01 0.01
0 1.411996 0.261044 0.01 0.01
0 1.405735 0.249338 0.01 0.01
0 1.406824 0.238721 0.01 0.01
0 1.401379 0.233820 0.01 0.01
0 1.436497 0.264310 0.01 0.01
0 1.429964 0.258866 0.01 0.01
0 1.434592 0.254238 0.01 0.01
0 1.456643 0.256143 0.01 0.01
0 1.482232 0.251243 0.01 0.01
0 1.471343 0.231915 0.01 0.01
0 1.479510 0.224020 0.01 0.01
0 1.495300 0.210953 0.01 0.01
0 1.503467 0.210681 0.01 0.01
0 1.499111 0.230554 0.01 0.01
0 1.511361 0.233276 0.01 0.01
0 1.519528 0.218303 0.01 0.01
0 1.540762 0.215853 0.01 0.01
0 1.384229 0.231915 0.01 0.01
0 1.397024 0.226198 0.01 0.01
0 1.408185 0.220209 0.01 0.01
0 1.400290 0.204419 0.01 0.01
0 1.424519 0.225381 0.01 0.01
0 1.430780 0.233820 0.01 0.01
0 1.439492 0.234365 0.01 0.01
0 1.439220 0.228648 0.01 0.01
0 1.455009 0.229737 0.01 0.01
0 1.461271 0.201425 0.01 0.01
0 1.475427 0.212314 0.01 0.01
0 1.561134 0.286089 0.01 0.01
0 1.593802 0.282278 0.01 0.01
0 1.507232 0.186452 0.01 0.01
0 1.499065 0.184274 0.01 0.01
0 1.362949 0.242532 0.01 0.01
0 1.231280 0.498430 0.01 0.01
0 1.593893 0.450517 0.01 0.01
0 1.056143 0.663403 0.01 0.01
0 1.072568 0.313312 0.01 0.01
0 1.021933 0.262677 0.01 0.01
0 1.374383 0.232731 0.01 0.01
0 1.446252 0.194074 0.01 0.01
0 1.453875 0.200608 0.01 0.01
0 1.529555 0.204964 0.01 0.01
0 1.491035 0.245254 0.01 0.01
0 1.530236 0.193530 0.01 0.01
0 1.535953 0.190263 0.01 0.01
0 1.549565 0.189447 0.01 0.01
0 1.538131 0.178285 0.01 0.01
0 1.566171 0.185635 0.01 0.01
0 1.546842 0.184819 0.01 0.01
0 1.472251 0.224292 0.01 0.01
0 1.464900 0.224292 0.01 0.01
0 1.449927 0.222931 0.01 0.01
0 1.378603 0.228648 0.01 0.01
0 1.492668 0.189174 0.01 0.01
0 1.479329 0.182369 0.01 0.01
0 1.485590 0.187269 0.01 0.01
0 1.513085 0.209320 0.01 0.01
0 1.534864 0.206597 0.01 0.01
0 1.375200 0.261860 0.01 0.01
0 1.377650 0.239810 0.01 0.01
0 1.585862 0.195708 0.01 0.01
0 1.599202 0.199519 0.01 0.01
0 1.592124 0.188902 0.01 0.01
0 1.598657 0.179918 0.01 0.01
0 1.522704 0.188085 0.01 0.01
