0 0.479508 0.849093 0.01 0.01
0 0.752319 0.629738 0.01 0.01
0 1.316374 0.574439 0.01 0.01
0 1.511766 0.321904 0.01 0.01
0 1.559692 0.250015 0.01 0.01
0 1.482273 0.231582 0.01 0.01
0 1.224208 0.277664 0.01 0.01
0 1.032503 0.347711 0.01 0.01
0 0.575360 0.445406 0.01 0.01
0 0.444485 0.438033 0.01 0.01
0 0.422365 0.393793 0.01 0.01
0 0.396558 0.246328 0.01 0.01
0 0.261996 0.246328 0.01 0.01
0 0.206697 0.233425 0.01 0.01
0 0.094254 0.227895 0.01 0.01
0 0.002088 0.250015 0.01 0.01
0 0.496098 0.309001 0.01 0.01
0 0.497941 0.264761 0.01 0.01
0 0.590107 0.229738 0.01 0.01
0 0.689646 0.202088 0.01 0.01
0 0.191950 0.074899 0.01 0.01
0 0.070291 0.049093 0.01 0.01
0 0.756927 0.190568 0.01 0.01
0 0.801167 0.187803 0.01 0.01
0 0.794715 0.157388 0.01 0.01
0 0.843563 0.180429 0.01 0.01
0 0.828817 0.154623 0.01 0.01
0 0.880429 0.160153 0.01 0.01
0 0.877664 0.105775 0.01 0.01
0 0.964300 0.161996 0.01 0.01
0 0.944024 0.118678 0.01 0.01
0 0.994715 0.129738 0.01 0.01
0 1.004853 0.132503 0.01 0.01
0 1.026052 0.088264 0.01 0.01
0 1.162457 0.099323 0.01 0.01
0 0.983655 0.097480 0.01 0.01
0 0.965222 0.077204 0.01 0.01
0 0.964300 0.052319 0.01 0.01
0 0.932042 0.065222 0.01 0.01
0 0.909923 0.031121 0.01 0.01
0 0.848171 0.016374 0.01 0.01
0 0.779969 0.095637 0.01 0.01
0 0.709923 0.041259 0.01 0.01
0 0.648171 0.039416 0.01 0.01
0 0.540337 0.069830 0.01 0.01
0 0.479508 0.034807 0.01 0.01
0 0.442641 0.052319 0.01 0.01
0 0.399323 0.009923 0.01 0.01
0 0.732042 0.042181 0.01 0.01
0 0.781812 0.016374 0.01 0.01
0 0.767065 0.005314 0.01 0.01
0 0.733886 0.003471 0.01 0.01
0 0.935729 0.019139 0.01 0.01
0 0.951397 0.038494 0.01 0.01
0 0.464761 0.005314 0.01 0.01
0 0.909923 0.009923 0.01 0.01
0 1.326512 0.138033 0.01 0.01
0 1.376282 0.087342 0.01 0.01
0 1.419600 0.125130 0.01 0.01
0 1.401167 0.157388 0.01 0.01
0 1.496098 0.144485 0.01 0.01
0 1.579047 0.178586 0.01 0.01
0 1.563379 0.164761 0.01 0.01
0 1.586420 0.133425 0.01 0.01
0 1.562457 0.074439 0.01 0.01
0 1.558770 0.051397 0.01 0.01
0 1.586420 0.007158 0.01 0.01
0 1.225130 0.029277 0.01 0.01
0 0.298863 0.063840 0.01 0.01
0 0.337572 0.065683 0.01 0.01
0 0.024208 0.010383 0.01 0.01
0 0.879508 0.082273 0.01 0.01
0 0.899784 0.087803 0.01 0.01
