0 0.578327 0.870304 0.01 0.01
0 0.693396 0.698875 0.01 0.01
0 0.592417 0.417075 0.01 0.01
0 0.435079 0.252691 0.01 0.01
0 0.606507 0.205725 0.01 0.01
0 0.733318 0.048386 0.01 0.01
0 0.878914 0.024903 0.01 0.01
0 0.984590 0.041341 0.01 0.01
0 0.789678 0.182241 0.01 0.01
0 0.850734 0.339580 0.01 0.01
0 1.064433 0.565020 0.01 0.01
0 1.435470 0.898484 0.01 0.01
0 1.496527 0.581458 0.01 0.01
0 1.583415 0.175196 0.01 0.01
0 1.503572 0.048386 0.01 0.01
0 1.426077 0.076566 0.01 0.01
0 1.296918 0.074218 0.01 0.01
0 1.127838 0.046038 0.01 0.01
0 1.073826 0.090656 0.01 0.01
0 1.085568 0.027251 0.01 0.01
0 1.165411 0.193983 0.01 0.01
0 1.285177 0.332535 0.01 0.01
0 1.517971 0.273489 0.01 0.01
0 1.529342 0.065462 0.01 0.01
0 1.308606 0.010613 0.01 0.01
0 0.534693 0.005931 0.01 0.01
0 0.814961 0.130345 0.01 0.01
0 0.815630 0.232018 0.01 0.01
