0 0.161284 0.113963 0.01 0.01
0 0.083362 0.114450 0.01 0.01
0 0.048784 0.111528 0.01 0.01
0 0.026381 0.120781 0.01 0.01
0 0.003005 0.124677 0.01 0.01
0 0.200245 0.037502 0.01 0.01
0 0.187583 0.043833 0.01 0.01
0 0.153979 0.042372 0.01 0.01
0 0.135472 0.040911 0.01 0.01
0 0.126219 0.044320 0.01 0.01
0 0.121349 0.052599 0.01 0.01
0 0.103817 0.054547 0.01 0.01
0 0.086771 0.056008 0.01 0.01
0 0.079953 0.056982 0.01 0.01
0 0.069239 0.056008 0.01 0.01
0 0.053654 0.056982 0.01 0.01
0 0.032226 0.055034 0.01 0.01
0 0.018102 0.061365 0.01 0.01
0 0.074109 0.046268 0.01 0.01
0 0.078005 0.037989 0.01 0.01
0 0.002031 0.037502 0.01 0.01
0 0.059498 0.047242 0.01 0.01
0 0.543102 0.104953 0.01 0.01
0 0.556739 0.084498 0.01 0.01
0 0.559661 0.066966 0.01 0.01
0 0.566479 0.101057 0.01 0.01
0 0.595700 0.104953 0.01 0.01
0 0.638557 0.103005 0.01 0.01
0 0.696024 0.102031 0.01 0.01
0 0.725245 0.111771 0.01 0.01
0 0.688232 0.081576 0.01 0.01
0 0.705765 0.080602 0.01 0.01
0 0.872323 0.129304 0.01 0.01
0 0.862583 0.071836 0.01 0.01
0 0.886933 0.070862 0.01 0.01
0 0.925894 0.071836 0.01 0.01
0 0.979466 0.066966 0.01 0.01
0 0.945375 0.136122 0.01 0.01
0 0.893752 0.123459 0.01 0.01
0 0.952193 0.064044 0.01 0.01
0 1.010635 0.077680 0.01 0.01
0 1.030115 0.065018 0.01 0.01
0 1.023297 0.159498 0.01 0.01
0 1.003817 0.160472 0.01 0.01
0 0.985310 0.152680 0.01 0.01
0 1.044726 0.220862 0.01 0.01
0 1.015505 0.029953 0.01 0.01
0 0.992128 0.047485 0.01 0.01
0 0.994076 0.029953 0.01 0.01
0 0.969726 0.006576 0.01 0.01
0 0.949271 0.006576 0.01 0.01
0 0.941479 0.019239 0.01 0.01
0 0.853817 0.005602 0.01 0.01
0 1.000894 0.000732 0.01 0.01
0 1.066154 0.135148 0.01 0.01
0 1.086609 0.074758 0.01 0.01
0 1.069076 0.060148 0.01 0.01
0 1.061284 0.057226 0.01 0.01
0 1.053492 0.023135 0.01 0.01
0 1.039855 0.006576 0.01 0.01
0 1.041804 0.019239 0.01 0.01
0 1.064206 0.007550 0.01 0.01
0 1.083687 0.027031 0.01 0.01
0 1.119726 0.024109 0.01 0.01
0 1.124596 0.057226 0.01 0.01
0 1.109985 0.060148 0.01 0.01
0 1.089531 0.000732 0.01 0.01
0 1.168427 0.039693 0.01 0.01
0 1.182063 0.029953 0.01 0.01
0 1.172323 0.060148 0.01 0.01
0 1.191804 0.091317 0.01 0.01
0 1.219076 0.044563 0.01 0.01
0 1.208362 0.041641 0.01 0.01
0 1.200570 0.002680 0.01 0.01
0 1.250245 0.030927 0.01 0.01
0 1.243427 0.009498 0.01 0.01
0 1.270700 0.032875 0.01 0.01
0 1.304791 0.019239 0.01 0.01
0 1.301868 0.046511 0.01 0.01
0 1.279466 0.053330 0.01 0.01
0 1.272648 0.077680 0.01 0.01
0 1.228817 0.091317 0.01 0.01
0 1.212258 0.105927 0.01 0.01
0 1.162583 0.132226 0.01 0.01
0 1.328167 0.039693 0.01 0.01
0 1.363232 0.032875 0.01 0.01
0 1.394401 0.020213 0.01 0.01
0 1.374920 0.007550 0.01 0.01
0 1.421674 0.020213 0.01 0.01
0 1.447972 0.084498 0.01 0.01
0 1.455765 0.115667 0.01 0.01
0 1.398297 0.095213 0.01 0.01
0 1.409011 0.157550 0.01 0.01
0 1.459661 0.208200 0.01 0.01
0 1.408037 0.197485 0.01 0.01
0 1.362258 0.181901 0.01 0.01
0 1.345700 0.156576 0.01 0.01
0 1.300894 0.145862 0.01 0.01
0 1.274596 0.114693 0.01 0.01
0 1.246349 0.145862 0.01 0.01
0 1.243427 0.204304 0.01 0.01
0 1.222972 0.234498 0.01 0.01
0 1.087583 0.236446 0.01 0.01
0 1.091479 0.194563 0.01 0.01
0 1.074920 0.269563 0.01 0.01
0 1.070050 0.285148 0.01 0.01
0 1.088557 0.328005 0.01 0.01
0 1.086609 0.401057 0.01 0.01
0 1.053492 0.344563 0.01 0.01
0 1.097323 0.451706 0.01 0.01
0 1.235635 0.288070 0.01 0.01
0 1.329141 0.280278 0.01 0.01
0 1.392453 0.303654 0.01 0.01
0 1.459661 0.310472 0.01 0.01
0 1.395375 0.235472 0.01 0.01
0 1.483687 0.020213 0.01 0.01
0 1.524596 0.026057 0.01 0.01
0 1.576219 0.017291 0.01 0.01
0 1.592778 0.050407 0.01 0.01
0 1.580115 0.081576 0.01 0.01
0 1.597648 0.073784 0.01 0.01
0 1.586933 0.142940 0.01 0.01
0 1.561609 0.104953 0.01 0.01
0 1.593752 0.179953 0.01 0.01
0 1.539206 0.167291 0.01 0.01
0 1.511933 0.161446 0.01 0.01
0 1.492453 0.128330 0.01 0.01
0 1.466154 0.112745 0.01 0.01
0 1.560635 0.204304 0.01 0.01
0 1.544076 0.291966 0.01 0.01
0 1.531414 0.346511 0.01 0.01
0 1.363232 0.737583 0.01 0.01
0 1.158687 1.193427 0.01 0.01
0 1.399646 1.088557 0.01 0.01
