0 0.083642 0.051658 0.01 0.01
0 0.043514 0.167742 0.01 0.01
0 0.193994 0.295291 0.01 0.01
0 0.192560 0.020129 0.01 0.01
0 0.219790 0.005797 0.01 0.01
0 0.446226 0.004364 0.01 0.01
0 0.391766 0.010097 0.01 0.01
0 0.436194 0.034460 0.01 0.01
0 0.403232 0.068855 0.01 0.01
0 0.380301 0.119015 0.01 0.01
0 0.351639 0.149111 0.01 0.01
0 0.290014 0.295291 0.01 0.01
0 0.302589 0.331938 0.01 0.01
0 0.379879 0.191628 0.01 0.01
0 0.611749 0.020401 0.01 0.01
0 0.558240 0.071531 0.01 0.01
0 0.457169 0.184493 0.01 0.01
0 0.475005 0.229678 0.01 0.01
0 0.572509 0.201140 0.01 0.01
0 0.566564 0.270107 0.01 0.01
0 0.552295 0.396148 0.01 0.01
0 0.402472 0.374745 0.01 0.01
0 0.387014 0.312913 0.01 0.01
0 0.598669 0.613749 0.01 0.01
0 0.215787 0.716009 0.01 0.01
0 0.650988 0.595913 0.01 0.01
0 0.659312 0.402094 0.01 0.01
0 0.635530 0.312913 0.01 0.01
0 0.686660 0.287943 0.01 0.01
0 0.819837 0.308157 0.01 0.01
0 0.906639 0.299833 0.01 0.01
0 0.963715 0.365233 0.01 0.01
0 0.980362 0.467493 0.01 0.01
0 0.749681 0.670825 0.01 0.01
0 1.000576 0.707686 0.01 0.01
0 1.093324 0.692228 0.01 0.01
0 1.070731 0.449657 0.01 0.01
0 1.093324 0.400905 0.01 0.01
0 1.065975 0.309346 0.01 0.01
0 0.979173 0.247514 0.01 0.01
0 0.919719 0.214220 0.01 0.01
0 0.925664 0.100069 0.01 0.01
0 1.025547 0.129796 0.01 0.01
0 1.020790 0.158334 0.01 0.01
0 0.784165 0.167846 0.01 0.01
0 0.818648 0.128607 0.01 0.01
0 0.716387 0.132174 0.01 0.01
0 0.678337 0.090556 0.01 0.01
0 0.702118 0.009699 0.01 0.01
0 0.819837 0.007321 0.01 0.01
0 0.705686 0.189250 0.01 0.01
0 0.304968 0.178548 0.01 0.01
0 1.141148 0.337494 0.01 0.01
0 1.239215 0.370625 0.01 0.01
0 1.252468 0.456765 0.01 0.01
0 1.214036 0.688682 0.01 0.01
0 1.163677 0.723138 0.01 0.01
0 0.881401 0.817230 0.01 0.01
0 0.788635 0.785424 0.01 0.01
0 1.057658 0.794701 0.01 0.01
0 1.157051 0.849035 0.01 0.01
0 1.229939 0.843734 0.01 0.01
0 1.263070 0.834458 0.01 0.01
0 1.298851 0.744342 0.01 0.01
0 1.312104 0.202320 0.01 0.01
0 1.236565 0.083048 0.01 0.01
