0 0.849026 0.836343 0.01 0.01
0 0.571952 0.855855 0.01 0.01
0 0.273416 0.789513 0.01 0.01
0 0.179757 0.643172 0.01 0.01
0 0.300733 0.676343 0.01 0.01
0 0.380733 0.621709 0.01 0.01
0 0.091952 0.463660 0.01 0.01
0 0.000245 0.477318 0.01 0.01
0 0.049026 0.319269 0.01 0.01
0 0.251952 0.213904 0.01 0.01
0 0.361221 0.188538 0.01 0.01
0 0.357318 0.231465 0.01 0.01
0 0.413904 0.176830 0.01 0.01
0 0.466587 0.145611 0.01 0.01
0 0.505611 0.085123 0.01 0.01
0 0.530977 0.087074 0.01 0.01
0 0.513416 0.124148 0.01 0.01
0 0.544635 0.120245 0.01 0.01
0 0.581709 0.094879 0.01 0.01
0 0.566099 0.087074 0.01 0.01
0 0.509513 0.192440 0.01 0.01
0 0.445123 0.270489 0.01 0.01
0 0.486099 0.315367 0.01 0.01
0 0.503660 0.332928 0.01 0.01
0 0.737806 0.332928 0.01 0.01
0 0.821709 0.329026 0.01 0.01
0 1.139757 0.481221 0.01 0.01
0 1.249026 0.455855 0.01 0.01
0 1.395367 0.280245 0.01 0.01
0 1.453904 0.241221 0.01 0.01
0 1.161221 0.221709 0.01 0.01
0 1.044148 0.215855 0.01 0.01
0 0.989513 0.196343 0.01 0.01
0 0.811952 0.153416 0.01 0.01
0 0.653904 0.037806 0.01 0.01
0 0.683172 0.011465 0.01 0.01
0 0.721221 0.007562 0.01 0.01
0 0.737806 0.026099 0.01 0.01
0 0.774879 0.049513 0.01 0.01
0 0.770977 0.085611 0.01 0.01
0 0.790489 0.090489 0.01 0.01
0 0.804148 0.069026 0.01 0.01
0 0.797318 0.030977 0.01 0.01
0 0.810001 0.005611 0.01 0.01
0 0.819757 0.003660 0.01 0.01
0 0.823660 0.013416 0.01 0.01
0 0.819757 0.030001 0.01 0.01
0 0.848050 0.007562 0.01 0.01
0 0.840245 0.069026 0.01 0.01
0 0.841221 0.103172 0.01 0.01
0 0.875367 0.072928 0.01 0.01
0 0.896830 0.097318 0.01 0.01
0 0.897806 0.046587 0.01 0.01
0 0.882196 0.004635 0.01 0.01
0 0.897806 0.014391 0.01 0.01
0 0.952440 0.018294 0.01 0.01
0 0.926099 0.004635 0.01 0.01
0 0.970001 0.020245 0.01 0.01
0 0.958294 0.052440 0.01 0.01
0 1.006099 0.020245 0.01 0.01
0 1.008050 0.009513 0.01 0.01
0 1.010001 0.042684 0.01 0.01
0 1.061709 0.001952 0.01 0.01
0 1.059757 0.019026 0.01 0.01
0 1.057318 0.044879 0.01 0.01
0 1.052928 0.061465 0.01 0.01
0 1.071465 0.113172 0.01 0.01
0 1.105611 0.130245 0.01 0.01
0 1.107562 0.045367 0.01 0.01
0 1.170001 0.016099 0.01 0.01
0 1.188050 0.056587 0.01 0.01
0 1.162684 0.110733 0.01 0.01
0 1.196830 0.085367 0.01 0.01
0 1.263660 0.092440 0.01 0.01
0 1.312440 0.140245 0.01 0.01
0 1.344635 0.064148 0.01 0.01
0 1.424635 0.113904 0.01 0.01
0 1.435367 0.249513 0.01 0.01
0 1.460733 0.020245 0.01 0.01
0 1.465611 0.096343 0.01 0.01
0 1.477318 0.119757 0.01 0.01
0 1.523172 0.009513 0.01 0.01
0 0.996901 0.002001 0.01 0.01
0 1.040713 0.000998 0.01 0.01
