0 0.012378 0.597897 0.01 0.01
0 0.075783 0.475783 0.01 0.01
0 0.139188 0.393591 0.01 0.01
0 0.153278 0.175196 0.01 0.01
0 0.172065 0.149364 0.01 0.01
0 0.263650 0.172848 0.01 0.01
0 0.007681 0.093004 0.01 0.01
0 0.101615 0.020206 0.01 0.01
0 0.162672 0.024903 0.01 0.01
0 0.233122 0.029599 0.01 0.01
0 0.233122 0.062476 0.01 0.01
0 0.284785 0.057779 0.01 0.01
0 0.256605 0.109443 0.01 0.01
0 0.298875 0.095353 0.01 0.01
0 0.423337 0.076566 0.01 0.01
0 0.409247 0.041341 0.01 0.01
0 0.374022 0.048386 0.01 0.01
0 0.545451 0.034296 0.01 0.01
0 0.573631 0.008464 0.01 0.01
0 0.667564 0.067173 0.01 0.01
0 0.409247 0.294961 0.01 0.01
0 0.503181 0.280871 0.01 0.01
0 0.622946 0.201028 0.01 0.01
0 0.695744 0.414727 0.01 0.01
0 0.721576 0.215118 0.01 0.01
0 0.773239 0.175196 0.01 0.01
0 0.817858 0.191635 0.01 0.01
0 0.897701 0.132926 0.01 0.01
0 0.895353 0.245646 0.01 0.01
0 0.961106 0.102398 0.01 0.01
0 1.019815 0.184590 0.01 0.01
0 1.055040 0.257388 0.01 0.01
0 1.050343 0.057779 0.01 0.01
0 1.111400 0.093004 0.01 0.01
0 1.094961 0.010813 0.01 0.01
0 1.261693 0.057779 0.01 0.01
0 1.287525 0.161106 0.01 0.01
0 1.221772 0.182241 0.01 0.01
0 1.404942 0.078914 0.01 0.01
0 1.482437 0.142319 0.01 0.01
0 1.524707 0.128229 0.01 0.01
0 1.550539 0.060128 0.01 0.01
0 1.585764 0.184590 0.01 0.01
0 1.461302 0.788112 0.01 0.01
0 1.097310 1.177936 0.01 0.01
0 1.243723 0.013957 0.01 0.01
0 1.305931 0.001917 0.01 0.01
0 1.318640 0.008606 0.01 0.01
0 1.091884 0.066800 0.01 0.01
0 1.592218 0.048740 0.01 0.01
0 0.662452 0.431683 0.01 0.01
