0 0.029977 0.292382 0.01 0.01
0 0.057455 0.300625 0.01 0.01
0 0.009368 0.261469 0.01 0.01
0 0.038220 0.258034 0.01 0.01
0 0.018985 0.229182 0.01 0.01
0 0.013490 0.208574 0.01 0.01
0 0.007994 0.181096 0.01 0.01
0 0.007307 0.160487 0.01 0.01
0 0.029977 0.151557 0.01 0.01
0 0.051272 0.150183 0.01 0.01
0 0.081498 0.146748 0.01 0.01
0 0.069133 0.187278 0.01 0.01
0 0.060202 0.165296 0.01 0.01
0 0.056081 0.200330 0.01 0.01
0 0.098672 0.216130 0.01 0.01
0 0.104854 0.163235 0.01 0.01
0 0.122028 0.159113 0.01 0.01
0 0.133706 0.166670 0.01 0.01
0 0.139202 0.194148 0.01 0.01
0 0.137828 0.223000 0.01 0.01
0 0.108976 0.243608 0.01 0.01
0 0.135767 0.257347 0.01 0.01
0 0.130271 0.358329 0.01 0.01
0 0.170801 0.348712 0.01 0.01
0 0.302009 0.341155 0.01 0.01
0 0.232627 0.300625 0.01 0.01
0 0.218201 0.210635 0.01 0.01
0 0.203775 0.220252 0.01 0.01
0 0.194845 0.164609 0.01 0.01
0 0.174236 0.165296 0.01 0.01
0 0.158436 0.159113 0.01 0.01
0 0.186601 0.152244 0.01 0.01
0 0.209271 0.166670 0.01 0.01
0 0.269035 0.237426 0.01 0.01
0 0.303383 0.282077 0.01 0.01
0 0.325365 0.293069 0.01 0.01
0 0.339791 0.247730 0.01 0.01
0 0.302009 0.207887 0.01 0.01
0 0.329487 0.200330 0.01 0.01
0 0.311626 0.179722 0.01 0.01
0 0.293079 0.181096 0.01 0.01
0 0.272470 0.189339 0.01 0.01
0 0.251175 0.170105 0.01 0.01
0 0.266288 0.157739 0.01 0.01
0 0.284835 0.154992 0.01 0.01
0 0.318496 0.163922 0.01 0.01
0 0.354217 0.150183 0.01 0.01
0 0.372765 0.157052 0.01 0.01
0 0.385130 0.192774 0.01 0.01
0 0.413295 0.170791 0.01 0.01
0 0.429095 0.144687 0.01 0.01
0 0.461382 0.159800 0.01 0.01
0 0.453138 0.221626 0.01 0.01
0 0.423599 0.267652 0.01 0.01
0 0.471686 0.235365 0.01 0.01
0 0.501225 0.238800 0.01 0.01
0 0.498477 0.263530 0.01 0.01
0 0.501912 0.309555 0.01 0.01
0 0.548624 0.282077 0.01 0.01
0 0.613885 0.306808 0.01 0.01
0 0.661284 0.278643 0.01 0.01
0 0.751962 0.297877 0.01 0.01
0 0.727231 0.253226 0.01 0.01
0 0.745092 0.218191 0.01 0.01
0 0.708684 0.209261 0.01 0.01
0 0.677771 0.244295 0.01 0.01
0 0.628310 0.253912 0.01 0.01
0 0.599459 0.229182 0.01 0.01
0 0.565798 0.232617 0.01 0.01
0 0.533511 0.216817 0.01 0.01
0 0.511529 0.195522 0.01 0.01
0 0.508781 0.146748 0.01 0.01
0 0.492981 0.136444 0.01 0.01
0 0.738223 0.193461 0.01 0.01
0 0.694945 0.155679 0.01 0.01
0 0.675023 0.156366 0.01 0.01
0 0.615258 0.141253 0.01 0.01
0 0.565798 0.140566 0.01 0.01
0 0.755396 0.103470 0.01 0.01
0 0.710745 0.159113 0.01 0.01
0 0.697692 0.054697 0.01 0.01
0 0.659223 0.059506 0.01 0.01
0 0.612511 0.051262 0.01 0.01
0 0.620754 0.049201 0.01 0.01
0 0.608389 0.084236 0.01 0.01
0 0.561676 0.075305 0.01 0.01
0 0.567172 0.049201 0.01 0.01
0 0.580224 0.040958 0.01 0.01
0 0.547937 0.044393 0.01 0.01
0 0.531450 0.040958 0.01 0.01
0 0.508781 0.060879 0.01 0.01
0 0.488860 0.049888 0.01 0.01
0 0.449016 0.064314 0.01 0.01
0 0.439399 0.043706 0.01 0.01
0 0.430469 0.071184 0.01 0.01
0 0.395434 0.077366 0.01 0.01
0 0.390626 0.042332 0.01 0.01
0 0.345287 0.056071 0.01 0.01
0 0.328800 0.049888 0.01 0.01
0 0.301322 0.043019 0.01 0.01
0 0.281401 0.046453 0.01 0.01
0 0.280714 0.075305 0.01 0.01
0 0.232627 0.067062 0.01 0.01
0 0.607702 0.199643 0.01 0.01
0 0.585720 0.195522 0.01 0.01
0 0.652354 0.213382 0.01 0.01
0 0.633806 0.185217 0.01 0.01
0 0.568546 0.190713 0.01 0.01
0 0.778168 0.062972 0.01 0.01
0 0.803065 0.051811 0.01 0.01
0 0.830537 0.056963 0.01 0.01
0 0.849425 0.052670 0.01 0.01
0 0.824528 0.094737 0.01 0.01
0 0.796197 0.180589 0.01 0.01
0 0.786753 0.214930 0.01 0.01
0 0.775592 0.163419 0.01 0.01
0 0.830537 0.220081 0.01 0.01
0 0.853717 0.320527 0.01 0.01
0 0.309418 0.027773 0.01 0.01
0 0.361787 0.025197 0.01 0.01
0 0.380675 0.019188 0.01 0.01
0 0.409864 0.020046 0.01 0.01
0 0.453649 0.021763 0.01 0.01
0 0.505160 0.016612 0.01 0.01
0 0.536925 0.016612 0.01 0.01
0 0.579851 0.006310 0.01 0.01
0 0.621059 0.031207 0.01 0.01
0 0.659693 0.021763 0.01 0.01
0 0.711204 0.032924 0.01 0.01
0 0.718072 0.002876 0.01 0.01
0 0.738676 0.016612 0.01 0.01
0 0.676863 0.006310 0.01 0.01
0 0.341183 0.006310 0.01 0.01
0 0.763573 0.006310 0.01 0.01
