0 0.018394 1.131643 0.01 0.01
0 0.107686 1.194800 0.01 0.01
0 0.545436 1.068485 0.01 0.01
0 0.669574 1.183911 0.01 0.01
0 0.035817 0.735272 0.01 0.01
0 0.068485 0.552332 0.01 0.01
0 0.114220 0.506597 0.01 0.01
0 0.268848 0.569755 0.01 0.01
0 0.266670 0.491352 0.01 0.01
0 0.253603 0.665581 0.01 0.01
0 0.114220 0.674292 0.01 0.01
0 0.467033 0.628557 0.01 0.01
0 0.477922 0.528376 0.01 0.01
0 0.403875 0.482641 0.01 0.01
0 0.556325 0.469574 0.01 0.01
0 0.608594 0.491352 0.01 0.01
0 0.643439 0.593712 0.01 0.01
0 0.835091 0.550154 0.01 0.01
0 0.684819 0.445617 0.01 0.01
0 0.734909 0.375926 0.01 0.01
0 0.985363 0.524020 0.01 0.01
0 0.817668 0.689537 0.01 0.01
0 0.941806 0.776652 0.01 0.01
0 0.904782 1.003149 0.01 0.01
0 1.102967 0.715672 0.01 0.01
0 1.166125 0.669937 0.01 0.01
0 1.388267 0.750517 0.01 0.01
0 1.344710 0.539265 0.01 0.01
0 1.471025 0.604601 0.01 0.01
0 1.577741 0.382459 0.01 0.01
0 1.597341 0.659047 0.01 0.01
0 1.551606 0.267033 0.01 0.01
0 1.120390 0.375926 0.01 0.01
0 1.139991 0.199519 0.01 0.01
0 1.094256 0.238721 0.01 0.01
0 1.037632 0.160318 0.01 0.01
0 0.930917 0.284456 0.01 0.01
0 0.837269 0.232187 0.01 0.01
0 0.837269 0.173385 0.01 0.01
0 0.813312 0.290989 0.01 0.01
0 0.911316 0.314946 0.01 0.01
0 0.678285 0.358503 0.01 0.01
0 0.680463 0.245254 0.01 0.01
0 0.706597 0.214764 0.01 0.01
0 0.578104 0.245254 0.01 0.01
0 0.543258 0.221298 0.01 0.01
0 0.495345 0.219120 0.01 0.01
0 0.565036 0.417305 0.01 0.01
0 0.534546 0.386815 0.01 0.01
0 0.458321 0.412949 0.01 0.01
0 0.421298 0.354147 0.01 0.01
0 0.451788 0.306234 0.01 0.01
0 0.438721 0.312768 0.01 0.01
0 0.297160 0.415127 0.01 0.01
0 0.234002 0.463040 0.01 0.01
0 0.061951 0.482641 0.01 0.01
0 0.007142 0.233820 0.01 0.01
0 0.123657 0.217486 0.01 0.01
0 0.191171 0.250154 0.01 0.01
0 0.208594 0.196797 0.01 0.01
0 0.260862 0.209864 0.01 0.01
0 0.260862 0.283911 0.01 0.01
0 0.295708 0.245799 0.01 0.01
0 0.286996 0.215309 0.01 0.01
0 0.339265 0.291534 0.01 0.01
0 0.341443 0.264310 0.01 0.01
0 0.333820 0.415672 0.01 0.01
0 0.465581 0.285000 0.01 0.01
0 0.415490 0.249065 0.01 0.01
0 0.415490 0.216398 0.01 0.01
0 0.425290 0.185908 0.01 0.01
0 0.430735 0.180463 0.01 0.01
0 0.473203 0.180463 0.01 0.01
0 0.459047 0.178285 0.01 0.01
0 0.496071 0.196797 0.01 0.01
0 0.492804 0.184819 0.01 0.01
0 0.575563 0.212042 0.01 0.01
0 0.684456 0.202241 0.01 0.01
0 0.718212 0.137995 0.01 0.01
0 0.733457 0.124927 0.01 0.01
0 0.773748 0.131461 0.01 0.01
0 0.682278 0.097704 0.01 0.01
0 0.564673 0.092260 0.01 0.01
0 0.533094 0.088993 0.01 0.01
0 0.447069 0.102060 0.01 0.01
0 0.412223 0.108594 0.01 0.01
0 0.771933 0.063675 0.01 0.01
0 0.798067 0.051153 0.01 0.01
0 0.820935 0.050064 0.01 0.01
0 0.868848 0.070209 0.01 0.01
0 0.785000 0.102332 0.01 0.01
0 0.909682 0.047341 0.01 0.01
0 0.922205 0.047341 0.01 0.01
0 0.928194 0.065309 0.01 0.01
0 0.954873 0.032641 0.01 0.01
0 0.943439 0.015762 0.01 0.01
0 0.905871 0.008140 0.01 0.01
0 1.002241 0.044074 0.01 0.01
0 1.053421 0.043530 0.01 0.01
0 1.133820 0.149973 0.01 0.01
0 1.150154 0.130372 0.01 0.01
0 1.144710 0.047614 0.01 0.01
0 1.165399 0.058503 0.01 0.01
0 1.067396 0.035635 0.01 0.01
0 1.194800 0.110771 0.01 0.01
0 1.213312 0.115127 0.01 0.01
0 1.192623 0.051969 0.01 0.01
0 1.213312 0.039991 0.01 0.01
0 1.231824 0.038902 0.01 0.01
0 1.218757 0.061770 0.01 0.01
0 1.278648 0.031280 0.01 0.01
0 1.283004 0.043258 0.01 0.01
0 1.296071 0.039991 0.01 0.01
0 1.300427 0.023657 0.01 0.01
0 1.314583 0.035635 0.01 0.01
0 1.324383 0.043258 0.01 0.01
0 1.395163 0.047614 0.01 0.01
0 1.434365 0.021479 0.01 0.01
0 1.455055 0.032369 0.01 0.01
0 1.447432 0.016035 0.01 0.01
0 1.585726 0.092260 0.01 0.01
0 1.505145 0.077015 0.01 0.01
0 1.467033 0.070481 0.01 0.01
0 1.593349 0.183730 0.01 0.01
0 0.084526 0.958774 0.01 0.01
0 0.291215 0.293222 0.01 0.01
0 0.859108 0.237703 0.01 0.01
0 0.936867 0.049660 0.01 0.01
0 0.944225 0.048489 0.01 0.01
0 1.027001 0.050663 0.01 0.01
0 1.039208 0.048155 0.01 0.01
0 1.244392 0.298573 0.01 0.01
0 1.268473 0.310947 0.01 0.01
0 1.340713 0.263456 0.01 0.01
0 1.241048 0.154760 0.01 0.01
0 1.148740 0.314961 0.01 0.01
0 0.893222 0.510947 0.01 0.01
0 0.981850 0.049911 0.01 0.01
0 0.740713 0.044141 0.01 0.01
0 0.371817 0.106098 0.01 0.01
0 0.385195 0.114459 0.01 0.01
