0 0.332713 0.778492 0.01 0.01
0 0.126219 0.716154 0.01 0.01
0 0.564531 0.552518 0.01 0.01
0 0.570375 0.404466 0.01 0.01
0 1.489855 0.429791 0.01 0.01
0 1.585310 0.334336 0.01 0.01
0 1.521024 0.157063 0.01 0.01
0 1.595050 0.141479 0.01 0.01
0 1.419726 0.100570 0.01 0.01
0 1.349596 0.182388 0.01 0.01
0 1.310635 0.192128 0.01 0.01
0 1.337907 0.032388 0.01 0.01
0 1.170375 0.024596 0.01 0.01
0 1.086609 0.012907 0.01 0.01
0 1.178167 0.240830 0.01 0.01
0 1.154791 0.322648 0.01 0.01
0 1.092453 0.236933 0.01 0.01
0 0.969726 0.291479 0.01 0.01
0 0.985310 0.079141 0.01 0.01
0 0.985310 0.007063 0.01 0.01
0 0.961933 0.010959 0.01 0.01
0 0.704791 0.083037 0.01 0.01
0 0.734011 0.160959 0.01 0.01
0 0.841154 0.182388 0.01 0.01
0 0.817778 0.258362 0.01 0.01
0 0.609336 0.162907 0.01 0.01
0 0.607388 0.281739 0.01 0.01
0 0.408687 0.157063 0.01 0.01
0 0.324920 0.127843 0.01 0.01
0 0.584985 0.002680 0.01 0.01
0 0.495375 0.016317 0.01 0.01
0 0.471998 0.013394 0.01 0.01
0 0.431089 0.036771 0.01 0.01
0 0.448622 0.036771 0.01 0.01
0 0.470050 0.060148 0.01 0.01
0 0.408687 0.053330 0.01 0.01
0 0.389206 0.057226 0.01 0.01
0 0.387258 0.068914 0.01 0.01
0 0.372648 0.077680 0.01 0.01
0 0.321024 0.029953 0.01 0.01
0 0.303492 0.013394 0.01 0.01
0 0.268427 0.036771 0.01 0.01
0 0.229466 0.047485 0.01 0.01
0 0.249920 0.041641 0.01 0.01
0 0.197323 0.051381 0.01 0.01
0 0.181739 0.051381 0.01 0.01
0 0.239206 0.096187 0.01 0.01
0 0.076868 0.242291 0.01 0.01
0 0.130440 0.196511 0.01 0.01
0 0.013557 0.152680 0.01 0.01
0 0.064206 0.135148 0.01 0.01
0 0.130440 0.057226 0.01 0.01
0 0.083687 0.139044 0.01 0.01
0 0.253167 0.024109 0.01 0.01
0 0.114855 0.032875 0.01 0.01
0 1.577518 1.021998 0.01 0.01
0 0.287202 0.026499 0.01 0.01
