0 0.207868 1.129465 0.01 0.01
0 0.467033 0.992260 0.01 0.01
0 0.671751 0.698249 0.01 0.01
0 1.499338 1.083730 0.01 0.01
0 1.549428 0.513131 0.01 0.01
0 1.261951 0.406416 0.01 0.01
0 1.116035 0.436906 0.01 0.01
0 0.904782 0.482641 0.01 0.01
0 0.754510 0.286633 0.01 0.01
0 0.978829 0.290989 0.01 0.01
0 1.035454 0.284456 0.01 0.01
0 1.061588 0.269211 0.01 0.01
0 1.055055 0.223476 0.01 0.01
0 1.092078 0.203875 0.01 0.01
0 1.251062 0.199519 0.01 0.01
0 1.414401 0.321479 0.01 0.01
0 1.444891 0.219120 0.01 0.01
0 1.566851 0.173385 0.01 0.01
0 0.798067 0.199519 0.01 0.01
0 0.763222 0.177741 0.01 0.01
0 0.750154 0.116761 0.01 0.01
0 1.015853 0.134183 0.01 0.01
0 1.028920 0.145073 0.01 0.01
0 1.092078 0.084093 0.01 0.01
0 1.135635 0.077559 0.01 0.01
0 1.146525 0.053603 0.01 0.01
0 1.200971 0.049247 0.01 0.01
0 1.237995 0.057958 0.01 0.01
0 1.370844 0.023113 0.01 0.01
0 1.460136 0.018757 0.01 0.01
0 0.566125 0.011815 0.01 0.01
0 0.572659 0.010726 0.01 0.01
0 0.577287 0.008004 0.01 0.01
0 0.583820 0.028966 0.01 0.01
0 0.591715 0.016443 0.01 0.01
0 0.614855 0.048022 0.01 0.01
0 0.608594 0.063267 0.01 0.01
0 0.628194 0.037949 0.01 0.01
0 0.630372 0.055917 0.01 0.01
0 0.625744 0.029238 0.01 0.01
0 0.642623 0.015626 0.01 0.01
0 0.649428 0.048022 0.01 0.01
0 0.652967 0.058639 0.01 0.01
0 0.732459 0.016987 0.01 0.01
0 0.694619 0.052105 0.01 0.01
0 0.748793 0.056733 0.01 0.01
0 0.775472 0.047477 0.01 0.01
0 0.792623 0.001742 0.01 0.01
0 0.801334 0.015626 0.01 0.01
0 0.786906 0.026516 0.01 0.01
0 0.793984 0.031416 0.01 0.01
0 0.807051 0.027604 0.01 0.01
0 0.819301 0.023521 0.01 0.01
0 0.831007 0.023249 0.01 0.01
0 0.819301 0.048022 0.01 0.01
0 0.838358 0.052378 0.01 0.01
0 0.756960 0.123158 0.01 0.01
0 0.749610 0.091035 0.01 0.01
0 0.856869 0.037133 0.01 0.01
0 0.870753 0.051016 0.01 0.01
0 0.852514 0.021343 0.01 0.01
0 0.849247 0.009909 0.01 0.01
0 0.876470 0.017804 0.01 0.01
0 0.885454 0.016443 0.01 0.01
0 0.886815 0.003104 0.01 0.01
0 0.908321 0.005009 0.01 0.01
0 0.909138 0.023249 0.01 0.01
0 0.897704 0.039583 0.01 0.01
0 0.905871 0.061633 0.01 0.01
0 0.921388 0.034138 0.01 0.01
0 0.930644 0.012087 0.01 0.01
0 0.951606 0.020799 0.01 0.01
0 0.976924 0.017804 0.01 0.01
0 0.976379 0.002559 0.01 0.01
0 0.972568 0.039855 0.01 0.01
0 0.971207 0.026243 0.01 0.01
0 0.951334 0.057550 0.01 0.01
0 0.952423 0.047477 0.01 0.01
0 0.937995 0.054283 0.01 0.01
0 0.985908 0.076742 0.01 0.01
0 0.994074 0.045163 0.01 0.01
0 1.006053 0.023385 0.01 0.01
0 1.017486 0.013584 0.01 0.01
0 1.035998 0.002695 0.01 0.01
0 1.052877 0.040808 0.01 0.01
0 1.037632 0.071298 0.01 0.01
0 1.061044 0.068031 0.01 0.01
0 1.100790 0.060408 0.01 0.01
0 1.101878 0.040263 0.01 0.01
0 1.122024 0.054964 0.01 0.01
0 1.139447 0.034819 0.01 0.01
0 1.154147 0.036452 0.01 0.01
0 1.098067 0.009773 0.01 0.01
0 1.074655 0.004329 0.01 0.01
0 0.660862 0.785363 0.01 0.01
0 0.836209 0.084061 0.01 0.01
0 1.082363 0.167977 0.01 0.01
0 0.944101 0.315830 0.01 0.01
0 0.669176 0.269476 0.01 0.01
0 0.856988 0.288657 0.01 0.01
0 1.281364 0.222323 0.01 0.01
0 1.191853 0.201544 0.01 0.01
0 1.205440 0.175170 0.01 0.01
0 1.538707 0.008037 0.01 0.01
0 1.594651 0.086359 0.01 0.01
0 0.609610 0.010529 0.01 0.01
0 0.664794 0.054593 0.01 0.01
0 0.696733 0.001667 0.01 0.01
0 0.706432 0.011031 0.01 0.01
0 0.804258 0.105095 0.01 0.01
0 0.849409 0.103757 0.01 0.01
0 0.789208 0.098406 0.01 0.01
0 0.866466 0.079342 0.01 0.01
0 0.824660 0.186533 0.01 0.01
0 0.674493 0.869141 0.01 0.01
0 1.115964 0.086700 0.01 0.01
0 0.787871 0.193389 0.01 0.01
0 1.192218 0.045563 0.01 0.01
0 1.219643 0.001750 0.01 0.01
0 1.301248 0.047570 0.01 0.01
0 1.478172 0.045228 0.01 0.01
0 1.547068 0.035864 0.01 0.01
0 1.417636 0.018473 0.01 0.01
0 1.340044 0.091717 0.01 0.01
0 1.338372 0.033857 0.01 0.01
0 1.510613 0.034192 0.01 0.01
0 1.501248 0.010780 0.01 0.01
0 1.056098 0.135864 0.01 0.01
0 0.963790 0.121483 0.01 0.01
0 0.999576 0.097402 0.01 0.01
