0 0.242196 0.649026 0.01 0.01
0 0.462684 0.824635 0.01 0.01
0 0.745611 0.840245 0.01 0.01
0 0.070489 0.494879 0.01 0.01
0 0.049026 0.451952 0.01 0.01
0 0.035367 0.284148 0.01 0.01
0 0.130977 0.213904 0.01 0.01
0 0.197318 0.311465 0.01 0.01
0 0.216830 0.284148 0.01 0.01
0 0.230489 0.247074 0.01 0.01
0 0.341709 0.375855 0.01 0.01
0 0.427562 0.358294 0.01 0.01
0 0.597318 0.416830 0.01 0.01
0 0.728050 0.500733 0.01 0.01
0 0.712440 0.301709 0.01 0.01
0 0.630489 0.297806 0.01 0.01
0 0.856830 0.301709 0.01 0.01
0 0.919269 0.301709 0.01 0.01
0 1.040245 0.252928 0.01 0.01
0 0.981709 0.210001 0.01 0.01
0 0.979757 0.180733 0.01 0.01
0 0.921221 0.161221 0.01 0.01
0 0.872440 0.169026 0.01 0.01
0 0.610977 0.260733 0.01 0.01
0 0.605123 0.206099 0.01 0.01
0 0.663660 0.172928 0.01 0.01
0 0.722196 0.145611 0.01 0.01
0 0.171952 0.126587 0.01 0.01
0 0.186587 0.122684 0.01 0.01
0 0.210977 0.152928 0.01 0.01
0 0.273416 0.173416 0.01 0.01
0 0.304635 0.228050 0.01 0.01
0 0.368050 0.263172 0.01 0.01
0 0.421709 0.236830 0.01 0.01
0 0.450001 0.271952 0.01 0.01
0 0.373904 0.210489 0.01 0.01
0 0.346587 0.166587 0.01 0.01
0 0.410001 0.159757 0.01 0.01
0 0.484148 0.192928 0.01 0.01
0 0.504635 0.161709 0.01 0.01
0 0.538782 0.140245 0.01 0.01
0 0.582684 0.189026 0.01 0.01
0 0.589513 0.091465 0.01 0.01
0 0.593416 0.067074 0.01 0.01
0 0.643172 0.109026 0.01 0.01
0 0.674391 0.136343 0.01 0.01
0 0.682196 0.113904 0.01 0.01
0 0.693904 0.031952 0.01 0.01
0 0.719269 0.055367 0.01 0.01
0 0.781709 0.070977 0.01 0.01
0 0.781709 0.055367 0.01 0.01
0 0.813904 0.100245 0.01 0.01
0 0.847074 0.097318 0.01 0.01
0 0.870489 0.092440 0.01 0.01
0 0.948538 0.074879 0.01 0.01
0 0.978782 0.072928 0.01 0.01
0 1.032440 0.055367 0.01 0.01
0 1.018782 0.016343 0.01 0.01
0 1.054879 0.020245 0.01 0.01
0 1.045123 0.046587 0.01 0.01
0 1.089026 0.051465 0.01 0.01
0 1.088050 0.084635 0.01 0.01
0 1.066587 0.070977 0.01 0.01
0 1.136830 0.043660 0.01 0.01
0 1.149513 0.020245 0.01 0.01
0 1.138782 0.013416 0.01 0.01
0 1.166099 0.051465 0.01 0.01
0 1.181709 0.115855 0.01 0.01
0 1.226587 0.138294 0.01 0.01
0 1.197318 0.033904 0.01 0.01
0 1.182684 0.007562 0.01 0.01
0 1.245123 0.026099 0.01 0.01
0 1.421709 0.454879 0.01 0.01
0 1.581709 0.466587 0.01 0.01
0 1.560245 0.435367 0.01 0.01
0 1.219757 0.258782 0.01 0.01
0 1.281221 0.023172 0.01 0.01
0 1.319269 0.029026 0.01 0.01
0 1.348538 0.027074 0.01 0.01
0 1.369026 0.004635 0.01 0.01
0 1.425611 0.023172 0.01 0.01
0 1.448050 0.027074 0.01 0.01
0 1.499757 0.108050 0.01 0.01
0 1.463660 0.175367 0.01 0.01
0 1.525123 0.188050 0.01 0.01
0 1.531952 0.145123 0.01 0.01
0 1.567074 0.168538 0.01 0.01
0 1.591465 0.194879 0.01 0.01
0 1.543660 0.051465 0.01 0.01
0 1.506587 0.039757 0.01 0.01
0 1.497806 0.055367 0.01 0.01
0 1.523172 0.027074 0.01 0.01
0 1.534879 0.025123 0.01 0.01
0 1.559269 0.039757 0.01 0.01
0 1.583660 0.033904 0.01 0.01
0 0.825329 0.005763 0.01 0.01
