0 0.441804 1.179791 0.01 0.01
0 0.582063 1.023946 0.01 0.01
0 0.258687 0.747323 0.01 0.01
0 0.262583 0.684985 0.01 0.01
0 0.313232 0.612907 0.01 0.01
0 0.237258 0.583687 0.01 0.01
0 0.219726 0.556414 0.01 0.01
0 0.258687 0.476544 0.01 0.01
0 0.184661 0.404466 0.01 0.01
0 0.235310 0.390830 0.01 0.01
0 0.250894 0.379141 0.01 0.01
0 1.345700 0.505765 0.01 0.01
0 1.386609 0.546674 0.01 0.01
0 1.433362 0.527193 0.01 0.01
0 1.250245 0.503817 0.01 0.01
0 1.423622 0.421998 0.01 0.01
0 1.462583 0.435635 0.01 0.01
0 1.524920 0.416154 0.01 0.01
0 1.556089 0.297323 0.01 0.01
0 1.485959 0.242778 0.01 0.01
0 1.466479 0.205765 0.01 0.01
0 1.402193 0.211609 0.01 0.01
0 1.378817 0.254466 0.01 0.01
0 1.304791 0.250570 0.01 0.01
0 1.267778 0.213557 0.01 0.01
0 1.232713 0.227193 0.01 0.01
0 0.656089 0.573946 0.01 0.01
0 0.658037 0.484336 0.01 0.01
0 0.607388 0.392778 0.01 0.01
0 0.525570 0.355765 0.01 0.01
0 0.443752 0.332388 0.01 0.01
0 0.363881 0.369401 0.01 0.01
0 0.324920 0.410310 0.01 0.01
0 0.289855 0.402518 0.01 0.01
0 0.211933 0.361609 0.01 0.01
0 0.285959 0.349920 0.01 0.01
0 0.398946 0.273946 0.01 0.01
0 0.326868 0.268102 0.01 0.01
0 0.500245 0.268102 0.01 0.01
0 0.550894 0.215505 0.01 0.01
0 0.698946 0.416154 0.01 0.01
0 0.741804 0.336284 0.01 0.01
0 0.714531 0.293427 0.01 0.01
0 0.718427 0.240830 0.01 0.01
0 0.737907 0.227193 0.01 0.01
0 0.693102 0.225245 0.01 0.01
0 0.841154 0.416154 0.01 0.01
0 0.901544 0.470700 0.01 0.01
0 1.020375 0.406414 0.01 0.01
0 0.975570 0.349920 0.01 0.01
0 0.948297 0.301219 0.01 0.01
0 0.911284 0.244726 0.01 0.01
0 0.800245 0.254466 0.01 0.01
0 0.792453 0.310959 0.01 0.01
0 0.989206 0.254466 0.01 0.01
0 1.051544 0.270050 0.01 0.01
0 1.078817 0.273946 0.01 0.01
0 1.078817 0.273946 0.01 0.01
0 1.108037 0.386933 0.01 0.01
0 1.146998 0.277843 0.01 0.01
0 1.154791 0.223297 0.01 0.01
0 1.078817 0.213557 0.01 0.01
0 1.041804 0.157063 0.01 0.01
0 1.024271 0.149271 0.01 0.01
0 0.977518 0.147323 0.01 0.01
0 1.059336 0.164855 0.01 0.01
0 1.090505 0.178492 0.01 0.01
0 1.131414 0.196024 0.01 0.01
0 1.172323 0.186284 0.01 0.01
0 1.252193 0.186284 0.01 0.01
0 1.285310 0.192128 0.01 0.01
0 1.552193 0.215505 0.01 0.01
0 1.515180 0.174596 0.01 0.01
0 1.593102 0.160959 0.01 0.01
0 1.519076 0.129791 0.01 0.01
0 1.534661 0.081089 0.01 0.01
0 0.927518 0.231576 0.01 0.01
0 1.111609 0.128330 0.01 0.01
0 1.120375 0.119563 0.01 0.01
0 1.150570 0.125407 0.01 0.01
0 1.169076 0.140018 0.01 0.01
0 1.180765 0.125407 0.01 0.01
0 1.198297 0.125407 0.01 0.01
0 1.239206 0.156576 0.01 0.01
0 1.211933 0.153654 0.01 0.01
0 1.217778 0.121511 0.01 0.01
0 1.230440 0.105927 0.01 0.01
0 1.242128 0.125407 0.01 0.01
0 1.264531 0.115667 0.01 0.01
0 1.286933 0.089368 0.01 0.01
0 1.310310 0.088394 0.01 0.01
0 1.336609 0.092291 0.01 0.01
0 1.366804 0.092291 0.01 0.01
0 1.414531 0.115667 0.01 0.01
0 1.448622 0.098135 0.01 0.01
0 1.452518 0.084498 0.01 0.01
0 1.441804 0.067940 0.01 0.01
0 1.415505 0.077680 0.01 0.01
0 1.463232 0.077680 0.01 0.01
0 1.485635 0.066966 0.01 0.01
0 1.489531 0.085472 0.01 0.01
0 1.500245 0.080602 0.01 0.01
0 1.582063 0.067940 0.01 0.01
0 1.497323 0.009498 0.01 0.01
0 1.522648 0.005602 0.01 0.01
0 1.532388 0.005602 0.01 0.01
0 1.543102 0.023135 0.01 0.01
0 1.446674 0.021187 0.01 0.01
0 1.451544 0.009498 0.01 0.01
0 1.392128 0.030927 0.01 0.01
0 1.274271 0.016317 0.01 0.01
0 1.282063 0.016317 0.01 0.01
0 1.292778 0.006576 0.01 0.01
0 1.329791 0.016317 0.01 0.01
0 1.085310 0.028005 0.01 0.01
0 1.093102 0.037745 0.01 0.01
0 1.104791 0.037745 0.01 0.01
0 1.127193 0.030927 0.01 0.01
0 0.960635 0.043589 0.01 0.01
0 0.866154 0.047485 0.01 0.01
0 0.861284 0.053330 0.01 0.01
0 0.823622 0.340180 0.01 0.01
0 0.688232 0.059417 0.01 0.01
0 0.633200 0.072080 0.01 0.01
0 0.740830 0.062826 0.01 0.01
0 0.739368 0.047242 0.01 0.01
0 0.773459 0.037015 0.01 0.01
0 0.760797 0.056982 0.01 0.01
0 0.765180 0.056982 0.01 0.01
0 0.800245 0.052599 0.01 0.01
0 0.808524 0.054547 0.01 0.01
