0 1.443102 1.004466 0.01 0.01
0 1.565830 0.883687 0.01 0.01
0 1.076868 0.770700 0.01 0.01
0 0.402843 0.634336 0.01 0.01
0 0.289855 0.657713 0.01 0.01
0 0.079466 0.546674 0.01 0.01
0 0.346349 0.383037 0.01 0.01
0 0.377518 0.386933 0.01 0.01
0 0.661933 0.190180 0.01 0.01
0 0.864531 0.127843 0.01 0.01
0 0.952193 0.147323 0.01 0.01
0 1.308687 0.346024 0.01 0.01
0 0.946349 0.012907 0.01 0.01
0 0.852843 0.010959 0.01 0.01
0 0.720375 0.010959 0.01 0.01
0 0.471024 0.042128 0.01 0.01
0 0.395050 0.086933 0.01 0.01
0 0.319076 0.236933 0.01 0.01
0 0.237258 0.055765 0.01 0.01
0 0.223622 0.129791 0.01 0.01
0 0.176868 0.096674 0.01 0.01
0 0.135959 0.086933 0.01 0.01
0 0.200245 0.038232 0.01 0.01
0 0.227518 0.012907 0.01 0.01
0 0.008687 0.132226 0.01 0.01
0 0.009661 0.014368 0.01 0.01
0 0.054466 0.002680 0.01 0.01
0 0.029677 0.102921 0.01 0.01
