0 0.928739 0.937813 0.01 0.01
0 1.055055 0.804964 0.01 0.01
0 1.536361 0.892078 0.01 0.01
0 1.592986 0.663403 0.01 0.01
0 1.597341 0.576289 0.01 0.01
0 1.468848 0.663403 0.01 0.01
0 1.412223 0.493530 0.01 0.01
0 1.305508 0.519664 0.01 0.01
0 1.235817 0.506597 0.01 0.01
0 1.079011 0.545799 0.01 0.01
0 0.957051 0.604601 0.01 0.01
0 0.917849 0.460862 0.01 0.01
0 0.832913 0.582822 0.01 0.01
0 0.144710 0.554510 0.01 0.01
0 0.214401 0.482641 0.01 0.01
0 0.133820 0.432550 0.01 0.01
0 0.268848 0.628557 0.01 0.01
0 0.399519 0.567577 0.01 0.01
0 0.514946 0.460862 0.01 0.01
0 0.604238 0.484819 0.01 0.01
0 0.686996 0.404238 0.01 0.01
0 0.808957 0.497886 0.01 0.01
0 0.854692 0.371570 0.01 0.01
0 1.061588 0.347614 0.01 0.01
0 1.579918 0.343258 0.01 0.01
0 1.486271 0.240898 0.01 0.01
0 1.523294 0.230009 0.01 0.01
0 1.536361 0.184274 0.01 0.01
0 1.584274 0.175563 0.01 0.01
0 1.427468 0.306234 0.01 0.01
0 1.383911 0.245254 0.01 0.01
0 1.264129 0.262677 0.01 0.01
0 1.279374 0.238721 0.01 0.01
0 1.126924 0.203875 0.01 0.01
0 0.038721 0.348702 0.01 0.01
0 0.015853 0.241987 0.01 0.01
0 0.009320 0.210408 0.01 0.01
0 0.031098 0.204964 0.01 0.01
0 0.102967 0.241987 0.01 0.01
0 0.065944 0.216942 0.01 0.01
0 0.118212 0.226742 0.01 0.01
0 0.097523 0.215853 0.01 0.01
0 0.104056 0.196252 0.01 0.01
0 0.081189 0.187541 0.01 0.01
0 0.062677 0.192986 0.01 0.01
0 0.084456 0.173385 0.01 0.01
0 0.102967 0.154873 0.01 0.01
0 0.067033 0.150517 0.01 0.01
0 0.070300 0.132006 0.01 0.01
0 0.040898 0.148339 0.01 0.01
0 0.032187 0.124383 0.01 0.01
0 0.011497 0.128739 0.01 0.01
0 0.001697 0.142895 0.01 0.01
0 0.031098 0.161407 0.01 0.01
0 0.147614 0.189719 0.01 0.01
0 0.158503 0.184274 0.01 0.01
0 0.158503 0.173385 0.01 0.01
0 0.169392 0.182096 0.01 0.01
0 0.153058 0.249610 0.01 0.01
0 0.195526 0.257232 0.01 0.01
0 0.228194 0.245254 0.01 0.01
0 0.241261 0.223476 0.01 0.01
0 0.275018 0.207142 0.01 0.01
0 0.256506 0.177741 0.01 0.01
0 0.263040 0.153784 0.01 0.01
0 0.239084 0.159229 0.01 0.01
0 0.223839 0.177741 0.01 0.01
0 0.209682 0.176652 0.01 0.01
0 0.191171 0.154873 0.01 0.01
0 0.363222 0.243076 0.01 0.01
0 0.364310 0.216942 0.01 0.01
0 0.363222 0.195163 0.01 0.01
0 0.345799 0.182096 0.01 0.01
0 0.371933 0.161407 0.01 0.01
0 0.357777 0.141806 0.01 0.01
0 0.373022 0.123294 0.01 0.01
0 0.303330 0.191897 0.01 0.01
0 0.315309 0.148339 0.01 0.01
0 0.309864 0.161407 0.01 0.01
0 0.301153 0.153784 0.01 0.01
0 0.322931 0.238721 0.01 0.01
0 0.414401 0.275744 0.01 0.01
0 0.442713 0.241987 0.01 0.01
0 0.416579 0.187541 0.01 0.01
0 0.422024 0.153784 0.01 0.01
0 0.448158 0.151606 0.01 0.01
0 0.459047 0.176652 0.01 0.01
0 0.478648 0.142895 0.01 0.01
0 0.510227 0.148339 0.01 0.01
0 0.503693 0.170118 0.01 0.01
0 0.514583 0.192986 0.01 0.01
0 0.534183 0.176652 0.01 0.01
0 0.560318 0.148339 0.01 0.01
0 0.572296 0.176652 0.01 0.01
0 0.602786 0.165762 0.01 0.01
0 0.578829 0.138539 0.01 0.01
0 0.604964 0.150517 0.01 0.01
0 0.574474 0.153784 0.01 0.01
0 0.600608 0.123294 0.01 0.01
0 0.633276 0.127650 0.01 0.01
0 0.646343 0.132006 0.01 0.01
0 0.649610 0.121116 0.01 0.01
0 0.529828 0.226742 0.01 0.01
0 0.504782 0.243076 0.01 0.01
0 0.479737 0.257232 0.01 0.01
0 0.515672 0.343258 0.01 0.01
0 0.591897 0.312768 0.01 0.01
0 0.592986 0.234365 0.01 0.01
0 0.626742 0.207142 0.01 0.01
0 0.637632 0.191897 0.01 0.01
0 0.604964 0.191897 0.01 0.01
0 0.624565 0.169029 0.01 0.01
0 0.640898 0.169029 0.01 0.01
0 0.645254 0.151606 0.01 0.01
0 0.692078 0.185363 0.01 0.01
0 0.683367 0.163584 0.01 0.01
0 0.699701 0.130917 0.01 0.01
0 0.704056 0.117849 0.01 0.01
0 0.734546 0.143984 0.01 0.01
0 0.773748 0.126561 0.01 0.01
0 0.770481 0.230009 0.01 0.01
0 0.714946 0.209320 0.01 0.01
0 0.677922 0.222387 0.01 0.01
0 0.838358 0.198975 0.01 0.01
0 0.819846 0.195708 0.01 0.01
0 0.823113 0.168485 0.01 0.01
0 0.827468 0.128194 0.01 0.01
0 0.815490 0.124927 0.01 0.01
0 0.859047 0.139084 0.01 0.01
0 0.844891 0.127105 0.01 0.01
0 0.850336 0.172840 0.01 0.01
0 0.871025 0.171751 0.01 0.01
0 0.903693 0.196797 0.01 0.01
0 0.928739 0.189174 0.01 0.01
0 0.934183 0.231643 0.01 0.01
0 0.981007 0.222931 0.01 0.01
0 0.976652 0.198975 0.01 0.01
0 0.963584 0.177196 0.01 0.01
0 0.984274 0.164129 0.01 0.01
0 0.948339 0.156506 0.01 0.01
0 0.963584 0.135817 0.01 0.01
0 0.945073 0.130372 0.01 0.01
0 0.917849 0.161951 0.01 0.01
0 1.036543 0.179374 0.01 0.01
0 1.033276 0.147795 0.01 0.01
0 1.050699 0.117305 0.01 0.01
0 1.082278 0.109682 0.01 0.01
0 1.092078 0.155418 0.01 0.01
0 1.153058 0.191352 0.01 0.01
0 1.175926 0.163040 0.01 0.01
0 1.198793 0.178285 0.01 0.01
0 1.313131 0.163040 0.01 0.01
0 0.029828 0.181280 0.01 0.01
0 0.082096 0.122477 0.01 0.01
0 0.086996 0.112133 0.01 0.01
0 0.094074 0.132278 0.01 0.01
0 0.105508 0.128467 0.01 0.01
0 0.113675 0.136089 0.01 0.01
0 0.132731 0.154601 0.01 0.01
0 0.126742 0.138267 0.01 0.01
0 0.142532 0.114855 0.01 0.01
0 0.160499 0.128467 0.01 0.01
0 0.173566 0.120844 0.01 0.01
0 0.161044 0.117033 0.01 0.01
0 0.173566 0.097432 0.01 0.01
0 0.197523 0.108866 0.01 0.01
0 0.212223 0.119211 0.01 0.01
0 0.221479 0.105055 0.01 0.01
0 0.234002 0.113222 0.01 0.01
0 0.188811 0.177468 0.01 0.01
0 0.245980 0.103421 0.01 0.01
0 0.255236 0.107232 0.01 0.01
0 0.250336 0.119211 0.01 0.01
0 0.267759 0.123022 0.01 0.01
0 0.258503 0.124655 0.01 0.01
0 0.280826 0.124655 0.01 0.01
0 0.289537 0.115399 0.01 0.01
0 0.275926 0.095799 0.01 0.01
0 0.287359 0.088176 0.01 0.01
0 0.251425 0.087087 0.01 0.01
0 0.262859 0.078376 0.01 0.01
0 0.297704 0.074565 0.01 0.01
0 0.314583 0.072931 0.01 0.01
0 0.298249 0.089810 0.01 0.01
0 0.296615 0.102332 0.01 0.01
0 0.305871 0.106143 0.01 0.01
0 0.304238 0.120844 0.01 0.01
0 0.309138 0.132822 0.01 0.01
0 0.343439 0.139900 0.01 0.01
0 0.339084 0.117033 0.01 0.01
0 0.321661 0.103421 0.01 0.01
0 0.329283 0.091987 0.01 0.01
0 0.326561 0.082731 0.01 0.01
0 0.328194 0.069120 0.01 0.01
0 0.340173 0.066398 0.01 0.01
0 0.354329 0.064220 0.01 0.01
0 0.341261 0.081643 0.01 0.01
0 0.348339 0.089265 0.01 0.01
0 0.358684 0.102332 0.01 0.01
0 0.372840 0.098521 0.01 0.01
0 0.379918 0.109955 0.01 0.01
0 0.386452 0.123022 0.01 0.01
0 0.348884 0.107232 0.01 0.01
0 0.330372 0.111588 0.01 0.01
0 0.402423 0.118938 0.01 0.01
0 0.414946 0.115672 0.01 0.01
0 0.438902 0.127105 0.01 0.01
0 0.462042 0.106688 0.01 0.01
0 0.467759 0.097704 0.01 0.01
0 0.449247 0.097976 0.01 0.01
0 0.408684 0.096888 0.01 0.01
0 0.417124 0.090082 0.01 0.01
0 0.402151 0.084637 0.01 0.01
0 0.406779 0.073748 0.01 0.01
0 0.387178 0.088448 0.01 0.01
0 0.386361 0.077559 0.01 0.01
0 0.373839 0.074837 0.01 0.01
0 0.377378 0.059592 0.01 0.01
0 0.371388 0.060953 0.01 0.01
0 0.390717 0.047069 0.01 0.01
0 0.393439 0.034002 0.01 0.01
0 0.366488 0.046252 0.01 0.01
0 0.401334 0.033185 0.01 0.01
0 0.407051 0.033730 0.01 0.01
0 0.411679 0.051153 0.01 0.01
0 0.399428 0.045163 0.01 0.01
0 0.399156 0.056325 0.01 0.01
0 0.418212 0.063675 0.01 0.01
0 0.426379 0.054147 0.01 0.01
0 0.429374 0.036996 0.01 0.01
0 0.434546 0.031824 0.01 0.01
0 0.446797 0.036996 0.01 0.01
0 0.442986 0.048975 0.01 0.01
0 0.448702 0.046525 0.01 0.01
0 0.451969 0.031007 0.01 0.01
0 0.461497 0.047069 0.01 0.01
0 0.466125 0.037541 0.01 0.01
0 0.471025 0.034002 0.01 0.01
0 0.456597 0.039719 0.01 0.01
0 0.460953 0.037541 0.01 0.01
0 0.457958 0.053058 0.01 0.01
0 0.452786 0.061770 0.01 0.01
0 0.442713 0.065309 0.01 0.01
0 0.439447 0.060136 0.01 0.01
0 0.453058 0.070481 0.01 0.01
0 0.458775 0.077831 0.01 0.01
0 0.460681 0.065309 0.01 0.01
0 0.479192 0.058503 0.01 0.01
0 0.471570 0.065309 0.01 0.01
0 0.477287 0.035635 0.01 0.01
0 0.486271 0.034002 0.01 0.01
0 0.496343 0.033730 0.01 0.01
0 0.493621 0.067759 0.01 0.01
0 0.506143 0.068303 0.01 0.01
0 0.503966 0.054692 0.01 0.01
0 0.506416 0.044619 0.01 0.01
0 0.510499 0.041352 0.01 0.01
0 0.513766 0.087359 0.01 0.01
0 0.519483 0.075926 0.01 0.01
0 0.520572 0.062042 0.01 0.01
0 0.516488 0.059864 0.01 0.01
0 0.511588 0.061497 0.01 0.01
0 0.490626 0.099882 0.01 0.01
0 0.500971 0.096071 0.01 0.01
0 0.483004 0.083820 0.01 0.01
0 0.485998 0.074837 0.01 0.01
0 0.485726 0.067214 0.01 0.01
0 0.484909 0.113766 0.01 0.01
0 0.510227 0.125200 0.01 0.01
0 0.540173 0.131189 0.01 0.01
0 0.535000 0.103693 0.01 0.01
0 0.539356 0.088448 0.01 0.01
0 0.540173 0.065853 0.01 0.01
0 0.548067 0.058503 0.01 0.01
0 0.539628 0.050064 0.01 0.01
0 0.533367 0.057686 0.01 0.01
0 0.524927 0.037541 0.01 0.01
0 0.535272 0.035091 0.01 0.01
0 0.541261 0.039719 0.01 0.01
0 0.560318 0.100699 0.01 0.01
0 0.561679 0.073748 0.01 0.01
0 0.578829 0.071570 0.01 0.01
0 0.578013 0.059047 0.01 0.01
0 0.564673 0.043258 0.01 0.01
0 0.592441 0.048975 0.01 0.01
0 0.558412 0.033185 0.01 0.01
0 0.603330 0.018212 0.01 0.01
0 0.600880 0.039174 0.01 0.01
0 0.594347 0.042713 0.01 0.01
0 0.592441 0.123022 0.01 0.01
0 0.600880 0.105327 0.01 0.01
0 0.595436 0.094437 0.01 0.01
0 0.585908 0.099065 0.01 0.01
0 0.580191 0.104510 0.01 0.01
0 0.578829 0.086815 0.01 0.01
0 0.589174 0.072659 0.01 0.01
0 0.592169 0.064220 0.01 0.01
0 0.598702 0.056325 0.01 0.01
0 0.601153 0.065036 0.01 0.01
0 0.609864 0.075653 0.01 0.01
0 0.620753 0.106416 0.01 0.01
0 0.632459 0.093349 0.01 0.01
0 0.625381 0.083820 0.01 0.01
0 0.633820 0.107777 0.01 0.01
0 0.641171 0.098793 0.01 0.01
0 0.647976 0.087632 0.01 0.01
0 0.630554 0.065036 0.01 0.01
0 0.620481 0.062042 0.01 0.01
0 0.620481 0.051425 0.01 0.01
0 0.654782 0.059864 0.01 0.01
0 0.648521 0.066942 0.01 0.01
0 0.642532 0.070209 0.01 0.01
0 0.667577 0.052241 0.01 0.01
0 0.669483 0.042713 0.01 0.01
0 0.670572 0.062859 0.01 0.01
0 0.665672 0.068848 0.01 0.01
0 0.675472 0.091715 0.01 0.01
0 0.662133 0.087632 0.01 0.01
0 0.660499 0.105871 0.01 0.01
0 0.635998 0.019846 0.01 0.01
0 0.649882 0.019846 0.01 0.01
0 0.662133 0.016851 0.01 0.01
0 0.723657 0.085454 0.01 0.01
0 0.731280 0.077831 0.01 0.01
0 0.743258 0.089810 0.01 0.01
0 0.733457 0.117033 0.01 0.01
0 0.754692 0.109955 0.01 0.01
0 0.780281 0.117033 0.01 0.01
0 0.765036 0.073476 0.01 0.01
0 0.755236 0.070209 0.01 0.01
0 0.765581 0.031007 0.01 0.01
0 0.778104 0.027196 0.01 0.01
0 0.800971 0.077831 0.01 0.01
0 0.825472 0.082731 0.01 0.01
0 0.827105 0.069664 0.01 0.01
0 0.837995 0.069120 0.01 0.01
0 0.825472 0.056053 0.01 0.01
0 0.815672 0.051153 0.01 0.01
0 0.834183 0.040808 0.01 0.01
0 0.824383 0.108866 0.01 0.01
0 0.840173 0.111044 0.01 0.01
0 0.854329 0.095799 0.01 0.01
0 0.867396 0.085454 0.01 0.01
0 0.855418 0.073476 0.01 0.01
0 0.864129 0.065853 0.01 0.01
0 0.886996 0.062586 0.01 0.01
0 0.895163 0.077831 0.01 0.01
0 0.906053 0.062042 0.01 0.01
0 0.917486 0.066942 0.01 0.01
0 0.930554 0.062042 0.01 0.01
0 0.941443 0.077287 0.01 0.01
0 0.943076 0.089810 0.01 0.01
0 0.945799 0.106143 0.01 0.01
0 0.925109 0.113222 0.01 0.01
0 0.926198 0.099610 0.01 0.01
0 0.978467 0.097976 0.01 0.01
0 0.963766 0.084365 0.01 0.01
0 0.980644 0.081098 0.01 0.01
0 0.982822 0.070209 0.01 0.01
0 0.995889 0.072931 0.01 0.01
0 1.016035 0.089265 0.01 0.01
0 0.958866 0.063131 0.01 0.01
0 0.381552 0.029986 0.01 0.01
0 0.378966 0.022228 0.01 0.01
0 0.388902 0.019506 0.01 0.01
0 0.383457 0.019506 0.01 0.01
0 0.401289 0.024814 0.01 0.01
0 0.403058 0.029850 0.01 0.01
0 0.409047 0.026447 0.01 0.01
0 0.411225 0.018553 0.01 0.01
0 0.415445 0.015150 0.01 0.01
0 0.413675 0.011747 0.01 0.01
0 0.414628 0.003580 0.01 0.01
0 0.409728 0.005758 0.01 0.01
0 0.409047 0.001810 0.01 0.01
0 0.402650 0.001266 0.01 0.01
0 0.401153 0.004669 0.01 0.01
0 0.397069 0.011339 0.01 0.01
0 0.402105 0.011339 0.01 0.01
0 0.420209 0.025086 0.01 0.01
0 0.423748 0.015558 0.01 0.01
0 0.419937 0.009841 0.01 0.01
0 0.424156 0.008616 0.01 0.01
0 0.426334 0.003852 0.01 0.01
0 0.433957 0.007391 0.01 0.01
0 0.436271 0.002763 0.01 0.01
0 0.440626 0.003852 0.01 0.01
0 0.438312 0.012019 0.01 0.01
0 0.437904 0.027536 0.01 0.01
0 0.441171 0.018417 0.01 0.01
0 0.444846 0.018825 0.01 0.01
0 0.444437 0.011202 0.01 0.01
0 0.451379 0.011475 0.01 0.01
0 0.448793 0.006438 0.01 0.01
0 0.460499 0.010250 0.01 0.01
0 0.460091 0.004124 0.01 0.01
0 0.454918 0.002763 0.01 0.01
0 0.458457 0.025086 0.01 0.01
0 0.465672 0.030123 0.01 0.01
0 0.468122 0.012904 0.01 0.01
0 0.477105 0.009093 0.01 0.01
0 0.470300 0.005009 0.01 0.01
0 0.476016 0.003104 0.01 0.01
0 0.482550 0.005554 0.01 0.01
0 0.486633 0.005281 0.01 0.01
0 0.490989 0.002287 0.01 0.01
0 0.495345 0.006915 0.01 0.01
0 0.500517 0.002559 0.01 0.01
0 0.509773 0.006915 0.01 0.01
0 0.498067 0.013721 0.01 0.01
0 0.489900 0.016443 0.01 0.01
0 0.487995 0.025154 0.01 0.01
0 0.493167 0.026516 0.01 0.01
0 0.520390 0.020254 0.01 0.01
0 0.516579 0.005281 0.01 0.01
0 0.465127 0.018893 0.01 0.01
0 0.425381 0.020799 0.01 0.01
0 0.544619 0.010998 0.01 0.01
0 0.627650 0.016715 0.01 0.01
0 0.686452 0.015898 0.01 0.01
0 0.691352 0.027332 0.01 0.01
0 0.706869 0.024065 0.01 0.01
0 0.706325 0.014810 0.01 0.01
0 0.714492 0.021343 0.01 0.01
0 0.728376 0.018621 0.01 0.01
0 0.736543 0.023521 0.01 0.01
0 0.741443 0.025154 0.01 0.01
0 0.740082 0.014810 0.01 0.01
0 0.790445 0.015626 0.01 0.01
0 0.793439 0.025699 0.01 0.01
0 0.788267 0.002287 0.01 0.01
0 0.798067 0.001742 0.01 0.01
0 0.809501 0.018349 0.01 0.01
0 0.803512 0.040944 0.01 0.01
0 0.770027 0.071978 0.01 0.01
0 0.823929 0.020254 0.01 0.01
0 0.822568 0.036588 0.01 0.01
0 0.831280 0.020254 0.01 0.01
0 0.820663 0.025971 0.01 0.01
0 0.826379 0.006915 0.01 0.01
0 0.839719 0.003104 0.01 0.01
0 0.857414 0.018349 0.01 0.01
0 0.842986 0.017532 0.01 0.01
0 0.850064 0.001742 0.01 0.01
0 0.863947 0.004465 0.01 0.01
0 0.858503 0.005554 0.01 0.01
0 0.882187 0.003376 0.01 0.01
0 0.876470 0.008276 0.01 0.01
0 0.894982 0.001198 0.01 0.01
0 0.909682 0.004192 0.01 0.01
0 0.947251 0.005554 0.01 0.01
0 0.979646 0.009093 0.01 0.01
0 0.982913 0.002559 0.01 0.01
0 0.986996 0.001198 0.01 0.01
0 0.981552 0.023249 0.01 0.01
0 0.984546 0.036044 0.01 0.01
0 0.973385 0.031143 0.01 0.01
0 1.000608 0.009773 0.01 0.01
0 1.019120 0.015762 0.01 0.01
0 1.012586 0.003240 0.01 0.01
0 1.036543 0.036452 0.01 0.01
0 1.065944 0.008140 0.01 0.01
0 1.083367 0.010318 0.01 0.01
0 1.088811 0.018485 0.01 0.01
0 1.077378 0.038630 0.01 0.01
0 1.071388 0.074020 0.01 0.01
0 1.053966 0.084365 0.01 0.01
0 1.034637 0.105871 0.01 0.01
0 1.048249 0.096343 0.01 0.01
0 1.061860 0.101243 0.01 0.01
0 1.063222 0.117305 0.01 0.01
0 1.107323 0.060953 0.01 0.01
0 1.114129 0.050336 0.01 0.01
0 1.100790 0.078104 0.01 0.01
0 1.109229 0.098249 0.01 0.01
0 1.129102 0.098793 0.01 0.01
0 1.135091 0.086815 0.01 0.01
0 1.157142 0.072659 0.01 0.01
0 1.146252 0.031280 0.01 0.01
0 1.133185 0.038085 0.01 0.01
0 1.092895 0.032096 0.01 0.01
0 1.191715 0.070209 0.01 0.01
0 1.182459 0.067486 0.01 0.01
0 1.132369 0.009773 0.01 0.01
0 1.369211 0.014673 0.01 0.01
0 1.356688 0.032641 0.01 0.01
0 1.365944 0.041352 0.01 0.01
0 1.370300 0.052786 0.01 0.01
0 1.334365 0.056053 0.01 0.01
0 1.344710 0.077831 0.01 0.01
0 1.368122 0.080554 0.01 0.01
0 1.309864 0.072931 0.01 0.01
0 1.288630 0.072931 0.01 0.01
0 1.297341 0.058775 0.01 0.01
0 1.371933 0.126833 0.01 0.01
0 1.375200 0.139900 0.01 0.01
0 1.375744 0.157323 0.01 0.01
0 1.349065 0.149701 0.01 0.01
0 1.415490 0.152423 0.01 0.01
0 1.434546 0.151334 0.01 0.01
0 1.431824 0.161134 0.01 0.01
0 1.447614 0.138811 0.01 0.01
0 1.419301 0.123022 0.01 0.01
0 1.417668 0.105599 0.01 0.01
0 1.412768 0.099610 0.01 0.01
0 1.429646 0.099610 0.01 0.01
0 1.401334 0.082731 0.01 0.01
0 1.397523 0.058775 0.01 0.01
0 1.410590 0.059320 0.01 0.01
0 1.426924 0.071842 0.01 0.01
0 1.445436 0.042986 0.01 0.01
0 1.459592 0.065853 0.01 0.01
0 1.468303 0.062586 0.01 0.01
0 1.482459 0.039174 0.01 0.01
0 1.494982 0.034819 0.01 0.01
0 1.505871 0.027196 0.01 0.01
0 1.523839 0.010318 0.01 0.01
0 1.552151 0.042441 0.01 0.01
0 1.564129 0.051153 0.01 0.01
0 1.566307 0.068031 0.01 0.01
0 1.578829 0.075653 0.01 0.01
0 1.554329 0.068031 0.01 0.01
0 1.595708 0.040263 0.01 0.01
0 1.532006 0.066942 0.01 0.01
0 1.530917 0.053875 0.01 0.01
0 1.531461 0.076742 0.01 0.01
0 1.503693 0.094165 0.01 0.01
0 1.486815 0.113222 0.01 0.01
0 1.467759 0.107232 0.01 0.01
0 1.497704 0.166035 0.01 0.01
0 1.496071 0.149701 0.01 0.01
0 1.549428 0.142078 0.01 0.01
0 1.581552 0.129011 0.01 0.01
0 1.559229 0.109410 0.01 0.01
0 1.583185 0.114855 0.01 0.01
0 1.582096 0.098521 0.01 0.01
0 1.591352 0.076742 0.01 0.01
0 0.524994 0.026248 0.01 0.01
0 0.508941 0.023406 0.01 0.01
0 0.477670 0.026248 0.01 0.01
0 0.483355 0.020563 0.01 0.01
0 0.524325 0.015379 0.01 0.01
0 0.524660 0.003673 0.01 0.01
0 0.536867 0.005847 0.01 0.01
0 0.414961 0.024576 0.01 0.01
0 0.374325 0.047988 0.01 0.01
0 0.848238 0.045145 0.01 0.01
0 0.877670 0.028255 0.01 0.01
0 1.019643 0.062202 0.01 0.01
0 1.038205 0.004175 0.01 0.01
0 0.974994 0.126332 0.01 0.01
0 0.984860 0.126332 0.01 0.01
0 0.916800 0.101917 0.01 0.01
0 0.876667 0.126499 0.01 0.01
0 0.882185 0.109944 0.01 0.01
0 0.872988 0.109442 0.01 0.01
0 0.904593 0.128506 0.01 0.01
0 0.805931 0.099409 0.01 0.01
0 0.785864 0.116131 0.01 0.01
0 0.759108 0.172319 0.01 0.01
0 0.746064 0.134526 0.01 0.01
0 0.682185 0.143891 0.01 0.01
0 0.697235 0.059944 0.01 0.01
0 0.710279 0.051248 0.01 0.01
0 1.018305 0.118473 0.01 0.01
0 1.197068 0.076834 0.01 0.01
0 1.203088 0.072653 0.01 0.01
0 1.315964 0.287536 0.01 0.01
0 1.444727 0.084359 0.01 0.01
0 1.552419 0.093389 0.01 0.01
0 1.305596 0.205095 0.01 0.01
0 1.346399 0.178004 0.01 0.01
0 1.213623 0.196566 0.01 0.01
0 1.257770 0.220981 0.01 0.01
0 1.074827 0.171817 0.01 0.01
