0 0.729134 0.769875 0.01 0.01
0 0.906912 0.777282 0.01 0.01
0 0.130615 0.584690 0.01 0.01
0 0.529134 0.546171 0.01 0.01
0 0.572097 0.495801 0.01 0.01
0 0.822467 0.439504 0.01 0.01
0 0.905430 0.417282 0.01 0.01
0 1.072838 0.408393 0.01 0.01
0 1.172097 0.418764 0.01 0.01
0 1.335060 0.375801 0.01 0.01
0 1.201727 0.346171 0.01 0.01
0 1.219504 0.346171 0.01 0.01
0 1.298023 0.310615 0.01 0.01
0 1.323208 0.306171 0.01 0.01
0 1.320245 0.249875 0.01 0.01
0 1.258023 0.249875 0.01 0.01
0 1.231356 0.269134 0.01 0.01
0 1.364690 0.245430 0.01 0.01
0 1.375060 0.249875 0.01 0.01
0 1.397282 0.246912 0.01 0.01
0 1.389875 0.226171 0.01 0.01
0 1.474319 0.245430 0.01 0.01
0 1.503949 0.261727 0.01 0.01
0 1.066912 0.257282 0.01 0.01
0 1.090615 0.232097 0.01 0.01
0 1.025430 0.312097 0.01 0.01
0 1.003208 0.320986 0.01 0.01
0 0.963208 0.343208 0.01 0.01
0 0.976541 0.269134 0.01 0.01
0 0.992838 0.263208 0.01 0.01
0 0.927653 0.318023 0.01 0.01
0 0.890615 0.318023 0.01 0.01
0 0.852097 0.297282 0.01 0.01
0 0.792838 0.340245 0.01 0.01
0 0.852097 0.399504 0.01 0.01
0 0.754319 0.360986 0.01 0.01
0 0.769134 0.365430 0.01 0.01
0 0.015060 0.482467 0.01 0.01
0 0.047653 0.458764 0.01 0.01
0 0.164690 0.446912 0.01 0.01
0 0.240245 0.414319 0.01 0.01
0 0.163208 0.420245 0.01 0.01
0 0.142467 0.432097 0.01 0.01
0 0.100986 0.438023 0.01 0.01
0 0.105430 0.414319 0.01 0.01
0 0.046171 0.421727 0.01 0.01
0 0.084690 0.402467 0.01 0.01
0 0.117282 0.392097 0.01 0.01
0 0.175060 0.387653 0.01 0.01
0 0.201727 0.381727 0.01 0.01
0 0.220986 0.395060 0.01 0.01
0 0.314319 0.392097 0.01 0.01
0 0.343949 0.375801 0.01 0.01
0 1.518578 0.248301 0.01 0.01
0 1.528578 0.239597 0.01 0.01
0 1.565245 0.197190 0.01 0.01
0 1.567467 0.242560 0.01 0.01
0 1.584690 0.237375 0.01 0.01
0 1.588578 0.207375 0.01 0.01
0 1.562097 0.361727 0.01 0.01
0 1.545060 0.355430 0.01 0.01
0 1.109875 0.205801 0.01 0.01
0 1.103208 0.339875 0.01 0.01
0 0.666912 0.328023 0.01 0.01
0 0.678023 0.336912 0.01 0.01
0 0.698764 0.339875 0.01 0.01
0 0.720245 0.328764 0.01 0.01
0 0.726912 0.329504 0.01 0.01
0 0.758764 0.322838 0.01 0.01
0 0.787653 0.326541 0.01 0.01
0 0.799504 0.310986 0.01 0.01
0 0.822467 0.303578 0.01 0.01
0 0.781727 0.266541 0.01 0.01
0 0.793578 0.262097 0.01 0.01
0 0.790615 0.246541 0.01 0.01
0 0.800986 0.246541 0.01 0.01
0 0.742467 0.264319 0.01 0.01
0 0.730615 0.274690 0.01 0.01
0 0.717282 0.276171 0.01 0.01
0 0.703208 0.285801 0.01 0.01
0 0.696541 0.276171 0.01 0.01
0 0.706171 0.256912 0.01 0.01
0 0.710615 0.256171 0.01 0.01
0 0.661727 0.266541 0.01 0.01
0 0.683949 0.262282 0.01 0.01
0 0.697653 0.256727 0.01 0.01
0 0.756912 0.248208 0.01 0.01
0 0.733578 0.262653 0.01 0.01
0 0.778023 0.265986 0.01 0.01
0 0.638393 0.267097 0.01 0.01
0 0.619875 0.265615 0.01 0.01
0 0.614319 0.267467 0.01 0.01
0 0.609504 0.282282 0.01 0.01
0 0.554319 0.276727 0.01 0.01
0 0.581727 0.274134 0.01 0.01
0 0.574319 0.275615 0.01 0.01
0 0.586171 0.325245 0.01 0.01
0 0.609134 0.328208 0.01 0.01
0 0.633578 0.302653 0.01 0.01
0 0.557653 0.330060 0.01 0.01
0 0.549875 0.345245 0.01 0.01
0 0.538023 0.357097 0.01 0.01
0 0.525801 0.334134 0.01 0.01
0 0.779875 0.341541 0.01 0.01
0 0.806171 0.347097 0.01 0.01
0 0.495801 0.346541 0.01 0.01
0 0.509875 0.339134 0.01 0.01
0 0.472097 0.322653 0.01 0.01
0 0.495801 0.318208 0.01 0.01
0 0.485060 0.307097 0.01 0.01
0 0.479875 0.308208 0.01 0.01
0 0.496541 0.283764 0.01 0.01
0 0.490986 0.283393 0.01 0.01
0 0.495430 0.257838 0.01 0.01
0 0.489504 0.258208 0.01 0.01
0 0.483208 0.261541 0.01 0.01
0 0.473578 0.267467 0.01 0.01
0 0.462838 0.262282 0.01 0.01
0 0.454690 0.261541 0.01 0.01
0 0.448764 0.273393 0.01 0.01
0 0.450986 0.281171 0.01 0.01
0 0.461727 0.280430 0.01 0.01
0 0.453578 0.287467 0.01 0.01
0 0.422467 0.288578 0.01 0.01
0 0.430245 0.290060 0.01 0.01
0 0.427653 0.275986 0.01 0.01
0 0.418764 0.271912 0.01 0.01
0 0.403578 0.266727 0.01 0.01
0 0.404690 0.260430 0.01 0.01
0 0.436541 0.311912 0.01 0.01
0 0.443578 0.308578 0.01 0.01
0 0.426171 0.335986 0.01 0.01
0 0.419875 0.321912 0.01 0.01
0 0.411727 0.316727 0.01 0.01
0 0.391727 0.317467 0.01 0.01
0 0.398764 0.344504 0.01 0.01
0 0.379875 0.341171 0.01 0.01
0 0.369504 0.319690 0.01 0.01
0 0.352838 0.323393 0.01 0.01
0 0.331356 0.319319 0.01 0.01
0 0.319134 0.320801 0.01 0.01
0 0.291727 0.327097 0.01 0.01
0 0.308393 0.318578 0.01 0.01
0 0.272838 0.326727 0.01 0.01
0 0.282097 0.322653 0.01 0.01
0 0.261727 0.321541 0.01 0.01
0 0.264319 0.306727 0.01 0.01
0 0.275430 0.311541 0.01 0.01
0 0.269134 0.286356 0.01 0.01
0 0.272097 0.274875 0.01 0.01
0 0.260615 0.276356 0.01 0.01
0 0.257653 0.282653 0.01 0.01
0 0.253949 0.276356 0.01 0.01
0 0.255430 0.270801 0.01 0.01
0 0.263578 0.270430 0.01 0.01
0 0.269134 0.270060 0.01 0.01
0 0.273578 0.269319 0.01 0.01
0 0.277282 0.265245 0.01 0.01
0 0.280615 0.270430 0.01 0.01
0 0.290245 0.312282 0.01 0.01
0 0.257282 0.310430 0.01 0.01
0 0.412467 0.280430 0.01 0.01
0 0.504319 0.318949 0.01 0.01
0 0.110430 0.263115 0.01 0.01
0 0.115801 0.265060 0.01 0.01
0 0.124319 0.263949 0.01 0.01
0 0.118764 0.285430 0.01 0.01
0 0.105430 0.294690 0.01 0.01
0 0.102097 0.291356 0.01 0.01
0 0.098764 0.292097 0.01 0.01
0 0.093208 0.289875 0.01 0.01
0 0.023949 0.305430 0.01 0.01
0 0.004690 0.325060 0.01 0.01
0 0.014690 0.322467 0.01 0.01
0 0.019504 0.323578 0.01 0.01
0 0.033578 0.313578 0.01 0.01
0 0.045801 0.308764 0.01 0.01
0 0.049875 0.335801 0.01 0.01
0 0.071356 0.326541 0.01 0.01
0 0.077653 0.312838 0.01 0.01
0 0.106912 0.310245 0.01 0.01
0 0.123949 0.289504 0.01 0.01
0 0.124690 0.309875 0.01 0.01
0 0.119504 0.307653 0.01 0.01
0 0.112838 0.312097 0.01 0.01
0 0.118393 0.312467 0.01 0.01
0 0.133208 0.316171 0.01 0.01
0 0.121356 0.327282 0.01 0.01
0 0.115060 0.329134 0.01 0.01
0 0.102838 0.329875 0.01 0.01
0 0.097653 0.280245 0.01 0.01
0 0.139875 0.273578 0.01 0.01
0 0.099504 0.286171 0.01 0.01
0 0.082838 0.303578 0.01 0.01
0 0.090615 0.320986 0.01 0.01
0 0.088393 0.335801 0.01 0.01
0 0.072097 0.318764 0.01 0.01
0 0.082838 0.321727 0.01 0.01
0 0.118023 0.346171 0.01 0.01
0 0.123949 0.333578 0.01 0.01
0 0.139504 0.335430 0.01 0.01
0 0.154690 0.340245 0.01 0.01
0 0.155801 0.316171 0.01 0.01
0 0.165060 0.335430 0.01 0.01
0 0.178023 0.336171 0.01 0.01
0 0.172467 0.317282 0.01 0.01
0 0.172097 0.325060 0.01 0.01
0 0.166912 0.319504 0.01 0.01
0 0.188023 0.308023 0.01 0.01
0 0.193949 0.316541 0.01 0.01
0 0.187282 0.322838 0.01 0.01
0 0.198023 0.311356 0.01 0.01
0 0.208764 0.322467 0.01 0.01
0 0.221727 0.317282 0.01 0.01
0 0.233208 0.290615 0.01 0.01
0 0.219504 0.285801 0.01 0.01
0 0.228393 0.278764 0.01 0.01
0 0.213208 0.290615 0.01 0.01
0 0.245801 0.285060 0.01 0.01
0 0.250615 0.308023 0.01 0.01
0 0.231727 0.300615 0.01 0.01
0 0.279134 0.278393 0.01 0.01
0 0.234690 0.325801 0.01 0.01
0 0.231356 0.362838 0.01 0.01
0 0.217282 0.369504 0.01 0.01
0 0.037282 0.340615 0.01 0.01
0 0.021727 0.345060 0.01 0.01
0 0.088023 0.293208 0.01 0.01
0 0.086541 0.309875 0.01 0.01
0 0.092838 0.307653 0.01 0.01
0 0.103578 0.313949 0.01 0.01
0 0.000986 0.379319 0.01 0.01
0 1.528023 0.768578 0.01 0.01
0 1.568764 0.828578 0.01 0.01
0 1.332838 0.269412 0.01 0.01
0 1.237282 0.256819 0.01 0.01
0 1.599246 0.171174 0.01 0.01
0 0.220825 0.308237 0.01 0.01
0 0.183857 0.391549 0.01 0.01
0 0.225329 0.384860 0.01 0.01
