0 0.055137 0.798324 0.01 0.01
0 0.099621 0.696645 0.01 0.01
0 0.027599 0.626741 0.01 0.01
0 0.173762 0.605558 0.01 0.01
0 0.298742 0.605558 0.01 0.01
0 0.421604 0.679699 0.01 0.01
0 0.476680 0.694527 0.01 0.01
0 0.247903 0.722065 0.01 0.01
0 0.173762 0.842809 0.01 0.01
0 0.597424 0.586493 0.01 0.01
0 0.673683 0.586493 0.01 0.01
0 0.705457 0.730538 0.01 0.01
0 0.785953 0.700882 0.01 0.01
0 0.815609 0.622505 0.01 0.01
0 0.870685 0.597085 0.01 0.01
0 0.919406 0.601321 0.01 0.01
0 0.889750 0.681817 0.01 0.01
0 0.898223 0.775023 0.01 0.01
0 1.033795 0.626741 0.01 0.01
0 1.112172 0.575902 0.01 0.01
0 1.167248 0.558955 0.01 0.01
0 1.209615 0.618268 0.01 0.01
0 1.273164 0.582257 0.01 0.01
0 1.340950 0.571665 0.01 0.01
0 1.340950 0.681817 0.01 0.01
0 1.417209 0.641569 0.01 0.01
0 1.412972 0.546245 0.01 0.01
0 1.523124 0.546245 0.01 0.01
0 1.525242 0.499643 0.01 0.01
0 1.489231 0.779259 0.01 0.01
0 1.302820 0.825862 0.01 0.01
0 0.035373 0.462572 0.01 0.01
0 0.054438 0.403260 0.01 0.01
0 0.030077 0.376781 0.01 0.01
0 0.012072 0.322764 0.01 0.01
0 0.097863 0.337592 0.01 0.01
0 0.097863 0.253919 0.01 0.01
0 0.161412 0.261333 0.01 0.01
0 0.194246 0.250742 0.01 0.01
0 0.166708 0.217908 0.01 0.01
0 0.192128 0.283575 0.01 0.01
0 0.184714 0.316409 0.01 0.01
0 0.157176 0.377840 0.01 0.01
0 0.101041 0.370426 0.01 0.01
0 0.103159 0.539891 0.01 0.01
0 0.124342 0.477400 0.01 0.01
0 0.179418 0.459395 0.01 0.01
0 0.242967 0.456217 0.01 0.01
0 0.208015 0.374663 0.01 0.01
0 0.254618 0.335474 0.01 0.01
0 0.235553 0.287812 0.01 0.01
0 0.266269 0.268747 0.01 0.01
0 0.251441 0.234854 0.01 0.01
0 0.271564 0.212612 0.01 0.01
0 0.302280 0.239091 0.01 0.01
0 0.302280 0.288871 0.01 0.01
0 0.270505 0.313232 0.01 0.01
0 0.300162 0.359834 0.01 0.01
0 0.332995 0.336533 0.01 0.01
0 0.360533 0.295226 0.01 0.01
0 0.359474 0.262392 0.01 0.01
0 0.370066 0.249682 0.01 0.01
0 0.389131 0.232736 0.01 0.01
0 0.357356 0.214730 0.01 0.01
0 0.338291 0.220026 0.01 0.01
0 0.334055 0.258156 0.01 0.01
0 0.277919 0.524003 0.01 0.01
0 0.274742 0.469986 0.01 0.01
0 0.320286 0.501761 0.01 0.01
0 0.374302 0.527181 0.01 0.01
0 0.313931 0.413851 0.01 0.01
0 0.355238 0.392668 0.01 0.01
0 0.382776 0.369367 0.01 0.01
0 0.412432 0.388432 0.01 0.01
0 0.396545 0.335474 0.01 0.01
0 0.412432 0.303699 0.01 0.01
0 0.420905 0.279339 0.01 0.01
0 0.437852 0.276161 0.01 0.01
0 0.439970 0.247564 0.01 0.01
0 0.464330 0.224263 0.01 0.01
0 0.443147 0.212612 0.01 0.01
0 0.492928 0.231677 0.01 0.01
0 0.507756 0.212612 0.01 0.01
0 0.470685 0.262392 0.01 0.01
0 0.488691 0.283575 0.01 0.01
0 0.506697 0.271925 0.01 0.01
0 0.514111 0.250742 0.01 0.01
0 0.534235 0.216849 0.01 0.01
0 0.557536 0.231677 0.01 0.01
0 0.543767 0.242268 0.01 0.01
0 0.540590 0.277220 0.01 0.01
0 0.564950 0.261333 0.01 0.01
0 0.527880 0.305818 0.01 0.01
0 0.483395 0.316409 0.01 0.01
0 0.471745 0.332296 0.01 0.01
0 0.446325 0.318527 0.01 0.01
0 0.433615 0.350302 0.01 0.01
0 0.388071 0.448803 0.01 0.01
0 0.511992 0.536713 0.01 0.01
0 0.524702 0.477400 0.01 0.01
0 0.473863 0.384195 0.01 0.01
0 0.521525 0.396905 0.01 0.01
0 0.534235 0.366189 0.01 0.01
0 0.525761 0.337592 0.01 0.01
0 0.566009 0.335474 0.01 0.01
0 0.556477 0.311113 0.01 0.01
0 0.573423 0.292049 0.01 0.01
0 0.585074 0.307936 0.01 0.01
0 0.609435 0.290989 0.01 0.01
0 0.596725 0.266629 0.01 0.01
0 0.586133 0.229558 0.01 0.01
0 0.615789 0.236973 0.01 0.01
0 0.613671 0.212612 0.01 0.01
0 0.641209 0.228499 0.01 0.01
0 0.665570 0.235913 0.01 0.01
0 0.682516 0.232736 0.01 0.01
0 0.635913 0.254978 0.01 0.01
0 0.675102 0.262392 0.01 0.01
0 0.660274 0.285694 0.01 0.01
0 0.679339 0.296285 0.01 0.01
0 0.666629 0.310054 0.01 0.01
0 0.624263 0.325941 0.01 0.01
0 0.606257 0.328060 0.01 0.01
0 0.652860 0.342888 0.01 0.01
0 0.610494 0.372544 0.01 0.01
0 0.605198 0.465750 0.01 0.01
0 0.563891 0.465750 0.01 0.01
0 0.627440 0.536713 0.01 0.01
0 0.665570 0.473164 0.01 0.01
0 0.640150 0.421265 0.01 0.01
0 0.690989 0.382077 0.01 0.01
0 0.683575 0.336533 0.01 0.01
0 0.698403 0.306877 0.01 0.01
0 0.711113 0.280398 0.01 0.01
0 0.715350 0.232736 0.01 0.01
0 0.733356 0.253919 0.01 0.01
0 0.750302 0.235913 0.01 0.01
0 0.777840 0.234854 0.01 0.01
0 0.790550 0.227440 0.01 0.01
0 0.769367 0.212612 0.01 0.01
0 0.740770 0.210494 0.01 0.01
0 0.757716 0.261333 0.01 0.01
0 0.778899 0.253919 0.01 0.01
0 0.779958 0.286753 0.01 0.01
0 0.758775 0.296285 0.01 0.01
0 0.733356 0.280398 0.01 0.01
0 0.779958 0.306877 0.01 0.01
0 0.790550 0.333356 0.01 0.01
0 0.746065 0.328060 0.01 0.01
0 0.721705 0.311113 0.01 0.01
0 0.712172 0.330178 0.01 0.01
0 0.758775 0.369367 0.01 0.01
0 0.794786 0.372544 0.01 0.01
0 0.767248 0.418088 0.01 0.01
0 0.717468 0.429739 0.01 0.01
0 0.722764 0.476341 0.01 0.01
0 0.783136 0.529299 0.01 0.01
0 0.853739 0.543068 0.01 0.01
0 0.812432 0.474223 0.01 0.01
0 0.848443 0.417029 0.01 0.01
0 0.854798 0.335474 0.01 0.01
0 0.817728 0.346065 0.01 0.01
0 0.823023 0.305818 0.01 0.01
0 0.812432 0.272984 0.01 0.01
0 0.823023 0.249682 0.01 0.01
0 0.829378 0.224263 0.01 0.01
0 0.812432 0.214730 0.01 0.01
0 0.846325 0.220026 0.01 0.01
0 0.870685 0.246505 0.01 0.01
0 0.880218 0.224263 0.01 0.01
0 0.885514 0.261333 0.01 0.01
0 0.905637 0.238032 0.01 0.01
0 0.931057 0.244387 0.01 0.01
0 0.960713 0.222144 0.01 0.01
0 0.970246 0.256037 0.01 0.01
0 0.937412 0.267688 0.01 0.01
0 0.893987 0.295226 0.01 0.01
0 0.864330 0.289930 0.01 0.01
0 0.844207 0.280398 0.01 0.01
0 0.897164 0.474223 0.01 0.01
0 0.898223 0.417029 0.01 0.01
0 0.869626 0.382077 0.01 0.01
0 0.933175 0.335474 0.01 0.01
0 0.943767 0.308995 0.01 0.01
0 0.959654 0.281457 0.01 0.01
0 0.966009 0.313232 0.01 0.01
0 0.977660 0.341829 0.01 0.01
0 0.953299 0.378899 0.01 0.01
0 1.042268 0.499643 0.01 0.01
0 1.009435 0.464691 0.01 0.01
0 0.980837 0.432916 0.01 0.01
0 0.962832 0.460454 0.01 0.01
0 0.991429 0.397964 0.01 0.01
0 1.011553 0.352420 0.01 0.01
0 1.028499 0.334415 0.01 0.01
0 1.021085 0.296285 0.01 0.01
0 0.990370 0.300522 0.01 0.01
0 1.006257 0.256037 0.01 0.01
0 0.994606 0.242268 0.01 0.01
0 1.028499 0.257096 0.01 0.01
0 1.043327 0.233795 0.01 0.01
0 1.038032 0.214730 0.01 0.01
0 1.003080 0.215789 0.01 0.01
0 1.016849 0.423384 0.01 0.01
0 1.028499 0.378899 0.01 0.01
0 1.046505 0.349243 0.01 0.01
0 1.068747 0.335474 0.01 0.01
0 1.085694 0.315350 0.01 0.01
0 1.070865 0.287812 0.01 0.01
0 1.041209 0.281457 0.01 0.01
0 1.066629 0.253919 0.01 0.01
0 1.090989 0.241209 0.01 0.01
0 1.107936 0.265570 0.01 0.01
0 1.089930 0.270865 0.01 0.01
0 1.119587 0.285694 0.01 0.01
0 1.124882 0.318527 0.01 0.01
0 1.150302 0.290989 0.01 0.01
0 1.152420 0.260274 0.01 0.01
0 1.133356 0.246505 0.01 0.01
0 1.119587 0.221085 0.01 0.01
0 1.142888 0.211553 0.01 0.01
0 1.154539 0.222144 0.01 0.01
0 1.173603 0.250742 0.01 0.01
0 1.194786 0.290989 0.01 0.01
0 1.212792 0.307936 0.01 0.01
0 1.242448 0.300522 0.01 0.01
0 1.226561 0.278280 0.01 0.01
0 1.213851 0.257096 0.01 0.01
0 1.210674 0.278280 0.01 0.01
0 1.215970 0.230618 0.01 0.01
0 1.152420 0.353479 0.01 0.01
0 1.181017 0.322764 0.01 0.01
0 1.087812 0.402201 0.01 0.01
0 1.082516 0.361953 0.01 0.01
0 1.098403 0.444567 0.01 0.01
0 1.065570 0.459395 0.01 0.01
0 1.127001 0.402201 0.01 0.01
0 1.173603 0.376781 0.01 0.01
0 1.211733 0.353479 0.01 0.01
0 1.202201 0.394786 0.01 0.01
0 1.242448 0.376781 0.01 0.01
0 1.174663 0.425502 0.01 0.01
0 1.121705 0.483755 0.01 0.01
0 1.086753 0.526122 0.01 0.01
0 1.167248 0.492229 0.01 0.01
0 1.225502 0.449862 0.01 0.01
0 1.250922 0.492229 0.01 0.01
0 1.330358 0.509175 0.01 0.01
0 1.286933 0.446685 0.01 0.01
0 1.277400 0.395846 0.01 0.01
0 1.281637 0.357716 0.01 0.01
0 1.267868 0.327001 0.01 0.01
0 1.310234 0.290989 0.01 0.01
0 1.311293 0.263451 0.01 0.01
0 1.311293 0.241209 0.01 0.01
0 1.295406 0.215789 0.01 0.01
0 1.279519 0.252860 0.01 0.01
0 1.267868 0.227440 0.01 0.01
0 1.250922 0.202020 0.01 0.01
0 1.374843 0.238032 0.01 0.01
0 1.334595 0.224263 0.01 0.01
0 1.344127 0.200961 0.01 0.01
0 1.371665 0.285694 0.01 0.01
0 1.355778 0.337592 0.01 0.01
0 1.332476 0.342888 0.01 0.01
0 1.327181 0.379958 0.01 0.01
0 1.367429 0.423384 0.01 0.01
0 1.444387 0.290989 0.01 0.01
0 1.432736 0.279339 0.01 0.01
0 1.409435 0.230618 0.01 0.01
0 1.478280 0.230618 0.01 0.01
0 1.571485 0.257096 0.01 0.01
0 1.508995 0.330178 0.01 0.01
0 1.468747 0.414910 0.01 0.01
0 1.395666 0.487992 0.01 0.01
0 1.572544 0.389491 0.01 0.01
0 1.192668 0.715710 0.01 0.01
0 0.049142 0.213142 0.01 0.01
0 0.022663 0.189840 0.01 0.01
0 0.014190 0.229029 0.01 0.01
0 0.160353 0.189311 0.01 0.01
0 0.193187 0.190370 0.01 0.01
0 0.179418 0.189311 0.01 0.01
0 0.307046 0.187192 0.01 0.01
0 0.324522 0.178190 0.01 0.01
0 0.311812 0.137412 0.01 0.01
0 0.354708 0.190370 0.01 0.01
0 0.346764 0.161243 0.01 0.01
0 0.385424 0.164950 0.01 0.01
0 0.390190 0.179778 0.01 0.01
0 0.379598 0.209964 0.01 0.01
0 0.370595 0.198843 0.01 0.01
0 0.415609 0.209435 0.01 0.01
0 0.432556 0.188251 0.01 0.01
0 0.456387 0.187192 0.01 0.01
0 0.468567 0.181897 0.01 0.01
0 0.479159 0.179249 0.01 0.01
0 0.495576 0.187722 0.01 0.01
0 0.502990 0.168128 0.01 0.01
0 0.442618 0.153829 0.01 0.01
0 0.532646 0.193547 0.01 0.01
0 0.508815 0.197254 0.01 0.01
0 0.552770 0.186133 0.01 0.01
0 0.558595 0.152240 0.01 0.01
0 0.578190 0.159654 0.01 0.01
0 0.568128 0.158066 0.01 0.01
0 0.594606 0.165480 0.01 0.01
0 0.574482 0.177660 0.01 0.01
0 0.594606 0.187192 0.01 0.01
0 0.571835 0.198843 0.01 0.01
0 0.629558 0.188251 0.01 0.01
0 0.641209 0.169187 0.01 0.01
0 0.648094 0.143767 0.01 0.01
0 0.663981 0.135823 0.01 0.01
0 0.662392 0.154359 0.01 0.01
0 0.656567 0.168657 0.01 0.01
0 0.655508 0.190899 0.01 0.01
0 0.649153 0.204668 0.01 0.01
0 0.678280 0.204668 0.01 0.01
0 0.692049 0.206787 0.01 0.01
0 0.697874 0.187722 0.01 0.01
0 0.685694 0.178719 0.01 0.01
0 0.670865 0.173953 0.01 0.01
0 0.672984 0.157006 0.01 0.01
0 0.688871 0.136353 0.01 0.01
0 0.700522 0.146944 0.01 0.01
0 0.708465 0.129998 0.01 0.01
0 0.711113 0.200961 0.01 0.01
0 0.725412 0.204668 0.01 0.01
0 0.738651 0.162302 0.01 0.01
0 0.753479 0.187192 0.01 0.01
0 0.761593 0.146944 0.01 0.01
0 0.773243 0.162302 0.01 0.01
0 0.783305 0.156477 0.01 0.01
0 0.773773 0.181367 0.01 0.01
0 0.799193 0.170775 0.01 0.01
0 0.792838 0.194077 0.01 0.01
0 0.793897 0.148533 0.01 0.01
0 0.805547 0.135823 0.01 0.01
0 0.845795 0.133705 0.01 0.01
0 0.837322 0.150652 0.01 0.01
0 0.826731 0.158066 0.01 0.01
0 0.824612 0.188781 0.01 0.01
0 0.844207 0.168128 0.01 0.01
0 0.851621 0.156477 0.01 0.01
0 0.867508 0.167068 0.01 0.01
0 0.882866 0.139530 0.01 0.01
0 0.892928 0.145356 0.01 0.01
0 0.874392 0.184015 0.01 0.01
0 0.857976 0.185604 0.01 0.01
0 0.836792 0.203609 0.01 0.01
0 0.896635 0.205198 0.01 0.01
0 0.909345 0.171305 0.01 0.01
0 0.923114 0.166539 0.01 0.01
0 0.942178 0.173953 0.01 0.01
0 0.946944 0.158066 0.01 0.01
0 0.960713 0.154359 0.01 0.01
0 0.967598 0.178719 0.01 0.01
0 0.964950 0.197784 0.01 0.01
0 0.942178 0.191429 0.01 0.01
0 0.932116 0.211023 0.01 0.01
0 1.110584 0.208375 0.01 0.01
0 1.101051 0.194606 0.01 0.01
0 1.094167 0.152770 0.01 0.01
0 1.080398 0.226911 0.01 0.01
0 1.058156 0.212082 0.01 0.01
0 1.049153 0.200961 0.01 0.01
0 1.032206 0.190899 0.01 0.01
0 1.036443 0.153299 0.01 0.01
0 1.154539 0.188781 0.01 0.01
0 1.194257 0.212082 0.01 0.01
0 1.188961 0.179778 0.01 0.01
0 1.318178 0.186133 0.01 0.01
0 1.004139 0.199373 0.01 0.01
0 1.011023 0.168657 0.01 0.01
0 1.218088 0.134235 0.01 0.01
0 1.224443 0.133175 0.01 0.01
0 1.236623 0.121525 0.01 0.01
0 1.256747 0.135823 0.01 0.01
0 1.280578 0.111463 0.01 0.01
0 1.290640 0.121525 0.01 0.01
0 1.300702 0.128939 0.01 0.01
0 1.315530 0.132646 0.01 0.01
0 1.337772 0.119406 0.01 0.01
0 1.266279 0.143767 0.01 0.01
0 1.294347 0.145356 0.01 0.01
0 1.285344 0.134235 0.01 0.01
0 1.268927 0.120995 0.01 0.01
