0 0.122300 0.820664 0.01 0.01
0 0.160231 0.733563 0.01 0.01
0 0.095608 0.674560 0.01 0.01
0 0.064702 0.572006 0.01 0.01
0 0.147588 0.574816 0.01 0.01
0 0.163041 0.552338 0.01 0.01
0 0.216425 0.545314 0.01 0.01
0 0.222044 0.567792 0.01 0.01
0 0.272619 0.581840 0.01 0.01
0 0.198162 0.594484 0.01 0.01
0 0.481941 0.806615 0.01 0.01
0 0.431366 0.727944 0.01 0.01
0 0.682834 0.654892 0.01 0.01
0 0.753076 0.767280 0.01 0.01
0 0.753076 0.623985 0.01 0.01
0 1.015782 0.798186 0.01 0.01
0 1.081810 0.698442 0.01 0.01
0 1.126765 0.667536 0.01 0.01
0 1.218080 0.682989 0.01 0.01
0 1.253201 0.594484 0.01 0.01
0 1.337491 0.607127 0.01 0.01
0 1.284107 0.572006 0.01 0.01
0 1.312204 0.538290 0.01 0.01
0 1.296751 0.513003 0.01 0.01
0 1.303775 0.496144 0.01 0.01
0 0.741837 0.545314 0.01 0.01
0 0.906204 0.548124 0.01 0.01
0 0.848605 0.545314 0.01 0.01
0 0.986280 0.542504 0.01 0.01
0 0.986280 0.614151 0.01 0.01
0 0.989090 0.584650 0.01 0.01
0 1.067761 0.605722 0.01 0.01
0 1.071976 0.574816 0.01 0.01
0 1.132384 0.569196 0.01 0.01
0 1.161886 0.574816 0.01 0.01
0 1.105692 0.525646 0.01 0.01
0 1.071976 0.525646 0.01 0.01
0 1.146432 0.517217 0.01 0.01
0 1.173125 0.525646 0.01 0.01
0 1.351540 0.486311 0.01 0.01
0 1.395090 0.493335 0.01 0.01
0 1.375422 0.403425 0.01 0.01
0 1.338896 0.434331 0.01 0.01
0 1.315014 0.394996 0.01 0.01
0 1.282702 0.357065 0.01 0.01
0 1.263035 0.354255 0.01 0.01
0 1.237747 0.347231 0.01 0.01
0 1.175934 0.383757 0.01 0.01
0 1.216675 0.406234 0.01 0.01
0 1.244772 0.399210 0.01 0.01
0 1.212460 0.424497 0.01 0.01
0 0.504418 0.528456 0.01 0.01
0 0.472107 0.548124 0.01 0.01
0 0.463678 0.513003 0.01 0.01
0 0.500204 0.507383 0.01 0.01
0 0.560612 0.493335 0.01 0.01
0 0.566231 0.515812 0.01 0.01
0 0.577470 0.513003 0.01 0.01
0 0.595733 0.486311 0.01 0.01
0 0.611186 0.479286 0.01 0.01
0 0.640688 0.517217 0.01 0.01
0 0.691263 0.507383 0.01 0.01
0 0.649117 0.505978 0.01 0.01
0 0.647712 0.483501 0.01 0.01
0 0.629449 0.469452 0.01 0.01
0 0.602055 0.504222 0.01 0.01
0 0.700394 0.486662 0.01 0.01
0 0.772041 0.481042 0.01 0.01
0 0.851415 0.489471 0.01 0.01
0 0.873190 0.511247 0.01 0.01
0 0.881619 0.481745 0.01 0.01
0 0.895668 0.508437 0.01 0.01
0 0.875297 0.489471 0.01 0.01
0 0.941325 0.501413 0.01 0.01
0 0.973637 0.517568 0.01 0.01
0 0.972232 0.489471 0.01 0.01
0 0.939920 0.454350 0.01 0.01
0 0.958183 0.433980 0.01 0.01
0 0.887941 0.441707 0.01 0.01
0 0.901287 0.441707 0.01 0.01
0 0.868273 0.442409 0.01 0.01
0 0.773446 0.436790 0.01 0.01
0 0.805055 0.441707 0.01 0.01
0 0.831045 0.439599 0.01 0.01
0 0.425747 0.184620 0.01 0.01
0 1.010162 0.491403 0.01 0.01
0 1.017889 0.495969 0.01 0.01
0 1.024562 0.478057 0.01 0.01
0 1.006299 0.474896 0.01 0.01
0 0.918496 0.429239 0.01 0.01
0 0.930086 0.431346 0.01 0.01
0 1.056171 0.447853 0.01 0.01
0 1.046337 0.435561 0.01 0.01
0 1.025967 0.436965 0.01 0.01
0 1.065303 0.434858 0.01 0.01
0 1.102882 0.427131 0.01 0.01
0 1.082161 0.452770 0.01 0.01
0 1.115526 0.443638 0.01 0.01
0 1.110609 0.462604 0.01 0.01
0 1.083917 0.478760 0.01 0.01
0 1.060737 0.467521 0.01 0.01
0 1.074434 0.500183 0.01 0.01
0 1.082863 0.505100 0.01 0.01
0 1.139759 0.483325 0.01 0.01
0 1.133438 0.452067 0.01 0.01
0 1.150296 0.439775 0.01 0.01
0 1.044581 0.400791 0.01 0.01
0 1.015431 0.400791 0.01 0.01
0 0.959588 0.396576 0.01 0.01
0 0.866517 0.406059 0.01 0.01
0 0.853873 0.431346 0.01 0.01
0 0.831396 0.418000 0.01 0.01
0 0.993304 0.413434 0.01 0.01
0 0.948701 0.398332 0.01 0.01
0 0.941676 0.418000 0.01 0.01
0 0.928330 0.416244 0.01 0.01
0 0.920955 0.407112 0.01 0.01
0 0.920604 0.414488 0.01 0.01
0 0.915335 0.413785 0.01 0.01
0 0.915687 0.407464 0.01 0.01
0 0.876351 0.407464 0.01 0.01
0 0.844040 0.408517 0.01 0.01
0 0.854927 0.410625 0.01 0.01
0 0.865815 0.426780 0.01 0.01
0 1.281473 0.407464 0.01 0.01
0 1.290253 0.402547 0.01 0.01
0 1.177866 0.484028 0.01 0.01
0 1.179973 0.444692 0.01 0.01
0 1.165573 0.438721 0.01 0.01
0 1.160657 0.425375 0.01 0.01
0 0.606621 0.406761 0.01 0.01
0 0.616103 0.406761 0.01 0.01
0 0.683185 0.413083 0.01 0.01
0 0.660356 0.410625 0.01 0.01
0 0.647712 0.413785 0.01 0.01
0 0.635420 0.411678 0.01 0.01
0 0.606270 0.429941 0.01 0.01
0 0.611538 0.424322 0.01 0.01
0 0.601704 0.436965 0.01 0.01
0 0.626289 0.433102 0.01 0.01
0 0.610484 0.446799 0.01 0.01
0 0.625235 0.446799 0.01 0.01
0 0.636825 0.445043 0.01 0.01
0 0.655088 0.439775 0.01 0.01
0 0.686697 0.442936 0.01 0.01
0 0.670190 0.439424 0.01 0.01
0 0.705311 0.444341 0.01 0.01
0 0.726735 0.449960 0.01 0.01
0 0.741135 0.435209 0.01 0.01
0 0.751320 0.429941 0.01 0.01
0 0.760451 0.436965 0.01 0.01
0 0.822616 0.405708 0.01 0.01
0 0.818401 0.433804 0.01 0.01
0 0.768178 0.425375 0.01 0.01
0 0.761856 0.414488 0.01 0.01
0 0.480536 0.458214 0.01 0.01
0 0.397650 0.452594 0.01 0.01
0 0.431366 0.445570 0.01 0.01
0 0.449629 0.458214 0.01 0.01
0 0.305633 0.451541 0.01 0.01
0 0.262082 0.459267 0.01 0.01
0 0.236795 0.458565 0.01 0.01
0 0.212210 0.469804 0.01 0.01
0 0.217127 0.443814 0.01 0.01
0 0.204484 0.454350 0.01 0.01
0 0.175684 0.410800 0.01 0.01
0 0.166553 0.438897 0.01 0.01
0 0.089989 0.438897 0.01 0.01
0 0.071024 0.407990 0.01 0.01
0 0.051356 0.419229 0.01 0.01
0 0.045736 0.404478 0.01 0.01
0 0.077345 0.440302 0.01 0.01
0 0.052761 0.451541 0.01 0.01
0 0.040819 0.438897 0.01 0.01
0 0.043629 0.476828 0.01 0.01
0 0.089286 0.474721 0.01 0.01
0 0.092096 0.454350 0.01 0.01
0 0.105442 0.464184 0.01 0.01
0 0.127217 0.469101 0.01 0.01
0 0.262785 0.438897 0.01 0.01
0 0.273321 0.445219 0.01 0.01
0 0.236795 0.410800 0.01 0.01
0 0.267702 0.417824 0.01 0.01
0 0.280345 0.419229 0.01 0.01
0 0.293691 0.419229 0.01 0.01
0 0.300013 0.417824 0.01 0.01
0 0.307740 0.414312 0.01 0.01
0 0.312657 0.414312 0.01 0.01
0 0.314764 0.414312 0.01 0.01
0 0.323193 0.411503 0.01 0.01
0 0.328813 0.412907 0.01 0.01
0 0.342861 0.412205 0.01 0.01
0 0.440498 0.414312 0.01 0.01
0 0.453141 0.415015 0.01 0.01
0 0.463678 0.411503 0.01 0.01
0 0.458058 0.414312 0.01 0.01
0 0.475619 0.411503 0.01 0.01
0 0.491072 0.415717 0.01 0.01
0 0.495989 0.412205 0.01 0.01
0 0.524788 0.411503 0.01 0.01
0 0.535325 0.411503 0.01 0.01
0 0.540944 0.411503 0.01 0.01
0 0.549373 0.412205 0.01 0.01
0 0.561314 0.412907 0.01 0.01
0 0.579577 0.414312 0.01 0.01
0 0.588007 0.409395 0.01 0.01
0 0.591519 0.407288 0.01 0.01
0 0.350588 0.446624 0.01 0.01
0 0.309847 0.433980 0.01 0.01
0 0.369553 0.429766 0.01 0.01
0 0.375875 0.430468 0.01 0.01
0 0.383602 0.427658 0.01 0.01
0 0.401162 0.414312 0.01 0.01
0 0.392031 0.416420 0.01 0.01
0 0.382899 0.410800 0.01 0.01
0 0.402567 0.429766 0.01 0.01
0 0.407484 0.431873 0.01 0.01
0 0.414508 0.429063 0.01 0.01
0 0.421532 0.431170 0.01 0.01
0 0.427152 0.424849 0.01 0.01
0 0.432771 0.424849 0.01 0.01
0 0.441903 0.436087 0.01 0.01
0 0.445415 0.429063 0.01 0.01
0 0.453141 0.433980 0.01 0.01
0 0.465083 0.444516 0.01 0.01
0 0.455249 0.445219 0.01 0.01
0 0.379387 0.441707 0.01 0.01
0 0.517764 0.436790 0.01 0.01
0 0.507930 0.459267 0.01 0.01
0 0.590114 0.451541 0.01 0.01
0 0.554290 0.438897 0.01 0.01
0 0.537432 0.434683 0.01 0.01
0 0.466487 0.429063 0.01 0.01
0 0.489667 0.437492 0.01 0.01
0 0.501609 0.433980 0.01 0.01
0 0.502311 0.427658 0.01 0.01
0 0.509335 0.429063 0.01 0.01
0 0.547968 0.429063 0.01 0.01
0 0.571851 0.431873 0.01 0.01
0 0.581685 0.422741 0.01 0.01
0 0.594328 0.417824 0.01 0.01
0 0.678619 0.426253 0.01 0.01
0 0.690560 0.425551 0.01 0.01
0 0.677214 0.436087 0.01 0.01
0 0.701799 0.422039 0.01 0.01
0 0.734813 0.430468 0.01 0.01
0 0.716550 0.429063 0.01 0.01
0 0.727789 0.406586 0.01 0.01
0 0.703204 0.429766 0.01 0.01
0 0.786792 0.404478 0.01 0.01
0 0.786792 0.430468 0.01 0.01
0 0.797328 0.419229 0.01 0.01
0 0.774149 0.422039 0.01 0.01
0 0.776256 0.407990 0.01 0.01
0 0.780470 0.419932 0.01 0.01
0 0.722520 0.495618 0.01 0.01
0 0.743242 0.485081 0.01 0.01
0 0.802245 0.484379 0.01 0.01
0 0.822616 0.489296 0.01 0.01
0 0.687751 0.563753 0.01 0.01
0 0.678970 0.515637 0.01 0.01
0 0.540593 0.456633 0.01 0.01
0 0.545159 0.501237 0.01 0.01
0 0.569041 0.493510 0.01 0.01
0 0.111413 0.443101 0.01 0.01
0 0.125110 0.442926 0.01 0.01
0 0.100701 0.541528 0.01 0.01
0 0.187801 0.530992 0.01 0.01
0 0.246102 0.529236 0.01 0.01
0 0.293867 0.533802 0.01 0.01
0 0.336012 0.507110 0.01 0.01
0 0.288950 0.462857 0.01 0.01
0 0.023786 0.470057 0.01 0.01
0 0.006225 0.451443 0.01 0.01
0 0.821913 0.567869 0.01 0.01
0 0.864761 0.569274 0.01 0.01
0 0.380792 0.931724 0.01 0.01
0 0.713038 0.560494 0.01 0.01
0 0.978553 0.437394 0.01 0.01
0 1.270410 0.476027 0.01 0.01
0 1.217026 0.444067 0.01 0.01
0 1.174178 0.393844 0.01 0.01
0 0.490370 0.448633 0.01 0.01
0 0.507579 0.444067 0.01 0.01
0 0.416264 0.459872 0.01 0.01
0 0.472107 0.439677 0.01 0.01
0 0.372714 0.454428 0.01 0.01
0 0.340403 0.461803 0.01 0.01
0 0.300716 0.695359 0.01 0.01
0 0.059082 0.643380 0.01 0.01
0 0.569744 0.452496 0.01 0.01
