0 0.251952 1.002196 0.01 0.01
0 0.326099 0.793416 0.01 0.01
0 0.991465 1.047074 0.01 0.01
0 1.126099 1.115367 0.01 0.01
0 1.272440 0.793416 0.01 0.01
0 1.153416 0.613904 0.01 0.01
0 1.510489 0.691952 0.01 0.01
0 1.518294 0.588538 0.01 0.01
0 1.582684 0.533904 0.01 0.01
0 1.360245 0.477318 0.01 0.01
0 1.286099 0.430489 0.01 0.01
0 1.247074 0.395367 0.01 0.01
0 1.055855 0.416830 0.01 0.01
0 1.012928 0.412928 0.01 0.01
0 0.968050 0.354391 0.01 0.01
0 0.876343 0.290001 0.01 0.01
0 0.786587 0.288050 0.01 0.01
0 0.743660 0.305611 0.01 0.01
0 0.798294 0.358294 0.01 0.01
0 0.813904 0.346587 0.01 0.01
0 0.810001 0.407074 0.01 0.01
0 0.825611 0.473416 0.01 0.01
0 0.655855 0.360245 0.01 0.01
0 0.503660 0.371952 0.01 0.01
0 0.484148 0.490977 0.01 0.01
0 0.493904 0.537806 0.01 0.01
0 0.441221 0.420733 0.01 0.01
0 0.421709 0.293904 0.01 0.01
0 0.380733 0.268538 0.01 0.01
0 0.408050 0.235367 0.01 0.01
0 0.452928 0.256830 0.01 0.01
0 0.566099 0.262684 0.01 0.01
0 0.667562 0.241221 0.01 0.01
0 0.638294 0.233416 0.01 0.01
0 0.218782 0.323172 0.01 0.01
0 0.195367 0.340733 0.01 0.01
0 0.173904 0.350489 0.01 0.01
0 0.015855 0.332928 0.01 0.01
0 0.029513 0.403172 0.01 0.01
0 0.004148 0.432440 0.01 0.01
0 0.017806 0.201709 0.01 0.01
0 0.034391 0.205611 0.01 0.01
0 0.050001 0.225123 0.01 0.01
0 0.064635 0.184148 0.01 0.01
0 0.086099 0.186099 0.01 0.01
0 0.102684 0.186099 0.01 0.01
0 0.126099 0.182196 0.01 0.01
0 0.135855 0.177318 0.01 0.01
0 0.150489 0.184148 0.01 0.01
0 0.193416 0.162684 0.01 0.01
0 0.139757 0.223172 0.01 0.01
0 0.120245 0.219269 0.01 0.01
0 0.333904 0.180245 0.01 0.01
0 0.335855 0.142196 0.01 0.01
0 0.331952 0.132440 0.01 0.01
0 0.327074 0.124635 0.01 0.01
0 0.352440 0.128538 0.01 0.01
0 0.356343 0.147074 0.01 0.01
0 0.368050 0.149026 0.01 0.01
0 0.382684 0.133416 0.01 0.01
0 0.407074 0.157806 0.01 0.01
0 0.407074 0.125611 0.01 0.01
0 0.405123 0.110977 0.01 0.01
0 0.417806 0.116830 0.01 0.01
0 0.426587 0.124635 0.01 0.01
0 0.442196 0.140245 0.01 0.01
0 0.451952 0.122684 0.01 0.01
0 0.483172 0.159757 0.01 0.01
0 0.504635 0.150977 0.01 0.01
0 0.468538 0.107318 0.01 0.01
0 0.483660 0.113172 0.01 0.01
0 0.487074 0.124879 0.01 0.01
0 0.495367 0.137074 0.01 0.01
0 0.476343 0.151221 0.01 0.01
0 0.496830 0.113172 0.01 0.01
0 0.509513 0.106343 0.01 0.01
0 0.526099 0.121465 0.01 0.01
0 0.530001 0.131709 0.01 0.01
0 0.530001 0.148294 0.01 0.01
0 0.551952 0.116099 0.01 0.01
0 0.537318 0.100001 0.01 0.01
0 0.551465 0.096587 0.01 0.01
0 0.569026 0.109757 0.01 0.01
0 0.579269 0.109757 0.01 0.01
0 0.586099 0.107318 0.01 0.01
0 0.594879 0.109757 0.01 0.01
0 0.601221 0.103416 0.01 0.01
0 0.607074 0.109757 0.01 0.01
0 0.623172 0.140489 0.01 0.01
0 0.580733 0.178538 0.01 0.01
0 0.627074 0.178538 0.01 0.01
0 0.660733 0.093172 0.01 0.01
0 0.687074 0.099026 0.01 0.01
0 0.694391 0.075611 0.01 0.01
0 0.705123 0.088782 0.01 0.01
0 0.713416 0.080001 0.01 0.01
0 0.727562 0.072196 0.01 0.01
0 0.728050 0.076587 0.01 0.01
0 0.745611 0.073660 0.01 0.01
0 0.749026 0.101952 0.01 0.01
0 0.764148 0.073660 0.01 0.01
0 0.770489 0.052196 0.01 0.01
0 0.778782 0.053660 0.01 0.01
0 0.798782 0.069269 0.01 0.01
0 0.804635 0.061465 0.01 0.01
0 0.795367 0.051221 0.01 0.01
0 0.816830 0.052684 0.01 0.01
0 0.820245 0.066830 0.01 0.01
0 0.781221 0.129269 0.01 0.01
0 0.791952 0.131709 0.01 0.01
0 0.716343 0.180977 0.01 0.01
0 1.273416 0.055367 0.01 0.01
0 1.232440 0.075855 0.01 0.01
0 1.207074 0.049513 0.01 0.01
0 1.290977 0.102196 0.01 0.01
0 1.334879 0.152928 0.01 0.01
0 1.304635 0.192928 0.01 0.01
0 1.284148 0.192928 0.01 0.01
0 1.254879 0.192928 0.01 0.01
0 1.314391 0.247562 0.01 0.01
0 1.335855 0.256343 0.01 0.01
0 1.424635 0.203660 0.01 0.01
0 1.452928 0.150977 0.01 0.01
0 1.525123 0.214391 0.01 0.01
0 1.112440 0.147074 0.01 0.01
0 1.177806 0.164635 0.01 0.01
0 1.184635 0.177318 0.01 0.01
0 1.192928 0.002440 0.01 0.01
0 1.084148 0.007318 0.01 0.01
0 1.074391 0.012684 0.01 0.01
0 1.071465 0.026830 0.01 0.01
0 1.058294 0.014635 0.01 0.01
0 1.060733 0.008294 0.01 0.01
0 1.050001 0.012684 0.01 0.01
0 1.048050 0.030733 0.01 0.01
0 1.037806 0.152196 0.01 0.01
0 0.890001 0.231952 0.01 0.01
0 0.909513 0.190977 0.01 0.01
0 0.879269 0.159757 0.01 0.01
0 1.014879 0.138294 0.01 0.01
0 1.015855 0.182196 0.01 0.01
0 0.994391 0.106099 0.01 0.01
0 0.958294 0.097318 0.01 0.01
0 0.957318 0.117806 0.01 0.01
0 0.904635 0.117806 0.01 0.01
0 0.869513 0.105123 0.01 0.01
0 0.836343 0.046830 0.01 0.01
0 0.838782 0.056099 0.01 0.01
0 0.873416 0.050245 0.01 0.01
0 0.930977 0.046830 0.01 0.01
0 1.029513 0.038050 0.01 0.01
0 1.024635 0.032196 0.01 0.01
0 1.011465 0.040489 0.01 0.01
