0 0.100627 0.370092 0.01 0.01
0 0.022764 0.289940 0.01 0.01
0 0.096047 0.534978 0.01 0.01
0 0.240321 0.713604 0.01 0.01
0 0.258642 0.390703 0.01 0.01
0 0.338795 0.381543 0.01 0.01
0 0.480779 0.521237 0.01 0.01
0 0.416657 0.379253 0.01 0.01
0 0.460169 0.331161 0.01 0.01
0 0.563222 0.397573 0.01 0.01
0 0.565512 0.450245 0.01 0.01
0 0.723528 0.370092 0.01 0.01
0 0.645665 1.027344 0.01 0.01
0 0.874673 0.963222 0.01 0.01
0 0.526581 0.228108 0.01 0.01
0 0.588413 0.225818 0.01 0.01
0 0.627344 0.241848 0.01 0.01
0 0.528871 0.138795 0.01 0.01
0 0.505970 0.111314 0.01 0.01
0 0.409787 0.099863 0.01 0.01
0 0.363986 0.127344 0.01 0.01
0 0.327344 0.111314 0.01 0.01
0 0.270092 0.127344 0.01 0.01
0 0.228871 0.134215 0.01 0.01
0 0.201390 0.127344 0.01 0.01
0 0.153299 0.143375 0.01 0.01
0 0.148718 0.104444 0.01 0.01
0 0.380016 0.086123 0.01 0.01
0 0.329634 0.081543 0.01 0.01
0 0.361695 0.079253 0.01 0.01
0 0.872383 0.081543 0.01 0.01
0 1.286886 0.534978 0.01 0.01
0 1.314367 0.617421 0.01 0.01
0 1.401390 0.791466 0.01 0.01
0 1.580016 0.631161 0.01 0.01
0 1.481543 0.386123 0.01 0.01
0 1.298337 0.381543 0.01 0.01
0 1.339558 0.267039 0.01 0.01
0 1.140321 0.347192 0.01 0.01
0 1.089940 0.374673 0.01 0.01
0 0.945665 0.322001 0.01 0.01
0 0.902153 0.356352 0.01 0.01
0 0.872383 0.225818 0.01 0.01
0 0.902153 0.191466 0.01 0.01
0 0.922764 0.120474 0.01 0.01
0 0.977726 0.113604 0.01 0.01
0 0.993757 0.074673 0.01 0.01
0 1.057879 0.063222 0.01 0.01
0 1.030398 0.033451 0.01 0.01
0 0.959405 0.047192 0.01 0.01
0 1.108260 0.086123 0.01 0.01
0 1.186123 0.136505 0.01 0.01
0 1.167802 0.180016 0.01 0.01
0 1.252535 0.097573 0.01 0.01
0 1.351008 0.040321 0.01 0.01
0 1.424291 0.122764 0.01 0.01
0 1.351008 0.143375 0.01 0.01
0 1.460932 0.086123 0.01 0.01
0 1.554825 0.022001 0.01 0.01
0 1.488413 0.010550 0.01 0.01
0 1.451772 0.022001 0.01 0.01
