0 1.495700 0.304872 0.01 0.01
0 1.487907 0.315099 0.01 0.01
0 1.480115 0.314612 0.01 0.01
0 1.472810 0.308768 0.01 0.01
0 1.449433 0.303898 0.01 0.01
0 1.440667 0.304872 0.01 0.01
0 1.432388 0.311690 0.01 0.01
0 1.417778 0.303411 0.01 0.01
0 1.406089 0.305359 0.01 0.01
0 1.401706 0.300002 0.01 0.01
0 1.384661 0.308768 0.01 0.01
0 1.379304 0.310229 0.01 0.01
0 1.374433 0.314612 0.01 0.01
0 1.382713 0.325326 0.01 0.01
0 1.399271 0.321917 0.01 0.01
0 1.421674 0.320456 0.01 0.01
0 1.441154 0.322404 0.01 0.01
0 1.448946 0.327274 0.01 0.01
0 1.455278 0.320456 0.01 0.01
0 1.469401 0.323865 0.01 0.01
0 1.498135 0.318508 0.01 0.01
0 1.516641 0.324839 0.01 0.01
0 1.504466 0.323865 0.01 0.01
0 1.533200 0.318995 0.01 0.01
0 1.512258 0.310716 0.01 0.01
0 1.518102 0.354547 0.01 0.01
0 1.354953 0.324839 0.01 0.01
0 1.347161 0.318021 0.01 0.01
0 1.319401 0.335067 0.01 0.01
0 1.322323 0.348703 0.01 0.01
0 1.368589 0.364774 0.01 0.01
0 1.382226 0.371593 0.01 0.01
0 1.571187 0.436365 0.01 0.01
0 1.544888 0.461690 0.01 0.01
0 1.423135 0.423703 0.01 0.01
0 1.407550 0.436365 0.01 0.01
0 1.560959 0.463638 0.01 0.01
0 1.339855 0.426138 0.01 0.01
0 1.310148 0.423703 0.01 0.01
0 1.297972 0.406657 0.01 0.01
0 1.285797 0.330683 0.01 0.01
0 1.268752 0.318508 0.01 0.01
0 1.244401 0.311690 0.01 0.01
0 1.243427 0.322891 0.01 0.01
0 1.224920 0.327274 0.01 0.01
0 1.273622 0.381333 0.01 0.01
0 1.237583 0.434417 0.01 0.01
0 1.204953 0.380359 0.01 0.01
0 1.567453 0.497972 0.01 0.01
0 1.521674 0.547648 0.01 0.01
0 1.438881 0.564206 0.01 0.01
0 1.189855 0.337745 0.01 0.01
0 1.163557 0.342615 0.01 0.01
0 1.158687 0.334823 0.01 0.01
0 1.145050 0.353330 0.01 0.01
0 1.128492 0.341641 0.01 0.01
0 1.072972 0.349433 0.01 0.01
0 1.049596 0.356252 0.01 0.01
0 1.042778 0.334823 0.01 0.01
0 1.034985 0.376706 0.01 0.01
0 1.016479 0.366966 0.01 0.01
0 1.022323 0.362096 0.01 0.01
0 0.975570 0.374758 0.01 0.01
0 1.009174 0.396917 0.01 0.01
0 0.942940 0.378898 0.01 0.01
0 0.927843 0.385716 0.01 0.01
0 0.949271 0.401300 0.01 0.01
0 0.994076 0.426625 0.01 0.01
0 0.990180 0.417859 0.01 0.01
0 1.072972 0.363800 0.01 0.01
0 1.093914 0.373541 0.01 0.01
0 1.122648 0.363800 0.01 0.01
0 1.183037 0.377437 0.01 0.01
0 1.165505 0.397891 0.01 0.01
0 1.153817 0.421268 0.01 0.01
0 1.168914 0.425651 0.01 0.01
0 1.155278 0.437826 0.01 0.01
0 1.077355 0.467047 0.01 0.01
0 1.058849 0.482144 0.01 0.01
0 0.908849 0.464612 0.01 0.01
0 0.917128 0.502599 0.01 0.01
0 1.152355 0.344807 0.01 0.01
0 1.363232 0.647972 0.01 0.01
0 1.314531 0.661609 0.01 0.01
0 1.320375 0.597323 0.01 0.01
0 1.256089 0.579791 0.01 0.01
0 1.069076 0.552518 0.01 0.01
0 1.041804 0.542778 0.01 0.01
0 0.870375 0.505765 0.01 0.01
0 0.802193 0.464855 0.01 0.01
0 0.792453 0.445375 0.01 0.01
0 0.786609 0.400570 0.01 0.01
0 0.749596 0.402518 0.01 0.01
0 0.928330 0.193346 0.01 0.01
0 0.980927 0.188963 0.01 0.01
0 0.996511 0.193833 0.01 0.01
0 0.934661 0.263476 0.01 0.01
0 0.902518 0.257144 0.01 0.01
0 0.894239 0.268346 0.01 0.01
0 0.873297 0.284417 0.01 0.01
0 0.784661 0.294157 0.01 0.01
0 0.734011 0.324109 0.01 0.01
0 0.681414 0.348459 0.01 0.01
0 0.660959 0.346511 0.01 0.01
0 0.691154 0.473135 0.01 0.01
0 0.696024 0.450732 0.01 0.01
0 0.679466 0.394239 0.01 0.01
0 0.640505 0.377680 0.01 0.01
0 0.653167 0.405927 0.01 0.01
0 0.639531 0.441966 0.01 0.01
0 0.636609 0.457550 0.01 0.01
0 0.622972 0.433200 0.01 0.01
0 0.580115 0.453654 0.01 0.01
0 0.568427 0.443914 0.01 0.01
0 0.552843 0.423459 0.01 0.01
0 0.485635 0.431252 0.01 0.01
0 0.455440 0.397161 0.01 0.01
0 0.345375 0.414693 0.01 0.01
0 0.494401 0.498459 0.01 0.01
0 0.506089 0.518914 0.01 0.01
0 0.641479 0.473135 0.01 0.01
0 0.774920 0.760959 0.01 0.01
0 0.819726 0.792128 0.01 0.01
0 0.642453 0.833037 0.01 0.01
0 0.597648 0.762907 0.01 0.01
0 0.541154 0.788232 0.01 0.01
0 0.574271 0.877843 0.01 0.01
0 0.467128 0.836933 0.01 0.01
0 0.326868 0.749271 0.01 0.01
0 0.245050 0.688881 0.01 0.01
0 0.126219 0.721998 0.01 0.01
0 0.285959 0.975245 0.01 0.01
0 0.198297 0.928492 0.01 0.01
0 0.120375 0.969401 0.01 0.01
0 0.081414 0.959661 0.01 0.01
0 0.007388 0.899271 0.01 0.01
0 0.052193 0.647972 0.01 0.01
0 0.017128 0.624596 0.01 0.01
0 0.256739 0.607063 0.01 0.01
0 0.223622 0.593427 0.01 0.01
0 0.174920 0.509661 0.01 0.01
0 0.145700 0.513557 0.01 0.01
0 0.116479 0.462907 0.01 0.01
0 0.108687 0.443427 0.01 0.01
0 0.139855 0.435635 0.01 0.01
0 0.192453 0.416154 0.01 0.01
0 0.245050 0.414206 0.01 0.01
0 0.237258 0.400570 0.01 0.01
0 0.155440 0.439774 0.01 0.01
0 0.111609 0.433930 0.01 0.01
0 0.012745 0.503086 0.01 0.01
