0 0.249134 0.298764 0.01 0.01
0 0.309875 0.298764 0.01 0.01
0 0.220986 0.233578 0.01 0.01
0 0.404690 0.374319 0.01 0.01
0 0.554319 0.358023 0.01 0.01
0 0.486171 0.226171 0.01 0.01
0 0.458023 0.230615 0.01 0.01
0 0.564690 0.217282 0.01 0.01
0 0.622467 0.249875 0.01 0.01
0 0.693578 0.275060 0.01 0.01
0 0.703949 0.238023 0.01 0.01
0 0.923208 0.360986 0.01 0.01
0 0.843208 0.206912 0.01 0.01
0 1.006171 0.403949 0.01 0.01
0 0.966171 0.214319 0.01 0.01
0 1.028393 0.214319 0.01 0.01
0 1.086171 0.214319 0.01 0.01
0 1.182467 0.377282 0.01 0.01
0 1.163208 0.467653 0.01 0.01
0 1.266912 0.427653 0.01 0.01
0 1.420986 0.399504 0.01 0.01
0 1.358764 1.086912 0.01 0.01
0 1.451356 0.056727 0.01 0.01
0 1.507653 0.071541 0.01 0.01
0 1.525430 0.123764 0.01 0.01
0 1.332745 0.014736 0.01 0.01
0 1.406078 0.024921 0.01 0.01
0 1.454782 0.016773 0.01 0.01
0 1.561078 0.042328 0.01 0.01
0 1.594412 0.057514 0.01 0.01
0 1.290986 0.152282 0.01 0.01
0 1.359504 0.149319 0.01 0.01
0 1.234319 0.162653 0.01 0.01
0 1.212467 0.188578 0.01 0.01
0 0.900986 0.142838 0.01 0.01
0 0.911356 0.108764 0.01 0.01
0 1.072838 0.130245 0.01 0.01
0 1.119504 0.109504 0.01 0.01
0 0.186171 0.188023 0.01 0.01
0 0.198023 0.180615 0.01 0.01
0 0.225430 0.164319 0.01 0.01
0 0.543208 0.187282 0.01 0.01
0 0.563208 0.185060 0.01 0.01
0 0.578764 0.159134 0.01 0.01
0 0.554319 0.153949 0.01 0.01
0 0.565430 0.108023 0.01 0.01
0 0.707653 0.127282 0.01 0.01
0 0.029319 0.043115 0.01 0.01
0 0.066727 0.051634 0.01 0.01
0 0.091541 0.065708 0.01 0.01
0 0.015940 0.015963 0.01 0.01
0 0.155615 0.013740 0.01 0.01
0 0.179504 0.011842 0.01 0.01
0 0.214956 0.002080 0.01 0.01
0 0.247004 0.015106 0.01 0.01
0 0.282190 0.038717 0.01 0.01
0 0.329041 0.027143 0.01 0.01
0 0.779875 0.191171 0.01 0.01
0 0.784690 0.110060 0.01 0.01
0 0.838393 0.089690 0.01 0.01
0 0.717653 0.074134 0.01 0.01
0 0.885801 0.088949 0.01 0.01
0 0.914690 0.065245 0.01 0.01
0 0.881912 0.026819 0.01 0.01
0 0.955986 0.044967 0.01 0.01
0 0.968764 0.043301 0.01 0.01
0 0.901912 0.030106 0.01 0.01
0 0.621356 0.065986 0.01 0.01
0 0.697791 0.026796 0.01 0.01
0 0.706680 0.019111 0.01 0.01
0 1.010245 0.013648 0.01 0.01
0 1.049319 0.008740 0.01 0.01
0 1.026217 0.031703 0.01 0.01
0 1.060615 0.061217 0.01 0.01
0 1.085708 0.083486 0.01 0.01
0 1.157560 0.076727 0.01 0.01
0 1.118671 0.213023 0.01 0.01
0 1.097745 0.019180 0.01 0.01
0 1.134875 0.036125 0.01 0.01
0 1.147838 0.006484 0.01 0.01
0 1.254597 0.019828 0.01 0.01
0 1.301819 0.023254 0.01 0.01
0 1.238856 0.033532 0.01 0.01
0 1.386958 0.005658 0.01 0.01
0 1.564281 1.074970 0.01 0.01
0 0.188874 0.262118 0.01 0.01
0 0.166800 0.247402 0.01 0.01
0 0.069643 0.003506 0.01 0.01
0 0.317971 0.007101 0.01 0.01
