0 0.083616 0.992395 0.01 0.01
0 0.242777 1.006135 0.01 0.01
0 0.433998 0.995830 0.01 0.01
0 0.579418 0.952319 0.01 0.01
0 0.679036 0.979799 0.01 0.01
0 0.758044 0.975219 0.01 0.01
0 0.513006 0.963769 0.01 0.01
0 0.369876 0.968349 0.01 0.01
0 0.193540 0.923693 0.01 0.01
0 0.232471 0.899647 0.01 0.01
0 0.364151 0.935143 0.01 0.01
0 0.390486 0.937433 0.01 0.01
0 0.032090 0.942013 0.01 0.01
0 0.008044 0.947738 0.01 0.01
0 0.052700 0.936288 0.01 0.01
0 0.549647 0.943158 0.01 0.01
0 0.638960 0.963769 0.01 0.01
0 0.026460 0.917109 0.01 0.01
0 0.054513 0.905086 0.01 0.01
0 0.081994 0.903941 0.01 0.01
0 0.040200 0.925124 0.01 0.01
0 0.013864 0.923979 0.01 0.01
0 0.008712 0.931994 0.01 0.01
0 0.161002 0.885048 0.01 0.01
0 0.132376 0.895925 0.01 0.01
0 0.128941 0.903941 0.01 0.01
0 0.111193 0.918254 0.01 0.01
0 0.126651 0.926841 0.01 0.01
0 0.159284 0.936002 0.01 0.01
0 0.155277 0.951460 0.01 0.01
0 0.021307 0.930277 0.01 0.01
0 0.215964 0.873025 0.01 0.01
0 0.231994 0.875887 0.01 0.01
0 0.279370 0.869733 0.01 0.01
0 0.288244 0.868874 0.01 0.01
0 0.297977 0.882328 0.01 0.01
0 0.292538 0.874885 0.01 0.01
0 0.316011 0.864866 0.01 0.01
0 0.312290 0.855420 0.01 0.01
0 0.308282 0.903511 0.01 0.01
0 0.332042 0.903511 0.01 0.01
0 0.338912 0.913530 0.01 0.01
0 0.328320 0.871164 0.01 0.01
0 0.346355 0.854847 0.01 0.01
0 0.348645 0.865439 0.01 0.01
0 0.353225 0.876317 0.01 0.01
0 0.343492 0.887767 0.01 0.01
0 0.330324 0.882901 0.01 0.01
0 0.373549 0.908091 0.01 0.01
0 0.380992 0.901221 0.01 0.01
0 0.378988 0.884332 0.01 0.01
0 0.393301 0.887767 0.01 0.01
0 0.395591 0.911527 0.01 0.01
0 0.385000 0.914962 0.01 0.01
0 0.407042 0.902939 0.01 0.01
0 0.419637 0.905801 0.01 0.01
0 0.416775 0.882901 0.01 0.01
0 0.409332 0.862290 0.01 0.01
0 0.419351 0.835954 0.01 0.01
0 0.422786 0.849122 0.01 0.01
0 0.427080 0.821927 0.01 0.01
0 0.298168 0.801030 0.01 0.01
0 0.327080 0.819065 0.01 0.01
0 0.345401 0.797023 0.01 0.01
0 0.366584 0.815630 0.01 0.01
0 0.407519 0.806183 0.01 0.01
0 0.439294 0.827653 0.01 0.01
0 0.449027 0.830229 0.01 0.01
0 0.456469 0.825935 0.01 0.01
0 0.465343 0.824217 0.01 0.01
0 0.474217 0.827080 0.01 0.01
0 0.479943 0.829943 0.01 0.01
0 0.453607 0.844256 0.01 0.01
0 0.441584 0.866870 0.01 0.01
0 0.467347 0.851985 0.01 0.01
0 0.468492 0.843111 0.01 0.01
0 0.449885 0.896069 0.01 0.01
0 0.424408 0.873740 0.01 0.01
0 0.393206 0.875458 0.01 0.01
0 0.479370 0.897214 0.01 0.01
0 0.476507 0.886049 0.01 0.01
0 0.468206 0.877748 0.01 0.01
0 0.481374 0.869160 0.01 0.01
0 0.472214 0.838530 0.01 0.01
0 0.455324 0.914675 0.01 0.01
0 0.463340 0.919542 0.01 0.01
0 0.420401 0.931565 0.01 0.01
0 0.467920 0.930706 0.01 0.01
0 0.493683 0.937290 0.01 0.01
0 0.509714 0.918969 0.01 0.01
0 0.493683 0.824217 0.01 0.01
0 0.507996 0.823359 0.01 0.01
0 0.502271 0.837099 0.01 0.01
0 0.492824 0.834523 0.01 0.01
0 0.494828 0.840248 0.01 0.01
0 0.496832 0.846259 0.01 0.01
0 0.502271 0.850840 0.01 0.01
0 0.505420 0.875458 0.01 0.01
0 0.507423 0.868015 0.01 0.01
0 0.514294 0.877462 0.01 0.01
0 0.527462 0.872595 0.01 0.01
0 0.530611 0.855992 0.01 0.01
0 0.524885 0.843397 0.01 0.01
0 0.517156 0.828225 0.01 0.01
0 0.524313 0.833091 0.01 0.01
0 0.529179 0.825362 0.01 0.01
0 0.536908 0.831088 0.01 0.01
0 0.542920 0.823645 0.01 0.01
0 0.552366 0.820210 0.01 0.01
0 0.552939 0.826507 0.01 0.01
0 0.543206 0.839389 0.01 0.01
0 0.547500 0.846259 0.01 0.01
0 0.555229 0.888912 0.01 0.01
0 0.554370 0.876030 0.01 0.01
0 0.533187 0.901507 0.01 0.01
0 0.528034 0.917538 0.01 0.01
0 0.532901 0.930133 0.01 0.01
0 0.533187 0.941298 0.01 0.01
0 0.560382 0.896069 0.01 0.01
0 0.569828 0.916393 0.01 0.01
0 0.573263 0.939294 0.01 0.01
0 0.593015 0.896641 0.01 0.01
0 0.607614 0.909809 0.01 0.01
0 0.622500 0.890057 0.01 0.01
0 0.611049 0.887481 0.01 0.01
0 0.592156 0.869446 0.01 0.01
0 0.617061 0.866298 0.01 0.01
0 0.586145 0.846546 0.01 0.01
0 0.567252 0.838530 0.01 0.01
0 0.558378 0.832519 0.01 0.01
0 0.564389 0.822214 0.01 0.01
0 0.569542 0.823072 0.01 0.01
0 0.577843 0.821069 0.01 0.01
0 0.588721 0.827653 0.01 0.01
0 0.587004 0.820210 0.01 0.01
0 0.599313 0.838244 0.01 0.01
0 0.605324 0.839389 0.01 0.01
0 0.604752 0.825649 0.01 0.01
0 0.609618 0.825649 0.01 0.01
0 0.617633 0.819351 0.01 0.01
0 0.621355 0.839389 0.01 0.01
0 0.622214 0.856278 0.01 0.01
0 0.633473 0.815630 0.01 0.01
0 0.647214 0.814485 0.01 0.01
0 0.658664 0.808473 0.01 0.01
0 0.657233 0.818492 0.01 0.01
0 0.652080 0.838530 0.01 0.01
0 0.636622 0.837672 0.01 0.01
0 0.635191 0.866298 0.01 0.01
0 0.647214 0.848836 0.01 0.01
0 0.661240 0.869733 0.01 0.01
0 0.651794 0.892633 0.01 0.01
0 0.641775 0.901507 0.01 0.01
0 0.663244 0.924122 0.01 0.01
0 0.674981 0.821069 0.01 0.01
0 0.668683 0.829943 0.01 0.01
0 0.665534 0.840248 0.01 0.01
0 0.677843 0.852843 0.01 0.01
0 0.674981 0.867443 0.01 0.01
0 0.682996 0.866870 0.01 0.01
0 0.681278 0.878607 0.01 0.01
0 0.678416 0.896069 0.01 0.01
0 0.695878 0.909809 0.01 0.01
0 0.682996 0.819065 0.01 0.01
0 0.692729 0.821641 0.01 0.01
0 0.695019 0.837958 0.01 0.01
0 0.705038 0.841679 0.01 0.01
0 0.701889 0.857996 0.01 0.01
0 0.714771 0.860859 0.01 0.01
0 0.713340 0.876030 0.01 0.01
0 0.705038 0.884618 0.01 0.01
0 0.713340 0.909236 0.01 0.01
0 0.717347 0.815057 0.01 0.01
0 0.719065 0.826794 0.01 0.01
0 0.723359 0.842252 0.01 0.01
0 0.726507 0.855706 0.01 0.01
0 0.741107 0.870878 0.01 0.01
0 0.737099 0.827080 0.01 0.01
0 0.744542 0.813340 0.01 0.01
0 0.751985 0.817347 0.01 0.01
0 0.750840 0.828798 0.01 0.01
0 0.737099 0.819065 0.01 0.01
0 0.761717 0.836813 0.01 0.01
0 0.743111 0.851412 0.01 0.01
0 0.764294 0.860286 0.01 0.01
0 0.752271 0.881469 0.01 0.01
0 0.777462 0.922118 0.01 0.01
0 0.778034 0.874313 0.01 0.01
0 0.796069 0.836813 0.01 0.01
0 0.787194 0.810763 0.01 0.01
0 0.779752 0.820782 0.01 0.01
0 0.778034 0.811622 0.01 0.01
0 0.774313 0.816488 0.01 0.01
0 0.606135 0.956326 0.01 0.01
0 0.692013 0.947738 0.01 0.01
0 0.726937 0.939723 0.01 0.01
0 0.689151 0.935715 0.01 0.01
0 0.795067 0.956326 0.01 0.01
0 0.535715 0.955754 0.01 0.01
0 0.802796 0.815773 0.01 0.01
0 0.809666 0.818063 0.01 0.01
0 0.817109 0.819208 0.01 0.01
0 0.831422 0.818063 0.01 0.01
0 0.838292 0.818063 0.01 0.01
0 0.810811 0.839819 0.01 0.01
0 0.833712 0.840964 0.01 0.01
0 0.813101 0.873025 0.01 0.01
0 0.840582 0.888483 0.01 0.01
0 0.846880 0.901651 0.01 0.01
0 0.850887 0.839819 0.01 0.01
0 0.850315 0.826078 0.01 0.01
0 0.846307 0.822070 0.01 0.01
0 0.868635 0.815773 0.01 0.01
0 0.863483 0.815200 0.01 0.01
0 0.860620 0.816918 0.01 0.01
0 0.902414 0.808903 0.01 0.01
0 0.899551 0.818635 0.01 0.01
0 0.901269 0.858712 0.01 0.01
0 0.880658 0.884475 0.01 0.01
0 0.909857 0.886193 0.01 0.01
0 0.861193 0.934284 0.01 0.01
0 0.882948 0.929132 0.01 0.01
0 0.921307 0.819780 0.01 0.01
0 0.926460 0.819780 0.01 0.01
0 0.940200 0.807757 0.01 0.01
0 0.959666 0.810048 0.01 0.01
0 0.928750 0.859284 0.01 0.01
0 0.937338 0.866727 0.01 0.01
0 0.929895 0.881040 0.01 0.01
0 0.945353 0.891345 0.01 0.01
0 0.923597 0.918254 0.01 0.01
0 0.915582 0.933139 0.01 0.01
0 0.823979 0.949170 0.01 0.01
0 0.811956 0.945162 0.01 0.01
0 0.850887 0.961193 0.01 0.01
0 0.878368 0.963483 0.01 0.01
0 0.866918 0.949742 0.01 0.01
0 0.891536 0.950887 0.01 0.01
0 0.921880 0.951460 0.01 0.01
0 0.929895 0.957185 0.01 0.01
0 0.945925 0.966918 0.01 0.01
0 0.963673 0.949170 0.01 0.01
0 0.955086 0.929132 0.01 0.01
0 0.961956 0.914246 0.01 0.01
0 0.976841 0.888483 0.01 0.01
0 0.974551 0.878177 0.01 0.01
0 0.960238 0.874170 0.01 0.01
0 0.971546 0.812481 0.01 0.01
0 0.993015 0.805324 0.01 0.01
0 1.012194 0.809904 0.01 0.01
0 1.025649 0.807614 0.01 0.01
0 1.035668 0.807328 0.01 0.01
0 1.048836 0.817061 0.01 0.01
0 1.022214 0.855992 0.01 0.01
0 0.974694 0.857996 0.01 0.01
0 1.003320 0.880038 0.01 0.01
0 1.011336 0.888912 0.01 0.01
0 1.019065 0.907233 0.01 0.01
0 1.010477 0.909236 0.01 0.01
0 1.018492 0.936717 0.01 0.01
0 1.029656 0.929561 0.01 0.01
0 1.038530 0.919256 0.01 0.01
0 1.038817 0.884618 0.01 0.01
0 1.030515 0.878893 0.01 0.01
0 1.054275 0.865439 0.01 0.01
0 1.059427 0.851985 0.01 0.01
0 1.065725 0.800172 0.01 0.01
0 1.079179 0.811908 0.01 0.01
0 1.094065 0.805038 0.01 0.01
0 1.097214 0.797023 0.01 0.01
0 1.081469 0.854847 0.01 0.01
0 1.078607 0.870019 0.01 0.01
0 1.071736 0.895210 0.01 0.01
0 1.074313 0.907519 0.01 0.01
0 1.067443 0.916107 0.01 0.01
0 1.078034 0.927557 0.01 0.01
0 1.058855 0.809904 0.01 0.01
0 1.023215 0.977796 0.01 0.01
0 0.996880 0.947452 0.01 0.01
0 1.061574 0.952605 0.01 0.01
0 1.083330 0.959475 0.01 0.01
0 0.970830 1.066250 0.01 0.01
0 1.106660 0.906088 0.01 0.01
0 1.110382 0.928702 0.01 0.01
0 1.123836 0.910668 0.01 0.01
0 1.120973 0.882901 0.01 0.01
0 1.120687 0.871450 0.01 0.01
0 1.109236 0.854561 0.01 0.01
0 1.132996 0.858569 0.01 0.01
0 1.145305 0.876889 0.01 0.01
0 1.155324 0.888626 0.01 0.01
0 1.157042 0.912099 0.01 0.01
0 1.145305 0.926698 0.01 0.01
0 1.182519 0.928130 0.01 0.01
0 1.184523 0.902653 0.01 0.01
0 1.183378 0.887481 0.01 0.01
0 1.181660 0.869446 0.01 0.01
0 1.165630 0.851698 0.01 0.01
0 1.147023 0.839675 0.01 0.01
0 1.214007 0.866011 0.01 0.01
0 1.224027 0.878607 0.01 0.01
0 1.214007 0.893778 0.01 0.01
0 1.214580 0.910668 0.01 0.01
0 1.195114 0.922977 0.01 0.01
0 1.220019 0.924122 0.01 0.01
0 1.238340 0.900935 0.01 0.01
0 1.232901 0.889485 0.01 0.01
0 1.224885 0.950744 0.01 0.01
0 1.239485 0.948740 0.01 0.01
0 1.241202 0.847691 0.01 0.01
0 1.253798 0.844256 0.01 0.01
0 1.265248 0.868588 0.01 0.01
0 1.262385 0.882614 0.01 0.01
0 1.262958 0.902939 0.01 0.01
0 1.259809 0.928130 0.01 0.01
0 1.271259 0.926126 0.01 0.01
0 1.126555 0.801173 0.01 0.01
0 1.112815 0.813196 0.01 0.01
0 1.143158 0.799456 0.01 0.01
0 1.179227 0.794876 0.01 0.01
0 1.194685 0.797738 0.01 0.01
0 1.202700 0.808616 0.01 0.01
0 1.208998 0.797738 0.01 0.01
0 1.220448 0.801173 0.01 0.01
0 1.239914 0.805754 0.01 0.01
0 1.255944 0.801173 0.01 0.01
0 1.275410 0.798883 0.01 0.01
0 1.265677 0.805754 0.01 0.01
0 1.291441 0.794876 0.01 0.01
0 1.298883 0.801746 0.01 0.01
0 1.332662 0.798883 0.01 0.01
0 1.328082 0.845257 0.01 0.01
0 1.306326 0.850410 0.01 0.01
0 1.333807 0.865296 0.01 0.01
0 1.323502 0.870448 0.01 0.01
0 1.291441 0.878464 0.01 0.01
0 1.308044 0.877319 0.01 0.01
0 1.317204 0.882471 0.01 0.01
0 1.302319 0.897357 0.01 0.01
0 1.353845 0.887051 0.01 0.01
0 1.362433 0.903654 0.01 0.01
0 1.360143 0.926555 0.01 0.01
0 1.315486 0.943731 0.01 0.01
0 1.274838 0.968922 0.01 0.01
0 1.160906 0.990677 0.01 0.01
0 1.184380 0.942586 0.01 0.01
0 1.217013 0.962051 0.01 0.01
0 1.207280 0.987815 0.01 0.01
0 1.370735 0.977796 0.01 0.01
0 1.358712 0.979513 0.01 0.01
0 1.392490 0.796880 0.01 0.01
0 1.410238 0.793444 0.01 0.01
0 1.421116 0.788864 0.01 0.01
0 1.389055 0.847834 0.01 0.01
0 1.381612 0.860429 0.01 0.01
0 1.380467 0.889628 0.01 0.01
0 1.391345 0.894780 0.01 0.01
0 1.405658 0.883330 0.01 0.01
0 1.412528 0.868444 0.01 0.01
0 1.418826 0.845544 0.01 0.01
0 1.433139 0.852414 0.01 0.01
0 1.426841 0.878750 0.01 0.01
0 1.456040 0.871880 0.01 0.01
0 1.438864 0.876460 0.01 0.01
0 1.414819 0.974933 0.01 0.01
0 1.461193 0.839819 0.01 0.01
0 1.470925 0.853559 0.01 0.01
0 1.484666 0.870735 0.01 0.01
0 1.438292 0.798597 0.01 0.01
0 1.450315 0.796880 0.01 0.01
0 1.462910 0.794017 0.01 0.01
0 1.470925 0.785429 0.01 0.01
0 1.510429 0.782567 0.01 0.01
0 1.512719 0.797452 0.01 0.01
0 1.545353 0.792872 0.01 0.01
0 1.559093 0.805467 0.01 0.01
0 1.578559 0.788864 0.01 0.01
0 1.583712 0.781422 0.01 0.01
0 1.579704 0.837528 0.01 0.01
0 1.568826 0.837528 0.01 0.01
0 1.545353 0.841536 0.01 0.01
0 1.535620 0.846689 0.01 0.01
0 1.505277 0.837528 0.01 0.01
0 1.508139 0.859284 0.01 0.01
0 1.502414 0.876460 0.01 0.01
0 1.490391 0.877605 0.01 0.01
0 1.527605 0.873597 0.01 0.01
0 1.535048 0.861574 0.01 0.01
0 1.559093 0.878750 0.01 0.01
0 1.520162 0.895353 0.01 0.01
0 1.511002 0.921116 0.01 0.01
0 1.523597 0.909666 0.01 0.01
0 1.541345 0.907376 0.01 0.01
0 1.524742 0.961193 0.01 0.01
0 1.504704 0.953177 0.01 0.01
0 1.559666 0.940582 0.01 0.01
0 1.598025 0.909666 0.01 0.01
0 1.597452 0.937147 0.01 0.01
