0 0.292928 0.748538 0.01 0.01
0 0.216830 0.697806 0.01 0.01
0 0.439269 0.627562 0.01 0.01
0 0.417806 0.578782 0.01 0.01
0 0.593416 0.543660 0.01 0.01
0 0.653904 0.582684 0.01 0.01
0 1.040245 0.910489 0.01 0.01
0 1.085123 0.990489 0.01 0.01
0 0.888050 0.590489 0.01 0.01
0 0.952440 0.537806 0.01 0.01
0 1.317318 0.547562 0.01 0.01
0 1.307562 0.455855 0.01 0.01
0 1.364148 0.403172 0.01 0.01
0 1.286099 0.371952 0.01 0.01
0 1.225611 0.438294 0.01 0.01
0 1.182684 0.340733 0.01 0.01
0 1.151465 0.438294 0.01 0.01
0 1.059757 0.442196 0.01 0.01
0 1.024635 0.420733 0.01 0.01
0 0.950489 0.385611 0.01 0.01
0 0.934879 0.442196 0.01 0.01
0 0.810001 0.403172 0.01 0.01
0 0.402196 0.500733 0.01 0.01
0 0.365123 0.428538 0.01 0.01
0 0.437318 0.424635 0.01 0.01
0 0.343660 0.414879 0.01 0.01
0 0.335855 0.381709 0.01 0.01
0 0.341709 0.358294 0.01 0.01
0 0.261709 0.399269 0.01 0.01
0 0.277318 0.393416 0.01 0.01
0 0.259757 0.450001 0.01 0.01
0 0.292928 0.385611 0.01 0.01
0 0.218782 0.381709 0.01 0.01
0 0.237318 0.371952 0.01 0.01
0 0.168050 0.377806 0.01 0.01
0 0.102684 0.367074 0.01 0.01
0 0.072440 0.384635 0.01 0.01
0 0.397318 0.305611 0.01 0.01
0 0.450001 0.303660 0.01 0.01
0 0.506587 0.334879 0.01 0.01
0 0.535855 0.338782 0.01 0.01
0 0.580733 0.317318 0.01 0.01
0 0.744635 0.321221 0.01 0.01
0 0.766099 0.238294 0.01 0.01
0 0.789513 0.231465 0.01 0.01
0 0.781709 0.282196 0.01 0.01
0 0.793416 0.297806 0.01 0.01
0 0.821709 0.310977 0.01 0.01
0 0.932928 0.319757 0.01 0.01
0 0.948538 0.312928 0.01 0.01
0 0.954391 0.333416 0.01 0.01
0 0.951465 0.355855 0.01 0.01
0 0.977806 0.307074 0.01 0.01
0 1.042196 0.282684 0.01 0.01
0 1.077318 0.315855 0.01 0.01
0 1.059757 0.254391 0.01 0.01
0 1.020733 0.236830 0.01 0.01
0 1.005123 0.236830 0.01 0.01
0 1.116343 0.315855 0.01 0.01
0 1.116343 0.212440 0.01 0.01
0 1.147562 0.201709 0.01 0.01
0 1.208050 0.138294 0.01 0.01
0 1.237318 0.247562 0.01 0.01
0 1.219757 0.256343 0.01 0.01
0 1.222684 0.275855 0.01 0.01
0 1.291952 0.289513 0.01 0.01
0 1.366099 0.280733 0.01 0.01
0 1.330977 0.226099 0.01 0.01
0 1.309513 0.208538 0.01 0.01
0 1.385611 0.232928 0.01 0.01
0 1.391465 0.199757 0.01 0.01
0 1.410977 0.164635 0.01 0.01
0 1.444148 0.201709 0.01 0.01
0 1.411952 0.249513 0.01 0.01
0 1.469513 0.273904 0.01 0.01
0 1.498782 0.287562 0.01 0.01
0 1.553416 0.373416 0.01 0.01
0 1.583660 0.291465 0.01 0.01
0 1.539757 0.236830 0.01 0.01
0 1.518294 0.236830 0.01 0.01
0 1.485123 0.254391 0.01 0.01
0 1.480245 0.233904 0.01 0.01
0 1.496830 0.206587 0.01 0.01
0 1.491952 0.168538 0.01 0.01
0 1.531952 0.129513 0.01 0.01
0 1.574879 0.155855 0.01 0.01
0 1.594391 0.159757 0.01 0.01
