0 0.334600 0.986377 0.01 0.01
0 0.336210 0.938091 0.01 0.01
0 0.265390 0.815765 0.01 0.01
0 0.146283 0.793232 0.01 0.01
0 0.242454 0.685392 0.01 0.01
0 0.285911 0.678954 0.01 0.01
0 0.268206 0.625034 0.01 0.01
0 0.265792 0.583186 0.01 0.01
0 0.248892 0.501100 0.01 0.01
0 0.239235 0.470518 0.01 0.01
0 0.252111 0.421427 0.01 0.01
0 0.284302 0.398893 0.01 0.01
0 0.264987 0.363483 0.01 0.01
0 0.325345 0.439132 0.01 0.01
0 0.346269 0.418208 0.01 0.01
0 0.329369 0.483395 0.01 0.01
0 0.338222 0.530876 0.01 0.01
0 0.359146 0.546972 0.01 0.01
0 0.335807 0.666883 0.01 0.01
0 0.318102 0.745750 0.01 0.01
0 0.376046 0.802084 0.01 0.01
0 0.392946 0.750579 0.01 0.01
0 0.422723 0.711145 0.01 0.01
0 0.463766 0.691831 0.01 0.01
0 0.404213 0.601696 0.01 0.01
0 0.374436 0.626644 0.01 0.01
0 0.432380 0.564677 0.01 0.01
0 0.413065 0.560653 0.01 0.01
0 0.375241 0.505123 0.01 0.01
0 0.432380 0.498685 0.01 0.01
0 0.446061 0.447985 0.01 0.01
0 0.374436 0.447985 0.01 0.01
0 0.410651 0.398893 0.01 0.01
0 0.213884 0.295883 0.01 0.01
0 0.239637 0.289444 0.01 0.01
0 0.265390 0.324854 0.01 0.01
0 0.263780 0.266911 0.01 0.01
0 0.226761 0.228282 0.01 0.01
0 0.194570 0.197700 0.01 0.01
0 0.207446 0.133319 0.01 0.01
0 0.181693 0.114004 0.01 0.01
0 0.151112 0.099518 0.01 0.01
0 0.159160 0.048013 0.01 0.01
0 0.212275 0.031917 0.01 0.01
0 0.220323 0.075375 0.01 0.01
0 0.246075 0.094690 0.01 0.01
0 0.263780 0.120442 0.01 0.01
0 0.284704 0.151024 0.01 0.01
0 0.299190 0.096299 0.01 0.01
0 0.257342 0.046403 0.01 0.01
0 0.271828 0.017431 0.01 0.01
0 0.318505 0.030308 0.01 0.01
0 0.337819 0.051232 0.01 0.01
0 0.337819 0.102737 0.01 0.01
0 0.365182 0.131709 0.01 0.01
0 0.378058 0.099518 0.01 0.01
0 0.407030 0.138147 0.01 0.01
0 0.419906 0.104347 0.01 0.01
0 0.429563 0.178386 0.01 0.01
0 0.329772 0.159071 0.01 0.01
0 0.292752 0.255644 0.01 0.01
0 0.304019 0.229891 0.01 0.01
0 0.341038 0.197700 0.01 0.01
0 0.368401 0.294273 0.01 0.01
0 0.341038 0.345778 0.01 0.01
0 0.379667 0.371531 0.01 0.01
0 0.448878 0.365093 0.01 0.01
0 0.440830 0.410160 0.01 0.01
0 0.482678 0.394065 0.01 0.01
0 0.492336 0.350607 0.01 0.01
0 0.448878 0.307149 0.01 0.01
0 0.395763 0.262082 0.01 0.01
0 0.407030 0.221844 0.01 0.01
0 0.381277 0.223453 0.01 0.01
0 0.408639 0.165509 0.01 0.01
0 0.469802 0.120442 0.01 0.01
0 0.460145 0.081813 0.01 0.01
0 0.439221 0.062499 0.01 0.01
0 0.460145 0.039965 0.01 0.01
0 0.424735 0.017431 0.01 0.01
0 0.490726 0.162290 0.01 0.01
0 0.481069 0.205748 0.01 0.01
0 0.452097 0.165509 0.01 0.01
0 0.427954 0.274959 0.01 0.01
0 0.434392 0.252425 0.01 0.01
0 0.421516 0.311978 0.01 0.01
0 0.493945 0.263692 0.01 0.01
0 0.516479 0.266911 0.01 0.01
0 0.547060 0.289444 0.01 0.01
0 0.540622 0.347388 0.01 0.01
0 0.530965 0.432694 0.01 0.01
0 0.492336 0.508342 0.01 0.01
0 0.535793 0.472932 0.01 0.01
0 0.473021 0.592039 0.01 0.01
0 0.506821 0.579162 0.01 0.01
0 0.529355 0.719193 0.01 0.01
0 0.484288 0.802889 0.01 0.01
0 0.442440 0.847956 0.01 0.01
0 0.580861 0.989596 0.01 0.01
0 0.614661 1.044321 0.01 0.01
0 0.595346 0.806108 0.01 0.01
0 0.561546 0.778746 0.01 0.01
0 0.580861 0.741726 0.01 0.01
0 0.572813 0.661249 0.01 0.01
0 0.582470 0.587210 0.01 0.01
0 0.601785 0.558238 0.01 0.01
0 0.624318 0.535705 0.01 0.01
0 0.582470 0.472932 0.01 0.01
0 0.603394 0.426256 0.01 0.01
0 0.564765 0.408551 0.01 0.01
0 0.613051 0.365093 0.01 0.01
0 0.585689 0.334512 0.01 0.01
0 0.605004 0.302321 0.01 0.01
0 0.587299 0.271739 0.01 0.01
0 0.606613 0.249206 0.01 0.01
0 0.605004 0.207358 0.01 0.01
0 0.571203 0.155852 0.01 0.01
0 0.566375 0.186434 0.01 0.01
0 0.535793 0.136538 0.01 0.01
0 0.516479 0.115614 0.01 0.01
0 0.611442 0.468104 0.01 0.01
0 0.638804 0.490637 0.01 0.01
0 0.605004 0.513171 0.01 0.01
0 0.632366 0.592039 0.01 0.01
0 0.651680 0.661249 0.01 0.01
0 0.645242 0.794841 0.01 0.01
0 0.674214 0.904290 0.01 0.01
0 0.698357 0.923605 0.01 0.01
0 0.704795 0.963844 0.01 0.01
0 0.679043 0.590429 0.01 0.01
0 0.727329 0.658030 0.01 0.01
0 0.727329 0.868880 0.01 0.01
0 0.703186 0.693440 0.01 0.01
0 0.801368 0.701488 0.01 0.01
0 0.521307 0.044794 0.01 0.01
0 0.500383 0.030308 0.01 0.01
0 0.474631 0.023870 0.01 0.01
0 0.539012 0.010993 0.01 0.01
0 0.545451 0.043184 0.01 0.01
0 0.555108 0.107566 0.01 0.01
0 0.585689 0.094690 0.01 0.01
0 0.577641 0.060889 0.01 0.01
0 0.613051 0.081813 0.01 0.01
0 0.609832 0.059280 0.01 0.01
0 0.609832 0.030308 0.01 0.01
0 0.598565 0.126880 0.01 0.01
0 0.603394 0.160681 0.01 0.01
0 0.654900 0.403722 0.01 0.01
0 0.682262 0.427865 0.01 0.01
0 0.670995 0.468104 0.01 0.01
0 0.698357 0.402113 0.01 0.01
0 0.683871 0.352217 0.01 0.01
0 0.679043 0.313588 0.01 0.01
0 0.658119 0.181605 0.01 0.01
0 0.677433 0.146195 0.01 0.01
0 0.662947 0.114004 0.01 0.01
0 0.653290 0.080204 0.01 0.01
0 0.648461 0.044794 0.01 0.01
0 0.662947 0.025479 0.01 0.01
0 0.696748 0.010993 0.01 0.01
0 0.728939 0.081813 0.01 0.01
0 0.762739 0.051232 0.01 0.01
0 0.683871 0.270130 0.01 0.01
0 0.746644 0.254034 0.01 0.01
0 0.727329 0.194481 0.01 0.01
0 0.762739 0.521219 0.01 0.01
0 0.670995 0.556629 0.01 0.01
0 0.754691 0.590429 0.01 0.01
0 0.783663 0.590429 0.01 0.01
0 0.650071 0.627449 0.01 0.01
0 0.814244 0.649982 0.01 0.01
0 0.831949 0.614572 0.01 0.01
0 0.819073 0.503514 0.01 0.01
0 0.757910 0.461666 0.01 0.01
0 0.793320 0.402113 0.01 0.01
0 0.799759 0.347388 0.01 0.01
0 0.780444 0.320026 0.01 0.01
0 0.722500 0.332902 0.01 0.01
0 0.735377 0.305540 0.01 0.01
0 0.836778 0.440742 0.01 0.01
0 0.857702 0.555019 0.01 0.01
0 0.889893 0.526047 0.01 0.01
0 0.907598 0.468104 0.01 0.01
0 0.923694 0.545362 0.01 0.01
0 0.957494 0.532486 0.01 0.01
0 1.025095 0.530876 0.01 0.01
0 0.878626 0.629058 0.01 0.01
0 0.880236 0.743336 0.01 0.01
0 0.896331 0.719193 0.01 0.01
0 0.954275 0.687002 0.01 0.01
0 0.952665 0.621011 0.01 0.01
0 0.704795 0.117223 0.01 0.01
0 0.735377 0.030308 0.01 0.01
0 0.786882 0.025479 0.01 0.01
0 0.812635 0.036746 0.01 0.01
0 0.804587 0.064108 0.01 0.01
0 0.757910 0.081813 0.01 0.01
0 0.757910 0.130099 0.01 0.01
0 0.741815 0.155852 0.01 0.01
0 0.765958 0.155852 0.01 0.01
0 0.791711 0.168729 0.01 0.01
0 0.767568 0.226672 0.01 0.01
0 0.811025 0.220234 0.01 0.01
0 0.782054 0.283006 0.01 0.01
0 0.819073 0.109175 0.01 0.01
0 0.831949 0.170338 0.01 0.01
0 0.857702 0.245987 0.01 0.01
0 0.888284 0.233110 0.01 0.01
0 0.885064 0.181605 0.01 0.01
0 0.877017 0.149414 0.01 0.01
0 0.856093 0.139757 0.01 0.01
0 0.885064 0.114004 0.01 0.01
0 0.854483 0.080204 0.01 0.01
0 0.841607 0.033527 0.01 0.01
0 0.878626 0.015822 0.01 0.01
0 0.907598 0.010993 0.01 0.01
0 0.870579 0.056060 0.01 0.01
0 0.889893 0.039965 0.01 0.01
0 0.904379 0.115614 0.01 0.01
0 0.931741 0.049622 0.01 0.01
0 0.954275 0.049622 0.01 0.01
0 0.963932 0.094690 0.01 0.01
0 0.989685 0.062499 0.01 0.01
0 1.004171 0.023870 0.01 0.01
0 1.039581 0.072156 0.01 0.01
0 1.060505 0.044794 0.01 0.01
0 1.068553 0.017431 0.01 0.01
0 1.015438 0.104347 0.01 0.01
0 0.976808 0.134928 0.01 0.01
0 0.934960 0.170338 0.01 0.01
0 0.947837 0.191262 0.01 0.01
0 0.922084 0.262082 0.01 0.01
0 0.928522 0.305540 0.01 0.01
0 0.889893 0.332902 0.01 0.01
0 0.862531 0.355436 0.01 0.01
0 0.836778 0.382798 0.01 0.01
0 0.870579 0.397284 0.01 0.01
0 0.868969 0.416598 0.01 0.01
0 0.877017 0.443961 0.01 0.01
0 0.928522 0.387627 0.01 0.01
0 0.922084 0.357045 0.01 0.01
0 0.947837 0.450399 0.01 0.01
0 0.943008 0.421427 0.01 0.01
0 0.999342 0.421427 0.01 0.01
0 0.999342 0.389236 0.01 0.01
0 1.021876 0.369922 0.01 0.01
0 0.999342 0.339340 0.01 0.01
0 1.025095 0.292663 0.01 0.01
0 0.967151 0.266911 0.01 0.01
0 0.994513 0.262082 0.01 0.01
0 0.973589 0.221844 0.01 0.01
0 1.005780 0.229891 0.01 0.01
0 1.000952 0.191262 0.01 0.01
0 1.031533 0.159071 0.01 0.01
0 1.018657 0.131709 0.01 0.01
0 1.079819 0.125271 0.01 0.01
0 1.076600 0.097909 0.01 0.01
0 1.091086 0.081813 0.01 0.01
0 1.121667 0.076985 0.01 0.01
0 1.157077 0.094690 0.01 0.01
0 1.128106 0.101128 0.01 0.01
0 1.131325 0.118833 0.01 0.01
0 1.198926 0.094690 0.01 0.01
0 1.132934 0.152633 0.01 0.01
0 1.065333 0.197700 0.01 0.01
0 1.118448 0.212186 0.01 0.01
0 1.076600 0.255644 0.01 0.01
0 1.052457 0.299102 0.01 0.01
0 1.060505 0.324854 0.01 0.01
0 1.092696 0.299102 0.01 0.01
0 1.131325 0.286225 0.01 0.01
0 1.161906 0.274959 0.01 0.01
0 1.171563 0.239549 0.01 0.01
0 1.134544 0.249206 0.01 0.01
0 1.189268 0.262082 0.01 0.01
0 1.242383 0.223453 0.01 0.01
0 1.218240 0.223453 0.01 0.01
0 1.186049 0.197700 0.01 0.01
0 1.161906 0.202529 0.01 0.01
0 1.221459 0.178386 0.01 0.01
0 1.260088 0.268520 0.01 0.01
0 1.237555 0.289444 0.01 0.01
0 1.182830 0.321635 0.01 0.01
0 1.221459 0.345778 0.01 0.01
0 1.303546 0.331293 0.01 0.01
0 1.297108 0.289444 0.01 0.01
0 1.279403 0.377969 0.01 0.01
0 1.205364 0.413379 0.01 0.01
0 1.120058 0.402113 0.01 0.01
0 1.115229 0.374750 0.01 0.01
0 1.147420 0.339340 0.01 0.01
0 1.070162 0.368312 0.01 0.01
0 1.060505 0.447180 0.01 0.01
0 1.005780 0.500295 0.01 0.01
0 1.108791 0.493857 0.01 0.01
0 1.166735 0.501904 0.01 0.01
0 1.163516 0.466494 0.01 0.01
0 1.163516 0.410160 0.01 0.01
0 1.194097 0.453618 0.01 0.01
0 1.237555 0.480980 0.01 0.01
0 1.269746 0.435913 0.01 0.01
0 1.282622 0.468104 0.01 0.01
0 1.316422 0.423037 0.01 0.01
0 1.314813 0.503514 0.01 0.01
0 1.355051 0.469713 0.01 0.01
0 1.321251 0.468104 0.01 0.01
0 1.395290 0.424646 0.01 0.01
0 1.424262 0.445570 0.01 0.01
0 1.359880 0.340950 0.01 0.01
0 1.387242 0.526047 0.01 0.01
0 1.429091 0.493857 0.01 0.01
0 1.496691 0.516390 0.01 0.01
0 1.482205 0.484199 0.01 0.01
0 1.372756 0.604915 0.01 0.01
0 1.327689 0.556629 0.01 0.01
0 1.218240 0.540533 0.01 0.01
0 1.123277 0.558238 0.01 0.01
0 1.137763 0.532486 0.01 0.01
0 1.000952 0.598477 0.01 0.01
0 1.103962 0.598477 0.01 0.01
0 1.073381 0.648373 0.01 0.01
0 1.005780 0.646763 0.01 0.01
0 1.047628 0.604915 0.01 0.01
0 0.877017 0.595258 0.01 0.01
0 0.839997 0.905900 0.01 0.01
0 0.894722 0.978329 0.01 0.01
0 1.012218 0.938091 0.01 0.01
0 0.949446 0.862442 0.01 0.01
0 0.988075 0.883366 0.01 0.01
0 1.083038 0.981549 0.01 0.01
0 1.128106 0.847956 0.01 0.01
0 1.112010 0.777136 0.01 0.01
0 1.091086 0.736898 0.01 0.01
0 1.139372 0.678954 0.01 0.01
0 1.137763 0.629058 0.01 0.01
0 1.208583 0.609744 0.01 0.01
0 1.176392 0.744946 0.01 0.01
0 1.276184 0.712755 0.01 0.01
0 1.272965 0.835080 0.01 0.01
0 1.260088 0.791622 0.01 0.01
0 1.219850 0.886585 0.01 0.01
0 1.198926 0.987987 0.01 0.01
0 1.316422 1.034664 0.01 0.01
0 1.364709 1.034664 0.01 0.01
0 1.377585 0.952577 0.01 0.01
0 1.435529 0.947748 0.01 0.01
0 1.514396 0.934872 0.01 0.01
0 1.536930 0.802889 0.01 0.01
0 1.599702 0.772308 0.01 0.01
0 1.390461 0.752993 0.01 0.01
0 1.374366 0.674126 0.01 0.01
0 1.300327 0.664468 0.01 0.01
0 1.297108 0.601696 0.01 0.01
0 1.237555 0.601696 0.01 0.01
0 1.258479 0.530876 0.01 0.01
0 1.514396 0.637106 0.01 0.01
0 1.561073 0.616182 0.01 0.01
0 1.527273 0.683783 0.01 0.01
0 1.504739 0.736898 0.01 0.01
0 1.451624 0.752993 0.01 0.01
0 1.585216 0.733679 0.01 0.01
