0 0.225290 0.992260 0.01 0.01
0 0.634728 1.159955 0.01 0.01
0 0.839447 0.942169 0.01 0.01
0 0.887359 0.800608 0.01 0.01
0 1.251062 0.739628 0.01 0.01
0 1.107323 0.432550 0.01 0.01
0 1.133457 0.384637 0.01 0.01
0 1.013675 0.508775 0.01 0.01
0 0.798067 0.678648 0.01 0.01
0 0.815490 0.593712 0.01 0.01
0 0.747976 0.565399 0.01 0.01
0 0.602060 0.506597 0.01 0.01
0 0.528013 0.482641 0.01 0.01
0 0.530191 0.406416 0.01 0.01
0 0.541080 0.643802 0.01 0.01
0 0.438721 0.500064 0.01 0.01
0 0.373385 0.530554 0.01 0.01
0 0.347251 0.306234 0.01 0.01
0 0.303693 0.262677 0.01 0.01
0 0.133820 0.436906 0.01 0.01
0 0.029283 0.345436 0.01 0.01
0 0.072840 0.306234 0.01 0.01
0 0.129465 0.223476 0.01 0.01
0 0.085908 0.195163 0.01 0.01
0 0.129465 0.147251 0.01 0.01
0 0.003149 0.129828 0.01 0.01
0 0.018394 0.103693 0.01 0.01
0 0.003149 0.169029 0.01 0.01
0 0.031461 0.199519 0.01 0.01
0 0.715309 0.286633 0.01 0.01
0 0.830735 0.284456 0.01 0.01
0 0.811134 0.169029 0.01 0.01
0 0.930917 0.201697 0.01 0.01
0 0.991897 0.129828 0.01 0.01
0 1.089900 0.025290 0.01 0.01
0 1.146525 0.062314 0.01 0.01
0 1.146525 0.016579 0.01 0.01
0 1.266307 0.116761 0.01 0.01
0 1.312042 0.160318 0.01 0.01
0 1.102967 0.238721 0.01 0.01
0 1.492804 0.134183 0.01 0.01
0 1.575563 0.062314 0.01 0.01
0 1.551606 0.068848 0.01 0.01
0 0.294619 0.019301 0.01 0.01
0 0.316398 0.026924 0.01 0.01
0 0.276107 0.095526 0.01 0.01
0 0.241261 0.061770 0.01 0.01
0 0.420935 0.094437 0.01 0.01
0 0.414401 0.077015 0.01 0.01
0 0.468848 0.090082 0.01 0.01
0 0.634365 0.084637 0.01 0.01
0 0.689900 0.031280 0.01 0.01
0 0.708412 0.019301 0.01 0.01
0 0.761770 0.008412 0.01 0.01
0 0.861225 0.011679 0.01 0.01
0 0.055390 0.161484 0.01 0.01
0 1.335710 0.145500 0.01 0.01
0 1.564281 0.012833 0.01 0.01
0 0.148740 0.664459 0.01 0.01
0 0.230345 0.648406 0.01 0.01
0 0.251750 0.442720 0.01 0.01
0 1.059108 0.565462 0.01 0.01
0 1.107269 0.549409 0.01 0.01
0 1.141382 0.147737 0.01 0.01
0 0.867135 0.072820 0.01 0.01
0 0.925998 0.092887 0.01 0.01
0 0.990881 0.051416 0.01 0.01
0 1.044392 0.069476 0.01 0.01
