0 0.249093 0.491489 0.01 0.01
0 0.121904 0.421443 0.01 0.01
0 0.228817 0.320061 0.01 0.01
0 0.121904 0.262918 0.01 0.01
0 0.083194 0.218678 0.01 0.01
0 0.110844 0.137572 0.01 0.01
0 0.223287 0.137572 0.01 0.01
0 0.337572 0.115452 0.01 0.01
0 0.385499 0.176282 0.01 0.01
0 0.387342 0.113609 0.01 0.01
0 0.363379 0.014070 0.01 0.01
0 0.503471 0.100706 0.01 0.01
0 0.551397 0.126512 0.01 0.01
0 0.603010 0.069370 0.01 0.01
0 0.595637 0.651858 0.01 0.01
0 1.397480 0.777204 0.01 0.01
0 1.414070 0.467526 0.01 0.01
0 1.227895 0.393793 0.01 0.01
0 1.095176 0.294254 0.01 0.01
0 0.940337 0.159692 0.01 0.01
0 0.855545 0.130199 0.01 0.01
0 0.776282 0.211305 0.01 0.01
0 0.654623 0.159692 0.01 0.01
0 0.730199 0.113609 0.01 0.01
0 0.717296 0.026973 0.01 0.01
0 0.650936 0.056466 0.01 0.01
0 0.639876 0.026973 0.01 0.01
0 0.024208 0.213148 0.01 0.01
0 1.203932 0.187342 0.01 0.01
0 1.469370 0.172595 0.01 0.01
0 1.556005 0.237111 0.01 0.01
0 1.581812 0.109923 0.01 0.01
0 1.524669 0.026973 0.01 0.01
0 0.936651 0.097019 0.01 0.01
0 0.824208 0.017757 0.01 0.01
