0 0.754598 1.098238 0.01 0.01
0 0.540899 1.063013 0.01 0.01
0 0.660665 1.018395 0.01 0.01
0 0.860273 0.908023 0.01 0.01
0 1.102152 0.969079 0.01 0.01
0 1.426222 1.044226 0.01 0.01
0 1.491976 0.849314 0.01 0.01
0 1.214872 0.858708 0.01 0.01
0 1.426222 0.731897 0.01 0.01
0 1.569471 0.722504 0.01 0.01
0 1.475537 0.684931 0.01 0.01
0 1.390997 0.706066 0.01 0.01
0 1.275929 0.807044 0.01 0.01
0 1.123287 0.783561 0.01 0.01
0 1.205479 0.694324 0.01 0.01
0 1.280625 0.673189 0.01 0.01
0 1.376907 0.633267 0.01 0.01
0 1.388649 0.694324 0.01 0.01
0 1.409784 0.659099 0.01 0.01
0 1.496672 0.682582 0.01 0.01
0 1.583561 0.609784 0.01 0.01
0 1.545987 0.574559 0.01 0.01
0 1.508414 0.579256 0.01 0.01
0 1.477886 0.619177 0.01 0.01
0 1.437964 0.612132 0.01 0.01
0 1.386301 0.581604 0.01 0.01
0 1.334637 0.630919 0.01 0.01
0 1.339334 0.595694 0.01 0.01
0 1.376907 0.609784 0.01 0.01
0 1.233659 0.640312 0.01 0.01
0 1.181995 0.630919 0.01 0.01
0 1.109197 0.635616 0.01 0.01
0 1.019960 0.694324 0.01 0.01
0 1.029353 0.640312 0.01 0.01
0 0.963600 0.799999 0.01 0.01
0 0.902543 0.767123 0.01 0.01
0 0.883757 0.710762 0.01 0.01
0 0.836790 0.743639 0.01 0.01
0 0.839138 0.661447 0.01 0.01
0 0.907240 0.590997 0.01 0.01
0 0.726418 0.645009 0.01 0.01
0 0.665361 0.699021 0.01 0.01
0 0.653620 0.760078 0.01 0.01
0 0.717025 0.783561 0.01 0.01
0 0.538551 0.663796 0.01 0.01
0 0.522113 0.898629 0.01 0.01
0 0.331897 0.783561 0.01 0.01
0 0.421134 0.731897 0.01 0.01
0 0.456359 0.731897 0.01 0.01
0 0.482191 0.661447 0.01 0.01
0 0.446966 0.602739 0.01 0.01
0 0.313111 0.656751 0.01 0.01
0 0.341291 0.640312 0.01 0.01
0 0.240312 0.673189 0.01 0.01
0 0.169862 0.710762 0.01 0.01
0 0.136986 0.771819 0.01 0.01
0 0.028962 0.706066 0.01 0.01
0 0.132289 0.663796 0.01 0.01
0 0.219177 0.598042 0.01 0.01
0 0.132289 0.590997 0.01 0.01
0 0.165166 0.527592 0.01 0.01
0 0.280234 0.583952 0.01 0.01
0 0.299021 0.612132 0.01 0.01
0 0.329549 0.576907 0.01 0.01
0 0.395303 0.576907 0.01 0.01
0 0.390606 0.534637 0.01 0.01
0 0.421134 0.551076 0.01 0.01
0 0.468101 0.541682 0.01 0.01
0 0.496281 0.548727 0.01 0.01
0 0.505674 0.576907 0.01 0.01
0 0.578473 0.635616 0.01 0.01
0 0.606653 0.616829 0.01 0.01
0 0.667710 0.623874 0.01 0.01
0 0.688845 0.600391 0.01 0.01
0 0.709980 0.562817 0.01 0.01
0 0.771036 0.593346 0.01 0.01
0 0.801565 0.619177 0.01 0.01
0 0.822700 0.590997 0.01 0.01
0 0.867318 0.593346 0.01 0.01
0 0.879060 0.612132 0.01 0.01
0 0.987083 0.560469 0.01 0.01
0 1.034050 0.593346 0.01 0.01
0 0.996477 0.600391 0.01 0.01
0 1.062230 0.574559 0.01 0.01
0 1.076320 0.593346 0.01 0.01
0 1.160860 0.579256 0.01 0.01
0 1.181995 0.558121 0.01 0.01
0 1.240704 0.567514 0.01 0.01
0 1.275929 0.607436 0.01 0.01
0 1.362817 0.541682 0.01 0.01
0 1.393346 0.546379 0.01 0.01
0 1.459099 0.551076 0.01 0.01
0 1.423874 0.541682 0.01 0.01
0 1.499021 0.534637 0.01 0.01
0 1.538942 0.551076 0.01 0.01
0 0.213111 0.524070 0.01 0.01
0 0.268297 0.531115 0.01 0.01
0 0.284735 0.552250 0.01 0.01
0 0.339921 0.547553 0.01 0.01
0 0.362230 0.535811 0.01 0.01
0 0.334050 0.520547 0.01 0.01
0 0.577103 0.581604 0.01 0.01
0 0.614676 0.585126 0.01 0.01
0 0.614676 0.568688 0.01 0.01
0 0.608805 0.558121 0.01 0.01
0 0.635811 0.552250 0.01 0.01
0 0.695694 0.552250 0.01 0.01
0 0.674559 0.549901 0.01 0.01
0 0.661643 0.527592 0.01 0.01
0 0.586496 0.540508 0.01 0.01
0 0.548923 0.533463 0.01 0.01
0 0.506653 0.522896 0.01 0.01
0 0.507827 0.508805 0.01 0.01
0 0.614676 0.511154 0.01 0.01
0 0.636986 0.520547 0.01 0.01
0 0.725048 0.541682 0.01 0.01
0 0.722700 0.519373 0.01 0.01
0 0.699216 0.520547 0.01 0.01
0 0.745009 0.525244 0.01 0.01
0 0.745009 0.566340 0.01 0.01
0 0.795498 0.558121 0.01 0.01
0 0.782582 0.539334 0.01 0.01
0 0.787279 0.522896 0.01 0.01
0 0.793150 0.511154 0.01 0.01
0 0.782582 0.498238 0.01 0.01
0 0.761447 0.513502 0.01 0.01
0 0.737964 0.494715 0.01 0.01
0 0.579451 0.524070 0.01 0.01
0 0.564187 0.519373 0.01 0.01
0 0.550097 0.504109 0.01 0.01
0 0.536007 0.515851 0.01 0.01
0 0.567710 0.504109 0.01 0.01
0 0.584148 0.505283 0.01 0.01
0 0.568884 0.487670 0.01 0.01
0 0.600586 0.500586 0.01 0.01
0 0.612328 0.488845 0.01 0.01
0 0.632289 0.480625 0.01 0.01
0 0.609980 0.472406 0.01 0.01
0 0.599412 0.475929 0.01 0.01
0 0.587670 0.475929 0.01 0.01
0 0.572406 0.467710 0.01 0.01
0 0.555968 0.465361 0.01 0.01
0 0.559490 0.475929 0.01 0.01
0 0.554794 0.484148 0.01 0.01
0 0.532485 0.484148 0.01 0.01
0 0.548923 0.478277 0.01 0.01
0 0.536007 0.470058 0.01 0.01
0 0.527788 0.494715 0.01 0.01
0 0.499608 0.487670 0.01 0.01
0 0.498434 0.497064 0.01 0.01
0 0.476124 0.495890 0.01 0.01
0 0.480821 0.472406 0.01 0.01
0 0.460860 0.471232 0.01 0.01
0 0.460860 0.497064 0.01 0.01
0 0.412719 0.514676 0.01 0.01
0 0.430332 0.511154 0.01 0.01
0 0.422113 0.484148 0.01 0.01
0 0.400978 0.498238 0.01 0.01
0 0.383365 0.514676 0.01 0.01
0 0.355185 0.514676 0.01 0.01
0 0.362230 0.498238 0.01 0.01
0 0.375146 0.494715 0.01 0.01
0 0.375146 0.484148 0.01 0.01
0 0.390410 0.478277 0.01 0.01
0 0.405674 0.480625 0.01 0.01
0 0.350488 0.481800 0.01 0.01
0 0.339921 0.500586 0.01 0.01
0 0.316438 0.519373 0.01 0.01
0 0.305870 0.517025 0.01 0.01
0 0.312915 0.497064 0.01 0.01
0 0.305870 0.486496 0.01 0.01
0 0.321134 0.481800 0.01 0.01
0 0.303522 0.475929 0.01 0.01
0 0.319960 0.470058 0.01 0.01
0 0.278864 0.505283 0.01 0.01
0 0.240117 0.497064 0.01 0.01
0 0.236594 0.529941 0.01 0.01
0 0.135616 0.528766 0.01 0.01
0 0.099216 0.558121 0.01 0.01
0 0.086301 0.585126 0.01 0.01
0 0.022896 0.519373 0.01 0.01
0 0.005283 0.521721 0.01 0.01
0 0.063991 0.541682 0.01 0.01
0 0.092171 0.527592 0.01 0.01
0 0.073385 0.508805 0.01 0.01
0 0.063991 0.492367 0.01 0.01
0 0.058121 0.478277 0.01 0.01
0 0.022896 0.486496 0.01 0.01
0 0.038160 0.484148 0.01 0.01
0 0.114481 0.498238 0.01 0.01
0 0.149706 0.497064 0.01 0.01
0 0.177886 0.484148 0.01 0.01
0 0.134442 0.478277 0.01 0.01
0 0.206066 0.470058 0.01 0.01
0 0.220156 0.488845 0.01 0.01
0 0.233072 0.486496 0.01 0.01
0 0.226027 0.467710 0.01 0.01
0 0.162622 0.475929 0.01 0.01
0 0.245987 0.471232 0.01 0.01
0 0.255381 0.486496 0.01 0.01
0 0.280038 0.479451 0.01 0.01
0 0.269471 0.479451 0.01 0.01
0 0.088649 0.467710 0.01 0.01
0 0.065166 0.464187 0.01 0.01
0 0.665166 0.490019 0.01 0.01
0 0.206066 0.494715 0.01 0.01
0 0.038062 0.460665 0.01 0.01
0 0.015166 0.469471 0.01 0.01
0 0.018101 0.458903 0.01 0.01
0 0.123189 0.470058 0.01 0.01
0 0.107338 0.463600 0.01 0.01
0 0.161937 0.458316 0.01 0.01
0 0.149608 0.453620 0.01 0.01
0 0.073874 0.454207 0.01 0.01
0 0.112034 0.480038 0.01 0.01
0 0.085029 0.488258 0.01 0.01
0 0.192465 0.472993 0.01 0.01
0 0.252348 0.490606 0.01 0.01
0 0.282289 0.468884 0.01 0.01
0 0.270547 0.467710 0.01 0.01
0 0.323385 0.461252 0.01 0.01
0 0.173764 0.465568 0.01 0.01
0 0.207273 0.450784 0.01 0.01
0 0.368409 0.465568 0.01 0.01
0 0.845539 0.534524 0.01 0.01
0 0.836152 0.513872 0.01 0.01
0 0.823009 0.519504 0.01 0.01
0 0.809867 0.506362 0.01 0.01
0 0.819255 0.489465 0.01 0.01
0 0.871823 0.504485 0.01 0.01
0 0.853049 0.495098 0.01 0.01
0 0.907494 0.532647 0.01 0.01
0 0.883088 0.495098 0.01 0.01
0 0.869946 0.558931 0.01 0.01
0 0.838029 0.558931 0.01 0.01
0 0.948798 0.564563 0.01 0.01
0 0.978837 0.528892 0.01 0.01
0 0.963818 0.542034 0.01 0.01
0 0.963818 0.517627 0.01 0.01
0 0.935656 0.519504 0.01 0.01
0 0.935656 0.500730 0.01 0.01
0 0.916882 0.506362 0.01 0.01
0 1.080220 0.542034 0.01 0.01
0 1.023896 0.545789 0.01 0.01
0 1.020141 0.519504 0.01 0.01
0 1.038916 0.525137 0.01 0.01
0 1.108381 0.525137 0.01 0.01
0 1.100871 0.498853 0.01 0.01
0 1.164705 0.545789 0.01 0.01
0 1.123401 0.547666 0.01 0.01
0 0.515108 0.474446 0.01 0.01
0 0.165168 0.385736 0.01 0.01
0 0.125272 0.403807 0.01 0.01
0 0.130904 0.402633 0.01 0.01
0 0.101100 0.401695 0.01 0.01
0 0.087723 0.412021 0.01 0.01
0 0.086784 0.418592 0.01 0.01
0 0.069887 0.400991 0.01 0.01
0 0.068245 0.416949 0.01 0.01
0 0.069418 0.433377 0.01 0.01
0 0.077632 0.428918 0.01 0.01
0 0.074816 0.424693 0.01 0.01
0 0.093356 0.433142 0.01 0.01
0 0.117528 0.428918 0.01 0.01
0 0.115650 0.435019 0.01 0.01
0 0.120579 0.433846 0.01 0.01
0 0.109783 0.432203 0.01 0.01
0 0.150852 0.427979 0.01 0.01
0 0.171504 0.434081 0.01 0.01
0 0.142873 0.430560 0.01 0.01
0 0.098284 0.450039 0.01 0.01
0 0.155781 0.455202 0.01 0.01
0 0.134425 0.450508 0.01 0.01
0 0.172443 0.444876 0.01 0.01
0 0.174790 0.455202 0.01 0.01
0 0.021543 0.407092 0.01 0.01
0 0.058388 0.448162 0.01 0.01
0 0.077163 0.441356 0.01 0.01
0 0.040787 0.448162 0.01 0.01
0 0.055572 0.443703 0.01 0.01
0 0.058159 0.461304 0.01 0.01
0 0.006529 0.419530 0.01 0.01
0 0.004417 0.456610 0.01 0.01
0 0.045956 0.438774 0.01 0.01
0 0.038915 0.431265 0.01 0.01
0 0.013570 0.424928 0.01 0.01
0 0.134900 0.462946 0.01 0.01
0 0.117768 0.452386 0.01 0.01
0 0.157584 0.437836 0.01 0.01
0 0.193255 0.462008 0.01 0.01
0 0.141391 0.458253 0.01 0.01
0 0.140452 0.445111 0.01 0.01
0 0.135054 0.438305 0.01 0.01
0 0.155472 0.448396 0.01 0.01
0 0.216958 0.430560 0.01 0.01
0 0.216254 0.417888 0.01 0.01
0 0.218601 0.445111 0.01 0.01
0 0.198418 0.452855 0.01 0.01
0 0.181991 0.446049 0.01 0.01
0 0.126606 0.446988 0.01 0.01
0 0.190983 0.440417 0.01 0.01
0 0.263499 0.431969 0.01 0.01
0 0.240266 0.458722 0.01 0.01
0 0.233225 0.452620 0.01 0.01
0 0.218910 0.459661 0.01 0.01
0 0.229705 0.450039 0.01 0.01
0 0.236511 0.437601 0.01 0.01
0 0.252704 0.446284 0.01 0.01
0 0.255051 0.464355 0.01 0.01
0 0.274998 0.454498 0.01 0.01
0 0.260683 0.440182 0.01 0.01
0 0.286028 0.441825 0.01 0.01
0 0.301048 0.457783 0.01 0.01
0 0.301517 0.425398 0.01 0.01
0 0.159184 0.472568 0.01 0.01
0 0.181596 0.441356 0.01 0.01
0 0.208584 0.439478 0.01 0.01
0 0.204360 0.444876 0.01 0.01
0 0.202482 0.438774 0.01 0.01
0 0.241908 0.445815 0.01 0.01
0 0.248245 0.460365 0.01 0.01
0 0.213864 0.473038 0.01 0.01
0 0.256107 0.436897 0.01 0.01
0 0.239210 0.434550 0.01 0.01
0 0.229822 0.427979 0.01 0.01
0 0.247189 0.434550 0.01 0.01
0 0.236393 0.465997 0.01 0.01
0 0.298349 0.444876 0.01 0.01
0 0.312430 0.462712 0.01 0.01
0 0.298819 0.467875 0.01 0.01
0 0.288962 0.459426 0.01 0.01
0 0.283330 0.451916 0.01 0.01
0 0.291778 0.449570 0.01 0.01
0 0.284738 0.432673 0.01 0.01
0 0.278167 0.434550 0.01 0.01
0 0.282860 0.440182 0.01 0.01
0 0.280983 0.442999 0.01 0.01
0 0.331205 0.432673 0.01 0.01
0 0.339653 0.432203 0.01 0.01
0 0.349040 0.432203 0.01 0.01
0 0.357489 0.429856 0.01 0.01
0 0.354203 0.417184 0.01 0.01
0 0.345755 0.426102 0.01 0.01
0 0.325572 0.424693 0.01 0.01
0 0.319470 0.432673 0.01 0.01
0 0.331205 0.505893 0.01 0.01
0 0.364999 0.473507 0.01 0.01
0 0.364999 0.458487 0.01 0.01
0 0.337776 0.470691 0.01 0.01
0 0.346224 0.448631 0.01 0.01
0 0.335429 0.457549 0.01 0.01
0 0.360774 0.449570 0.01 0.01
0 0.351387 0.442999 0.01 0.01
0 0.350918 0.453325 0.01 0.01
0 0.352795 0.463181 0.01 0.01
0 0.258453 0.480078 0.01 0.01
0 0.241556 0.480547 0.01 0.01
0 0.227006 0.436428 0.01 0.01
0 0.374065 0.459426 0.01 0.01
0 0.382044 0.455202 0.01 0.01
0 0.369371 0.453325 0.01 0.01
0 0.379697 0.442999 0.01 0.01
0 0.423817 0.462242 0.01 0.01
0 0.419124 0.476323 0.01 0.01
0 0.404104 0.469752 0.01 0.01
0 0.396594 0.464589 0.01 0.01
0 0.406451 0.446753 0.01 0.01
0 0.466529 0.464589 0.01 0.01
0 0.443531 0.461304 0.01 0.01
0 0.432735 0.450508 0.01 0.01
0 0.437429 0.445815 0.01 0.01
0 0.417716 0.449570 0.01 0.01
0 0.448694 0.441590 0.01 0.01
0 0.488120 0.464589 0.01 0.01
0 0.481080 0.469752 0.01 0.01
0 0.492344 0.455202 0.01 0.01
0 0.505486 0.461773 0.01 0.01
0 0.502201 0.477731 0.01 0.01
0 0.522853 0.472099 0.01 0.01
0 0.523322 0.452855 0.01 0.01
0 0.534587 0.452855 0.01 0.01
0 0.519567 0.462242 0.01 0.01
0 0.514874 0.451447 0.01 0.01
0 0.584808 0.461304 0.01 0.01
0 0.613439 0.456141 0.01 0.01
0 0.604991 0.448162 0.01 0.01
0 0.599828 0.428918 0.01 0.01
0 0.588563 0.425632 0.01 0.01
0 0.584808 0.435019 0.01 0.01
0 0.575891 0.435019 0.01 0.01
0 0.572605 0.428448 0.01 0.01
0 0.567911 0.439244 0.01 0.01
0 0.529424 0.441590 0.01 0.01
0 0.516751 0.430795 0.01 0.01
0 0.473570 0.435489 0.01 0.01
0 0.463244 0.430795 0.01 0.01
0 0.443061 0.430795 0.01 0.01
0 0.424287 0.434081 0.01 0.01
0 0.479202 0.430795 0.01 0.01
0 0.498915 0.435019 0.01 0.01
0 0.622357 0.468813 0.01 0.01
0 0.610623 0.428448 0.01 0.01
0 0.621888 0.428918 0.01 0.01
0 0.441653 0.488057 0.01 0.01
0 0.433674 0.466467 0.01 0.01
0 0.390493 0.431734 0.01 0.01
0 0.402227 0.435489 0.01 0.01
0 0.642071 0.507301 0.01 0.01
0 0.659437 0.504954 0.01 0.01
0 0.682905 0.510117 0.01 0.01
0 0.676334 0.521382 0.01 0.01
0 0.710597 0.504954 0.01 0.01
0 0.699333 0.497914 0.01 0.01
0 0.687129 0.487119 0.01 0.01
0 0.688537 0.477262 0.01 0.01
0 0.698394 0.474915 0.01 0.01
0 0.713883 0.476793 0.01 0.01
0 0.710597 0.470222 0.01 0.01
0 0.723739 0.456610 0.01 0.01
0 0.725148 0.485241 0.01 0.01
0 0.744391 0.472568 0.01 0.01
0 0.737820 0.469752 0.01 0.01
0 0.755656 0.457549 0.01 0.01
0 0.751901 0.450039 0.01 0.01
0 0.738290 0.453325 0.01 0.01
0 0.737351 0.460834 0.01 0.01
0 0.756125 0.473038 0.01 0.01
0 0.765043 0.491812 0.01 0.01
0 0.780532 0.483364 0.01 0.01
0 0.791328 0.485710 0.01 0.01
0 0.799307 0.478201 0.01 0.01
0 0.784287 0.461773 0.01 0.01
0 0.785695 0.459896 0.01 0.01
0 0.814796 0.473038 0.01 0.01
0 0.802123 0.465059 0.01 0.01
0 0.796490 0.463181 0.01 0.01
0 0.821836 0.464120 0.01 0.01
0 0.832162 0.466467 0.01 0.01
0 0.833570 0.475385 0.01 0.01
0 0.857507 0.466467 0.01 0.01
0 0.849998 0.475385 0.01 0.01
0 0.844835 0.485710 0.01 0.01
0 0.832162 0.486180 0.01 0.01
0 0.646295 0.468344 0.01 0.01
0 0.652866 0.473507 0.01 0.01
0 0.723270 0.499791 0.01 0.01
0 0.687599 0.470691 0.01 0.01
0 0.673518 0.469283 0.01 0.01
0 0.674456 0.461773 0.01 0.01
0 0.661314 0.464120 0.01 0.01
0 0.664600 0.453325 0.01 0.01
0 0.672579 0.451447 0.01 0.01
0 0.688537 0.456610 0.01 0.01
0 0.699333 0.448631 0.01 0.01
0 0.689945 0.450039 0.01 0.01
0 0.668355 0.442529 0.01 0.01
0 0.669294 0.435958 0.01 0.01
0 0.653805 0.438305 0.01 0.01
0 0.643009 0.444876 0.01 0.01
0 0.647234 0.440182 0.01 0.01
0 0.635499 0.436897 0.01 0.01
0 0.632683 0.437836 0.01 0.01
0 0.639254 0.432203 0.01 0.01
0 0.651458 0.427510 0.01 0.01
0 0.636438 0.425632 0.01 0.01
0 0.629867 0.425632 0.01 0.01
0 0.623765 0.436897 0.01 0.01
0 0.612970 0.441590 0.01 0.01
0 0.578707 0.443468 0.01 0.01
0 0.571197 0.454263 0.01 0.01
0 0.555708 0.435019 0.01 0.01
0 0.545851 0.435489 0.01 0.01
0 0.552422 0.430326 0.01 0.01
0 0.546790 0.429387 0.01 0.01
0 0.535056 0.430326 0.01 0.01
0 0.584808 0.419530 0.01 0.01
0 0.617664 0.423755 0.01 0.01
0 0.663661 0.427510 0.01 0.01
0 0.682436 0.430795 0.01 0.01
0 0.677742 0.428918 0.01 0.01
0 0.687599 0.428918 0.01 0.01
0 0.696986 0.425632 0.01 0.01
0 0.705434 0.432203 0.01 0.01
0 0.699802 0.431265 0.01 0.01
0 0.708720 0.433611 0.01 0.01
0 0.710597 0.421408 0.01 0.01
0 0.719985 0.428918 0.01 0.01
0 0.735004 0.428448 0.01 0.01
0 0.731249 0.441590 0.01 0.01
0 0.699802 0.467405 0.01 0.01
0 0.742045 0.433611 0.01 0.01
0 0.737351 0.438305 0.01 0.01
0 0.747208 0.430795 0.01 0.01
0 0.750493 0.427040 0.01 0.01
0 0.757064 0.430326 0.01 0.01
0 0.768329 0.430326 0.01 0.01
0 0.750493 0.444876 0.01 0.01
0 0.765043 0.450508 0.01 0.01
0 0.772553 0.459896 0.01 0.01
0 0.780063 0.450039 0.01 0.01
0 0.790389 0.442529 0.01 0.01
0 0.769737 0.437836 0.01 0.01
0 0.778185 0.427979 0.01 0.01
0 0.788981 0.427040 0.01 0.01
0 0.790858 0.433611 0.01 0.01
0 0.815734 0.430326 0.01 0.01
0 0.804470 0.444407 0.01 0.01
0 0.798368 0.445815 0.01 0.01
0 0.800715 0.451447 0.01 0.01
0 0.838264 0.455202 0.01 0.01
0 0.850936 0.455671 0.01 0.01
0 0.856569 0.448631 0.01 0.01
0 0.843427 0.441121 0.01 0.01
0 0.834978 0.428918 0.01 0.01
0 0.634091 0.463181 0.01 0.01
0 0.625643 0.456610 0.01 0.01
0 0.630806 0.472568 0.01 0.01
0 0.653335 0.447223 0.01 0.01
0 0.632214 0.447223 0.01 0.01
0 1.060272 0.509179 0.01 0.01
0 1.066843 0.501199 0.01 0.01
0 1.079516 0.509648 0.01 0.01
0 1.082801 0.490404 0.01 0.01
0 1.098759 0.488996 0.01 0.01
0 1.125513 0.491343 0.01 0.01
0 1.127390 0.514811 0.01 0.01
0 1.138186 0.522790 0.01 0.01
0 1.173388 0.516688 0.01 0.01
0 1.155083 0.519504 0.01 0.01
0 1.144757 0.502607 0.01 0.01
0 1.156960 0.473976 0.01 0.01
0 1.172918 0.489465 0.01 0.01
0 1.183714 0.483833 0.01 0.01
0 1.197325 0.502138 0.01 0.01
0 1.212814 0.503546 0.01 0.01
0 1.215630 0.513403 0.01 0.01
0 1.253179 0.500730 0.01 0.01
0 1.227364 0.539218 0.01 0.01
0 1.286504 0.518566 0.01 0.01
0 1.276178 0.496036 0.01 0.01
0 1.286973 0.485241 0.01 0.01
0 1.275709 0.485710 0.01 0.01
0 1.280872 0.462712 0.01 0.01
0 1.247547 0.473507 0.01 0.01
0 1.222201 0.485710 0.01 0.01
0 1.208590 0.477262 0.01 0.01
0 1.225956 0.467875 0.01 0.01
0 1.211875 0.460365 0.01 0.01
0 1.178081 0.473038 0.01 0.01
0 1.144287 0.479609 0.01 0.01
0 1.127390 0.479139 0.01 0.01
0 1.118473 0.476323 0.01 0.01
0 1.110493 0.476323 0.01 0.01
0 1.076699 0.483833 0.01 0.01
0 1.070128 0.483833 0.01 0.01
0 1.075291 0.474446 0.01 0.01
0 1.043375 0.493220 0.01 0.01
0 1.053701 0.506832 0.01 0.01
0 1.026478 0.499322 0.01 0.01
0 1.015213 0.499322 0.01 0.01
0 0.990337 0.496506 0.01 0.01
0 0.970624 0.487588 0.01 0.01
0 1.004418 0.477731 0.01 0.01
0 0.980950 0.478670 0.01 0.01
0 0.961236 0.472099 0.01 0.01
0 0.966869 0.459426 0.01 0.01
0 0.982358 0.465997 0.01 0.01
0 0.997377 0.465997 0.01 0.01
0 1.002071 0.460834 0.01 0.01
0 1.014274 0.464120 0.01 0.01
0 1.035396 0.464589 0.01 0.01
0 1.027416 0.462712 0.01 0.01
0 1.050884 0.469283 0.01 0.01
0 1.062149 0.464589 0.01 0.01
0 1.074822 0.462712 0.01 0.01
0 0.979541 0.451447 0.01 0.01
0 0.963583 0.453794 0.01 0.01
0 0.962644 0.442999 0.01 0.01
0 0.970624 0.444876 0.01 0.01
0 0.966869 0.431734 0.01 0.01
0 0.987051 0.420939 0.01 0.01
0 0.998785 0.432203 0.01 0.01
0 0.996908 0.435958 0.01 0.01
0 1.010050 0.424224 0.01 0.01
0 1.024131 0.422816 0.01 0.01
0 1.087025 0.427510 0.01 0.01
0 0.975787 0.421877 0.01 0.01
0 1.122227 0.429387 0.01 0.01
0 1.170572 0.421408 0.01 0.01
0 1.192632 0.422347 0.01 0.01
0 1.189815 0.437366 0.01 0.01
0 1.277117 0.445815 0.01 0.01
0 1.250363 0.452386 0.01 0.01
0 1.255526 0.436428 0.01 0.01
0 1.224079 0.434081 0.01 0.01
0 1.235813 0.434081 0.01 0.01
0 1.153675 0.441590 0.01 0.01
0 1.138186 0.437836 0.01 0.01
0 1.142879 0.454733 0.01 0.01
0 1.148042 0.441590 0.01 0.01
0 1.116595 0.436428 0.01 0.01
0 1.130207 0.438774 0.01 0.01
0 1.112371 0.430795 0.01 0.01
0 1.121758 0.445815 0.01 0.01
0 1.098759 0.462712 0.01 0.01
0 1.102514 0.475854 0.01 0.01
0 1.090311 0.479139 0.01 0.01
0 1.097821 0.483833 0.01 0.01
0 1.062149 0.479609 0.01 0.01
0 1.057925 0.492282 0.01 0.01
0 1.045252 0.483833 0.01 0.01
0 1.044313 0.460365 0.01 0.01
0 1.052293 0.455671 0.01 0.01
0 1.047130 0.449570 0.01 0.01
0 1.062149 0.445815 0.01 0.01
0 1.081393 0.443937 0.01 0.01
0 1.102514 0.449570 0.01 0.01
0 1.090311 0.435019 0.01 0.01
0 1.077638 0.438305 0.01 0.01
0 1.036804 0.445815 0.01 0.01
0 1.101575 0.434550 0.01 0.01
0 1.109555 0.452386 0.01 0.01
0 1.111901 0.441121 0.01 0.01
0 1.169164 0.443937 0.01 0.01
0 1.172449 0.452855 0.01 0.01
0 1.163531 0.454733 0.01 0.01
0 1.163531 0.464120 0.01 0.01
0 1.165409 0.483364 0.01 0.01
0 1.172918 0.505424 0.01 0.01
0 1.017560 0.482425 0.01 0.01
0 1.194967 0.546727 0.01 0.01
0 1.288839 0.504954 0.01 0.01
0 1.286962 0.498383 0.01 0.01
0 1.307144 0.520443 0.01 0.01
0 1.317470 0.536402 0.01 0.01
0 1.303389 0.542973 0.01 0.01
0 1.293063 0.566441 0.01 0.01
0 1.337183 0.541564 0.01 0.01
0 1.330612 0.519974 0.01 0.01
0 1.313715 0.505893 0.01 0.01
0 1.322633 0.503077 0.01 0.01
0 1.338122 0.496036 0.01 0.01
0 1.326388 0.492751 0.01 0.01
0 1.336245 0.485241 0.01 0.01
0 1.328265 0.481486 0.01 0.01
0 1.333898 0.474446 0.01 0.01
0 1.330143 0.458957 0.01 0.01
0 1.316062 0.476323 0.01 0.01
0 1.307614 0.482894 0.01 0.01
0 1.295410 0.489465 0.01 0.01
0 1.299165 0.474915 0.01 0.01
0 1.292125 0.469752 0.01 0.01
0 1.314654 0.461304 0.01 0.01
0 1.298696 0.441590 0.01 0.01
0 1.340469 0.455202 0.01 0.01
0 1.264432 0.448631 0.01 0.01
0 1.262085 0.475854 0.01 0.01
0 1.238617 0.501199 0.01 0.01
0 1.238148 0.514811 0.01 0.01
0 1.258331 0.534993 0.01 0.01
0 1.339530 0.434081 0.01 0.01
0 1.310899 0.441590 0.01 0.01
0 1.197666 0.472803 0.01 0.01
0 1.191564 0.457549 0.01 0.01
0 1.203298 0.444407 0.01 0.01
0 1.208696 0.434081 0.01 0.01
0 0.909255 0.483129 0.01 0.01
0 0.898459 0.484537 0.01 0.01
0 0.925213 0.487353 0.01 0.01
0 0.951497 0.487823 0.01 0.01
0 0.945161 0.477731 0.01 0.01
0 0.936947 0.469752 0.01 0.01
0 0.933896 0.460365 0.01 0.01
0 0.922631 0.464120 0.01 0.01
0 0.913948 0.460130 0.01 0.01
0 0.902918 0.454967 0.01 0.01
0 0.873348 0.465293 0.01 0.01
0 0.842371 0.459896 0.01 0.01
0 0.906673 0.446284 0.01 0.01
0 0.895643 0.445815 0.01 0.01
0 0.954079 0.442529 0.01 0.01
0 0.939763 0.443468 0.01 0.01
0 0.952905 0.421643 0.01 0.01
0 0.858329 0.441825 0.01 0.01
0 0.873818 0.438540 0.01 0.01
0 0.926269 0.446284 0.01 0.01
0 0.922514 0.433142 0.01 0.01
0 1.022019 0.433142 0.01 0.01
0 1.367823 0.499691 0.01 0.01
0 1.350241 0.472518 0.01 0.01
0 1.369422 0.467723 0.01 0.01
0 1.383807 0.482109 0.01 0.01
0 1.393398 0.504487 0.01 0.01
0 1.416974 0.475715 0.01 0.01
0 1.404986 0.474916 0.01 0.01
0 1.389002 0.468522 0.01 0.01
0 1.377014 0.451739 0.01 0.01
0 1.357034 0.446944 0.01 0.01
0 1.325865 0.432558 0.01 0.01
0 1.362628 0.436554 0.01 0.01
0 1.345845 0.434956 0.01 0.01
0 1.378612 0.437354 0.01 0.01
0 1.390600 0.451739 0.01 0.01
0 1.410580 0.454137 0.01 0.01
0 1.396994 0.444546 0.01 0.01
0 1.424966 0.447743 0.01 0.01
0 1.426564 0.463727 0.01 0.01
0 1.432958 0.480511 0.01 0.01
0 1.439352 0.492499 0.01 0.01
0 1.438552 0.507683 0.01 0.01
0 1.457733 0.499691 0.01 0.01
0 1.453737 0.486105 0.01 0.01
0 1.449741 0.464526 0.01 0.01
0 1.440151 0.446944 0.01 0.01
0 1.456934 0.450940 0.01 0.01
0 1.470520 0.450141 0.01 0.01
0 1.477713 0.482109 0.01 0.01
0 1.473717 0.502888 0.01 0.01
0 1.484906 0.498093 0.01 0.01
0 1.456934 0.528463 0.01 0.01
0 1.377014 0.531659 0.01 0.01
0 1.501689 0.510880 0.01 0.01
0 1.522469 0.487703 0.01 0.01
0 1.501689 0.470920 0.01 0.01
0 1.505685 0.454936 0.01 0.01
0 1.490501 0.458133 0.01 0.01
0 1.517673 0.450141 0.01 0.01
0 1.526465 0.436554 0.01 0.01
0 1.525665 0.458932 0.01 0.01
0 1.535256 0.467723 0.01 0.01
0 1.552838 0.479711 0.01 0.01
0 1.537653 0.506085 0.01 0.01
0 1.554437 0.531659 0.01 0.01
0 1.533657 0.526065 0.01 0.01
0 1.571220 0.524467 0.01 0.01
0 1.564826 0.503687 0.01 0.01
0 1.549641 0.492499 0.01 0.01
0 1.573617 0.487703 0.01 0.01
0 1.593597 0.508483 0.01 0.01
0 1.586405 0.486904 0.01 0.01
0 1.586405 0.477314 0.01 0.01
0 1.576814 0.472518 0.01 0.01
0 1.552039 0.450141 0.01 0.01
0 1.545645 0.442948 0.01 0.01
0 1.539252 0.453338 0.01 0.01
0 1.553637 0.461330 0.01 0.01
0 1.566425 0.450940 0.01 0.01
0 1.588802 0.450141 0.01 0.01
0 1.578413 0.458133 0.01 0.01
0 1.568023 0.462129 0.01 0.01
