0 0.138176 1.166488 0.01 0.01
0 0.349428 1.037995 0.01 0.01
0 0.560681 0.909501 0.01 0.01
0 0.545436 0.822387 0.01 0.01
0 0.558503 0.728739 0.01 0.01
0 0.848158 0.826742 0.01 0.01
0 1.200971 0.959592 0.01 0.01
0 1.396978 0.942169 0.01 0.01
0 1.479737 0.528376 0.01 0.01
0 1.224927 0.558866 0.01 0.01
0 1.150880 0.613312 0.01 0.01
0 1.035454 0.582822 0.01 0.01
0 0.541080 0.321479 0.01 0.01
0 0.632550 0.295345 0.01 0.01
0 0.626016 0.230009 0.01 0.01
0 0.593349 0.206053 0.01 0.01
0 0.608594 0.149428 0.01 0.01
0 0.726198 0.260499 0.01 0.01
0 0.686996 0.275744 0.01 0.01
0 0.758866 0.306234 0.01 0.01
0 0.795889 0.325835 0.01 0.01
0 1.094256 0.277922 0.01 0.01
0 1.124746 0.232187 0.01 0.01
0 1.170481 0.251788 0.01 0.01
0 0.930917 0.179918 0.01 0.01
0 0.943984 0.153784 0.01 0.01
0 1.312042 0.147251 0.01 0.01
0 1.359955 0.186452 0.01 0.01
0 1.553784 0.225653 0.01 0.01
0 1.532006 0.145073 0.01 0.01
0 1.514583 0.073203 0.01 0.01
0 1.516761 0.034002 0.01 0.01
0 1.264492 0.055236 0.01 0.01
0 1.290626 0.004056 0.01 0.01
0 1.333094 0.004056 0.01 0.01
0 1.349428 0.023657 0.01 0.01
0 1.377741 0.006234 0.01 0.01
0 1.392986 0.038902 0.01 0.01
0 1.338539 0.054147 0.01 0.01
0 1.376652 0.088993 0.01 0.01
0 1.414764 0.131461 0.01 0.01
0 1.444165 0.093349 0.01 0.01
0 1.463766 0.054147 0.01 0.01
0 1.486633 0.032369 0.01 0.01
0 1.492078 0.020390 0.01 0.01
0 1.458321 0.029102 0.01 0.01
0 1.434365 0.034546 0.01 0.01
0 1.435454 0.013857 0.01 0.01
0 1.144165 0.012496 0.01 0.01
0 1.108775 0.013584 0.01 0.01
0 1.082096 0.015762 0.01 0.01
0 1.081007 0.038630 0.01 0.01
0 1.051062 0.023385 0.01 0.01
0 1.045073 0.004873 0.01 0.01
0 1.028194 0.014673 0.01 0.01
0 1.016761 0.008140 0.01 0.01
0 0.996071 0.008140 0.01 0.01
0 0.984093 0.008140 0.01 0.01
0 0.986271 0.021207 0.01 0.01
0 1.048884 0.044074 0.01 0.01
0 1.053784 0.078376 0.01 0.01
0 1.070663 0.107232 0.01 0.01
0 1.029828 0.093621 0.01 0.01
0 0.995526 0.099610 0.01 0.01
0 0.908594 0.136906 0.01 0.01
0 0.886271 0.132006 0.01 0.01
0 0.926561 0.121661 0.01 0.01
0 0.925472 0.086271 0.01 0.01
0 0.939628 0.081915 0.01 0.01
0 0.969029 0.071025 0.01 0.01
0 0.953240 0.060681 0.01 0.01
0 0.974474 0.099882 0.01 0.01
0 0.818757 0.110227 0.01 0.01
0 0.773022 0.086271 0.01 0.01
0 0.787178 0.081915 0.01 0.01
0 0.795889 0.077559 0.01 0.01
0 0.779555 0.058503 0.01 0.01
0 0.800245 0.039991 0.01 0.01
0 0.849247 0.054147 0.01 0.01
0 0.855236 0.044347 0.01 0.01
0 0.881370 0.070481 0.01 0.01
0 0.881915 0.048158 0.01 0.01
0 0.903149 0.053058 0.01 0.01
0 0.909138 0.067214 0.01 0.01
0 0.934728 0.021479 0.01 0.01
0 0.915672 0.020390 0.01 0.01
0 0.964129 0.037813 0.01 0.01
0 0.973385 0.017668 0.01 0.01
0 0.393258 0.063811 0.01 0.01
0 0.399519 0.065173 0.01 0.01
0 0.405508 0.055644 0.01 0.01
0 0.398430 0.043394 0.01 0.01
0 0.435726 0.042305 0.01 0.01
0 0.435182 0.079329 0.01 0.01
0 0.442260 0.096751 0.01 0.01
0 0.451243 0.097840 0.01 0.01
0 0.433276 0.096751 0.01 0.01
0 0.467849 0.090218 0.01 0.01
0 0.473022 0.072523 0.01 0.01
0 0.487722 0.079329 0.01 0.01
0 0.522568 0.041216 0.01 0.01
0 0.554964 0.036044 0.01 0.01
0 0.569120 0.048294 0.01 0.01
0 0.565309 0.081234 0.01 0.01
0 0.557958 0.083957 0.01 0.01
0 0.573748 0.075517 0.01 0.01
0 0.539719 0.090218 0.01 0.01
0 0.529646 0.085045 0.01 0.01
0 0.596615 0.087223 0.01 0.01
0 0.611316 0.063539 0.01 0.01
0 0.625472 0.032777 0.01 0.01
0 0.610771 0.024610 0.01 0.01
0 0.599882 0.024610 0.01 0.01
0 0.639356 0.048839 0.01 0.01
0 0.645889 0.037949 0.01 0.01
0 0.657595 0.020254 0.01 0.01
0 0.659501 0.045027 0.01 0.01
0 0.665490 0.026516 0.01 0.01
0 0.633094 0.098929 0.01 0.01
0 0.644800 0.107369 0.01 0.01
0 0.713131 0.102332 0.01 0.01
0 0.722931 0.083276 0.01 0.01
0 0.741443 0.099610 0.01 0.01
0 0.763766 0.066942 0.01 0.01
0 0.733820 0.059864 0.01 0.01
0 0.752877 0.048430 0.01 0.01
0 0.755599 0.036996 0.01 0.01
0 0.759955 0.019574 0.01 0.01
0 0.740354 0.014673 0.01 0.01
0 0.756688 0.004329 0.01 0.01
0 0.718575 0.028829 0.01 0.01
0 0.714220 0.039174 0.01 0.01
0 0.697341 0.051153 0.01 0.01
0 0.719120 0.069664 0.01 0.01
0 0.673929 0.063675 0.01 0.01
0 0.666851 0.048975 0.01 0.01
0 0.676652 0.042986 0.01 0.01
0 0.689991 0.029238 0.01 0.01
0 0.682096 0.019710 0.01 0.01
0 0.700064 0.024610 0.01 0.01
0 0.700608 0.017804 0.01 0.01
0 0.694891 0.009365 0.01 0.01
0 0.707958 0.005009 0.01 0.01
0 0.715036 0.010726 0.01 0.01
0 0.727559 0.012632 0.01 0.01
0 0.746343 0.003104 0.01 0.01
0 0.762405 0.003648 0.01 0.01
0 0.770300 0.001742 0.01 0.01
0 0.803512 0.020526 0.01 0.01
0 0.792895 0.024338 0.01 0.01
0 0.786906 0.021343 0.01 0.01
0 0.805145 0.031960 0.01 0.01
0 0.859320 0.008820 0.01 0.01
0 0.871570 0.020254 0.01 0.01
0 0.873203 0.007459 0.01 0.01
0 0.885454 0.005009 0.01 0.01
0 0.891987 0.004192 0.01 0.01
0 0.923022 0.006915 0.01 0.01
0 0.933367 0.008004 0.01 0.01
0 0.814631 0.473172 0.01 0.01
0 0.475998 0.045061 0.01 0.01
0 0.498071 0.052252 0.01 0.01
0 0.435697 0.050914 0.01 0.01
0 0.427670 0.055596 0.01 0.01
0 0.639710 0.022235 0.01 0.01
0 0.626332 0.018891 0.01 0.01
0 0.634693 0.020396 0.01 0.01
0 0.651248 0.065212 0.01 0.01
0 0.637871 0.077921 0.01 0.01
0 0.665128 0.218473 0.01 0.01
0 0.712954 0.448740 0.01 0.01
0 0.601583 0.317302 0.01 0.01
0 0.831182 0.055345 0.01 0.01
0 0.780178 0.014710 0.01 0.01
0 0.668138 0.129844 0.01 0.01
0 0.683523 0.095061 0.01 0.01
0 0.661115 0.068640 0.01 0.01
0 0.593222 0.122486 0.01 0.01
0 0.855095 0.005178 0.01 0.01
0 0.823322 0.002335 0.01 0.01
0 0.928004 0.027419 0.01 0.01
0 0.953422 0.022904 0.01 0.01
0 0.866968 0.078590 0.01 0.01
0 0.822319 0.090630 0.01 0.01
0 0.734693 0.033941 0.01 0.01
0 0.874158 0.325663 0.01 0.01
0 0.961115 0.292887 0.01 0.01
0 0.886198 0.191215 0.01 0.01
0 1.533355 0.917302 0.01 0.01
0 1.455095 0.190713 0.01 0.01
0 1.489208 0.079342 0.01 0.01
0 1.464459 0.071315 0.01 0.01
0 1.413289 0.085028 0.01 0.01
0 1.281182 0.141549 0.01 0.01
0 1.233021 0.053590 0.01 0.01
