0 0.691612 0.773840 0.01 0.01
0 0.508718 0.900459 0.01 0.01
0 0.356520 0.809651 0.01 0.01
0 0.238854 0.777677 0.01 0.01
0 0.264433 0.679196 0.01 0.01
0 0.226064 0.706054 0.01 0.01
0 0.457559 0.679196 0.01 0.01
0 0.410237 0.629316 0.01 0.01
0 0.431979 0.581993 0.01 0.01
0 0.318150 0.581993 0.01 0.01
0 0.217111 0.613968 0.01 0.01
0 0.030381 0.537229 0.01 0.01
0 0.100724 0.520602 0.01 0.01
0 0.151883 0.561530 0.01 0.01
0 0.008638 0.509092 0.01 0.01
0 0.011196 0.487349 0.01 0.01
0 0.047007 0.443864 0.01 0.01
0 1.487135 0.757213 0.01 0.01
0 1.508878 0.643384 0.01 0.01
0 1.551084 0.537229 0.01 0.01
0 1.501204 0.542345 0.01 0.01
0 1.465393 0.602457 0.01 0.01
0 1.435976 0.649779 0.01 0.01
0 1.297847 0.680475 0.01 0.01
0 1.171228 0.699659 0.01 0.01
0 0.975544 0.854415 0.01 0.01
0 1.098326 0.796861 0.01 0.01
0 0.772187 0.613968 0.01 0.01
0 0.575225 0.643384 0.01 0.01
0 0.631500 0.643384 0.01 0.01
0 0.646847 0.509092 0.01 0.01
0 0.602083 0.578156 0.01 0.01
0 0.534297 0.585830 0.01 0.01
0 0.517671 0.537229 0.01 0.01
0 0.535576 0.507813 0.01 0.01
0 0.458838 0.483512 0.01 0.01
0 0.493370 0.492465 0.01 0.01
0 0.425584 0.488628 0.01 0.01
0 0.392331 0.519324 0.01 0.01
0 0.374425 0.484791 0.01 0.01
0 0.356520 0.524439 0.01 0.01
0 0.290013 0.505255 0.01 0.01
0 0.272107 0.538508 0.01 0.01
0 0.259317 0.484791 0.01 0.01
0 0.237575 0.487349 0.01 0.01
0 0.214553 0.505255 0.01 0.01
0 0.159557 0.464327 0.01 0.01
0 0.121188 0.451538 0.01 0.01
0 0.095608 0.473280 0.01 0.01
0 0.070029 0.474559 0.01 0.01
0 0.140373 0.452817 0.01 0.01
0 0.197927 0.454096 0.01 0.01
0 0.232459 0.447701 0.01 0.01
0 1.207039 0.597341 0.01 0.01
0 1.251803 0.574320 0.01 0.01
0 1.278662 0.581993 0.01 0.01
0 1.294010 0.546182 0.01 0.01
0 1.405281 0.542345 0.01 0.01
0 1.350285 0.590946 0.01 0.01
0 1.457719 0.493744 0.01 0.01
0 1.516552 0.502697 0.01 0.01
0 1.529341 0.497581 0.01 0.01
0 1.543410 0.478396 0.01 0.01
0 1.583058 0.505255 0.01 0.01
0 1.565153 0.447701 0.01 0.01
0 1.583058 0.443864 0.01 0.01
0 1.586895 0.438748 0.01 0.01
0 1.572827 0.424679 0.01 0.01
0 1.575385 0.377357 0.01 0.01
0 1.561316 0.385031 0.01 0.01
0 1.540852 0.382473 0.01 0.01
0 1.519110 0.377357 0.01 0.01
0 1.529341 0.377357 0.01 0.01
0 1.493530 0.376078 0.01 0.01
0 1.461556 0.381194 0.01 0.01
0 1.471788 0.402937 0.01 0.01
0 1.461556 0.397821 0.01 0.01
0 1.479461 0.418284 0.01 0.01
0 1.512715 0.409331 0.01 0.01
0 1.530620 0.397821 0.01 0.01
0 1.558758 0.413168 0.01 0.01
0 1.542131 0.410610 0.01 0.01
0 1.548526 0.410610 0.01 0.01
0 1.529341 0.434911 0.01 0.01
0 1.497367 0.451538 0.01 0.01
0 1.482019 0.469443 0.01 0.01
0 1.421907 0.451538 0.01 0.01
0 1.384817 0.469443 0.01 0.01
0 1.357959 0.482233 0.01 0.01
0 1.290173 0.502697 0.01 0.01
0 1.310636 0.502697 0.01 0.01
0 1.254361 0.501418 0.01 0.01
0 1.241572 0.524439 0.01 0.01
0 1.184018 0.487349 0.01 0.01
0 1.166112 0.469443 0.01 0.01
0 1.167391 0.505255 0.01 0.01
0 1.139254 0.525718 0.01 0.01
0 1.100884 0.628037 0.01 0.01
0 0.990892 0.634431 0.01 0.01
0 0.924385 0.661290 0.01 0.01
0 0.924385 0.587109 0.01 0.01
0 0.953802 0.579435 0.01 0.01
0 1.001124 0.550019 0.01 0.01
0 1.042051 0.592225 0.01 0.01
0 1.323426 0.478396 0.01 0.01
0 1.304242 0.465606 0.01 0.01
0 1.286336 0.469443 0.01 0.01
0 1.240293 0.465606 0.01 0.01
0 1.224945 0.470722 0.01 0.01
0 1.185297 0.452817 0.01 0.01
0 1.192971 0.478396 0.01 0.01
0 1.160996 0.433632 0.01 0.01
0 1.222387 0.422121 0.01 0.01
0 1.273546 0.413168 0.01 0.01
0 1.249246 0.415726 0.01 0.01
0 1.294010 0.440027 0.01 0.01
0 1.256919 0.440027 0.01 0.01
0 1.343890 0.446422 0.01 0.01
0 1.365632 0.443864 0.01 0.01
0 1.328542 0.442585 0.01 0.01
0 1.347727 0.418284 0.01 0.01
0 1.379701 0.420842 0.01 0.01
0 1.398886 0.420842 0.01 0.01
0 1.437255 0.420842 0.01 0.01
0 1.460277 0.417005 0.01 0.01
0 1.424465 0.419563 0.01 0.01
0 1.400165 0.408053 0.01 0.01
0 1.391212 0.413168 0.01 0.01
0 1.402723 0.365846 0.01 0.01
0 1.374585 0.365846 0.01 0.01
0 1.359238 0.382473 0.01 0.01
0 1.355401 0.392705 0.01 0.01
0 1.364353 0.395263 0.01 0.01
0 1.375864 0.390147 0.01 0.01
0 1.360517 0.406774 0.01 0.01
0 1.360517 0.415726 0.01 0.01
0 1.338774 0.408053 0.01 0.01
0 1.313194 0.406774 0.01 0.01
0 1.292731 0.424679 0.01 0.01
0 0.104561 0.422121 0.01 0.01
0 0.084098 0.418284 0.01 0.01
0 0.048286 0.424679 0.01 0.01
0 0.018870 0.434911 0.01 0.01
0 0.020149 0.399100 0.01 0.01
0 0.008638 0.409331 0.01 0.01
0 0.009917 0.353057 0.01 0.01
0 0.077703 0.347941 0.01 0.01
0 0.067471 0.350499 0.01 0.01
0 0.059797 0.353057 0.01 0.01
0 0.052123 0.347941 0.01 0.01
0 0.085377 0.367125 0.01 0.01
0 0.090493 0.397821 0.01 0.01
0 0.071308 0.388868 0.01 0.01
0 0.085377 0.386310 0.01 0.01
0 0.087935 0.381194 0.01 0.01
0 0.098166 0.382473 0.01 0.01
0 0.062355 0.382473 0.01 0.01
0 0.070029 0.381194 0.01 0.01
0 0.135257 0.427237 0.01 0.01
0 0.165952 0.408053 0.01 0.01
0 0.144210 0.404216 0.01 0.01
0 0.162115 0.382473 0.01 0.01
0 0.185137 0.395263 0.01 0.01
0 0.192811 0.409331 0.01 0.01
0 0.213274 0.417005 0.01 0.01
0 0.236296 0.417005 0.01 0.01
0 0.261875 0.438748 0.01 0.01
0 0.223506 0.424679 0.01 0.01
0 0.283618 0.448980 0.01 0.01
0 0.304082 0.438748 0.01 0.01
0 0.284897 0.417005 0.01 0.01
0 0.263154 0.411889 0.01 0.01
0 0.260596 0.399100 0.01 0.01
0 0.241412 0.400379 0.01 0.01
0 0.213274 0.395263 0.01 0.01
0 0.237575 0.383752 0.01 0.01
0 0.223506 0.388868 0.01 0.01
0 0.174905 0.365846 0.01 0.01
0 0.439653 0.443864 0.01 0.01
0 0.405121 0.443864 0.01 0.01
0 0.380820 0.451538 0.01 0.01
0 0.345009 0.460491 0.01 0.01
0 0.336056 0.442585 0.01 0.01
0 0.321987 0.438748 0.01 0.01
0 0.309198 0.428516 0.01 0.01
0 0.321987 0.419563 0.01 0.01
0 0.298966 0.402937 0.01 0.01
0 0.309198 0.410610 0.01 0.01
0 0.309198 0.397821 0.01 0.01
0 0.272107 0.393984 0.01 0.01
0 0.249086 0.388868 0.01 0.01
0 0.254202 0.382473 0.01 0.01
0 0.243970 0.381194 0.01 0.01
0 0.316871 0.367125 0.01 0.01
0 0.060117 0.408258 0.01 0.01
0 0.133019 0.396107 0.01 0.01
0 0.117671 0.402502 0.01 0.01
0 0.104881 0.407618 0.01 0.01
0 0.250684 0.418489 0.01 0.01
0 0.310796 0.387794 0.01 0.01
0 0.299925 0.385236 0.01 0.01
0 0.283298 0.385236 0.01 0.01
0 0.276264 0.380120 0.01 0.01
0 0.265393 0.383318 0.01 0.01
0 0.372827 0.427442 0.01 0.01
0 0.416312 0.433837 0.01 0.01
0 0.425265 0.418489 0.01 0.01
0 0.359397 0.418489 0.01 0.01
0 0.344689 0.418489 0.01 0.01
0 0.351084 0.406339 0.01 0.01
0 0.319110 0.375644 0.01 0.01
0 0.329981 0.380760 0.01 0.01
0 0.308878 0.378202 0.01 0.01
0 0.356839 0.397386 0.01 0.01
0 0.339573 0.392910 0.01 0.01
0 0.338294 0.382678 0.01 0.01
0 0.333178 0.405060 0.01 0.01
0 0.322947 0.402502 0.01 0.01
0 0.321668 0.396107 0.01 0.01
0 0.323586 0.387154 0.01 0.01
0 0.393290 0.392910 0.01 0.01
0 0.377943 0.398026 0.01 0.01
0 0.364513 0.406339 0.01 0.01
0 0.360037 0.387154 0.01 0.01
0 0.372187 0.387794 0.01 0.01
0 0.372827 0.382678 0.01 0.01
0 0.363874 0.380120 0.01 0.01
0 0.345968 0.385236 0.01 0.01
0 0.348526 0.377562 0.01 0.01
0 0.546128 0.279081 0.01 0.01
0 0.578742 0.508018 0.01 0.01
0 0.604321 0.529760 0.01 0.01
0 0.476424 0.460056 0.01 0.01
0 0.500724 0.449824 0.01 0.01
0 0.463634 0.437674 0.01 0.01
0 0.487295 0.428721 0.01 0.01
0 0.501364 0.421047 0.01 0.01
0 0.475145 0.409537 0.01 0.01
0 0.462355 0.392910 0.01 0.01
0 0.470668 0.382678 0.01 0.01
0 0.453402 0.380120 0.01 0.01
0 0.422067 0.398026 0.01 0.01
0 0.438054 0.392910 0.01 0.01
0 0.335097 0.369249 0.01 0.01
0 0.342771 0.366691 0.01 0.01
0 0.396488 0.378202 0.01 0.01
0 0.409917 0.382678 0.01 0.01
0 0.403522 0.410816 0.01 0.01
0 0.390093 0.414013 0.01 0.01
0 0.427823 0.385236 0.01 0.01
0 0.439333 0.380120 0.01 0.01
0 0.501364 0.396107 0.01 0.01
0 0.516712 0.399305 0.01 0.01
0 0.480900 0.387154 0.01 0.01
0 0.495608 0.392910 0.01 0.01
0 0.487935 0.394189 0.01 0.01
0 0.387535 0.369249 0.01 0.01
0 0.620948 0.425524 0.01 0.01
0 0.597927 0.442790 0.01 0.01
0 0.570429 0.467730 0.01 0.01
0 0.532059 0.463254 0.01 0.01
0 0.550604 0.444069 0.01 0.01
0 0.574905 0.446627 0.01 0.01
0 0.551244 0.428721 0.01 0.01
0 0.600485 0.412734 0.01 0.01
0 0.585776 0.398665 0.01 0.01
0 0.587695 0.387794 0.01 0.01
0 0.603043 0.382678 0.01 0.01
0 0.600485 0.366691 0.01 0.01
0 0.596648 0.355180 0.01 0.01
0 0.571068 0.382678 0.01 0.01
0 0.577463 0.383318 0.01 0.01
0 0.498166 0.382678 0.01 0.01
0 0.682979 0.476043 0.01 0.01
0 0.628622 0.472206 0.01 0.01
0 0.608798 0.491391 0.01 0.01
0 0.619669 0.448545 0.01 0.01
0 0.653562 0.378202 0.01 0.01
0 0.723266 0.475404 0.01 0.01
0 0.746927 0.477962 0.01 0.01
0 0.770588 0.495867 0.01 0.01
0 0.785936 0.536795 0.01 0.01
0 0.734777 0.564293 0.01 0.01
0 0.751404 0.518250 0.01 0.01
0 0.723266 0.513773 0.01 0.01
0 0.793610 0.447906 0.01 0.01
0 0.776344 0.446627 0.01 0.01
0 0.760357 0.426163 0.01 0.01
0 0.708558 0.444069 0.01 0.01
0 0.721348 0.435116 0.01 0.01
0 0.695129 0.440871 0.01 0.01
0 0.674026 0.431919 0.01 0.01
0 0.651004 0.448545 0.01 0.01
0 0.670189 0.419768 0.01 0.01
0 0.670189 0.414013 0.01 0.01
0 0.658678 0.398026 0.01 0.01
0 0.684897 0.390352 0.01 0.01
0 0.726464 0.406979 0.01 0.01
0 0.778902 0.420408 0.01 0.01
0 0.777623 0.402502 0.01 0.01
0 0.753322 0.398665 0.01 0.01
0 0.743730 0.401863 0.01 0.01
0 0.776983 0.385236 0.01 0.01
0 0.790413 0.390352 0.01 0.01
0 0.405441 0.396107 0.01 0.01
0 0.421428 0.377562 0.01 0.01
0 0.363874 0.371807 0.01 0.01
0 0.270509 0.373725 0.01 0.01
0 0.094010 0.364772 0.01 0.01
0 0.416312 0.348146 0.01 0.01
0 0.423986 0.436395 0.01 0.01
0 0.438054 0.426163 0.01 0.01
0 0.447007 0.428721 0.01 0.01
0 0.468110 0.421047 0.01 0.01
0 0.780181 0.375644 0.01 0.01
0 0.753322 0.378202 0.01 0.01
0 0.743730 0.375644 0.01 0.01
0 0.725824 0.378202 0.01 0.01
0 0.711116 0.380760 0.01 0.01
0 0.706000 0.387154 0.01 0.01
0 0.701524 0.377562 0.01 0.01
0 0.684258 0.375644 0.01 0.01
0 0.690013 0.366691 0.01 0.01
0 0.679142 0.369249 0.01 0.01
0 0.673386 0.362214 0.01 0.01
0 0.459797 0.369888 0.01 0.01
0 0.409597 0.379001 0.01 0.01
0 0.382419 0.379640 0.01 0.01
0 0.517671 0.385076 0.01 0.01
0 0.513834 0.434636 0.01 0.01
0 0.572027 0.398825 0.01 0.01
0 0.541971 0.485796 0.01 0.01
0 0.646528 0.461495 0.01 0.01
0 0.760676 0.382198 0.01 0.01
0 0.792331 0.373885 0.01 0.01
0 0.761955 0.375804 0.01 0.01
0 0.602403 0.396587 0.01 0.01
0 0.575864 0.367170 0.01 0.01
0 0.451803 0.398505 0.01 0.01
0 0.861556 0.383877 0.01 0.01
0 0.876744 0.388353 0.01 0.01
0 0.871148 0.412974 0.01 0.01
0 0.877063 0.432798 0.01 0.01
0 0.806560 0.407218 0.01 0.01
0 0.766112 0.409137 0.01 0.01
0 0.791851 0.412334 0.01 0.01
0 0.800485 0.386275 0.01 0.01
0 0.804321 0.379081 0.01 0.01
0 0.709357 0.370608 0.01 0.01
0 0.766272 0.389632 0.01 0.01
0 0.885134 0.479241 0.01 0.01
0 0.850602 0.449505 0.01 0.01
0 0.836533 0.446627 0.01 0.01
0 0.835254 0.406339 0.01 0.01
0 0.904639 0.405060 0.01 0.01
0 0.911673 0.428082 0.01 0.01
0 0.891849 0.432558 0.01 0.01
0 0.925102 0.455899 0.01 0.01
0 0.936933 0.500983 0.01 0.01
0 0.846765 0.504181 0.01 0.01
0 0.804878 0.492990 0.01 0.01
0 0.927021 0.375324 0.01 0.01
0 0.952600 0.420728 0.01 0.01
0 0.941089 0.414013 0.01 0.01
0 0.930538 0.426483 0.01 0.01
0 0.939491 0.449824 0.01 0.01
0 0.950682 0.475724 0.01 0.01
0 0.838132 0.468050 0.01 0.01
0 0.803280 0.414013 0.01 0.01
0 0.896325 0.391311 0.01 0.01
0 0.890250 0.389073 0.01 0.01
0 0.941409 0.385556 0.01 0.01
0 0.938212 0.393230 0.01 0.01
0 0.929898 0.386835 0.01 0.01
0 0.912312 0.388753 0.01 0.01
0 0.674103 0.382039 0.01 0.01
0 0.668987 0.369569 0.01 0.01
0 0.817348 0.375644 0.01 0.01
0 0.812552 0.381079 0.01 0.01
0 0.742528 0.388114 0.01 0.01
0 0.906717 0.519529 0.01 0.01
0 0.822304 0.525923 0.01 0.01
0 0.948923 0.397386 0.01 0.01
0 0.961073 0.393549 0.01 0.01
0 0.898404 0.384596 0.01 0.01
0 0.203280 0.371167 0.01 0.01
0 0.217988 0.369888 0.01 0.01
0 0.188571 0.380120 0.01 0.01
0 0.177061 0.392910 0.01 0.01
0 0.203599 0.433357 0.01 0.01
0 0.220226 0.378681 0.01 0.01
0 0.236853 0.376763 0.01 0.01
0 0.227580 0.380600 0.01 0.01
0 0.287053 0.406179 0.01 0.01
0 0.317748 0.415132 0.01 0.01
0 0.357077 0.426643 0.01 0.01
0 0.240370 0.465012 0.01 0.01
0 0.202001 0.470128 0.01 0.01
0 0.101601 0.377722 0.01 0.01
0 0.100002 0.371647 0.01 0.01
0 0.099683 0.395628 0.01 0.01
0 0.162992 0.423445 0.01 0.01
0 0.188252 0.429201 0.01 0.01
0 0.227261 0.397546 0.01 0.01
0 0.239091 0.392110 0.01 0.01
0 0.244846 0.396267 0.01 0.01
0 0.254759 0.393070 0.01 0.01
0 0.354519 0.381879 0.01 0.01
0 0.386493 0.380600 0.01 0.01
0 0.416549 0.413214 0.01 0.01
0 0.127743 0.379640 0.01 0.01
0 0.518382 0.376103 0.01 0.01
0 0.477777 0.375718 0.01 0.01
0 0.468732 0.378027 0.01 0.01
0 0.577078 0.390344 0.01 0.01
0 0.608254 0.427101 0.01 0.01
0 0.690812 0.433259 0.01 0.01
0 0.558796 0.410839 0.01 0.01
0 0.583428 0.382357 0.01 0.01
0 0.643086 0.396213 0.01 0.01
0 0.640392 0.380048 0.01 0.01
0 0.668873 0.448173 0.01 0.01
0 0.731995 0.450867 0.01 0.01
0 0.705437 0.456256 0.01 0.01
0 0.715829 0.529769 0.01 0.01
0 0.960617 0.375045 0.01 0.01
0 0.915201 0.369656 0.01 0.01
0 0.929057 0.361958 0.01 0.01
0 0.919819 0.371965 0.01 0.01
0 0.918280 0.383512 0.01 0.01
0 0.893647 0.381973 0.01 0.01
0 0.912122 0.472036 0.01 0.01
0 0.800505 0.401987 0.01 0.01
0 0.163132 0.525920 0.01 0.01
0 0.314007 0.544395 0.01 0.01
0 0.324784 0.501287 0.01 0.01
0 0.444869 0.636768 0.01 0.01
0 0.539551 0.624451 0.01 0.01
0 0.626536 0.632919 0.01 0.01
0 0.886719 0.407375 0.01 0.01
0 0.926747 0.398138 0.01 0.01
0 0.962927 0.452792 0.01 0.01
0 0.822828 0.473576 0.01 0.01
0 0.734304 0.378124 0.01 0.01
0 0.933675 0.359649 0.01 0.01
0 0.651938 0.425850 0.01 0.01
0 0.502602 0.371965 0.01 0.01
0 0.303231 0.339635 0.01 0.01
0 0.026112 0.359649 0.01 0.01
0 0.021493 0.371196 0.01 0.01
0 0.013796 0.365807 0.01 0.01
0 0.028421 0.365807 0.01 0.01
0 0.026882 0.388900 0.01 0.01
0 0.003789 0.367347 0.01 0.01
0 0.006098 0.455871 0.01 0.01
0 0.913661 0.620602 0.01 0.01
0 0.821288 0.361958 0.01 0.01
0 0.698894 0.384282 0.01 0.01
0 0.692351 0.383320 0.01 0.01
0 0.693506 0.374467 0.01 0.01
0 0.549943 0.379086 0.01 0.01
0 0.675031 0.391402 0.01 0.01
0 0.718524 0.382935 0.01 0.01
0 0.920204 0.390632 0.01 0.01
0 1.503621 0.919406 0.01 0.01
0 1.011314 0.491034 0.01 0.01
0 1.060864 0.491034 0.01 0.01
0 1.086439 0.503821 0.01 0.01
0 1.030894 0.467857 0.01 0.01
0 1.001324 0.463861 0.01 0.01
0 0.979745 0.456668 0.01 0.01
0 0.984540 0.483042 0.01 0.01
0 0.972552 0.475050 0.01 0.01
0 0.974950 0.432692 0.01 0.01
0 0.979745 0.419106 0.01 0.01
0 0.988536 0.407917 0.01 0.01
0 0.981344 0.403921 0.01 0.01
0 0.968556 0.393531 0.01 0.01
0 0.973352 0.387138 0.01 0.01
0 0.982143 0.385539 0.01 0.01
0 0.986938 0.382343 0.01 0.01
0 0.990934 0.357567 0.01 0.01
0 0.975749 0.357567 0.01 0.01
0 0.966159 0.357567 0.01 0.01
0 0.961364 0.358367 0.01 0.01
0 0.998926 0.363162 0.01 0.01
0 1.013312 0.360764 0.01 0.01
0 1.018107 0.359965 0.01 0.01
0 1.030095 0.359965 0.01 0.01
0 1.039685 0.363162 0.01 0.01
0 1.047677 0.363162 0.01 0.01
0 1.058866 0.358367 0.01 0.01
0 1.071653 0.360764 0.01 0.01
0 1.082043 0.363162 0.01 0.01
0 1.086039 0.363162 0.01 0.01
0 1.108417 0.373551 0.01 0.01
0 1.133991 0.385539 0.01 0.01
0 1.146778 0.392732 0.01 0.01
0 1.140385 0.402323 0.01 0.01
0 1.136389 0.409515 0.01 0.01
0 1.144381 0.422303 0.01 0.01
0 1.151573 0.407917 0.01 0.01
0 1.169955 0.403921 0.01 0.01
0 1.184341 0.398327 0.01 0.01
0 1.217907 0.402323 0.01 0.01
0 1.202722 0.398327 0.01 0.01
0 1.238686 0.403921 0.01 0.01
0 1.256269 0.398327 0.01 0.01
0 1.273052 0.398327 0.01 0.01
0 1.276249 0.393531 0.01 0.01
0 1.295430 0.395130 0.01 0.01
0 1.321004 0.376748 0.01 0.01
0 1.333791 0.388736 0.01 0.01
0 1.305020 0.388736 0.01 0.01
0 1.269855 0.389535 0.01 0.01
0 1.245879 0.387138 0.01 0.01
0 1.235490 0.377547 0.01 0.01
0 1.220305 0.371154 0.01 0.01
0 1.210714 0.374351 0.01 0.01
0 1.173152 0.371154 0.01 0.01
0 1.152373 0.376748 0.01 0.01
0 1.153172 0.368756 0.01 0.01
0 1.145979 0.368756 0.01 0.01
0 1.113212 0.365559 0.01 0.01
0 1.102822 0.365559 0.01 0.01
0 1.097228 0.369555 0.01 0.01
0 1.173951 0.371154 0.01 0.01
0 1.185939 0.366359 0.01 0.01
0 1.180345 0.366359 0.01 0.01
0 1.052473 0.411114 0.01 0.01
0 1.035689 0.404720 0.01 0.01
0 1.030095 0.427897 0.01 0.01
0 1.058067 0.431893 0.01 0.01
0 1.074850 0.456668 0.01 0.01
0 1.102023 0.455869 0.01 0.01
0 1.001324 0.434291 0.01 0.01
0 1.003721 0.417507 0.01 0.01
0 1.020504 0.420704 0.01 0.01
0 1.015709 0.404720 0.01 0.01
0 0.996528 0.394331 0.01 0.01
0 1.010914 0.388736 0.01 0.01
0 1.014111 0.383941 0.01 0.01
0 0.990934 0.379945 0.01 0.01
0 1.010914 0.391134 0.01 0.01
0 1.026099 0.391134 0.01 0.01
0 1.025300 0.387138 0.01 0.01
0 1.030095 0.378347 0.01 0.01
0 1.033292 0.389535 0.01 0.01
0 1.047677 0.383941 0.01 0.01
0 1.079645 0.388736 0.01 0.01
0 1.051673 0.392732 0.01 0.01
0 1.076449 0.407917 0.01 0.01
0 1.069256 0.407917 0.01 0.01
0 1.072453 0.398327 0.01 0.01
0 1.087637 0.398327 0.01 0.01
0 1.092433 0.407917 0.01 0.01
0 1.110015 0.424700 0.01 0.01
0 1.094031 0.434291 0.01 0.01
0 1.121204 0.424700 0.01 0.01
0 1.134790 0.433492 0.01 0.01
0 1.118806 0.410315 0.01 0.01
0 1.118806 0.395130 0.01 0.01
0 1.102822 0.398327 0.01 0.01
0 1.104421 0.407917 0.01 0.01
0 1.109216 0.388736 0.01 0.01
0 1.127597 0.385539 0.01 0.01
0 1.099625 0.383142 0.01 0.01
0 1.193132 0.383142 0.01 0.01
0 1.160365 0.387138 0.01 0.01
0 1.152373 0.387937 0.01 0.01
0 1.155569 0.402323 0.01 0.01
0 1.199525 0.394331 0.01 0.01
0 1.221104 0.396728 0.01 0.01
0 1.225899 0.387937 0.01 0.01
0 1.323402 0.424700 0.01 0.01
0 1.337787 0.430295 0.01 0.01
0 1.490435 0.395130 0.01 0.01
0 1.500025 0.405519 0.01 0.01
0 1.503222 0.421503 0.01 0.01
0 1.480045 0.443082 0.01 0.01
0 1.455270 0.447078 0.01 0.01
0 1.453671 0.462263 0.01 0.01
0 1.524001 0.624500 0.01 0.01
0 1.413711 0.621304 0.01 0.01
0 1.592732 0.476648 0.01 0.01
