0 0.316761 0.846343 0.01 0.01
0 0.327650 0.726561 0.01 0.01
0 0.758866 0.482641 0.01 0.01
0 0.994074 0.467396 0.01 0.01
0 1.107323 0.558866 0.01 0.01
0 1.220572 0.545799 0.01 0.01
0 1.255418 0.430372 0.01 0.01
0 1.346888 0.515309 0.01 0.01
0 1.460136 0.484819 0.01 0.01
0 1.590808 0.491352 0.01 0.01
0 1.462314 0.685182 0.01 0.01
0 1.582096 0.301878 0.01 0.01
0 1.492804 0.312768 0.01 0.01
0 0.301516 0.336724 0.01 0.01
0 0.399519 0.277922 0.01 0.01
0 0.353784 0.234365 0.01 0.01
0 0.430009 0.195163 0.01 0.01
0 0.477922 0.256143 0.01 0.01
0 0.504056 0.295345 0.01 0.01
0 0.547614 0.284456 0.01 0.01
0 0.599882 0.230009 0.01 0.01
0 0.610771 0.184274 0.01 0.01
0 0.693530 0.232187 0.01 0.01
0 0.706597 0.164673 0.01 0.01
0 0.710953 0.297523 0.01 0.01
0 0.885182 0.330191 0.01 0.01
0 0.872114 0.134183 0.01 0.01
0 1.033276 0.208231 0.01 0.01
0 1.146525 0.192986 0.01 0.01
0 1.545073 0.164673 0.01 0.01
0 1.588630 0.160318 0.01 0.01
0 1.549428 0.103693 0.01 0.01
0 1.529828 0.114583 0.01 0.01
0 0.132731 0.053875 0.01 0.01
0 0.127287 0.068031 0.01 0.01
0 0.167577 0.090354 0.01 0.01
0 0.162677 0.039174 0.01 0.01
0 0.178467 0.041352 0.01 0.01
0 0.190989 0.053875 0.01 0.01
0 0.190445 0.084909 0.01 0.01
0 0.214401 0.071298 0.01 0.01
0 0.210045 0.052786 0.01 0.01
0 0.218757 0.046797 0.01 0.01
0 0.255780 0.031552 0.01 0.01
0 0.262859 0.057686 0.01 0.01
0 0.270481 0.070753 0.01 0.01
0 0.280826 0.062586 0.01 0.01
0 0.297704 0.058231 0.01 0.01
0 0.354873 0.029918 0.01 0.01
0 0.369574 0.084909 0.01 0.01
0 0.327650 0.077831 0.01 0.01
0 0.335272 0.115399 0.01 0.01
0 0.433730 0.084501 0.01 0.01
0 0.428013 0.068167 0.01 0.01
0 0.414401 0.063539 0.01 0.01
0 0.418485 0.008820 0.01 0.01
0 0.434819 0.008004 0.01 0.01
0 0.449247 0.009909 0.01 0.01
0 0.419846 0.017532 0.01 0.01
0 0.426652 0.020254 0.01 0.01
0 0.434274 0.028149 0.01 0.01
0 0.444074 0.033049 0.01 0.01
0 0.453875 0.030055 0.01 0.01
0 0.442713 0.042849 0.01 0.01
0 0.438085 0.055917 0.01 0.01
0 0.442713 0.071162 0.01 0.01
0 0.462859 0.072251 0.01 0.01
0 0.462314 0.061633 0.01 0.01
0 0.477559 0.028966 0.01 0.01
0 0.485726 0.024610 0.01 0.01
0 0.468031 0.015082 0.01 0.01
0 0.486543 0.064356 0.01 0.01
0 0.482459 0.052650 0.01 0.01
0 0.494710 0.082595 0.01 0.01
0 0.483548 0.094574 0.01 0.01
0 0.486815 0.117713 0.01 0.01
0 0.524111 0.062450 0.01 0.01
0 0.540989 0.004192 0.01 0.01
0 0.520844 0.003104 0.01 0.01
0 0.543439 0.037677 0.01 0.01
0 0.540173 0.104102 0.01 0.01
0 0.555690 0.094029 0.01 0.01
0 0.569301 0.142486 0.01 0.01
0 0.591624 0.094574 0.01 0.01
0 0.587541 0.047205 0.01 0.01
0 0.594347 0.040672 0.01 0.01
0 0.574746 0.038494 0.01 0.01
0 0.569029 0.023793 0.01 0.01
0 0.566035 0.015626 0.01 0.01
0 0.552151 0.018349 0.01 0.01
0 0.584274 0.011271 0.01 0.01
0 0.580191 0.005554 0.01 0.01
0 0.597614 0.003648 0.01 0.01
0 0.606053 0.003104 0.01 0.01
0 0.610681 0.015898 0.01 0.01
0 0.629465 0.018349 0.01 0.01
0 0.595980 0.026243 0.01 0.01
0 0.621570 0.077423 0.01 0.01
0 0.610953 0.109819 0.01 0.01
0 0.658049 0.095935 0.01 0.01
0 0.660771 0.055644 0.01 0.01
0 0.653693 0.015626 0.01 0.01
0 0.677378 0.021343 0.01 0.01
0 0.670300 0.022432 0.01 0.01
0 0.643076 0.008276 0.01 0.01
0 0.667849 0.004192 0.01 0.01
0 0.496071 0.230009 0.01 0.01
0 0.513494 0.211497 0.01 0.01
0 0.524383 0.199519 0.01 0.01
0 0.534183 0.160318 0.01 0.01
0 0.710953 0.052786 0.01 0.01
0 0.723476 0.023385 0.01 0.01
0 0.721298 0.007051 0.01 0.01
0 0.746888 0.015762 0.01 0.01
0 0.771388 0.008684 0.01 0.01
0 0.779011 0.032641 0.01 0.01
0 0.761588 0.065309 0.01 0.01
0 0.743076 0.052786 0.01 0.01
0 0.733276 0.113766 0.01 0.01
0 0.757232 0.132278 0.01 0.01
0 0.788267 0.111588 0.01 0.01
0 0.787722 0.088176 0.01 0.01
0 0.822568 0.070753 0.01 0.01
0 0.829102 0.113766 0.01 0.01
0 0.863947 0.084365 0.01 0.01
0 0.893349 0.040263 0.01 0.01
0 0.883548 0.007051 0.01 0.01
0 0.900427 0.000517 0.01 0.01
0 0.844347 0.005962 0.01 0.01
0 0.832369 0.014129 0.01 0.01
0 0.824746 0.005962 0.01 0.01
0 0.805690 0.012496 0.01 0.01
0 0.973385 0.017396 0.01 0.01
0 0.988630 0.013584 0.01 0.01
0 1.012042 0.008140 0.01 0.01
0 1.025109 0.005962 0.01 0.01
0 1.043621 0.048975 0.01 0.01
0 1.064310 0.005962 0.01 0.01
0 1.073022 0.025018 0.01 0.01
0 1.113312 0.014129 0.01 0.01
0 1.126379 0.008140 0.01 0.01
0 1.142713 0.044074 0.01 0.01
0 1.077922 0.105055 0.01 0.01
0 1.050699 0.113222 0.01 0.01
0 1.100790 0.143712 0.01 0.01
0 1.206779 0.148067 0.01 0.01
0 1.208957 0.098521 0.01 0.01
0 1.172477 0.092532 0.01 0.01
0 1.186089 0.075653 0.01 0.01
0 1.175744 0.051697 0.01 0.01
0 1.200245 0.040263 0.01 0.01
0 1.230191 0.021207 0.01 0.01
0 1.230191 0.008684 0.01 0.01
0 1.282459 0.002151 0.01 0.01
0 1.297160 0.038630 0.01 0.01
0 1.265036 0.061497 0.01 0.01
0 1.287359 0.095799 0.01 0.01
0 1.356506 0.011951 0.01 0.01
0 1.384274 0.018485 0.01 0.01
0 1.327650 0.122477 0.01 0.01
0 1.378285 0.166035 0.01 0.01
0 1.420390 0.046252 0.01 0.01
0 1.467214 0.017396 0.01 0.01
0 1.436724 0.005962 0.01 0.01
0 1.521116 0.045163 0.01 0.01
0 1.543984 0.053875 0.01 0.01
0 1.591897 0.034819 0.01 0.01
0 0.361449 0.894559 0.01 0.01
0 0.630345 0.481182 0.01 0.01
0 0.420312 0.470479 0.01 0.01
0 0.101917 1.063121 0.01 0.01
0 0.145061 0.058272 0.01 0.01
0 0.191549 0.034860 0.01 0.01
0 0.200914 0.033523 0.01 0.01
0 0.151081 0.039543 0.01 0.01
0 0.144058 0.039543 0.01 0.01
0 0.118974 0.053590 0.01 0.01
0 0.259442 0.228506 0.01 0.01
0 0.342051 0.146733 0.01 0.01
0 0.170312 0.054175 0.01 0.01
0 0.386365 0.032436 0.01 0.01
0 0.393891 0.055011 0.01 0.01
0 0.395228 0.096483 0.01 0.01
0 0.395396 0.083606 0.01 0.01
0 0.438205 0.130095 0.01 0.01
0 0.432687 0.110111 0.01 0.01
0 0.394225 0.219141 0.01 0.01
0 0.590212 0.324325 0.01 0.01
0 0.528172 0.045312 0.01 0.01
0 0.555262 0.039794 0.01 0.01
0 0.639877 0.034777 0.01 0.01
0 0.529677 0.002335 0.01 0.01
0 0.721984 0.079342 0.01 0.01
0 0.610947 0.153590 0.01 0.01
0 0.801583 0.137703 0.01 0.01
0 0.887202 0.187536 0.01 0.01
0 0.510947 0.189877 0.01 0.01
0 0.893222 0.273824 0.01 0.01
0 0.938038 0.164794 0.01 0.01
0 0.631014 0.271483 0.01 0.01
0 0.542386 0.230011 0.01 0.01
0 0.873155 0.250580 0.01 0.01
0 0.858439 0.154091 0.01 0.01
0 0.935028 0.017720 0.01 0.01
0 0.816299 0.046566 0.01 0.01
0 0.815630 0.028172 0.01 0.01
0 1.178840 0.261784 0.01 0.01
0 1.328673 0.182854 0.01 0.01
