0 0.483208 0.686912 0.01 0.01
0 0.695060 0.609875 0.01 0.01
0 0.755801 1.033578 0.01 0.01
0 0.834319 0.906171 0.01 0.01
0 1.106912 0.651356 0.01 0.01
0 1.195801 0.772838 0.01 0.01
0 1.246171 0.652838 0.01 0.01
0 1.392838 0.679504 0.01 0.01
0 1.474319 0.495801 0.01 0.01
0 1.305430 0.483949 0.01 0.01
0 1.194319 0.503208 0.01 0.01
0 1.109875 0.512097 0.01 0.01
0 1.034319 0.408393 0.01 0.01
0 1.080245 0.399504 0.01 0.01
0 1.152838 1.184690 0.01 0.01
0 0.575060 0.338764 0.01 0.01
0 0.610615 0.334319 0.01 0.01
0 0.724690 0.309134 0.01 0.01
0 0.869875 0.292838 0.01 0.01
0 0.892097 0.294319 0.01 0.01
0 0.881727 0.218764 0.01 0.01
0 0.930615 0.221727 0.01 0.01
0 1.228393 0.289875 0.01 0.01
0 1.290615 0.263208 0.01 0.01
0 1.266912 0.230615 0.01 0.01
0 1.336541 0.257282 0.01 0.01
0 1.280245 0.218764 0.01 0.01
0 1.357282 0.315060 0.01 0.01
0 1.380986 0.303208 0.01 0.01
0 1.395801 0.233578 0.01 0.01
0 1.357282 0.238023 0.01 0.01
0 1.343949 0.215801 0.01 0.01
0 0.007653 0.282467 0.01 0.01
0 1.500986 0.242467 0.01 0.01
0 1.471356 0.238023 0.01 0.01
0 1.514319 0.236541 0.01 0.01
0 1.218764 0.147467 0.01 0.01
0 1.216171 0.129690 0.01 0.01
0 1.261356 0.162282 0.01 0.01
0 1.233578 0.158949 0.01 0.01
0 1.235801 0.150430 0.01 0.01
0 1.206541 0.245245 0.01 0.01
0 1.264690 0.152282 0.01 0.01
0 1.246541 0.129690 0.01 0.01
0 1.324319 0.146727 0.01 0.01
0 1.360615 0.154504 0.01 0.01
0 1.361356 0.141912 0.01 0.01
0 1.387653 0.161541 0.01 0.01
0 1.372838 0.188578 0.01 0.01
0 1.399504 0.188208 0.01 0.01
0 1.415060 0.173023 0.01 0.01
0 1.492838 0.235245 0.01 0.01
0 1.523578 0.137838 0.01 0.01
0 1.532467 0.130801 0.01 0.01
0 1.526171 0.087467 0.01 0.01
0 1.509875 0.095615 0.01 0.01
0 1.539504 0.099690 0.01 0.01
0 1.579875 0.072282 0.01 0.01
0 1.483578 0.091912 0.01 0.01
0 1.460986 0.123764 0.01 0.01
0 1.455801 0.128578 0.01 0.01
0 1.446541 0.105986 0.01 0.01
0 1.450245 0.084134 0.01 0.01
0 1.438393 0.086727 0.01 0.01
0 1.422097 0.062282 0.01 0.01
0 1.398393 0.083393 0.01 0.01
0 1.385801 0.083764 0.01 0.01
0 1.353949 0.078208 0.01 0.01
0 1.333949 0.086356 0.01 0.01
0 1.336912 0.065986 0.01 0.01
0 1.313949 0.086727 0.01 0.01
0 1.315801 0.079319 0.01 0.01
0 1.307653 0.074504 0.01 0.01
0 1.299875 0.084875 0.01 0.01
0 1.288023 0.070430 0.01 0.01
0 1.201727 0.077838 0.01 0.01
0 1.213949 0.069690 0.01 0.01
0 1.240615 0.067097 0.01 0.01
0 1.592653 0.130662 0.01 0.01
0 1.557838 0.308486 0.01 0.01
0 1.589504 0.271264 0.01 0.01
0 0.915801 0.143578 0.01 0.01
0 0.864690 0.136171 0.01 0.01
0 0.932097 0.120615 0.01 0.01
0 0.968393 0.136912 0.01 0.01
0 1.026912 0.134690 0.01 0.01
0 1.058764 0.132467 0.01 0.01
0 1.094319 0.173208 0.01 0.01
0 1.127653 0.165060 0.01 0.01
0 1.188393 0.165060 0.01 0.01
0 1.198764 0.142838 0.01 0.01
0 1.078764 0.119134 0.01 0.01
0 1.106171 0.132467 0.01 0.01
0 0.775060 0.178949 0.01 0.01
0 0.819875 0.067097 0.01 0.01
0 0.839134 0.070801 0.01 0.01
0 0.875430 0.075615 0.01 0.01
0 0.859875 0.085986 0.01 0.01
0 0.929875 0.070801 0.01 0.01
0 0.946912 0.085245 0.01 0.01
0 0.923208 0.073764 0.01 0.01
0 0.905060 0.051541 0.01 0.01
0 0.769134 0.078208 0.01 0.01
0 0.793949 0.061912 0.01 0.01
0 0.770615 0.059690 0.01 0.01
0 0.804319 0.053023 0.01 0.01
0 0.711541 0.042236 0.01 0.01
0 0.709967 0.023254 0.01 0.01
0 0.706541 0.020199 0.01 0.01
0 0.691078 0.026217 0.01 0.01
0 0.687097 0.023347 0.01 0.01
0 0.724690 0.033440 0.01 0.01
0 0.734134 0.030569 0.01 0.01
0 0.738393 0.029180 0.01 0.01
0 0.733486 0.048995 0.01 0.01
0 0.769412 0.029458 0.01 0.01
0 0.654504 0.066078 0.01 0.01
0 0.677467 0.092560 0.01 0.01
0 0.567838 0.066356 0.01 0.01
0 0.590430 0.055245 0.01 0.01
0 0.630430 0.062653 0.01 0.01
0 0.538949 0.103393 0.01 0.01
0 0.539690 0.066727 0.01 0.01
0 0.621541 0.161541 0.01 0.01
0 0.673023 0.176356 0.01 0.01
0 0.743764 0.187838 0.01 0.01
0 0.748949 0.154875 0.01 0.01
0 0.725986 0.297838 0.01 0.01
0 0.374134 0.202838 0.01 0.01
0 0.452653 0.197653 0.01 0.01
0 0.413393 0.106541 0.01 0.01
0 0.435615 0.105801 0.01 0.01
0 0.526727 0.158393 0.01 0.01
0 0.218023 0.176171 0.01 0.01
0 0.295060 0.205060 0.01 0.01
0 0.089134 0.090060 0.01 0.01
0 0.163578 0.095986 0.01 0.01
0 0.036541 0.035523 0.01 0.01
0 0.055245 0.042745 0.01 0.01
0 0.091171 0.031819 0.01 0.01
0 0.121727 0.039412 0.01 0.01
0 0.007375 0.028903 0.01 0.01
0 0.181819 0.020477 0.01 0.01
0 0.158115 0.017977 0.01 0.01
0 0.330245 0.055986 0.01 0.01
0 0.343208 0.053023 0.01 0.01
0 0.374319 0.075245 0.01 0.01
0 0.227097 0.006981 0.01 0.01
0 0.247143 0.013139 0.01 0.01
0 0.262560 0.011657 0.01 0.01
0 0.310986 0.034227 0.01 0.01
0 0.330801 0.029227 0.01 0.01
0 0.415986 0.067930 0.01 0.01
0 0.387653 0.082930 0.01 0.01
0 0.418764 0.052745 0.01 0.01
0 0.443578 0.069227 0.01 0.01
0 0.471727 0.057375 0.01 0.01
0 0.482282 0.069967 0.01 0.01
0 0.498393 0.067004 0.01 0.01
0 0.492653 0.049967 0.01 0.01
0 0.498023 0.027190 0.01 0.01
0 0.358949 0.046819 0.01 0.01
0 0.314967 0.023162 0.01 0.01
0 0.299782 0.018347 0.01 0.01
0 0.307467 0.021403 0.01 0.01
0 0.339643 0.006703 0.01 0.01
0 0.353440 0.012213 0.01 0.01
0 0.384967 0.013995 0.01 0.01
0 0.298278 0.007780 0.01 0.01
0 0.940986 0.044782 0.01 0.01
0 0.995615 0.070523 0.01 0.01
0 0.943023 0.020569 0.01 0.01
0 0.926171 0.012699 0.01 0.01
0 0.952930 0.015754 0.01 0.01
0 0.975986 0.021865 0.01 0.01
0 0.963486 0.015569 0.01 0.01
0 0.854227 0.041819 0.01 0.01
0 0.793856 0.042004 0.01 0.01
0 0.818115 0.049227 0.01 0.01
0 0.778486 0.044967 0.01 0.01
0 1.444601 0.041154 0.01 0.01
0 1.477368 0.047148 0.01 0.01
0 1.096349 0.051144 0.01 0.01
0 1.112333 0.061933 0.01 0.01
0 1.121524 0.043951 0.01 0.01
0 1.129116 0.047548 0.01 0.01
0 1.114331 0.041554 0.01 0.01
0 1.109536 0.030765 0.01 0.01
0 1.093552 0.035560 0.01 0.01
0 1.073971 0.051144 0.01 0.01
0 1.080765 0.036359 0.01 0.01
0 1.067578 0.037158 0.01 0.01
0 1.062383 0.057538 0.01 0.01
0 1.043602 0.043951 0.01 0.01
0 1.030815 0.050745 0.01 0.01
0 0.928717 0.024895 0.01 0.01
0 0.616729 0.008874 0.01 0.01
0 0.608837 0.006776 0.01 0.01
0 0.628617 0.012670 0.01 0.01
0 0.626119 0.007276 0.01 0.01
0 0.629915 0.020163 0.01 0.01
0 0.619126 0.021661 0.01 0.01
0 0.612733 0.019164 0.01 0.01
0 0.603042 0.029154 0.01 0.01
0 0.583162 0.043340 0.01 0.01
0 0.649596 0.019963 0.01 0.01
0 0.655190 0.023359 0.01 0.01
0 0.569676 0.024159 0.01 0.01
0 0.668577 0.033287 0.01 0.01
0 0.540904 0.019101 0.01 0.01
0 0.540904 0.043477 0.01 0.01
0 0.554091 0.045075 0.01 0.01
0 0.524920 0.029491 0.01 0.01
0 0.513732 0.008556 0.01 0.01
0 0.558087 0.011671 0.01 0.01
0 0.512533 0.045537 0.01 0.01
0 0.181814 0.003361 0.01 0.01
0 0.200395 0.008206 0.01 0.01
0 0.469376 0.071524 0.01 0.01
0 0.212433 0.002793 0.01 0.01
0 0.655095 0.002753 0.01 0.01
0 0.581850 0.003004 0.01 0.01
0 0.754426 0.030429 0.01 0.01
0 0.714961 0.034442 0.01 0.01
0 0.683021 0.021901 0.01 0.01
0 0.382185 0.001667 0.01 0.01
