0 0.076772 0.438222 0.01 0.01
0 0.009215 0.315703 0.01 0.01
0 0.010360 0.220665 0.01 0.01
0 0.122573 0.225245 0.01 0.01
0 0.128299 0.188604 0.01 0.01
0 0.169520 0.211505 0.01 0.01
0 0.230207 0.217230 0.01 0.01
0 0.251963 0.211505 0.01 0.01
0 0.298909 0.189749 0.01 0.01
0 0.341276 0.169138 0.01 0.01
0 0.343566 0.201199 0.01 0.01
0 0.367612 0.185169 0.01 0.01
0 0.377917 0.185169 0.01 0.01
0 0.475245 0.193184 0.01 0.01
0 0.499291 0.219520 0.01 0.01
0 0.435169 0.401581 0.01 0.01
0 0.398528 0.461123 0.01 0.01
0 0.318375 0.458833 0.01 0.01
0 0.229062 0.465703 0.01 0.01
0 0.462650 0.344329 0.01 0.01
0 0.495856 0.305398 0.01 0.01
0 0.555398 0.305398 0.01 0.01
0 0.622955 0.465703 0.01 0.01
0 0.576008 0.525245 0.01 0.01
0 0.534787 0.474863 0.01 0.01
0 0.738604 0.414176 0.01 0.01
0 0.297573 0.594520 0.01 0.01
0 0.412077 0.743375 0.01 0.01
0 0.876963 0.427344 0.01 0.01
0 0.920474 0.390703 0.01 0.01
0 0.838031 0.308260 0.01 0.01
0 0.816848 0.172573 0.01 0.01
0 0.941657 0.103871 0.01 0.01
0 0.959978 0.084405 0.01 0.01
0 0.907306 0.088986 0.01 0.01
0 0.959978 0.159978 0.01 0.01
0 0.943947 0.143947 0.01 0.01
0 0.879825 0.209215 0.01 0.01
0 0.854634 0.273337 0.01 0.01
0 0.935932 0.194329 0.01 0.01
0 1.010360 0.141657 0.01 0.01
0 1.065321 0.173718 0.01 0.01
0 1.172955 0.180589 0.01 0.01
0 1.126008 0.269902 0.01 0.01
0 1.074482 0.432497 0.01 0.01
0 1.117993 0.413031 0.01 0.01
0 1.134024 0.619138 0.01 0.01
0 1.222192 0.241276 0.01 0.01
0 1.296619 0.225245 0.01 0.01
0 1.293184 0.132497 0.01 0.01
0 1.359596 0.108451 0.01 0.01
0 1.388222 0.209215 0.01 0.01
0 1.406543 0.172573 0.01 0.01
0 1.404253 0.320283 0.01 0.01
0 1.280589 0.435932 0.01 0.01
0 1.156352 0.729634 0.01 0.01
0 1.277726 0.944902 0.01 0.01
0 1.270856 1.077726 0.01 0.01
0 1.151772 1.123528 0.01 0.01
0 1.460932 0.747955 0.01 0.01
0 1.582306 0.791466 0.01 0.01
0 1.490703 0.434215 0.01 0.01
0 1.573146 0.573909 0.01 0.01
0 1.516848 0.156543 0.01 0.01
0 1.495092 0.113031 0.01 0.01
0 1.429825 0.097001 0.01 0.01
0 1.402344 0.084405 0.01 0.01
0 1.400054 0.059215 0.01 0.01
0 1.451581 0.023718 0.01 0.01
0 1.544329 0.024863 0.01 0.01
0 1.566085 0.066085 0.01 0.01
0 1.591276 0.097001 0.01 0.01
0 1.501963 0.083260 0.01 0.01
0 1.531734 0.106161 0.01 0.01
0 1.469902 0.095856 0.01 0.01
0 1.528203 0.078394 0.01 0.01
0 0.923337 0.040894 0.01 0.01
0 0.908451 0.055779 0.01 0.01
0 0.890131 0.042039 0.01 0.01
0 1.018375 0.032879 0.01 0.01
0 1.042421 0.028299 0.01 0.01
0 1.056161 0.028299 0.01 0.01
0 1.080207 0.048909 0.01 0.01
0 1.098528 0.029444 0.01 0.01
0 1.124863 0.047764 0.01 0.01
0 0.013604 0.619711 0.01 0.01
0 0.977153 0.040894 0.01 0.01
