0 0.207290 0.964237 0.01 0.01
0 0.150930 0.750539 0.01 0.01
0 0.129795 0.511008 0.01 0.01
0 0.176762 0.464042 0.01 0.01
0 0.031165 0.346625 0.01 0.01
0 0.007681 0.250343 0.01 0.01
0 0.141537 0.191635 0.01 0.01
0 0.193200 0.245646 0.01 0.01
0 0.317662 0.520402 0.01 0.01
0 0.536057 0.384198 0.01 0.01
0 0.632339 0.379501 0.01 0.01
0 0.599462 0.327838 0.01 0.01
0 0.777936 0.344276 0.01 0.01
0 0.857779 0.496918 0.01 0.01
0 0.954061 0.346625 0.01 0.01
0 1.062085 0.553278 0.01 0.01
0 1.090265 0.677740 0.01 0.01
0 1.252300 0.705920 0.01 0.01
0 1.264042 0.334883 0.01 0.01
0 1.327447 0.316096 0.01 0.01
0 1.456605 0.330186 0.01 0.01
0 1.524707 0.290265 0.01 0.01
0 1.588112 0.236253 0.01 0.01
0 1.545842 0.132926 0.01 0.01
0 1.503572 0.132926 0.01 0.01
0 1.437818 0.128229 0.01 0.01
0 1.449560 0.062476 0.01 0.01
0 1.489482 0.074218 0.01 0.01
0 1.520010 0.057779 0.01 0.01
0 1.303963 0.015509 0.01 0.01
0 1.233513 0.111791 0.01 0.01
0 1.148973 0.015509 0.01 0.01
0 1.047995 0.083611 0.01 0.01
0 1.071478 0.062476 0.01 0.01
0 1.055040 0.024903 0.01 0.01
0 1.052691 0.008464 0.01 0.01
0 0.961106 0.024903 0.01 0.01
0 0.622946 0.189286 0.01 0.01
0 0.430382 0.151713 0.01 0.01
0 0.442124 0.123533 0.01 0.01
0 0.324707 0.250343 0.01 0.01
0 0.207290 0.139971 0.01 0.01
0 0.181458 0.132926 0.01 0.01
0 0.237818 0.083611 0.01 0.01
0 0.211987 0.024903 0.01 0.01
0 0.479697 0.046038 0.01 0.01
0 0.052300 0.168151 0.01 0.01
0 0.028817 0.135274 0.01 0.01
0 0.047603 0.132926 0.01 0.01
0 0.017075 0.076566 0.01 0.01
0 1.169476 0.033612 0.01 0.01
0 0.220025 0.243002 0.01 0.01
0 0.502942 0.402843 0.01 0.01
0 0.862982 0.386958 0.01 0.01
0 0.958087 0.087258 0.01 0.01
0 0.919726 0.064880 0.01 0.01
0 1.002843 0.034511 0.01 0.01
0 1.060385 0.033712 0.01 0.01
0 1.034011 0.044900 0.01 0.01
0 1.228217 0.041704 0.01 0.01
0 1.359286 0.071274 0.01 0.01
0 1.428817 0.036109 0.01 0.01
0 1.537508 0.015330 0.01 0.01
0 0.186059 0.120825 0.01 0.01
0 0.202043 0.117628 0.01 0.01
0 0.275570 0.019326 0.01 0.01
0 0.305939 0.058487 0.01 0.01
0 0.379466 0.134411 0.01 0.01
0 0.357887 0.235110 0.01 0.01
0 0.584860 0.155190 0.01 0.01
0 0.722323 0.283062 0.01 0.01
0 0.219643 0.887871 0.01 0.01
0 0.488874 0.016131 0.01 0.01
0 0.513957 0.003757 0.01 0.01
0 0.570145 0.037536 0.01 0.01
0 0.646733 0.012452 0.01 0.01
0 0.676165 0.007770 0.01 0.01
0 0.494894 0.037202 0.01 0.01
0 0.192218 0.069476 0.01 0.01
0 0.910613 0.045897 0.01 0.01
0 1.117302 0.004426 0.01 0.01
0 1.203924 0.013790 0.01 0.01
0 1.378840 0.008105 0.01 0.01
0 1.592218 0.013790 0.01 0.01
0 1.596901 0.088205 0.01 0.01
