0 0.290619 0.776181 0.01 0.01
0 0.231796 0.627518 0.01 0.01
0 0.397571 0.691689 0.01 0.01
0 0.524844 0.778320 0.01 0.01
0 0.589015 0.857464 0.01 0.01
0 0.745165 0.805058 0.01 0.01
0 0.771903 0.684202 0.01 0.01
0 0.710940 0.575111 0.01 0.01
0 0.551582 0.629657 0.01 0.01
0 0.515218 0.397571 0.01 0.01
0 0.413614 0.372972 0.01 0.01
0 0.377250 0.357999 0.01 0.01
0 0.321635 0.257464 0.01 0.01
0 0.314149 0.206127 0.01 0.01
0 0.215753 0.215753 0.01 0.01
0 0.178320 0.195432 0.01 0.01
0 0.068160 0.357999 0.01 0.01
0 0.026448 0.584737 0.01 0.01
0 0.855325 0.555860 0.01 0.01
0 0.893828 0.505593 0.01 0.01
0 0.841422 0.408266 0.01 0.01
0 0.664951 0.312010 0.01 0.01
0 0.602919 0.252117 0.01 0.01
0 0.462812 0.262812 0.01 0.01
0 0.439283 0.200780 0.01 0.01
0 1.098106 0.428587 0.01 0.01
0 1.139817 0.401849 0.01 0.01
0 1.186876 0.457464 0.01 0.01
0 1.212545 0.359069 0.01 0.01
0 1.337678 0.350512 0.01 0.01
0 1.383668 0.325914 0.01 0.01
0 1.498106 0.282063 0.01 0.01
0 1.574710 0.111609 0.01 0.01
0 1.574443 0.243427 0.01 0.01
0 1.092424 0.053520 0.01 0.01
0 1.106462 0.047371 0.01 0.01
0 1.141488 0.028922 0.01 0.01
0 0.963614 0.082732 0.01 0.01
0 1.352718 0.054724 0.01 0.01
0 1.437879 0.029456 0.01 0.01
0 1.454456 0.030526 0.01 0.01
0 1.474911 0.036676 0.01 0.01
0 0.689955 0.105540 0.01 0.01
0 0.776269 0.124721 0.01 0.01
0 0.771474 0.055989 0.01 0.01
0 0.713931 0.038407 0.01 0.01
0 0.675570 0.075170 0.01 0.01
0 0.928117 0.052793 0.01 0.01
0 0.900944 0.071973 0.01 0.01
0 1.527518 0.022423 0.01 0.01
0 1.591454 0.019226 0.01 0.01
0 1.191853 0.012833 0.01 0.01
0 1.029008 0.005931 0.01 0.01
0 1.396901 0.051248 0.01 0.01
