0 0.092146 1.167518 0.01 0.01
0 0.274625 0.489171 0.01 0.01
0 0.849832 0.653799 0.01 0.01
0 0.804212 0.465369 0.01 0.01
0 0.865700 0.330493 0.01 0.01
0 0.980741 0.487187 0.01 0.01
0 1.111650 0.590328 0.01 0.01
0 0.191319 0.211485 0.01 0.01
0 0.260741 0.149997 0.01 0.01
0 0.302394 0.029005 0.01 0.01
0 0.328179 0.015121 0.01 0.01
0 0.351981 0.023055 0.01 0.01
0 0.435286 0.088510 0.01 0.01
0 0.457105 0.050824 0.01 0.01
0 0.467022 0.136113 0.01 0.01
0 0.570162 0.009171 0.01 0.01
0 0.647518 0.052807 0.01 0.01
0 0.675286 0.086526 0.01 0.01
0 0.710989 0.064708 0.01 0.01
0 0.728840 0.027022 0.01 0.01
0 0.873634 0.064708 0.01 0.01
0 0.857766 0.078592 0.01 0.01
0 0.909336 0.013138 0.01 0.01
0 1.022394 0.209501 0.01 0.01
0 1.175121 0.122229 0.01 0.01
0 1.393303 0.251154 0.01 0.01
0 1.381402 0.060741 0.01 0.01
0 1.456774 0.032972 0.01 0.01
0 1.484543 0.029005 0.01 0.01
0 1.331815 0.007187 0.01 0.01
0 1.286196 0.005204 0.01 0.01
0 1.587683 0.042890 0.01 0.01
0 1.593634 0.056774 0.01 0.01
