0 0.569830 0.865683 0.01 0.01
0 0.680429 0.664761 0.01 0.01
0 0.761535 0.591029 0.01 0.01
0 0.813148 0.517296 0.01 0.01
0 0.750476 0.513609 0.01 0.01
0 1.141259 0.591029 0.01 0.01
0 1.250015 0.727434 0.01 0.01
0 1.294254 0.401167 0.01 0.01
0 1.246328 0.355084 0.01 0.01
0 1.150476 0.309001 0.01 0.01
0 1.076743 0.240798 0.01 0.01
0 0.953240 0.187342 0.01 0.01
0 0.886881 0.216835 0.01 0.01
0 0.842641 0.231582 0.01 0.01
0 0.792872 0.290568 0.01 0.01
0 0.829738 0.318217 0.01 0.01
0 0.673056 0.342181 0.01 0.01
0 0.597480 0.487803 0.01 0.01
0 0.553240 0.554162 0.01 0.01
0 0.315452 0.600245 0.01 0.01
0 0.260153 0.561535 0.01 0.01
0 0.219600 0.395637 0.01 0.01
0 0.044485 0.360614 0.01 0.01
0 0.003932 0.419600 0.01 0.01
0 0.123747 0.310844 0.01 0.01
0 0.215913 0.283194 0.01 0.01
0 0.379969 0.417757 0.01 0.01
0 0.249093 0.355084 0.01 0.01
0 0.538494 0.425130 0.01 0.01
0 0.512687 0.356927 0.01 0.01
0 0.558770 0.288724 0.01 0.01
0 0.612227 0.257388 0.01 0.01
0 0.697019 0.211305 0.01 0.01
0 0.650936 0.203932 0.01 0.01
0 0.615913 0.218678 0.01 0.01
0 0.507158 0.224208 0.01 0.01
0 0.529277 0.187342 0.01 0.01
0 0.418678 0.198402 0.01 0.01
0 0.385499 0.229738 0.01 0.01
0 0.344946 0.250015 0.01 0.01
0 0.304393 0.253701 0.01 0.01
0 0.003932 0.159692 0.01 0.01
0 0.164300 0.143102 0.01 0.01
0 0.162457 0.117296 0.01 0.01
0 0.147711 0.095176 0.01 0.01
0 0.195637 0.108079 0.01 0.01
0 0.285959 0.153701 0.01 0.01
0 0.250936 0.168448 0.01 0.01
0 0.219600 0.068909 0.01 0.01
0 0.228817 0.061535 0.01 0.01
0 0.281351 0.065222 0.01 0.01
0 0.309923 0.076282 0.01 0.01
0 0.341259 0.047711 0.01 0.01
0 0.354162 0.065222 0.01 0.01
0 0.367065 0.071674 0.01 0.01
0 0.403010 0.065222 0.01 0.01
0 0.413148 0.057849 0.01 0.01
0 0.426973 0.081812 0.01 0.01
0 0.434346 0.055084 0.01 0.01
0 0.381812 0.146328 0.01 0.01
0 0.354162 0.126973 0.01 0.01
0 0.409462 0.148171 0.01 0.01
0 0.454623 0.155545 0.01 0.01
0 0.479508 0.155545 0.01 0.01
0 0.471213 0.125130 0.01 0.01
0 0.452780 0.116835 0.01 0.01
0 0.474899 0.105775 0.01 0.01
0 0.467526 0.088264 0.01 0.01
0 0.456466 0.067065 0.01 0.01
0 0.493333 0.092872 0.01 0.01
0 0.529277 0.140798 0.01 0.01
0 0.825130 0.160153 0.01 0.01
0 0.756927 0.132503 0.01 0.01
0 0.678586 0.131582 0.01 0.01
0 0.641720 0.138033 0.01 0.01
0 0.607618 0.128817 0.01 0.01
0 0.554162 0.125130 0.01 0.01
0 0.556927 0.101167 0.01 0.01
0 0.548632 0.034807 0.01 0.01
0 0.580890 0.013609 0.01 0.01
0 0.479508 0.035729 0.01 0.01
0 0.690568 0.090107 0.01 0.01
0 0.752319 0.096558 0.01 0.01
0 0.486881 0.006236 0.01 0.01
0 0.456466 0.011766 0.01 0.01
0 0.921904 0.140798 0.01 0.01
0 0.970752 0.129738 0.01 0.01
0 1.028817 0.080890 0.01 0.01
0 1.010383 0.089185 0.01 0.01
0 1.119139 0.079969 0.01 0.01
0 1.094254 0.054162 0.01 0.01
0 1.081351 0.028356 0.01 0.01
0 1.121904 0.011766 0.01 0.01
0 1.211305 0.041259 0.01 0.01
0 1.276743 0.094715 0.01 0.01
0 1.312687 0.134346 0.01 0.01
0 1.273056 0.141720 0.01 0.01
0 1.344024 0.161996 0.01 0.01
0 1.550476 0.119600 0.01 0.01
0 1.563379 0.006236 0.01 0.01
0 1.438033 0.031121 0.01 0.01
0 1.400245 0.028356 0.01 0.01
0 1.377204 0.007158 0.01 0.01
0 1.362457 0.009001 0.01 0.01
0 1.353240 0.016374 0.01 0.01
0 1.334807 0.045867 0.01 0.01
0 1.316374 0.039416 0.01 0.01
0 0.991950 0.028356 0.01 0.01
0 1.007618 0.513148 0.01 0.01
0 1.085038 0.126973 0.01 0.01
0 1.066605 0.138955 0.01 0.01
0 0.920982 0.024669 0.01 0.01
0 0.897019 0.025591 0.01 0.01
0 0.674899 0.000706 0.01 0.01
