0 0.043439 1.142532 0.01 0.01
0 0.008594 0.966125 0.01 0.01
0 0.324383 0.754873 0.01 0.01
0 0.089174 0.737450 0.01 0.01
0 0.060862 0.561044 0.01 0.01
0 0.067396 0.428194 0.01 0.01
0 0.026016 0.371570 0.01 0.01
0 0.091352 0.373748 0.01 0.01
0 0.167577 0.406416 0.01 0.01
0 0.298249 0.489174 0.01 0.01
0 0.592260 0.580644 0.01 0.01
0 0.905871 0.850699 0.01 0.01
0 0.511679 0.480463 0.01 0.01
0 0.685908 0.436906 0.01 0.01
0 0.539991 0.421661 0.01 0.01
0 0.402786 0.373748 0.01 0.01
0 0.328739 0.365036 0.01 0.01
0 0.259047 0.349791 0.01 0.01
0 0.147976 0.338902 0.01 0.01
0 0.184456 0.294256 0.01 0.01
0 0.238902 0.248521 0.01 0.01
0 0.283548 0.246343 0.01 0.01
0 0.347795 0.239810 0.01 0.01
0 0.382641 0.339991 0.01 0.01
0 0.424020 0.299701 0.01 0.01
0 0.461044 0.289900 0.01 0.01
0 0.489356 0.349791 0.01 0.01
0 0.543802 0.316035 0.01 0.01
0 0.598249 0.319301 0.01 0.01
0 0.728920 0.359592 0.01 0.01
0 0.684274 0.307323 0.01 0.01
0 0.562314 0.273566 0.01 0.01
0 0.600427 0.231098 0.01 0.01
0 0.513312 0.219120 0.01 0.01
0 0.481733 0.181007 0.01 0.01
0 0.537269 0.178829 0.01 0.01
0 0.152877 0.127650 0.01 0.01
0 0.136543 0.132006 0.01 0.01
0 0.625472 0.160318 0.01 0.01
0 0.685363 0.148339 0.01 0.01
0 0.708231 0.172296 0.01 0.01
0 0.738721 0.188630 0.01 0.01
0 0.796434 0.209320 0.01 0.01
0 0.777922 0.218031 0.01 0.01
0 0.795345 0.163584 0.01 0.01
0 0.801878 0.117849 0.01 0.01
0 0.715853 0.129828 0.01 0.01
0 0.725653 0.093893 0.01 0.01
0 0.044800 0.107777 0.01 0.01
0 0.070935 0.116488 0.01 0.01
0 0.074746 0.093621 0.01 0.01
0 0.081280 0.083820 0.01 0.01
0 0.056779 0.076742 0.01 0.01
0 0.036633 0.084909 0.01 0.01
0 0.023566 0.093621 0.01 0.01
0 0.009955 0.081098 0.01 0.01
0 0.021388 0.057686 0.01 0.01
0 0.009410 0.053875 0.01 0.01
0 0.031733 0.072387 0.01 0.01
0 0.049156 0.046797 0.01 0.01
0 0.073113 0.047886 0.01 0.01
0 0.036633 0.034819 0.01 0.01
0 0.059501 0.009229 0.01 0.01
0 0.087269 0.022840 0.01 0.01
0 0.096525 0.026652 0.01 0.01
0 0.111770 0.033185 0.01 0.01
0 0.111225 0.017396 0.01 0.01
0 0.116670 0.017940 0.01 0.01
0 0.088902 0.014129 0.01 0.01
0 0.137359 0.024474 0.01 0.01
0 0.141715 0.045708 0.01 0.01
0 0.142804 0.062586 0.01 0.01
0 0.167849 0.060953 0.01 0.01
0 0.176561 0.053875 0.01 0.01
0 0.112859 0.046252 0.01 0.01
0 0.226652 0.069120 0.01 0.01
0 0.260953 0.103966 0.01 0.01
0 0.241897 0.072931 0.01 0.01
0 0.257686 0.077831 0.01 0.01
0 0.262586 0.055508 0.01 0.01
0 0.280009 0.052241 0.01 0.01
0 0.294710 0.049519 0.01 0.01
0 0.324655 0.051153 0.01 0.01
0 0.392713 0.028829 0.01 0.01
0 0.331189 0.005418 0.01 0.01
0 0.321388 0.006506 0.01 0.01
0 0.301243 0.003784 0.01 0.01
0 1.069211 0.600245 0.01 0.01
0 0.973385 0.892078 0.01 0.01
0 1.197704 0.889900 0.01 0.01
0 1.243439 1.146888 0.01 0.01
0 1.382822 0.824565 0.01 0.01
0 1.210771 0.783185 0.01 0.01
0 1.171570 0.641624 0.01 0.01
0 1.404601 0.571933 0.01 0.01
0 1.406779 0.349791 0.01 0.01
0 1.522205 0.293167 0.01 0.01
0 1.151969 0.360681 0.01 0.01
0 1.036543 0.293167 0.01 0.01
0 0.979918 0.264855 0.01 0.01
0 0.888448 0.232187 0.01 0.01
0 1.014764 0.184274 0.01 0.01
0 1.108412 0.197341 0.01 0.01
0 1.080100 0.247432 0.01 0.01
0 1.058321 0.216942 0.01 0.01
0 1.010408 0.232187 0.01 0.01
0 1.184637 0.173385 0.01 0.01
0 1.136724 0.277922 0.01 0.01
0 0.915127 0.186996 0.01 0.01
0 0.937995 0.190263 0.01 0.01
0 0.910771 0.160862 0.01 0.01
0 0.853058 0.192441 0.01 0.01
0 0.849791 0.154329 0.01 0.01
0 0.884637 0.126016 0.01 0.01
0 0.835635 0.131461 0.01 0.01
0 0.839991 0.081370 0.01 0.01
0 0.866125 0.080281 0.01 0.01
0 0.912949 0.071570 0.01 0.01
0 1.028376 0.104238 0.01 0.01
0 1.090445 0.100971 0.01 0.01
0 1.081733 0.160862 0.01 0.01
0 1.220027 0.240354 0.01 0.01
0 1.274474 0.263222 0.01 0.01
0 1.288630 0.222931 0.01 0.01
0 1.236361 0.214220 0.01 0.01
0 1.350699 0.267577 0.01 0.01
0 1.423657 0.207686 0.01 0.01
0 1.345254 0.176107 0.01 0.01
0 1.279918 0.169574 0.01 0.01
0 1.234183 0.117305 0.01 0.01
0 1.155780 0.077015 0.01 0.01
0 1.198249 0.102060 0.01 0.01
0 1.228739 0.042169 0.01 0.01
0 1.308231 0.106416 0.01 0.01
0 1.053421 0.065036 0.01 0.01
0 1.079555 0.060681 0.01 0.01
0 1.025109 0.061770 0.01 0.01
0 0.976107 0.050880 0.01 0.01
0 0.897704 0.190263 0.01 0.01
0 0.809501 0.098793 0.01 0.01
0 0.838902 0.048702 0.01 0.01
0 1.545980 0.147795 0.01 0.01
0 1.502423 0.233820 0.01 0.01
0 1.530735 0.252332 0.01 0.01
0 1.471933 0.229465 0.01 0.01
0 1.488267 0.210953 0.01 0.01
0 1.597160 0.144528 0.01 0.01
0 1.461044 0.096615 0.01 0.01
0 1.404419 0.081370 0.01 0.01
0 1.268303 0.087904 0.01 0.01
0 1.314038 0.079192 0.01 0.01
0 1.296615 0.056325 0.01 0.01
0 1.348884 0.030191 0.01 0.01
0 1.410953 0.056325 0.01 0.01
0 1.428376 0.035635 0.01 0.01
0 1.468666 0.048702 0.01 0.01
0 1.522024 0.060681 0.01 0.01
0 1.549247 0.092260 0.01 0.01
0 1.592804 0.077015 0.01 0.01
0 1.186633 0.042169 0.01 0.01
0 1.285726 0.030191 0.01 0.01
0 1.373929 0.030191 0.01 0.01
0 1.499156 0.002967 0.01 0.01
0 1.538358 0.010590 0.01 0.01
0 1.519846 0.033457 0.01 0.01
0 1.096252 0.007323 0.01 0.01
0 1.054873 0.012768 0.01 0.01
0 1.022205 0.026924 0.01 0.01
0 0.987359 0.014946 0.01 0.01
0 1.170300 0.033457 0.01 0.01
0 1.158321 0.022568 0.01 0.01
0 1.237813 0.012768 0.01 0.01
0 0.917940 0.019029 0.01 0.01
0 0.932641 0.028829 0.01 0.01
0 0.945163 0.036452 0.01 0.01
0 0.959864 0.054964 0.01 0.01
0 0.972931 0.019029 0.01 0.01
0 0.999610 0.005418 0.01 0.01
0 1.021933 0.009229 0.01 0.01
0 1.140082 0.003784 0.01 0.01
0 1.164038 0.055508 0.01 0.01
0 1.113947 0.006506 0.01 0.01
0 0.887450 0.068575 0.01 0.01
0 0.426470 0.036996 0.01 0.01
0 0.439537 0.032096 0.01 0.01
0 0.453149 0.029374 0.01 0.01
0 0.470027 0.034274 0.01 0.01
0 0.504329 0.038085 0.01 0.01
0 0.412859 0.026652 0.01 0.01
0 0.408503 0.019029 0.01 0.01
0 0.428648 0.004329 0.01 0.01
0 0.436271 0.009229 0.01 0.01
0 0.476016 0.005418 0.01 0.01
0 0.563675 0.014129 0.01 0.01
0 0.581643 0.016851 0.01 0.01
0 0.604510 0.005962 0.01 0.01
0 0.558775 0.015218 0.01 0.01
0 0.574565 0.013584 0.01 0.01
0 0.312677 0.009229 0.01 0.01
0 0.344256 0.004329 0.01 0.01
0 1.585363 0.182096 0.01 0.01
0 0.780372 0.103966 0.01 0.01
0 0.878920 0.058775 0.01 0.01
0 0.891443 0.051153 0.01 0.01
0 0.747704 0.126289 0.01 0.01
0 0.762949 0.107232 0.01 0.01
0 0.681280 0.128467 0.01 0.01
0 0.660045 0.137722 0.01 0.01
0 0.449065 0.252332 0.01 0.01
0 0.128920 0.063947 0.01 0.01
0 0.663312 0.002695 0.01 0.01
0 0.594165 0.009229 0.01 0.01
0 0.395980 0.006506 0.01 0.01
0 0.164038 0.046797 0.01 0.01
0 0.069755 0.132550 0.01 0.01
0 1.405508 0.038902 0.01 0.01
0 0.078780 0.013952 0.01 0.01
0 0.141215 0.033439 0.01 0.01
0 0.106098 0.034108 0.01 0.01
0 0.171984 0.021901 0.01 0.01
0 0.203590 0.065546 0.01 0.01
0 0.210446 0.096483 0.01 0.01
0 0.214459 0.101165 0.01 0.01
0 0.242218 0.060529 0.01 0.01
0 0.002586 0.087285 0.01 0.01
0 0.280680 0.014041 0.01 0.01
0 0.305095 0.021064 0.01 0.01
0 0.383690 0.034108 0.01 0.01
0 0.160780 0.000998 0.01 0.01
0 0.139877 0.007018 0.01 0.01
