0 0.018044 0.991213 0.01 0.01
0 0.126028 0.899032 0.01 0.01
0 0.085205 0.810802 0.01 0.01
0 0.288003 0.788415 0.01 0.01
0 0.393353 0.821337 0.01 0.01
0 0.492119 0.949073 0.01 0.01
0 0.517139 0.823970 0.01 0.01
0 0.597468 0.755493 0.01 0.01
0 0.532942 0.747592 0.01 0.01
0 0.713353 0.920102 0.01 0.01
0 0.854258 0.858209 0.01 0.01
0 0.845040 1.054423 0.01 0.01
0 1.089979 1.024135 0.01 0.01
0 1.288826 0.962242 0.01 0.01
0 1.311213 0.806851 0.01 0.01
0 1.121584 0.754176 0.01 0.01
0 0.988579 0.734423 0.01 0.01
0 0.924053 0.735740 0.01 0.01
0 0.901666 0.679114 0.01 0.01
0 0.926686 0.636974 0.01 0.01
0 1.003065 0.644876 0.01 0.01
0 1.043888 0.654094 0.01 0.01
0 1.037304 0.560596 0.01 0.01
0 0.972777 0.546110 0.01 0.01
0 0.975411 0.596151 0.01 0.01
0 0.924053 0.564547 0.01 0.01
0 0.879279 0.596151 0.01 0.01
0 0.883230 0.552695 0.01 0.01
0 0.904300 0.494752 0.01 0.01
0 1.017551 0.478950 0.01 0.01
0 1.079444 0.494752 0.01 0.01
0 1.163723 0.494752 0.01 0.01
0 1.204547 0.447345 0.01 0.01
0 1.253271 0.472365 0.01 0.01
0 1.284876 0.521090 0.01 0.01
0 1.200596 0.575081 0.01 0.01
0 1.180843 0.652777 0.01 0.01
0 1.246686 0.668579 0.01 0.01
0 1.279608 0.611954 0.01 0.01
0 1.342818 0.633024 0.01 0.01
0 1.369156 0.579032 0.01 0.01
0 1.374423 0.460514 0.01 0.01
0 1.287509 0.398621 0.01 0.01
0 1.246686 0.377551 0.01 0.01
0 1.321748 0.324876 0.01 0.01
0 1.344135 0.373600 0.01 0.01
0 1.375740 0.299855 0.01 0.01
0 1.141337 0.376234 0.01 0.01
0 1.100514 0.356481 0.01 0.01
0 1.025452 0.394670 0.01 0.01
0 1.049156 0.347263 0.01 0.01
0 1.067592 0.260349 0.01 0.01
0 1.058374 0.219526 0.01 0.01
0 1.157139 0.268250 0.01 0.01
0 1.194012 0.252448 0.01 0.01
0 1.299361 0.178703 0.01 0.01
0 1.257221 0.210308 0.01 0.01
0 0.958291 0.256398 0.01 0.01
0 1.020184 0.261666 0.01 0.01
0 0.947756 0.289320 0.01 0.01
0 0.905616 0.291954 0.01 0.01
0 0.953024 0.320925 0.01 0.01
0 1.008333 0.335411 0.01 0.01
0 0.920102 0.343312 0.01 0.01
0 0.916151 0.394670 0.01 0.01
0 0.870061 0.359114 0.01 0.01
0 0.839773 0.291954 0.01 0.01
0 0.841090 0.239279 0.01 0.01
0 0.794999 0.278785 0.01 0.01
0 0.771295 0.334094 0.01 0.01
0 0.806851 0.471049 0.01 0.01
0 0.859526 0.455246 0.01 0.01
0 0.823970 0.585616 0.01 0.01
0 0.791049 0.633024 0.01 0.01
0 0.734423 0.610637 0.01 0.01
0 0.673847 0.626440 0.01 0.01
0 0.651460 0.665946 0.01 0.01
0 0.698867 0.530308 0.01 0.01
0 0.687016 0.460514 0.01 0.01
0 0.762077 0.428909 0.01 0.01
0 0.708086 0.349896 0.01 0.01
0 0.752859 0.299855 0.01 0.01
0 0.733106 0.264300 0.01 0.01
0 0.750226 0.241913 0.01 0.01
0 0.684382 0.227427 0.01 0.01
0 0.660678 0.276151 0.01 0.01
0 0.636974 0.224793 0.01 0.01
0 0.642242 0.203723 0.01 0.01
0 0.588250 0.212942 0.01 0.01
0 0.592201 0.309073 0.01 0.01
0 0.594835 0.378867 0.01 0.01
0 0.675164 0.399937 0.01 0.01
0 0.634341 0.435493 0.01 0.01
0 0.569814 0.464464 0.01 0.01
0 0.523723 0.577715 0.01 0.01
0 0.530308 0.323559 0.01 0.01
0 0.444711 0.372283 0.01 0.01
0 0.380184 0.364382 0.01 0.01
0 0.332777 0.409156 0.01 0.01
0 0.280102 0.341995 0.01 0.01
0 0.215575 0.355164 0.01 0.01
0 0.205040 0.389402 0.01 0.01
0 0.222160 0.493435 0.01 0.01
0 0.322242 0.457880 0.01 0.01
0 0.256398 0.517139 0.01 0.01
0 0.112859 0.503970 0.01 0.01
0 0.090472 0.560596 0.01 0.01
0 0.136563 0.692283 0.01 0.01
0 0.255081 0.713353 0.01 0.01
0 0.336728 0.625123 0.01 0.01
0 0.322242 0.579032 0.01 0.01
0 0.399937 0.575081 0.01 0.01
0 0.438127 0.515822 0.01 0.01
0 0.486851 0.606686 0.01 0.01
0 0.525040 0.671213 0.01 0.01
0 0.485534 0.644876 0.01 0.01
0 0.505287 0.884547 0.01 0.01
0 1.133639 0.456699 0.01 0.01
0 1.432906 0.509125 0.01 0.01
0 1.441643 0.667860 0.01 0.01
0 1.437274 0.390438 0.01 0.01
0 1.563131 0.461424 0.01 0.01
0 1.477211 0.493462 0.01 0.01
0 1.491773 0.659479 0.01 0.01
0 1.570413 0.810933 0.01 0.01
0 0.015451 0.445688 0.01 0.01
0 0.338329 0.177156 0.01 0.01
0 0.224842 0.197936 0.01 0.01
0 0.413453 0.105228 0.01 0.01
0 0.440626 0.103630 0.01 0.01
0 0.498169 0.167566 0.01 0.01
0 0.509358 0.124409 0.01 0.01
0 0.478988 0.106827 0.01 0.01
0 0.539727 0.161172 0.01 0.01
0 0.578089 0.161172 0.01 0.01
0 0.705961 0.137196 0.01 0.01
0 0.814652 0.140393 0.01 0.01
0 1.271795 0.146787 0.01 0.01
0 1.469997 0.968365 0.01 0.01
0 1.594672 0.933200 0.01 0.01
0 1.593074 0.666267 0.01 0.01
0 1.108758 0.116417 0.01 0.01
0 1.153513 0.084449 0.01 0.01
0 1.175891 0.138795 0.01 0.01
0 1.132734 0.084449 0.01 0.01
0 1.102365 0.074859 0.01 0.01
0 1.099168 0.058875 0.01 0.01
0 1.084782 0.057276 0.01 0.01
0 1.052814 0.031702 0.01 0.01
0 1.038429 0.031702 0.01 0.01
0 1.038429 0.047686 0.01 0.01
0 1.001665 0.052481 0.01 0.01
0 0.987280 0.076457 0.01 0.01
0 0.929737 0.094040 0.01 0.01
0 0.913753 0.050883 0.01 0.01
0 0.886580 0.038096 0.01 0.01
0 0.848219 0.044489 0.01 0.01
0 0.808259 0.028505 0.01 0.01
0 0.789078 0.028505 0.01 0.01
0 0.626041 0.049284 0.01 0.01
0 0.666001 0.034899 0.01 0.01
0 0.587679 0.047686 0.01 0.01
0 0.626041 0.031702 0.01 0.01
0 0.579687 0.033300 0.01 0.01
0 0.509358 0.041292 0.01 0.01
0 0.502964 0.052481 0.01 0.01
0 0.498169 0.062072 0.01 0.01
0 0.549318 0.062072 0.01 0.01
0 0.480586 0.065268 0.01 0.01
0 0.886580 0.022378 0.01 0.01
0 0.654013 0.023976 0.01 0.01
0 0.638828 0.019181 0.01 0.01
0 1.030436 0.019980 0.01 0.01
0 1.045621 0.016783 0.01 0.01
0 0.950516 0.018382 0.01 0.01
0 0.966500 0.020779 0.01 0.01
0 0.937729 0.021579 0.01 0.01
0 0.920946 0.039161 0.01 0.01
0 1.012055 0.015185 0.01 0.01
0 1.030037 0.010123 0.01 0.01
0 0.982884 0.009724 0.01 0.01
0 0.566500 0.017716 0.01 0.01
0 0.587679 0.013720 0.01 0.01
0 0.533733 0.023310 0.01 0.01
0 0.539328 0.012921 0.01 0.01
0 0.578089 0.007326 0.01 0.01
0 0.564902 0.008525 0.01 0.01
0 0.588079 0.003996 0.01 0.01
0 0.546920 0.035365 0.01 0.01
0 0.964902 0.007726 0.01 0.01
