0 0.003492 0.418102 0.01 0.01
0 0.100894 0.476544 0.01 0.01
0 0.096998 0.402518 0.01 0.01
0 0.169076 0.400570 0.01 0.01
0 0.186609 0.359661 0.01 0.01
0 0.278167 0.400570 0.01 0.01
0 0.441804 0.340180 0.01 0.01
0 0.472972 0.780440 0.01 0.01
0 0.529466 0.823297 0.01 0.01
0 1.133362 0.788232 0.01 0.01
0 1.252193 0.938232 0.01 0.01
0 1.413881 0.850570 0.01 0.01
0 0.989206 0.688881 0.01 0.01
0 0.691154 0.573946 0.01 0.01
0 0.638557 0.546674 0.01 0.01
0 0.615180 0.599271 0.01 0.01
0 0.607388 0.435635 0.01 0.01
0 0.560635 0.457063 0.01 0.01
0 0.576219 0.441479 0.01 0.01
0 0.584011 0.379141 0.01 0.01
0 0.558687 0.318752 0.01 0.01
0 0.529466 0.324596 0.01 0.01
0 0.712583 0.472648 0.01 0.01
0 0.780765 0.472648 0.01 0.01
0 0.724271 0.361609 0.01 0.01
0 0.769076 0.375245 0.01 0.01
0 0.794401 0.369401 0.01 0.01
0 0.825570 0.322648 0.01 0.01
0 0.862583 0.312907 0.01 0.01
0 1.012583 0.361609 0.01 0.01
0 1.065180 0.359661 0.01 0.01
0 1.185959 0.373297 0.01 0.01
0 1.232713 0.367453 0.01 0.01
0 1.482063 0.377193 0.01 0.01
0 1.511284 0.410310 0.01 0.01
0 1.577518 0.445375 0.01 0.01
0 0.209985 0.193589 0.01 0.01
0 0.162258 0.467291 0.01 0.01
0 0.234336 0.511122 0.01 0.01
0 0.227518 0.175083 0.01 0.01
0 0.290830 0.225732 0.01 0.01
0 0.362907 0.221836 0.01 0.01
0 0.389206 0.173135 0.01 0.01
0 0.422323 0.173135 0.01 0.01
0 0.444726 0.173135 0.01 0.01
0 0.473946 0.176057 0.01 0.01
0 0.480765 0.176057 0.01 0.01
0 0.502193 0.217940 0.01 0.01
0 0.447648 0.217940 0.01 0.01
0 0.502193 0.252031 0.01 0.01
0 0.506089 0.265667 0.01 0.01
0 0.595700 0.262745 0.01 0.01
0 0.631739 0.238394 0.01 0.01
0 0.678492 0.262745 0.01 0.01
0 0.687258 0.273459 0.01 0.01
0 0.655115 0.283200 0.01 0.01
0 0.625894 0.291966 0.01 0.01
0 0.620050 0.278330 0.01 0.01
0 0.582063 0.305602 0.01 0.01
0 0.532388 0.294888 0.01 0.01
0 0.518752 0.285148 0.01 0.01
0 1.598622 0.235472 0.01 0.01
0 1.573297 0.224758 0.01 0.01
0 1.595700 0.178005 0.01 0.01
0 1.579141 0.155602 0.01 0.01
0 1.563557 0.155602 0.01 0.01
0 1.547972 0.142940 0.01 0.01
0 1.537258 0.139044 0.01 0.01
0 1.591804 0.118589 0.01 0.01
0 1.408687 0.128330 0.01 0.01
0 1.385310 0.125407 0.01 0.01
0 1.421349 0.120537 0.01 0.01
0 1.425245 0.112745 0.01 0.01
0 1.434011 0.112745 0.01 0.01
0 1.517778 0.207226 0.01 0.01
0 1.509985 0.186771 0.01 0.01
0 1.498297 0.181901 0.01 0.01
0 1.481739 0.196511 0.01 0.01
0 1.465180 0.193589 0.01 0.01
0 1.442778 0.170213 0.01 0.01
0 1.427193 0.166317 0.01 0.01
0 1.431089 0.186771 0.01 0.01
0 1.423297 0.170213 0.01 0.01
0 1.409661 0.146836 0.01 0.01
0 1.432063 0.159498 0.01 0.01
0 1.345375 0.153654 0.01 0.01
0 1.353167 0.122485 0.01 0.01
0 1.347323 0.123459 0.01 0.01
0 1.338557 0.128330 0.01 0.01
0 1.347323 0.135148 0.01 0.01
0 1.304466 0.136122 0.01 0.01
0 1.253817 0.137096 0.01 0.01
0 1.223622 0.135148 0.01 0.01
0 1.219726 0.134174 0.01 0.01
0 1.222648 0.168265 0.01 0.01
0 1.056089 0.135148 0.01 0.01
0 1.052193 0.161446 0.01 0.01
0 1.101868 0.161446 0.01 0.01
0 1.134985 0.222810 0.01 0.01
0 1.111609 0.215018 0.01 0.01
0 1.119401 0.245213 0.01 0.01
0 1.157388 0.256901 0.01 0.01
0 1.086284 0.250083 0.01 0.01
0 1.040505 0.286122 0.01 0.01
0 1.028817 0.271511 0.01 0.01
0 1.014206 0.245213 0.01 0.01
0 0.993752 0.259823 0.01 0.01
0 1.001544 0.266641 0.01 0.01
0 0.988881 0.249109 0.01 0.01
0 0.975245 0.253005 0.01 0.01
0 0.982063 0.274433 0.01 0.01
0 0.960635 0.263719 0.01 0.01
0 0.930440 0.235472 0.01 0.01
0 0.899271 0.238394 0.01 0.01
0 0.893427 0.224758 0.01 0.01
0 0.912907 0.265667 0.01 0.01
0 0.903167 0.250083 0.01 0.01
0 0.889531 0.248135 0.01 0.01
0 0.877843 0.273459 0.01 0.01
0 0.846674 0.239368 0.01 0.01
0 1.427193 0.248135 0.01 0.01
0 1.415505 0.203330 0.01 0.01
0 1.379466 0.211122 0.01 0.01
0 1.371674 0.200407 0.01 0.01
0 1.355115 0.231576 0.01 0.01
0 1.335635 0.211122 0.01 0.01
0 1.257713 0.204304 0.01 0.01
0 0.738881 0.239368 0.01 0.01
0 0.747648 0.232550 0.01 0.01
0 0.755440 0.239368 0.01 0.01
0 0.792453 0.224758 0.01 0.01
0 0.809985 0.227680 0.01 0.01
0 0.801219 0.228654 0.01 0.01
0 0.817778 0.249109 0.01 0.01
0 0.810959 0.255927 0.01 0.01
0 0.795375 0.258849 0.01 0.01
0 0.773946 0.255927 0.01 0.01
0 0.854791 0.267615 0.01 0.01
0 0.853817 0.255927 0.01 0.01
0 0.867453 0.256901 0.01 0.01
0 0.281182 0.139041 0.01 0.01
0 0.215295 0.186533 0.01 0.01
0 0.341717 0.169141 0.01 0.01
0 0.407269 0.178339 0.01 0.01
0 0.433188 0.176834 0.01 0.01
0 0.444058 0.181182 0.01 0.01
0 0.448238 0.177168 0.01 0.01
0 0.480178 0.222319 0.01 0.01
