0 0.364629 0.823337 0.01 0.01
0 0.543102 0.623728 0.01 0.01
0 0.702789 0.466390 0.01 0.01
0 1.045646 0.886742 0.01 0.01
0 1.040950 1.182633 0.01 0.01
0 1.235862 0.503963 0.01 0.01
0 1.165411 0.398288 0.01 0.01
0 1.073826 0.414727 0.01 0.01
0 1.555235 0.351321 0.01 0.01
0 1.346233 0.231556 0.01 0.01
0 1.334492 0.151713 0.01 0.01
0 1.311008 0.046038 0.01 0.01
0 1.249952 0.067173 0.01 0.01
0 0.864824 0.125881 0.01 0.01
0 0.853083 0.060128 0.01 0.01
0 0.714531 0.139971 0.01 0.01
0 0.726272 0.252691 0.01 0.01
0 0.338797 0.344276 0.01 0.01
0 0.275392 0.269130 0.01 0.01
0 0.334100 0.198680 0.01 0.01
0 0.404550 0.083611 0.01 0.01
0 0.432730 0.100049 0.01 0.01
0 0.402202 0.046038 0.01 0.01
0 0.362280 0.041341 0.01 0.01
0 0.289482 0.083611 0.01 0.01
0 0.157975 0.132926 0.01 0.01
0 0.216683 0.116488 0.01 0.01
0 0.230773 0.001419 0.01 0.01
0 0.157975 0.067173 0.01 0.01
0 0.092222 0.043689 0.01 0.01
0 0.017075 0.083611 0.01 0.01
0 0.108660 0.250343 0.01 0.01
0 0.075783 0.344276 0.01 0.01
0 1.595563 0.055429 0.01 0.01
0 0.868473 0.013289 0.01 0.01
