0 0.672263 0.684878 0.01 0.01
0 0.681896 0.496346 0.01 0.01
0 0.585566 0.468823 0.01 0.01
0 0.139695 0.368364 0.01 0.01
0 0.127309 0.172952 0.01 0.01
0 0.106667 0.193594 0.01 0.01
0 0.041988 0.144052 0.01 0.01
0 0.285566 0.120658 0.01 0.01
0 0.359878 0.346346 0.01 0.01
0 0.435566 0.313318 0.01 0.01
0 0.602080 0.384878 0.01 0.01
0 0.721805 0.338089 0.01 0.01
0 0.800245 0.269282 0.01 0.01
0 0.830520 0.216988 0.01 0.01
0 1.136025 0.226621 0.01 0.01
0 0.132814 0.771575 0.01 0.01
0 0.750704 0.251392 0.01 0.01
0 0.618594 0.130291 0.01 0.01
0 0.500245 0.252768 0.01 0.01
0 0.575933 0.134419 0.01 0.01
0 0.471346 0.150933 0.01 0.01
0 0.430062 0.137172 0.01 0.01
0 0.347493 0.134419 0.01 0.01
0 0.194741 0.445429 0.01 0.01
0 0.187860 0.078513 0.01 0.01
0 0.269052 0.044798 0.01 0.01
0 0.359878 0.053055 0.01 0.01
0 0.080463 0.018565 0.01 0.01
0 0.535452 0.104316 0.01 0.01
0 0.489695 0.027252 0.01 0.01
0 0.463892 0.039981 0.01 0.01
0 0.416759 0.122206 0.01 0.01
0 0.295400 0.011641 0.01 0.01
0 0.346059 0.016458 0.01 0.01
0 0.588304 0.007147 0.01 0.01
0 0.688720 0.056452 0.01 0.01
0 0.664379 0.018866 0.01 0.01
0 0.725962 0.078083 0.01 0.01
0 0.743336 0.021489 0.01 0.01
0 0.739379 0.134247 0.01 0.01
0 0.644081 0.008222 0.01 0.01
0 1.141816 0.110509 0.01 0.01
0 1.025532 0.110165 0.01 0.01
0 0.974958 0.166931 0.01 0.01
0 1.006610 0.151105 0.01 0.01
0 0.958789 0.109133 0.01 0.01
0 0.943651 0.055463 0.01 0.01
0 0.868307 0.074041 0.01 0.01
0 1.078513 0.058559 0.01 0.01
0 0.835107 0.024930 0.01 0.01
0 0.885552 0.006115 0.01 0.01
0 0.917031 0.005040 0.01 0.01
0 0.983129 0.005212 0.01 0.01
0 1.014609 0.011448 0.01 0.01
0 1.075417 0.008373 0.01 0.01
0 1.195357 0.031638 0.01 0.01
0 1.243350 0.053141 0.01 0.01
0 1.285925 0.015340 0.01 0.01
0 1.420099 0.016458 0.01 0.01
0 1.433258 0.033316 0.01 0.01
0 1.200933 0.238663 0.01 0.01
