0 0.020572 0.879011 0.01 0.01
0 0.541080 0.482641 0.01 0.01
0 0.641261 0.463040 0.01 0.01
0 0.713131 0.314946 0.01 0.01
0 0.691352 0.286633 0.01 0.01
0 0.791534 0.249610 0.01 0.01
0 0.848158 0.617668 0.01 0.01
0 0.939628 0.528376 0.01 0.01
0 0.898249 0.360681 0.01 0.01
0 1.116035 0.567577 0.01 0.01
0 1.255418 0.388993 0.01 0.01
0 1.335998 0.452151 0.01 0.01
0 1.440535 0.371570 0.01 0.01
0 1.412223 0.295345 0.01 0.01
0 1.429646 0.214764 0.01 0.01
0 1.494982 0.493530 0.01 0.01
0 1.571207 0.558866 0.01 0.01
0 1.582096 0.628557 0.01 0.01
0 1.555962 0.907323 0.01 0.01
0 0.020209 0.234909 0.01 0.01
0 0.041987 0.234909 0.01 0.01
0 0.065944 0.245799 0.01 0.01
0 0.035454 0.096615 0.01 0.01
0 0.097523 0.034546 0.01 0.01
0 0.090989 0.078104 0.01 0.01
0 0.088811 0.142350 0.01 0.01
0 0.136724 0.077015 0.01 0.01
0 0.157414 0.023657 0.01 0.01
0 0.206416 0.016035 0.01 0.01
0 0.181370 0.100971 0.01 0.01
0 0.272840 0.119483 0.01 0.01
0 0.327287 0.057414 0.01 0.01
0 0.374111 0.088993 0.01 0.01
0 0.391534 0.137995 0.01 0.01
0 0.353421 0.128194 0.01 0.01
0 0.308775 0.208775 0.01 0.01
0 0.331643 0.227287 0.01 0.01
0 0.401334 0.245799 0.01 0.01
0 0.504782 0.092260 0.01 0.01
0 0.658321 0.050880 0.01 0.01
0 0.736724 0.004056 0.01 0.01
0 0.783548 0.061770 0.01 0.01
0 0.829646 0.058503 0.01 0.01
0 0.864492 0.163040 0.01 0.01
0 0.892804 0.087904 0.01 0.01
0 0.974474 0.104238 0.01 0.01
0 1.109501 0.109682 0.01 0.01
0 0.975563 0.011679 0.01 0.01
0 1.106234 0.008412 0.01 0.01
0 1.161770 0.109682 0.01 0.01
0 1.581370 0.012768 0.01 0.01
0 0.091215 0.758105 0.01 0.01
0 0.460446 1.091215 0.01 0.01
0 1.127001 0.016131 0.01 0.01
0 1.169810 0.006767 0.01 0.01
