0 0.459504 0.854319 0.01 0.01
0 0.506912 0.815801 0.01 0.01
0 0.298023 0.683949 0.01 0.01
0 0.212097 0.482467 0.01 0.01
0 0.093578 0.519504 0.01 0.01
0 0.266912 0.489875 0.01 0.01
0 0.378023 0.510615 0.01 0.01
0 0.511356 0.483949 0.01 0.01
0 0.665430 0.449875 0.01 0.01
0 0.738023 0.472097 0.01 0.01
0 0.994319 0.534319 0.01 0.01
0 1.019504 0.600986 0.01 0.01
0 1.155801 0.583208 0.01 0.01
0 1.256541 0.627653 0.01 0.01
0 1.345430 0.805430 0.01 0.01
0 1.429875 0.501727 0.01 0.01
0 1.382467 0.398023 0.01 0.01
0 1.283208 0.412838 0.01 0.01
0 1.228393 0.337282 0.01 0.01
0 1.182467 0.323949 0.01 0.01
0 0.961727 0.386171 0.01 0.01
0 0.884690 0.380245 0.01 0.01
0 0.900986 0.344690 0.01 0.01
0 0.742467 0.318023 0.01 0.01
0 0.680245 0.318023 0.01 0.01
0 0.620986 0.304690 0.01 0.01
0 0.631356 0.278023 0.01 0.01
0 0.763208 0.275060 0.01 0.01
0 0.818023 0.276541 0.01 0.01
0 0.899504 0.251356 0.01 0.01
0 0.915801 0.240986 0.01 0.01
0 0.942467 0.238023 0.01 0.01
0 1.006171 0.254319 0.01 0.01
0 1.026912 0.257282 0.01 0.01
0 1.086171 0.275060 0.01 0.01
0 1.047653 0.227653 0.01 0.01
0 1.108393 0.245430 0.01 0.01
0 0.458023 0.360986 0.01 0.01
0 0.578023 0.343208 0.01 0.01
0 0.416541 0.387653 0.01 0.01
0 0.145430 0.349134 0.01 0.01
0 0.114319 0.406912 0.01 0.01
0 0.170615 0.325430 0.01 0.01
0 0.416541 0.279504 0.01 0.01
0 0.509875 0.263208 0.01 0.01
0 0.566171 0.261727 0.01 0.01
0 0.065430 0.406912 0.01 0.01
0 0.060986 0.332838 0.01 0.01
0 0.031356 0.263208 0.01 0.01
0 0.060986 0.263208 0.01 0.01
0 0.060986 0.236541 0.01 0.01
0 0.180986 0.255801 0.01 0.01
0 0.229875 0.232097 0.01 0.01
0 0.268393 0.220245 0.01 0.01
0 0.388393 0.266171 0.01 0.01
0 0.346912 0.255801 0.01 0.01
0 0.434319 0.242467 0.01 0.01
0 0.551356 0.233578 0.01 0.01
0 0.597282 0.243949 0.01 0.01
0 0.557282 0.251356 0.01 0.01
0 1.188393 0.233578 0.01 0.01
0 1.216541 0.240986 0.01 0.01
0 1.234319 0.233578 0.01 0.01
0 1.244690 0.235060 0.01 0.01
0 1.284690 0.243949 0.01 0.01
0 1.355801 0.263208 0.01 0.01
0 1.333578 0.266171 0.01 0.01
0 1.330615 0.230615 0.01 0.01
0 1.305430 0.212838 0.01 0.01
0 1.363208 0.214319 0.01 0.01
0 1.147653 0.202838 0.01 0.01
0 1.139504 0.230245 0.01 0.01
0 1.157282 0.224319 0.01 0.01
0 1.165430 0.215430 0.01 0.01
0 1.166912 0.236171 0.01 0.01
0 1.275060 0.216171 0.01 0.01
0 1.375060 0.214690 0.01 0.01
0 1.381727 0.233208 0.01 0.01
0 1.398764 0.265060 0.01 0.01
0 1.402467 0.223578 0.01 0.01
0 1.437282 0.213949 0.01 0.01
0 1.423208 0.189504 0.01 0.01
0 1.472097 0.203578 0.01 0.01
0 1.473578 0.185801 0.01 0.01
0 1.475801 0.252467 0.01 0.01
0 1.499504 0.237653 0.01 0.01
0 1.449134 0.273949 0.01 0.01
0 1.458764 0.293208 0.01 0.01
0 1.516541 0.308023 0.01 0.01
0 1.458764 0.191912 0.01 0.01
0 1.538393 0.217838 0.01 0.01
0 1.531727 0.251912 0.01 0.01
0 1.542467 0.266356 0.01 0.01
0 1.559134 0.244504 0.01 0.01
0 1.569134 0.228208 0.01 0.01
0 1.517653 0.202282 0.01 0.01
0 1.518023 0.190430 0.01 0.01
0 1.527282 0.185615 0.01 0.01
0 1.519134 0.173764 0.01 0.01
0 1.514319 0.179690 0.01 0.01
0 1.529134 0.151541 0.01 0.01
0 1.537653 0.153023 0.01 0.01
0 1.530986 0.170801 0.01 0.01
0 1.542097 0.170430 0.01 0.01
0 1.543949 0.179690 0.01 0.01
0 1.549875 0.177097 0.01 0.01
0 1.542838 0.203023 0.01 0.01
0 1.495801 0.193393 0.01 0.01
0 1.500986 0.200801 0.01 0.01
0 1.506541 0.224504 0.01 0.01
0 1.582282 0.235523 0.01 0.01
0 1.578393 0.196819 0.01 0.01
0 1.568578 0.189782 0.01 0.01
0 1.573023 0.171819 0.01 0.01
0 1.554875 0.170338 0.01 0.01
0 1.586449 0.181032 0.01 0.01
0 1.589227 0.173347 0.01 0.01
0 1.561356 0.179041 0.01 0.01
0 1.552467 0.329690 0.01 0.01
0 1.574504 0.293486 0.01 0.01
0 1.504690 0.500430 0.01 0.01
0 0.095801 0.266541 0.01 0.01
0 0.410615 0.199134 0.01 0.01
0 0.673578 0.194690 0.01 0.01
0 0.691356 0.190986 0.01 0.01
0 0.192838 0.182097 0.01 0.01
0 0.205430 0.284319 0.01 0.01
0 0.172838 0.196912 0.01 0.01
0 0.018023 0.174504 0.01 0.01
0 0.004319 0.168208 0.01 0.01
0 0.738707 0.168777 0.01 0.01
0 0.750695 0.163981 0.01 0.01
0 0.724721 0.183562 0.01 0.01
0 0.780265 0.174771 0.01 0.01
0 0.765480 0.180765 0.01 0.01
0 0.002843 0.271474 0.01 0.01
0 0.309275 0.228673 0.01 0.01
