0 0.260741 0.907683 0.01 0.01
0 0.492807 0.616113 0.01 0.01
0 0.449171 0.580410 0.01 0.01
0 0.699088 0.711319 0.01 0.01
0 0.772477 0.961237 0.01 0.01
0 0.750658 0.622063 0.01 0.01
0 1.056113 0.643881 0.01 0.01
0 0.982724 1.109997 0.01 0.01
0 1.284212 0.822394 0.01 0.01
0 1.300080 0.889832 0.01 0.01
0 1.474625 0.756939 0.01 0.01
0 1.218757 0.628014 0.01 0.01
0 1.260410 0.689501 0.01 0.01
0 1.278262 0.574460 0.01 0.01
0 1.200906 0.522890 0.01 0.01
0 1.321898 0.495121 0.01 0.01
0 1.341733 0.459419 0.01 0.01
0 1.407187 0.507022 0.01 0.01
0 1.526196 0.639915 0.01 0.01
0 1.597600 0.679584 0.01 0.01
0 1.004543 0.566526 0.01 0.01
0 1.008510 0.501072 0.01 0.01
0 1.066030 0.459419 0.01 0.01
0 0.911319 0.453468 0.01 0.01
0 1.040245 0.445534 0.01 0.01
0 0.474956 0.435617 0.01 0.01
0 0.264708 0.304708 0.01 0.01
0 0.298427 0.300741 0.01 0.01
0 0.427353 0.382063 0.01 0.01
0 0.449171 0.352311 0.01 0.01
0 0.486857 0.336443 0.01 0.01
0 0.564212 0.364212 0.01 0.01
0 0.695121 0.352311 0.01 0.01
0 0.461072 0.284873 0.01 0.01
0 0.593964 0.336939 0.01 0.01
0 0.593964 0.283386 0.01 0.01
0 0.574129 0.284377 0.01 0.01
0 0.709005 0.267518 0.01 0.01
0 0.595948 0.232807 0.01 0.01
0 0.603881 0.213964 0.01 0.01
0 0.609832 0.195121 0.01 0.01
0 0.555286 0.229832 0.01 0.01
0 0.533468 0.216939 0.01 0.01
0 0.530493 0.201072 0.01 0.01
0 0.446196 0.267518 0.01 0.01
0 0.424377 0.217931 0.01 0.01
0 0.377766 0.179253 0.01 0.01
0 0.359915 0.165369 0.01 0.01
0 0.326196 0.179253 0.01 0.01
0 0.303386 0.163386 0.01 0.01
0 0.195286 0.198096 0.01 0.01
0 0.190328 0.140576 0.01 0.01
0 0.168510 0.133634 0.01 0.01
0 0.229997 0.167353 0.01 0.01
0 0.260741 0.169336 0.01 0.01
0 0.218096 0.102890 0.01 0.01
0 0.174460 0.079088 0.01 0.01
0 0.184377 0.085038 0.01 0.01
0 0.164543 0.054295 0.01 0.01
0 0.190328 0.071154 0.01 0.01
0 0.198262 0.070162 0.01 0.01
0 0.208179 0.058262 0.01 0.01
0 0.229997 0.078096 0.01 0.01
0 0.235948 0.066196 0.01 0.01
0 0.229997 0.057270 0.01 0.01
0 0.300410 0.061237 0.01 0.01
0 0.341072 0.094956 0.01 0.01
0 0.347022 0.152477 0.01 0.01
0 0.331154 0.159419 0.01 0.01
0 0.287518 0.165369 0.01 0.01
0 0.415452 0.098923 0.01 0.01
0 0.426361 0.101898 0.01 0.01
0 0.420410 0.131650 0.01 0.01
0 0.430328 0.173303 0.01 0.01
0 0.472972 0.153468 0.01 0.01
0 0.499749 0.123716 0.01 0.01
0 0.533468 0.114791 0.01 0.01
0 0.568179 0.089997 0.01 0.01
0 0.550328 0.036443 0.01 0.01
0 0.602890 0.037435 0.01 0.01
0 0.608840 0.030493 0.01 0.01
0 0.589997 0.112807 0.01 0.01
0 0.593964 0.098923 0.01 0.01
0 0.636609 0.192146 0.01 0.01
0 0.667353 0.148510 0.01 0.01
0 0.652477 0.123716 0.01 0.01
0 0.660410 0.124708 0.01 0.01
0 0.663386 0.115782 0.01 0.01
0 0.678262 0.119749 0.01 0.01
0 0.721898 0.136609 0.01 0.01
0 0.737766 0.061237 0.01 0.01
0 0.712972 0.070162 0.01 0.01
0 0.743716 0.070162 0.01 0.01
0 0.703055 0.154460 0.01 0.01
0 0.735782 0.213964 0.01 0.01
0 0.775452 0.138592 0.01 0.01
0 0.779419 0.125700 0.01 0.01
0 0.782394 0.166361 0.01 0.01
0 0.798262 0.174295 0.01 0.01
0 0.815121 0.162394 0.01 0.01
0 0.807187 0.228840 0.01 0.01
0 0.816113 0.257600 0.01 0.01
0 0.828014 0.260576 0.01 0.01
0 0.825038 0.284377 0.01 0.01
0 0.859749 0.281402 0.01 0.01
0 0.862724 0.246691 0.01 0.01
0 0.832972 0.220906 0.01 0.01
0 0.838923 0.142559 0.01 0.01
0 0.844873 0.153468 0.01 0.01
0 0.857766 0.133634 0.01 0.01
0 0.878592 0.158427 0.01 0.01
0 0.890493 0.175286 0.01 0.01
0 0.890493 0.335948 0.01 0.01
0 0.908344 0.311154 0.01 0.01
0 0.934129 0.220906 0.01 0.01
0 0.963220 0.252642 0.01 0.01
0 0.960245 0.195121 0.01 0.01
0 0.971154 0.162394 0.01 0.01
0 0.976113 0.182229 0.01 0.01
0 0.976113 0.302229 0.01 0.01
0 0.975121 0.280410 0.01 0.01
0 0.960245 0.341898 0.01 0.01
0 1.019749 0.391485 0.01 0.01
0 1.067353 0.269501 0.01 0.01
0 1.143716 0.330989 0.01 0.01
0 1.029667 0.243716 0.01 0.01
0 1.022724 0.232807 0.01 0.01
0 1.008840 0.198096 0.01 0.01
0 0.989005 0.198096 0.01 0.01
0 1.025700 0.163386 0.01 0.01
0 1.046526 0.180245 0.01 0.01
0 1.052477 0.173303 0.01 0.01
0 1.060410 0.168344 0.01 0.01
0 1.063386 0.203055 0.01 0.01
0 1.079253 0.243716 0.01 0.01
0 1.122890 0.259584 0.01 0.01
0 1.206196 0.281402 0.01 0.01
0 1.225038 0.263551 0.01 0.01
0 1.238923 0.287353 0.01 0.01
0 1.235948 0.273468 0.01 0.01
0 1.276609 0.281402 0.01 0.01
0 1.275617 0.229832 0.01 0.01
0 1.304377 0.240741 0.01 0.01
0 1.320245 0.299253 0.01 0.01
0 1.369832 0.298262 0.01 0.01
0 1.354956 0.289336 0.01 0.01
0 1.327187 0.219915 0.01 0.01
0 1.305369 0.201072 0.01 0.01
0 1.405534 0.240741 0.01 0.01
0 1.377766 0.227848 0.01 0.01
0 1.436278 0.299253 0.01 0.01
0 1.462063 0.302229 0.01 0.01
0 1.476939 0.314129 0.01 0.01
0 1.474956 0.235782 0.01 0.01
0 1.438262 0.281402 0.01 0.01
0 1.579088 0.276443 0.01 0.01
0 1.517600 0.250658 0.01 0.01
0 1.489832 0.230824 0.01 0.01
0 1.461072 0.209997 0.01 0.01
0 1.451154 0.212972 0.01 0.01
0 1.435286 0.216939 0.01 0.01
0 1.425369 0.223881 0.01 0.01
0 1.417435 0.192146 0.01 0.01
0 1.431319 0.189171 0.01 0.01
0 1.388675 0.161402 0.01 0.01
0 1.397600 0.166361 0.01 0.01
0 1.311319 0.186196 0.01 0.01
0 1.431319 0.166361 0.01 0.01
0 1.439253 0.170328 0.01 0.01
0 1.461072 0.142559 0.01 0.01
0 1.471981 0.146526 0.01 0.01
0 1.499749 0.154460 0.01 0.01
0 1.463055 0.185204 0.01 0.01
0 1.500741 0.212972 0.01 0.01
0 1.530493 0.225865 0.01 0.01
0 1.523551 0.209997 0.01 0.01
0 1.526526 0.183220 0.01 0.01
0 1.503716 0.180245 0.01 0.01
0 0.898757 0.133634 0.01 0.01
0 0.884873 0.122724 0.01 0.01
0 0.866030 0.121733 0.01 0.01
0 0.911650 0.137600 0.01 0.01
0 0.975121 0.153468 0.01 0.01
0 1.447848 0.192642 0.01 0.01
0 1.596609 0.209005 0.01 0.01
0 0.071973 0.121474 0.01 0.01
0 0.123921 0.087108 0.01 0.01
0 0.133911 0.083911 0.01 0.01
0 0.904541 0.101494 0.01 0.01
0 0.844601 0.114681 0.01 0.01
0 0.841404 0.105490 0.01 0.01
0 0.855790 0.108287 0.01 0.01
0 0.880565 0.109486 0.01 0.01
0 0.893752 0.114281 0.01 0.01
0 0.933712 0.100695 0.01 0.01
0 0.916129 0.091104 0.01 0.01
0 0.924121 0.093502 0.01 0.01
0 0.984061 0.103092 0.01 0.01
0 1.028417 0.119476 0.01 0.01
0 1.046799 0.123472 0.01 0.01
0 1.039206 0.143851 0.01 0.01
0 1.053991 0.154641 0.01 0.01
0 1.062383 0.149046 0.01 0.01
0 1.075969 0.150245 0.01 0.01
0 1.090355 0.149046 0.01 0.01
0 1.079566 0.128267 0.01 0.01
0 1.077168 0.118677 0.01 0.01
0 1.063582 0.100295 0.01 0.01
0 1.030015 0.095500 0.01 0.01
0 0.857388 0.125195 0.01 0.01
0 0.946499 0.067653 0.01 0.01
0 0.938107 0.067852 0.01 0.01
0 0.928916 0.063657 0.01 0.01
0 0.883162 0.076644 0.01 0.01
0 0.852393 0.069451 0.01 0.01
0 0.861384 0.070250 0.01 0.01
0 0.866379 0.071848 0.01 0.01
0 0.870575 0.070849 0.01 0.01
0 0.880565 0.069051 0.01 0.01
0 0.877768 0.075645 0.01 0.01
0 0.889556 0.078042 0.01 0.01
0 0.886559 0.069251 0.01 0.01
0 0.900944 0.077443 0.01 0.01
0 0.902343 0.087233 0.01 0.01
0 0.893552 0.089031 0.01 0.01
0 0.906539 0.088432 0.01 0.01
0 0.927118 0.048072 0.01 0.01
0 0.922323 0.047872 0.01 0.01
0 0.904940 0.059261 0.01 0.01
0 0.915130 0.061459 0.01 0.01
0 0.838207 0.054066 0.01 0.01
0 0.845000 0.059061 0.01 0.01
0 0.876369 0.063057 0.01 0.01
0 0.921724 0.078317 0.01 0.01
0 0.849396 0.061534 0.01 0.01
0 0.852992 0.061134 0.01 0.01
0 0.858587 0.064331 0.01 0.01
0 0.859786 0.066329 0.01 0.01
0 0.861784 0.067528 0.01 0.01
0 0.924521 0.083512 0.01 0.01
0 0.918127 0.080315 0.01 0.01
0 0.940505 0.089905 0.01 0.01
0 0.862583 0.061933 0.01 0.01
0 0.866978 0.061933 0.01 0.01
0 0.870974 0.062333 0.01 0.01
0 0.871774 0.064731 0.01 0.01
0 0.859386 0.057538 0.01 0.01
0 1.009636 0.094301 0.01 0.01
0 0.998447 0.086709 0.01 0.01
0 1.003642 0.082313 0.01 0.01
0 1.006039 0.084711 0.01 0.01
0 0.994051 0.081514 0.01 0.01
0 1.051594 0.095500 0.01 0.01
0 1.014431 0.066329 0.01 0.01
0 0.992852 0.067128 0.01 0.01
0 1.018427 0.082713 0.01 0.01
0 1.058387 0.091903 0.01 0.01
0 1.068377 0.095100 0.01 0.01
0 1.062383 0.075520 0.01 0.01
0 1.061184 0.082713 0.01 0.01
0 1.075969 0.104691 0.01 0.01
0 0.853792 0.045150 0.01 0.01
0 0.845800 0.044351 0.01 0.01
0 1.058387 0.099496 0.01 0.01
0 0.783861 0.070325 0.01 0.01
0 1.288956 0.196749 0.01 0.01
0 1.237808 0.110435 0.01 0.01
0 1.233412 0.102843 0.01 0.01
0 1.208237 0.104041 0.01 0.01
0 1.358087 0.126419 0.01 0.01
0 0.480513 0.396901 0.01 0.01
0 0.313957 0.167469 0.01 0.01
0 0.425663 0.122653 0.01 0.01
0 0.814626 0.147570 0.01 0.01
0 1.049576 0.072486 0.01 0.01
0 1.380513 0.305262 0.01 0.01
0 1.519978 0.236031 0.01 0.01
0 1.115964 0.374493 0.01 0.01
0 1.113289 0.374493 0.01 0.01
0 1.494727 0.185195 0.01 0.01
0 1.530847 0.196232 0.01 0.01
0 1.492720 0.202085 0.01 0.01
