0 0.151650 1.024708 0.01 0.01
0 0.643551 0.816443 0.01 0.01
0 0.869667 1.177435 0.01 0.01
0 1.062063 1.000906 0.01 0.01
0 1.381402 0.871981 0.01 0.01
0 1.534129 1.179419 0.01 0.01
0 0.597931 0.703386 0.01 0.01
0 0.262724 0.491154 0.01 0.01
0 0.330162 0.457435 0.01 0.01
0 0.201237 0.326526 0.01 0.01
0 0.169501 0.257105 0.01 0.01
0 0.419419 0.296774 0.01 0.01
0 0.480906 0.217435 0.01 0.01
0 0.554295 0.290824 0.01 0.01
0 0.629667 0.447518 0.01 0.01
0 0.655452 0.554625 0.01 0.01
0 0.732807 0.548675 0.01 0.01
0 0.699088 0.443551 0.01 0.01
0 0.792311 0.512972 0.01 0.01
0 0.875617 0.372146 0.01 0.01
0 0.931154 0.362229 0.01 0.01
0 1.018427 0.350328 0.01 0.01
0 0.889501 0.267022 0.01 0.01
0 1.077931 0.647848 0.01 0.01
0 1.175121 0.588344 0.01 0.01
0 1.242559 0.570493 0.01 0.01
0 1.460741 0.584377 0.01 0.01
0 1.532146 0.649832 0.01 0.01
0 1.302063 0.447518 0.01 0.01
0 1.280245 0.290824 0.01 0.01
0 1.321898 0.292807 0.01 0.01
0 1.401237 0.348344 0.01 0.01
0 1.427022 0.368179 0.01 0.01
0 1.488510 0.435617 0.01 0.01
0 1.536113 0.407848 0.01 0.01
0 1.595617 0.384047 0.01 0.01
0 1.549997 0.336443 0.01 0.01
0 1.577766 0.316609 0.01 0.01
0 1.530162 0.294791 0.01 0.01
0 1.569832 0.284873 0.01 0.01
0 1.591650 0.265038 0.01 0.01
0 1.401237 0.251154 0.01 0.01
0 1.353634 0.231319 0.01 0.01
0 1.210824 0.241237 0.01 0.01
0 1.474625 0.239253 0.01 0.01
0 1.542063 0.205534 0.01 0.01
0 1.567848 0.191650 0.01 0.01
0 1.563881 0.134129 0.01 0.01
0 1.528179 0.132146 0.01 0.01
0 0.033303 0.146526 0.01 0.01
0 0.003551 0.137600 0.01 0.01
0 0.039253 0.120741 0.01 0.01
0 0.069997 0.129667 0.01 0.01
0 0.116609 0.089005 0.01 0.01
0 0.211815 0.171319 0.01 0.01
0 0.207848 0.146526 0.01 0.01
0 0.026196 0.031237 0.01 0.01
0 0.016278 0.011402 0.01 0.01
0 0.007353 0.004956 0.01 0.01
0 0.037105 0.019336 0.01 0.01
0 0.051485 0.015865 0.01 0.01
0 0.068840 0.016361 0.01 0.01
0 0.073799 0.002477 0.01 0.01
0 0.104047 0.028262 0.01 0.01
0 0.114956 0.023303 0.01 0.01
0 0.118923 0.001485 0.01 0.01
0 0.170989 0.026278 0.01 0.01
0 0.140741 0.008427 0.01 0.01
0 0.047022 0.008427 0.01 0.01
0 0.191815 0.022807 0.01 0.01
0 0.193303 0.002477 0.01 0.01
0 0.163551 0.001981 0.01 0.01
0 0.172972 0.001981 0.01 0.01
0 0.182890 0.001981 0.01 0.01
0 0.202724 0.004956 0.01 0.01
0 0.213138 0.001485 0.01 0.01
0 0.219088 0.035204 0.01 0.01
0 0.240410 0.069915 0.01 0.01
0 0.277600 0.084295 0.01 0.01
0 0.252807 0.027766 0.01 0.01
0 0.241898 0.003468 0.01 0.01
0 0.266691 0.010410 0.01 0.01
0 0.255782 0.016857 0.01 0.01
0 0.280576 0.029749 0.01 0.01
0 0.326691 0.053055 0.01 0.01
0 0.316774 0.043138 0.01 0.01
0 0.279584 0.006443 0.01 0.01
0 0.291485 0.008923 0.01 0.01
0 0.300906 0.022311 0.01 0.01
0 0.315286 0.027766 0.01 0.01
0 0.307353 0.029253 0.01 0.01
0 0.308344 0.010906 0.01 0.01
0 0.258757 0.001485 0.01 0.01
0 0.250328 0.001485 0.01 0.01
0 0.325700 0.012890 0.01 0.01
0 0.333138 0.005948 0.01 0.01
0 0.324212 0.022311 0.01 0.01
0 0.353964 0.032229 0.01 0.01
0 0.370824 0.012394 0.01 0.01
0 0.362394 0.001485 0.01 0.01
0 0.352477 0.003964 0.01 0.01
0 0.382229 0.032724 0.01 0.01
0 0.393634 0.018840 0.01 0.01
0 0.415121 0.016361 0.01 0.01
0 0.426030 0.037187 0.01 0.01
0 0.417600 0.057022 0.01 0.01
0 0.412146 0.049088 0.01 0.01
0 0.449832 0.079336 0.01 0.01
0 0.470162 0.057022 0.01 0.01
0 0.474625 0.034212 0.01 0.01
0 0.441402 0.037683 0.01 0.01
0 0.434956 0.021815 0.01 0.01
0 0.448840 0.021319 0.01 0.01
0 0.447353 0.001485 0.01 0.01
0 0.486030 0.026278 0.01 0.01
0 0.492972 0.081319 0.01 0.01
0 0.524212 0.058510 0.01 0.01
0 0.532146 0.057518 0.01 0.01
0 0.539088 0.119501 0.01 0.01
0 0.555948 0.097683 0.01 0.01
0 0.587187 0.154708 0.01 0.01
0 0.614956 0.224625 0.01 0.01
0 0.645700 0.254873 0.01 0.01
0 0.659584 0.203799 0.01 0.01
0 0.634791 0.181485 0.01 0.01
0 0.639749 0.132890 0.01 0.01
0 0.667518 0.130410 0.01 0.01
0 0.673964 0.135369 0.01 0.01
0 0.683881 0.146278 0.01 0.01
0 0.735452 0.197353 0.01 0.01
0 0.751319 0.130906 0.01 0.01
0 0.781072 0.125948 0.01 0.01
0 0.800410 0.137353 0.01 0.01
0 0.780576 0.101154 0.01 0.01
0 0.731981 0.063964 0.01 0.01
0 0.734460 0.046609 0.01 0.01
0 0.759749 0.074377 0.01 0.01
0 0.772642 0.069419 0.01 0.01
0 0.670989 0.084295 0.01 0.01
0 0.705204 0.106113 0.01 0.01
0 0.628840 0.088757 0.01 0.01
0 0.619419 0.076857 0.01 0.01
0 0.602063 0.061485 0.01 0.01
0 0.565865 0.062972 0.01 0.01
0 0.551981 0.057022 0.01 0.01
0 0.532642 0.021319 0.01 0.01
0 0.516774 0.034212 0.01 0.01
0 0.549005 0.007435 0.01 0.01
0 0.584212 0.012394 0.01 0.01
0 0.576278 0.006939 0.01 0.01
0 0.569336 0.017848 0.01 0.01
0 0.561402 0.042146 0.01 0.01
0 0.596609 0.017848 0.01 0.01
0 0.594625 0.010906 0.01 0.01
0 0.605534 0.009419 0.01 0.01
0 0.617931 0.007435 0.01 0.01
0 0.632807 0.010906 0.01 0.01
0 0.651154 0.025286 0.01 0.01
0 0.655121 0.013386 0.01 0.01
0 0.668014 0.017353 0.01 0.01
0 0.675948 0.009915 0.01 0.01
0 0.681402 0.021319 0.01 0.01
0 0.697270 0.015369 0.01 0.01
0 0.700741 0.007931 0.01 0.01
0 0.686361 0.000493 0.01 0.01
0 0.716113 0.011898 0.01 0.01
0 0.721567 0.009419 0.01 0.01
0 0.728510 0.010906 0.01 0.01
0 0.736443 0.014377 0.01 0.01
0 0.747848 0.018344 0.01 0.01
0 0.724543 0.054543 0.01 0.01
0 0.759253 0.019336 0.01 0.01
0 0.757766 0.003468 0.01 0.01
0 0.777600 0.011898 0.01 0.01
0 0.766196 0.010906 0.01 0.01
0 0.779584 0.027270 0.01 0.01
0 0.460245 0.000493 0.01 0.01
0 0.481072 0.005452 0.01 0.01
0 0.492972 0.000989 0.01 0.01
0 0.527187 0.001485 0.01 0.01
0 0.560410 0.008923 0.01 0.01
0 0.631319 0.055534 0.01 0.01
0 0.636774 0.052559 0.01 0.01
0 0.657105 0.058510 0.01 0.01
0 0.665534 0.056526 0.01 0.01
0 0.680410 0.068923 0.01 0.01
0 0.681898 0.058014 0.01 0.01
0 0.692807 0.056030 0.01 0.01
0 0.674460 0.057518 0.01 0.01
0 0.820245 0.088262 0.01 0.01
0 0.843551 0.118510 0.01 0.01
0 0.831154 0.159667 0.01 0.01
0 0.860906 0.152229 0.01 0.01
0 0.843055 0.086774 0.01 0.01
0 0.880741 0.119005 0.01 0.01
0 0.941237 0.124956 0.01 0.01
0 0.955617 0.152724 0.01 0.01
0 0.866361 0.071898 0.01 0.01
0 0.870328 0.017353 0.01 0.01
0 0.878262 0.032229 0.01 0.01
0 0.891154 0.018840 0.01 0.01
0 0.887683 0.010906 0.01 0.01
0 0.900576 0.013881 0.01 0.01
0 0.907022 0.006939 0.01 0.01
0 0.901567 0.002477 0.01 0.01
0 0.892642 0.086774 0.01 0.01
0 0.910989 0.088262 0.01 0.01
0 0.919915 0.076361 0.01 0.01
0 0.905534 0.069915 0.01 0.01
0 0.929832 0.096196 0.01 0.01
0 0.949667 0.111567 0.01 0.01
0 0.962559 0.100658 0.01 0.01
0 0.957105 0.081319 0.01 0.01
0 0.984377 0.055038 0.01 0.01
0 0.986857 0.082311 0.01 0.01
0 0.988840 0.107600 0.01 0.01
0 1.017600 0.127931 0.01 0.01
0 1.006196 0.100658 0.01 0.01
0 1.019088 0.088262 0.01 0.01
0 1.028510 0.086278 0.01 0.01
0 1.045865 0.105121 0.01 0.01
0 1.032477 0.118014 0.01 0.01
0 1.048840 0.138840 0.01 0.01
0 1.061733 0.087766 0.01 0.01
0 1.049832 0.054543 0.01 0.01
0 1.045865 0.038675 0.01 0.01
0 1.068179 0.054047 0.01 0.01
0 1.061237 0.049584 0.01 0.01
0 1.091981 0.058014 0.01 0.01
0 1.046857 0.002477 0.01 0.01
0 1.071650 0.003468 0.01 0.01
0 1.099419 0.005452 0.01 0.01
0 1.117270 0.021815 0.01 0.01
0 1.124212 0.003964 0.01 0.01
0 1.097931 0.047600 0.01 0.01
0 1.119749 0.058014 0.01 0.01
0 1.101898 0.106609 0.01 0.01
0 1.125204 0.071402 0.01 0.01
0 1.148675 0.152724 0.01 0.01
0 1.128840 0.131898 0.01 0.01
0 1.138757 0.102642 0.01 0.01
0 1.153138 0.097187 0.01 0.01
0 1.165534 0.107600 0.01 0.01
0 1.164543 0.070906 0.01 0.01
0 1.144212 0.046609 0.01 0.01
0 1.155617 0.051567 0.01 0.01
0 1.173468 0.071898 0.01 0.01
0 1.197766 0.070906 0.01 0.01
0 1.190328 0.140328 0.01 0.01
0 1.224543 0.141815 0.01 0.01
0 1.219584 0.168592 0.01 0.01
0 1.216113 0.121485 0.01 0.01
0 1.235948 0.126443 0.01 0.01
0 1.251815 0.122972 0.01 0.01
0 1.271154 0.116030 0.01 0.01
0 1.297931 0.115534 0.01 0.01
0 1.216609 0.084295 0.01 0.01
0 1.177931 0.050080 0.01 0.01
0 1.189832 0.050080 0.01 0.01
0 1.211154 0.055038 0.01 0.01
0 1.225038 0.072890 0.01 0.01
0 1.215617 0.063468 0.01 0.01
0 1.237931 0.060493 0.01 0.01
0 1.254295 0.065948 0.01 0.01
0 1.261237 0.061981 0.01 0.01
0 1.252311 0.051567 0.01 0.01
0 1.264212 0.039171 0.01 0.01
0 1.213634 0.030741 0.01 0.01
0 1.195286 0.002477 0.01 0.01
0 1.240410 0.015369 0.01 0.01
0 1.256278 0.021815 0.01 0.01
0 1.277105 0.017353 0.01 0.01
0 1.290493 0.044625 0.01 0.01
0 1.315782 0.022807 0.01 0.01
0 1.342559 0.028757 0.01 0.01
0 1.325700 0.045121 0.01 0.01
0 1.331154 0.056526 0.01 0.01
0 1.343055 0.061981 0.01 0.01
0 1.355948 0.059997 0.01 0.01
0 1.354460 0.046609 0.01 0.01
0 1.374295 0.064956 0.01 0.01
0 1.369832 0.081319 0.01 0.01
0 1.379253 0.089253 0.01 0.01
0 1.407518 0.056030 0.01 0.01
0 1.447683 0.027270 0.01 0.01
0 1.381733 0.194873 0.01 0.01
0 1.364873 0.201815 0.01 0.01
0 1.401072 0.170576 0.01 0.01
0 1.437270 0.206278 0.01 0.01
0 1.450162 0.188427 0.01 0.01
0 1.224543 0.059005 0.01 0.01
0 1.493468 0.080824 0.01 0.01
0 1.496939 0.051567 0.01 0.01
0 1.525204 0.062972 0.01 0.01
0 1.547022 0.095204 0.01 0.01
0 1.542063 0.114047 0.01 0.01
0 1.557435 0.083799 0.01 0.01
0 1.569336 0.074377 0.01 0.01
0 1.475121 0.032229 0.01 0.01
0 1.452807 0.034708 0.01 0.01
