0 1.084661 1.111609 0.01 0.01
0 0.570375 1.156414 0.01 0.01
0 0.400894 1.062907 0.01 0.01
0 0.266479 0.780440 0.01 0.01
0 1.049596 0.647972 0.01 0.01
0 0.932713 0.638232 0.01 0.01
0 0.850894 0.486284 0.01 0.01
0 0.769076 0.517453 0.01 0.01
0 1.043752 0.416154 0.01 0.01
0 1.108037 0.404466 0.01 0.01
0 1.182063 0.414206 0.01 0.01
0 1.199596 0.457063 0.01 0.01
0 1.135310 0.178492 0.01 0.01
0 1.113881 0.155115 0.01 0.01
0 0.055877 0.168469 0.01 0.01
0 0.121641 0.092758 0.01 0.01
0 0.081299 0.257996 0.01 0.01
0 0.223878 0.210469 0.01 0.01
0 0.329983 0.245838 0.01 0.01
0 0.373089 0.239759 0.01 0.01
0 0.414536 0.254127 0.01 0.01
0 0.347668 0.068995 0.01 0.01
0 0.332194 0.071758 0.01 0.01
0 0.334957 0.061258 0.01 0.01
0 0.464273 0.071758 0.01 0.01
0 0.629757 0.258614 0.01 0.01
0 0.573391 0.181328 0.01 0.01
0 0.532133 0.161571 0.01 0.01
0 0.436834 0.027919 0.01 0.01
0 0.451361 0.034311 0.01 0.01
0 0.505403 0.006419 0.01 0.01
0 0.526904 0.006419 0.01 0.01
0 0.527485 0.030825 0.01 0.01
0 0.558283 0.048257 0.01 0.01
0 0.558864 0.108691 0.01 0.01
0 0.526322 0.103461 0.01 0.01
0 0.591405 0.113921 0.01 0.01
0 0.623946 0.140651 0.01 0.01
0 0.646609 0.077312 0.01 0.01
0 0.729706 0.159247 0.01 0.01
0 0.755855 0.141233 0.01 0.01
0 0.804086 0.134841 0.01 0.01
0 0.822681 0.117408 0.01 0.01
0 0.777937 0.107529 0.01 0.01
0 0.810478 0.024432 0.01 0.01
0 0.783748 0.012229 0.01 0.01
0 0.726219 0.009905 0.01 0.01
0 0.701813 0.006419 0.01 0.01
0 0.693097 0.008162 0.01 0.01
0 0.676275 0.004054 0.01 0.01
0 0.657576 0.004054 0.01 0.01
0 0.772542 0.004054 0.01 0.01
0 0.852188 0.005439 0.01 0.01
0 0.877120 0.008902 0.01 0.01
0 0.960921 0.004054 0.01 0.01
0 1.034334 0.004054 0.01 0.01
0 0.935989 0.026216 0.01 0.01
0 0.902746 0.016521 0.01 0.01
0 0.917982 0.033142 0.01 0.01
0 0.942222 0.039375 0.01 0.01
0 0.985854 0.034527 0.01 0.01
0 0.890972 0.048379 0.01 0.01
0 0.868117 0.069848 0.01 0.01
0 1.318183 0.123072 0.01 0.01
0 1.247057 0.102153 0.01 0.01
0 1.238092 0.039992 0.01 0.01
0 1.134690 0.004728 0.01 0.01
0 1.339103 0.007716 0.01 0.01
0 1.311609 0.024452 0.01 0.01
0 1.286505 0.046567 0.01 0.01
0 1.332528 0.065095 0.01 0.01
0 1.428160 0.024452 0.01 0.01
0 1.407838 0.022659 0.01 0.01
