0 1.437258 0.544726 0.01 0.01
0 1.398297 0.386933 0.01 0.01
0 1.521024 0.256414 0.01 0.01
0 1.595050 0.236933 0.01 0.01
0 1.581414 0.201868 0.01 0.01
0 1.472323 0.141479 0.01 0.01
0 1.409985 0.149271 0.01 0.01
0 1.334011 0.231089 0.01 0.01
0 1.273622 0.215505 0.01 0.01
0 0.609336 0.326544 0.01 0.01
0 0.492453 0.244726 0.01 0.01
0 0.379466 0.238881 0.01 0.01
0 0.211933 0.258362 0.01 0.01
0 0.213881 0.114206 0.01 0.01
0 0.264531 0.110310 0.01 0.01
0 0.346349 0.120050 0.01 0.01
0 0.410635 0.155115 0.01 0.01
0 0.592778 0.050407 0.01 0.01
0 0.642453 0.102031 0.01 0.01
0 0.738881 0.012420 0.01 0.01
0 0.993102 0.028005 0.01 0.01
0 0.327843 0.003654 0.01 0.01
0 1.176868 0.077680 0.01 0.01
0 1.217778 0.078654 0.01 0.01
0 1.261609 0.084498 0.01 0.01
0 1.177843 0.010472 0.01 0.01
0 1.196349 0.002680 0.01 0.01
0 0.862583 0.554691 0.01 0.01
0 1.049596 0.620225 0.01 0.01
0 1.044801 0.438007 0.01 0.01
0 1.142303 0.444401 0.01 0.01
0 1.330914 0.893552 0.01 0.01
0 1.498747 0.770475 0.01 0.01
0 0.467778 0.986259 0.01 0.01
0 0.379865 0.970275 0.01 0.01
