0 0.231356 0.873578 0.01 0.01
0 0.197282 0.812838 0.01 0.01
0 0.149875 0.772838 0.01 0.01
0 0.338023 0.749134 0.01 0.01
0 0.212097 0.654319 0.01 0.01
0 0.178023 0.612838 0.01 0.01
0 0.182467 0.592097 0.01 0.01
0 0.095060 0.630615 0.01 0.01
0 0.062467 0.580245 0.01 0.01
0 0.034319 0.574319 0.01 0.01
0 0.290615 0.587653 0.01 0.01
0 0.332097 0.608393 0.01 0.01
0 0.342467 0.549134 0.01 0.01
0 0.367653 0.546171 0.01 0.01
0 0.382467 0.614319 0.01 0.01
0 0.449134 0.599504 0.01 0.01
0 0.463949 0.569875 0.01 0.01
0 0.432838 0.550615 0.01 0.01
0 0.460986 0.547653 0.01 0.01
0 0.509875 0.598023 0.01 0.01
0 0.540986 0.655801 0.01 0.01
0 0.552838 0.760986 0.01 0.01
0 0.551356 0.800986 0.01 0.01
0 0.847653 0.999504 0.01 0.01
0 1.046171 0.943208 0.01 0.01
0 1.175060 1.140245 0.01 0.01
0 0.896541 0.851356 0.01 0.01
0 0.852097 0.805430 0.01 0.01
0 0.921727 0.709134 0.01 0.01
0 0.623949 0.614319 0.01 0.01
0 0.538023 0.556541 0.01 0.01
0 0.576541 0.555060 0.01 0.01
0 0.615060 0.491356 0.01 0.01
0 0.606171 0.558023 0.01 0.01
0 0.653578 0.566912 0.01 0.01
0 0.662467 0.615801 0.01 0.01
0 0.638764 0.592097 0.01 0.01
0 0.726171 0.595060 0.01 0.01
0 0.706912 0.535801 0.01 0.01
0 0.677282 0.531356 0.01 0.01
0 0.726171 0.520986 0.01 0.01
0 0.695060 0.489875 0.01 0.01
0 1.492097 0.700245 0.01 0.01
0 1.406171 0.558023 0.01 0.01
0 1.432838 0.522467 0.01 0.01
0 1.346912 0.559504 0.01 0.01
0 1.223949 0.538764 0.01 0.01
0 1.118764 0.626171 0.01 0.01
0 1.160245 0.549134 0.01 0.01
0 1.213578 0.553578 0.01 0.01
0 1.090615 0.544690 0.01 0.01
0 1.102467 0.581727 0.01 0.01
0 0.982467 0.617282 0.01 0.01
0 0.920245 0.555060 0.01 0.01
0 0.991356 0.558023 0.01 0.01
0 0.998764 0.523949 0.01 0.01
0 1.071356 0.509134 0.01 0.01
0 1.066912 0.486912 0.01 0.01
0 1.092097 0.495801 0.01 0.01
0 1.114319 0.446912 0.01 0.01
0 1.087653 0.466171 0.01 0.01
0 1.003208 0.479504 0.01 0.01
0 0.994319 0.442467 0.01 0.01
0 0.958764 0.513578 0.01 0.01
0 0.912838 0.515060 0.01 0.01
0 0.917282 0.491356 0.01 0.01
0 0.935060 0.451356 0.01 0.01
0 0.946912 0.449875 0.01 0.01
0 0.890615 0.515060 0.01 0.01
0 0.871356 0.516541 0.01 0.01
0 0.906912 0.534319 0.01 0.01
0 0.837282 0.529875 0.01 0.01
0 0.809134 0.513578 0.01 0.01
0 0.855060 0.501727 0.01 0.01
0 0.865430 0.475060 0.01 0.01
0 0.844690 0.467653 0.01 0.01
0 0.825430 0.443949 0.01 0.01
0 0.783949 0.436541 0.01 0.01
0 0.745430 0.438023 0.01 0.01
0 0.644690 0.435060 0.01 0.01
0 0.680986 0.422097 0.01 0.01
0 0.578764 0.439875 0.01 0.01
0 0.657282 0.420615 0.01 0.01
0 0.738023 0.406541 0.01 0.01
0 0.770615 0.403578 0.01 0.01
0 0.786912 0.417653 0.01 0.01
0 0.869875 0.499875 0.01 0.01
0 0.798023 0.430986 0.01 0.01
0 0.837282 0.430986 0.01 0.01
0 0.869134 0.445801 0.01 0.01
0 0.886912 0.449504 0.01 0.01
0 0.905430 0.447282 0.01 0.01
0 0.910615 0.419134 0.01 0.01
0 0.922467 0.417653 0.01 0.01
0 1.008393 0.539134 0.01 0.01
0 0.886171 0.413208 0.01 0.01
0 0.872097 0.419875 0.01 0.01
0 0.865430 0.416912 0.01 0.01
0 0.835801 0.398393 0.01 0.01
0 0.846912 0.389504 0.01 0.01
0 0.820986 0.383578 0.01 0.01
0 0.798023 0.385801 0.01 0.01
0 0.787653 0.378393 0.01 0.01
0 0.735060 0.386541 0.01 0.01
0 0.775060 0.361356 0.01 0.01
0 0.792097 0.371727 0.01 0.01
0 0.802467 0.359875 0.01 0.01
0 0.809875 0.359134 0.01 0.01
0 0.817282 0.350245 0.01 0.01
0 0.840245 0.359134 0.01 0.01
0 0.856541 0.368023 0.01 0.01
0 0.855060 0.351727 0.01 0.01
0 0.846912 0.348023 0.01 0.01
0 0.864690 0.345801 0.01 0.01
0 0.970615 0.361356 0.01 0.01
0 1.002467 0.352467 0.01 0.01
0 0.805430 0.344319 0.01 0.01
0 0.795060 0.350245 0.01 0.01
0 0.784690 0.353208 0.01 0.01
0 0.775060 0.347282 0.01 0.01
0 0.768393 0.365801 0.01 0.01
0 0.790615 0.337097 0.01 0.01
0 0.788764 0.346356 0.01 0.01
0 0.794319 0.341541 0.01 0.01
0 0.823208 0.339690 0.01 0.01
0 0.815060 0.329319 0.01 0.01
0 0.841727 0.331171 0.01 0.01
0 0.857653 0.337838 0.01 0.01
0 0.864690 0.314875 0.01 0.01
0 0.854690 0.312282 0.01 0.01
0 0.855430 0.274875 0.01 0.01
0 0.836171 0.302282 0.01 0.01
0 0.852467 0.294875 0.01 0.01
0 0.861727 0.307467 0.01 0.01
0 0.872838 0.312653 0.01 0.01
0 0.868393 0.310801 0.01 0.01
0 0.849134 0.307838 0.01 0.01
0 0.839504 0.321912 0.01 0.01
0 0.840615 0.314504 0.01 0.01
0 0.849134 0.298764 0.01 0.01
0 0.917653 0.536727 0.01 0.01
0 1.520430 0.616634 0.01 0.01
0 1.570801 0.597745 0.01 0.01
0 1.589875 0.625708 0.01 0.01
0 1.584597 0.732699 0.01 0.01
0 1.351694 0.649796 0.01 0.01
0 0.829416 0.347298 0.01 0.01
0 0.824221 0.345300 0.01 0.01
0 0.810235 0.342103 0.01 0.01
0 0.828617 0.318527 0.01 0.01
0 0.831814 0.310535 0.01 0.01
0 1.336700 0.522653 0.01 0.01
0 1.459777 0.402252 0.01 0.01
0 1.377503 0.432018 0.01 0.01
0 1.404593 0.391215 0.01 0.01
0 1.387536 0.426667 0.01 0.01
0 1.389543 0.383523 0.01 0.01
0 1.374660 0.394559 0.01 0.01
0 1.468473 0.422319 0.01 0.01
