0 0.002598 0.797103 0.01 0.01
0 0.039361 0.632468 0.01 0.01
0 0.325475 0.586114 0.01 0.01
0 0.165635 0.504596 0.01 0.01
0 0.037763 0.421479 0.01 0.01
0 0.031369 0.362338 0.01 0.01
0 0.184816 0.202498 0.01 0.01
0 0.210390 0.128972 0.01 0.01
0 0.194406 0.354346 0.01 0.01
0 0.234366 0.323977 0.01 0.01
0 0.304696 0.466234 0.01 0.01
0 0.363837 0.471029 0.01 0.01
0 0.394206 0.386314 0.01 0.01
0 0.509291 0.443857 0.01 0.01
0 0.574826 0.618082 0.01 0.01
0 0.458142 0.784316 0.01 0.01
0 0.689910 0.653247 0.01 0.01
0 0.614786 0.526974 0.01 0.01
0 0.617982 0.403897 0.01 0.01
0 0.683517 0.381519 0.01 0.01
0 0.624376 0.335165 0.01 0.01
0 0.461339 0.330370 0.01 0.01
0 0.376624 0.159341 0.01 0.01
0 0.414985 0.109791 0.01 0.01
0 0.373427 0.012288 0.01 0.01
0 0.478921 0.183317 0.01 0.01
0 0.525275 0.122578 0.01 0.01
0 0.565235 0.100200 0.01 0.01
0 0.603597 0.152948 0.01 0.01
0 0.640360 0.189711 0.01 0.01
0 0.630770 0.236064 0.01 0.01
0 0.873727 0.645255 0.01 0.01
0 0.836963 0.373527 0.01 0.01
0 0.809791 0.319181 0.01 0.01
0 0.789011 0.376724 0.01 0.01
0 0.830570 0.194506 0.01 0.01
0 0.784216 0.168932 0.01 0.01
0 0.773027 0.135365 0.01 0.01
0 0.726674 0.152948 0.01 0.01
0 0.701099 0.098602 0.01 0.01
0 0.726674 0.023477 0.01 0.01
0 0.578022 0.001099 0.01 0.01
0 0.504496 0.009091 0.01 0.01
0 0.860939 0.023477 0.01 0.01
0 0.766634 0.012288 0.01 0.01
0 0.931269 0.160940 0.01 0.01
0 0.964836 0.239261 0.01 0.01
0 0.916884 0.320780 0.01 0.01
0 0.971229 0.376724 0.01 0.01
0 1.039960 0.378322 0.01 0.01
0 1.063936 0.463037 0.01 0.01
0 1.035165 0.606894 0.01 0.01
0 0.990410 0.504596 0.01 0.01
0 0.988812 0.440660 0.01 0.01
0 1.127873 0.582918 0.01 0.01
0 1.310090 0.704396 0.01 0.01
0 1.199801 0.731569 0.01 0.01
0 1.346854 0.602098 0.01 0.01
0 1.289311 0.530170 0.01 0.01
0 1.361239 0.498202 0.01 0.01
0 1.505095 0.677223 0.01 0.01
0 1.570630 0.784316 0.01 0.01
0 1.415585 0.384716 0.01 0.01
0 1.257343 0.365535 0.01 0.01
0 1.191809 0.331969 0.01 0.01
0 1.118282 0.276024 0.01 0.01
0 1.041559 0.258442 0.01 0.01
0 1.070330 0.144956 0.01 0.01
0 0.993607 0.141759 0.01 0.01
0 0.961639 0.068232 0.01 0.01
0 1.039960 0.109791 0.01 0.01
0 1.083117 0.079421 0.01 0.01
0 1.161439 0.079421 0.01 0.01
0 1.023976 0.007493 0.01 0.01
0 1.132668 0.005895 0.01 0.01
0 1.175825 0.044256 0.01 0.01
0 1.218981 0.071429 0.01 0.01
0 1.282917 0.033067 0.01 0.01
0 1.319681 0.269631 0.01 0.01
0 1.198202 0.237663 0.01 0.01
0 1.247753 0.282418 0.01 0.01
0 1.538662 0.368732 0.01 0.01
0 1.594606 0.368732 0.01 0.01
0 1.505095 0.371929 0.01 0.01
0 1.505095 0.287213 0.01 0.01
0 1.581819 0.232868 0.01 0.01
0 1.524276 0.066634 0.01 0.01
0 1.469930 0.029871 0.01 0.01
0 1.594606 0.052248 0.01 0.01
0 1.580220 0.004296 0.01 0.01
0 0.661139 0.160940 0.01 0.01
0 1.204596 0.654846 0.01 0.01
0 1.321279 0.184916 0.01 0.01
0 1.150250 0.245655 0.01 0.01
0 0.773027 0.095405 0.01 0.01
0 0.450150 0.212088 0.01 0.01
0 0.343057 0.346354 0.01 0.01
