0 0.200245 0.610688 0.01 0.01
0 0.175562 0.775878 0.01 0.01
0 0.477460 0.371448 0.01 0.01
0 0.568600 0.339169 0.01 0.01
0 0.887587 0.525245 0.01 0.01
0 0.948346 0.506258 0.01 0.01
0 0.935055 0.259422 0.01 0.01
0 0.910372 0.215751 0.01 0.01
0 0.720498 0.143600 0.01 0.01
0 0.680625 0.111321 0.01 0.01
0 0.657840 0.099929 0.01 0.01
0 0.638853 0.086638 0.01 0.01
0 0.591384 0.077144 0.01 0.01
0 0.566701 0.090435 0.01 0.01
0 0.523030 0.096131 0.01 0.01
0 0.473663 0.090435 0.01 0.01
0 0.416701 0.117017 0.01 0.01
0 0.390119 0.090435 0.01 0.01
0 0.340751 0.118916 0.01 0.01
0 0.382524 0.137903 0.01 0.01
0 0.333156 0.170182 0.01 0.01
0 0.354043 0.219549 0.01 0.01
0 0.502144 0.162587 0.01 0.01
0 0.555308 0.132207 0.01 0.01
0 0.207840 0.183473 0.01 0.01
0 0.164169 0.143600 0.01 0.01
0 0.147081 0.069549 0.01 0.01
0 0.177460 0.058156 0.01 0.01
0 0.078726 0.090435 0.01 0.01
0 0.012270 0.126511 0.01 0.01
0 0.065435 0.204359 0.01 0.01
0 0.017967 0.229043 0.01 0.01
0 0.295182 0.130308 0.01 0.01
0 0.257207 0.130308 0.01 0.01
0 0.247713 0.105625 0.01 0.01
0 0.264802 0.090435 0.01 0.01
0 0.272397 0.065751 0.01 0.01
0 0.285688 0.092334 0.01 0.01
0 1.111638 0.365751 0.01 0.01
0 1.052777 0.227144 0.01 0.01
0 1.105941 0.198663 0.01 0.01
0 1.100245 0.139802 0.01 0.01
0 1.035688 0.111321 0.01 0.01
0 1.001511 0.124612 0.01 0.01
0 0.971131 0.122713 0.01 0.01
0 0.952144 0.156891 0.01 0.01
0 0.910372 0.071448 0.01 0.01
0 0.885688 0.071448 0.01 0.01
0 0.870498 0.092334 0.01 0.01
0 0.840119 0.082840 0.01 0.01
0 0.828726 0.063853 0.01 0.01
0 0.832524 0.029675 0.01 0.01
0 0.963536 0.037270 0.01 0.01
0 1.079359 0.006891 0.01 0.01
0 1.174296 0.023979 0.01 0.01
0 1.208473 0.082840 0.01 0.01
0 1.255941 0.103726 0.01 0.01
0 1.337587 0.063853 0.01 0.01
0 1.360372 0.109422 0.01 0.01
0 1.331891 0.156891 0.01 0.01
0 1.290119 0.223346 0.01 0.01
0 1.328093 0.268916 0.01 0.01
0 1.301511 0.297397 0.01 0.01
0 1.290119 0.322081 0.01 0.01
0 1.339486 0.411321 0.01 0.01
0 1.451511 0.333473 0.01 0.01
0 1.468600 0.263220 0.01 0.01
0 1.386954 0.206258 0.01 0.01
0 1.426827 0.156891 0.01 0.01
0 1.449612 0.090435 0.01 0.01
0 1.514169 0.069549 0.01 0.01
0 1.536954 0.099929 0.01 0.01
0 1.573030 0.099929 0.01 0.01
0 1.498979 0.117017 0.01 0.01
0 1.523663 0.158789 0.01 0.01
0 1.584422 0.153093 0.01 0.01
0 1.582524 0.276511 0.01 0.01
0 1.548346 0.318283 0.01 0.01
0 0.750878 0.071448 0.01 0.01
0 0.729992 0.029675 0.01 0.01
0 0.767967 0.016384 0.01 0.01
0 0.002777 0.004992 0.01 0.01
0 1.020498 0.084739 0.01 0.01
0 1.573030 0.536638 0.01 0.01
0 1.544549 0.737903 0.01 0.01
0 1.580625 1.151827 0.01 0.01
0 0.781258 0.042967 0.01 0.01
0 0.654043 0.039169 0.01 0.01
0 0.688220 0.010688 0.01 0.01
0 0.695613 0.070004 0.01 0.01
0 0.744396 0.051467 0.01 0.01
0 0.517069 0.033905 0.01 0.01
0 0.746347 0.144154 0.01 0.01
0 0.750250 0.121714 0.01 0.01
