0 0.099776 0.785726 0.01 0.01
0 0.142005 0.760701 0.01 0.01
0 0.190490 0.765393 0.01 0.01
0 0.224898 0.773214 0.01 0.01
0 0.234282 0.727857 0.01 0.01
0 0.192054 0.723165 0.01 0.01
0 0.123236 0.705960 0.01 0.01
0 0.090392 0.673116 0.01 0.01
0 0.046599 0.680936 0.01 0.01
0 0.112288 0.623067 0.01 0.01
0 0.145133 0.616811 0.01 0.01
0 0.195182 0.560506 0.01 0.01
0 0.217078 0.607427 0.01 0.01
0 0.276511 0.638707 0.01 0.01
0 0.345328 0.579274 0.01 0.01
0 0.318740 0.601171 0.01 0.01
0 0.340636 0.649655 0.01 0.01
0 0.393813 0.634015 0.01 0.01
0 0.315612 0.729421 0.01 0.01
0 0.346892 0.768521 0.01 0.01
0 0.378173 0.801366 0.01 0.01
0 0.423530 0.796674 0.01 0.01
0 0.439170 0.730985 0.01 0.01
0 0.489219 0.724729 0.01 0.01
0 0.511115 0.790418 0.01 0.01
0 0.561164 0.788854 0.01 0.01
0 0.564292 0.738805 0.01 0.01
0 0.600265 0.779470 0.01 0.01
0 0.675338 0.760701 0.01 0.01
0 0.631545 0.702832 0.01 0.01
0 0.647186 0.662168 0.01 0.01
0 0.683158 0.684064 0.01 0.01
0 0.700363 0.724729 0.01 0.01
0 0.708183 0.763829 0.01 0.01
0 0.736335 0.740369 0.01 0.01
0 0.777000 0.773214 0.01 0.01
0 0.797332 0.688756 0.01 0.01
0 0.816101 0.635579 0.01 0.01
0 0.758232 0.619939 0.01 0.01
0 0.709747 0.565198 0.01 0.01
0 0.667518 0.549558 0.01 0.01
0 0.604957 0.562070 0.01 0.01
0 0.595573 0.598042 0.01 0.01
0 0.626853 0.543302 0.01 0.01
0 0.590881 0.518277 0.01 0.01
0 0.551780 0.526097 0.01 0.01
0 0.509551 0.483868 0.01 0.01
0 0.533012 0.449460 0.01 0.01
0 0.507987 0.372823 0.01 0.01
0 0.644058 0.293057 0.01 0.01
0 0.606521 0.291493 0.01 0.01
0 0.570548 0.289929 0.01 0.01
0 0.816101 0.296185 0.01 0.01
0 0.914634 0.313390 0.01 0.01
0 0.864585 0.296185 0.01 0.01
0 0.744155 0.291493 0.01 0.01
0 0.730079 0.268033 0.01 0.01
0 0.689414 0.293057 0.01 0.01
0 0.819229 0.422871 0.01 0.01
0 0.747283 0.429128 0.01 0.01
0 0.714439 0.447896 0.01 0.01
0 0.761360 0.488561 0.01 0.01
0 0.736335 0.513585 0.01 0.01
0 0.672210 0.499509 0.01 0.01
0 0.199874 0.521405 0.01 0.01
0 0.121672 0.513585 0.01 0.01
0 0.149825 0.562070 0.01 0.01
0 0.059111 0.485433 0.01 0.01
0 0.024703 0.516713 0.01 0.01
0 0.023139 0.546430 0.01 0.01
0 0.038779 0.641835 0.01 0.01
0 1.132034 0.779470 0.01 0.01
0 1.166443 0.776342 0.01 0.01
0 1.249336 0.751317 0.01 0.01
0 1.341614 0.730985 0.01 0.01
0 1.376022 0.705960 0.01 0.01
0 1.437019 0.674680 0.01 0.01
0 1.463608 0.655912 0.01 0.01
0 1.441712 0.779470 0.01 0.01
0 1.474556 0.727857 0.01 0.01
0 1.498017 0.784162 0.01 0.01
0 1.573090 0.677808 0.01 0.01
0 1.543373 0.652783 0.01 0.01
0 1.505837 0.596478 0.01 0.01
0 1.433891 0.562070 0.01 0.01
0 1.386971 0.601171 0.01 0.01
0 1.376022 0.649655 0.01 0.01
0 0.409453 0.333722 0.01 0.01
0 0.489219 0.318082 0.01 0.01
0 0.279639 0.365002 0.01 0.01
0 0.226462 0.371259 0.01 0.01
0 0.195182 0.335286 0.01 0.01
0 0.400069 0.576146 0.01 0.01
0 0.414146 0.491689 0.01 0.01
0 0.356277 0.521405 0.01 0.01
0 0.462630 0.444768 0.01 0.01
0 0.479835 0.458844 0.01 0.01
0 0.584625 0.463536 0.01 0.01
0 0.623725 0.474484 0.01 0.01
0 0.612777 0.425999 0.01 0.01
0 0.842689 0.612119 0.01 0.01
0 0.886482 0.612119 0.01 0.01
0 0.920890 0.576146 0.01 0.01
0 0.981887 0.535481 0.01 0.01
0 0.958427 0.513585 0.01 0.01
0 0.988144 0.499509 0.01 0.01
0 1.085113 0.538609 0.01 0.01
0 1.119522 0.605863 0.01 0.01
0 1.107010 0.580838 0.01 0.01
0 1.046013 0.602735 0.01 0.01
0 1.081985 0.713781 0.01 0.01
0 1.047577 0.669988 0.01 0.01
0 1.161751 0.680936 0.01 0.01
0 1.282181 0.635579 0.01 0.01
0 1.282181 0.585530 0.01 0.01
0 1.230568 0.562070 0.01 0.01
0 1.224312 0.482304 0.01 0.01
0 1.344742 0.557378 0.01 0.01
0 1.344742 0.598042 0.01 0.01
0 1.532425 0.526097 0.01 0.01
0 1.498017 0.510457 0.01 0.01
0 1.469864 0.477612 0.01 0.01
0 1.491760 0.460408 0.01 0.01
0 1.530861 0.436948 0.01 0.01
0 1.559014 0.472920 0.01 0.01
0 0.118544 0.070965 0.01 0.01
0 0.138877 0.083477 0.01 0.01
0 0.159209 0.083477 0.01 0.01
0 0.176413 0.125706 0.01 0.01
0 0.145133 0.138218 0.01 0.01
0 0.099776 0.114758 0.01 0.01
0 0.070060 0.161679 0.01 0.01
0 0.051291 0.180447 0.01 0.01
0 0.110724 0.177319 0.01 0.01
0 0.206130 0.199216 0.01 0.01
0 0.177977 0.202344 0.01 0.01
0 0.143569 0.202344 0.01 0.01
0 0.138877 0.232060 0.01 0.01
0 0.118544 0.258649 0.01 0.01
0 0.134185 0.275853 0.01 0.01
0 0.168593 0.302441 0.01 0.01
0 0.213950 0.285237 0.01 0.01
0 0.267127 0.238316 0.01 0.01
0 0.270255 0.188267 0.01 0.01
0 0.321868 0.119450 0.01 0.01
0 0.267127 0.097554 0.01 0.01
0 0.256179 0.031865 0.01 0.01
0 0.312484 0.050633 0.01 0.01
0 0.310920 0.077221 0.01 0.01
0 0.373481 0.064709 0.01 0.01
0 0.393813 0.092862 0.01 0.01
0 0.446990 0.077221 0.01 0.01
0 0.465758 0.103810 0.01 0.01
0 0.478271 0.133526 0.01 0.01
0 0.421966 0.153859 0.01 0.01
0 0.461066 0.217984 0.01 0.01
0 0.475143 0.192959 0.01 0.01
0 0.345328 0.182011 0.01 0.01
0 0.348456 0.252392 0.01 0.01
0 0.278075 0.271161 0.01 0.01
0 0.324996 0.293057 0.01 0.01
0 0.057547 0.261777 0.01 0.01
0 0.032523 0.125706 0.01 0.01
0 0.062239 0.075657 0.01 0.01
0 0.085700 0.066273 0.01 0.01
0 0.087264 0.210164 0.01 0.01
0 0.088828 0.307133 0.01 0.01
0 0.112288 0.302441 0.01 0.01
0 0.055983 0.350926 0.01 0.01
0 0.009062 0.379079 0.01 0.01
0 0.151389 0.357182 0.01 0.01
0 0.120108 0.329030 0.01 0.01
0 0.356277 0.325902 0.01 0.01
0 0.437606 0.296185 0.01 0.01
0 0.443862 0.260213 0.01 0.01
0 0.467322 0.239880 0.01 0.01
0 0.642494 0.208600 0.01 0.01
0 0.110724 0.444768 0.01 0.01
0 0.149825 0.394719 0.01 0.01
0 0.091956 0.372823 0.01 0.01
0 0.049727 0.418179 0.01 0.01
0 0.085700 0.339978 0.01 0.01
0 0.045035 0.221112 0.01 0.01
0 0.196746 0.066273 0.01 0.01
0 0.403197 0.053761 0.01 0.01
0 0.379737 0.038121 0.01 0.01
0 0.445426 0.020916 0.01 0.01
0 0.487655 0.042813 0.01 0.01
0 0.520499 0.042813 0.01 0.01
0 0.543960 0.064709 0.01 0.01
0 0.522063 0.083477 0.01 0.01
0 0.501731 0.088170 0.01 0.01
0 0.486091 0.077221 0.01 0.01
0 0.520499 0.125706 0.01 0.01
0 0.559600 0.114758 0.01 0.01
0 0.612777 0.105374 0.01 0.01
0 0.597137 0.088170 0.01 0.01
0 0.578368 0.088170 0.01 0.01
0 0.562728 0.049069 0.01 0.01
0 0.617469 0.038121 0.01 0.01
0 0.676902 0.099118 0.01 0.01
0 0.647186 0.094426 0.01 0.01
0 0.728515 0.125706 0.01 0.01
0 0.744155 0.099118 0.01 0.01
0 0.780128 0.094426 0.01 0.01
0 0.797332 0.070965 0.01 0.01
0 0.861457 0.081913 0.01 0.01
0 0.278075 0.499509 0.01 0.01
0 0.290587 0.471356 0.01 0.01
0 0.257743 0.458844 0.01 0.01
0 0.249923 0.430692 0.01 0.01
0 0.217078 0.444768 0.01 0.01
0 0.212386 0.477612 0.01 0.01
0 0.152953 0.471356 0.01 0.01
0 0.145133 0.502637 0.01 0.01
0 0.081008 0.466664 0.01 0.01
0 0.063803 0.593350 0.01 0.01
0 0.010626 0.695012 0.01 0.01
0 0.052855 0.296185 0.01 0.01
0 0.120108 0.133526 0.01 0.01
0 0.203002 0.236752 0.01 0.01
0 0.301536 0.169499 0.01 0.01
0 0.259307 0.131962 0.01 0.01
0 0.470451 0.644963 0.01 0.01
0 0.501731 0.655912 0.01 0.01
0 0.520499 0.627759 0.01 0.01
0 0.487655 0.587094 0.01 0.01
0 0.462630 0.602735 0.01 0.01
0 0.434478 0.651219 0.01 0.01
0 0.587753 0.677808 0.01 0.01
0 0.900558 0.680936 0.01 0.01
0 0.959991 0.710652 0.01 0.01
0 0.991272 0.699704 0.01 0.01
0 0.977195 0.626195 0.01 0.01
0 0.981887 0.591786 0.01 0.01
0 0.988144 0.571454 0.01 0.01
0 1.108574 0.480740 0.01 0.01
0 1.108574 0.480740 0.01 0.01
0 1.038192 0.485433 0.01 0.01
0 1.019424 0.516713 0.01 0.01
0 1.161751 0.466664 0.01 0.01
0 1.161751 0.419743 0.01 0.01
0 1.111702 0.379079 0.01 0.01
0 1.108574 0.352490 0.01 0.01
0 1.147674 0.352490 0.01 0.01
0 1.178955 0.375951 0.01 0.01
0 1.174263 0.346234 0.01 0.01
0 1.174263 0.313390 0.01 0.01
0 1.144546 0.307133 0.01 0.01
0 1.185211 0.282109 0.01 0.01
0 1.166443 0.263341 0.01 0.01
0 1.130470 0.264905 0.01 0.01
0 1.097625 0.264905 0.01 0.01
0 1.113266 0.236752 0.01 0.01
0 1.161751 0.216420 0.01 0.01
0 1.199287 0.224240 0.01 0.01
0 1.205543 0.188267 0.01 0.01
0 1.208671 0.149167 0.01 0.01
0 1.152366 0.116322 0.01 0.01
0 1.110138 0.097554 0.01 0.01
0 1.019424 0.053761 0.01 0.01
0 0.970939 0.064709 0.01 0.01
0 0.955299 0.105374 0.01 0.01
0 0.939659 0.103810 0.01 0.01
0 0.917762 0.100682 0.01 0.01
0 0.922454 0.060017 0.01 0.01
0 0.927147 0.016224 0.01 0.01
0 0.867713 0.034993 0.01 0.01
0 0.731643 0.027173 0.01 0.01
0 0.716003 0.061581 0.01 0.01
0 0.694106 0.060017 0.01 0.01
0 0.694106 0.031865 0.01 0.01
0 0.583060 0.224240 0.01 0.01
0 0.604957 0.202344 0.01 0.01
0 0.553344 0.202344 0.01 0.01
0 0.523627 0.221112 0.01 0.01
0 0.528320 0.243008 0.01 0.01
0 0.509551 0.258649 0.01 0.01
0 0.545524 0.313390 0.01 0.01
0 1.030372 0.365002 0.01 0.01
0 0.981887 0.324338 0.01 0.01
0 1.013168 0.286801 0.01 0.01
0 0.978759 0.280545 0.01 0.01
0 0.938095 0.271161 0.01 0.01
0 0.902122 0.214856 0.01 0.01
0 0.931839 0.210164 0.01 0.01
0 0.914634 0.182011 0.01 0.01
0 0.942787 0.161679 0.01 0.01
0 1.266540 0.125706 0.01 0.01
0 1.286873 0.114758 0.01 0.01
0 1.255592 0.100682 0.01 0.01
0 1.255592 0.070965 0.01 0.01
0 1.269669 0.053761 0.01 0.01
0 0.664390 0.160115 0.01 0.01
0 0.215514 0.166371 0.01 0.01
0 0.199874 0.150731 0.01 0.01
0 0.009062 0.060017 0.01 0.01
0 0.182669 0.011532 0.01 0.01
0 0.365661 0.017788 0.01 0.01
0 0.310920 0.024044 0.01 0.01
0 0.229590 0.078785 0.01 0.01
0 0.314048 0.219548 0.01 0.01
0 0.548652 0.164807 0.01 0.01
0 0.523627 0.175755 0.01 0.01
0 0.415710 0.202344 0.01 0.01
0 0.772308 0.214856 0.01 0.01
0 0.708183 0.194523 0.01 0.01
0 0.687850 0.163243 0.01 0.01
0 1.042885 0.280545 0.01 0.01
0 1.294693 0.504201 0.01 0.01
0 1.329102 0.493253 0.01 0.01
0 1.261848 0.271161 0.01 0.01
0 1.230568 0.274289 0.01 0.01
0 1.290001 0.224240 0.01 0.01
0 1.254028 0.192959 0.01 0.01
0 1.324409 0.191395 0.01 0.01
0 1.313461 0.174191 0.01 0.01
0 1.458916 0.097554 0.01 0.01
0 1.479248 0.149167 0.01 0.01
0 1.451096 0.164807 0.01 0.01
0 1.415123 0.155423 0.01 0.01
0 1.361946 0.142911 0.01 0.01
0 1.365074 0.119450 0.01 0.01
0 1.366638 0.086606 0.01 0.01
0 1.386971 0.055325 0.01 0.01
0 1.401047 0.027173 0.01 0.01
0 1.516785 0.111630 0.01 0.01
0 1.546501 0.095990 0.01 0.01
0 1.565270 0.121014 0.01 0.01
0 1.565270 0.153859 0.01 0.01
0 1.551193 0.203908 0.01 0.01
0 1.584038 0.241444 0.01 0.01
0 1.460480 0.329030 0.01 0.01
0 1.433891 0.352490 0.01 0.01
0 1.444840 0.418179 0.01 0.01
0 1.397919 0.427564 0.01 0.01
0 1.394791 0.404103 0.01 0.01
0 1.394791 0.383771 0.01 0.01
0 1.347870 0.329030 0.01 0.01
0 1.341614 0.285237 0.01 0.01
0 1.302513 0.280545 0.01 0.01
0 1.294693 0.324338 0.01 0.01
0 1.269669 0.308697 0.01 0.01
0 1.277489 0.350926 0.01 0.01
0 1.250900 0.361874 0.01 0.01
0 1.225876 0.368130 0.01 0.01
0 1.213364 0.313390 0.01 0.01
0 1.222748 0.385335 0.01 0.01
0 1.243080 0.404103 0.01 0.01
0 1.269669 0.422871 0.01 0.01
0 1.311897 0.416615 0.01 0.01
0 1.258720 0.461972 0.01 0.01
0 1.310333 0.466664 0.01 0.01
0 1.341614 0.452588 0.01 0.01
0 1.361946 0.433820 0.01 0.01
0 1.548065 0.304005 0.01 0.01
0 1.524605 0.225804 0.01 0.01
0 1.490196 0.177319 0.01 0.01
0 1.382278 0.199216 0.01 0.01
0 1.579346 0.060017 0.01 0.01
0 1.516785 0.042813 0.01 0.01
0 1.510529 0.020916 0.01 0.01
0 1.466736 0.033429 0.01 0.01
0 1.438583 0.050633 0.01 0.01
0 1.591858 0.793546 0.01 0.01
0 1.396355 0.677808 0.01 0.01
0 1.411995 0.745061 0.01 0.01
0 1.488632 0.422871 0.01 0.01
0 1.479248 0.318082 0.01 0.01
0 1.493324 0.285237 0.01 0.01
0 1.474556 0.243008 0.01 0.01
0 1.447968 0.221112 0.01 0.01
0 1.427635 0.196087 0.01 0.01
0 1.429199 0.304005 0.01 0.01
0 1.393227 0.302441 0.01 0.01
0 1.368202 0.291493 0.01 0.01
0 1.410431 0.263341 0.01 0.01
0 1.410431 0.243008 0.01 0.01
0 1.366638 0.228932 0.01 0.01
0 1.380714 0.250828 0.01 0.01
0 1.186775 0.529225 0.01 0.01
0 1.160187 0.560506 0.01 0.01
0 1.119522 0.535481 0.01 0.01
0 1.100754 0.513585 0.01 0.01
0 1.191467 0.608991 0.01 0.01
0 1.222748 0.655912 0.01 0.01
0 1.246208 0.634015 0.01 0.01
0 1.197723 0.710652 0.01 0.01
0 1.135162 0.732549 0.01 0.01
0 1.329102 0.804494 0.01 0.01
0 1.566834 0.568326 0.01 0.01
0 1.222748 0.031865 0.01 0.01
0 1.239952 0.011532 0.01 0.01
0 1.117958 0.027173 0.01 0.01
0 1.127342 0.016224 0.01 0.01
0 1.150802 0.060017 0.01 0.01
0 1.128906 0.060017 0.01 0.01
0 1.055397 0.017788 0.01 0.01
0 1.002220 0.013096 0.01 0.01
0 1.024116 0.150731 0.01 0.01
0 1.067909 0.169499 0.01 0.01
0 1.042885 0.172627 0.01 0.01
0 0.977195 0.180447 0.01 0.01
0 0.992836 0.153859 0.01 0.01
0 0.911506 0.141346 0.01 0.01
0 0.872406 0.108502 0.01 0.01
0 0.858329 0.127270 0.01 0.01
0 0.864585 0.147603 0.01 0.01
0 0.861457 0.186703 0.01 0.01
0 0.820793 0.127270 0.01 0.01
0 0.787948 0.158551 0.01 0.01
0 0.778564 0.149167 0.01 0.01
0 0.831741 0.205472 0.01 0.01
0 0.863021 0.216420 0.01 0.01
0 0.839561 0.296185 0.01 0.01
0 0.816101 0.246136 0.01 0.01
0 0.848945 0.239880 0.01 0.01
0 0.802024 0.227368 0.01 0.01
0 0.667518 0.258649 0.01 0.01
0 0.705055 0.246136 0.01 0.01
0 0.598701 0.247700 0.01 0.01
0 0.556472 0.258649 0.01 0.01
0 0.470451 0.291493 0.01 0.01
0 0.392249 0.286801 0.01 0.01
0 0.368789 0.136654 0.01 0.01
0 0.820793 0.011532 0.01 0.01
0 0.792640 0.034993 0.01 0.01
0 1.338486 0.053761 0.01 0.01
0 1.302513 0.038121 0.01 0.01
0 1.341614 0.027173 0.01 0.01
0 1.211799 0.081913 0.01 0.01
0 1.216492 0.119450 0.01 0.01
0 1.404175 0.480740 0.01 0.01
0 1.374458 0.538609 0.01 0.01
0 0.992836 0.760701 0.01 0.01
0 0.970939 0.807622 0.01 0.01
0 1.022552 0.806058 0.01 0.01
0 0.883354 0.806058 0.01 0.01
0 0.892738 0.776342 0.01 0.01
0 0.784820 0.735677 0.01 0.01
0 0.731643 0.652783 0.01 0.01
0 0.683158 0.612119 0.01 0.01
0 0.628417 0.591786 0.01 0.01
0 0.626853 0.623067 0.01 0.01
0 0.658134 0.624631 0.01 0.01
0 0.999092 0.095990 0.01 0.01
0 0.999092 0.095990 0.01 0.01
0 0.999092 0.119450 0.01 0.01
0 0.792640 0.549558 0.01 0.01
0 0.817665 0.535481 0.01 0.01
0 0.909942 0.458844 0.01 0.01
0 0.878662 0.447896 0.01 0.01
0 0.938095 0.568326 0.01 0.01
0 0.917762 0.535481 0.01 0.01
0 0.881790 0.535481 0.01 0.01
0 0.852073 0.551122 0.01 0.01
0 1.035064 0.557378 0.01 0.01
0 0.439222 0.509374 0.01 0.01
0 0.165895 0.661222 0.01 0.01
0 1.169691 0.502981 0.01 0.01
0 0.164296 0.051432 0.01 0.01
0 0.135525 0.057826 0.01 0.01
0 0.071589 0.030653 0.01 0.01
0 0.175485 0.262421 0.01 0.01
0 0.325735 0.459025 0.01 0.01
0 0.319341 0.439844 0.01 0.01
0 0.284177 0.447836 0.01 0.01
0 0.341719 0.439844 0.01 0.01
0 0.177084 0.439844 0.01 0.01
0 1.001859 0.243240 0.01 0.01
0 1.008253 0.209674 0.01 0.01
0 1.057803 0.212871 0.01 0.01
0 1.148912 0.184099 0.01 0.01
0 1.078582 0.240044 0.01 0.01
0 0.728532 0.160123 0.01 0.01
0 0.694966 0.140943 0.01 0.01
0 0.650211 0.131352 0.01 0.01
0 0.746115 0.182501 0.01 0.01
0 0.776484 0.180903 0.01 0.01
0 0.747713 0.449434 0.01 0.01
0 0.645415 0.487796 0.01 0.01
0 0.479182 0.545338 0.01 0.01
0 0.463198 0.570913 0.01 0.01
0 1.353507 0.673210 0.01 0.01
0 1.113747 0.695588 0.01 0.01
0 1.334326 0.219264 0.01 0.01
0 1.466994 0.069015 0.01 0.01
0 1.396664 0.091392 0.01 0.01
0 1.409451 0.121762 0.01 0.01
0 1.393467 0.147336 0.01 0.01
0 1.411050 0.073810 0.01 0.01
0 1.511749 0.200083 0.01 0.01
0 1.582079 0.209674 0.01 0.01
0 0.279381 0.152131 0.01 0.01
0 0.311349 0.142541 0.01 0.01
0 0.336924 0.150533 0.01 0.01
0 1.110550 0.192091 0.01 0.01
0 1.067393 0.140943 0.01 0.01
0 1.204856 0.810673 0.01 0.01
0 1.490970 0.815468 0.01 0.01
