0 0.478227 0.413777 0.01 0.01
0 0.425933 0.470199 0.01 0.01
0 0.241530 0.278915 0.01 0.01
0 0.266300 0.259649 0.01 0.01
0 0.214007 0.250016 0.01 0.01
0 0.072263 0.397263 0.01 0.01
0 0.075016 0.216988 0.01 0.01
0 0.600704 0.313318 0.01 0.01
0 0.798869 0.342218 0.01 0.01
0 0.782355 0.299557 0.01 0.01
0 0.731438 0.211484 0.01 0.01
0 0.545658 0.194970 0.01 0.01
0 0.516759 0.201851 0.01 0.01
0 0.424557 0.175704 0.01 0.01
0 0.419052 0.226621 0.01 0.01
0 0.344741 0.144052 0.01 0.01
0 0.401163 0.120658 0.01 0.01
0 0.892447 0.303685 0.01 0.01
0 0.964007 0.281667 0.01 0.01
0 1.093364 0.272034 0.01 0.01
0 1.111254 0.307814 0.01 0.01
0 1.246117 0.530750 0.01 0.01
0 1.317676 0.185337 0.01 0.01
0 1.528227 0.201851 0.01 0.01
0 1.538089 0.147837 0.01 0.01
0 1.556667 0.144396 0.01 0.01
0 1.599328 0.144396 0.01 0.01
0 1.376392 0.092103 0.01 0.01
0 1.392906 0.121002 0.01 0.01
0 1.251163 0.106552 0.01 0.01
0 0.987630 0.130635 0.01 0.01
0 0.894741 0.105864 0.01 0.01
0 0.997263 0.060452 0.01 0.01
0 1.333846 0.037573 0.01 0.01
0 1.540268 0.041702 0.01 0.01
0 1.490612 0.015813 0.01 0.01
0 1.378628 0.011727 0.01 0.01
0 1.398238 0.013189 0.01 0.01
0 1.141931 0.034477 0.01 0.01
0 1.149500 0.038605 0.01 0.01
0 0.849672 0.038605 0.01 0.01
0 0.583043 0.125130 0.01 0.01
0 0.614609 0.014050 0.01 0.01
0 0.659333 0.010437 0.01 0.01
0 0.604804 0.029467 0.01 0.01
0 0.433473 0.060366 0.01 0.01
0 0.489723 0.014265 0.01 0.01
0 0.961942 0.247435 0.01 0.01
0 0.260910 0.061656 0.01 0.01
0 0.277768 0.059247 0.01 0.01
0 0.297034 0.070601 0.01 0.01
0 0.039351 0.093307 0.01 0.01
0 0.026965 0.031724 0.01 0.01
0 0.003112 0.253628 0.01 0.01
0 0.200245 0.295429 0.01 0.01
0 0.274493 0.301583 0.01 0.01
