0 1.094401 1.070700 0.01 0.01
0 1.374920 1.181739 0.01 0.01
0 1.100245 0.862258 0.01 0.01
0 1.028167 0.784336 0.01 0.01
0 0.884011 0.753167 0.01 0.01
0 0.069726 0.683037 0.01 0.01
0 0.313232 0.624596 0.01 0.01
0 0.418427 0.607063 0.01 0.01
0 0.453492 0.597323 0.01 0.01
0 0.506089 0.614855 0.01 0.01
0 0.533362 0.640180 0.01 0.01
0 0.634661 0.651868 0.01 0.01
0 0.585959 0.579791 0.01 0.01
0 0.593752 0.548622 0.01 0.01
0 0.546998 0.531089 0.01 0.01
0 0.669726 0.583687 0.01 0.01
0 0.696998 0.610959 0.01 0.01
0 0.735959 0.573946 0.01 0.01
0 0.737907 0.542778 0.01 0.01
0 0.823622 0.579791 0.01 0.01
0 0.815830 0.542778 0.01 0.01
0 0.932713 0.601219 0.01 0.01
0 1.125570 0.675245 0.01 0.01
0 1.102193 0.642128 0.01 0.01
0 1.065180 0.601219 0.01 0.01
0 0.919076 0.492128 0.01 0.01
0 0.905440 0.490180 0.01 0.01
0 1.006739 0.462907 0.01 0.01
0 1.238557 0.476544 0.01 0.01
0 0.451057 0.313638 0.01 0.01
0 0.464206 0.308768 0.01 0.01
0 0.446674 0.323378 0.01 0.01
0 0.436446 0.310716 0.01 0.01
0 0.449109 0.331170 0.01 0.01
0 0.468589 0.303898 0.01 0.01
0 0.504628 0.350651 0.01 0.01
0 0.518265 0.350651 0.01 0.01
0 0.533362 0.353086 0.01 0.01
0 0.472972 0.376950 0.01 0.01
0 0.465667 0.372080 0.01 0.01
0 0.464693 0.357956 0.01 0.01
0 0.471511 0.361365 0.01 0.01
0 0.448622 0.338476 0.01 0.01
0 0.437907 0.339450 0.01 0.01
0 0.424271 0.332631 0.01 0.01
0 0.411609 0.336041 0.01 0.01
0 0.402843 0.332631 0.01 0.01
0 0.374596 0.334580 0.01 0.01
0 0.344888 0.344320 0.01 0.01
0 0.360472 0.356495 0.01 0.01
0 0.387745 0.370131 0.01 0.01
0 0.418427 0.352112 0.01 0.01
0 0.425732 0.363313 0.01 0.01
0 0.444726 0.376950 0.01 0.01
0 0.460310 0.381333 0.01 0.01
0 0.481739 0.398378 0.01 0.01
0 0.509498 0.398865 0.01 0.01
0 0.524109 0.396917 0.01 0.01
0 0.532875 0.416398 0.01 0.01
0 0.516317 0.412502 0.01 0.01
0 0.519239 0.446593 0.01 0.01
0 0.471024 0.459255 0.01 0.01
0 0.423297 0.435878 0.01 0.01
0 0.401868 0.434904 0.01 0.01
0 0.350245 0.429060 0.01 0.01
0 0.335635 0.448541 0.01 0.01
0 0.314693 0.454872 0.01 0.01
0 0.315667 0.376950 0.01 0.01
0 0.288881 0.357469 0.01 0.01
0 0.273297 0.364287 0.01 0.01
0 0.261122 0.371105 0.01 0.01
0 0.533362 0.316804 0.01 0.01
0 0.229466 0.373297 0.01 0.01
0 0.214855 0.370375 0.01 0.01
0 0.153492 0.379141 0.01 0.01
0 0.170050 0.418102 0.01 0.01
0 0.129141 0.416154 0.01 0.01
0 0.096998 0.438557 0.01 0.01
0 0.096024 0.453167 0.01 0.01
0 0.083362 0.446349 0.01 0.01
0 0.080440 0.429791 0.01 0.01
0 0.091154 0.429791 0.01 0.01
0 0.084336 0.412258 0.01 0.01
0 0.075570 0.407388 0.01 0.01
0 0.069726 0.404466 0.01 0.01
0 0.008687 0.421511 0.01 0.01
0 0.562907 0.479953 0.01 0.01
0 0.589206 0.456576 0.01 0.01
0 0.808037 0.392291 0.01 0.01
0 0.860635 0.411771 0.01 0.01
0 0.870375 0.402031 0.01 0.01
0 0.793427 0.402031 0.01 0.01
0 0.771998 0.423459 0.01 0.01
0 0.788557 0.436122 0.01 0.01
0 0.781739 0.469239 0.01 0.01
0 0.771024 0.478979 0.01 0.01
0 0.733037 0.476057 0.01 0.01
0 0.734011 0.409823 0.01 0.01
0 0.708687 0.413719 0.01 0.01
0 0.700894 0.442940 0.01 0.01
0 0.659985 0.440018 0.01 0.01
0 0.638557 0.453654 0.01 0.01
0 0.669726 0.480927 0.01 0.01
0 0.704791 0.483849 0.01 0.01
0 0.713557 0.506252 0.01 0.01
0 0.635635 0.523784 0.01 0.01
0 0.634661 0.503330 0.01 0.01
0 1.349271 0.296105 0.01 0.01
0 1.315180 0.296593 0.01 0.01
0 1.288881 0.294157 0.01 0.01
0 1.305927 0.290748 0.01 0.01
0 1.294239 0.287339 0.01 0.01
0 1.283037 0.289774 0.01 0.01
0 1.273784 0.288313 0.01 0.01
0 1.268914 0.281982 0.01 0.01
0 1.279141 0.282469 0.01 0.01
0 1.284985 0.286365 0.01 0.01
0 1.294239 0.275164 0.01 0.01
0 1.283524 0.278573 0.01 0.01
0 1.299596 0.277112 0.01 0.01
0 1.301544 0.285391 0.01 0.01
0 1.297161 0.280521 0.01 0.01
0 1.306901 0.280521 0.01 0.01
0 1.319076 0.284417 0.01 0.01
0 1.343427 0.283930 0.01 0.01
0 1.340992 0.290748 0.01 0.01
0 1.363394 0.299515 0.01 0.01
0 1.381414 0.289287 0.01 0.01
0 1.389206 0.281982 0.01 0.01
0 1.402355 0.285391 0.01 0.01
0 1.333200 0.289774 0.01 0.01
0 1.334661 0.283930 0.01 0.01
0 1.321511 0.292209 0.01 0.01
0 1.314206 0.285391 0.01 0.01
0 1.297161 0.295618 0.01 0.01
0 1.436933 0.346268 0.01 0.01
0 1.451544 0.343833 0.01 0.01
0 1.460310 0.347729 0.01 0.01
0 1.459336 0.370131 0.01 0.01
0 1.468102 0.376950 0.01 0.01
0 1.482226 0.374028 0.01 0.01
0 1.477843 0.445131 0.01 0.01
0 1.393589 0.392534 0.01 0.01
0 1.428167 0.435391 0.01 0.01
0 1.396998 0.448541 0.01 0.01
0 1.270375 0.389125 0.01 0.01
0 1.259661 0.399839 0.01 0.01
0 1.239206 0.391560 0.01 0.01
0 1.242615 0.386203 0.01 0.01
0 1.240667 0.380359 0.01 0.01
0 1.195862 0.404222 0.01 0.01
0 1.171998 0.404709 0.01 0.01
0 1.172972 0.384742 0.01 0.01
0 1.138394 0.387177 0.01 0.01
0 1.121349 0.384742 0.01 0.01
0 1.153492 0.428086 0.01 0.01
0 1.492453 0.579304 0.01 0.01
0 1.450570 0.546187 0.01 0.01
0 1.540180 0.505278 0.01 0.01
0 1.513881 0.467291 0.01 0.01
0 1.555765 0.433200 0.01 0.01
0 1.523622 0.438070 0.01 0.01
0 1.587907 0.430278 0.01 0.01
0 1.587258 0.776544 0.01 0.01
0 0.057937 0.365462 0.01 0.01
