0 0.011928 0.484053 0.01 0.01
0 0.014034 0.478907 0.01 0.01
0 0.009823 0.473527 0.01 0.01
0 0.013098 0.465808 0.01 0.01
0 0.009589 0.453644 0.01 0.01
0 0.018946 0.450837 0.01 0.01
0 0.023624 0.458790 0.01 0.01
0 0.026899 0.452006 0.01 0.01
0 0.040700 0.447328 0.01 0.01
0 0.049355 0.447328 0.01 0.01
0 0.050525 0.467445 0.01 0.01
0 0.048654 0.459960 0.01 0.01
0 0.011928 0.471889 0.01 0.01
0 0.022689 0.464170 0.01 0.01
0 0.032513 0.462065 0.01 0.01
0 0.037192 0.454580 0.01 0.01
0 0.030408 0.489667 0.01 0.01
0 0.038595 0.502065 0.01 0.01
0 0.043273 0.493644 0.01 0.01
0 0.044209 0.487796 0.01 0.01
0 0.045613 0.479375 0.01 0.01
0 0.045145 0.463235 0.01 0.01
0 0.044911 0.458088 0.01 0.01
0 0.045613 0.453176 0.01 0.01
0 0.046548 0.447094 0.01 0.01
0 0.064326 0.453176 0.01 0.01
0 0.069004 0.452942 0.01 0.01
0 0.067601 0.463001 0.01 0.01
0 0.065730 0.459726 0.01 0.01
0 0.060817 0.459726 0.01 0.01
0 0.056841 0.467445 0.01 0.01
0 0.053800 0.462767 0.01 0.01
0 0.055671 0.479375 0.01 0.01
0 0.055671 0.473059 0.01 0.01
0 0.063156 0.470252 0.01 0.01
0 0.056139 0.513527 0.01 0.01
0 0.048420 0.496919 0.01 0.01
0 0.054502 0.495749 0.01 0.01
0 0.064794 0.492240 0.01 0.01
0 0.067835 0.496919 0.01 0.01
0 0.065262 0.502767 0.01 0.01
0 0.066431 0.512825 0.01 0.01
0 0.079297 0.494580 0.01 0.01
0 0.076958 0.486626 0.01 0.01
0 0.068069 0.484053 0.01 0.01
0 0.065262 0.475632 0.01 0.01
0 0.069472 0.470720 0.01 0.01
0 0.072981 0.460895 0.01 0.01
0 0.073449 0.455515 0.01 0.01
0 0.081168 0.454112 0.01 0.01
0 0.086548 0.451539 0.01 0.01
0 0.075086 0.450369 0.01 0.01
0 0.078361 0.450837 0.01 0.01
0 0.080934 0.451305 0.01 0.01
0 0.093098 0.454580 0.01 0.01
0 0.098946 0.451305 0.01 0.01
0 0.101051 0.459960 0.01 0.01
0 0.095203 0.461363 0.01 0.01
0 0.099882 0.465340 0.01 0.01
0 0.091227 0.468615 0.01 0.01
0 0.086080 0.459492 0.01 0.01
0 0.086080 0.465808 0.01 0.01
0 0.083975 0.480544 0.01 0.01
0 0.080466 0.469550 0.01 0.01
0 0.084677 0.471889 0.01 0.01
0 0.075554 0.476802 0.01 0.01
0 0.082104 0.510486 0.01 0.01
0 0.089355 0.493878 0.01 0.01
0 0.097542 0.497620 0.01 0.01
0 0.094969 0.488966 0.01 0.01
0 0.098244 0.480077 0.01 0.01
0 0.096841 0.485457 0.01 0.01
0 0.104560 0.479141 0.01 0.01
0 0.103390 0.470252 0.01 0.01
0 0.107601 0.462065 0.01 0.01
0 0.107367 0.453644 0.01 0.01
0 0.118361 0.450603 0.01 0.01
0 0.113917 0.450837 0.01 0.01
0 0.127016 0.451305 0.01 0.01
0 0.122104 0.450369 0.01 0.01
0 0.114151 0.448264 0.01 0.01
0 0.117425 0.457387 0.01 0.01
0 0.112981 0.468147 0.01 0.01
0 0.126782 0.461597 0.01 0.01
0 0.120700 0.473527 0.01 0.01
0 0.128420 0.469550 0.01 0.01
0 0.131928 0.460895 0.01 0.01
0 0.129823 0.456217 0.01 0.01
0 0.128186 0.453644 0.01 0.01
0 0.135437 0.451305 0.01 0.01
0 0.131227 0.441246 0.01 0.01
0 0.146665 0.448030 0.01 0.01
0 0.106899 0.512123 0.01 0.01
0 0.129823 0.510954 0.01 0.01
0 0.124209 0.502533 0.01 0.01
0 0.106899 0.495281 0.01 0.01
0 0.105028 0.483819 0.01 0.01
0 0.112981 0.481714 0.01 0.01
0 0.119999 0.480544 0.01 0.01
0 0.129355 0.480077 0.01 0.01
0 0.119999 0.489199 0.01 0.01
0 0.133566 0.489901 0.01 0.01
0 0.133566 0.497854 0.01 0.01
0 0.142221 0.490603 0.01 0.01
0 0.134268 0.481714 0.01 0.01
0 0.141519 0.481714 0.01 0.01
0 0.136607 0.476100 0.01 0.01
0 0.138244 0.470252 0.01 0.01
0 0.136841 0.457387 0.01 0.01
0 0.144560 0.460427 0.01 0.01
0 0.146899 0.454813 0.01 0.01
0 0.156490 0.453644 0.01 0.01
0 0.153917 0.465340 0.01 0.01
0 0.159531 0.460427 0.01 0.01
0 0.145028 0.464872 0.01 0.01
0 0.145730 0.472591 0.01 0.01
0 0.151811 0.481012 0.01 0.01
0 0.144326 0.508381 0.01 0.01
0 0.157893 0.495749 0.01 0.01
0 0.164677 0.481714 0.01 0.01
0 0.161636 0.475164 0.01 0.01
0 0.161870 0.466977 0.01 0.01
0 0.167250 0.460895 0.01 0.01
0 0.166782 0.451305 0.01 0.01
0 0.166314 0.436568 0.01 0.01
0 0.173566 0.452942 0.01 0.01
0 0.175905 0.451305 0.01 0.01
0 0.178712 0.455281 0.01 0.01
0 0.184794 0.449667 0.01 0.01
0 0.185496 0.461597 0.01 0.01
0 0.179882 0.462533 0.01 0.01
0 0.172630 0.466042 0.01 0.01
0 0.177309 0.480778 0.01 0.01
0 0.170993 0.470954 0.01 0.01
0 0.181051 0.471188 0.01 0.01
0 0.178244 0.469316 0.01 0.01
0 0.182923 0.468147 0.01 0.01
0 0.172630 0.492474 0.01 0.01
0 0.170291 0.500661 0.01 0.01
0 0.167952 0.506743 0.01 0.01
0 0.154618 0.513293 0.01 0.01
0 0.156724 0.506275 0.01 0.01
0 0.189238 0.498556 0.01 0.01
0 0.187133 0.481012 0.01 0.01
0 0.192513 0.484287 0.01 0.01
0 0.197659 0.481012 0.01 0.01
0 0.189940 0.472825 0.01 0.01
0 0.196724 0.469082 0.01 0.01
0 0.196724 0.457854 0.01 0.01
0 0.191110 0.462533 0.01 0.01
0 0.192045 0.454580 0.01 0.01
0 0.196022 0.449901 0.01 0.01
0 0.190408 0.449667 0.01 0.01
0 0.191811 0.446626 0.01 0.01
0 0.041753 0.526860 0.01 0.01
0 0.040116 0.656919 0.01 0.01
0 0.051344 0.617620 0.01 0.01
0 0.032162 0.599843 0.01 0.01
0 0.056490 0.568030 0.01 0.01
0 0.042923 0.544638 0.01 0.01
0 0.074735 0.552591 0.01 0.01
0 0.085496 0.542767 0.01 0.01
0 0.070993 0.530603 0.01 0.01
0 0.114502 0.541363 0.01 0.01
0 0.130408 0.532942 0.01 0.01
0 0.143507 0.526392 0.01 0.01
0 0.128537 0.566626 0.01 0.01
0 0.159882 0.569433 0.01 0.01
0 0.122923 0.603118 0.01 0.01
0 0.107016 0.620895 0.01 0.01
0 0.138361 0.612942 0.01 0.01
0 0.165496 0.675164 0.01 0.01
0 0.210408 0.632591 0.01 0.01
0 0.191227 0.543235 0.01 0.01
0 0.194969 0.519843 0.01 0.01
0 0.198244 0.513761 0.01 0.01
0 0.205262 0.514229 0.01 0.01
0 0.215086 0.503468 0.01 0.01
0 0.226782 0.510954 0.01 0.01
0 0.211811 0.529667 0.01 0.01
0 0.214151 0.518907 0.01 0.01
0 0.228654 0.523585 0.01 0.01
0 0.241753 0.529667 0.01 0.01
0 0.254385 0.542767 0.01 0.01
0 0.242221 0.577387 0.01 0.01
0 0.245028 0.608732 0.01 0.01
0 0.269355 0.565691 0.01 0.01
0 0.289004 0.572708 0.01 0.01
0 0.279648 0.633527 0.01 0.01
0 0.231461 0.667211 0.01 0.01
0 0.258595 0.685925 0.01 0.01
0 0.092747 0.731773 0.01 0.01
0 0.163858 0.737387 0.01 0.01
0 0.229355 0.752357 0.01 0.01
0 0.117075 0.888966 0.01 0.01
0 0.395905 0.799141 0.01 0.01
0 0.423975 0.681246 0.01 0.01
0 0.367835 0.684989 0.01 0.01
0 0.588654 0.823468 0.01 0.01
0 0.511928 0.810369 0.01 0.01
0 0.635437 0.737387 0.01 0.01
0 0.685963 0.692474 0.01 0.01
0 0.573683 0.651305 0.01 0.01
0 0.751461 0.752357 0.01 0.01
0 0.790759 0.641948 0.01 0.01
0 0.723390 0.645691 0.01 0.01
0 0.841285 0.660661 0.01 0.01
0 0.934852 0.780427 0.01 0.01
0 1.045262 0.733644 0.01 0.01
0 1.107016 0.771071 0.01 0.01
0 1.176256 0.705574 0.01 0.01
0 1.292279 0.698088 0.01 0.01
0 1.294151 0.778556 0.01 0.01
0 1.380232 0.729901 0.01 0.01
0 1.344677 0.668147 0.01 0.01
0 1.408303 0.647562 0.01 0.01
0 1.456958 0.645691 0.01 0.01
0 1.488771 0.658790 0.01 0.01
0 1.539297 0.668147 0.01 0.01
0 1.520583 0.802884 0.01 0.01
0 1.574852 0.855281 0.01 0.01
0 1.580466 0.602650 0.01 0.01
0 1.531811 0.619492 0.01 0.01
0 1.496256 0.615749 0.01 0.01
0 1.455086 0.608264 0.01 0.01
0 1.427016 0.634463 0.01 0.01
0 1.417659 0.606392 0.01 0.01
0 1.402689 0.632591 0.01 0.01
0 1.355905 0.612006 0.01 0.01
0 1.267952 0.619492 0.01 0.01
0 1.275437 0.576451 0.01 0.01
0 1.292279 0.557737 0.01 0.01
0 0.207367 0.478907 0.01 0.01
0 0.204092 0.471656 0.01 0.01
0 0.211110 0.464404 0.01 0.01
0 0.202923 0.459492 0.01 0.01
0 0.202221 0.449433 0.01 0.01
0 0.208069 0.448030 0.01 0.01
0 0.208303 0.453410 0.01 0.01
0 0.209004 0.455515 0.01 0.01
0 0.212279 0.453410 0.01 0.01
0 0.215086 0.447562 0.01 0.01
0 0.221636 0.451305 0.01 0.01
0 0.215320 0.460895 0.01 0.01
0 0.231461 0.454346 0.01 0.01
0 0.229589 0.449199 0.01 0.01
0 0.240116 0.453644 0.01 0.01
0 0.235437 0.453878 0.01 0.01
0 0.244326 0.445223 0.01 0.01
0 0.238010 0.447094 0.01 0.01
0 0.248303 0.444755 0.01 0.01
0 0.247835 0.448498 0.01 0.01
0 0.249940 0.452474 0.01 0.01
0 0.242689 0.456685 0.01 0.01
0 0.243858 0.448498 0.01 0.01
0 0.217192 0.495749 0.01 0.01
0 0.214618 0.492474 0.01 0.01
0 0.207601 0.493410 0.01 0.01
0 0.214151 0.484287 0.01 0.01
0 0.219531 0.477504 0.01 0.01
0 0.223040 0.474930 0.01 0.01
0 0.224443 0.466743 0.01 0.01
0 0.230525 0.468381 0.01 0.01
0 0.235905 0.460895 0.01 0.01
0 0.230993 0.459960 0.01 0.01
0 0.237542 0.457854 0.01 0.01
0 0.227718 0.489199 0.01 0.01
0 0.233800 0.486860 0.01 0.01
0 0.225613 0.478673 0.01 0.01
0 0.231227 0.478907 0.01 0.01
0 0.233332 0.474930 0.01 0.01
0 0.241051 0.477737 0.01 0.01
0 0.235671 0.477270 0.01 0.01
0 0.245028 0.472357 0.01 0.01
0 0.239414 0.466977 0.01 0.01
0 0.253917 0.462767 0.01 0.01
0 0.260700 0.464872 0.01 0.01
0 0.266782 0.453410 0.01 0.01
0 0.271928 0.452006 0.01 0.01
0 0.272162 0.459492 0.01 0.01
0 0.274502 0.456685 0.01 0.01
0 0.270525 0.455515 0.01 0.01
0 0.267952 0.464872 0.01 0.01
0 0.262338 0.473293 0.01 0.01
0 0.267952 0.473293 0.01 0.01
0 0.256490 0.474229 0.01 0.01
0 0.253449 0.485691 0.01 0.01
0 0.243156 0.484755 0.01 0.01
0 0.234735 0.496217 0.01 0.01
0 0.254385 0.517504 0.01 0.01
0 0.253449 0.509082 0.01 0.01
0 0.246665 0.496217 0.01 0.01
0 0.263741 0.497153 0.01 0.01
0 0.271928 0.488498 0.01 0.01
0 0.263975 0.486392 0.01 0.01
0 0.270525 0.481948 0.01 0.01
0 0.273098 0.477737 0.01 0.01
0 0.276841 0.465808 0.01 0.01
0 0.282455 0.463235 0.01 0.01
0 0.284794 0.461831 0.01 0.01
0 0.282689 0.459258 0.01 0.01
0 0.285730 0.454580 0.01 0.01
0 0.290876 0.461831 0.01 0.01
0 0.296022 0.459492 0.01 0.01
0 0.299531 0.464404 0.01 0.01
0 0.301168 0.458322 0.01 0.01
0 0.294385 0.470018 0.01 0.01
0 0.296490 0.468615 0.01 0.01
0 0.286197 0.477504 0.01 0.01
0 0.281987 0.486860 0.01 0.01
0 0.274735 0.514229 0.01 0.01
0 0.295320 0.497854 0.01 0.01
0 0.261402 0.530603 0.01 0.01
0 0.306314 0.486860 0.01 0.01
0 0.306314 0.513059 0.01 0.01
0 0.300700 0.530603 0.01 0.01
0 0.302338 0.495047 0.01 0.01
0 0.297659 0.484287 0.01 0.01
0 0.303975 0.477504 0.01 0.01
0 0.315671 0.481012 0.01 0.01
0 0.315437 0.488030 0.01 0.01
0 0.313566 0.475866 0.01 0.01
0 0.314735 0.466042 0.01 0.01
0 0.317776 0.460194 0.01 0.01
0 0.310291 0.461831 0.01 0.01
0 0.307718 0.465340 0.01 0.01
0 0.318946 0.452708 0.01 0.01
0 0.299999 0.448498 0.01 0.01
0 0.315671 0.444053 0.01 0.01
0 0.308420 0.442650 0.01 0.01
0 0.320349 0.438907 0.01 0.01
0 0.321285 0.435632 0.01 0.01
0 0.331110 0.430720 0.01 0.01
0 0.337192 0.430720 0.01 0.01
0 0.326431 0.460194 0.01 0.01
0 0.334385 0.452006 0.01 0.01
0 0.337425 0.462065 0.01 0.01
0 0.332981 0.470018 0.01 0.01
0 0.337192 0.480311 0.01 0.01
0 0.326665 0.477036 0.01 0.01
0 0.321753 0.492474 0.01 0.01
0 0.329004 0.485925 0.01 0.01
0 0.321987 0.506042 0.01 0.01
0 0.325262 0.519609 0.01 0.01
0 0.304209 0.621363 0.01 0.01
0 0.345379 0.557737 0.01 0.01
0 0.404794 0.610116 0.01 0.01
0 0.355203 0.616665 0.01 0.01
0 0.355437 0.427211 0.01 0.01
0 0.353098 0.433293 0.01 0.01
0 0.361051 0.431422 0.01 0.01
0 0.369706 0.434229 0.01 0.01
0 0.373683 0.430018 0.01 0.01
0 0.375554 0.426743 0.01 0.01
0 0.387718 0.428615 0.01 0.01
0 0.400583 0.423936 0.01 0.01
0 0.396841 0.423468 0.01 0.01
0 0.402221 0.430954 0.01 0.01
0 0.415554 0.417620 0.01 0.01
0 0.417659 0.421831 0.01 0.01
0 0.422806 0.421831 0.01 0.01
0 0.428186 0.419960 0.01 0.01
0 0.433800 0.419024 0.01 0.01
0 0.441285 0.419960 0.01 0.01
0 0.449238 0.420194 0.01 0.01
0 0.453449 0.418322 0.01 0.01
0 0.440116 0.428147 0.01 0.01
0 0.438244 0.422767 0.01 0.01
0 0.427016 0.429316 0.01 0.01
0 0.344209 0.456217 0.01 0.01
0 0.349823 0.444989 0.01 0.01
0 0.337425 0.435632 0.01 0.01
0 0.371344 0.447094 0.01 0.01
0 0.435203 0.441246 0.01 0.01
0 0.403858 0.437504 0.01 0.01
0 0.396373 0.444755 0.01 0.01
0 0.390525 0.435398 0.01 0.01
0 0.340232 0.499258 0.01 0.01
0 0.337659 0.507445 0.01 0.01
0 0.343273 0.488030 0.01 0.01
0 0.350993 0.485691 0.01 0.01
0 0.350993 0.481246 0.01 0.01
0 0.350993 0.475164 0.01 0.01
0 0.351694 0.467679 0.01 0.01
0 0.347016 0.463001 0.01 0.01
0 0.352630 0.462065 0.01 0.01
0 0.354969 0.457153 0.01 0.01
0 0.359648 0.453176 0.01 0.01
0 0.354268 0.500895 0.01 0.01
0 0.360583 0.493410 0.01 0.01
0 0.362455 0.487328 0.01 0.01
0 0.356841 0.481948 0.01 0.01
0 0.360817 0.479843 0.01 0.01
0 0.359648 0.474697 0.01 0.01
0 0.360116 0.466042 0.01 0.01
0 0.362221 0.459492 0.01 0.01
0 0.364560 0.454346 0.01 0.01
0 0.369238 0.521012 0.01 0.01
0 0.373215 0.499258 0.01 0.01
0 0.385379 0.524287 0.01 0.01
0 0.386314 0.501831 0.01 0.01
0 0.379531 0.496451 0.01 0.01
0 0.381402 0.486860 0.01 0.01
0 0.389121 0.476568 0.01 0.01
0 0.387016 0.480077 0.01 0.01
0 0.376490 0.475866 0.01 0.01
0 0.376958 0.466743 0.01 0.01
0 0.375320 0.460194 0.01 0.01
0 0.367835 0.458556 0.01 0.01
0 0.375086 0.450369 0.01 0.01
0 0.380466 0.451539 0.01 0.01
0 0.370642 0.449433 0.01 0.01
0 0.381402 0.461831 0.01 0.01
0 0.386314 0.459258 0.01 0.01
0 0.389589 0.453644 0.01 0.01
0 0.396139 0.457153 0.01 0.01
0 0.397776 0.468381 0.01 0.01
0 0.388654 0.468615 0.01 0.01
0 0.405496 0.525691 0.01 0.01
0 0.420700 0.524755 0.01 0.01
0 0.413683 0.512357 0.01 0.01
0 0.420700 0.500895 0.01 0.01
0 0.407133 0.503001 0.01 0.01
0 0.394969 0.493410 0.01 0.01
0 0.406899 0.488966 0.01 0.01
0 0.402689 0.477036 0.01 0.01
0 0.418127 0.476334 0.01 0.01
0 0.420466 0.467913 0.01 0.01
0 0.414151 0.466042 0.01 0.01
0 0.405496 0.464170 0.01 0.01
0 0.398478 0.460194 0.01 0.01
0 0.408303 0.452240 0.01 0.01
0 0.413917 0.450603 0.01 0.01
0 0.413917 0.443585 0.01 0.01
0 0.410876 0.458556 0.01 0.01
0 0.415086 0.456217 0.01 0.01
0 0.418361 0.462767 0.01 0.01
0 0.420700 0.458790 0.01 0.01
0 0.414618 0.459258 0.01 0.01
0 0.436841 0.525691 0.01 0.01
0 0.438244 0.504404 0.01 0.01
0 0.442221 0.498322 0.01 0.01
0 0.444092 0.493878 0.01 0.01
0 0.434268 0.491071 0.01 0.01
0 0.434969 0.484989 0.01 0.01
0 0.441987 0.481246 0.01 0.01
0 0.426314 0.473293 0.01 0.01
0 0.432162 0.471422 0.01 0.01
0 0.441285 0.471422 0.01 0.01
0 0.429589 0.466042 0.01 0.01
0 0.430525 0.459258 0.01 0.01
0 0.434969 0.461363 0.01 0.01
0 0.426548 0.454813 0.01 0.01
0 0.431928 0.455515 0.01 0.01
0 0.433098 0.455281 0.01 0.01
0 0.438478 0.454580 0.01 0.01
0 0.446665 0.455983 0.01 0.01
0 0.449706 0.452006 0.01 0.01
0 0.451811 0.458790 0.01 0.01
0 0.449706 0.464638 0.01 0.01
0 0.442221 0.458556 0.01 0.01
0 0.449706 0.474697 0.01 0.01
0 0.445730 0.477036 0.01 0.01
0 0.448537 0.484521 0.01 0.01
0 0.451811 0.488966 0.01 0.01
0 0.451110 0.518907 0.01 0.01
0 0.450174 0.508615 0.01 0.01
0 0.428654 0.545574 0.01 0.01
0 0.444560 0.533410 0.01 0.01
0 0.452045 0.547445 0.01 0.01
0 0.475437 0.543702 0.01 0.01
0 0.484794 0.568030 0.01 0.01
0 0.486665 0.555866 0.01 0.01
0 0.435203 0.579258 0.01 0.01
0 0.475437 0.602650 0.01 0.01
0 0.531578 0.626977 0.01 0.01
0 0.587718 0.609199 0.01 0.01
0 0.546548 0.595164 0.01 0.01
0 0.570876 0.583936 0.01 0.01
0 0.533449 0.559609 0.01 0.01
0 0.575554 0.552123 0.01 0.01
0 0.508186 0.559609 0.01 0.01
0 0.533449 0.526860 0.01 0.01
0 0.562455 0.525925 0.01 0.01
0 0.603624 0.553059 0.01 0.01
0 0.621402 0.574580 0.01 0.01
0 0.641987 0.561480 0.01 0.01
0 0.620466 0.533410 0.01 0.01
0 0.660700 0.633527 0.01 0.01
0 0.639180 0.607328 0.01 0.01
0 0.615788 0.608264 0.01 0.01
0 0.605496 0.592357 0.01 0.01
0 0.677542 0.595164 0.01 0.01
0 0.683156 0.559609 0.01 0.01
0 0.699063 0.577387 0.01 0.01
0 0.721519 0.552123 0.01 0.01
0 0.696256 0.543702 0.01 0.01
0 0.685028 0.530603 0.01 0.01
0 0.663507 0.539024 0.01 0.01
0 0.709355 0.533410 0.01 0.01
0 0.722455 0.523118 0.01 0.01
0 0.743975 0.542767 0.01 0.01
0 0.761753 0.561480 0.01 0.01
0 0.733683 0.601714 0.01 0.01
0 0.768303 0.592357 0.01 0.01
0 0.788887 0.594229 0.01 0.01
0 0.759882 0.644755 0.01 0.01
0 0.368771 0.715866 0.01 0.01
0 0.394502 0.559141 0.01 0.01
0 0.387484 0.550252 0.01 0.01
0 0.452045 0.554463 0.01 0.01
0 0.491811 0.537153 0.01 0.01
0 0.503040 0.546977 0.01 0.01
0 0.535320 0.539492 0.01 0.01
0 0.449472 0.502533 0.01 0.01
0 0.463273 0.497620 0.01 0.01
0 0.472630 0.489433 0.01 0.01
0 0.460700 0.481480 0.01 0.01
0 0.459063 0.474697 0.01 0.01
0 0.461870 0.488030 0.01 0.01
0 0.488771 0.496919 0.01 0.01
0 0.494618 0.492006 0.01 0.01
0 0.501636 0.494813 0.01 0.01
0 0.465613 0.464404 0.01 0.01
0 0.466782 0.474930 0.01 0.01
0 0.463741 0.470252 0.01 0.01
0 0.460232 0.456685 0.01 0.01
0 0.454385 0.455047 0.01 0.01
0 0.466314 0.444755 0.01 0.01
0 0.462104 0.433293 0.01 0.01
0 0.454852 0.435632 0.01 0.01
0 0.476139 0.428381 0.01 0.01
0 0.468186 0.404287 0.01 0.01
0 0.476841 0.409199 0.01 0.01
0 0.485262 0.407328 0.01 0.01
0 0.490642 0.410369 0.01 0.01
0 0.495320 0.411071 0.01 0.01
0 0.492747 0.415515 0.01 0.01
0 0.483390 0.418322 0.01 0.01
0 0.491578 0.429082 0.01 0.01
0 0.497425 0.418556 0.01 0.01
0 0.501402 0.421129 0.01 0.01
0 0.509589 0.419492 0.01 0.01
0 0.501870 0.425574 0.01 0.01
0 0.502806 0.431422 0.01 0.01
0 0.492045 0.437270 0.01 0.01
0 0.483624 0.442416 0.01 0.01
0 0.487601 0.448030 0.01 0.01
0 0.486665 0.452942 0.01 0.01
0 0.480116 0.452942 0.01 0.01
0 0.482455 0.458322 0.01 0.01
0 0.476373 0.464872 0.01 0.01
0 0.481753 0.474229 0.01 0.01
0 0.486431 0.473761 0.01 0.01
0 0.492747 0.473293 0.01 0.01
0 0.485730 0.465106 0.01 0.01
0 0.483390 0.482884 0.01 0.01
0 0.500232 0.473059 0.01 0.01
0 0.505145 0.466509 0.01 0.01
0 0.502806 0.461129 0.01 0.01
0 0.496490 0.453878 0.01 0.01
0 0.502806 0.453410 0.01 0.01
0 0.513098 0.457854 0.01 0.01
0 0.516373 0.438907 0.01 0.01
0 0.503507 0.436334 0.01 0.01
0 0.516373 0.425574 0.01 0.01
0 0.517776 0.416919 0.01 0.01
0 0.527367 0.425808 0.01 0.01
0 0.528537 0.435632 0.01 0.01
0 0.523624 0.442182 0.01 0.01
0 0.539531 0.446392 0.01 0.01
0 0.538829 0.455047 0.01 0.01
0 0.532045 0.455515 0.01 0.01
0 0.526197 0.452942 0.01 0.01
0 0.519414 0.470954 0.01 0.01
0 0.514969 0.468147 0.01 0.01
0 0.511227 0.464872 0.01 0.01
0 0.508186 0.457854 0.01 0.01
0 0.523156 0.461831 0.01 0.01
0 0.527133 0.465574 0.01 0.01
0 0.533215 0.467211 0.01 0.01
0 0.504677 0.484521 0.01 0.01
0 0.510525 0.481246 0.01 0.01
0 0.506548 0.474229 0.01 0.01
0 0.521051 0.476568 0.01 0.01
0 0.520583 0.483585 0.01 0.01
0 0.522689 0.493644 0.01 0.01
0 0.536724 0.498088 0.01 0.01
0 0.527601 0.481246 0.01 0.01
0 0.540466 0.477971 0.01 0.01
0 0.536958 0.468147 0.01 0.01
0 0.540232 0.416685 0.01 0.01
0 0.547250 0.418322 0.01 0.01
0 0.561753 0.419960 0.01 0.01
0 0.557309 0.416685 0.01 0.01
0 0.556373 0.422533 0.01 0.01
0 0.553332 0.422767 0.01 0.01
0 0.560349 0.435164 0.01 0.01
0 0.533449 0.428849 0.01 0.01
0 0.546314 0.449667 0.01 0.01
0 0.546314 0.455281 0.01 0.01
0 0.543040 0.458322 0.01 0.01
0 0.556373 0.458790 0.01 0.01
0 0.561753 0.468147 0.01 0.01
0 0.556139 0.467211 0.01 0.01
0 0.550759 0.464872 0.01 0.01
0 0.547952 0.469784 0.01 0.01
0 0.550525 0.469316 0.01 0.01
0 0.557309 0.477270 0.01 0.01
0 0.561519 0.484755 0.01 0.01
0 0.548186 0.487328 0.01 0.01
0 0.547718 0.493644 0.01 0.01
0 0.559882 0.501363 0.01 0.01
0 0.548186 0.503702 0.01 0.01
0 0.510993 0.528732 0.01 0.01
0 0.515203 0.521714 0.01 0.01
0 0.518010 0.512825 0.01 0.01
0 0.475905 0.508147 0.01 0.01
0 0.499297 0.502065 0.01 0.01
0 0.490876 0.525925 0.01 0.01
0 0.496490 0.509550 0.01 0.01
0 0.539999 0.511422 0.01 0.01
0 0.584443 0.506275 0.01 0.01
0 0.587250 0.491773 0.01 0.01
0 0.600349 0.502065 0.01 0.01
0 0.601753 0.513293 0.01 0.01
0 0.601285 0.529199 0.01 0.01
0 0.592396 0.524521 0.01 0.01
0 0.614385 0.513293 0.01 0.01
0 0.660232 0.575983 0.01 0.01
0 0.656022 0.561948 0.01 0.01
0 0.596607 0.577854 0.01 0.01
0 0.512864 0.604521 0.01 0.01
0 0.435671 0.602650 0.01 0.01
0 0.424443 0.602650 0.01 0.01
0 0.756841 0.492240 0.01 0.01
0 0.755905 0.468381 0.01 0.01
0 0.755905 0.462299 0.01 0.01
0 0.754034 0.443585 0.01 0.01
0 0.754969 0.420427 0.01 0.01
0 0.754969 0.415047 0.01 0.01
0 0.749589 0.420661 0.01 0.01
0 0.745847 0.418322 0.01 0.01
0 0.739999 0.419492 0.01 0.01
0 0.736724 0.418322 0.01 0.01
0 0.741402 0.427445 0.01 0.01
0 0.758244 0.426509 0.01 0.01
0 0.744209 0.437971 0.01 0.01
0 0.741168 0.452708 0.01 0.01
0 0.749589 0.461831 0.01 0.01
0 0.751928 0.457854 0.01 0.01
0 0.745613 0.463235 0.01 0.01
0 0.739531 0.466042 0.01 0.01
0 0.752630 0.480778 0.01 0.01
0 0.754502 0.476334 0.01 0.01
0 0.742572 0.481714 0.01 0.01
0 0.735788 0.479609 0.01 0.01
0 0.734618 0.473059 0.01 0.01
0 0.736256 0.492240 0.01 0.01
0 0.745145 0.493644 0.01 0.01
0 0.747484 0.497854 0.01 0.01
0 0.743273 0.511889 0.01 0.01
0 0.753098 0.511656 0.01 0.01
0 0.739765 0.519843 0.01 0.01
0 0.732981 0.508381 0.01 0.01
0 0.731578 0.416685 0.01 0.01
0 0.728303 0.410369 0.01 0.01
0 0.723858 0.417387 0.01 0.01
0 0.718010 0.416685 0.01 0.01
0 0.715905 0.422299 0.01 0.01
0 0.708887 0.422533 0.01 0.01
0 0.706782 0.417854 0.01 0.01
0 0.702104 0.417387 0.01 0.01
0 0.703975 0.430954 0.01 0.01
0 0.719414 0.429784 0.01 0.01
0 0.728537 0.423235 0.01 0.01
0 0.723390 0.423702 0.01 0.01
0 0.717075 0.444053 0.01 0.01
0 0.726665 0.450369 0.01 0.01
0 0.723156 0.446158 0.01 0.01
0 0.725028 0.439141 0.01 0.01
0 0.708420 0.452006 0.01 0.01
0 0.701636 0.443819 0.01 0.01
0 0.700232 0.452942 0.01 0.01
0 0.703507 0.453878 0.01 0.01
0 0.713332 0.454813 0.01 0.01
0 0.721753 0.460427 0.01 0.01
0 0.718712 0.464404 0.01 0.01
0 0.729004 0.464404 0.01 0.01
0 0.727601 0.472123 0.01 0.01
0 0.728771 0.468147 0.01 0.01
0 0.720817 0.471656 0.01 0.01
0 0.712162 0.471422 0.01 0.01
0 0.705847 0.462065 0.01 0.01
0 0.701168 0.463235 0.01 0.01
0 0.701168 0.480311 0.01 0.01
0 0.703040 0.474930 0.01 0.01
0 0.707016 0.472123 0.01 0.01
0 0.709589 0.467679 0.01 0.01
0 0.707250 0.481714 0.01 0.01
0 0.710759 0.484521 0.01 0.01
0 0.703975 0.491305 0.01 0.01
0 0.712396 0.488966 0.01 0.01
0 0.719648 0.493644 0.01 0.01
0 0.726899 0.488966 0.01 0.01
0 0.727367 0.481948 0.01 0.01
0 0.726665 0.499258 0.01 0.01
0 0.711227 0.498322 0.01 0.01
0 0.706548 0.503235 0.01 0.01
0 0.717309 0.504170 0.01 0.01
0 0.721285 0.499960 0.01 0.01
0 0.718712 0.507913 0.01 0.01
0 0.721519 0.512825 0.01 0.01
0 0.694852 0.508381 0.01 0.01
0 0.693449 0.416685 0.01 0.01
0 0.686197 0.415749 0.01 0.01
0 0.678478 0.422065 0.01 0.01
0 0.688303 0.418556 0.01 0.01
0 0.697425 0.419960 0.01 0.01
0 0.674034 0.422533 0.01 0.01
0 0.683156 0.429316 0.01 0.01
0 0.692513 0.424404 0.01 0.01
0 0.682923 0.443585 0.01 0.01
0 0.671227 0.435398 0.01 0.01
0 0.670525 0.419960 0.01 0.01
0 0.664677 0.418322 0.01 0.01
0 0.656958 0.419024 0.01 0.01
0 0.652279 0.426509 0.01 0.01
0 0.649238 0.419960 0.01 0.01
0 0.677309 0.448732 0.01 0.01
0 0.680583 0.455515 0.01 0.01
0 0.694385 0.477620 0.01 0.01
0 0.687601 0.463351 0.01 0.01
0 0.691811 0.462065 0.01 0.01
0 0.696724 0.460661 0.01 0.01
0 0.691694 0.454697 0.01 0.01
0 0.673566 0.458790 0.01 0.01
0 0.679063 0.468498 0.01 0.01
0 0.671928 0.465106 0.01 0.01
0 0.678478 0.472474 0.01 0.01
0 0.686665 0.470018 0.01 0.01
0 0.694034 0.470369 0.01 0.01
0 0.680700 0.484989 0.01 0.01
0 0.687016 0.481129 0.01 0.01
0 0.683858 0.489550 0.01 0.01
0 0.689472 0.492942 0.01 0.01
0 0.668420 0.479375 0.01 0.01
0 0.666197 0.471656 0.01 0.01
0 0.661285 0.466392 0.01 0.01
0 0.657192 0.463468 0.01 0.01
0 0.653683 0.463001 0.01 0.01
0 0.658478 0.459258 0.01 0.01
0 0.663624 0.456919 0.01 0.01
0 0.670759 0.454930 0.01 0.01
0 0.665963 0.452708 0.01 0.01
0 0.659648 0.452942 0.01 0.01
0 0.654969 0.460311 0.01 0.01
0 0.652162 0.454112 0.01 0.01
0 0.650876 0.457737 0.01 0.01
0 0.650174 0.460661 0.01 0.01
0 0.647484 0.458439 0.01 0.01
0 0.645262 0.464638 0.01 0.01
0 0.650993 0.473527 0.01 0.01
0 0.648303 0.474580 0.01 0.01
0 0.647133 0.477854 0.01 0.01
0 0.642689 0.470720 0.01 0.01
0 0.639765 0.470954 0.01 0.01
0 0.637893 0.475164 0.01 0.01
0 0.641636 0.475749 0.01 0.01
0 0.643624 0.482650 0.01 0.01
0 0.638829 0.488498 0.01 0.01
0 0.652630 0.490018 0.01 0.01
0 0.645963 0.494346 0.01 0.01
0 0.637893 0.495632 0.01 0.01
0 0.649238 0.501948 0.01 0.01
0 0.661753 0.491656 0.01 0.01
0 0.662221 0.482767 0.01 0.01
0 0.656373 0.483702 0.01 0.01
0 0.658010 0.477387 0.01 0.01
0 0.659648 0.468732 0.01 0.01
0 0.651110 0.443819 0.01 0.01
0 0.641987 0.444521 0.01 0.01
0 0.644092 0.439375 0.01 0.01
0 0.642689 0.434463 0.01 0.01
0 0.643858 0.425340 0.01 0.01
0 0.637542 0.419258 0.01 0.01
0 0.641987 0.418790 0.01 0.01
0 0.628420 0.423702 0.01 0.01
0 0.624677 0.418088 0.01 0.01
0 0.618127 0.424872 0.01 0.01
0 0.612513 0.418088 0.01 0.01
0 0.607367 0.422065 0.01 0.01
0 0.605496 0.425808 0.01 0.01
0 0.601519 0.419960 0.01 0.01
0 0.596841 0.421363 0.01 0.01
0 0.590291 0.419258 0.01 0.01
0 0.604560 0.445223 0.01 0.01
0 0.625379 0.439375 0.01 0.01
0 0.628186 0.448732 0.01 0.01
0 0.634735 0.454813 0.01 0.01
0 0.634502 0.464404 0.01 0.01
0 0.626782 0.461597 0.01 0.01
0 0.627016 0.456217 0.01 0.01
0 0.613917 0.463235 0.01 0.01
0 0.610408 0.457854 0.01 0.01
0 0.612045 0.452006 0.01 0.01
0 0.568069 0.429316 0.01 0.01
0 0.574385 0.423819 0.01 0.01
0 0.578946 0.420895 0.01 0.01
0 0.568771 0.418907 0.01 0.01
0 0.581168 0.428030 0.01 0.01
0 0.575203 0.435866 0.01 0.01
0 0.576958 0.453176 0.01 0.01
0 0.584911 0.450486 0.01 0.01
0 0.582923 0.456919 0.01 0.01
0 0.587484 0.457737 0.01 0.01
0 0.590057 0.453410 0.01 0.01
0 0.595437 0.454229 0.01 0.01
0 0.595905 0.457036 0.01 0.01
0 0.600232 0.457036 0.01 0.01
0 0.605613 0.453644 0.01 0.01
0 0.593683 0.466743 0.01 0.01
0 0.595554 0.461246 0.01 0.01
0 0.600700 0.464404 0.01 0.01
0 0.606431 0.468966 0.01 0.01
0 0.615203 0.470603 0.01 0.01
0 0.620934 0.471422 0.01 0.01
0 0.627133 0.468849 0.01 0.01
0 0.555203 0.473761 0.01 0.01
0 0.590759 0.468849 0.01 0.01
0 0.762923 0.424872 0.01 0.01
0 0.760817 0.419960 0.01 0.01
0 0.764560 0.416685 0.01 0.01
0 0.772747 0.421129 0.01 0.01
0 0.780232 0.419492 0.01 0.01
0 0.787718 0.420427 0.01 0.01
0 0.793566 0.416919 0.01 0.01
0 0.804092 0.417387 0.01 0.01
0 0.809940 0.414112 0.01 0.01
0 0.827952 0.421129 0.01 0.01
0 0.831227 0.419960 0.01 0.01
0 0.836373 0.422533 0.01 0.01
0 0.842689 0.423468 0.01 0.01
0 0.842221 0.413878 0.01 0.01
0 0.849004 0.422767 0.01 0.01
0 0.854852 0.419492 0.01 0.01
0 0.852045 0.417620 0.01 0.01
0 0.860232 0.418790 0.01 0.01
0 0.863975 0.411773 0.01 0.01
0 0.865847 0.417387 0.01 0.01
0 0.874034 0.423235 0.01 0.01
0 0.883858 0.422065 0.01 0.01
0 0.874268 0.426977 0.01 0.01
0 0.860466 0.428615 0.01 0.01
0 0.843858 0.427445 0.01 0.01
0 0.843624 0.438907 0.01 0.01
0 0.857425 0.441714 0.01 0.01
0 0.873098 0.440778 0.01 0.01
0 0.884794 0.447796 0.01 0.01
0 0.881519 0.441480 0.01 0.01
0 0.876373 0.448732 0.01 0.01
0 0.859063 0.450603 0.01 0.01
0 0.851344 0.453410 0.01 0.01
0 0.852981 0.449667 0.01 0.01
0 0.847835 0.455047 0.01 0.01
0 0.839180 0.448264 0.01 0.01
0 0.833332 0.442182 0.01 0.01
0 0.803156 0.424872 0.01 0.01
0 0.765730 0.433293 0.01 0.01
0 0.773215 0.427211 0.01 0.01
0 0.778361 0.435398 0.01 0.01
0 0.786314 0.443118 0.01 0.01
0 0.805963 0.444989 0.01 0.01
0 0.792396 0.451071 0.01 0.01
0 0.788887 0.453644 0.01 0.01
0 0.782338 0.454112 0.01 0.01
0 0.774852 0.452942 0.01 0.01
0 0.761051 0.452942 0.01 0.01
0 0.799648 0.449667 0.01 0.01
0 0.799648 0.455515 0.01 0.01
0 0.806899 0.457854 0.01 0.01
0 0.816490 0.459960 0.01 0.01
0 0.820934 0.455047 0.01 0.01
0 0.830525 0.459960 0.01 0.01
0 0.836373 0.452942 0.01 0.01
0 0.838244 0.461597 0.01 0.01
0 0.837309 0.466743 0.01 0.01
0 0.846899 0.468615 0.01 0.01
0 0.846899 0.466042 0.01 0.01
0 0.848069 0.462299 0.01 0.01
0 0.861168 0.457387 0.01 0.01
0 0.762221 0.472123 0.01 0.01
0 0.773917 0.469316 0.01 0.01
0 0.783040 0.464872 0.01 0.01
0 0.795203 0.461597 0.01 0.01
0 0.798244 0.464404 0.01 0.01
0 0.804794 0.464404 0.01 0.01
0 0.808303 0.469316 0.01 0.01
0 0.820232 0.479609 0.01 0.01
0 0.768069 0.509082 0.01 0.01
0 0.787718 0.509082 0.01 0.01
0 0.795905 0.499726 0.01 0.01
0 0.788654 0.495047 0.01 0.01
0 0.793098 0.491071 0.01 0.01
0 0.796841 0.485223 0.01 0.01
0 0.805028 0.483819 0.01 0.01
0 0.800583 0.476334 0.01 0.01
0 0.801519 0.474229 0.01 0.01
0 0.784677 0.475866 0.01 0.01
0 0.778127 0.476334 0.01 0.01
0 0.790759 0.462767 0.01 0.01
0 0.778127 0.494346 0.01 0.01
0 0.765963 0.489667 0.01 0.01
0 0.769472 0.480077 0.01 0.01
0 0.759414 0.479843 0.01 0.01
0 0.774385 0.476802 0.01 0.01
0 0.781870 0.486158 0.01 0.01
0 0.799414 0.491071 0.01 0.01
0 0.805028 0.488966 0.01 0.01
0 0.807601 0.504638 0.01 0.01
0 0.816490 0.504638 0.01 0.01
0 0.827484 0.504638 0.01 0.01
0 0.817425 0.511188 0.01 0.01
0 0.844560 0.503468 0.01 0.01
0 0.854385 0.500194 0.01 0.01
0 0.864677 0.506743 0.01 0.01
0 0.868420 0.499258 0.01 0.01
0 0.874502 0.506275 0.01 0.01
0 0.887835 0.500895 0.01 0.01
0 0.879180 0.493878 0.01 0.01
0 0.885262 0.482884 0.01 0.01
0 0.872864 0.478205 0.01 0.01
0 0.862806 0.488030 0.01 0.01
0 0.855320 0.489433 0.01 0.01
0 0.845028 0.494346 0.01 0.01
0 0.844794 0.488732 0.01 0.01
0 0.848303 0.481246 0.01 0.01
0 0.859063 0.480778 0.01 0.01
0 0.856490 0.474930 0.01 0.01
0 0.860700 0.466042 0.01 0.01
0 0.853917 0.462299 0.01 0.01
0 0.874735 0.459492 0.01 0.01
0 0.877542 0.457153 0.01 0.01
0 0.878946 0.435398 0.01 0.01
0 0.876139 0.475398 0.01 0.01
0 0.880116 0.470954 0.01 0.01
0 0.880583 0.464404 0.01 0.01
0 0.842455 0.474697 0.01 0.01
0 0.838478 0.478673 0.01 0.01
0 0.941402 0.345574 0.01 0.01
0 0.944911 0.346743 0.01 0.01
0 0.958244 0.347679 0.01 0.01
0 0.929472 0.370369 0.01 0.01
0 0.945613 0.368966 0.01 0.01
0 0.940466 0.382065 0.01 0.01
0 0.941168 0.374813 0.01 0.01
0 0.960116 0.373176 0.01 0.01
0 0.964326 0.374813 0.01 0.01
0 0.972279 0.376451 0.01 0.01
0 0.968771 0.372942 0.01 0.01
0 0.969706 0.368966 0.01 0.01
0 0.965730 0.362884 0.01 0.01
0 0.974618 0.373176 0.01 0.01
0 0.981636 0.370369 0.01 0.01
0 0.988186 0.375983 0.01 0.01
0 0.994034 0.376919 0.01 0.01
0 1.002455 0.382767 0.01 0.01
0 1.006665 0.378556 0.01 0.01
0 1.003390 0.377620 0.01 0.01
0 1.019999 0.377854 0.01 0.01
0 1.014618 0.376451 0.01 0.01
0 1.025847 0.379258 0.01 0.01
0 1.030759 0.374580 0.01 0.01
0 1.042689 0.375515 0.01 0.01
0 1.045496 0.353527 0.01 0.01
0 1.041519 0.348849 0.01 0.01
0 1.054385 0.354697 0.01 0.01
0 1.064443 0.354229 0.01 0.01
0 1.070993 0.354697 0.01 0.01
0 1.055086 0.363585 0.01 0.01
0 0.931811 0.396100 0.01 0.01
0 0.922923 0.400311 0.01 0.01
0 0.951694 0.396568 0.01 0.01
0 0.959180 0.395866 0.01 0.01
0 0.961519 0.385808 0.01 0.01
0 0.982104 0.386743 0.01 0.01
0 0.978127 0.393527 0.01 0.01
0 0.971110 0.402884 0.01 0.01
0 0.967835 0.409433 0.01 0.01
0 0.982104 0.407328 0.01 0.01
0 0.994502 0.403118 0.01 0.01
0 1.001987 0.390954 0.01 0.01
0 0.996139 0.383468 0.01 0.01
0 0.991928 0.380895 0.01 0.01
0 1.009004 0.394930 0.01 0.01
0 1.008771 0.399609 0.01 0.01
0 1.002689 0.407328 0.01 0.01
0 1.013683 0.408030 0.01 0.01
0 1.018595 0.399141 0.01 0.01
0 1.027718 0.392591 0.01 0.01
0 1.036373 0.397504 0.01 0.01
0 1.038712 0.387913 0.01 0.01
0 1.043858 0.402416 0.01 0.01
0 1.027250 0.402884 0.01 0.01
0 1.031461 0.406158 0.01 0.01
0 1.026548 0.409901 0.01 0.01
0 1.043390 0.410603 0.01 0.01
0 1.063741 0.391656 0.01 0.01
0 1.079414 0.407796 0.01 0.01
0 1.077075 0.420895 0.01 0.01
0 1.072630 0.419258 0.01 0.01
0 1.068887 0.425340 0.01 0.01
0 1.064677 0.419726 0.01 0.01
0 1.060232 0.422533 0.01 0.01
0 1.053683 0.420895 0.01 0.01
0 1.091578 0.423001 0.01 0.01
0 1.095554 0.426042 0.01 0.01
0 1.040817 0.420427 0.01 0.01
0 1.027484 0.415515 0.01 0.01
0 1.034969 0.426509 0.01 0.01
0 1.011344 0.424872 0.01 0.01
0 1.014151 0.418790 0.01 0.01
0 1.004092 0.422767 0.01 0.01
0 0.999414 0.423001 0.01 0.01
0 0.995671 0.422065 0.01 0.01
0 0.991694 0.410603 0.01 0.01
0 0.989355 0.413878 0.01 0.01
0 0.973449 0.414346 0.01 0.01
0 0.960583 0.413878 0.01 0.01
0 0.958712 0.416451 0.01 0.01
0 0.959648 0.407328 0.01 0.01
0 0.961987 0.399609 0.01 0.01
0 0.945145 0.414346 0.01 0.01
0 0.926665 0.409901 0.01 0.01
0 0.921753 0.411305 0.01 0.01
0 0.916607 0.411539 0.01 0.01
0 0.914268 0.419960 0.01 0.01
0 0.920116 0.417620 0.01 0.01
0 0.915203 0.424638 0.01 0.01
0 0.929238 0.427445 0.01 0.01
0 0.932747 0.420427 0.01 0.01
0 0.936022 0.419960 0.01 0.01
0 0.944209 0.424170 0.01 0.01
0 0.952630 0.423702 0.01 0.01
0 0.901870 0.419258 0.01 0.01
0 0.901870 0.431656 0.01 0.01
0 0.944677 0.434930 0.01 0.01
0 0.949589 0.429550 0.01 0.01
0 0.960116 0.437971 0.01 0.01
0 0.951694 0.434463 0.01 0.01
0 0.969238 0.423702 0.01 0.01
0 0.984209 0.417854 0.01 0.01
0 0.984911 0.431422 0.01 0.01
0 0.972279 0.442650 0.01 0.01
0 0.997309 0.431656 0.01 0.01
0 0.987484 0.438907 0.01 0.01
0 1.009706 0.439609 0.01 0.01
0 1.017659 0.430720 0.01 0.01
0 1.027016 0.427679 0.01 0.01
0 1.024677 0.439141 0.01 0.01
0 1.034268 0.437270 0.01 0.01
0 1.040349 0.436568 0.01 0.01
0 1.075905 0.433995 0.01 0.01
0 1.071694 0.432357 0.01 0.01
0 1.097659 0.435632 0.01 0.01
0 1.089238 0.441714 0.01 0.01
0 1.048303 0.443819 0.01 0.01
0 1.037075 0.444287 0.01 0.01
0 1.021636 0.449199 0.01 0.01
0 1.040817 0.453176 0.01 0.01
0 1.079414 0.447094 0.01 0.01
0 1.087601 0.453878 0.01 0.01
0 1.092513 0.453644 0.01 0.01
0 1.002689 0.443351 0.01 0.01
0 0.947484 0.445925 0.01 0.01
0 0.932045 0.445925 0.01 0.01
0 0.963858 0.455281 0.01 0.01
0 0.921519 0.455515 0.01 0.01
0 0.917542 0.454580 0.01 0.01
0 0.911694 0.454580 0.01 0.01
0 0.910759 0.450837 0.01 0.01
0 0.917542 0.452006 0.01 0.01
0 1.107952 0.354930 0.01 0.01
0 0.786548 0.540895 0.01 0.01
0 0.760349 0.532006 0.01 0.01
0 0.755203 0.533878 0.01 0.01
0 0.775320 0.525457 0.01 0.01
0 0.831928 0.520778 0.01 0.01
0 0.844560 0.518907 0.01 0.01
0 0.858595 0.518907 0.01 0.01
0 0.832864 0.543702 0.01 0.01
0 0.840349 0.537620 0.01 0.01
0 0.805730 0.537620 0.01 0.01
0 0.824911 0.558673 0.01 0.01
0 0.802923 0.573644 0.01 0.01
0 0.845496 0.603118 0.01 0.01
0 0.878712 0.567094 0.01 0.01
0 0.860466 0.548849 0.01 0.01
0 0.850642 0.541363 0.01 0.01
0 0.908654 0.510954 0.01 0.01
0 0.903507 0.495515 0.01 0.01
0 0.894618 0.530603 0.01 0.01
0 0.925496 0.548849 0.01 0.01
0 0.939999 0.543702 0.01 0.01
0 0.948887 0.534346 0.01 0.01
0 0.901636 0.552123 0.01 0.01
0 0.912396 0.577854 0.01 0.01
0 0.877776 0.607328 0.01 0.01
0 0.913332 0.621363 0.01 0.01
0 0.955437 0.590954 0.01 0.01
0 0.968069 0.663936 0.01 0.01
0 0.936256 0.658322 0.01 0.01
0 0.913800 0.641012 0.01 0.01
0 0.901168 0.661597 0.01 0.01
0 0.985379 0.641480 0.01 0.01
0 1.004092 0.658322 0.01 0.01
0 1.008303 0.594229 0.01 0.01
0 0.980232 0.581597 0.01 0.01
0 0.988186 0.565223 0.01 0.01
0 1.008303 0.567094 0.01 0.01
0 1.003624 0.542767 0.01 0.01
0 0.994268 0.548849 0.01 0.01
0 0.977425 0.540895 0.01 0.01
0 0.968069 0.533878 0.01 0.01
0 0.961051 0.555398 0.01 0.01
0 0.929706 0.520778 0.01 0.01
0 0.937192 0.510954 0.01 0.01
0 0.939999 0.502065 0.01 0.01
0 0.984443 0.464170 0.01 0.01
0 1.010642 0.509082 0.01 0.01
0 1.012513 0.527328 0.01 0.01
0 0.920817 0.506743 0.01 0.01
0 0.925028 0.503468 0.01 0.01
0 0.931578 0.496451 0.01 0.01
0 0.923624 0.488498 0.01 0.01
0 0.919882 0.484755 0.01 0.01
0 0.914735 0.494580 0.01 0.01
0 0.901168 0.488030 0.01 0.01
0 0.908654 0.485691 0.01 0.01
0 0.907718 0.478205 0.01 0.01
0 0.918946 0.474697 0.01 0.01
0 0.921519 0.478673 0.01 0.01
0 0.924092 0.469316 0.01 0.01
0 0.941402 0.453878 0.01 0.01
0 0.937893 0.461363 0.01 0.01
0 0.933449 0.456919 0.01 0.01
0 0.952162 0.461831 0.01 0.01
0 0.952396 0.469550 0.01 0.01
0 0.962455 0.469316 0.01 0.01
0 0.956841 0.465340 0.01 0.01
0 0.973449 0.459492 0.01 0.01
0 0.952162 0.477737 0.01 0.01
0 0.937425 0.472591 0.01 0.01
0 0.932747 0.480077 0.01 0.01
0 0.929472 0.475164 0.01 0.01
0 0.891811 0.458322 0.01 0.01
0 0.886665 0.453878 0.01 0.01
0 0.892045 0.445925 0.01 0.01
0 0.898829 0.438439 0.01 0.01
0 0.889940 0.433293 0.01 0.01
0 0.890174 0.429550 0.01 0.01
0 0.894618 0.428615 0.01 0.01
0 0.899063 0.462767 0.01 0.01
0 0.897425 0.471889 0.01 0.01
0 0.911227 0.471188 0.01 0.01
0 0.903741 0.469550 0.01 0.01
0 0.940232 0.492474 0.01 0.01
0 0.933917 0.488030 0.01 0.01
0 0.946080 0.501129 0.01 0.01
0 0.873566 0.530603 0.01 0.01
0 1.001051 0.535983 0.01 0.01
0 0.981753 0.452474 0.01 0.01
0 0.996022 0.457036 0.01 0.01
0 0.996958 0.468966 0.01 0.01
0 1.002221 0.466042 0.01 0.01
0 1.005730 0.463585 0.01 0.01
0 1.002923 0.461246 0.01 0.01
0 1.003741 0.458673 0.01 0.01
0 1.007367 0.458205 0.01 0.01
0 1.014034 0.456100 0.01 0.01
0 1.016724 0.452708 0.01 0.01
0 1.019882 0.454112 0.01 0.01
0 1.022572 0.457504 0.01 0.01
0 1.023390 0.461948 0.01 0.01
0 1.029589 0.459492 0.01 0.01
0 1.032630 0.455749 0.01 0.01
0 1.034151 0.462767 0.01 0.01
0 1.044209 0.463585 0.01 0.01
0 1.048303 0.456802 0.01 0.01
0 1.057425 0.470603 0.01 0.01
0 1.043040 0.468381 0.01 0.01
0 1.036256 0.475749 0.01 0.01
0 1.037075 0.481480 0.01 0.01
0 1.044326 0.482065 0.01 0.01
0 1.042806 0.475047 0.01 0.01
0 1.051344 0.478439 0.01 0.01
0 1.050759 0.484755 0.01 0.01
0 1.053215 0.487328 0.01 0.01
0 1.056373 0.493527 0.01 0.01
0 1.048537 0.496685 0.01 0.01
0 1.038946 0.496100 0.01 0.01
0 1.032279 0.490954 0.01 0.01
0 1.031344 0.496451 0.01 0.01
0 1.023741 0.493176 0.01 0.01
0 1.021636 0.479960 0.01 0.01
0 1.027601 0.473878 0.01 0.01
0 1.026314 0.469199 0.01 0.01
0 1.019531 0.467211 0.01 0.01
0 1.013683 0.467913 0.01 0.01
0 1.013215 0.461129 0.01 0.01
0 0.998946 0.479024 0.01 0.01
0 1.001987 0.470603 0.01 0.01
0 0.998829 0.473059 0.01 0.01
0 1.071344 0.510252 0.01 0.01
0 1.072279 0.492591 0.01 0.01
0 1.076958 0.488849 0.01 0.01
0 1.080232 0.484989 0.01 0.01
0 1.074618 0.481714 0.01 0.01
0 1.064560 0.484170 0.01 0.01
0 1.075320 0.473644 0.01 0.01
0 1.072396 0.470135 0.01 0.01
0 1.070408 0.466860 0.01 0.01
0 1.068654 0.464989 0.01 0.01
0 1.067601 0.467913 0.01 0.01
0 1.074034 0.464404 0.01 0.01
0 1.077659 0.460661 0.01 0.01
0 1.083273 0.463351 0.01 0.01
0 1.088537 0.461597 0.01 0.01
0 1.083741 0.470720 0.01 0.01
0 1.079765 0.468147 0.01 0.01
0 1.081168 0.473410 0.01 0.01
0 1.091110 0.474813 0.01 0.01
0 1.093098 0.470720 0.01 0.01
0 1.091578 0.461480 0.01 0.01
0 1.110525 0.460895 0.01 0.01
0 1.110759 0.465223 0.01 0.01
0 1.109823 0.467679 0.01 0.01
0 1.109238 0.471305 0.01 0.01
0 1.102338 0.474580 0.01 0.01
0 1.100116 0.491188 0.01 0.01
0 1.094151 0.483702 0.01 0.01
0 1.090291 0.490954 0.01 0.01
0 1.085847 0.493176 0.01 0.01
0 1.081870 0.496685 0.01 0.01
0 1.080583 0.490954 0.01 0.01
0 1.086899 0.501363 0.01 0.01
0 1.098361 0.498907 0.01 0.01
0 1.099765 0.501129 0.01 0.01
0 1.104209 0.502884 0.01 0.01
0 1.105496 0.510369 0.01 0.01
0 1.094385 0.510837 0.01 0.01
0 1.117425 0.504638 0.01 0.01
0 1.114034 0.497504 0.01 0.01
0 1.132162 0.507562 0.01 0.01
0 1.142572 0.507328 0.01 0.01
0 1.136724 0.501597 0.01 0.01
0 1.124794 0.491773 0.01 0.01
0 1.120116 0.487445 0.01 0.01
0 1.123741 0.480194 0.01 0.01
0 1.113215 0.483702 0.01 0.01
0 1.112981 0.474580 0.01 0.01
0 1.118010 0.473878 0.01 0.01
0 1.114618 0.471773 0.01 0.01
0 1.114852 0.468732 0.01 0.01
0 1.123156 0.467211 0.01 0.01
0 1.120817 0.461714 0.01 0.01
0 1.116958 0.463585 0.01 0.01
0 1.129121 0.461480 0.01 0.01
0 1.136022 0.461246 0.01 0.01
0 1.139765 0.463702 0.01 0.01
0 1.151110 0.462299 0.01 0.01
0 1.146548 0.460311 0.01 0.01
0 1.145963 0.465340 0.01 0.01
0 1.145847 0.470369 0.01 0.01
0 1.136958 0.476685 0.01 0.01
0 1.137192 0.470954 0.01 0.01
0 1.141402 0.469433 0.01 0.01
0 1.132513 0.465457 0.01 0.01
0 1.125379 0.471305 0.01 0.01
0 1.147016 0.484170 0.01 0.01
0 1.151344 0.480194 0.01 0.01
0 1.153098 0.512474 0.01 0.01
0 1.100934 0.423936 0.01 0.01
0 1.105379 0.424872 0.01 0.01
0 1.116607 0.424872 0.01 0.01
0 1.116139 0.430018 0.01 0.01
0 1.112630 0.435164 0.01 0.01
0 1.099999 0.448498 0.01 0.01
0 1.113332 0.446392 0.01 0.01
0 1.158946 0.433761 0.01 0.01
0 1.176958 0.426977 0.01 0.01
0 1.172981 0.425106 0.01 0.01
0 1.158361 0.448030 0.01 0.01
0 1.147016 0.456451 0.01 0.01
0 1.120466 0.457036 0.01 0.01
0 1.124560 0.454813 0.01 0.01
0 1.111344 0.456100 0.01 0.01
0 1.114852 0.456334 0.01 0.01
0 1.109823 0.459609 0.01 0.01
0 1.102338 0.457971 0.01 0.01
0 1.098712 0.461597 0.01 0.01
0 1.100232 0.455632 0.01 0.01
0 1.098127 0.454580 0.01 0.01
0 1.164677 0.443118 0.01 0.01
0 1.179999 0.438790 0.01 0.01
0 1.193332 0.433059 0.01 0.01
0 1.198478 0.432591 0.01 0.01
0 1.207718 0.434346 0.01 0.01
0 1.223040 0.432825 0.01 0.01
0 1.231227 0.430837 0.01 0.01
0 1.240116 0.434346 0.01 0.01
0 1.228186 0.438439 0.01 0.01
0 1.209589 0.439024 0.01 0.01
0 1.196607 0.442416 0.01 0.01
0 1.192396 0.451539 0.01 0.01
0 1.208887 0.447211 0.01 0.01
0 1.221402 0.455281 0.01 0.01
0 1.226314 0.460778 0.01 0.01
0 1.239765 0.457270 0.01 0.01
0 1.239999 0.463936 0.01 0.01
0 1.235320 0.463235 0.01 0.01
0 1.237075 0.467328 0.01 0.01
0 1.234502 0.475164 0.01 0.01
0 1.227952 0.469082 0.01 0.01
0 1.219648 0.466977 0.01 0.01
0 1.217776 0.458322 0.01 0.01
0 1.213683 0.467913 0.01 0.01
0 1.205145 0.455281 0.01 0.01
0 1.203624 0.466158 0.01 0.01
0 1.200349 0.457971 0.01 0.01
0 1.193566 0.466275 0.01 0.01
0 1.194151 0.460427 0.01 0.01
0 1.196490 0.456568 0.01 0.01
0 1.185145 0.463819 0.01 0.01
0 1.183741 0.456334 0.01 0.01
0 1.165145 0.450252 0.01 0.01
0 1.171578 0.451305 0.01 0.01
0 1.164209 0.465340 0.01 0.01
0 1.170408 0.465106 0.01 0.01
0 1.176256 0.462182 0.01 0.01
0 1.178361 0.468732 0.01 0.01
0 1.169823 0.472474 0.01 0.01
0 1.173215 0.476217 0.01 0.01
0 1.175554 0.473176 0.01 0.01
0 1.163273 0.475398 0.01 0.01
0 1.184326 0.480311 0.01 0.01
0 1.182455 0.475983 0.01 0.01
0 1.193800 0.476802 0.01 0.01
0 1.197425 0.471188 0.01 0.01
0 1.201636 0.475749 0.01 0.01
0 1.212630 0.478907 0.01 0.01
0 1.215320 0.473761 0.01 0.01
0 1.220116 0.477620 0.01 0.01
0 1.139999 0.444521 0.01 0.01
0 1.094852 0.667211 0.01 0.01
0 1.037776 0.655983 0.01 0.01
0 1.061168 0.647562 0.01 0.01
0 1.081753 0.630720 0.01 0.01
0 1.066782 0.597971 0.01 0.01
0 1.066782 0.578322 0.01 0.01
0 1.038712 0.582065 0.01 0.01
0 1.038712 0.561480 0.01 0.01
0 1.041519 0.543702 0.01 0.01
0 1.058361 0.525925 0.01 0.01
0 1.049004 0.513761 0.01 0.01
0 1.030291 0.518439 0.01 0.01
0 1.049004 0.505340 0.01 0.01
0 1.031227 0.502533 0.01 0.01
0 1.168303 0.686860 0.01 0.01
0 1.162689 0.637737 0.01 0.01
0 1.131811 0.648966 0.01 0.01
0 1.116841 0.664404 0.01 0.01
0 1.109823 0.619024 0.01 0.01
0 1.119180 0.579258 0.01 0.01
0 1.114502 0.589550 0.01 0.01
0 1.138829 0.567562 0.01 0.01
0 1.128537 0.571305 0.01 0.01
0 1.126197 0.553527 0.01 0.01
0 1.112162 0.543235 0.01 0.01
0 1.099063 0.542767 0.01 0.01
0 1.095320 0.562884 0.01 0.01
0 1.080349 0.549784 0.01 0.01
0 1.068186 0.557737 0.01 0.01
0 1.110291 0.534813 0.01 0.01
0 1.120116 0.524053 0.01 0.01
0 1.099531 0.526860 0.01 0.01
0 1.163156 0.546977 0.01 0.01
0 1.142572 0.528732 0.01 0.01
0 1.167367 0.512357 0.01 0.01
0 1.204326 0.548381 0.01 0.01
0 1.194502 0.529199 0.01 0.01
0 1.590174 0.532474 0.01 0.01
0 1.594852 0.519609 0.01 0.01
0 1.595554 0.494346 0.01 0.01
0 1.590174 0.488498 0.01 0.01
0 1.590174 0.480544 0.01 0.01
0 1.578712 0.476568 0.01 0.01
0 1.581987 0.463235 0.01 0.01
0 1.573566 0.463235 0.01 0.01
0 1.569589 0.464170 0.01 0.01
0 1.567016 0.467913 0.01 0.01
0 1.565847 0.458088 0.01 0.01
0 1.570057 0.458088 0.01 0.01
0 1.556724 0.471188 0.01 0.01
0 1.548537 0.469550 0.01 0.01
0 1.549472 0.463468 0.01 0.01
0 1.542221 0.463235 0.01 0.01
0 1.533098 0.463001 0.01 0.01
0 1.531694 0.457620 0.01 0.01
0 1.528887 0.463235 0.01 0.01
0 1.530759 0.470720 0.01 0.01
0 1.534502 0.474697 0.01 0.01
0 1.545028 0.478673 0.01 0.01
0 1.540817 0.482884 0.01 0.01
0 1.561168 0.476802 0.01 0.01
0 1.568887 0.478439 0.01 0.01
0 1.574735 0.491071 0.01 0.01
0 1.570057 0.488498 0.01 0.01
0 1.560466 0.491071 0.01 0.01
0 1.568420 0.493410 0.01 0.01
0 1.581285 0.505808 0.01 0.01
0 1.581987 0.499258 0.01 0.01
0 1.569355 0.503235 0.01 0.01
0 1.563741 0.504170 0.01 0.01
0 1.557659 0.510720 0.01 0.01
0 1.547835 0.508381 0.01 0.01
0 1.552279 0.516334 0.01 0.01
0 1.564209 0.524989 0.01 0.01
0 1.561168 0.537620 0.01 0.01
0 1.574969 0.523819 0.01 0.01
0 1.576607 0.528030 0.01 0.01
0 1.530525 0.509784 0.01 0.01
0 1.526782 0.494580 0.01 0.01
0 1.532162 0.489433 0.01 0.01
0 1.525847 0.485925 0.01 0.01
0 1.519999 0.476568 0.01 0.01
0 1.518127 0.470720 0.01 0.01
0 1.509472 0.473527 0.01 0.01
0 1.504092 0.471188 0.01 0.01
0 1.499180 0.462065 0.01 0.01
0 1.489823 0.464170 0.01 0.01
0 1.495437 0.467913 0.01 0.01
0 1.494034 0.471656 0.01 0.01
0 1.491694 0.476100 0.01 0.01
0 1.492162 0.477270 0.01 0.01
0 1.495671 0.483118 0.01 0.01
0 1.499414 0.488732 0.01 0.01
0 1.509706 0.492708 0.01 0.01
0 1.509472 0.482650 0.01 0.01
0 1.505730 0.478673 0.01 0.01
0 1.501051 0.495983 0.01 0.01
0 1.495203 0.495047 0.01 0.01
0 1.496373 0.499726 0.01 0.01
0 1.501987 0.515164 0.01 0.01
0 1.400700 0.446860 0.01 0.01
0 1.422923 0.444287 0.01 0.01
0 1.419180 0.449433 0.01 0.01
0 1.423858 0.446860 0.01 0.01
0 1.440934 0.442416 0.01 0.01
0 1.452162 0.445223 0.01 0.01
0 1.452162 0.452240 0.01 0.01
0 1.469004 0.447562 0.01 0.01
0 1.403273 0.457387 0.01 0.01
0 1.432396 0.460427 0.01 0.01
0 1.442455 0.462650 0.01 0.01
0 1.445730 0.461363 0.01 0.01
0 1.448186 0.458322 0.01 0.01
0 1.453332 0.457971 0.01 0.01
0 1.467367 0.458439 0.01 0.01
0 1.463858 0.460427 0.01 0.01
0 1.461051 0.462884 0.01 0.01
0 1.480934 0.497387 0.01 0.01
0 1.474618 0.479024 0.01 0.01
0 1.486431 0.470252 0.01 0.01
0 1.472981 0.465340 0.01 0.01
0 1.483624 0.466158 0.01 0.01
0 1.485730 0.466158 0.01 0.01
0 1.475671 0.458556 0.01 0.01
0 1.468186 0.469433 0.01 0.01
0 1.460116 0.469082 0.01 0.01
0 1.461519 0.477270 0.01 0.01
0 1.462923 0.482650 0.01 0.01
0 1.467250 0.478556 0.01 0.01
0 1.471811 0.491188 0.01 0.01
0 1.465847 0.509316 0.01 0.01
0 1.457309 0.513761 0.01 0.01
0 1.450057 0.499726 0.01 0.01
0 1.437893 0.502533 0.01 0.01
0 1.430759 0.510369 0.01 0.01
0 1.426548 0.499258 0.01 0.01
0 1.423273 0.495281 0.01 0.01
0 1.434268 0.496334 0.01 0.01
0 1.422104 0.459609 0.01 0.01
0 1.423156 0.468381 0.01 0.01
0 1.441987 0.468849 0.01 0.01
0 1.450408 0.468615 0.01 0.01
0 1.445613 0.478673 0.01 0.01
0 1.449472 0.479843 0.01 0.01
0 1.421402 0.478088 0.01 0.01
0 1.416256 0.471071 0.01 0.01
0 1.426665 0.488615 0.01 0.01
0 1.436139 0.489433 0.01 0.01
0 1.444677 0.491422 0.01 0.01
0 1.449706 0.486509 0.01 0.01
0 1.451227 0.495164 0.01 0.01
0 1.445379 0.495749 0.01 0.01
0 1.417542 0.501831 0.01 0.01
0 1.448069 0.512123 0.01 0.01
0 1.453566 0.506392 0.01 0.01
0 1.462689 0.507094 0.01 0.01
0 1.502338 0.467445 0.01 0.01
0 1.517542 0.488498 0.01 0.01
0 1.567601 0.581597 0.01 0.01
0 1.556373 0.616217 0.01 0.01
0 1.436139 0.565223 0.01 0.01
0 1.433332 0.542767 0.01 0.01
0 1.444092 0.595632 0.01 0.01
0 1.390291 0.593761 0.01 0.01
0 1.366899 0.589550 0.01 0.01
0 1.405262 0.546509 0.01 0.01
0 1.417425 0.532006 0.01 0.01
0 1.439414 0.525457 0.01 0.01
0 1.411811 0.515632 0.01 0.01
0 1.406197 0.496451 0.01 0.01
0 1.395437 0.495047 0.01 0.01
0 1.389823 0.503936 0.01 0.01
0 1.386548 0.517504 0.01 0.01
0 1.387016 0.522182 0.01 0.01
0 1.365963 0.525457 0.01 0.01
0 1.338361 0.540895 0.01 0.01
0 1.350525 0.563351 0.01 0.01
0 1.318244 0.544170 0.01 0.01
0 1.291578 0.540895 0.01 0.01
0 1.335554 0.527328 0.01 0.01
0 1.344911 0.517971 0.01 0.01
0 1.341636 0.509082 0.01 0.01
0 1.352864 0.503936 0.01 0.01
0 1.252981 0.419960 0.01 0.01
0 1.265379 0.418088 0.01 0.01
0 1.271227 0.419960 0.01 0.01
0 1.262104 0.437036 0.01 0.01
0 1.259531 0.444755 0.01 0.01
0 1.245963 0.446626 0.01 0.01
0 1.274735 0.443819 0.01 0.01
0 1.286665 0.443351 0.01 0.01
0 1.293683 0.441012 0.01 0.01
0 1.296724 0.441480 0.01 0.01
0 1.301870 0.441948 0.01 0.01
0 1.306548 0.437737 0.01 0.01
0 1.365730 0.445925 0.01 0.01
0 1.370876 0.443351 0.01 0.01
0 1.377192 0.440544 0.01 0.01
0 1.383975 0.441012 0.01 0.01
0 1.393098 0.447562 0.01 0.01
0 1.249940 0.470018 0.01 0.01
0 1.253917 0.463936 0.01 0.01
0 1.262572 0.459024 0.01 0.01
0 1.263273 0.464404 0.01 0.01
0 1.259765 0.458556 0.01 0.01
0 1.269355 0.461129 0.01 0.01
0 1.272864 0.488030 0.01 0.01
0 1.279882 0.482767 0.01 0.01
0 1.281285 0.478556 0.01 0.01
0 1.288069 0.476919 0.01 0.01
0 1.293098 0.474697 0.01 0.01
0 1.295437 0.473878 0.01 0.01
0 1.302572 0.468732 0.01 0.01
0 1.311928 0.468498 0.01 0.01
0 1.319414 0.467445 0.01 0.01
0 1.322572 0.469550 0.01 0.01
0 1.329589 0.470720 0.01 0.01
0 1.328303 0.476217 0.01 0.01
0 1.336373 0.474463 0.01 0.01
0 1.336256 0.480427 0.01 0.01
0 1.332279 0.484521 0.01 0.01
0 1.326080 0.479609 0.01 0.01
0 1.312864 0.476100 0.01 0.01
0 1.304443 0.478673 0.01 0.01
0 1.291694 0.484521 0.01 0.01
0 1.279180 0.498088 0.01 0.01
0 1.279999 0.502416 0.01 0.01
0 1.286899 0.496451 0.01 0.01
0 1.292513 0.494463 0.01 0.01
0 1.299999 0.497270 0.01 0.01
0 1.312279 0.496334 0.01 0.01
0 1.308771 0.488615 0.01 0.01
0 1.316256 0.484872 0.01 0.01
0 1.324794 0.493995 0.01 0.01
0 1.325613 0.499492 0.01 0.01
0 1.319297 0.506509 0.01 0.01
0 1.305613 0.513761 0.01 0.01
0 1.307250 0.503585 0.01 0.01
0 1.302806 0.521480 0.01 0.01
0 1.281987 0.520427 0.01 0.01
0 1.361753 0.484287 0.01 0.01
0 1.296022 0.505340 0.01 0.01
0 1.328303 0.458322 0.01 0.01
0 1.327601 0.463468 0.01 0.01
0 1.339999 0.460194 0.01 0.01
0 1.319180 0.463235 0.01 0.01
0 1.310993 0.461597 0.01 0.01
0 1.305613 0.465340 0.01 0.01
0 1.372630 0.453995 0.01 0.01
0 1.403858 0.463468 0.01 0.01
0 1.402455 0.465106 0.01 0.01
0 1.397425 0.464638 0.01 0.01
0 1.386080 0.459843 0.01 0.01
0 1.381870 0.456685 0.01 0.01
0 1.382572 0.465574 0.01 0.01
0 1.375437 0.461831 0.01 0.01
0 1.374502 0.464755 0.01 0.01
0 1.363741 0.459258 0.01 0.01
0 1.358712 0.470720 0.01 0.01
0 1.364443 0.474229 0.01 0.01
0 1.383975 0.472942 0.01 0.01
0 1.397893 0.473410 0.01 0.01
0 1.403741 0.473995 0.01 0.01
0 1.396256 0.470135 0.01 0.01
0 1.408887 0.469082 0.01 0.01
0 1.412513 0.467445 0.01 0.01
0 1.414268 0.463936 0.01 0.01
0 1.414618 0.484287 0.01 0.01
0 1.393449 0.481363 0.01 0.01
0 1.403273 0.485457 0.01 0.01
0 1.395905 0.487328 0.01 0.01
0 1.387952 0.489199 0.01 0.01
0 1.381402 0.484287 0.01 0.01
0 1.372630 0.484638 0.01 0.01
0 1.370057 0.487913 0.01 0.01
0 1.366782 0.491422 0.01 0.01
0 1.367835 0.469082 0.01 0.01
0 1.383273 0.477270 0.01 0.01
0 1.144911 0.492942 0.01 0.01
0 1.155671 0.492474 0.01 0.01
0 1.168303 0.492474 0.01 0.01
0 1.165963 0.483351 0.01 0.01
0 1.177192 0.484053 0.01 0.01
0 1.183741 0.490135 0.01 0.01
0 1.179063 0.492006 0.01 0.01
0 1.180466 0.495749 0.01 0.01
0 1.173449 0.501129 0.01 0.01
0 1.187484 0.504404 0.01 0.01
0 1.196139 0.493644 0.01 0.01
0 1.193098 0.486626 0.01 0.01
0 1.210408 0.494813 0.01 0.01
0 1.232162 0.521948 0.01 0.01
0 1.247601 0.508849 0.01 0.01
0 1.249004 0.524989 0.01 0.01
0 1.268654 0.523351 0.01 0.01
0 1.272630 0.516802 0.01 0.01
0 1.276841 0.510486 0.01 0.01
0 1.227016 0.574580 0.01 0.01
