0 0.009336 0.571998 0.01 0.01
0 0.003492 0.342128 0.01 0.01
0 0.073622 0.318752 0.01 0.01
0 0.002843 0.269563 0.01 0.01
0 0.030115 0.238394 0.01 0.01
0 0.069076 0.224758 0.01 0.01
0 0.088557 0.215018 0.01 0.01
0 0.101219 0.214044 0.01 0.01
0 0.114855 0.168265 0.01 0.01
0 0.163557 0.186771 0.01 0.01
0 0.202518 0.132226 0.01 0.01
0 0.170375 0.104953 0.01 0.01
0 0.237583 0.166317 0.01 0.01
0 0.226868 0.169239 0.01 0.01
0 0.267778 0.167291 0.01 0.01
0 0.267778 0.153654 0.01 0.01
0 0.301868 0.152680 0.01 0.01
0 0.308687 0.100083 0.01 0.01
0 0.324271 0.080602 0.01 0.01
0 0.303817 0.217940 0.01 0.01
0 0.280440 0.204304 0.01 0.01
0 0.316479 0.239368 0.01 0.01
0 0.300894 0.245213 0.01 0.01
0 0.242453 0.246187 0.01 0.01
0 0.206414 0.263719 0.01 0.01
0 0.175245 0.274433 0.01 0.01
0 0.154791 0.262745 0.01 0.01
0 0.167453 0.326057 0.01 0.01
0 0.252193 0.353330 0.01 0.01
0 0.348622 0.337745 0.01 0.01
0 0.467453 0.389368 0.01 0.01
0 0.521998 0.425407 0.01 0.01
0 0.602843 0.401057 0.01 0.01
0 0.699271 0.511122 0.01 0.01
0 0.635959 0.296836 0.01 0.01
0 0.546349 0.232550 0.01 0.01
0 0.458687 0.174109 0.01 0.01
0 0.409011 0.177031 0.01 0.01
0 0.438232 0.133200 0.01 0.01
0 0.402193 0.123459 0.01 0.01
0 0.354466 0.228654 0.01 0.01
0 0.367128 0.215018 0.01 0.01
0 0.361284 0.198459 0.01 0.01
0 0.369076 0.164368 0.01 0.01
0 0.387583 0.077680 0.01 0.01
0 0.346674 0.036771 0.01 0.01
0 0.430440 0.073784 0.01 0.01
0 0.450894 0.135148 0.01 0.01
0 0.488881 0.047485 0.01 0.01
0 0.491804 0.087420 0.01 0.01
0 0.510310 0.077680 0.01 0.01
0 0.531739 0.133200 0.01 0.01
0 0.551219 0.119563 0.01 0.01
0 0.585310 0.111771 0.01 0.01
0 0.635959 0.176057 0.01 0.01
0 0.723622 0.235472 0.01 0.01
0 0.711933 0.137096 0.01 0.01
0 0.666154 0.121511 0.01 0.01
0 0.659336 0.132226 0.01 0.01
0 0.603817 0.098135 0.01 0.01
0 0.751868 0.164368 0.01 0.01
0 0.784985 0.142940 0.01 0.01
0 0.796674 0.136122 0.01 0.01
0 0.764531 0.098135 0.01 0.01
0 0.655440 0.101057 0.01 0.01
0 0.674920 0.082550 0.01 0.01
0 0.701219 0.057226 0.01 0.01
0 0.728492 0.058200 0.01 0.01
0 0.732388 0.039693 0.01 0.01
0 0.709985 0.041641 0.01 0.01
0 0.695375 0.041641 0.01 0.01
0 0.651544 0.043589 0.01 0.01
0 0.642778 0.041641 0.01 0.01
0 0.638881 0.028005 0.01 0.01
0 0.625245 0.019239 0.01 0.01
0 0.624271 0.053330 0.01 0.01
0 0.594076 0.058200 0.01 0.01
0 0.562907 0.087420 0.01 0.01
0 0.560959 0.061122 0.01 0.01
0 0.552193 0.073784 0.01 0.01
0 0.123622 0.071836 0.01 0.01
0 0.128492 0.054304 0.01 0.01
0 0.095375 0.077680 0.01 0.01
0 0.092453 0.066966 0.01 0.01
0 0.058362 0.064044 0.01 0.01
0 0.071024 0.036771 0.01 0.01
0 0.003817 0.070862 0.01 0.01
0 0.027193 0.053330 0.01 0.01
0 0.159661 0.003654 0.01 0.01
0 0.161609 0.046511 0.01 0.01
0 0.198622 0.020213 0.01 0.01
0 0.134336 0.020213 0.01 0.01
0 0.226868 0.002680 0.01 0.01
0 0.295050 0.005602 0.01 0.01
0 0.329141 0.002680 0.01 0.01
0 0.353492 0.003654 0.01 0.01
0 0.321349 0.019239 0.01 0.01
0 0.516154 0.051381 0.01 0.01
0 0.532713 0.046511 0.01 0.01
0 0.541479 0.048459 0.01 0.01
0 0.533687 0.032875 0.01 0.01
0 0.531739 0.016317 0.01 0.01
0 0.551219 0.032875 0.01 0.01
0 0.556089 0.027031 0.01 0.01
0 0.545375 0.019239 0.01 0.01
0 0.560959 0.009498 0.01 0.01
0 0.595050 0.034823 0.01 0.01
0 0.587258 0.023135 0.01 0.01
0 0.587258 0.013394 0.01 0.01
0 0.634985 0.006576 0.01 0.01
0 0.670050 0.019239 0.01 0.01
0 0.697323 0.006576 0.01 0.01
0 0.708037 0.024109 0.01 0.01
0 0.780115 0.039693 0.01 0.01
0 0.787907 0.009498 0.01 0.01
0 0.765505 0.026057 0.01 0.01
0 0.774271 0.007550 0.01 0.01
0 0.751868 0.006576 0.01 0.01
0 0.743102 0.016317 0.01 0.01
0 0.743102 0.023135 0.01 0.01
0 0.672648 0.006576 0.01 0.01
0 0.847972 0.061122 0.01 0.01
0 0.820700 0.074758 0.01 0.01
0 0.843102 0.033849 0.01 0.01
0 0.818752 0.016317 0.01 0.01
0 0.801219 0.005602 0.01 0.01
0 0.834336 0.002680 0.01 0.01
0 0.842128 0.009498 0.01 0.01
0 0.857713 0.007550 0.01 0.01
0 0.870375 0.016317 0.01 0.01
0 0.868427 0.009498 0.01 0.01
0 0.881089 0.005602 0.01 0.01
0 0.905440 0.009498 0.01 0.01
0 0.921998 0.057226 0.01 0.01
0 0.914206 0.073784 0.01 0.01
0 0.880115 0.062096 0.01 0.01
0 0.858687 0.075732 0.01 0.01
0 0.846024 0.078654 0.01 0.01
0 0.846998 0.101057 0.01 0.01
0 0.859661 0.120537 0.01 0.01
0 0.879141 0.098135 0.01 0.01
0 0.939531 0.098135 0.01 0.01
0 0.953167 0.075732 0.01 0.01
0 0.929791 0.070862 0.01 0.01
0 0.959985 0.026057 0.01 0.01
0 0.977518 0.013394 0.01 0.01
0 0.996998 0.016317 0.01 0.01
0 1.004791 0.023135 0.01 0.01
0 1.025245 0.012420 0.01 0.01
0 1.033037 0.007550 0.01 0.01
0 1.042778 0.023135 0.01 0.01
0 1.010635 0.046511 0.01 0.01
0 1.033037 0.055278 0.01 0.01
0 1.032063 0.073784 0.01 0.01
0 1.019401 0.060148 0.01 0.01
0 1.029141 0.092291 0.01 0.01
0 1.009661 0.093265 0.01 0.01
0 0.997972 0.118589 0.01 0.01
0 0.979466 0.118589 0.01 0.01
0 0.970700 0.108849 0.01 0.01
0 1.007713 0.145862 0.01 0.01
0 0.989206 0.129304 0.01 0.01
0 1.019401 0.137096 0.01 0.01
0 1.047648 0.146836 0.01 0.01
0 1.061284 0.128330 0.01 0.01
0 1.057388 0.107875 0.01 0.01
0 1.056414 0.053330 0.01 0.01
0 1.073946 0.027031 0.01 0.01
0 1.064206 0.021187 0.01 0.01
0 1.060310 0.013394 0.01 0.01
0 1.096349 0.019239 0.01 0.01
0 1.119726 0.068914 0.01 0.01
0 1.122648 0.050407 0.01 0.01
0 1.139206 0.043589 0.01 0.01
0 1.126544 0.026057 0.01 0.01
0 1.119726 0.039693 0.01 0.01
0 1.115830 0.026057 0.01 0.01
0 1.087583 0.005602 0.01 0.01
0 1.054466 0.019239 0.01 0.01
0 1.040830 0.005602 0.01 0.01
0 1.129466 0.122485 0.01 0.01
0 1.108037 0.145862 0.01 0.01
0 1.107063 0.122485 0.01 0.01
0 1.165505 0.184823 0.01 0.01
0 1.232713 0.125407 0.01 0.01
0 1.244401 0.168265 0.01 0.01
0 1.267778 0.174109 0.01 0.01
0 1.239531 0.227680 0.01 0.01
0 1.205440 0.349433 0.01 0.01
0 1.147972 0.332875 0.01 0.01
0 1.127518 0.322161 0.01 0.01
0 1.028167 0.221836 0.01 0.01
0 1.010635 0.215992 0.01 0.01
0 0.871349 0.296836 0.01 0.01
0 0.861609 0.227680 0.01 0.01
0 0.820700 0.186771 0.01 0.01
0 0.796349 0.028005 0.01 0.01
0 0.765180 0.010472 0.01 0.01
0 0.855765 0.581252 0.01 0.01
0 1.263881 0.071836 0.01 0.01
0 1.245375 0.043589 0.01 0.01
0 1.243427 0.026057 0.01 0.01
0 1.156739 0.003654 0.01 0.01
0 1.141154 0.014368 0.01 0.01
0 1.120700 0.009498 0.01 0.01
0 1.156739 0.026057 0.01 0.01
0 1.176219 0.012420 0.01 0.01
0 1.183037 0.024109 0.01 0.01
0 1.177193 0.053330 0.01 0.01
0 1.164531 0.036771 0.01 0.01
0 1.207388 0.026057 0.01 0.01
0 1.238557 0.013394 0.01 0.01
0 1.174271 0.092291 0.01 0.01
0 1.175245 0.074758 0.01 0.01
0 1.324920 0.095213 0.01 0.01
0 1.302518 0.061122 0.01 0.01
0 1.311284 0.017291 0.01 0.01
0 1.317128 0.036771 0.01 0.01
0 1.338557 0.071836 0.01 0.01
0 1.313232 0.070862 0.01 0.01
0 1.383362 0.115667 0.01 0.01
0 1.397972 0.099109 0.01 0.01
0 1.407713 0.139044 0.01 0.01
0 1.437907 0.184823 0.01 0.01
0 1.359011 0.317291 0.01 0.01
0 1.331739 0.218914 0.01 0.01
0 1.517778 0.171187 0.01 0.01
0 1.549920 0.193589 0.01 0.01
0 1.514855 0.293914 0.01 0.01
0 1.548946 0.390343 0.01 0.01
0 1.394076 0.073784 0.01 0.01
0 1.392128 0.041641 0.01 0.01
0 1.347323 0.026057 0.01 0.01
0 1.335635 0.010472 0.01 0.01
0 1.365830 0.020213 0.01 0.01
0 1.368752 0.010472 0.01 0.01
0 1.378492 0.009498 0.01 0.01
0 1.381414 0.016317 0.01 0.01
0 1.358037 0.033849 0.01 0.01
0 1.373622 0.046511 0.01 0.01
0 1.409661 0.034823 0.01 0.01
0 1.414531 0.020213 0.01 0.01
0 1.421349 0.020213 0.01 0.01
0 1.434011 0.012420 0.01 0.01
0 1.446674 0.023135 0.01 0.01
0 1.443752 0.034823 0.01 0.01
0 1.450570 0.032875 0.01 0.01
0 1.426219 0.036771 0.01 0.01
0 1.471024 0.043589 0.01 0.01
0 1.479791 0.060148 0.01 0.01
0 1.501219 0.047485 0.01 0.01
0 1.501219 0.029953 0.01 0.01
0 1.504141 0.070862 0.01 0.01
0 1.519726 0.084498 0.01 0.01
0 1.485635 0.089368 0.01 0.01
0 1.473946 0.092291 0.01 0.01
0 1.546024 0.116641 0.01 0.01
0 1.529466 0.115667 0.01 0.01
0 1.584011 0.120537 0.01 0.01
0 1.598622 0.129304 0.01 0.01
0 1.595700 0.075732 0.01 0.01
0 1.581089 0.073784 0.01 0.01
0 1.558687 0.062096 0.01 0.01
0 1.524596 0.060148 0.01 0.01
0 1.522648 0.047485 0.01 0.01
0 1.577193 0.046511 0.01 0.01
0 1.596674 0.050407 0.01 0.01
0 1.593752 0.235472 0.01 0.01
0 1.594726 0.285148 0.01 0.01
0 1.355440 1.016154 0.01 0.01
0 1.400245 0.969401 0.01 0.01
0 1.314531 0.620700 0.01 0.01
0 1.133362 0.706414 0.01 0.01
0 0.938507 0.048097 0.01 0.01
0 0.037369 0.047319 0.01 0.01
0 0.039877 0.066215 0.01 0.01
0 0.120312 0.009024 0.01 0.01
0 0.172319 0.008690 0.01 0.01
0 0.188707 0.014877 0.01 0.01
0 0.238707 0.027419 0.01 0.01
0 0.257937 0.040964 0.01 0.01
0 0.270646 0.042135 0.01 0.01
0 0.253757 0.005345 0.01 0.01
0 0.343389 0.019559 0.01 0.01
0 0.304593 0.041884 0.01 0.01
0 0.377168 0.107770 0.01 0.01
0 0.447904 0.099242 0.01 0.01
0 0.479509 0.123824 0.01 0.01
0 0.358774 0.252085 0.01 0.01
0 0.717302 0.574827 0.01 0.01
0 0.610947 0.008105 0.01 0.01
0 0.804593 0.104426 0.01 0.01
0 0.855095 0.023824 0.01 0.01
0 0.859275 0.032519 0.01 0.01
0 0.802085 0.017804 0.01 0.01
0 0.918807 0.046566 0.01 0.01
0 0.692887 0.199242 0.01 0.01
0 0.693556 0.166131 0.01 0.01
0 0.933857 0.009024 0.01 0.01
0 1.330680 0.078339 0.01 0.01
0 1.266800 0.010446 0.01 0.01
0 1.330847 0.008355 0.01 0.01
0 1.350412 0.014543 0.01 0.01
0 1.355596 0.006516 0.01 0.01
0 1.341884 0.051834 0.01 0.01
0 1.404258 0.058188 0.01 0.01
0 1.422151 0.058857 0.01 0.01
0 1.438205 0.055847 0.01 0.01
0 1.449911 0.056683 0.01 0.01
0 1.463623 0.043974 0.01 0.01
