0 1.566353 0.452531 0.01 0.01
0 1.546499 0.455157 0.01 0.01
0 1.564056 0.476980 0.01 0.01
0 1.538787 0.467299 0.01 0.01
0 1.531567 0.467627 0.01 0.01
0 1.518932 0.478621 0.01 0.01
0 1.497601 0.462705 0.01 0.01
0 1.508595 0.466643 0.01 0.01
0 1.518932 0.463033 0.01 0.01
0 1.501047 0.481411 0.01 0.01
0 1.504821 0.473863 0.01 0.01
0 1.483162 0.469924 0.01 0.01
0 1.471675 0.467299 0.01 0.01
0 1.463143 0.469268 0.01 0.01
0 1.472168 0.486497 0.01 0.01
0 1.479388 0.481411 0.01 0.01
0 1.529434 0.513079 0.01 0.01
0 1.527629 0.483215 0.01 0.01
0 1.587638 0.448880 0.01 0.01
0 1.534474 0.524032 0.01 0.01
0 1.574265 0.542984 0.01 0.01
0 1.590018 0.539538 0.01 0.01
0 1.559005 0.535190 0.01 0.01
0 1.582305 0.597297 0.01 0.01
0 1.553719 0.570017 0.01 0.01
0 1.527629 0.581832 0.01 0.01
0 1.577019 0.646153 0.01 0.01
0 1.505313 0.657065 0.01 0.01
0 1.493499 0.616536 0.01 0.01
0 1.520409 0.615223 0.01 0.01
0 1.553344 0.703051 0.01 0.01
0 1.331004 0.873660 0.01 0.01
0 1.301468 0.806056 0.01 0.01
0 1.400576 0.754861 0.01 0.01
0 1.248304 0.724013 0.01 0.01
0 1.329035 0.689883 0.01 0.01
0 1.312626 0.666254 0.01 0.01
0 1.252898 0.687914 0.01 0.01
0 1.153134 0.794898 0.01 0.01
0 1.062558 0.764706 0.01 0.01
0 1.127536 0.667567 0.01 0.01
0 1.172824 0.637375 0.01 0.01
0 1.237146 0.630155 0.01 0.01
0 1.426174 0.657065 0.01 0.01
0 1.509908 0.584190 0.01 0.01
0 1.487756 0.568274 0.01 0.01
0 1.489233 0.549568 0.01 0.01
0 1.524019 0.547271 0.01 0.01
0 1.518604 0.536769 0.01 0.01
0 1.476199 0.527498 0.01 0.01
0 1.472261 0.548830 0.01 0.01
0 1.442069 0.562285 0.01 0.01
0 1.437146 0.548830 0.01 0.01
0 1.447976 0.532749 0.01 0.01
0 1.441412 0.534390 0.01 0.01
0 1.439115 0.511746 0.01 0.01
0 1.446335 0.472037 0.01 0.01
0 1.434849 0.478929 0.01 0.01
0 1.419096 0.501573 0.01 0.01
0 1.424675 0.499604 0.01 0.01
0 1.415487 0.487789 0.01 0.01
0 1.403344 0.483195 0.01 0.01
0 1.399406 0.498619 0.01 0.01
0 1.411549 0.499275 0.01 0.01
0 1.419753 0.534390 0.01 0.01
0 1.421394 0.512731 0.01 0.01
0 1.421394 0.564254 0.01 0.01
0 1.410892 0.583616 0.01 0.01
0 1.414502 0.596743 0.01 0.01
0 1.434849 0.620043 0.01 0.01
0 1.384966 0.599368 0.01 0.01
0 1.369214 0.609213 0.01 0.01
0 1.360353 0.577709 0.01 0.01
0 1.372496 0.551783 0.01 0.01
0 1.394484 0.532093 0.01 0.01
0 1.393827 0.515356 0.01 0.01
0 1.380372 0.502557 0.01 0.01
0 1.375449 0.490415 0.01 0.01
0 1.382669 0.479585 0.01 0.01
0 1.370855 0.477616 0.01 0.01
0 1.363307 0.479585 0.01 0.01
0 1.348867 0.489758 0.01 0.01
0 1.340335 0.499275 0.01 0.01
0 1.354775 0.512074 0.01 0.01
0 1.365276 0.500588 0.01 0.01
0 1.359369 0.487789 0.01 0.01
0 1.348539 0.551127 0.01 0.01
0 1.328521 0.541938 0.01 0.01
0 1.319332 0.564254 0.01 0.01
0 1.332459 0.522248 0.01 0.01
0 1.311456 0.539969 0.01 0.01
0 1.315394 0.497963 0.01 0.01
0 1.311456 0.489102 0.01 0.01
0 1.302267 0.498619 0.01 0.01
0 1.287171 0.541282 0.01 0.01
0 1.259604 0.565566 0.01 0.01
0 1.271276 0.523068 0.01 0.01
0 1.269307 0.509285 0.01 0.01
0 1.277183 0.494189 0.01 0.01
0 1.258805 0.519786 0.01 0.01
0 1.243709 0.503378 0.01 0.01
0 1.252242 0.504690 0.01 0.01
0 1.227957 0.516505 0.01 0.01
0 1.216799 0.516505 0.01 0.01
0 1.206954 0.527662 0.01 0.01
0 1.214830 0.548666 0.01 0.01
0 1.230583 0.543415 0.01 0.01
0 1.197765 0.548666 0.01 0.01
0 1.188576 0.543415 0.01 0.01
0 1.201047 0.562449 0.01 0.01
0 1.187264 0.612987 0.01 0.01
0 1.056651 0.663526 0.01 0.01
0 1.045493 0.628083 0.01 0.01
0 1.072403 0.594610 0.01 0.01
0 0.985109 0.679935 0.01 0.01
0 1.026459 0.599861 0.01 0.01
0 1.057963 0.595266 0.01 0.01
0 1.092093 0.556542 0.01 0.01
0 1.099970 0.532913 0.01 0.01
0 1.127536 0.508628 0.01 0.01
0 1.150508 0.509941 0.01 0.01
0 1.165604 0.509285 0.01 0.01
0 1.161010 0.523724 0.01 0.01
0 1.153134 0.539477 0.01 0.01
0 1.140663 0.556542 0.01 0.01
0 1.157728 0.580827 0.01 0.01
0 1.123598 0.616926 0.01 0.01
0 1.115066 0.511254 0.01 0.01
0 0.964762 0.605768 0.01 0.01
0 0.946385 0.595922 0.01 0.01
0 0.947697 0.567043 0.01 0.01
0 0.962137 0.562449 0.01 0.01
0 0.985765 0.561136 0.01 0.01
0 1.004799 0.567043 0.01 0.01
0 1.018583 0.559167 0.01 0.01
0 1.032366 0.575576 0.01 0.01
0 1.050087 0.567700 0.01 0.01
0 1.063871 0.553916 0.01 0.01
0 1.088812 0.521755 0.01 0.01
0 1.067152 0.509941 0.01 0.01
0 1.057963 0.519130 0.01 0.01
0 1.017270 0.535539 0.01 0.01
0 0.989047 0.525693 0.01 0.01
0 0.962137 0.548009 0.01 0.01
0 0.949666 0.538820 0.01 0.01
0 0.938508 0.557854 0.01 0.01
0 0.928007 0.558511 0.01 0.01
0 0.929976 0.542102 0.01 0.01
0 0.929320 0.521099 0.01 0.01
0 0.928007 0.529631 0.01 0.01
0 0.897159 0.569669 0.01 0.01
0 0.898471 0.597892 0.01 0.01
0 1.080279 0.668777 0.01 0.01
0 0.842025 0.677966 0.01 0.01
0 0.849902 0.609049 0.01 0.01
0 0.853840 0.588046 0.01 0.01
0 0.880750 0.572950 0.01 0.01
0 0.870905 0.558511 0.01 0.01
0 0.883375 0.542758 0.01 0.01
0 0.887313 0.525693 0.01 0.01
0 0.876155 0.523068 0.01 0.01
0 0.853840 0.544727 0.01 0.01
0 0.835462 0.544071 0.01 0.01
0 0.846620 0.563761 0.01 0.01
0 0.824960 0.586077 0.01 0.01
0 0.820366 0.554573 0.01 0.01
0 0.805926 0.603799 0.01 0.01
0 0.633679 0.914681 0.01 0.01
0 0.684874 0.700712 0.01 0.01
0 0.734756 0.715152 0.01 0.01
0 0.753134 0.681022 0.01 0.01
0 0.720316 0.627201 0.01 0.01
0 0.770199 0.614075 0.01 0.01
0 0.763635 0.564192 0.01 0.01
0 0.784638 0.569443 0.01 0.01
0 0.810892 0.555003 0.01 0.01
0 0.805641 0.535313 0.01 0.01
0 0.808267 0.524811 0.01 0.01
0 0.767573 0.530062 0.01 0.01
0 0.771511 0.499870 0.01 0.01
0 0.741319 0.509059 0.01 0.01
0 0.698001 0.631140 0.01 0.01
0 0.690124 0.594384 0.01 0.01
0 0.720316 0.574694 0.01 0.01
0 0.720316 0.556316 0.01 0.01
0 0.712440 0.543189 0.01 0.01
0 0.722942 0.498558 0.01 0.01
0 0.700626 0.490681 0.01 0.01
0 0.700626 0.520873 0.01 0.01
0 0.688812 0.519561 0.01 0.01
0 0.596923 0.746657 0.01 0.01
0 0.608737 0.721715 0.01 0.01
0 0.587734 0.721715 0.01 0.01
0 0.522100 0.750595 0.01 0.01
0 0.461716 0.783412 0.01 0.01
0 0.417084 0.737468 0.01 0.01
0 0.449902 0.720403 0.01 0.01
0 0.487970 0.720403 0.01 0.01
0 0.553604 0.702025 0.01 0.01
0 0.547041 0.657393 0.01 0.01
0 0.600861 0.644266 0.01 0.01
0 0.613988 0.675771 0.01 0.01
0 0.650744 0.695462 0.01 0.01
0 0.616614 0.616700 0.01 0.01
0 0.659932 0.625889 0.01 0.01
0 0.652056 0.573381 0.01 0.01
0 0.619239 0.595697 0.01 0.01
0 0.627115 0.576006 0.01 0.01
0 0.667809 0.557629 0.01 0.01
0 0.678310 0.544502 0.01 0.01
0 0.690124 0.535313 0.01 0.01
0 0.669778 0.524483 0.01 0.01
0 0.678967 0.523827 0.01 0.01
0 0.663214 0.525140 0.01 0.01
0 0.648775 0.517920 0.01 0.01
0 0.644837 0.540892 0.01 0.01
0 0.608737 0.578960 0.01 0.01
0 0.591016 0.573053 0.01 0.01
0 0.611363 0.533672 0.01 0.01
0 0.626459 0.510044 0.01 0.01
0 0.635648 0.515294 0.01 0.01
0 0.609394 0.508731 0.01 0.01
0 0.574607 0.512013 0.01 0.01
0 0.584453 0.512669 0.01 0.01
0 0.583140 0.485759 0.01 0.01
0 0.565419 0.584867 0.01 0.01
0 0.570669 0.602588 0.01 0.01
0 0.579202 0.578304 0.01 0.01
0 0.583140 0.613746 0.01 0.01
0 0.596267 0.591431 0.01 0.01
0 0.582484 0.631468 0.01 0.01
0 0.553604 0.613746 0.01 0.01
0 0.543103 0.521858 0.01 0.01
0 0.545072 0.510044 0.01 0.01
0 0.534570 0.513325 0.01 0.01
0 0.519474 0.534985 0.01 0.01
0 0.518818 0.517920 0.01 0.01
0 0.512911 0.514638 0.01 0.01
0 0.523412 0.507418 0.01 0.01
0 0.526694 0.506106 0.01 0.01
0 0.560168 0.517263 0.01 0.01
0 0.508973 0.553363 0.01 0.01
0 0.512255 0.592743 0.01 0.01
0 0.528007 0.596025 0.01 0.01
0 0.501753 0.624904 0.01 0.01
0 0.472217 0.625561 0.01 0.01
0 0.453183 0.622279 0.01 0.01
0 0.479437 0.592743 0.01 0.01
0 0.460403 0.596681 0.01 0.01
0 0.470905 0.564520 0.01 0.01
0 0.485344 0.561239 0.01 0.01
0 0.500440 0.524483 0.01 0.01
0 0.471561 0.519889 0.01 0.01
0 0.481406 0.518576 0.01 0.01
0 0.448589 0.524483 0.01 0.01
0 0.449245 0.546799 0.01 0.01
0 0.450558 0.567802 0.01 0.01
0 0.455152 0.554675 0.01 0.01
0 0.440056 0.573053 0.01 0.01
0 0.427586 0.591431 0.01 0.01
0 0.433493 0.653784 0.01 0.01
0 0.411834 0.685944 0.01 0.01
0 0.382954 0.720075 0.01 0.01
0 0.359326 0.751579 0.01 0.01
0 0.359326 0.711542 0.01 0.01
0 0.457778 0.711542 0.01 0.01
0 0.377704 0.625561 0.01 0.01
0 0.332416 0.606527 0.01 0.01
0 0.319289 0.597338 0.01 0.01
0 0.338979 0.588149 0.01 0.01
0 0.354731 0.580929 0.01 0.01
0 0.388205 0.550081 0.01 0.01
0 0.402645 0.581585 0.01 0.01
0 0.415772 0.574366 0.01 0.01
0 0.419053 0.563208 0.01 0.01
0 0.402645 0.563208 0.01 0.01
0 0.417084 0.548768 0.01 0.01
0 0.431524 0.554675 0.01 0.01
0 0.407895 0.527109 0.01 0.01
0 0.421679 0.523171 0.01 0.01
0 0.431524 0.509387 0.01 0.01
0 0.461060 0.505449 0.01 0.01
0 0.342261 0.539579 0.01 0.01
0 0.355388 0.527765 0.01 0.01
0 0.260874 0.757158 0.01 0.01
0 0.284502 0.762409 0.01 0.01
0 0.268750 0.690211 0.01 0.01
0 0.285815 0.669208 0.01 0.01
0 0.334385 0.654768 0.01 0.01
0 0.310756 0.665270 0.01 0.01
0 0.245122 0.616700 0.01 0.01
0 0.226744 0.657393 0.01 0.01
0 0.132230 0.753220 0.01 0.01
0 0.155858 0.851672 0.01 0.01
0 0.214930 0.786037 0.01 0.01
0 0.180800 0.758471 0.01 0.01
0 0.162422 0.673146 0.01 0.01
0 0.166360 0.631140 0.01 0.01
0 0.226744 0.606198 0.01 0.01
0 0.271375 0.591759 0.01 0.01
0 0.300255 0.581257 0.01 0.01
0 0.317320 0.573381 0.01 0.01
0 0.695375 0.560254 0.01 0.01
0 0.770199 0.541876 0.01 0.01
0 0.788576 0.598322 0.01 0.01
0 0.050843 0.726966 0.01 0.01
0 0.015400 0.724341 0.01 0.01
0 0.081035 0.666582 0.01 0.01
0 0.107289 0.657393 0.01 0.01
0 0.029840 0.652143 0.01 0.01
0 0.063970 0.614075 0.01 0.01
0 0.094162 0.612762 0.01 0.01
0 0.133543 0.633765 0.01 0.01
0 0.153233 0.608824 0.01 0.01
0 0.117790 0.585195 0.01 0.01
0 0.096787 0.586508 0.01 0.01
0 0.203115 0.564192 0.01 0.01
0 0.184738 0.569443 0.01 0.01
0 0.212304 0.583883 0.01 0.01
0 0.233307 0.566818 0.01 0.01
0 0.250372 0.589133 0.01 0.01
0 0.057406 0.585195 0.01 0.01
0 0.053468 0.564192 0.01 0.01
0 0.003586 0.614075 0.01 0.01
0 0.136539 0.568458 0.01 0.01
0 0.162137 0.569115 0.01 0.01
0 0.147041 0.544830 0.01 0.01
0 0.183140 0.543517 0.01 0.01
0 0.217926 0.554019 0.01 0.01
0 0.211363 0.513982 0.01 0.01
0 0.247462 0.532359 0.01 0.01
0 0.258620 0.557301 0.01 0.01
0 0.282905 0.540236 0.01 0.01
0 0.278967 0.529078 0.01 0.01
0 0.298657 0.545486 0.01 0.01
0 0.317035 0.539579 0.01 0.01
0 0.324911 0.528421 0.01 0.01
0 0.330818 0.527109 0.01 0.01
0 0.332131 0.517263 0.01 0.01
0 0.342632 0.526452 0.01 0.01
0 0.350508 0.512669 0.01 0.01
0 0.356415 0.498229 0.01 0.01
0 0.371511 0.515294 0.01 0.01
0 0.382669 0.525140 0.01 0.01
0 0.389889 0.523827 0.01 0.01
0 0.373480 0.525796 0.01 0.01
0 0.382669 0.509387 0.01 0.01
0 0.401703 0.512013 0.01 0.01
0 0.409579 0.512669 0.01 0.01
0 0.430583 0.500855 0.01 0.01
0 0.311128 0.524483 0.01 0.01
0 0.289468 0.519889 0.01 0.01
0 0.317691 0.509387 0.01 0.01
0 0.334100 0.504137 0.01 0.01
0 0.326880 0.506106 0.01 0.01
0 0.294063 0.505449 0.01 0.01
0 0.305877 0.509387 0.01 0.01
0 0.306533 0.496917 0.01 0.01
0 0.290124 0.495604 0.01 0.01
0 0.294719 0.491666 0.01 0.01
0 0.276997 0.509387 0.01 0.01
0 0.269121 0.519232 0.01 0.01
0 0.250744 0.520545 0.01 0.01
0 0.242867 0.511356 0.01 0.01
0 0.251400 0.506106 0.01 0.01
0 0.234991 0.495604 0.01 0.01
0 0.229084 0.496260 0.01 0.01
0 0.214645 0.501511 0.01 0.01
0 0.219239 0.510044 0.01 0.01
0 0.188391 0.503480 0.01 0.01
0 0.152948 0.517920 0.01 0.01
0 0.156230 0.512013 0.01 0.01
0 0.144416 0.514638 0.01 0.01
0 0.138508 0.529078 0.01 0.01
0 0.113567 0.540236 0.01 0.01
0 0.116849 0.557957 0.01 0.01
0 0.078125 0.563864 0.01 0.01
0 0.064341 0.554675 0.01 0.01
0 0.069592 0.572397 0.01 0.01
0 0.001988 0.584211 0.01 0.01
0 0.009208 0.517263 0.01 0.01
0 0.036118 0.516607 0.01 0.01
0 0.050558 0.512013 0.01 0.01
0 0.033493 0.529734 0.01 0.01
0 0.059090 0.533672 0.01 0.01
0 0.066967 0.542861 0.01 0.01
0 0.087313 0.510700 0.01 0.01
0 0.070248 0.512013 0.01 0.01
0 0.108973 0.519889 0.01 0.01
0 0.127351 0.513325 0.01 0.01
0 0.121443 0.502824 0.01 0.01
0 0.131289 0.500855 0.01 0.01
0 0.110942 0.507418 0.01 0.01
0 0.115536 0.499542 0.01 0.01
0 0.453555 0.505449 0.01 0.01
0 0.506719 0.482477 0.01 0.01
0 0.497530 0.475257 0.01 0.01
0 0.498843 0.477883 0.01 0.01
0 0.510657 0.479195 0.01 0.01
0 0.492279 0.469350 0.01 0.01
0 0.492279 0.483133 0.01 0.01
0 0.469963 0.475914 0.01 0.01
0 0.484403 0.449003 0.01 0.01
0 0.497530 0.448347 0.01 0.01
0 0.446991 0.433251 0.01 0.01
0 0.463400 0.461474 0.01 0.01
0 0.470620 0.464099 0.01 0.01
0 0.459462 0.461474 0.01 0.01
0 0.439115 0.452942 0.01 0.01
0 0.415487 0.447691 0.01 0.01
0 0.441084 0.460161 0.01 0.01
0 0.443709 0.466725 0.01 0.01
0 0.436490 0.468694 0.01 0.01
0 0.433864 0.464756 0.01 0.01
0 0.431895 0.463443 0.01 0.01
0 0.433208 0.460161 0.01 0.01
0 0.434521 0.453598 0.01 0.01
0 0.452242 0.466725 0.01 0.01
0 0.414830 0.465412 0.01 0.01
0 0.409579 0.471976 0.01 0.01
0 0.412861 0.473945 0.01 0.01
0 0.413518 0.471319 0.01 0.01
0 0.414830 0.471976 0.01 0.01
0 0.416143 0.468037 0.01 0.01
0 0.420737 0.465412 0.01 0.01
0 0.411549 0.466233 0.01 0.01
0 0.396781 0.474765 0.01 0.01
0 0.402688 0.470827 0.01 0.01
0 0.389233 0.468858 0.01 0.01
0 0.383982 0.465904 0.01 0.01
0 0.377090 0.463279 0.01 0.01
0 0.378731 0.468858 0.01 0.01
0 0.371840 0.473452 0.01 0.01
0 0.383326 0.479688 0.01 0.01
0 0.368558 0.500034 0.01 0.01
0 0.386279 0.501019 0.01 0.01
0 0.385295 0.496424 0.01 0.01
0 0.407939 0.496424 0.01 0.01
0 0.423691 0.478375 0.01 0.01
0 0.426316 0.466889 0.01 0.01
0 0.366589 0.473124 0.01 0.01
0 0.360025 0.468858 0.01 0.01
0 0.361666 0.470171 0.01 0.01
0 0.354118 0.468202 0.01 0.01
0 0.350508 0.469842 0.01 0.01
0 0.343945 0.469842 0.01 0.01
0 0.328849 0.476078 0.01 0.01
0 0.334100 0.466233 0.01 0.01
0 0.330162 0.464592 0.01 0.01
0 0.325567 0.464263 0.01 0.01
0 0.320645 0.470499 0.01 0.01
0 0.340991 0.469514 0.01 0.01
0 0.315066 0.465904 0.01 0.01
0 0.290781 0.473781 0.01 0.01
0 0.296360 0.466561 0.01 0.01
0 0.302267 0.468858 0.01 0.01
0 0.298001 0.475750 0.01 0.01
0 0.277326 0.472468 0.01 0.01
0 0.281592 0.468530 0.01 0.01
0 0.260589 0.476734 0.01 0.01
0 0.244508 0.465248 0.01 0.01
0 0.247790 0.473124 0.01 0.01
0 0.262886 0.490517 0.01 0.01
0 0.276997 0.498722 0.01 0.01
0 0.268465 0.476078 0.01 0.01
0 0.242211 0.479359 0.01 0.01
0 0.229084 0.488548 0.01 0.01
0 0.227443 0.479359 0.01 0.01
0 0.232366 0.473452 0.01 0.01
0 0.265511 0.469842 0.01 0.01
0 0.289140 0.480672 0.01 0.01
0 0.285530 0.469186 0.01 0.01
0 0.309487 0.467217 0.01 0.01
0 0.214830 0.471483 0.01 0.01
0 0.208267 0.466889 0.01 0.01
0 0.208923 0.471811 0.01 0.01
0 0.212861 0.478703 0.01 0.01
0 0.213846 0.488876 0.01 0.01
0 0.205313 0.497737 0.01 0.01
0 0.198750 0.485923 0.01 0.01
0 0.206298 0.482641 0.01 0.01
0 0.199078 0.475093 0.01 0.01
0 0.191858 0.472796 0.01 0.01
0 0.187264 0.467545 0.01 0.01
0 0.194812 0.466889 0.01 0.01
0 0.183982 0.478703 0.01 0.01
0 0.189889 0.478703 0.01 0.01
0 0.177747 0.490517 0.01 0.01
0 0.187264 0.491502 0.01 0.01
0 0.175121 0.502660 0.01 0.01
0 0.166261 0.506598 0.01 0.01
0 0.152149 0.503972 0.01 0.01
0 0.164292 0.492158 0.01 0.01
0 0.171511 0.472140 0.01 0.01
0 0.178403 0.469514 0.01 0.01
0 0.164620 0.466561 0.01 0.01
0 0.157400 0.470171 0.01 0.01
0 0.161994 0.478047 0.01 0.01
0 0.151821 0.482641 0.01 0.01
0 0.155431 0.490189 0.01 0.01
0 0.148539 0.490846 0.01 0.01
0 0.144273 0.499378 0.01 0.01
0 0.137710 0.502003 0.01 0.01
0 0.140007 0.492815 0.01 0.01
0 0.141319 0.487564 0.01 0.01
0 0.142960 0.473124 0.01 0.01
0 0.150508 0.473124 0.01 0.01
0 0.129833 0.476078 0.01 0.01
0 0.124254 0.479359 0.01 0.01
0 0.118019 0.477719 0.01 0.01
0 0.113753 0.468858 0.01 0.01
0 0.121301 0.467545 0.01 0.01
0 0.108174 0.465576 0.01 0.01
0 0.094062 0.489205 0.01 0.01
0 0.105549 0.487892 0.01 0.01
0 0.110471 0.481000 0.01 0.01
0 0.112112 0.474437 0.01 0.01
0 0.115722 0.485923 0.01 0.01
0 0.122614 0.494455 0.01 0.01
0 0.089796 0.471155 0.01 0.01
0 0.082248 0.472140 0.01 0.01
0 0.072075 0.465248 0.01 0.01
0 0.073059 0.474109 0.01 0.01
0 0.072731 0.499706 0.01 0.01
0 0.060917 0.502003 0.01 0.01
0 0.041555 0.503316 0.01 0.01
0 0.048775 0.480016 0.01 0.01
0 0.060917 0.468858 0.01 0.01
0 0.063871 0.476078 0.01 0.01
0 0.050744 0.472140 0.01 0.01
0 0.055010 0.469842 0.01 0.01
0 0.047790 0.464592 0.01 0.01
0 0.040570 0.469186 0.01 0.01
0 0.013988 0.468530 0.01 0.01
0 0.023833 0.462623 0.01 0.01
0 0.008737 0.476406 0.01 0.01
0 0.018583 0.486251 0.01 0.01
0 0.038601 0.491174 0.01 0.01
0 0.026459 0.479688 0.01 0.01
0 0.029084 0.474109 0.01 0.01
0 0.026459 0.501019 0.01 0.01
0 0.033022 0.501347 0.01 0.01
0 0.015629 0.508239 0.01 0.01
0 0.019567 0.526616 0.01 0.01
0 0.034663 0.458685 0.01 0.01
0 0.131474 0.470827 0.01 0.01
0 0.134100 0.485267 0.01 0.01
0 0.197765 0.545322 0.01 0.01
0 0.235177 0.552542 0.01 0.01
0 0.004072 0.495850 0.01 0.01
0 0.339635 0.480180 0.01 0.01
0 0.079722 0.481493 0.01 0.01
0 0.060032 0.488056 0.01 0.01
0 1.575615 0.487276 0.01 0.01
0 1.574017 0.503260 0.01 0.01
0 1.543647 0.496866 0.01 0.01
0 1.594796 0.468095 0.01 0.01
0 1.174417 0.525638 0.01 0.01
0 1.596395 0.528834 0.01 0.01
0 1.591599 0.571991 0.01 0.01
0 1.148842 0.522441 0.01 0.01
0 1.562828 0.500063 0.01 0.01
