0 0.377741 0.994437 0.01 0.01
0 0.676107 0.994437 0.01 0.01
0 0.434365 0.648158 0.01 0.01
0 0.260136 0.648158 0.01 0.01
0 1.390445 0.907323 0.01 0.01
0 1.427468 0.306234 0.01 0.01
0 1.344710 0.347614 0.01 0.01
0 1.281552 0.463040 0.01 0.01
0 1.216216 0.460862 0.01 0.01
0 1.501516 0.018757 0.01 0.01
0 1.305508 0.047069 0.01 0.01
0 1.288085 0.062314 0.01 0.01
0 1.203149 0.079737 0.01 0.01
0 1.183548 0.155962 0.01 0.01
0 1.148702 0.129828 0.01 0.01
0 1.100790 0.238721 0.01 0.01
0 1.059410 0.328013 0.01 0.01
0 0.874292 0.351969 0.01 0.01
0 0.898249 0.110227 0.01 0.01
0 0.826379 0.016579 0.01 0.01
0 0.771933 0.018757 0.01 0.01
0 0.484456 0.007868 0.01 0.01
0 0.728376 0.160318 0.01 0.01
0 0.645617 0.164673 0.01 0.01
0 0.708775 0.373748 0.01 0.01
0 0.551969 0.391171 0.01 0.01
0 0.471388 0.362859 0.01 0.01
0 0.469211 0.201697 0.01 0.01
0 0.390808 0.129828 0.01 0.01
0 0.382096 0.077559 0.01 0.01
0 0.262314 0.010045 0.01 0.01
0 0.281915 0.071025 0.01 0.01
0 0.277559 0.149428 0.01 0.01
0 0.332006 0.186452 0.01 0.01
0 0.262314 0.293167 0.01 0.01
0 0.242713 0.225653 0.01 0.01
0 0.181733 0.088448 0.01 0.01
0 0.149065 0.053603 0.01 0.01
0 0.112042 0.010045 0.01 0.01
0 0.033639 0.249610 0.01 0.01
0 0.035817 0.216942 0.01 0.01
0 0.048884 0.310590 0.01 0.01
0 0.122931 0.388993 0.01 0.01
0 0.079374 0.482641 0.01 0.01
0 0.496566 0.046064 0.01 0.01
0 0.568807 0.046733 0.01 0.01
0 0.629677 0.036700 0.01 0.01
0 0.628339 0.005931 0.01 0.01
0 1.487202 0.005931 0.01 0.01
