0 0.093383 0.762675 0.01 0.01
0 0.147377 0.707782 0.01 0.01
0 0.003395 0.698783 0.01 0.01
0 0.192371 0.503507 0.01 0.01
0 0.017793 0.357725 0.01 0.01
0 0.159075 0.292934 0.01 0.01
0 0.285059 0.301032 0.01 0.01
0 0.362450 0.386522 0.01 0.01
0 0.437140 0.411719 0.01 0.01
0 0.514531 0.510706 0.01 0.01
0 0.579323 0.226342 0.01 0.01
0 0.582922 0.282135 0.01 0.01
0 0.547827 0.301032 0.01 0.01
0 0.430841 0.221842 0.01 0.01
0 0.454238 0.202045 0.01 0.01
0 0.684610 0.345127 0.01 0.01
0 0.757500 0.192146 0.01 0.01
0 0.114531 0.096421 0.01 0.01
0 0.084835 0.010031 0.01 0.01
0 0.091134 0.011831 0.01 0.01
0 0.180223 0.073923 0.01 0.01
0 0.186522 0.010031 0.01 0.01
0 0.336803 0.010031 0.01 0.01
0 0.416893 0.036128 0.01 0.01
0 0.271111 0.170211 0.01 0.01
0 0.442990 0.107219 0.01 0.01
0 0.468187 0.018130 0.01 0.01
0 0.500583 0.001032 0.01 0.01
0 0.551876 0.153113 0.01 0.01
0 0.599570 0.136016 0.01 0.01
0 0.611269 0.094621 0.01 0.01
0 0.587872 0.075723 0.01 0.01
0 0.635566 0.036128 0.01 0.01
0 0.598670 0.012731 0.01 0.01
0 0.652664 0.002832 0.01 0.01
0 0.710256 0.075723 0.01 0.01
0 0.716556 0.021730 0.01 0.01
0 0.774148 0.016331 0.01 0.01
0 0.796646 0.034328 0.01 0.01
0 0.795746 0.008232 0.01 0.01
0 0.811944 0.006432 0.01 0.01
0 0.693158 0.109919 0.01 0.01
0 0.820943 0.184610 0.01 0.01
0 0.805644 0.270099 0.01 0.01
0 0.823642 0.338490 0.01 0.01
0 1.447264 0.400583 0.01 0.01
0 1.439165 0.332191 0.01 0.01
0 1.352776 0.303395 0.01 0.01
0 1.373473 0.260200 0.01 0.01
0 1.377073 0.226904 0.01 0.01
0 0.976623 0.534666 0.01 0.01
0 0.970324 0.454576 0.01 0.01
0 1.071111 0.413181 0.01 0.01
0 1.031516 0.328592 0.01 0.01
0 1.075611 0.275498 0.01 0.01
0 0.974823 0.223305 0.01 0.01
0 1.010819 0.209806 0.01 0.01
0 1.093608 0.208907 0.01 0.01
0 1.093608 0.242202 0.01 0.01
0 1.099008 0.076623 0.01 0.01
0 1.161100 0.123417 0.01 0.01
0 1.201595 0.121617 0.01 0.01
0 1.236691 0.146814 0.01 0.01
0 1.245689 0.104520 0.01 0.01
0 1.347377 0.127917 0.01 0.01
0 1.319480 0.011831 0.01 0.01
0 1.269986 0.005532 0.01 0.01
0 1.251989 0.009131 0.01 0.01
0 1.225892 0.009131 0.01 0.01
0 1.196196 0.022630 0.01 0.01
0 1.014418 0.038828 0.01 0.01
0 0.991021 0.031629 0.01 0.01
0 0.972124 0.019930 0.01 0.01
0 0.934328 0.005532 0.01 0.01
0 0.879435 0.005532 0.01 0.01
0 0.852439 0.021730 0.01 0.01
0 0.922630 0.082922 0.01 0.01
0 0.873136 0.111719 0.01 0.01
0 1.131404 0.052326 0.01 0.01
0 0.425892 0.746927 0.01 0.01
0 0.250747 0.052252 0.01 0.01
0 0.254426 0.100412 0.01 0.01
0 0.320646 0.164626 0.01 0.01
0 0.412620 0.115797 0.01 0.01
0 0.419643 0.010446 0.01 0.01
0 0.361115 0.003088 0.01 0.01
0 0.352085 0.037202 0.01 0.01
0 0.473824 0.148573 0.01 0.01
0 0.483523 0.191382 0.01 0.01
0 0.447402 0.249242 0.01 0.01
0 0.359442 0.105596 0.01 0.01
0 0.744058 0.131516 0.01 0.01
0 0.783857 0.092720 0.01 0.01
0 0.806600 0.098406 0.01 0.01
0 0.622653 0.141549 0.01 0.01
0 0.625998 0.079342 0.01 0.01
0 0.653757 0.065295 0.01 0.01
0 0.680847 0.062034 0.01 0.01
0 0.757436 0.051248 0.01 0.01
0 0.525663 0.103088 0.01 0.01
0 0.383690 0.002335 0.01 0.01
0 0.228840 0.027419 0.01 0.01
0 0.215295 0.002335 0.01 0.01
0 0.310947 0.034860 0.01 0.01
0 0.073489 0.178673 0.01 0.01
0 0.119309 0.193054 0.01 0.01
0 1.155095 0.012787 0.01 0.01
0 0.732018 0.278172 0.01 0.01
0 0.712620 0.476834 0.01 0.01
0 0.596232 0.372486 0.01 0.01
