0 0.554791 1.108801 0.01 0.01
0 0.237143 0.852117 0.01 0.01
0 0.198641 0.692758 0.01 0.01
0 0.165486 0.532331 0.01 0.01
0 0.278855 0.608266 0.01 0.01
0 0.708801 0.652117 0.01 0.01
0 0.745165 0.790085 0.01 0.01
0 0.963347 0.918427 0.01 0.01
0 1.115218 0.966555 0.01 0.01
0 1.289550 0.985807 0.01 0.01
0 1.200780 0.745165 0.01 0.01
0 1.457464 0.557999 0.01 0.01
0 1.200780 0.471368 0.01 0.01
0 1.122705 0.484202 0.01 0.01
0 1.285272 0.438213 0.01 0.01
0 1.357999 0.316288 0.01 0.01
0 0.810406 0.401849 0.01 0.01
0 0.867090 0.365486 0.01 0.01
0 0.961208 0.392224 0.01 0.01
0 1.022170 0.372972 0.01 0.01
0 0.747304 0.399710 0.01 0.01
0 0.704523 0.353721 0.01 0.01
0 0.734470 0.223240 0.01 0.01
0 0.706662 0.232865 0.01 0.01
0 0.917357 0.224309 0.01 0.01
0 1.118427 0.245700 0.01 0.01
0 1.190085 0.233935 0.01 0.01
0 1.329122 0.216823 0.01 0.01
0 0.514149 0.248908 0.01 0.01
0 0.467090 0.248908 0.01 0.01
0 0.392224 0.272438 0.01 0.01
0 0.339817 0.277785 0.01 0.01
0 0.185807 0.183668 0.01 0.01
0 0.197571 0.193293 0.01 0.01
0 0.152652 0.193293 0.01 0.01
0 0.109871 0.200780 0.01 0.01
0 0.089550 0.209336 0.01 0.01
0 0.070299 0.205058 0.01 0.01
0 0.409069 0.117090 0.01 0.01
0 0.548106 0.126181 0.01 0.01
0 0.582865 0.106930 0.01 0.01
0 0.610138 0.126181 0.01 0.01
0 0.640085 0.114416 0.01 0.01
0 0.676448 0.117090 0.01 0.01
0 0.678053 0.101047 0.01 0.01
0 0.702117 0.112277 0.01 0.01
0 0.717090 0.105325 0.01 0.01
0 0.701582 0.131529 0.01 0.01
0 0.737411 0.114951 0.01 0.01
0 0.748641 0.124577 0.01 0.01
0 0.764149 0.121903 0.01 0.01
0 0.763614 0.107464 0.01 0.01
0 0.789283 0.129389 0.01 0.01
0 0.806395 0.113347 0.01 0.01
0 0.790887 0.097304 0.01 0.01
0 0.830994 0.102652 0.01 0.01
0 0.827785 0.133668 0.01 0.01
0 0.851849 0.129389 0.01 0.01
0 0.862545 0.100512 0.01 0.01
0 0.897304 0.094095 0.01 0.01
0 0.912277 0.089283 0.01 0.01
0 0.906395 0.114951 0.01 0.01
0 0.981261 0.112277 0.01 0.01
0 1.007464 0.102652 0.01 0.01
0 1.051849 0.112812 0.01 0.01
0 0.572304 0.074443 0.01 0.01
0 0.591288 0.084069 0.01 0.01
0 0.607331 0.052518 0.01 0.01
0 0.612678 0.064817 0.01 0.01
0 0.628186 0.065085 0.01 0.01
0 0.645566 0.063213 0.01 0.01
0 0.620432 0.086208 0.01 0.01
0 0.678454 0.078186 0.01 0.01
0 0.674978 0.055192 0.01 0.01
0 0.712411 0.063480 0.01 0.01
0 0.750111 0.063480 0.01 0.01
0 0.805459 0.066154 0.01 0.01
0 0.822839 0.044764 0.01 0.01
0 0.684303 0.031027 0.01 0.01
0 1.014817 0.046635 0.01 0.01
0 1.010004 0.081662 0.01 0.01
0 1.034069 0.047705 0.01 0.01
0 1.061609 0.080325 0.01 0.01
0 1.088347 0.053855 0.01 0.01
0 1.108400 0.072037 0.01 0.01
0 1.099577 0.088079 0.01 0.01
0 1.086208 0.113213 0.01 0.01
0 1.170165 0.086742 0.01 0.01
0 1.168561 0.058935 0.01 0.01
0 1.215887 0.080593 0.01 0.01
0 1.264817 0.121234 0.01 0.01
0 1.279791 0.109202 0.01 0.01
0 1.301181 0.118026 0.01 0.01
0 1.310004 0.101983 0.01 0.01
0 1.308668 0.072037 0.01 0.01
0 1.270967 0.081662 0.01 0.01
0 1.329256 0.052785 0.01 0.01
0 1.350111 0.078454 0.01 0.01
0 1.361609 0.050646 0.01 0.01
0 1.036007 0.023574 0.01 0.01
0 0.994563 0.031863 0.01 0.01
0 0.982799 0.023173 0.01 0.01
0 1.082531 0.026916 0.01 0.01
0 1.109670 0.028253 0.01 0.01
0 1.136943 0.041488 0.01 0.01
0 0.974844 0.084069 0.01 0.01
0 1.291188 0.043126 0.01 0.01
0 1.326482 0.024142 0.01 0.01
0 1.348006 0.024008 0.01 0.01
0 1.323541 0.012712 0.01 0.01
0 1.378387 0.091555 0.01 0.01
0 1.393895 0.068293 0.01 0.01
0 1.413948 0.078186 0.01 0.01
0 1.422504 0.086475 0.01 0.01
0 1.440152 0.078186 0.01 0.01
0 1.493093 0.069363 0.01 0.01
0 1.521903 0.041756 0.01 0.01
0 1.482732 0.042023 0.01 0.01
0 1.533801 0.033066 0.01 0.01
0 1.545700 0.030125 0.01 0.01
0 1.557732 0.066355 0.01 0.01
0 1.580459 0.106194 0.01 0.01
0 1.582197 0.033066 0.01 0.01
0 1.257047 0.011291 0.01 0.01
0 0.142103 0.147997 0.01 0.01
0 0.150894 0.093652 0.01 0.01
0 0.167678 0.086459 0.01 0.01
0 0.060585 0.050495 0.01 0.01
0 0.078167 0.050495 0.01 0.01
0 0.088557 0.015330 0.01 0.01
0 0.173272 0.041704 0.01 0.01
0 0.202843 0.032113 0.01 0.01
0 0.215630 0.033712 0.01 0.01
0 0.308337 0.103242 0.01 0.01
0 0.372273 0.005740 0.01 0.01
0 0.389056 0.008936 0.01 0.01
0 0.663981 0.008137 0.01 0.01
0 0.699146 0.008137 0.01 0.01
0 1.573871 0.258986 0.01 0.01
0 0.953292 0.062483 0.01 0.01
0 0.922123 0.056089 0.01 0.01
0 0.931714 0.047298 0.01 0.01
0 0.903742 0.039306 0.01 0.01
0 0.828617 0.026519 0.01 0.01
0 0.839806 0.008137 0.01 0.01
0 0.862982 0.005740 0.01 0.01
0 0.874171 0.005740 0.01 0.01
0 0.895750 0.008137 0.01 0.01
0 0.924521 0.008936 0.01 0.01
0 0.913332 0.011334 0.01 0.01
0 0.944501 0.022523 0.01 0.01
0 0.946099 0.005740 0.01 0.01
0 0.974870 0.004141 0.01 0.01
0 0.996449 0.005740 0.01 0.01
0 1.009236 0.005740 0.01 0.01
0 1.025220 0.006539 0.01 0.01
0 1.046799 0.008137 0.01 0.01
0 1.078767 0.020125 0.01 0.01
0 1.151494 0.008936 0.01 0.01
0 1.160285 0.020924 0.01 0.01
0 1.180265 0.022523 0.01 0.01
0 1.205840 0.011334 0.01 0.01
0 1.223422 0.008936 0.01 0.01
0 1.386459 0.011334 0.01 0.01
0 1.424021 0.016928 0.01 0.01
0 1.440805 0.005740 0.01 0.01
0 1.351294 0.005740 0.01 0.01
0 1.332912 0.003342 0.01 0.01
0 1.493552 0.008137 0.01 0.01
0 1.595849 0.060085 0.01 0.01
0 1.591054 0.041704 0.01 0.01
0 1.591853 0.009736 0.01 0.01
0 1.558287 0.004141 0.01 0.01
0 0.138707 0.049493 0.01 0.01
0 0.126332 0.032937 0.01 0.01
0 0.029677 0.013372 0.01 0.01
0 0.218640 0.020396 0.01 0.01
0 0.299911 0.050747 0.01 0.01
