0 1.496708 0.664083 0.01 0.01
0 1.437226 0.696528 0.01 0.01
0 1.439544 0.662538 0.01 0.01
0 1.377744 0.688803 0.01 0.01
0 1.354570 0.697300 0.01 0.01
0 1.288908 0.700390 0.01 0.01
0 1.323670 0.667946 0.01 0.01
0 1.395512 0.632411 0.01 0.01
0 1.442633 0.641681 0.01 0.01
0 1.374654 0.579882 0.01 0.01
0 1.482030 0.555935 0.01 0.01
0 1.447268 0.542030 0.01 0.01
0 1.468898 0.531987 0.01 0.01
0 1.486665 0.497225 0.01 0.01
0 1.509840 0.643998 0.01 0.01
0 1.353797 0.613871 0.01 0.01
0 1.339892 0.569067 0.01 0.01
0 1.311310 0.586062 0.01 0.01
0 1.275003 0.613871 0.01 0.01
0 1.202389 0.645543 0.01 0.01
0 1.224019 0.684168 0.01 0.01
0 1.171490 0.674898 0.01 0.01
0 1.232516 0.609236 0.01 0.01
0 1.207024 0.617734 0.01 0.01
0 1.186167 0.595332 0.01 0.01
0 1.258008 0.580654 0.01 0.01
0 1.281956 0.552072 0.01 0.01
0 1.326760 0.523490 0.01 0.01
0 1.264188 0.532760 0.01 0.01
0 1.326760 0.497998 0.01 0.01
0 1.400147 0.516538 0.01 0.01
0 1.393967 0.552845 0.01 0.01
0 1.421004 0.492590 0.01 0.01
0 1.424094 0.447786 0.01 0.01
0 1.485893 0.474051 0.01 0.01
0 1.458083 0.460146 0.01 0.01
0 1.491300 0.426156 0.01 0.01
0 1.480485 0.406844 0.01 0.01
0 1.441861 0.417659 0.01 0.01
0 1.424866 0.428474 0.01 0.01
0 1.271141 0.477141 0.01 0.01
0 1.460401 0.362812 0.01 0.01
0 1.417141 0.389849 0.01 0.01
0 1.334485 0.386759 0.01 0.01
0 1.378517 0.372855 0.01 0.01
0 1.378517 0.428474 0.01 0.01
0 1.393194 0.416114 0.01 0.01
0 1.361522 0.457056 0.01 0.01
0 1.346845 0.471733 0.01 0.01
0 1.290453 0.417659 0.01 0.01
0 1.277321 0.409934 0.01 0.01
0 1.241014 0.362040 0.01 0.01
0 1.222474 0.400664 0.01 0.01
0 1.258781 0.462463 0.01 0.01
0 1.232516 0.450104 0.01 0.01
0 1.206252 0.506495 0.01 0.01
0 1.188484 0.476368 0.01 0.01
0 1.173035 0.476368 0.01 0.01
0 1.151405 0.487956 0.01 0.01
0 1.145225 0.501088 0.01 0.01
0 1.186167 0.546665 0.01 0.01
0 1.237151 0.557480 0.01 0.01
0 1.126685 0.660221 0.01 0.01
0 1.156040 0.617734 0.01 0.01
0 1.150632 0.587993 0.01 0.01
0 1.145225 0.547437 0.01 0.01
0 1.122050 0.556321 0.01 0.01
0 1.081494 0.548982 0.01 0.01
0 1.026261 0.578723 0.01 0.01
0 1.005018 0.590310 0.01 0.01
0 1.032828 0.558252 0.01 0.01
0 1.026648 0.517696 0.01 0.01
0 1.057161 0.598035 0.01 0.01
0 1.097331 0.603829 0.01 0.01
0 0.877943 0.626578 0.01 0.01
0 0.823097 0.621943 0.01 0.01
0 0.794515 0.617308 0.01 0.01
0 0.837774 0.530016 0.01 0.01
0 0.866356 0.547784 0.01 0.01
0 0.896483 0.513794 0.01 0.01
0 0.967552 0.515339 0.01 0.01
0 0.966007 0.565551 0.01 0.01
0 0.932018 0.593361 0.01 0.01
0 0.881033 0.594133 0.01 0.01
0 1.007722 0.669065 0.01 0.01
0 1.054071 0.466672 0.01 0.01
0 1.074928 0.455085 0.01 0.01
0 1.107373 0.454312 0.01 0.01
0 1.092696 0.407963 0.01 0.01
0 1.169945 0.421868 0.01 0.01
0 1.153722 0.451995 0.01 0.01
0 1.013129 0.465900 0.01 0.01
0 1.024716 0.490619 0.01 0.01
0 0.987637 0.485212 0.01 0.01
0 0.979140 0.462037 0.01 0.01
0 0.961372 0.465900 0.01 0.01
0 0.989182 0.420323 0.01 0.01
0 1.024716 0.416460 0.01 0.01
0 1.060251 0.404873 0.01 0.01
0 0.995362 0.395603 0.01 0.01
0 0.950557 0.410280 0.01 0.01
0 0.901118 0.411053 0.01 0.01
0 0.892621 0.458175 0.01 0.01
0 0.934335 0.441180 0.01 0.01
0 0.926610 0.469762 0.01 0.01
0 0.833912 0.508387 0.01 0.01
0 0.818462 0.493709 0.01 0.01
0 0.830822 0.462037 0.01 0.01
0 0.807647 0.431138 0.01 0.01
0 0.769795 0.503752 0.01 0.01
0 0.771340 0.557054 0.01 0.01
0 0.772112 0.578683 0.01 0.01
0 0.772112 0.624260 0.01 0.01
0 0.871764 0.380926 0.01 0.01
0 0.807647 0.412598 0.01 0.01
0 0.912705 0.388651 0.01 0.01
0 0.962917 0.370111 0.01 0.01
0 1.043256 0.385561 0.01 0.01
0 1.114325 0.419550 0.01 0.01
0 1.196982 0.381698 0.01 0.01
0 1.078018 0.681078 0.01 0.01
0 1.091923 0.664083 0.01 0.01
0 0.843181 0.679533 0.01 0.01
0 0.792197 0.688030 0.01 0.01
0 0.943605 0.671808 0.01 0.01
0 0.922748 0.686485 0.01 0.01
0 0.956737 0.653268 0.01 0.01
0 0.859017 0.424998 0.01 0.01
0 0.769022 0.399505 0.01 0.01
0 0.738123 0.417273 0.01 0.01
0 0.716879 0.415728 0.01 0.01
0 0.762842 0.456283 0.01 0.01
0 0.756276 0.472119 0.01 0.01
0 0.733488 0.505723 0.01 0.01
0 0.685980 0.471733 0.01 0.01
0 0.726149 0.448559 0.01 0.01
0 0.687138 0.528897 0.01 0.01
0 0.671689 0.417659 0.01 0.01
0 0.650831 0.433109 0.01 0.01
0 0.654694 0.393712 0.01 0.01
0 0.637699 0.406844 0.01 0.01
0 0.576672 0.395257 0.01 0.01
0 0.533413 0.440834 0.01 0.01
0 0.595985 0.437744 0.01 0.01
0 0.605255 0.457056 0.01 0.01
0 0.625339 0.477913 0.01 0.01
0 0.585942 0.513448 0.01 0.01
0 0.590577 0.534305 0.01 0.01
0 0.656239 0.531215 0.01 0.01
0 0.699498 0.567522 0.01 0.01
0 0.537275 0.577564 0.01 0.01
0 0.561995 0.561342 0.01 0.01
0 0.584397 0.571384 0.01 0.01
0 0.534185 0.535077 0.01 0.01
0 0.534958 0.503405 0.01 0.01
0 0.568948 0.484866 0.01 0.01
0 0.568948 0.453966 0.01 0.01
0 0.594440 0.618506 0.01 0.01
0 0.571265 0.362812 0.01 0.01
0 0.601392 0.343500 0.01 0.01
0 0.657011 0.336548 0.01 0.01
0 0.685593 0.324188 0.01 0.01
0 0.795287 0.362812 0.01 0.01
0 0.828504 0.351225 0.01 0.01
0 0.806102 0.338093 0.01 0.01
0 0.741985 0.324188 0.01 0.01
0 0.754345 0.343500 0.01 0.01
0 0.741213 0.363585 0.01 0.01
0 0.717266 0.365902 0.01 0.01
0 0.716493 0.394484 0.01 0.01
0 0.548477 0.376331 0.01 0.01
0 0.543455 0.329595 0.01 0.01
0 0.665509 0.357791 0.01 0.01
0 0.520667 0.398347 0.01 0.01
0 0.511011 0.415341 0.01 0.01
0 0.040564 0.699618 0.01 0.01
0 0.059104 0.648633 0.01 0.01
0 0.007347 0.643998 0.01 0.01
0 0.112406 0.689575 0.01 0.01
0 0.123221 0.657131 0.01 0.01
0 0.164163 0.645543 0.01 0.01
0 0.200470 0.634729 0.01 0.01
0 0.198152 0.602284 0.01 0.01
0 0.257634 0.607691 0.01 0.01
0 0.279264 0.630094 0.01 0.01
0 0.345698 0.620824 0.01 0.01
0 0.171888 0.538940 0.01 0.01
0 0.188883 0.519628 0.01 0.01
0 0.195835 0.508040 0.01 0.01
0 0.241412 0.461691 0.01 0.01
0 0.493244 0.552072 0.01 0.01
0 0.464661 0.630094 0.01 0.01
0 0.500196 0.673353 0.01 0.01
0 0.576672 0.652496 0.01 0.01
0 0.697181 0.682623 0.01 0.01
0 0.734260 0.688030 0.01 0.01
0 0.511011 0.654813 0.01 0.01
0 0.723059 0.614857 0.01 0.01
0 0.543455 0.636487 0.01 0.01
0 0.144851 0.572929 0.01 0.01
0 0.047517 0.522718 0.01 0.01
0 0.043654 0.564432 0.01 0.01
0 0.052152 0.586834 0.01 0.01
0 0.106226 0.486411 0.01 0.01
0 0.163583 0.491432 0.01 0.01
0 0.141181 0.522331 0.01 0.01
0 0.121483 0.549755 0.01 0.01
0 0.287568 0.432336 0.01 0.01
0 0.313833 0.427701 0.01 0.01
0 0.280229 0.456670 0.01 0.01
0 0.359023 0.511903 0.01 0.01
0 0.270960 0.548596 0.01 0.01
0 0.321558 0.572543 0.01 0.01
0 0.212250 0.422680 0.01 0.01
0 0.230018 0.419976 0.01 0.01
0 0.370611 0.427701 0.01 0.01
0 0.104102 0.458601 0.01 0.01
0 0.021832 0.537395 0.01 0.01
0 0.391275 0.576019 0.01 0.01
0 0.409815 0.555935 0.01 0.01
0 0.422174 0.511130 0.01 0.01
0 0.602937 0.561728 0.01 0.01
0 0.634609 0.538554 0.01 0.01
0 0.673620 0.496453 0.01 0.01
0 0.487064 0.481003 0.01 0.01
0 0.495561 0.502247 0.01 0.01
0 0.478566 0.529670 0.01 0.01
0 0.403248 0.404140 0.01 0.01
0 0.476635 0.398733 0.01 0.01
0 0.486677 0.440061 0.01 0.01
0 0.475090 0.465553 0.01 0.01
0 0.429513 0.471347 0.01 0.01
0 0.376984 0.469030 0.01 0.01
0 0.224610 0.124206 0.01 0.01
0 0.268256 0.118413 0.01 0.01
0 0.251647 0.110302 0.01 0.01
0 0.233880 0.154334 0.01 0.01
0 0.179806 0.172487 0.01 0.01
0 0.172081 0.143519 0.01 0.01
0 0.118779 0.124979 0.01 0.01
0 0.097922 0.155106 0.01 0.01
0 0.050800 0.105280 0.01 0.01
0 0.031488 0.082106 0.01 0.01
0 0.032260 0.112233 0.01 0.01
0 0.011789 0.117254 0.01 0.01
0 0.009858 0.159355 0.01 0.01
0 0.047710 0.100645 0.01 0.01
0 0.356706 0.087899 0.01 0.01
0 0.361727 0.105280 0.01 0.01
0 0.321171 0.124979 0.01 0.01
0 0.332759 0.089444 0.01 0.01
0 0.307653 0.090603 0.01 0.01
0 0.286409 0.080174 0.01 0.01
0 0.309584 0.114164 0.01 0.01
0 0.303790 0.122661 0.01 0.01
0 0.300314 0.129228 0.01 0.01
0 0.248171 0.126138 0.01 0.01
0 0.240446 0.110302 0.01 0.01
0 0.249330 0.104122 0.01 0.01
0 0.269801 0.089444 0.01 0.01
0 0.145430 0.134635 0.01 0.01
0 0.112599 0.135794 0.01 0.01
0 0.109895 0.057000 0.01 0.01
0 0.033419 0.033439 0.01 0.01
0 0.043461 0.023396 0.01 0.01
0 0.008313 0.022624 0.01 0.01
0 0.204912 0.046957 0.01 0.01
0 0.190234 0.063566 0.01 0.01
0 0.241219 0.083264 0.01 0.01
0 0.276367 0.040391 0.01 0.01
0 0.258213 0.038074 0.01 0.01
0 0.243150 0.034984 0.01 0.01
0 0.125249 0.052065 0.01 0.01
0 0.157500 0.012089 0.01 0.01
0 0.096280 0.077171 0.01 0.01
0 0.079092 0.083544 0.01 0.01
0 0.121000 0.025028 0.01 0.01
0 0.074071 0.031015 0.01 0.01
0 0.082569 0.008806 0.01 0.01
0 0.091645 0.049941 0.01 0.01
0 0.086914 0.413370 0.01 0.01
0 0.009665 0.460492 0.01 0.01
0 0.008120 0.510704 0.01 0.01
0 0.022025 0.439635 0.01 0.01
0 0.078416 0.368566 0.01 0.01
0 0.049834 0.353116 0.01 0.01
0 0.019707 0.325307 0.01 0.01
0 0.034385 0.343074 0.01 0.01
0 0.143306 0.344619 0.01 0.01
0 0.106999 0.356206 0.01 0.01
0 0.151803 0.426503 0.01 0.01
0 0.196607 0.411053 0.01 0.01
0 0.157983 0.468217 0.01 0.01
0 0.058332 0.411825 0.01 0.01
0 0.188883 0.322989 0.01 0.01
0 0.167253 0.352344 0.01 0.01
0 0.177295 0.369339 0.01 0.01
0 0.198925 0.356206 0.01 0.01
0 0.222872 0.339211 0.01 0.01
0 0.236004 0.330714 0.01 0.01
0 0.219782 0.311402 0.01 0.01
0 0.278491 0.368566 0.01 0.01
0 0.249909 0.404101 0.01 0.01
0 0.294714 0.402556 0.01 0.01
0 0.382777 0.378608 0.01 0.01
0 0.337201 0.336894 0.01 0.01
0 0.290851 0.329169 0.01 0.01
0 0.305528 0.310629 0.01 0.01
0 0.334111 0.311402 0.01 0.01
0 0.387412 0.308312 0.01 0.01
0 0.406725 0.295180 0.01 0.01
0 0.375053 0.286682 0.01 0.01
0 0.388185 0.285910 0.01 0.01
0 0.401317 0.277412 0.01 0.01
0 0.388185 0.262735 0.01 0.01
0 0.394365 0.241878 0.01 0.01
0 0.446122 0.255010 0.01 0.01
0 0.538048 0.270460 0.01 0.01
0 0.520281 0.291317 0.01 0.01
0 0.502513 0.286682 0.01 0.01
0 0.487064 0.299814 0.01 0.01
0 0.485519 0.333032 0.01 0.01
0 0.426809 0.370884 0.01 0.01
0 0.060649 0.278957 0.01 0.01
0 0.122448 0.335349 0.01 0.01
0 0.096763 0.394058 0.01 0.01
0 0.243150 0.294021 0.01 0.01
0 0.137319 0.290931 0.01 0.01
0 0.098694 0.279730 0.01 0.01
0 0.099081 0.265052 0.01 0.01
0 0.118779 0.259259 0.01 0.01
0 0.238901 0.246126 0.01 0.01
0 0.286409 0.266984 0.01 0.01
0 0.316150 0.262735 0.01 0.01
0 0.313060 0.234539 0.01 0.01
0 0.033419 0.373587 0.01 0.01
0 0.005609 0.393672 0.01 0.01
0 0.022990 0.298269 0.01 0.01
0 0.051186 0.251920 0.01 0.01
0 0.087879 0.238402 0.01 0.01
0 0.102943 0.243809 0.01 0.01
0 0.170150 0.214841 0.01 0.01
0 0.175557 0.203639 0.01 0.01
0 0.136160 0.191666 0.01 0.01
0 0.121097 0.206729 0.01 0.01
0 0.314991 0.195915 0.01 0.01
0 0.334690 0.215227 0.01 0.01
0 0.370224 0.230677 0.01 0.01
0 0.360182 0.213296 0.01 0.01
0 0.261690 0.226042 0.01 0.01
0 0.272505 0.231063 0.01 0.01
0 0.251647 0.215613 0.01 0.01
0 0.256282 0.184713 0.01 0.01
0 0.280229 0.197460 0.01 0.01
0 0.270187 0.166946 0.01 0.01
0 0.187917 0.251534 0.01 0.01
0 0.196414 0.236857 0.01 0.01
0 0.067795 0.176989 0.01 0.01
0 0.050800 0.166946 0.01 0.01
0 0.037668 0.160766 0.01 0.01
0 0.199504 0.109782 0.01 0.01
0 0.221906 0.102057 0.01 0.01
0 0.226155 0.114803 0.01 0.01
0 0.201822 0.162311 0.01 0.01
0 0.338552 0.116734 0.01 0.01
0 0.287568 0.107078 0.01 0.01
0 0.284478 0.093946 0.01 0.01
0 0.291431 0.088538 0.01 0.01
0 0.296452 0.080041 0.01 0.01
0 0.320592 0.076372 0.01 0.01
0 0.334883 0.061694 0.01 0.01
0 0.399193 0.096457 0.01 0.01
0 0.118103 0.183555 0.01 0.01
0 0.146299 0.208854 0.01 0.01
0 0.144175 0.229711 0.01 0.01
0 0.014203 0.210206 0.01 0.01
0 0.872536 0.315264 0.01 0.01
0 0.813827 0.278957 0.01 0.01
0 0.774430 0.289772 0.01 0.01
0 0.796832 0.282047 0.01 0.01
0 0.772112 0.268142 0.01 0.01
0 0.777520 0.242650 0.01 0.01
0 0.802239 0.238015 0.01 0.01
0 0.817689 0.224883 0.01 0.01
0 0.861721 0.217931 0.01 0.01
0 0.850134 0.247285 0.01 0.01
0 0.856314 0.237243 0.01 0.01
0 0.861721 0.265052 0.01 0.01
0 0.920430 0.308312 0.01 0.01
0 0.933563 0.270460 0.01 0.01
0 0.943605 0.267370 0.01 0.01
0 0.962145 0.278185 0.01 0.01
0 1.002314 0.303677 0.01 0.01
0 1.012357 0.309084 0.01 0.01
0 1.004632 0.333032 0.01 0.01
0 0.988409 0.329169 0.01 0.01
0 0.962145 0.344619 0.01 0.01
0 0.921975 0.357751 0.01 0.01
0 0.942060 0.325307 0.01 0.01
0 1.304358 0.324534 0.01 0.01
0 1.329077 0.333032 0.01 0.01
0 1.329077 0.307539 0.01 0.01
0 1.385469 0.339984 0.01 0.01
0 1.346845 0.349254 0.01 0.01
0 1.473533 0.347709 0.01 0.01
0 1.465036 0.325307 0.01 0.01
0 1.410961 0.334576 0.01 0.01
0 1.404781 0.310629 0.01 0.01
0 1.382379 0.318354 0.01 0.01
0 1.414824 0.295180 0.01 0.01
0 1.377744 0.266597 0.01 0.01
0 1.356887 0.266597 0.01 0.01
0 1.413279 0.282047 0.01 0.01
0 1.466581 0.247285 0.01 0.01
0 1.465036 0.217158 0.01 0.01
0 1.512158 0.309084 0.01 0.01
0 1.511385 0.340756 0.01 0.01
0 1.458083 0.301359 0.01 0.01
0 1.411734 0.201708 0.01 0.01
0 1.490528 0.208661 0.01 0.01
0 1.347617 0.236470 0.01 0.01
0 1.330622 0.235698 0.01 0.01
0 1.325215 0.251920 0.01 0.01
0 1.335257 0.284365 0.01 0.01
0 1.280411 0.311402 0.01 0.01
0 1.285818 0.295180 0.01 0.01
0 1.244876 0.288227 0.01 0.01
0 1.234834 0.328397 0.01 0.01
0 1.253373 0.240333 0.01 0.01
0 1.163765 0.246513 0.01 0.01
0 1.150632 0.251920 0.01 0.01
0 1.102738 0.258872 0.01 0.01
0 1.200844 0.299042 0.01 0.01
0 1.215521 0.284365 0.01 0.01
0 1.176124 0.287455 0.01 0.01
0 1.152950 0.289772 0.01 0.01
0 1.118188 0.264280 0.01 0.01
0 1.086516 0.271232 0.01 0.01
0 1.095013 0.367021 0.01 0.01
0 1.044801 0.360841 0.01 0.01
0 1.059479 0.305994 0.01 0.01
0 1.049436 0.278185 0.01 0.01
0 0.983775 0.258872 0.01 0.01
0 0.970642 0.259645 0.01 0.01
0 1.018537 0.229518 0.01 0.01
0 1.048664 0.218703 0.01 0.01
0 1.067976 0.214841 0.01 0.01
0 1.089606 0.211751 0.01 0.01
0 1.097331 0.230290 0.01 0.01
0 1.061024 0.246513 0.01 0.01
0 1.025489 0.255010 0.01 0.01
0 1.037076 0.262735 0.01 0.01
0 1.012357 0.254238 0.01 0.01
0 0.911933 0.294407 0.01 0.01
0 0.902663 0.250375 0.01 0.01
0 0.898028 0.213296 0.01 0.01
0 0.944378 0.210206 0.01 0.01
0 0.952875 0.190893 0.01 0.01
0 0.949012 0.238015 0.01 0.01
0 0.894166 0.234925 0.01 0.01
0 0.820007 0.204798 0.01 0.01
0 0.857086 0.200163 0.01 0.01
0 0.872536 0.202481 0.01 0.01
0 1.199299 0.335349 0.01 0.01
0 1.187712 0.346936 0.01 0.01
0 1.138272 0.205571 0.01 0.01
0 1.124368 0.234153 0.01 0.01
0 1.108918 0.247285 0.01 0.01
0 1.098103 0.343460 0.01 0.01
0 1.139817 0.312947 0.01 0.01
0 1.134410 0.300973 0.01 0.01
0 1.147156 0.324148 0.01 0.01
0 1.185781 0.321830 0.01 0.01
0 1.123209 0.367407 0.01 0.01
0 1.157198 0.390582 0.01 0.01
0 0.894552 0.313333 0.01 0.01
0 0.723445 0.295180 0.01 0.01
0 0.705292 0.290545 0.01 0.01
0 0.674779 0.305608 0.01 0.01
0 0.676324 0.287841 0.01 0.01
0 0.685980 0.267756 0.01 0.01
0 0.694477 0.256555 0.01 0.01
0 0.685207 0.239174 0.01 0.01
0 0.713017 0.265052 0.01 0.01
0 0.735033 0.260804 0.01 0.01
0 0.742758 0.273164 0.01 0.01
0 0.759752 0.280502 0.01 0.01
0 0.825028 0.316423 0.01 0.01
0 0.852838 0.333804 0.01 0.01
0 0.877171 0.275867 0.01 0.01
0 0.757049 0.403714 0.01 0.01
0 0.889531 0.335735 0.01 0.01
0 0.972187 0.315650 0.01 0.01
0 0.898028 0.187803 0.01 0.01
0 0.866742 0.182782 0.01 0.01
0 0.855541 0.166946 0.01 0.01
0 0.864811 0.160380 0.01 0.01
0 0.892234 0.134115 0.01 0.01
0 0.920044 0.139137 0.01 0.01
0 0.919272 0.163084 0.01 0.01
0 0.939356 0.164242 0.01 0.01
0 0.933176 0.175057 0.01 0.01
0 0.983388 0.164242 0.01 0.01
0 0.979912 0.171967 0.01 0.01
0 1.025103 0.188576 0.01 0.01
0 1.006177 0.200163 0.01 0.01
0 0.993431 0.201708 0.01 0.01
0 0.985706 0.206729 0.01 0.01
0 0.990727 0.236857 0.01 0.01
0 1.050209 0.201322 0.01 0.01
0 1.061024 0.192825 0.01 0.01
0 1.108145 0.205571 0.01 0.01
0 1.095786 0.196687 0.01 0.01
0 1.096558 0.181237 0.01 0.01
0 1.063727 0.170036 0.01 0.01
0 1.094241 0.165787 0.01 0.01
0 1.082653 0.150724 0.01 0.01
0 1.117415 0.141840 0.01 0.01
0 1.107759 0.146475 0.01 0.01
0 1.102352 0.133343 0.01 0.01
0 1.109690 0.123301 0.01 0.01
0 1.106987 0.116348 0.01 0.01
0 1.091923 0.114417 0.01 0.01
0 1.124754 0.122528 0.01 0.01
0 1.127458 0.134115 0.01 0.01
0 1.134024 0.169264 0.01 0.01
0 1.134024 0.184713 0.01 0.01
0 1.176124 0.185872 0.01 0.01
0 1.193506 0.174671 0.01 0.01
0 1.188871 0.162311 0.01 0.01
0 1.186167 0.133729 0.01 0.01
0 1.181146 0.121369 0.01 0.01
0 1.179987 0.102830 0.01 0.01
0 1.162992 0.109782 0.01 0.01
0 1.149860 0.103216 0.01 0.01
0 1.194278 0.252306 0.01 0.01
0 1.196209 0.264666 0.01 0.01
0 1.067203 0.266984 0.01 0.01
0 0.937425 0.225269 0.01 0.01
0 0.936266 0.132184 0.01 0.01
0 0.954806 0.133343 0.01 0.01
0 0.942446 0.142999 0.01 0.01
0 0.970642 0.119052 0.01 0.01
0 0.977981 0.111327 0.01 0.01
0 0.984161 0.104375 0.01 0.01
0 1.007722 0.121369 0.01 0.01
0 0.996134 0.146861 0.01 0.01
0 1.017378 0.144930 0.01 0.01
0 1.037076 0.149951 0.01 0.01
0 0.981457 0.186645 0.01 0.01
0 0.983388 0.129480 0.01 0.01
0 0.995748 0.135274 0.01 0.01
0 0.999611 0.116734 0.01 0.01
0 1.011584 0.109782 0.01 0.01
0 1.032828 0.130253 0.01 0.01
0 1.030896 0.121369 0.01 0.01
0 0.833525 0.142613 0.01 0.01
0 0.849748 0.144544 0.01 0.01
0 0.837774 0.130639 0.01 0.01
0 0.840864 0.114417 0.01 0.01
0 0.831594 0.112099 0.01 0.01
0 0.898801 0.121756 0.01 0.01
0 0.900732 0.116734 0.01 0.01
0 0.925838 0.110168 0.01 0.01
0 1.196595 0.217931 0.01 0.01
0 1.193506 0.231835 0.01 0.01
0 1.079177 0.251534 0.01 0.01
0 0.945150 0.115962 0.01 0.01
0 1.497673 0.172354 0.01 0.01
0 1.482996 0.189735 0.01 0.01
0 1.471409 0.178920 0.01 0.01
0 1.474112 0.134115 0.01 0.01
0 1.494583 0.143772 0.01 0.01
0 1.368668 0.180851 0.01 0.01
0 1.333133 0.199391 0.01 0.01
0 1.332747 0.182010 0.01 0.01
0 1.355149 0.161539 0.01 0.01
0 1.295667 0.138750 0.01 0.01
0 1.304937 0.132570 0.01 0.01
0 1.280604 0.145316 0.01 0.01
0 1.253180 0.139523 0.01 0.01
0 1.240434 0.142227 0.01 0.01
0 1.266313 0.129480 0.01 0.01
0 1.270561 0.119052 0.01 0.01
0 1.260133 0.112099 0.01 0.01
0 1.234254 0.112872 0.01 0.01
0 1.226143 0.121756 0.01 0.01
0 1.235413 0.127935 0.01 0.01
0 1.211852 0.132184 0.01 0.01
0 1.217646 0.144930 0.01 0.01
0 1.203355 0.154200 0.01 0.01
0 1.220350 0.168105 0.01 0.01
0 1.248932 0.199777 0.01 0.01
0 1.258588 0.187031 0.01 0.01
0 1.274424 0.203253 0.01 0.01
0 1.299916 0.192052 0.01 0.01
0 1.301461 0.219476 0.01 0.01
0 1.298757 0.206343 0.01 0.01
0 1.236958 0.228359 0.01 0.01
0 1.274038 0.224110 0.01 0.01
0 1.265926 0.242650 0.01 0.01
0 1.204513 0.196301 0.01 0.01
0 1.234641 0.195915 0.01 0.01
0 1.174000 0.151110 0.01 0.01
0 1.199492 0.114031 0.01 0.01
0 1.214942 0.112872 0.01 0.01
0 1.225757 0.094332 0.01 0.01
0 1.231551 0.102443 0.01 0.01
0 1.201037 0.097036 0.01 0.01
0 1.183270 0.092787 0.01 0.01
0 1.172841 0.086994 0.01 0.01
0 1.151984 0.178147 0.01 0.01
0 1.155074 0.161153 0.01 0.01
0 1.439350 0.135274 0.01 0.01
0 1.425059 0.149565 0.01 0.01
0 1.430081 0.167719 0.01 0.01
0 1.409223 0.131798 0.01 0.01
0 1.389911 0.126390 0.01 0.01
0 1.399953 0.147248 0.01 0.01
0 1.406133 0.174671 0.01 0.01
0 1.397636 0.166946 0.01 0.01
0 1.348583 0.102830 0.01 0.01
0 1.348583 0.102830 0.01 0.01
0 1.374075 0.115576 0.01 0.01
0 1.336995 0.131025 0.01 0.01
0 1.301461 0.122528 0.01 0.01
0 1.286397 0.097036 0.01 0.01
0 1.265540 0.092015 0.01 0.01
0 1.231551 0.084676 0.01 0.01
0 1.161254 0.097422 0.01 0.01
0 1.434329 0.099740 0.01 0.01
0 1.445144 0.109009 0.01 0.01
0 1.430467 0.122528 0.01 0.01
0 1.281762 0.166174 0.01 0.01
0 1.259360 0.168105 0.01 0.01
0 1.318456 0.165401 0.01 0.01
0 1.327339 0.158063 0.01 0.01
0 1.316138 0.149179 0.01 0.01
0 1.303392 0.166560 0.01 0.01
0 1.300302 0.178920 0.01 0.01
0 1.331974 0.214841 0.01 0.01
0 1.352059 0.219476 0.01 0.01
0 1.285625 0.112099 0.01 0.01
0 1.355921 0.132184 0.01 0.01
0 1.316138 0.115962 0.01 0.01
0 1.283694 0.085449 0.01 0.01
0 1.507329 0.135621 0.01 0.01
0 1.514282 0.178107 0.01 0.01
0 1.506943 0.225229 0.01 0.01
0 1.371758 0.128282 0.01 0.01
0 1.306868 0.089657 0.01 0.01
0 1.246228 0.077298 0.01 0.01
0 1.197947 0.077684 0.01 0.01
0 1.182498 0.064165 0.01 0.01
0 1.408065 0.079615 0.01 0.01
0 1.433943 0.080001 0.01 0.01
0 1.470250 0.078456 0.01 0.01
0 1.460208 0.095451 0.01 0.01
0 1.346652 0.078456 0.01 0.01
0 1.493038 0.068028 0.01 0.01
0 1.390684 0.208235 0.01 0.01
0 1.472954 0.094679 0.01 0.01
0 1.371758 0.071890 0.01 0.01
0 1.235027 0.061462 0.01 0.01
0 1.397346 0.061142 0.01 0.01
0 1.386918 0.057473 0.01 0.01
0 1.413569 0.041830 0.01 0.01
0 1.434619 0.061142 0.01 0.01
0 1.427280 0.054962 0.01 0.01
0 1.446786 0.041443 0.01 0.01
0 1.461077 0.049941 0.01 0.01
0 1.464553 0.065198 0.01 0.01
0 1.495452 0.023483 0.01 0.01
0 1.510902 0.037967 0.01 0.01
0 1.468029 0.040671 0.01 0.01
0 1.371854 0.020200 0.01 0.01
0 1.387111 0.029470 0.01 0.01
0 1.389235 0.045499 0.01 0.01
0 1.397153 0.014986 0.01 0.01
0 1.412217 0.018848 0.01 0.01
0 1.432688 0.017110 0.01 0.01
0 1.354859 0.038933 0.01 0.01
0 1.361619 0.046658 0.01 0.01
0 1.368764 0.052258 0.01 0.01
0 1.336320 0.016144 0.01 0.01
0 1.346941 0.025801 0.01 0.01
0 1.349838 0.033912 0.01 0.01
0 1.349452 0.015179 0.01 0.01
0 1.410092 0.054383 0.01 0.01
0 1.415114 0.061142 0.01 0.01
0 1.421680 0.071957 0.01 0.01
0 1.446399 0.077751 0.01 0.01
0 1.449489 0.057473 0.01 0.01
0 1.431336 0.036615 0.01 0.01
0 1.446206 0.030629 0.01 0.01
0 1.362391 0.007840 0.01 0.01
0 1.422066 0.009578 0.01 0.01
0 1.435391 0.007261 0.01 0.01
0 1.508585 0.074274 0.01 0.01
0 1.330526 0.079875 0.01 0.01
0 1.190029 0.041830 0.01 0.01
0 1.180759 0.020973 0.01 0.01
0 1.178056 0.052838 0.01 0.01
0 1.160482 0.039319 0.01 0.01
0 1.215715 0.048396 0.01 0.01
0 1.244683 0.043182 0.01 0.01
0 1.263802 0.056121 0.01 0.01
0 1.317876 0.014986 0.01 0.01
0 1.306675 0.010158 0.01 0.01
0 1.239469 0.030822 0.01 0.01
0 1.225757 0.015565 0.01 0.01
0 1.264768 0.013248 0.01 0.01
0 1.253180 0.018655 0.01 0.01
0 1.240627 0.014599 0.01 0.01
0 1.343369 0.080454 0.01 0.01
0 1.324249 0.033139 0.01 0.01
0 1.230006 0.076592 0.01 0.01
0 1.140783 0.077557 0.01 0.01
0 1.151984 0.059018 0.01 0.01
0 1.116063 0.029470 0.01 0.01
0 1.127844 0.035650 0.01 0.01
0 1.145418 0.025028 0.01 0.01
0 1.122436 0.016338 0.01 0.01
0 1.107373 0.019041 0.01 0.01
0 1.086323 0.014986 0.01 0.01
0 1.082460 0.035457 0.01 0.01
0 1.063148 0.014213 0.01 0.01
0 1.035724 0.077944 0.01 0.01
0 1.056195 0.076785 0.01 0.01
0 1.052140 0.058825 0.01 0.01
0 1.080722 0.062687 0.01 0.01
0 1.067203 0.049555 0.01 0.01
0 1.056775 0.044340 0.01 0.01
0 1.061024 0.016338 0.01 0.01
0 1.038814 0.012668 0.01 0.01
0 1.014674 0.087214 0.01 0.01
0 1.121857 0.070026 0.01 0.01
0 1.105635 0.071957 0.01 0.01
0 1.132286 0.069832 0.01 0.01
0 1.136534 0.062301 0.01 0.01
0 1.128616 0.047430 0.01 0.01
0 1.115484 0.056700 0.01 0.01
0 1.049822 0.098135 0.01 0.01
0 1.028579 0.104122 0.01 0.01
0 1.078405 0.102190 0.01 0.01
0 1.084971 0.089831 0.01 0.01
0 1.075508 0.087320 0.01 0.01
0 1.082460 0.079016 0.01 0.01
0 1.110077 0.090603 0.01 0.01
0 1.122823 0.090603 0.01 0.01
0 1.070100 0.135021 0.01 0.01
0 1.189064 0.113778 0.01 0.01
0 0.442645 0.222565 0.01 0.01
0 0.398614 0.213296 0.01 0.01
0 0.442645 0.192052 0.01 0.01
0 0.415608 0.196301 0.01 0.01
0 0.389344 0.195142 0.01 0.01
0 0.389344 0.170809 0.01 0.01
0 0.427968 0.165787 0.01 0.01
0 0.345698 0.248058 0.01 0.01
0 0.235618 0.270074 0.01 0.01
0 0.350333 0.146475 0.01 0.01
0 0.346857 0.163856 0.01 0.01
0 0.385481 0.131412 0.01 0.01
0 0.428741 0.126390 0.01 0.01
0 0.413677 0.155359 0.01 0.01
0 0.485519 0.146861 0.01 0.01
0 0.491699 0.174285 0.01 0.01
0 0.467751 0.187803 0.01 0.01
0 0.459254 0.172740 0.01 0.01
0 0.451143 0.155745 0.01 0.01
0 0.458868 0.146089 0.01 0.01
0 0.550022 0.137978 0.01 0.01
0 0.542683 0.181624 0.01 0.01
0 0.558905 0.178147 0.01 0.01
0 0.525688 0.170422 0.01 0.01
0 0.509080 0.207502 0.01 0.01
0 0.541910 0.219862 0.01 0.01
0 0.553498 0.241105 0.01 0.01
0 0.561223 0.251920 0.01 0.01
0 0.555815 0.270074 0.01 0.01
0 0.510625 0.260417 0.01 0.01
0 0.502127 0.272391 0.01 0.01
0 0.466979 0.266211 0.01 0.01
0 0.473931 0.254624 0.01 0.01
0 0.477794 0.216386 0.01 0.01
0 0.430672 0.262349 0.01 0.01
0 0.429513 0.249989 0.01 0.01
0 0.417926 0.264666 0.01 0.01
0 0.318275 0.272005 0.01 0.01
0 0.611434 0.232994 0.01 0.01
0 0.633064 0.258100 0.01 0.01
0 0.629974 0.252306 0.01 0.01
0 0.628043 0.270460 0.01 0.01
0 0.683276 0.222565 0.01 0.01
0 0.733488 0.218703 0.01 0.01
0 0.730012 0.232994 0.01 0.01
0 0.780996 0.224110 0.01 0.01
0 0.763229 0.175830 0.01 0.01
0 0.767091 0.139523 0.01 0.01
0 0.582080 0.232222 0.01 0.01
0 0.590963 0.208661 0.01 0.01
0 0.577059 0.215227 0.01 0.01
0 0.635768 0.211364 0.01 0.01
0 0.649286 0.204798 0.01 0.01
0 0.617614 0.161539 0.01 0.01
0 0.608731 0.130639 0.01 0.01
0 0.614138 0.114417 0.01 0.01
0 0.585942 0.115189 0.01 0.01
0 0.632292 0.124846 0.01 0.01
0 0.668985 0.140682 0.01 0.01
0 0.659329 0.119438 0.01 0.01
0 0.666281 0.115576 0.01 0.01
0 0.675937 0.112099 0.01 0.01
0 0.650445 0.132570 0.01 0.01
0 0.688297 0.112872 0.01 0.01
0 0.728080 0.122914 0.01 0.01
0 0.736192 0.142613 0.01 0.01
0 0.745075 0.143772 0.01 0.01
0 0.741213 0.159221 0.01 0.01
0 0.752028 0.154586 0.01 0.01
0 0.784858 0.153428 0.01 0.01
0 0.799536 0.156518 0.01 0.01
0 0.805329 0.135660 0.01 0.01
0 0.819620 0.130639 0.01 0.01
0 0.804171 0.116734 0.01 0.01
0 0.789107 0.121756 0.01 0.01
0 0.767091 0.118666 0.01 0.01
0 0.815758 0.188962 0.01 0.01
0 0.736578 0.192438 0.01 0.01
0 0.694091 0.192052 0.01 0.01
0 0.490540 0.221407 0.01 0.01
0 0.481656 0.231063 0.01 0.01
0 0.467365 0.232608 0.01 0.01
0 0.520281 0.126004 0.01 0.01
0 0.499423 0.110168 0.01 0.01
0 0.643879 0.112099 0.01 0.01
0 0.711086 0.107851 0.01 0.01
0 0.699498 0.149179 0.01 0.01
0 0.671689 0.161925 0.01 0.01
0 0.652763 0.165787 0.01 0.01
0 0.643107 0.156131 0.01 0.01
0 0.623022 0.134502 0.01 0.01
0 0.597530 0.146089 0.01 0.01
0 0.587101 0.185486 0.01 0.01
0 0.582080 0.193983 0.01 0.01
0 0.621091 0.194370 0.01 0.01
0 0.645424 0.250761 0.01 0.01
0 0.588646 0.225655 0.01 0.01
0 0.727694 0.069360 0.01 0.01
0 0.743530 0.078243 0.01 0.01
0 0.750869 0.091376 0.01 0.01
0 0.767091 0.097169 0.01 0.01
0 0.751255 0.105280 0.01 0.01
0 0.718811 0.089831 0.01 0.01
0 0.710699 0.081333 0.01 0.01
0 0.693705 0.062021 0.01 0.01
0 0.687138 0.055841 0.01 0.01
0 0.674779 0.059317 0.01 0.01
0 0.678255 0.101418 0.01 0.01
0 0.668985 0.104508 0.01 0.01
0 0.636154 0.103349 0.01 0.01
0 0.650445 0.086354 0.01 0.01
0 0.638085 0.075926 0.01 0.01
0 0.614138 0.103349 0.01 0.01
0 0.628429 0.065883 0.01 0.01
0 0.621477 0.057386 0.01 0.01
0 0.634995 0.044640 0.01 0.01
0 0.614911 0.040005 0.01 0.01
0 0.606027 0.024555 0.01 0.01
0 0.622249 0.027259 0.01 0.01
0 0.639244 0.015672 0.01 0.01
0 0.612593 0.050820 0.01 0.01
0 0.644652 0.057386 0.01 0.01
0 0.673620 0.038846 0.01 0.01
0 0.688297 0.044640 0.01 0.01
0 0.692160 0.026873 0.01 0.01
0 0.666281 0.021465 0.01 0.01
0 0.701430 0.038074 0.01 0.01
0 0.704519 0.061248 0.01 0.01
0 0.745461 0.036143 0.01 0.01
0 0.782155 0.062021 0.01 0.01
0 0.767864 0.073995 0.01 0.01
0 0.755118 0.075540 0.01 0.01
0 0.819234 0.051592 0.01 0.01
0 0.810737 0.061248 0.01 0.01
0 0.794901 0.081719 0.01 0.01
0 0.777520 0.094079 0.01 0.01
0 0.867129 0.113005 0.01 0.01
0 0.854382 0.082106 0.01 0.01
0 0.846271 0.076312 0.01 0.01
0 0.839705 0.056227 0.01 0.01
0 0.860562 0.058931 0.01 0.01
0 0.817303 0.076312 0.01 0.01
0 0.810737 0.031894 0.01 0.01
0 0.837001 0.028804 0.01 0.01
0 0.819620 0.017603 0.01 0.01
0 0.789493 0.026100 0.01 0.01
0 0.792583 0.037301 0.01 0.01
0 0.723832 0.009105 0.01 0.01
0 0.924679 0.054296 0.01 0.01
0 0.932790 0.044640 0.01 0.01
0 0.951716 0.052365 0.01 0.01
0 0.964849 0.058545 0.01 0.01
0 0.948240 0.107598 0.01 0.01
0 0.940515 0.097169 0.01 0.01
0 0.929314 0.077857 0.01 0.01
0 0.999611 0.073608 0.01 0.01
0 0.937811 0.070132 0.01 0.01
0 0.976050 0.095238 0.01 0.01
0 0.999997 0.092148 0.01 0.01
0 0.991499 0.049661 0.01 0.01
0 0.974891 0.046185 0.01 0.01
0 0.963304 0.034984 0.01 0.01
0 0.955965 0.025328 0.01 0.01
0 0.928542 0.012582 0.01 0.01
0 0.930086 0.029963 0.01 0.01
0 0.870219 0.047730 0.01 0.01
0 0.891462 0.048502 0.01 0.01
0 0.878330 0.058545 0.01 0.01
0 0.886827 0.061248 0.01 0.01
0 0.894938 0.072450 0.01 0.01
0 0.912705 0.018762 0.01 0.01
0 0.884896 0.016444 0.01 0.01
0 0.870605 0.023010 0.01 0.01
0 0.863652 0.017989 0.01 0.01
0 0.979912 0.022238 0.01 0.01
0 0.891462 0.094852 0.01 0.01
0 0.848975 0.041164 0.01 0.01
0 0.853996 0.036143 0.01 0.01
0 1.028193 0.060476 0.01 0.01
0 1.021240 0.050820 0.01 0.01
0 1.029351 0.036529 0.01 0.01
0 1.013515 0.027259 0.01 0.01
0 0.522984 0.105667 0.01 0.01
0 0.533413 0.105280 0.01 0.01
0 0.551180 0.103349 0.01 0.01
0 0.580921 0.097169 0.01 0.01
0 0.565858 0.075540 0.01 0.01
0 0.580921 0.079016 0.01 0.01
0 0.555043 0.123820 0.01 0.01
0 0.582080 0.052365 0.01 0.01
0 0.592895 0.046571 0.01 0.01
0 0.579376 0.036529 0.01 0.01
0 0.563540 0.041550 0.01 0.01
0 0.537662 0.029576 0.01 0.01
0 0.523757 0.029190 0.01 0.01
0 0.511783 0.019148 0.01 0.01
0 0.492857 0.012195 0.01 0.01
0 0.503286 0.031508 0.01 0.01
0 0.492085 0.034984 0.01 0.01
0 0.501355 0.070518 0.01 0.01
0 0.487836 0.073995 0.01 0.01
0 0.461185 0.087127 0.01 0.01
0 0.469683 0.097169 0.01 0.01
0 0.429513 0.089058 0.01 0.01
0 0.429513 0.079402 0.01 0.01
0 0.410973 0.072063 0.01 0.01
0 0.423719 0.052365 0.01 0.01
0 0.372735 0.019920 0.01 0.01
0 0.429127 0.014513 0.01 0.01
0 0.432603 0.026100 0.01 0.01
0 0.577059 0.017989 0.01 0.01
0 0.562768 0.009105 0.01 0.01
0 0.534958 0.015672 0.01 0.01
0 0.530709 0.007174 0.01 0.01
0 0.635768 0.018762 0.01 0.01
0 0.651604 0.024941 0.01 0.01
0 0.287375 0.060283 0.01 0.01
0 0.266518 0.062987 0.01 0.01
0 0.362886 0.041743 0.01 0.01
0 0.347243 0.040198 0.01 0.01
0 0.348595 0.028225 0.01 0.01
0 0.317116 0.015478 0.01 0.01
0 0.266711 0.016637 0.01 0.01
0 0.222293 0.015865 0.01 0.01
0 0.334304 0.016058 0.01 0.01
0 0.359217 0.012582 0.01 0.01
0 0.246047 0.012195 0.01 0.01
0 0.285444 0.013161 0.01 0.01
0 0.302052 0.012389 0.01 0.01
0 0.317695 0.010071 0.01 0.01
0 0.142533 0.121116 0.01 0.01
0 0.104498 0.308435 0.01 0.01
0 0.078758 0.594601 0.01 0.01
0 0.442145 0.343259 0.01 0.01
0 0.269536 0.697561 0.01 0.01
0 0.296790 0.679392 0.01 0.01
0 0.781305 0.329632 0.01 0.01
