0 0.120500 0.739631 0.01 0.01
0 0.100547 0.725547 0.01 0.01
0 0.089983 0.699725 0.01 0.01
0 0.077072 0.686814 0.01 0.01
0 0.061814 0.651603 0.01 0.01
0 0.041861 0.641039 0.01 0.01
0 0.048903 0.608176 0.01 0.01
0 0.025429 0.591744 0.01 0.01
0 0.108762 0.569443 0.01 0.01
0 0.085288 0.542448 0.01 0.01
0 0.128716 0.597612 0.01 0.01
0 0.162753 0.649255 0.01 0.01
0 0.180359 0.659819 0.01 0.01
0 0.210875 0.680946 0.01 0.01
0 0.227307 0.698551 0.01 0.01
0 0.195617 0.673903 0.01 0.01
0 0.250781 0.725547 0.01 0.01
0 0.327072 0.676251 0.01 0.01
0 0.312988 0.646908 0.01 0.01
0 0.294208 0.612870 0.01 0.01
0 0.281298 0.612870 0.01 0.01
0 0.234349 0.583528 0.01 0.01
0 0.203833 0.583528 0.01 0.01
0 0.202659 0.550664 0.01 0.01
0 0.188575 0.544795 0.01 0.01
0 0.158058 0.571791 0.01 0.01
0 0.440922 0.743152 0.01 0.01
0 0.518387 0.665687 0.01 0.01
0 0.546556 0.684467 0.01 0.01
0 0.553598 0.709115 0.01 0.01
0 0.578246 0.724373 0.01 0.01
0 0.597025 0.739631 0.01 0.01
0 0.736697 0.704420 0.01 0.01
0 0.717917 0.663340 0.01 0.01
0 0.699138 0.650429 0.01 0.01
0 0.676838 0.638692 0.01 0.01
0 0.651016 0.585875 0.01 0.01
0 0.614631 0.589396 0.01 0.01
0 0.836462 0.710288 0.01 0.01
0 0.857589 0.670382 0.01 0.01
0 0.868152 0.646908 0.01 0.01
0 0.841157 0.596439 0.01 0.01
0 0.816509 0.585875 0.01 0.01
0 0.793035 0.575312 0.01 0.01
0 0.767213 0.547143 0.01 0.01
0 0.750781 0.522495 0.01 0.01
0 0.824725 0.515453 0.01 0.01
0 0.865805 0.538927 0.01 0.01
0 0.909232 0.550664 0.01 0.01
0 0.930359 0.531885 0.01 0.01
0 0.950312 0.540100 0.01 0.01
0 0.960875 0.520147 0.01 0.01
0 0.989044 0.534232 0.01 0.01
0 0.977307 0.487284 0.01 0.01
0 0.990218 0.591744 0.01 0.01
0 0.985523 0.723199 0.01 0.01
0 0.928011 0.413340 0.01 0.01
0 0.973786 0.416861 0.01 0.01
0 0.893974 0.400429 0.01 0.01
0 0.978481 0.378129 0.01 0.01
0 0.989044 0.346439 0.01 0.01
0 0.410406 0.583528 0.01 0.01
0 0.534819 0.577659 0.01 0.01
0 0.516039 0.567096 0.01 0.01
0 0.374021 0.562401 0.01 0.01
0 0.419795 0.521321 0.01 0.01
0 0.460875 0.515453 0.01 0.01
0 0.520734 0.502542 0.01 0.01
0 0.553598 0.501368 0.01 0.01
0 0.585288 0.513105 0.01 0.01
0 0.620500 0.521321 0.01 0.01
0 0.519561 0.484936 0.01 0.01
0 0.504302 0.479068 0.01 0.01
0 0.487870 0.462636 0.01 0.01
0 0.457354 0.457941 0.01 0.01
0 0.389279 0.517800 0.01 0.01
0 0.338809 0.522495 0.01 0.01
0 0.311814 0.553011 0.01 0.01
0 0.312988 0.528363 0.01 0.01
0 0.676838 0.435640 0.01 0.01
0 0.654537 0.421556 0.01 0.01
0 0.588809 0.430946 0.01 0.01
0 0.575899 0.427424 0.01 0.01
0 0.555946 0.412166 0.01 0.01
0 0.533645 0.408645 0.01 0.01
0 0.519561 0.396908 0.01 0.01
0 0.489044 0.392213 0.01 0.01
0 0.489044 0.380476 0.01 0.01
0 0.516039 0.342917 0.01 0.01
0 0.533645 0.342917 0.01 0.01
0 0.566509 0.354654 0.01 0.01
0 0.575899 0.355828 0.01 0.01
0 0.608762 0.365218 0.01 0.01
0 0.628716 0.387518 0.01 0.01
0 0.642800 0.334701 0.01 0.01
0 0.642800 0.317096 0.01 0.01
0 0.629889 0.317096 0.01 0.01
0 0.593504 0.321791 0.01 0.01
0 0.686227 0.346439 0.01 0.01
0 0.663927 0.346439 0.01 0.01
0 0.722612 0.369913 0.01 0.01
0 0.766039 0.371086 0.01 0.01
0 0.812988 0.311227 0.01 0.01
0 0.761345 0.310054 0.01 0.01
0 0.734349 0.297143 0.01 0.01
0 0.706180 0.294795 0.01 0.01
0 0.673316 0.265453 0.01 0.01
0 0.681532 0.280711 0.01 0.01
0 0.705007 0.271321 0.01 0.01
0 0.719091 0.285406 0.01 0.01
0 0.743739 0.276016 0.01 0.01
0 0.768387 0.249021 0.01 0.01
0 0.796556 0.256063 0.01 0.01
0 0.834115 0.263105 0.01 0.01
0 0.868152 0.261931 0.01 0.01
0 0.891626 0.254889 0.01 0.01
0 0.960875 0.210288 0.01 0.01
0 0.932706 0.216157 0.01 0.01
0 0.896321 0.220852 0.01 0.01
0 0.866978 0.222025 0.01 0.01
0 0.843504 0.196204 0.01 0.01
0 0.810640 0.197377 0.01 0.01
0 0.796556 0.204420 0.01 0.01
0 0.768387 0.198551 0.01 0.01
0 0.748434 0.205593 0.01 0.01
0 0.716744 0.198551 0.01 0.01
0 0.700312 0.185640 0.01 0.01
0 0.710875 0.158645 0.01 0.01
0 0.750781 0.145734 0.01 0.01
0 0.766039 0.150429 0.01 0.01
0 0.783645 0.164514 0.01 0.01
0 0.818856 0.160993 0.01 0.01
0 0.879889 0.117565 0.01 0.01
0 0.857589 0.123434 0.01 0.01
0 0.835288 0.111697 0.01 0.01
0 0.848199 0.087049 0.01 0.01
0 0.823551 0.090570 0.01 0.01
0 0.814162 0.117565 0.01 0.01
0 0.797730 0.129302 0.01 0.01
0 0.768387 0.117565 0.01 0.01
0 0.798903 0.087049 0.01 0.01
0 0.882237 0.088223 0.01 0.01
0 0.936227 0.173903 0.01 0.01
0 0.959701 0.175077 0.01 0.01
0 0.983176 0.186814 0.01 0.01
0 0.978481 0.141039 0.01 0.01
0 0.994913 0.136345 0.01 0.01
0 0.974960 0.096439 0.01 0.01
0 0.952659 0.141039 0.01 0.01
0 0.998434 0.088223 0.01 0.01
0 0.983176 0.054185 0.01 0.01
0 0.926838 0.060054 0.01 0.01
0 0.926838 0.087049 0.01 0.01
0 0.874021 0.057706 0.01 0.01
0 0.847025 0.029537 0.01 0.01
0 0.805946 0.057706 0.01 0.01
0 0.788340 0.049490 0.01 0.01
0 0.776603 0.055359 0.01 0.01
0 0.763692 0.078833 0.01 0.01
0 0.782471 0.080007 0.01 0.01
0 0.751955 0.107002 0.01 0.01
0 0.730828 0.123434 0.01 0.01
0 0.705007 0.109349 0.01 0.01
0 0.695617 0.152777 0.01 0.01
0 0.673316 0.157471 0.01 0.01
0 0.930359 0.034232 0.01 0.01
0 0.904537 0.026016 0.01 0.01
0 0.877542 0.027190 0.01 0.01
0 0.970265 0.024842 0.01 0.01
0 0.862284 0.029537 0.01 0.01
0 0.251955 0.476720 0.01 0.01
0 0.336462 0.476720 0.01 0.01
0 0.323551 0.468504 0.01 0.01
0 0.371673 0.466157 0.01 0.01
0 0.060640 0.517800 0.01 0.01
0 0.169795 0.517800 0.01 0.01
0 0.147495 0.517800 0.01 0.01
0 0.145147 0.495500 0.01 0.01
0 0.126368 0.480241 0.01 0.01
0 0.134584 0.477894 0.01 0.01
0 0.109936 0.452072 0.01 0.01
0 0.092331 0.452072 0.01 0.01
0 0.089983 0.443856 0.01 0.01
0 0.072377 0.429772 0.01 0.01
0 0.055946 0.419208 0.01 0.01
0 0.043035 0.416861 0.01 0.01
0 0.016039 0.466157 0.01 0.01
0 0.016039 0.484936 0.01 0.01
0 0.038340 0.493152 0.01 0.01
0 0.027777 0.482589 0.01 0.01
0 0.004302 0.449725 0.01 0.01
0 0.080593 0.364044 0.01 0.01
0 0.107589 0.383997 0.01 0.01
0 0.138105 0.402777 0.01 0.01
0 0.138105 0.414514 0.01 0.01
0 0.125194 0.400429 0.01 0.01
0 0.197964 0.367565 0.01 0.01
0 0.228481 0.380476 0.01 0.01
0 0.165100 0.425077 0.01 0.01
0 0.178011 0.406298 0.01 0.01
0 0.181532 0.449725 0.01 0.01
0 0.196791 0.457941 0.01 0.01
0 0.214396 0.460288 0.01 0.01
0 0.289514 0.416861 0.01 0.01
0 0.281298 0.416861 0.01 0.01
0 0.260171 0.394561 0.01 0.01
0 0.280124 0.364044 0.01 0.01
0 0.227307 0.346439 0.01 0.01
0 0.242565 0.346439 0.01 0.01
0 0.253129 0.357002 0.01 0.01
0 0.262518 0.361697 0.01 0.01
0 0.311814 0.369913 0.01 0.01
0 0.325899 0.383997 0.01 0.01
0 0.342331 0.398082 0.01 0.01
0 0.363457 0.383997 0.01 0.01
0 0.377542 0.400429 0.01 0.01
0 0.391626 0.402777 0.01 0.01
0 0.419795 0.396908 0.01 0.01
0 0.440922 0.354654 0.01 0.01
0 0.415100 0.342917 0.01 0.01
0 0.385758 0.326485 0.01 0.01
0 0.351720 0.334701 0.01 0.01
0 0.337636 0.338223 0.01 0.01
0 0.324725 0.334701 0.01 0.01
0 0.305946 0.326485 0.01 0.01
0 0.294208 0.322964 0.01 0.01
0 0.280124 0.318270 0.01 0.01
0 0.485523 0.303011 0.01 0.01
0 0.476133 0.301838 0.01 0.01
0 0.449138 0.294795 0.01 0.01
0 0.435054 0.284232 0.01 0.01
0 0.409232 0.263105 0.01 0.01
0 0.349373 0.261931 0.01 0.01
0 0.337636 0.259584 0.01 0.01
0 0.386931 0.251368 0.01 0.01
0 0.365805 0.290100 0.01 0.01
0 0.405711 0.288927 0.01 0.01
0 0.538340 0.277190 0.01 0.01
0 0.531298 0.264279 0.01 0.01
0 0.566509 0.265453 0.01 0.01
0 0.503129 0.279537 0.01 0.01
0 0.479654 0.251368 0.01 0.01
0 0.470265 0.238457 0.01 0.01
0 0.423316 0.237284 0.01 0.01
0 0.438575 0.253716 0.01 0.01
0 0.424490 0.220852 0.01 0.01
0 0.471439 0.196204 0.01 0.01
0 0.492565 0.177424 0.01 0.01
0 0.503129 0.175077 0.01 0.01
0 0.527777 0.186814 0.01 0.01
0 0.532471 0.220852 0.01 0.01
0 0.506650 0.245500 0.01 0.01
0 0.560640 0.220852 0.01 0.01
0 0.588809 0.220852 0.01 0.01
0 0.619326 0.226720 0.01 0.01
0 0.641626 0.243152 0.01 0.01
0 0.647495 0.214983 0.01 0.01
0 0.620500 0.190335 0.01 0.01
0 0.604068 0.177424 0.01 0.01
0 0.593504 0.178598 0.01 0.01
0 0.574725 0.173903 0.01 0.01
0 0.558293 0.177424 0.01 0.01
0 0.543035 0.171556 0.01 0.01
0 0.566509 0.138692 0.01 0.01
0 0.589983 0.144561 0.01 0.01
0 0.578246 0.149255 0.01 0.01
0 0.598199 0.124608 0.01 0.01
0 0.605241 0.152777 0.01 0.01
0 0.628716 0.157471 0.01 0.01
0 0.647495 0.148082 0.01 0.01
0 0.672143 0.121086 0.01 0.01
0 0.658058 0.108176 0.01 0.01
0 0.640453 0.115218 0.01 0.01
0 0.618152 0.111697 0.01 0.01
0 0.631063 0.090570 0.01 0.01
0 0.652190 0.078833 0.01 0.01
0 0.659232 0.084701 0.01 0.01
0 0.685054 0.076485 0.01 0.01
0 0.699138 0.078833 0.01 0.01
0 0.724960 0.082354 0.01 0.01
0 0.741392 0.082354 0.01 0.01
0 0.751955 0.054185 0.01 0.01
0 0.734349 0.049490 0.01 0.01
0 0.722612 0.041274 0.01 0.01
0 0.739044 0.026016 0.01 0.01
0 0.715570 0.058880 0.01 0.01
0 0.680359 0.047143 0.01 0.01
0 0.126368 0.327659 0.01 0.01
0 0.118152 0.326485 0.01 0.01
0 0.104068 0.319443 0.01 0.01
0 0.170969 0.308880 0.01 0.01
0 0.156885 0.297143 0.01 0.01
0 0.142800 0.285406 0.01 0.01
0 0.124021 0.285406 0.01 0.01
0 0.108762 0.270147 0.01 0.01
0 0.089983 0.256063 0.01 0.01
0 0.050077 0.285406 0.01 0.01
0 0.366978 0.263105 0.01 0.01
0 0.395734 0.258997 0.01 0.01
0 0.372847 0.216744 0.01 0.01
0 0.334115 0.210875 0.01 0.01
0 0.355241 0.219091 0.01 0.01
0 0.311814 0.209701 0.01 0.01
0 0.285993 0.209701 0.01 0.01
0 0.298903 0.207354 0.01 0.01
0 0.276603 0.196204 0.01 0.01
0 0.231415 0.245500 0.01 0.01
0 0.215570 0.273082 0.01 0.01
0 0.200312 0.328833 0.01 0.01
0 0.239631 0.295382 0.01 0.01
0 0.187401 0.357002 0.01 0.01
0 0.016626 0.385171 0.01 0.01
0 0.064748 0.307119 0.01 0.01
0 0.064748 0.294795 0.01 0.01
0 0.077659 0.305359 0.01 0.01
0 0.092917 0.315922 0.01 0.01
0 0.077659 0.314748 0.01 0.01
0 0.149255 0.211462 0.01 0.01
0 0.196791 0.221439 0.01 0.01
0 0.209115 0.210875 0.01 0.01
0 0.081767 0.193270 0.01 0.01
0 0.051251 0.245500 0.01 0.01
0 0.166274 0.359349 0.01 0.01
0 0.063575 0.344678 0.01 0.01
0 0.054772 0.342331 0.01 0.01
0 0.015453 0.324725 0.01 0.01
0 0.026016 0.338223 0.01 0.01
0 0.043035 0.342917 0.01 0.01
0 0.373434 0.161286 0.01 0.01
0 0.401016 0.185934 0.01 0.01
0 0.389279 0.185347 0.01 0.01
0 0.423903 0.184173 0.01 0.01
0 0.325312 0.263985 0.01 0.01
0 0.440335 0.140746 0.01 0.01
0 0.432119 0.138399 0.01 0.01
0 0.422730 0.134291 0.01 0.01
0 0.409232 0.131356 0.01 0.01
0 0.398082 0.143093 0.01 0.01
0 0.379302 0.148962 0.01 0.01
0 0.345852 0.149549 0.01 0.01
0 0.337049 0.154831 0.01 0.01
0 0.342331 0.126075 0.01 0.01
0 0.328833 0.126075 0.01 0.01
0 0.335288 0.102014 0.01 0.01
0 0.375194 0.111403 0.01 0.01
0 0.393974 0.090863 0.01 0.01
0 0.406298 0.084995 0.01 0.01
0 0.422143 0.090863 0.01 0.01
0 0.457941 0.083234 0.01 0.01
0 0.486697 0.073845 0.01 0.01
0 0.534232 0.084995 0.01 0.01
0 0.514866 0.069150 0.01 0.01
0 0.513692 0.113751 0.01 0.01
0 0.537166 0.111990 0.01 0.01
0 0.550664 0.109643 0.01 0.01
0 0.564748 0.084995 0.01 0.01
0 0.555359 0.087929 0.01 0.01
0 0.544795 0.084995 0.01 0.01
0 0.579420 0.086169 0.01 0.01
0 0.598786 0.076779 0.01 0.01
0 0.591744 0.046849 0.01 0.01
0 0.574725 0.040394 0.01 0.01
0 0.500781 0.043915 0.01 0.01
0 0.534232 0.039807 0.01 0.01
0 0.258410 0.102014 0.01 0.01
0 0.269561 0.086169 0.01 0.01
0 0.233762 0.202953 0.01 0.01
0 0.226133 0.195324 0.01 0.01
0 0.252542 0.176544 0.01 0.01
0 0.291274 0.178892 0.01 0.01
0 0.307706 0.110230 0.01 0.01
0 0.161579 0.186521 0.01 0.01
0 0.171556 0.192389 0.01 0.01
0 0.243739 0.145734 0.01 0.01
0 0.271908 0.173903 0.01 0.01
0 0.440922 0.108176 0.01 0.01
0 0.688575 0.024842 0.01 0.01
0 0.665100 0.047143 0.01 0.01
0 0.675664 0.033058 0.01 0.01
0 0.653363 0.062401 0.01 0.01
0 0.632237 0.065922 0.01 0.01
0 0.170969 0.257237 0.01 0.01
0 0.120500 0.238457 0.01 0.01
0 0.174490 0.220852 0.01 0.01
0 0.178011 0.204420 0.01 0.01
0 0.097025 0.170382 0.01 0.01
0 0.086462 0.171556 0.01 0.01
0 0.155711 0.062401 0.01 0.01
0 0.077072 0.150429 0.01 0.01
0 0.020734 0.162166 0.01 0.01
0 0.336462 0.190335 0.01 0.01
0 0.322377 0.189162 0.01 0.01
0 0.301251 0.185640 0.01 0.01
0 0.388105 0.065922 0.01 0.01
0 0.345852 0.045969 0.01 0.01
0 0.375194 0.045969 0.01 0.01
0 0.268387 0.147201 0.01 0.01
0 0.321204 0.129009 0.01 0.01
0 0.322964 0.146615 0.01 0.01
0 0.312988 0.148962 0.01 0.01
0 0.268387 0.096145 0.01 0.01
0 0.216744 0.100253 0.01 0.01
0 0.205007 0.105535 0.01 0.01
0 0.124608 0.155417 0.01 0.01
0 0.410993 0.048023 0.01 0.01
0 0.463809 0.058586 0.01 0.01
0 0.199725 0.263399 0.01 0.01
0 0.392800 0.016920 0.01 0.01
0 0.041675 0.274601 0.01 0.01
0 0.029027 0.263218 0.01 0.01
0 0.021439 0.244247 0.01 0.01
0 0.013850 0.234129 0.01 0.01
0 0.015115 0.216422 0.01 0.01
0 0.031557 0.229070 0.01 0.01
0 0.034086 0.217687 0.01 0.01
0 0.061911 0.264483 0.01 0.01
0 0.074559 0.259424 0.01 0.01
0 0.077088 0.240452 0.01 0.01
0 0.065705 0.237923 0.01 0.01
0 0.079618 0.226540 0.01 0.01
0 0.085941 0.227805 0.01 0.01
0 0.099854 0.229070 0.01 0.01
0 0.094795 0.215157 0.01 0.01
0 0.074559 0.218952 0.01 0.01
0 0.047999 0.189862 0.01 0.01
0 0.068235 0.184803 0.01 0.01
0 0.050528 0.178479 0.01 0.01
0 0.036616 0.186068 0.01 0.01
0 0.023968 0.187333 0.01 0.01
0 0.021439 0.197451 0.01 0.01
0 0.006262 0.196186 0.01 0.01
0 0.006262 0.221481 0.01 0.01
0 0.007527 0.299896 0.01 0.01
0 0.042940 0.158243 0.01 0.01
0 0.022704 0.148125 0.01 0.01
0 0.011321 0.145596 0.01 0.01
0 0.022704 0.131683 0.01 0.01
0 0.026498 0.117771 0.01 0.01
0 0.031557 0.110183 0.01 0.01
0 0.018909 0.098800 0.01 0.01
0 0.008791 0.095006 0.01 0.01
0 0.034086 0.089947 0.01 0.01
0 0.037881 0.101329 0.01 0.01
0 0.049264 0.102594 0.01 0.01
0 0.059382 0.106388 0.01 0.01
0 0.050528 0.116506 0.01 0.01
0 0.041675 0.138007 0.01 0.01
0 0.051793 0.148125 0.01 0.01
0 0.061911 0.140537 0.01 0.01
0 0.070764 0.125360 0.01 0.01
0 0.061911 0.120301 0.01 0.01
0 0.083412 0.135478 0.01 0.01
0 0.094795 0.141801 0.01 0.01
0 0.096059 0.127889 0.01 0.01
0 0.108707 0.139272 0.01 0.01
0 0.116296 0.135478 0.01 0.01
0 0.122619 0.127889 0.01 0.01
0 0.131473 0.134213 0.01 0.01
0 0.125149 0.178479 0.01 0.01
0 0.123884 0.218952 0.01 0.01
0 0.151709 0.226540 0.01 0.01
0 0.135267 0.235393 0.01 0.01
0 0.146650 0.248041 0.01 0.01
0 0.175739 0.241717 0.01 0.01
0 0.194710 0.240452 0.01 0.01
0 0.228859 0.227805 0.01 0.01
0 0.190916 0.164567 0.01 0.01
0 0.160562 0.143066 0.01 0.01
0 0.169415 0.138007 0.01 0.01
0 0.182063 0.135478 0.01 0.01
0 0.188387 0.122830 0.01 0.01
0 0.199769 0.150655 0.01 0.01
0 0.208623 0.155714 0.01 0.01
0 0.220006 0.169626 0.01 0.01
0 0.220006 0.182274 0.01 0.01
0 0.114820 0.190178 0.01 0.01
0 0.099011 0.161089 0.01 0.01
0 0.115452 0.119984 0.01 0.01
0 0.126835 0.111131 0.01 0.01
0 0.133791 0.115558 0.01 0.01
0 0.148968 0.105440 0.01 0.01
0 0.049053 0.080777 0.01 0.01
0 0.057906 0.076983 0.01 0.01
0 0.076245 0.064968 0.01 0.01
0 0.078142 0.078248 0.01 0.01
0 0.066127 0.090895 0.01 0.01
0 0.086363 0.087733 0.01 0.01
0 0.092687 0.091527 0.01 0.01
0 0.092687 0.076983 0.01 0.01
0 0.104702 0.076983 0.01 0.01
0 0.111658 0.076350 0.01 0.01
0 0.109129 0.067497 0.01 0.01
0 0.095849 0.064968 0.01 0.01
0 0.123673 0.065600 0.01 0.01
0 0.121776 0.075718 0.01 0.01
0 0.142645 0.076350 0.01 0.01
0 0.102172 0.094689 0.01 0.01
0 0.150233 0.087101 0.01 0.01
0 0.139483 0.059909 0.01 0.01
0 0.116717 0.057379 0.01 0.01
0 0.133791 0.054217 0.01 0.01
0 0.177425 0.045364 0.01 0.01
0 0.191970 0.037143 0.01 0.01
0 0.205250 0.037775 0.01 0.01
0 0.179955 0.073189 0.01 0.01
0 0.196397 0.060541 0.01 0.01
0 0.207147 0.053585 0.01 0.01
0 0.221059 0.085204 0.01 0.01
0 0.234339 0.074453 0.01 0.01
0 0.240031 0.086468 0.01 0.01
0 0.251414 0.090263 0.01 0.01
0 0.190705 0.100381 0.01 0.01
0 0.181220 0.102278 0.01 0.01
0 0.221059 0.125676 0.01 0.01
0 0.273547 0.072556 0.01 0.01
0 0.264694 0.055482 0.01 0.01
0 0.253311 0.059909 0.01 0.01
0 0.247619 0.071924 0.01 0.01
0 0.274179 0.034613 0.01 0.01
0 0.289989 0.044099 0.01 0.01
0 0.298842 0.029554 0.01 0.01
0 0.320975 0.049158 0.01 0.01
0 0.315916 0.035878 0.01 0.01
0 0.310225 0.050423 0.01 0.01
0 0.305166 0.015642 0.01 0.01
0 0.307063 0.008054 0.01 0.01
0 0.338682 0.012480 0.01 0.01
0 0.353859 0.006789 0.01 0.01
0 0.370933 0.004892 0.01 0.01
0 0.372830 0.023231 0.01 0.01
0 0.364609 0.030187 0.01 0.01
0 0.363344 0.042202 0.01 0.01
0 0.283033 0.097219 0.01 0.01
0 0.293151 0.087101 0.01 0.01
0 0.293151 0.063070 0.01 0.01
0 0.314651 0.064335 0.01 0.01
0 0.365874 0.068129 0.01 0.01
0 0.373463 0.074453 0.01 0.01
0 0.456304 0.043467 0.01 0.01
0 0.464525 0.042202 0.01 0.01
0 0.456304 0.014377 0.01 0.01
0 0.433538 0.016275 0.01 0.01
0 0.405714 0.008054 0.01 0.01
0 0.420891 0.006156 0.01 0.01
0 0.115452 0.046629 0.01 0.01
0 0.129365 0.042834 0.01 0.01
0 0.136953 0.038408 0.01 0.01
0 0.147071 0.032716 0.01 0.01
0 0.154660 0.032716 0.01 0.01
0 0.154660 0.023863 0.01 0.01
0 0.165410 0.013745 0.01 0.01
0 0.164145 0.025128 0.01 0.01
0 0.172366 0.021334 0.01 0.01
0 0.168572 0.033981 0.01 0.01
0 0.155925 0.046629 0.01 0.01
0 0.174264 0.037143 0.01 0.01
0 0.184382 0.031452 0.01 0.01
0 0.195764 0.024495 0.01 0.01
0 0.198926 0.009318 0.01 0.01
0 0.191338 0.003627 0.01 0.01
0 0.212206 0.008054 0.01 0.01
0 0.210309 0.017539 0.01 0.01
0 0.225486 0.011215 0.01 0.01
0 0.226119 0.020701 0.01 0.01
0 0.219795 0.047261 0.01 0.01
0 0.196397 0.074453 0.01 0.01
0 0.226119 0.056747 0.01 0.01
0 0.232442 0.037143 0.01 0.01
0 0.238134 0.015010 0.01 0.01
0 0.240031 0.004259 0.01 0.01
0 0.261532 0.006156 0.01 0.01
0 0.257105 0.015010 0.01 0.01
0 0.268488 0.011848 0.01 0.01
0 0.283665 0.006156 0.01 0.01
0 0.291253 0.008686 0.01 0.01
0 0.265766 0.213007 0.01 0.01
0 0.245786 0.200644 0.01 0.01
0 0.255776 0.220874 0.01 0.01
0 0.267515 0.254590 0.01 0.01
0 0.212320 0.190654 0.01 0.01
0 0.221311 0.201143 0.01 0.01
0 0.189592 0.224870 0.01 0.01
0 0.254278 0.142952 0.01 0.01
0 0.316965 0.100744 0.01 0.01
0 0.293988 0.127467 0.01 0.01
0 0.360422 0.154440 0.01 0.01
0 0.175357 0.136708 0.01 0.01
0 0.154378 0.158686 0.01 0.01
0 0.148883 0.155189 0.01 0.01
