0 0.726450 0.563788 0.01 0.01
0 0.739221 0.489978 0.01 0.01
0 0.722554 0.485216 0.01 0.01
0 0.710866 0.502532 0.01 0.01
0 0.729913 0.515087 0.01 0.01
0 0.778831 0.539113 0.01 0.01
0 0.762597 0.526991 0.01 0.01
0 0.757403 0.562706 0.01 0.01
0 0.751991 0.583918 0.01 0.01
0 0.784892 0.561190 0.01 0.01
0 0.812381 0.533052 0.01 0.01
0 0.801126 0.515519 0.01 0.01
0 0.818225 0.502532 0.01 0.01
0 0.829481 0.484351 0.01 0.01
0 0.765628 0.469199 0.01 0.01
0 0.707186 0.476342 0.01 0.01
0 0.047229 0.926017 0.01 0.01
0 0.059441 0.296310 0.01 0.01
0 0.080805 0.291183 0.01 0.01
0 0.031240 0.310838 0.01 0.01
0 0.009876 0.317674 0.01 0.01
0 0.075677 0.345020 0.01 0.01
0 0.063713 0.330492 0.01 0.01
0 0.071404 0.320238 0.01 0.01
0 0.032949 0.324511 0.01 0.01
0 0.037222 0.343311 0.01 0.01
0 0.015858 0.362111 0.01 0.01
0 0.007313 0.346729 0.01 0.01
0 0.026113 0.349293 0.01 0.01
0 0.058586 0.365529 0.01 0.01
0 0.046622 0.368948 0.01 0.01
0 0.091059 0.400566 0.01 0.01
0 0.098750 0.383475 0.01 0.01
0 0.085077 0.371511 0.01 0.01
0 0.063713 0.382620 0.01 0.01
0 0.055168 0.386039 0.01 0.01
0 0.016713 0.404839 0.01 0.01
0 0.042349 0.402275 0.01 0.01
0 0.048331 0.419366 0.01 0.01
0 0.005604 0.401421 0.01 0.01
0 0.028677 0.425348 0.01 0.01
0 0.122678 0.382620 0.01 0.01
0 0.108150 0.364675 0.01 0.01
0 0.139769 0.286910 0.01 0.01
0 0.108150 0.298874 0.01 0.01
0 0.085077 0.306565 0.01 0.01
0 0.181642 0.283492 0.01 0.01
0 0.155151 0.297165 0.01 0.01
0 0.178224 0.301438 0.01 0.01
0 0.200442 0.286910 0.01 0.01
0 0.207279 0.298874 0.01 0.01
0 0.242316 0.286910 0.01 0.01
0 0.260261 0.292892 0.01 0.01
0 0.297862 0.275801 0.01 0.01
0 0.334608 0.274946 0.01 0.01
0 0.359390 0.245891 0.01 0.01
0 0.390154 0.257001 0.01 0.01
0 0.375627 0.257001 0.01 0.01
0 0.391863 0.292892 0.01 0.01
0 0.393572 0.274946 0.01 0.01
0 0.355972 0.253582 0.01 0.01
0 0.351699 0.292892 0.01 0.01
0 0.035435 0.370729 0.01 0.01
0 0.013461 0.389374 0.01 0.01
0 0.025114 0.378387 0.01 0.01
0 0.033771 0.407020 0.01 0.01
0 0.072725 0.387043 0.01 0.01
0 0.086376 0.383048 0.01 0.01
0 0.117340 0.391704 0.01 0.01
0 0.117340 0.350419 0.01 0.01
0 0.098695 0.355413 0.01 0.01
0 0.125663 0.359076 0.01 0.01
0 0.120669 0.296482 0.01 0.01
0 0.167281 0.291155 0.01 0.01
0 0.195914 0.301809 0.01 0.01
0 0.196247 0.312797 0.01 0.01
0 0.211563 0.317791 0.01 0.01
0 0.220219 0.308468 0.01 0.01
0 0.211230 0.305805 0.01 0.01
0 0.228543 0.298813 0.01 0.01
0 0.257509 0.306804 0.01 0.01
0 0.183263 0.320787 0.01 0.01
0 0.173940 0.314128 0.01 0.01
0 0.171277 0.344759 0.01 0.01
0 0.184927 0.355413 0.01 0.01
0 0.194916 0.350419 0.01 0.01
0 0.213560 0.348422 0.01 0.01
0 0.209565 0.332107 0.01 0.01
0 0.200243 0.324450 0.01 0.01
0 0.168613 0.358410 0.01 0.01
0 0.176937 0.365069 0.01 0.01
0 0.142310 0.373725 0.01 0.01
0 0.136983 0.388375 0.01 0.01
0 0.167947 0.386377 0.01 0.01
0 0.200909 0.383048 0.01 0.01
0 0.251849 0.365069 0.01 0.01
0 0.248520 0.379385 0.01 0.01
0 0.228543 0.386044 0.01 0.01
0 0.235868 0.404689 0.01 0.01
0 0.205903 0.404689 0.01 0.01
0 0.193584 0.403024 0.01 0.01
0 0.043093 0.443644 0.01 0.01
0 0.059740 0.444642 0.01 0.01
0 0.064734 0.444642 0.01 0.01
0 0.083046 0.455297 0.01 0.01
0 0.070727 0.455297 0.01 0.01
0 0.066399 0.466284 0.01 0.01
0 0.119004 0.456295 0.01 0.01
0 0.116341 0.441646 0.01 0.01
0 0.117673 0.426330 0.01 0.01
0 0.126995 0.415010 0.01 0.01
0 0.140646 0.413346 0.01 0.01
0 0.173274 0.400361 0.01 0.01
0 0.186925 0.395367 0.01 0.01
0 0.154296 0.386044 0.01 0.01
0 0.279150 0.326780 0.01 0.01
0 0.280482 0.318790 0.01 0.01
0 0.271160 0.332773 0.01 0.01
0 0.303455 0.313462 0.01 0.01
0 0.301458 0.288492 0.01 0.01
0 0.280482 0.278836 0.01 0.01
0 0.289139 0.312131 0.01 0.01
0 0.294466 0.331774 0.01 0.01
0 0.291469 0.351418 0.01 0.01
0 0.283812 0.367399 0.01 0.01
0 0.279816 0.383714 0.01 0.01
0 0.285143 0.397031 0.01 0.01
0 0.295465 0.420005 0.01 0.01
0 0.281481 0.444975 0.01 0.01
0 0.288140 0.463953 0.01 0.01
0 0.296797 0.438982 0.01 0.01
0 0.264501 0.429660 0.01 0.01
0 0.266166 0.460624 0.01 0.01
0 0.243525 0.425665 0.01 0.01
0 0.264168 0.404689 0.01 0.01
0 0.255178 0.395367 0.01 0.01
0 0.276154 0.356079 0.01 0.01
0 0.220219 0.409350 0.01 0.01
0 0.211230 0.423334 0.01 0.01
0 0.224548 0.424666 0.01 0.01
0 0.217223 0.456961 0.01 0.01
0 0.197912 0.458626 0.01 0.01
0 0.205903 0.467948 0.01 0.01
0 0.236534 0.464952 0.01 0.01
0 0.193251 0.442645 0.01 0.01
0 0.181598 0.422335 0.01 0.01
0 0.174273 0.412347 0.01 0.01
0 0.159291 0.465285 0.01 0.01
0 0.123666 0.466950 0.01 0.01
0 0.144308 0.440314 0.01 0.01
0 0.162287 0.442645 0.01 0.01
0 0.171609 0.433322 0.01 0.01
0 0.160622 0.425665 0.01 0.01
0 0.145640 0.425665 0.01 0.01
0 0.122334 0.402691 0.01 0.01
0 0.094699 0.466284 0.01 0.01
0 0.096697 0.458293 0.01 0.01
0 0.267164 0.378387 0.01 0.01
0 0.028062 0.481211 0.01 0.01
0 0.046165 0.481211 0.01 0.01
0 0.053492 0.479487 0.01 0.01
0 0.089699 0.481211 0.01 0.01
0 0.006942 0.504487 0.01 0.01
0 0.019441 0.497159 0.01 0.01
0 0.035389 0.504056 0.01 0.01
0 0.038407 0.495866 0.01 0.01
0 0.048751 0.501900 0.01 0.01
0 0.131077 0.500176 0.01 0.01
0 0.159094 0.497590 0.01 0.01
0 0.185387 0.495866 0.01 0.01
0 0.199610 0.484228 0.01 0.01
0 0.204352 0.498021 0.01 0.01
0 0.220300 0.492849 0.01 0.01
0 0.215989 0.507504 0.01 0.01
0 0.232799 0.521297 0.01 0.01
0 0.231937 0.508366 0.01 0.01
0 0.143146 0.507935 0.01 0.01
0 0.155646 0.516555 0.01 0.01
0 0.164697 0.527331 0.01 0.01
0 0.094440 0.515262 0.01 0.01
0 0.091423 0.493280 0.01 0.01
0 0.037975 0.523452 0.01 0.01
0 0.003924 0.530779 0.01 0.01
0 0.010390 0.563968 0.01 0.01
0 0.051768 0.573020 0.01 0.01
0 0.069440 0.571727 0.01 0.01
0 0.065992 0.554917 0.01 0.01
0 0.053061 0.557934 0.01 0.01
0 0.033234 0.570865 0.01 0.01
0 0.045303 0.565692 0.01 0.01
0 0.021596 0.559227 0.01 0.01
0 0.018148 0.590261 0.01 0.01
0 0.004355 0.588968 0.01 0.01
0 0.026338 0.605347 0.01 0.01
0 0.041424 0.634657 0.01 0.01
0 0.036251 0.626036 0.01 0.01
0 0.051337 0.648449 0.01 0.01
0 0.100043 0.637674 0.01 0.01
0 0.088837 0.638536 0.01 0.01
0 0.098750 0.616985 0.01 0.01
0 0.095302 0.607502 0.01 0.01
0 0.083664 0.573020 0.01 0.01
0 0.053492 0.685949 0.01 0.01
0 0.052630 0.695431 0.01 0.01
0 0.034527 0.675604 0.01 0.01
0 0.037544 0.668277 0.01 0.01
0 0.034527 0.687673 0.01 0.01
0 0.070302 0.699742 0.01 0.01
0 0.112543 0.655346 0.01 0.01
0 0.127198 0.693707 0.01 0.01
0 0.141422 0.696724 0.01 0.01
0 0.128922 0.667846 0.01 0.01
0 0.134525 0.676035 0.01 0.01
0 0.151335 0.672156 0.01 0.01
0 0.175042 0.701466 0.01 0.01
0 0.088837 0.709655 0.01 0.01
0 0.079354 0.627329 0.01 0.01
0 0.061251 0.640260 0.01 0.01
0 0.155215 0.626898 0.01 0.01
0 0.142715 0.600174 0.01 0.01
0 0.140991 0.542848 0.01 0.01
0 0.136250 0.529055 0.01 0.01
0 0.093578 0.539831 0.01 0.01
0 0.173749 0.566123 0.01 0.01
0 0.159094 0.565261 0.01 0.01
0 0.193576 0.531210 0.01 0.01
0 0.173318 0.524314 0.01 0.01
0 0.203490 0.541124 0.01 0.01
0 0.190990 0.542848 0.01 0.01
0 0.181076 0.536814 0.01 0.01
0 0.204783 0.527331 0.01 0.01
0 0.249178 0.525176 0.01 0.01
0 0.263833 0.527762 0.01 0.01
0 0.241851 0.542848 0.01 0.01
0 0.237972 0.565261 0.01 0.01
0 0.275040 0.566985 0.01 0.01
0 0.191421 0.566985 0.01 0.01
0 0.188835 0.582933 0.01 0.01
0 0.194869 0.596295 0.01 0.01
0 0.182800 0.604054 0.01 0.01
0 0.169870 0.591985 0.01 0.01
0 0.180214 0.619571 0.01 0.01
0 0.172887 0.606209 0.01 0.01
0 0.149180 0.611381 0.01 0.01
0 0.214265 0.679052 0.01 0.01
0 0.263402 0.691983 0.01 0.01
0 0.268575 0.699742 0.01 0.01
0 0.254351 0.708793 0.01 0.01
0 0.266851 0.676466 0.01 0.01
0 0.251765 0.685087 0.01 0.01
0 0.242713 0.670001 0.01 0.01
0 0.254351 0.644139 0.01 0.01
0 0.293574 0.657070 0.01 0.01
0 0.304350 0.676897 0.01 0.01
0 0.350039 0.691552 0.01 0.01
0 0.322884 0.690690 0.01 0.01
0 0.346159 0.678621 0.01 0.01
0 0.373314 0.690690 0.01 0.01
0 0.337539 0.668277 0.01 0.01
0 0.258661 0.492418 0.01 0.01
0 0.250040 0.470004 0.01 0.01
0 0.307367 0.470436 0.01 0.01
0 0.326332 0.474746 0.01 0.01
0 0.297453 0.495004 0.01 0.01
0 0.334091 0.505349 0.01 0.01
0 0.329780 0.545865 0.01 0.01
0 0.342280 0.573020 0.01 0.01
0 0.349177 0.554917 0.01 0.01
0 0.362107 0.576037 0.01 0.01
0 0.325039 0.589830 0.01 0.01
0 0.319436 0.613536 0.01 0.01
0 0.360383 0.606209 0.01 0.01
0 0.341418 0.633364 0.01 0.01
0 0.295298 0.629053 0.01 0.01
0 0.288402 0.631639 0.01 0.01
0 0.253920 0.625605 0.01 0.01
0 0.393141 0.667415 0.01 0.01
0 0.374607 0.641122 0.01 0.01
0 0.319005 0.448022 0.01 0.01
0 0.014329 0.744199 0.01 0.01
0 0.011271 0.723319 0.01 0.01
0 0.031780 0.757321 0.01 0.01
0 0.044733 0.749765 0.01 0.01
0 0.040955 0.723319 0.01 0.01
0 0.051750 0.722239 0.01 0.01
0 0.066862 0.720080 0.01 0.01
0 0.077656 0.748686 0.01 0.01
0 0.059845 0.753543 0.01 0.01
0 0.062004 0.767036 0.01 0.01
0 0.058226 0.774052 0.01 0.01
0 0.046352 0.799959 0.01 0.01
0 0.079815 0.851772 0.01 0.01
0 0.081974 0.838819 0.01 0.01
0 0.064703 0.847454 0.01 0.01
0 0.033939 0.863646 0.01 0.01
0 0.071719 0.785926 0.01 0.01
0 0.102483 0.807515 0.01 0.01
0 0.103563 0.793482 0.01 0.01
0 0.083053 0.790244 0.01 0.01
0 0.092768 0.731954 0.01 0.01
0 0.115437 0.716842 0.01 0.01
0 0.132708 0.714683 0.01 0.01
0 0.143502 0.727636 0.01 0.01
0 0.150518 0.778910 0.01 0.01
0 0.152677 0.755162 0.01 0.01
0 0.131088 0.758940 0.01 0.01
0 0.181282 0.770814 0.01 0.01
0 0.174266 0.763798 0.01 0.01
0 0.179124 0.731415 0.01 0.01
0 0.161313 0.795101 0.01 0.01
0 0.118675 0.795101 0.01 0.01
0 0.120834 0.816690 0.01 0.01
0 0.141343 0.822627 0.01 0.01
0 0.176425 0.817770 0.01 0.01
0 0.162932 0.824246 0.01 0.01
0 0.205030 0.788085 0.01 0.01
0 0.212586 0.767036 0.01 0.01
0 0.194775 0.806436 0.01 0.01
0 0.182902 0.856630 0.01 0.01
0 0.176425 0.854471 0.01 0.01
0 0.152677 0.842597 0.01 0.01
0 0.149979 0.851772 0.01 0.01
0 0.155376 0.863646 0.01 0.01
0 0.107341 0.860947 0.01 0.01
0 0.251446 0.777291 0.01 0.01
0 0.268717 0.772973 0.01 0.01
0 0.250906 0.747606 0.01 0.01
0 0.237953 0.745987 0.01 0.01
0 0.213126 0.741129 0.01 0.01
0 0.184521 0.726017 0.01 0.01
0 0.215285 0.852312 0.01 0.01
0 0.240112 0.837200 0.01 0.01
0 0.255764 0.836120 0.01 0.01
0 0.270876 0.839359 0.01 0.01
0 0.224460 0.824246 0.01 0.01
0 0.269796 0.749765 0.01 0.01
0 0.283829 0.722239 0.01 0.01
0 0.301100 0.730875 0.01 0.01
0 0.310275 0.751384 0.01 0.01
0 0.329705 0.761099 0.01 0.01
0 0.322149 0.809674 0.01 0.01
0 0.307577 0.807515 0.01 0.01
0 0.275733 0.809134 0.01 0.01
0 0.283289 0.840438 0.01 0.01
0 0.298941 0.843137 0.01 0.01
0 0.312434 0.853391 0.01 0.01
0 0.294624 0.863646 0.01 0.01
0 0.352374 0.863106 0.01 0.01
0 0.217983 0.869043 0.01 0.01
0 0.377201 0.818849 0.01 0.01
0 0.399329 0.829104 0.01 0.01
0 0.427934 0.854471 0.01 0.01
0 0.470572 0.817230 0.01 0.01
0 0.344278 0.716842 0.01 0.01
0 0.335103 0.705508 0.01 0.01
0 0.358850 0.710905 0.01 0.01
0 0.351834 0.742209 0.01 0.01
0 0.373962 0.743828 0.01 0.01
0 0.395551 0.765957 0.01 0.01
0 0.452222 0.774592 0.01 0.01
0 0.453841 0.760020 0.01 0.01
0 0.471652 0.769195 0.01 0.01
0 0.472731 0.792403 0.01 0.01
0 0.468413 0.784847 0.01 0.01
0 0.480827 0.803737 0.01 0.01
0 0.495939 0.799959 0.01 0.01
0 0.383138 0.779989 0.01 0.01
0 0.387995 0.710905 0.01 0.01
0 0.387995 0.689856 0.01 0.01
0 0.427934 0.721160 0.01 0.01
0 0.412283 0.717382 0.01 0.01
0 0.421998 0.699571 0.01 0.01
0 0.447364 0.698492 0.01 0.01
0 0.468953 0.690936 0.01 0.01
0 0.484605 0.693094 0.01 0.01
0 0.479208 0.720620 0.01 0.01
0 0.451682 0.731954 0.01 0.01
0 0.464096 0.723858 0.01 0.01
0 0.425776 0.636424 0.01 0.01
0 0.398790 0.634805 0.01 0.01
0 0.403647 0.614295 0.01 0.01
0 0.357231 0.603501 0.01 0.01
0 0.346976 0.595945 0.01 0.01
0 0.348596 0.616454 0.01 0.01
0 0.389075 0.794022 0.01 0.01
0 0.447904 0.681221 0.01 0.01
0 0.433871 0.681221 0.01 0.01
0 0.420918 0.670966 0.01 0.01
0 0.338341 0.616994 0.01 0.01
0 0.444666 0.662330 0.01 0.01
0 0.476509 0.624550 0.01 0.01
0 0.489463 0.620232 0.01 0.01
0 0.464635 0.612136 0.01 0.01
0 0.443586 0.613756 0.01 0.01
0 0.443586 0.602421 0.01 0.01
0 0.445205 0.585690 0.01 0.01
0 0.491621 0.580833 0.01 0.01
0 0.468953 0.550069 0.01 0.01
0 0.429554 0.557625 0.01 0.01
0 0.398250 0.578134 0.01 0.01
0 0.398250 0.578134 0.01 0.01
0 0.027428 0.930914 0.01 0.01
0 0.070763 0.902905 0.01 0.01
0 0.090846 0.885465 0.01 0.01
0 0.089260 0.873839 0.01 0.01
0 0.113570 0.931443 0.01 0.01
0 0.073934 0.925101 0.01 0.01
0 0.132595 0.942541 0.01 0.01
0 0.128896 0.922459 0.01 0.01
0 0.102472 0.917702 0.01 0.01
0 0.104586 0.895506 0.01 0.01
0 0.134709 0.867497 0.01 0.01
0 0.136823 0.805665 0.01 0.01
0 0.203411 0.841602 0.01 0.01
0 0.166946 0.889693 0.01 0.01
0 0.174873 0.902376 0.01 0.01
0 0.182272 0.939370 0.01 0.01
0 0.211867 0.949939 0.01 0.01
0 0.238290 0.946768 0.01 0.01
0 0.221379 0.926158 0.01 0.01
0 0.229306 0.910304 0.01 0.01
0 0.154263 0.893392 0.01 0.01
0 0.290609 0.871196 0.01 0.01
0 0.274227 0.868554 0.01 0.01
0 0.250445 0.915060 0.01 0.01
0 0.232477 0.890750 0.01 0.01
0 0.210281 0.892335 0.01 0.01
0 0.286910 0.920345 0.01 0.01
0 0.292723 0.927743 0.01 0.01
0 0.275284 0.910304 0.01 0.01
0 0.294309 0.888108 0.01 0.01
0 0.306464 0.876481 0.01 0.01
0 0.380979 0.889165 0.01 0.01
0 0.386792 0.933557 0.01 0.01
0 0.451795 0.924044 0.01 0.01
0 0.452852 0.935670 0.01 0.01
0 0.459722 0.943598 0.01 0.01
0 0.458136 0.974778 0.01 0.01
0 0.485089 0.942541 0.01 0.01
0 0.344514 0.956809 0.01 0.01
0 0.431712 0.787697 0.01 0.01
0 0.392077 0.763387 0.01 0.01
0 0.308578 0.930386 0.01 0.01
0 0.352441 0.887051 0.01 0.01
0 0.336587 0.879652 0.01 0.01
0 0.453908 0.898677 0.01 0.01
0 0.336707 0.374200 0.01 0.01
0 0.337865 0.347177 0.01 0.01
0 0.386893 0.383080 0.01 0.01
0 0.406196 0.367252 0.01 0.01
0 0.387665 0.364935 0.01 0.01
0 0.397703 0.359145 0.01 0.01
0 0.395772 0.344475 0.01 0.01
0 0.405424 0.336368 0.01 0.01
0 0.395000 0.325172 0.01 0.01
0 0.381489 0.329033 0.01 0.01
0 0.418163 0.329033 0.01 0.01
0 0.432061 0.349493 0.01 0.01
0 0.421638 0.359531 0.01 0.01
0 0.409670 0.350651 0.01 0.01
0 0.421252 0.339842 0.01 0.01
0 0.337479 0.351424 0.01 0.01
0 0.310455 0.372656 0.01 0.01
0 0.327828 0.403926 0.01 0.01
0 0.334777 0.383466 0.01 0.01
0 0.325125 0.381149 0.01 0.01
0 0.306595 0.381921 0.01 0.01
0 0.334777 0.415122 0.01 0.01
0 0.318562 0.436354 0.01 0.01
0 0.370293 0.378061 0.01 0.01
0 0.373381 0.354898 0.01 0.01
0 0.362186 0.345633 0.01 0.01
0 0.349060 0.422843 0.01 0.01
0 0.364502 0.433652 0.01 0.01
0 0.418163 0.416280 0.01 0.01
0 0.435149 0.407787 0.01 0.01
0 0.447117 0.388870 0.01 0.01
0 0.439396 0.379991 0.01 0.01
0 0.449433 0.369182 0.01 0.01
0 0.465647 0.381149 0.01 0.01
0 0.501550 0.346791 0.01 0.01
0 0.512745 0.334437 0.01 0.01
0 0.502708 0.331735 0.01 0.01
0 0.533592 0.334823 0.01 0.01
0 0.544015 0.324400 0.01 0.01
0 0.557913 0.323628 0.01 0.01
0 0.431675 0.362233 0.01 0.01
0 0.347902 0.325172 0.01 0.01
0 0.337093 0.319767 0.01 0.01
0 0.483020 0.400838 0.01 0.01
0 0.434763 0.392731 0.01 0.01
0 0.430517 0.398522 0.01 0.01
0 0.383805 0.454499 0.01 0.01
0 0.375312 0.425545 0.01 0.01
0 0.421638 0.438285 0.01 0.01
0 0.410056 0.425545 0.01 0.01
0 0.400791 0.434424 0.01 0.01
0 0.415847 0.491174 0.01 0.01
0 0.412759 0.503913 0.01 0.01
0 0.430131 0.506229 0.01 0.01
0 0.450205 0.487699 0.01 0.01
0 0.367205 0.510090 0.01 0.01
0 0.368363 0.529392 0.01 0.01
0 0.451364 0.537886 0.01 0.01
0 0.465647 0.523988 0.01 0.01
0 0.452136 0.513178 0.01 0.01
0 0.478773 0.507388 0.01 0.01
0 0.474913 0.493876 0.01 0.01
0 0.443643 0.432880 0.01 0.01
0 0.462945 0.439829 0.01 0.01
0 0.470280 0.393503 0.01 0.01
0 0.489969 0.424001 0.01 0.01
0 0.464875 0.349879 0.01 0.01
0 0.449433 0.337912 0.01 0.01
0 0.437466 0.337912 0.01 0.01
0 0.452136 0.321698 0.01 0.01
0 0.410442 0.320926 0.01 0.01
0 0.459857 0.325172 0.01 0.01
0 0.460243 0.335982 0.01 0.01
0 0.483792 0.322470 0.01 0.01
0 0.472210 0.325558 0.01 0.01
0 0.493443 0.322470 0.01 0.01
0 0.506955 0.323628 0.01 0.01
0 0.507341 0.377675 0.01 0.01
0 0.477615 0.361461 0.01 0.01
0 0.550578 0.342544 0.01 0.01
0 0.559844 0.335982 0.01 0.01
0 0.324353 0.312239 0.01 0.01
0 0.378400 0.309923 0.01 0.01
0 0.354465 0.310695 0.01 0.01
0 0.451750 0.272090 0.01 0.01
0 0.479545 0.272090 0.01 0.01
0 0.490355 0.282900 0.01 0.01
0 0.478773 0.283672 0.01 0.01
0 0.526643 0.269774 0.01 0.01
0 0.520466 0.272090 0.01 0.01
0 0.447889 0.463571 0.01 0.01
0 0.410056 0.441952 0.01 0.01
0 0.358326 0.386361 0.01 0.01
0 0.350605 0.407980 0.01 0.01
0 1.520823 1.048961 0.01 0.01
0 1.551991 1.033377 0.01 0.01
0 1.529481 0.988355 0.01 0.01
0 1.506970 1.017792 0.01 0.01
0 1.532944 0.932944 0.01 0.01
0 1.576234 0.946797 0.01 0.01
0 1.581429 0.905238 0.01 0.01
0 1.591818 0.898312 0.01 0.01
0 1.562381 0.893117 0.01 0.01
0 1.520823 0.905238 0.01 0.01
0 1.539870 0.880996 0.01 0.01
0 1.583160 0.849827 0.01 0.01
0 1.567576 0.846364 0.01 0.01
0 1.591818 0.803074 0.01 0.01
0 1.524286 0.825584 0.01 0.01
0 1.527749 0.858485 0.01 0.01
0 1.520823 0.879264 0.01 0.01
0 1.482727 1.036840 0.01 0.01
0 1.437706 1.012597 0.01 0.01
0 1.480996 1.014329 0.01 0.01
0 1.486190 0.931212 0.01 0.01
0 1.496580 0.894848 0.01 0.01
0 1.442900 0.939870 0.01 0.01
0 1.449827 0.919091 0.01 0.01
0 1.406537 1.017792 0.01 0.01
0 1.411732 0.969307 0.01 0.01
0 1.448095 0.964113 0.01 0.01
0 1.463680 0.872338 0.01 0.01
0 1.480996 0.865411 0.01 0.01
0 1.482727 0.801342 0.01 0.01
0 1.532944 0.803074 0.01 0.01
0 1.527749 0.761515 0.01 0.01
0 1.572771 0.728615 0.01 0.01
0 1.572771 0.700909 0.01 0.01
0 1.586623 0.775368 0.01 0.01
0 1.571039 0.642035 0.01 0.01
0 1.590087 0.583160 0.01 0.01
0 1.583160 0.558918 0.01 0.01
0 1.583160 0.546797 0.01 0.01
0 1.590087 0.508701 0.01 0.01
0 1.581429 0.494848 0.01 0.01
0 1.581429 0.467143 0.01 0.01
0 1.560649 0.465411 0.01 0.01
0 1.586623 0.368442 0.01 0.01
0 1.593550 0.288788 0.01 0.01
0 1.597013 0.313030 0.01 0.01
0 1.583160 0.274935 0.01 0.01
0 1.567576 0.271472 0.01 0.01
0 1.588355 0.242035 0.01 0.01
0 1.579697 0.226450 0.01 0.01
0 1.591818 0.138139 0.01 0.01
0 1.486190 0.202208 0.01 0.01
0 1.498312 0.295714 0.01 0.01
0 1.526017 0.235108 0.01 0.01
0 1.524286 0.250693 0.01 0.01
0 1.553723 0.292251 0.01 0.01
0 1.546797 0.307835 0.01 0.01
0 1.551991 0.328615 0.01 0.01
0 1.541602 0.319957 0.01 0.01
0 1.572771 0.325152 0.01 0.01
0 0.410703 0.297825 0.01 0.01
0 0.437267 0.286019 0.01 0.01
0 0.400583 0.299090 0.01 0.01
0 0.514852 0.305415 0.01 0.01
0 0.504732 0.303729 0.01 0.01
0 0.493347 0.306680 0.01 0.01
0 0.564186 0.284754 0.01 0.01
0 0.616471 0.269996 0.01 0.01
0 0.629542 0.264936 0.01 0.01
0 0.681828 0.264936 0.01 0.01
0 0.695742 0.266623 0.01 0.01
0 0.666226 0.279694 0.01 0.01
0 0.637554 0.284332 0.01 0.01
0 0.607195 0.302042 0.01 0.01
0 0.603821 0.271261 0.01 0.01
0 0.594123 0.267888 0.01 0.01
0 0.600026 0.283489 0.01 0.01
0 0.585690 0.284332 0.01 0.01
0 0.588642 0.305415 0.01 0.01
0 0.601291 0.293609 0.01 0.01
0 0.606351 0.323125 0.01 0.01
0 0.614784 0.321438 0.01 0.01
0 0.616049 0.309632 0.01 0.01
0 0.627012 0.320595 0.01 0.01
0 0.637554 0.333245 0.01 0.01
0 0.562077 0.300777 0.01 0.01
0 0.551958 0.282646 0.01 0.01
0 0.562077 0.359809 0.01 0.01
0 0.559126 0.352641 0.01 0.01
0 0.566716 0.345473 0.01 0.01
0 0.583160 0.339991 0.01 0.01
0 0.578522 0.308367 0.01 0.01
0 0.577679 0.287706 0.01 0.01
0 0.609725 0.335774 0.01 0.01
0 0.626591 0.334088 0.01 0.01
0 0.633337 0.374988 0.01 0.01
0 0.590750 0.365712 0.01 0.01
0 0.578522 0.366555 0.01 0.01
0 0.590750 0.351376 0.01 0.01
0 0.545633 0.363182 0.01 0.01
0 0.532561 0.377097 0.01 0.01
0 0.522020 0.378362 0.01 0.01
0 0.525393 0.396493 0.01 0.01
0 0.535513 0.400710 0.01 0.01
0 0.537621 0.416311 0.01 0.01
0 0.565451 0.403661 0.01 0.01
0 0.585690 0.382157 0.01 0.01
0 0.599183 0.396071 0.01 0.01
0 0.596653 0.385952 0.01 0.01
0 0.608881 0.380048 0.01 0.01
0 0.578522 0.296982 0.01 0.01
0 0.715982 0.281381 0.01 0.01
0 0.712187 0.305837 0.01 0.01
0 0.726102 0.297825 0.01 0.01
0 0.740016 0.290657 0.01 0.01
0 0.750136 0.280116 0.01 0.01
0 0.744233 0.263671 0.01 0.01
0 0.756039 0.263671 0.01 0.01
0 0.771219 0.262406 0.01 0.01
0 0.764472 0.282646 0.01 0.01
0 0.766159 0.301199 0.01 0.01
0 0.748871 0.296982 0.01 0.01
0 0.755618 0.314270 0.01 0.01
0 0.737908 0.310897 0.01 0.01
0 0.722728 0.320173 0.01 0.01
0 0.740016 0.334088 0.01 0.01
0 0.765316 0.328185 0.01 0.01
0 0.708392 0.324811 0.01 0.01
0 0.681828 0.288549 0.01 0.01
0 0.693212 0.309632 0.01 0.01
0 0.685201 0.304150 0.01 0.01
0 0.672551 0.293187 0.01 0.01
0 0.654420 0.299090 0.01 0.01
0 0.650204 0.280116 0.01 0.01
0 0.658637 0.308367 0.01 0.01
0 0.673395 0.325233 0.01 0.01
0 0.667070 0.317222 0.01 0.01
0 0.640927 0.319752 0.01 0.01
0 0.644722 0.390590 0.01 0.01
0 0.673816 0.390168 0.01 0.01
0 0.700802 0.377097 0.01 0.01
0 0.725258 0.366555 0.01 0.01
0 0.711344 0.366555 0.01 0.01
0 0.713874 0.344629 0.01 0.01
0 0.745498 0.377097 0.01 0.01
0 0.774170 0.355592 0.01 0.01
0 0.772905 0.339148 0.01 0.01
0 0.740438 0.278851 0.01 0.01
0 0.707970 0.279273 0.01 0.01
0 0.736221 0.417576 0.01 0.01
0 0.752244 0.426431 0.01 0.01
0 0.736643 0.402396 0.01 0.01
0 0.726945 0.393120 0.01 0.01
0 0.715560 0.373302 0.01 0.01
0 0.773327 0.369507 0.01 0.01
0 0.764472 0.358544 0.01 0.01
0 0.690683 0.415467 0.01 0.01
0 0.675925 0.415467 0.01 0.01
0 0.658215 0.416311 0.01 0.01
0 0.654842 0.447092 0.01 0.01
0 0.609303 0.421371 0.01 0.01
0 0.611833 0.397758 0.01 0.01
0 0.593280 0.438237 0.01 0.01
0 0.571775 0.422214 0.01 0.01
0 0.547319 0.380892 0.01 0.01
0 0.538465 0.427696 0.01 0.01
0 0.551536 0.444983 0.01 0.01
0 0.545633 0.454682 0.01 0.01
0 0.549428 0.461850 0.01 0.01
0 0.571354 0.438237 0.01 0.01
0 0.584425 0.426431 0.01 0.01
0 0.617736 0.442032 0.01 0.01
0 0.629964 0.449200 0.01 0.01
0 0.610568 0.460585 0.01 0.01
0 0.600448 0.452995 0.01 0.01
0 0.583582 0.455103 0.01 0.01
0 0.709657 0.455946 0.01 0.01
0 0.722728 0.410408 0.01 0.01
0 0.723150 0.423479 0.01 0.01
0 0.767002 0.459741 0.01 0.01
0 0.767424 0.436972 0.01 0.01
0 0.695321 0.459741 0.01 0.01
0 0.680984 0.450465 0.01 0.01
0 0.507961 0.481817 0.01 0.01
0 0.500366 0.485073 0.01 0.01
0 0.517727 0.475669 0.01 0.01
0 0.561491 0.528113 0.01 0.01
0 0.550278 0.502072 0.01 0.01
0 0.591873 0.491945 0.01 0.01
0 0.599830 0.483264 0.01 0.01
0 0.618276 0.486881 0.01 0.01
0 0.595128 0.512199 0.01 0.01
0 0.539066 0.557048 0.01 0.01
0 0.527130 0.551623 0.01 0.01
0 0.517003 0.549453 0.01 0.01
0 0.538343 0.523050 0.01 0.01
0 0.527130 0.622514 0.01 0.01
0 0.513748 0.591409 0.01 0.01
0 0.527492 0.581643 0.01 0.01
0 0.543406 0.568984 0.01 0.01
0 0.561491 0.567899 0.01 0.01
0 0.545577 0.588877 0.01 0.01
0 0.565469 0.595026 0.01 0.01
0 0.551002 0.602621 0.01 0.01
0 0.553534 0.661938 0.01 0.01
0 0.581022 0.659768 0.01 0.01
0 0.569448 0.663384 0.01 0.01
0 0.581022 0.638066 0.01 0.01
0 0.583915 0.626854 0.01 0.01
0 0.518812 0.664831 0.01 0.01
0 0.511216 0.655789 0.01 0.01
0 0.591873 0.553432 0.01 0.01
0 0.574873 0.550538 0.01 0.01
0 0.563299 0.506774 0.01 0.01
0 0.607787 0.511837 0.01 0.01
0 0.633828 0.491945 0.01 0.01
0 0.652636 0.518710 0.01 0.01
0 0.644679 0.497732 0.01 0.01
0 0.672529 0.472414 0.01 0.01
0 0.689890 0.487243 0.01 0.01
0 0.678677 0.503519 0.01 0.01
0 0.688805 0.507136 0.01 0.01
0 0.694953 0.534262 0.01 0.01
0 0.676869 0.537879 0.01 0.01
0 0.646126 0.516178 0.01 0.01
0 0.620808 0.558133 0.01 0.01
0 0.602000 0.563197 0.01 0.01
0 0.660231 0.588877 0.01 0.01
0 0.654083 0.593579 0.01 0.01
0 0.686273 0.609131 0.01 0.01
0 0.681933 0.590685 0.01 0.01
0 0.713399 0.617450 0.01 0.01
0 0.734016 0.578026 0.01 0.01
0 0.743420 0.534262 0.01 0.01
0 0.663848 0.608408 0.01 0.01
0 0.690251 0.640598 0.01 0.01
0 0.615744 0.646024 0.01 0.01
0 0.613935 0.616727 0.01 0.01
0 0.587894 0.619620 0.01 0.01
0 0.642509 0.619259 0.01 0.01
0 0.662040 0.636981 0.01 0.01
0 0.623701 0.671703 0.01 0.01
0 0.611765 0.658683 0.01 0.01
0 0.677231 0.667363 0.01 0.01
0 0.596936 0.645662 0.01 0.01
0 0.624063 0.511114 0.01 0.01
0 0.600553 0.530645 0.01 0.01
0 0.794397 0.264245 0.01 0.01
0 0.786335 0.263349 0.01 0.01
0 0.821718 0.262005 0.01 0.01
0 0.824854 0.271411 0.01 0.01
0 0.859789 0.265588 0.01 0.01
0 0.875018 0.247673 0.01 0.01
0 0.894725 0.255735 0.01 0.01
0 0.905474 0.262005 0.01 0.01
0 0.932796 0.253943 0.01 0.01
0 0.938618 0.265140 0.01 0.01
0 0.899652 0.283952 0.01 0.01
0 0.884871 0.279473 0.01 0.01
0 0.873674 0.275890 0.01 0.01
0 0.852623 0.274994 0.01 0.01
0 0.811417 0.282608 0.01 0.01
0 0.803803 0.300076 0.01 0.01
0 0.810521 0.327845 0.01 0.01
0 0.840978 0.313513 0.01 0.01
0 0.853967 0.316648 0.01 0.01
0 0.895173 0.300076 0.01 0.01
0 0.895173 0.313065 0.01 0.01
0 0.867403 0.334116 0.01 0.01
0 0.853967 0.332772 0.01 0.01
0 0.840082 0.350688 0.01 0.01
0 0.829780 0.348896 0.01 0.01
0 0.819479 0.345761 0.01 0.01
0 0.814104 0.356511 0.01 0.01
0 0.805146 0.350688 0.01 0.01
0 0.782752 0.356958 0.01 0.01
0 0.791262 0.382488 0.01 0.01
0 0.788574 0.390998 0.01 0.01
0 0.798428 0.373083 0.01 0.01
0 0.808282 0.398612 0.01 0.01
0 0.830676 0.459526 0.01 0.01
0 0.813208 0.454599 0.01 0.01
0 0.826645 0.413841 0.01 0.01
0 0.850831 0.424142 0.01 0.01
0 0.863820 0.476994 0.01 0.01
0 0.840082 0.514617 0.01 0.01
0 0.837842 0.505211 0.01 0.01
0 0.859789 0.516856 0.01 0.01
0 0.883975 0.489535 0.01 0.01
0 0.892933 0.466244 0.01 0.01
0 0.882632 0.460870 0.01 0.01
0 0.857550 0.448776 0.01 0.01
0 0.870539 0.425486 0.01 0.01
0 0.865164 0.417872 0.01 0.01
0 0.832468 0.364125 0.01 0.01
0 0.870539 0.348448 0.01 0.01
0 0.854414 0.347553 0.01 0.01
0 0.882184 0.351584 0.01 0.01
0 0.903683 0.350688 0.01 0.01
0 0.915328 0.328741 0.01 0.01
0 0.924734 0.332324 0.01 0.01
0 0.902787 0.329189 0.01 0.01
0 0.913984 0.315304 0.01 0.01
0 0.938618 0.292462 0.01 0.01
0 0.953847 0.295149 0.01 0.01
0 0.963700 0.271411 0.01 0.01
0 0.966836 0.251704 0.01 0.01
0 0.978033 0.264245 0.01 0.01
0 0.956534 0.260214 0.01 0.01
0 0.989678 0.263797 0.01 0.01
0 1.011625 0.262005 0.01 0.01
0 1.031780 0.263349 0.01 0.01
0 1.015208 0.249464 0.01 0.01
0 1.061341 0.258870 0.01 0.01
0 1.051039 0.252599 0.01 0.01
0 1.041186 0.252599 0.01 0.01
0 1.089110 0.253943 0.01 0.01
0 1.102099 0.269619 0.01 0.01
0 1.110161 0.266484 0.01 0.01
0 1.077465 0.297389 0.01 0.01
0 1.058206 0.303659 0.01 0.01
0 1.047008 0.309930 0.01 0.01
0 1.027301 0.309034 0.01 0.01
0 1.037155 0.273650 0.01 0.01
0 1.029988 0.294701 0.01 0.01
0 1.001771 0.296941 0.01 0.01
0 0.993261 0.291566 0.01 0.01
0 0.948920 0.316200 0.01 0.01
0 0.938170 0.312169 0.01 0.01
0 0.978033 0.313513 0.01 0.01
0 0.995501 0.320231 0.01 0.01
0 0.963252 0.334116 0.01 0.01
0 0.931452 0.325158 0.01 0.01
0 0.986991 0.335012 0.01 0.01
0 1.012968 0.342626 0.01 0.01
0 1.026853 0.337251 0.01 0.01
0 1.012073 0.312617 0.01 0.01
0 1.060893 0.333220 0.01 0.01
0 1.088662 0.325606 0.01 0.01
0 1.102099 0.348896 0.01 0.01
0 1.093589 0.334564 0.01 0.01
0 1.083288 0.357854 0.01 0.01
0 1.111505 0.369947 0.01 0.01
0 1.127629 0.352927 0.01 0.01
0 1.127181 0.372187 0.01 0.01
0 1.125390 0.412049 0.01 0.01
0 1.116432 0.433548 0.01 0.01
0 1.124494 0.446089 0.01 0.01
0 1.088662 0.418320 0.01 0.01
0 1.107474 0.421455 0.01 0.01
0 1.090454 0.395477 0.01 0.01
0 1.082392 0.378457 0.01 0.01
0 1.068507 0.374426 0.01 0.01
0 1.024614 0.363229 0.01 0.01
0 1.032676 0.376666 0.01 0.01
0 1.047008 0.335907 0.01 0.01
0 1.038050 0.402644 0.01 0.01
0 1.050144 0.387863 0.01 0.01
0 1.070747 0.425486 0.01 0.01
0 1.047456 0.445193 0.01 0.01
0 1.052383 0.472515 0.01 0.01
0 1.098068 0.476546 0.01 0.01
0 1.105234 0.442506 0.01 0.01
0 1.121806 0.509242 0.01 0.01
0 1.101203 0.513721 0.01 0.01
0 1.085079 0.498045 0.01 0.01
0 1.069403 0.511481 0.01 0.01
0 1.061341 0.500732 0.01 0.01
0 1.038946 0.500732 0.01 0.01
0 1.030884 0.495357 0.01 0.01
0 1.028197 0.477442 0.01 0.01
0 0.994605 0.489087 0.01 0.01
0 0.988334 0.514617 0.01 0.01
0 1.008937 0.472963 0.01 0.01
0 0.973554 0.490878 0.01 0.01
0 0.958326 0.498493 0.01 0.01
0 0.982960 0.470723 0.01 0.01
0 0.935931 0.492222 0.01 0.01
0 0.904578 0.497149 0.01 0.01
0 0.919359 0.485952 0.01 0.01
0 0.939066 0.471171 0.01 0.01
0 0.892037 0.504315 0.01 0.01
0 0.959221 0.444298 0.01 0.01
0 0.939514 0.445193 0.01 0.01
0 0.919359 0.438923 0.01 0.01
0 0.909057 0.442506 0.01 0.01
0 0.898756 0.445193 0.01 0.01
0 0.892933 0.427278 0.01 0.01
0 0.913536 0.401300 0.01 0.01
0 0.926077 0.409810 0.01 0.01
0 0.933691 0.403539 0.01 0.01
0 0.956982 0.423247 0.01 0.01
0 0.950711 0.411601 0.01 0.01
0 0.982512 0.420559 0.01 0.01
0 1.007594 0.420559 0.01 0.01
0 0.990126 0.398165 0.01 0.01
0 1.005802 0.393238 0.01 0.01
0 0.979824 0.390998 0.01 0.01
0 0.963252 0.379353 0.01 0.01
0 0.884871 0.373530 0.01 0.01
0 0.917119 0.375322 0.01 0.01
0 0.945785 0.376218 0.01 0.01
0 0.979824 0.325158 0.01 0.01
0 0.837842 0.445193 0.01 0.01
0 0.487551 0.992369 0.01 0.01
0 0.501224 0.977842 0.01 0.01
0 0.515751 0.982114 0.01 0.01
0 0.551643 0.994933 0.01 0.01
0 0.407223 1.023133 0.01 0.01
0 0.319203 0.969296 0.01 0.01
0 0.302112 0.943659 0.01 0.01
0 0.503788 0.928277 0.01 0.01
0 0.516606 0.947932 0.01 0.01
0 0.544806 0.944514 0.01 0.01
0 0.553352 0.962460 0.01 0.01
0 0.604625 0.974423 0.01 0.01
0 0.580698 0.964169 0.01 0.01
0 0.556770 0.926568 0.01 0.01
0 0.533697 0.932550 0.01 0.01
0 0.528570 0.902641 0.01 0.01
0 0.513188 0.906913 0.01 0.01
0 0.511479 0.840258 0.01 0.01
0 0.494387 0.835131 0.01 0.01
0 0.526006 0.860767 0.01 0.01
0 0.549079 0.866749 0.01 0.01
0 0.563607 0.876149 0.01 0.01
0 0.574716 0.870168 0.01 0.01
0 0.561043 0.904350 0.01 0.01
0 0.561897 0.892386 0.01 0.01
0 0.643080 1.053043 0.01 0.01
0 0.661881 1.059879 0.01 0.01
0 0.717427 1.059879 0.01 0.01
0 0.734518 1.046206 0.01 0.01
0 0.772118 1.043643 0.01 0.01
0 0.803737 1.037661 0.01 0.01
0 0.818264 1.046206 0.01 0.01
0 0.845610 1.040224 0.01 0.01
0 0.879793 1.053897 0.01 0.01
0 0.896884 1.035097 0.01 0.01
0 0.878083 1.016297 0.01 0.01
0 0.795191 1.011169 0.01 0.01
0 0.779809 0.994933 0.01 0.01
0 0.719136 0.968442 0.01 0.01
0 0.716572 0.935114 0.01 0.01
0 0.659317 0.929987 0.01 0.01
0 0.656753 0.914604 0.01 0.01
0 0.636244 0.916314 0.01 0.01
0 0.603771 0.878713 0.01 0.01
0 0.588389 0.880422 0.01 0.01
0 0.623426 0.881277 0.01 0.01
0 0.537115 0.829149 0.01 0.01
0 0.515751 0.799239 0.01 0.01
0 0.503788 0.804367 0.01 0.01
0 0.525152 0.787276 0.01 0.01
0 0.545661 0.790694 0.01 0.01
0 0.556770 0.786421 0.01 0.01
0 0.581552 0.765912 0.01 0.01
0 0.564461 0.765057 0.01 0.01
0 0.518315 0.724038 0.01 0.01
0 0.533697 0.726602 0.01 0.01
0 0.531133 0.707802 0.01 0.01
0 0.548225 0.707802 0.01 0.01
0 0.567879 0.678747 0.01 0.01
0 0.584970 0.701820 0.01 0.01
0 0.581552 0.720620 0.01 0.01
0 0.609753 0.734293 0.01 0.01
0 0.623426 0.736002 0.01 0.01
0 0.634535 0.737711 0.01 0.01
0 0.576425 0.790694 0.01 0.01
0 0.593516 0.803512 0.01 0.01
0 0.614025 0.804367 0.01 0.01
0 0.610607 0.830858 0.01 0.01
0 0.643935 0.987242 0.01 0.01
0 0.841337 0.971005 0.01 0.01
0 0.884065 0.979551 0.01 0.01
0 0.885774 0.950496 0.01 0.01
0 0.900302 0.941950 0.01 0.01
0 0.886629 0.935114 0.01 0.01
0 0.906284 0.923150 0.01 0.01
0 0.894320 0.914604 0.01 0.01
0 0.969521 0.922295 0.01 0.01
0 0.947303 0.959896 0.01 0.01
0 0.941321 1.015442 0.01 0.01
0 0.899447 0.998351 0.01 0.01
0 0.843047 0.935114 0.01 0.01
0 0.828519 0.944514 0.01 0.01
0 0.820828 0.943659 0.01 0.01
0 0.806301 0.900077 0.01 0.01
0 0.794337 0.884695 0.01 0.01
0 0.781519 0.894095 0.01 0.01
0 0.744773 0.894950 0.01 0.01
0 0.743063 0.965878 0.01 0.01
0 0.726827 0.880422 0.01 0.01
0 0.695208 0.874440 0.01 0.01
0 0.679826 0.878713 0.01 0.01
0 0.652480 0.877004 0.01 0.01
0 0.689226 0.803512 0.01 0.01
0 0.669572 0.829149 0.01 0.01
0 0.654190 0.765912 0.01 0.01
0 0.531133 0.783003 0.01 0.01
0 0.684099 0.704384 0.01 0.01
0 0.687517 0.682165 0.01 0.01
0 0.833646 0.575345 0.01 0.01
0 0.820828 0.558254 0.01 0.01
0 0.856720 0.572782 0.01 0.01
0 0.848174 0.578764 0.01 0.01
0 0.884065 0.552272 0.01 0.01
0 0.775537 0.683874 0.01 0.01
0 0.774682 0.668492 0.01 0.01
0 0.764427 0.706093 0.01 0.01
0 0.744773 0.700111 0.01 0.01
0 0.751609 0.678747 0.01 0.01
0 0.740500 0.669347 0.01 0.01
0 0.723409 0.729166 0.01 0.01
0 0.751609 0.724038 0.01 0.01
0 0.761864 0.746257 0.01 0.01
0 0.743918 0.747111 0.01 0.01
0 0.715718 0.771039 0.01 0.01
0 0.704608 0.761639 0.01 0.01
0 0.688372 0.765057 0.01 0.01
0 0.684954 0.743693 0.01 0.01
0 0.699481 0.740275 0.01 0.01
0 0.672135 0.740275 0.01 0.01
0 0.703754 0.828294 0.01 0.01
0 0.726827 0.842822 0.01 0.01
0 0.755882 0.773603 0.01 0.01
0 0.783228 0.783003 0.01 0.01
0 0.768700 0.778730 0.01 0.01
0 0.834501 0.790694 0.01 0.01
0 0.836210 0.777021 0.01 0.01
0 0.859283 0.723184 0.01 0.01
0 0.898593 0.659947 0.01 0.01
0 0.962685 0.630892 0.01 0.01
0 0.981485 0.611237 0.01 0.01
0 0.972939 0.546291 0.01 0.01
0 0.932775 0.555691 0.01 0.01
0 1.017376 0.565091 0.01 0.01
0 1.035322 0.552272 0.01 0.01
0 1.032758 0.600982 0.01 0.01
0 1.015667 0.652256 0.01 0.01
0 1.030195 0.636874 0.01 0.01
0 0.968666 0.665928 0.01 0.01
0 0.939612 0.680456 0.01 0.01
0 0.916538 0.694983 0.01 0.01
0 0.949866 0.726602 0.01 0.01
0 0.937048 0.737711 0.01 0.01
0 0.942175 0.759075 0.01 0.01
0 0.953284 0.749675 0.01 0.01
0 0.963539 0.728311 0.01 0.01
0 0.998576 0.692420 0.01 0.01
0 1.044722 0.662510 0.01 0.01
0 1.047286 0.560818 0.01 0.01
0 1.018231 0.608673 0.01 0.01
0 1.008831 0.626619 0.01 0.01
0 0.925939 0.588164 0.01 0.01
0 0.913975 0.549709 0.01 0.01
0 0.902011 0.560818 0.01 0.01
0 0.876374 0.762493 0.01 0.01
0 0.927648 0.741129 0.01 0.01
0 0.907138 0.802658 0.01 0.01
0 0.956703 0.793257 0.01 0.01
0 0.966103 0.771039 0.01 0.01
0 0.945593 0.779585 0.01 0.01
0 1.009685 0.707802 0.01 0.01
0 1.021649 0.717202 0.01 0.01
0 1.033613 0.723184 0.01 0.01
0 1.045577 0.732584 0.01 0.01
0 1.035322 0.752239 0.01 0.01
0 1.031049 0.767621 0.01 0.01
0 1.007121 0.790694 0.01 0.01
0 0.989176 0.723184 0.01 0.01
0 1.000285 0.818894 0.01 0.01
0 1.016522 0.806930 0.01 0.01
0 1.013103 0.860767 0.01 0.01
0 1.029340 0.898368 0.01 0.01
0 1.033613 0.880422 0.01 0.01
0 1.035322 0.913750 0.01 0.01
0 1.011394 0.949641 0.01 0.01
0 1.025067 0.964169 0.01 0.01
0 1.021649 0.997496 0.01 0.01
0 0.972939 0.964169 0.01 0.01
0 0.944739 0.910332 0.01 0.01
0 0.955848 0.882131 0.01 0.01
0 0.985758 0.869313 0.01 0.01
0 0.976357 0.850513 0.01 0.01
0 0.949866 0.842822 0.01 0.01
0 0.929357 0.826585 0.01 0.01
0 0.914829 0.836840 0.01 0.01
0 0.883211 0.829149 0.01 0.01
0 0.872956 0.828294 0.01 0.01
0 0.888338 0.850513 0.01 0.01
0 0.872956 0.854786 0.01 0.01
0 0.860992 0.894095 0.01 0.01
0 0.818264 0.850513 0.01 0.01
0 0.823392 0.829149 0.01 0.01
0 0.841337 0.818894 0.01 0.01
0 0.758445 0.806930 0.01 0.01
0 0.782373 0.860767 0.01 0.01
0 0.673844 0.839403 0.01 0.01
0 0.790087 0.575801 0.01 0.01
0 0.795281 0.594848 0.01 0.01
0 0.772771 0.615628 0.01 0.01
0 0.969307 0.524719 0.01 0.01
0 0.898312 0.527316 0.01 0.01
0 0.917359 0.524719 0.01 0.01
0 0.884459 0.518658 0.01 0.01
0 1.156320 0.388788 0.01 0.01
0 1.144199 0.380996 0.01 0.01
0 1.153723 0.416494 0.01 0.01
0 1.174502 0.409567 0.01 0.01
0 1.150260 0.452857 0.01 0.01
0 1.179697 0.443333 0.01 0.01
0 0.821255 0.226450 0.01 0.01
0 0.809134 0.222987 0.01 0.01
0 1.105238 0.217792 0.01 0.01
0 1.164113 0.238571 0.01 0.01
0 1.293983 0.235108 0.01 0.01
0 1.129271 0.265333 0.01 0.01
0 1.139765 0.270580 0.01 0.01
0 1.153408 0.265333 0.01 0.01
0 1.183842 0.264283 0.01 0.01
0 1.152359 0.280025 0.01 0.01
0 1.111430 0.314657 0.01 0.01
0 1.192238 0.287371 0.01 0.01
0 1.217425 0.278975 0.01 0.01
0 1.141864 0.307311 0.01 0.01
0 1.129271 0.311509 0.01 0.01
0 1.201683 0.308360 0.01 0.01
0 1.212178 0.327250 0.01 0.01
0 1.199584 0.325152 0.01 0.01
0 1.167051 0.345091 0.01 0.01
0 1.182793 0.326201 0.01 0.01
0 1.183842 0.348240 0.01 0.01
0 1.247859 0.248541 0.01 0.01
0 1.259403 0.278975 0.01 0.01
0 1.240513 0.264283 0.01 0.01
0 1.278293 0.304162 0.01 0.01
0 1.263601 0.322003 0.01 0.01
0 1.295085 0.264283 0.01 0.01
0 1.342310 0.230701 0.01 0.01
0 1.364349 0.248541 0.01 0.01
0 1.403179 0.236997 0.01 0.01
0 1.457750 0.219157 0.01 0.01
0 1.473492 0.277926 0.01 0.01
0 1.517569 0.344042 0.01 0.01
0 1.550102 0.339844 0.01 0.01
0 1.555350 0.363981 0.01 0.01
0 1.540657 0.358734 0.01 0.01
0 1.562696 0.411207 0.01 0.01
0 1.549053 0.399663 0.01 0.01
0 1.535410 0.499361 0.01 0.01
0 1.507075 0.472075 0.01 0.01
0 1.499728 0.402811 0.01 0.01
0 1.458800 0.403861 0.01 0.01
0 1.482937 0.358734 0.01 0.01
0 1.497630 0.344042 0.01 0.01
0 1.478739 0.337745 0.01 0.01
0 1.471393 0.329349 0.01 0.01
0 1.454602 0.338794 0.01 0.01
0 1.459849 0.316756 0.01 0.01
0 1.487135 0.287371 0.01 0.01
0 1.430464 0.299965 0.01 0.01
0 1.416821 0.281074 0.01 0.01
0 1.423118 0.271629 0.01 0.01
0 1.416821 0.256937 0.01 0.01
0 1.402129 0.252739 0.01 0.01
0 1.396882 0.275827 0.01 0.01
0 1.373794 0.253789 0.01 0.01
0 1.362250 0.230701 0.01 0.01
0 1.322370 0.242245 0.01 0.01
0 1.323420 0.257986 0.01 0.01
0 1.334964 0.260085 0.01 0.01
0 1.369596 0.273728 0.01 0.01
0 1.377992 0.275827 0.01 0.01
0 1.308728 0.285272 0.01 0.01
0 1.331816 0.285272 0.01 0.01
0 1.296134 0.324102 0.01 0.01
0 1.315024 0.325152 0.01 0.01
0 1.325519 0.324102 0.01 0.01
0 1.340211 0.334597 0.01 0.01
0 1.367497 0.315706 0.01 0.01
0 1.363299 0.336696 0.01 0.01
0 1.393733 0.348240 0.01 0.01
0 1.413673 0.337745 0.01 0.01
0 1.408426 0.327250 0.01 0.01
0 1.383239 0.323053 0.01 0.01
0 1.376942 0.318855 0.01 0.01
0 1.234216 0.316756 0.01 0.01
0 1.298233 0.363981 0.01 0.01
0 1.308728 0.337745 0.01 0.01
0 1.328667 0.369229 0.01 0.01
0 1.273046 0.374476 0.01 0.01
0 1.209029 0.373426 0.01 0.01
0 1.207980 0.399663 0.01 0.01
0 1.218474 0.384970 0.01 0.01
0 1.233167 0.393366 0.01 0.01
0 1.233167 0.408059 0.01 0.01
0 1.216375 0.414355 0.01 0.01
0 1.203782 0.441641 0.01 0.01
0 1.240513 0.433245 0.01 0.01
0 1.252057 0.418553 0.01 0.01
0 1.273046 0.443740 0.01 0.01
0 1.257304 0.447938 0.01 0.01
0 1.247859 0.459482 0.01 0.01
0 1.132419 0.492015 0.01 0.01
0 1.173348 0.482570 0.01 0.01
0 1.233167 0.467877 0.01 0.01
0 1.192238 0.501460 0.01 0.01
0 1.114578 0.536092 0.01 0.01
0 1.183842 0.548686 0.01 0.01
0 1.197485 0.517202 0.01 0.01
0 1.226870 0.518251 0.01 0.01
0 1.238414 0.524548 0.01 0.01
0 1.252057 0.521400 0.01 0.01
0 1.282491 0.495163 0.01 0.01
0 1.303480 0.521400 0.01 0.01
0 1.334964 0.414355 0.01 0.01
0 1.342310 0.393366 0.01 0.01
0 1.412624 0.363981 0.01 0.01
0 1.422069 0.392317 0.01 0.01
0 1.421019 0.371328 0.01 0.01
0 1.434662 0.373426 0.01 0.01
0 1.467195 0.466828 0.01 0.01
0 1.392684 0.464729 0.01 0.01
0 1.379041 0.451086 0.01 0.01
0 1.400030 0.450037 0.01 0.01
0 1.398981 0.410157 0.01 0.01
0 1.372744 0.407009 0.01 0.01
0 1.345458 0.479421 0.01 0.01
0 1.359101 0.501460 0.01 0.01
0 1.408426 0.517202 0.01 0.01
0 1.414723 0.487817 0.01 0.01
0 1.425217 0.499361 0.01 0.01
0 1.458800 0.497262 0.01 0.01
0 1.513371 0.521400 0.01 0.01
0 1.513371 0.509856 0.01 0.01
0 1.491333 0.521400 0.01 0.01
0 1.455651 0.547636 0.01 0.01
0 1.429415 0.521400 0.01 0.01
0 1.438860 0.545537 0.01 0.01
0 1.407376 0.548686 0.01 0.01
0 1.534360 0.528746 0.01 0.01
0 1.503926 0.545537 0.01 0.01
0 1.519668 0.598010 0.01 0.01
0 1.532262 0.615851 0.01 0.01
0 1.494481 0.667274 0.01 0.01
0 1.491333 0.638939 0.01 0.01
0 1.458800 0.609554 0.01 0.01
0 1.457750 0.582268 0.01 0.01
0 1.496580 0.587515 0.01 0.01
0 1.493432 0.730241 0.01 0.01
0 1.478739 0.741785 0.01 0.01
0 1.457750 0.741785 0.01 0.01
0 1.468245 0.789011 0.01 0.01
0 1.511272 0.761725 0.01 0.01
0 1.439909 0.759626 0.01 0.01
0 1.433613 0.787961 0.01 0.01
0 1.443058 0.726044 0.01 0.01
0 1.427316 0.718697 0.01 0.01
0 1.466146 0.683016 0.01 0.01
0 1.461948 0.641038 0.01 0.01
0 1.473492 0.630543 0.01 0.01
0 1.478739 0.608505 0.01 0.01
0 1.506025 0.612702 0.01 0.01
0 1.410525 0.705054 0.01 0.01
0 1.389536 0.694560 0.01 0.01
0 1.382189 0.713450 0.01 0.01
0 1.403179 0.716598 0.01 0.01
0 1.409475 0.751230 0.01 0.01
0 1.323420 0.752280 0.01 0.01
0 1.322370 0.728142 0.01 0.01
0 1.367497 0.689313 0.01 0.01
0 1.348607 0.692461 0.01 0.01
0 1.341261 0.668323 0.01 0.01
0 1.432563 0.652582 0.01 0.01
0 1.440959 0.636840 0.01 0.01
0 1.428365 0.622147 0.01 0.01
0 1.409475 0.618999 0.01 0.01
0 1.418920 0.601158 0.01 0.01
0 1.383239 0.648384 0.01 0.01
0 1.371695 0.633691 0.01 0.01
0 1.363299 0.616900 0.01 0.01
0 1.380091 0.611653 0.01 0.01
0 1.379041 0.585417 0.01 0.01
0 1.374843 0.536092 0.01 0.01
0 1.361200 0.523499 0.01 0.01
0 1.331816 0.561279 0.01 0.01
0 1.319222 0.521400 0.01 0.01
0 1.331816 0.487817 0.01 0.01
0 1.301381 0.429048 0.01 0.01
0 1.303480 0.399663 0.01 0.01
0 1.292986 0.403861 0.01 0.01
0 1.287738 0.393366 0.01 0.01
0 1.324469 0.384970 0.01 0.01
0 1.042166 0.524548 0.01 0.01
0 1.070501 0.525598 0.01 0.01
0 1.098836 0.572823 0.01 0.01
0 1.068402 0.604307 0.01 0.01
0 1.073649 0.638939 0.01 0.01
0 1.043215 0.621098 0.01 0.01
0 1.056858 0.693510 0.01 0.01
0 1.087292 0.706104 0.01 0.01
0 1.093589 0.684065 0.01 0.01
0 1.096738 0.643137 0.01 0.01
0 1.065254 0.735489 0.01 0.01
0 1.103034 0.737588 0.01 0.01
0 1.091490 0.728142 0.01 0.01
0 1.130320 0.749132 0.01 0.01
0 1.133468 0.701906 0.01 0.01
0 1.110380 0.690362 0.01 0.01
0 1.138716 0.683016 0.01 0.01
0 1.157606 0.677769 0.01 0.01
0 1.183842 0.670422 0.01 0.01
0 1.176496 0.707153 0.01 0.01
0 1.162853 0.718697 0.01 0.01
0 1.150260 0.700857 0.01 0.01
0 1.151309 0.745983 0.01 0.01
0 1.174397 0.736538 0.01 0.01
0 1.184892 0.743884 0.01 0.01
0 1.210079 0.731291 0.01 0.01
0 1.222672 0.750181 0.01 0.01
0 1.204831 0.769071 0.01 0.01
0 1.145012 0.787961 0.01 0.01
0 1.244711 0.715549 0.01 0.01
0 1.235266 0.704005 0.01 0.01
0 1.283541 0.714500 0.01 0.01
0 1.302431 0.712401 0.01 0.01
0 1.279343 0.672521 0.01 0.01
0 1.324469 0.786912 0.01 0.01
0 1.175447 0.624246 0.01 0.01
0 1.174397 0.604307 0.01 0.01
0 1.156556 0.614801 0.01 0.01
0 1.146062 0.598010 0.01 0.01
0 1.127172 0.589614 0.01 0.01
0 1.119826 0.574922 0.01 0.01
0 1.156556 0.562328 0.01 0.01
0 1.197485 0.530845 0.01 0.01
0 1.197485 0.582268 0.01 0.01
0 1.248909 0.580169 0.01 0.01
0 1.228969 0.590664 0.01 0.01
0 1.235266 0.570724 0.01 0.01
0 1.238414 0.552883 0.01 0.01
0 1.221623 0.546587 0.01 0.01
0 1.285640 0.547636 0.01 0.01
0 1.327618 0.634741 0.01 0.01
0 1.355953 0.606406 0.01 0.01
0 1.332865 0.652582 0.01 0.01
0 1.206930 0.672521 0.01 0.01
0 1.246810 0.650483 0.01 0.01
0 1.296134 0.558131 0.01 0.01
0 1.110380 0.606406 0.01 0.01
0 1.078151 0.976588 0.01 0.01
0 1.084785 0.920862 0.01 0.01
0 1.072844 0.932803 0.01 0.01
0 1.090756 0.871770 0.01 0.01
0 1.081468 0.851204 0.01 0.01
0 1.093409 0.840590 0.01 0.01
0 1.076161 0.831965 0.01 0.01
0 1.067536 0.813390 0.01 0.01
0 1.188276 0.805429 0.01 0.01
0 1.184959 0.816044 0.01 0.01
0 1.159086 0.808746 0.01 0.01
0 1.145155 0.827985 0.01 0.01
0 1.111321 0.827985 0.01 0.01
0 1.170364 0.865136 0.01 0.01
0 1.184959 0.861819 0.01 0.01
0 1.158423 0.849877 0.01 0.01
0 1.210169 0.845234 0.01 0.01
0 1.231398 0.851204 0.01 0.01
0 1.259924 0.863809 0.01 0.01
0 1.243339 0.890345 0.01 0.01
0 1.250636 0.908257 0.01 0.01
0 1.213486 0.929486 0.01 0.01
0 1.171691 0.912901 0.01 0.01
0 1.184296 0.943418 0.01 0.01
0 1.158423 0.958013 0.01 0.01
0 1.133877 0.916218 0.01 0.01
0 1.098053 0.902287 0.01 0.01
0 1.119282 0.898969 0.01 0.01
0 1.112648 0.977915 0.01 0.01
0 1.111985 1.008431 0.01 0.01
0 1.098053 1.019046 0.01 0.01
0 1.078814 1.023026 0.01 0.01
0 1.210169 0.965973 0.01 0.01
0 1.206188 0.983885 0.01 0.01
0 1.199554 1.024353 0.01 0.01
0 1.231398 1.031651 0.01 0.01
0 1.252627 1.043592 0.01 0.01
0 1.118619 1.025680 0.01 0.01
0 1.305699 0.996490 0.01 0.01
0 1.274519 0.959339 0.01 0.01
0 1.254617 0.946071 0.01 0.01
0 1.290441 0.917545 0.01 0.01
0 1.272529 0.906930 0.01 0.01
0 1.291104 0.879067 0.01 0.01
0 1.279163 0.867789 0.01 0.01
0 1.267222 0.788181 0.01 0.01
0 1.364742 0.865136 0.01 0.01
0 1.365406 0.843243 0.01 0.01
0 1.305699 0.869780 0.01 0.01
0 1.354791 0.891672 0.01 0.01
0 1.383981 0.885038 0.01 0.01
0 1.385971 0.898969 0.01 0.01
0 1.403883 0.932140 0.01 0.01
0 1.421795 0.902287 0.01 0.01
0 1.333562 0.950715 0.01 0.01
0 1.362752 0.959339 0.01 0.01
0 1.344840 0.963983 0.01 0.01
0 1.336879 1.001797 0.01 0.01
0 1.213486 0.806756 0.01 0.01
0 1.234715 0.778230 0.01 0.01
0 1.238695 0.995163 0.01 0.01
0 1.263905 0.988529 0.01 0.01
0 1.222110 0.707245 0.01 0.01
0 1.498312 0.976234 0.01 0.01
0 1.364712 0.928615 0.01 0.01
