0 0.313089 0.805979 0.01 0.01
0 0.043364 0.851392 0.01 0.01
0 0.343364 0.660107 0.01 0.01
0 0.295199 0.474328 0.01 0.01
0 0.231896 0.441300 0.01 0.01
0 0.160337 0.255520 0.01 0.01
0 0.230520 0.298181 0.01 0.01
0 0.157585 0.179832 0.01 0.01
0 0.282814 0.130291 0.01 0.01
0 0.328227 0.126163 0.01 0.01
0 0.077768 0.384878 0.01 0.01
0 0.476851 0.346346 0.01 0.01
0 0.650245 0.376621 0.01 0.01
0 0.747952 0.448181 0.01 0.01
0 0.765841 0.318823 0.01 0.01
0 1.030062 0.255520 0.01 0.01
0 0.977768 0.192218 0.01 0.01
0 0.921346 0.168823 0.01 0.01
0 0.870429 0.134419 0.01 0.01
0 0.629603 0.247263 0.01 0.01
0 0.566300 0.178456 0.01 0.01
0 0.670887 0.159190 0.01 0.01
0 0.096805 0.070085 0.01 0.01
0 0.046747 0.052625 0.01 0.01
0 0.260796 0.055807 0.01 0.01
0 0.290841 0.004309 0.01 0.01
0 0.475589 0.014265 0.01 0.01
0 0.447550 0.026650 0.01 0.01
0 0.590497 0.110251 0.01 0.01
0 0.668938 0.085652 0.01 0.01
0 0.634964 0.008029 0.01 0.01
0 0.774442 0.017705 0.01 0.01
0 1.274213 0.037917 0.01 0.01
0 1.316874 0.043422 0.01 0.01
0 1.081294 0.010437 0.01 0.01
0 1.027797 0.009319 0.01 0.01
0 0.933789 0.056194 0.01 0.01
0 0.716788 0.008373 0.01 0.01
0 0.777883 0.067848 0.01 0.01
0 0.836885 0.022457 0.01 0.01
0 0.911541 0.004438 0.01 0.01
0 0.070887 0.010566 0.01 0.01
