0 0.289482 0.917271 0.01 0.01
0 0.768543 0.931361 0.01 0.01
0 0.770891 1.027642 0.01 0.01
0 0.705137 0.567368 0.01 0.01
0 0.747408 0.536840 0.01 0.01
0 0.792026 0.360715 0.01 0.01
0 0.907094 0.360715 0.01 0.01
0 0.918836 0.290265 0.01 0.01
0 0.904746 0.139971 0.01 0.01
0 0.986938 0.201028 0.01 0.01
0 1.170108 0.158758 0.01 0.01
0 1.221772 0.240950 0.01 0.01
0 1.341537 0.177545 0.01 0.01
0 1.494179 0.215118 0.01 0.01
0 1.592809 0.139971 0.01 0.01
0 1.592809 0.215118 0.01 0.01
0 1.541145 0.548582 0.01 0.01
0 1.240558 0.410030 0.01 0.01
0 1.200636 0.454648 0.01 0.01
0 1.071478 0.461693 0.01 0.01
0 1.045646 0.269130 0.01 0.01
0 0.176762 0.525098 0.01 0.01
0 0.258954 0.597897 0.01 0.01
0 0.000636 0.548582 0.01 0.01
0 0.296527 0.447603 0.01 0.01
0 0.362280 0.410030 0.01 0.01
0 0.449169 0.351321 0.01 0.01
0 0.597114 0.269130 0.01 0.01
0 0.775588 0.123533 0.01 0.01
0 0.782633 0.076566 0.01 0.01
0 0.733318 0.093004 0.01 0.01
0 0.693396 0.116488 0.01 0.01
0 0.669912 0.100049 0.01 0.01
0 0.679306 0.144668 0.01 0.01
0 0.608856 0.182241 0.01 0.01
0 0.587721 0.102398 0.01 0.01
0 0.634687 0.057779 0.01 0.01
0 0.470304 0.074218 0.01 0.01
0 0.521967 0.240950 0.01 0.01
0 0.423337 0.297310 0.01 0.01
0 0.374022 0.182241 0.01 0.01
0 0.331752 0.236253 0.01 0.01
0 0.249560 0.278523 0.01 0.01
0 0.146233 0.348973 0.01 0.01
0 0.129795 0.250343 0.01 0.01
0 0.263650 0.205725 0.01 0.01
0 0.024120 0.294961 0.01 0.01
0 0.024120 0.184590 0.01 0.01
0 0.005333 0.245646 0.01 0.01
0 0.099267 0.191635 0.01 0.01
0 0.226077 0.135274 0.01 0.01
0 0.331752 0.158758 0.01 0.01
0 0.348190 0.093004 0.01 0.01
0 0.409247 0.076566 0.01 0.01
0 0.413944 0.100049 0.01 0.01
0 0.160323 0.036644 0.01 0.01
0 0.122750 0.017858 0.01 0.01
0 0.035862 0.027251 0.01 0.01
0 0.000636 0.048386 0.01 0.01
0 0.012378 0.083611 0.01 0.01
0 0.094570 0.060128 0.01 0.01
0 0.120402 0.057779 0.01 0.01
0 0.134492 0.093004 0.01 0.01
0 0.113357 0.076566 0.01 0.01
0 0.019423 0.125881 0.01 0.01
0 0.348190 0.125881 0.01 0.01
0 0.453392 0.147098 0.01 0.01
0 0.558886 0.206239 0.01 0.01
0 0.499746 0.268577 0.01 0.01
0 0.383062 0.139106 0.01 0.01
0 0.116129 0.100745 0.01 0.01
0 0.183662 0.235110 0.01 0.01
0 0.035010 0.444501 0.01 0.01
0 0.288357 0.191154 0.01 0.01
0 0.216429 0.120025 0.01 0.01
0 0.043002 0.019326 0.01 0.01
0 0.113332 0.026519 0.01 0.01
0 0.133312 0.009736 0.01 0.01
0 0.182862 0.002543 0.01 0.01
0 0.200445 0.026519 0.01 0.01
0 0.209236 0.075270 0.01 0.01
0 0.211634 0.045700 0.01 0.01
0 0.150095 0.047298 0.01 0.01
0 0.093352 0.075270 0.01 0.01
0 0.176469 0.088057 0.01 0.01
0 0.265180 0.048896 0.01 0.01
0 0.292353 0.048097 0.01 0.01
0 0.221224 0.100844 0.01 0.01
0 0.156489 0.136809 0.01 0.01
0 0.066179 0.100844 0.01 0.01
0 0.042203 0.112833 0.01 0.01
0 0.046199 0.090455 0.01 0.01
0 0.038207 0.075270 0.01 0.01
0 0.361883 0.042503 0.01 0.01
0 0.386659 0.059286 0.01 0.01
0 0.560884 0.156789 0.01 0.01
0 1.490755 0.145500 0.01 0.01
0 1.390055 0.102343 0.01 0.01
0 0.144058 0.154593 0.01 0.01
0 0.179844 0.109777 0.01 0.01
0 0.245396 0.059610 0.01 0.01
0 0.320646 0.029342 0.01 0.01
0 0.446399 0.024660 0.01 0.01
0 0.437034 0.052753 0.01 0.01
0 0.505596 0.068640 0.01 0.01
0 0.549075 0.047904 0.01 0.01
0 0.296566 0.076332 0.01 0.01
0 0.721315 0.228673 0.01 0.01
0 0.759442 0.186533 0.01 0.01
0 0.657770 0.263456 0.01 0.01
0 0.492553 0.160446 0.01 0.01
0 0.504593 0.120981 0.01 0.01
0 1.113289 0.181516 0.01 0.01
0 1.085195 0.133355 0.01 0.01
0 0.432352 0.732687 0.01 0.01
0 0.922653 0.212620 0.01 0.01
0 0.875830 0.151081 0.01 0.01
