0 0.193364 0.578915 0.01 0.01
0 0.068135 0.540383 0.01 0.01
0 0.164465 0.236254 0.01 0.01
0 0.036484 0.203227 0.01 0.01
0 0.214007 0.172952 0.01 0.01
0 0.580062 0.170199 0.01 0.01
0 0.669511 0.185337 0.01 0.01
0 0.669511 0.153685 0.01 0.01
0 0.757585 0.175704 0.01 0.01
0 0.900704 0.179832 0.01 0.01
0 1.045199 0.201851 0.01 0.01
0 1.050704 0.365612 0.01 0.01
0 1.229603 0.397263 0.01 0.01
0 1.460796 0.438548 0.01 0.01
0 0.111334 0.134311 0.01 0.01
0 0.156089 0.135909 0.01 0.01
0 0.144900 0.151893 0.01 0.01
0 0.200844 0.142303 0.01 0.01
0 0.224821 0.135909 0.01 0.01
0 0.173672 0.116729 0.01 0.01
0 0.565280 0.063981 0.01 0.01
0 0.841804 0.038407 0.01 0.01
0 0.841804 0.027218 0.01 0.01
0 0.848197 0.012833 0.01 0.01
0 0.805040 0.006439 0.01 0.01
0 0.867378 0.123122 0.01 0.01
0 1.099146 0.113532 0.01 0.01
0 1.139106 0.094351 0.01 0.01
0 1.284561 0.089556 0.01 0.01
0 1.327718 0.094351 0.01 0.01
0 1.415630 0.073572 0.01 0.01
0 1.305340 0.027218 0.01 0.01
0 1.273372 0.027218 0.01 0.01
0 1.206239 0.027218 0.01 0.01
0 1.198247 0.011234 0.01 0.01
0 1.143901 0.027218 0.01 0.01
0 1.119925 0.027218 0.01 0.01
0 1.047997 0.071973 0.01 0.01
0 1.004841 0.078367 0.01 0.01
0 0.950495 0.095949 0.01 0.01
0 0.998447 0.063981 0.01 0.01
0 1.035210 0.001644 0.01 0.01
0 1.038407 0.046399 0.01 0.01
0 1.055989 0.038407 0.01 0.01
0 1.150295 0.004841 0.01 0.01
0 1.166279 0.006439 0.01 0.01
0 1.244601 0.004841 0.01 0.01
0 1.228617 0.001644 0.01 0.01
0 1.485959 0.019226 0.01 0.01
0 1.533911 0.022423 0.01 0.01
0 1.581863 0.004841 0.01 0.01
0 1.581863 0.027218 0.01 0.01
0 1.022423 0.004841 0.01 0.01
0 0.995250 0.004841 0.01 0.01
0 0.354291 0.570675 0.01 0.01
0 0.526918 0.620225 0.01 0.01
0 0.041004 0.955889 0.01 0.01
0 0.031414 0.225420 0.01 0.01
0 0.158087 0.152843 0.01 0.01
0 0.250795 0.154441 0.01 0.01
0 0.913332 0.088107 0.01 0.01
0 0.861784 0.148846 0.01 0.01
0 0.929316 0.107288 0.01 0.01
0 0.822223 0.113682 0.01 0.01
0 0.628417 0.092503 0.01 0.01
0 0.534910 0.201993 0.01 0.01
0 0.653991 0.164031 0.01 0.01
0 0.599646 0.180815 0.01 0.01
0 0.810235 0.055565 0.01 0.01
0 1.556089 0.019776 0.01 0.01
0 1.566878 0.017378 0.01 0.01
0 1.022023 0.039781 0.01 0.01
0 0.982063 0.044176 0.01 0.01
0 1.070575 0.063757 0.01 0.01
0 0.823222 0.006014 0.01 0.01
0 0.810635 0.027793 0.01 0.01
0 0.832813 0.037583 0.01 0.01
0 0.793851 0.037982 0.01 0.01
0 0.784461 0.056564 0.01 0.01
0 0.781064 0.046374 0.01 0.01
0 0.773072 0.045974 0.01 0.01
0 0.763082 0.042977 0.01 0.01
0 0.754291 0.024995 0.01 0.01
0 0.754291 0.051968 0.01 0.01
0 0.534111 0.118876 0.01 0.01
0 0.589656 0.061734 0.01 0.01
0 0.602043 0.054940 0.01 0.01
0 0.609236 0.047748 0.01 0.01
0 0.795450 0.066154 0.01 0.01
0 0.795250 0.027393 0.01 0.01
0 1.151294 0.013007 0.01 0.01
0 1.154291 0.042178 0.01 0.01
0 1.179865 0.029191 0.01 0.01
0 1.206639 0.047748 0.01 0.01
0 1.258587 0.019776 0.01 0.01
0 1.223822 0.093302 0.01 0.01
0 1.339106 0.016179 0.01 0.01
0 1.362683 0.008587 0.01 0.01
