0 1.041804 0.525245 0.01 0.01
0 0.950245 0.486284 0.01 0.01
0 0.922972 0.427843 0.01 0.01
0 0.030765 0.174596 0.01 0.01
0 0.046349 0.141479 0.01 0.01
0 0.052193 0.110310 0.01 0.01
0 0.017128 0.079141 0.01 0.01
0 0.038557 0.073297 0.01 0.01
0 0.083362 0.051868 0.01 0.01
0 0.118427 0.067453 0.01 0.01
0 0.102843 0.046024 0.01 0.01
0 0.153492 0.120050 0.01 0.01
0 0.096998 0.186284 0.01 0.01
0 0.061284 0.098135 0.01 0.01
0 0.153817 0.191641 0.01 0.01
0 0.194726 0.191641 0.01 0.01
0 0.185959 0.122485 0.01 0.01
0 0.255115 0.184823 0.01 0.01
0 0.322323 0.214044 0.01 0.01
0 0.387583 0.211122 0.01 0.01
0 0.333037 0.145862 0.01 0.01
0 0.345700 0.146836 0.01 0.01
0 0.288232 0.111771 0.01 0.01
0 0.255115 0.099109 0.01 0.01
0 0.240505 0.075732 0.01 0.01
0 0.162583 0.066966 0.01 0.01
0 0.150894 0.040667 0.01 0.01
0 0.190830 0.061122 0.01 0.01
0 0.213232 0.070862 0.01 0.01
0 0.240505 0.057226 0.01 0.01
0 0.267778 0.053330 0.01 0.01
0 0.289206 0.061122 0.01 0.01
0 0.286284 0.043589 0.01 0.01
0 0.314531 0.037745 0.01 0.01
0 0.330115 0.029953 0.01 0.01
0 0.384661 0.033849 0.01 0.01
0 0.396349 0.068914 0.01 0.01
0 0.344726 0.066966 0.01 0.01
0 0.341804 0.084498 0.01 0.01
0 0.326219 0.088394 0.01 0.01
0 0.357388 0.094239 0.01 0.01
0 0.436284 0.128330 0.01 0.01
0 0.435310 0.089368 0.01 0.01
0 0.464531 0.094239 0.01 0.01
0 0.463557 0.122485 0.01 0.01
0 0.503492 0.274433 0.01 0.01
0 0.550245 0.266641 0.01 0.01
0 0.578492 0.348459 0.01 0.01
0 0.600894 0.266641 0.01 0.01
0 0.677843 0.263719 0.01 0.01
0 0.775245 0.271511 0.01 0.01
0 0.778167 0.123459 0.01 0.01
0 0.727518 0.071836 0.01 0.01
0 0.670050 0.093265 0.01 0.01
0 0.608687 0.111771 0.01 0.01
0 0.556089 0.150732 0.01 0.01
0 0.521998 0.099109 0.01 0.01
0 0.827518 0.283687 0.01 0.01
0 0.946349 0.293427 0.01 0.01
0 1.022323 0.326544 0.01 0.01
0 1.121674 0.299271 0.01 0.01
0 1.222972 0.291479 0.01 0.01
0 0.872323 0.116154 0.01 0.01
0 0.895700 0.116154 0.01 0.01
0 0.995050 0.114206 0.01 0.01
0 0.975570 0.081576 0.01 0.01
0 1.021349 0.078654 0.01 0.01
0 1.032063 0.033849 0.01 0.01
0 0.982388 0.021187 0.01 0.01
0 1.085635 0.021187 0.01 0.01
0 1.100245 0.002680 0.01 0.01
0 1.040830 0.034823 0.01 0.01
0 1.142128 0.126381 0.01 0.01
0 1.037907 0.102031 0.01 0.01
0 1.007713 0.014368 0.01 0.01
0 1.209336 0.202355 0.01 0.01
0 1.291154 0.265667 0.01 0.01
0 1.341804 0.271511 0.01 0.01
0 1.402193 0.271511 0.01 0.01
0 1.372972 0.238394 0.01 0.01
0 1.329141 0.181901 0.01 0.01
0 1.303817 0.109823 0.01 0.01
0 1.338881 0.077680 0.01 0.01
0 1.351544 0.080602 0.01 0.01
0 1.362258 0.087420 0.01 0.01
0 0.738881 0.073784 0.01 0.01
0 1.441804 0.243265 0.01 0.01
0 1.426219 0.229628 0.01 0.01
0 1.427193 0.204304 0.01 0.01
0 1.457388 0.183849 0.01 0.01
0 1.523622 0.215018 0.01 0.01
0 1.484661 0.175083 0.01 0.01
0 1.515830 0.160472 0.01 0.01
0 1.546998 0.167291 0.01 0.01
0 1.568427 0.193589 0.01 0.01
0 1.547972 0.139044 0.01 0.01
0 1.541154 0.128330 0.01 0.01
0 1.477843 0.125407 0.01 0.01
0 1.431089 0.100083 0.01 0.01
0 1.420375 0.085472 0.01 0.01
0 1.419401 0.071836 0.01 0.01
0 1.475894 0.093265 0.01 0.01
0 1.511933 0.026057 0.01 0.01
0 1.475894 0.009498 0.01 0.01
0 1.554791 0.080602 0.01 0.01
0 1.543102 0.084498 0.01 0.01
0 1.534336 0.098135 0.01 0.01
0 1.566479 0.099109 0.01 0.01
0 1.585959 0.066966 0.01 0.01
0 0.144900 0.939106 0.01 0.01
0 0.626019 0.715330 0.01 0.01
0 1.073572 0.694551 0.01 0.01
0 0.338038 0.126499 0.01 0.01
0 0.621315 0.058606 0.01 0.01
0 0.666800 0.051248 0.01 0.01
0 0.647402 0.059610 0.01 0.01
0 1.548406 0.219141 0.01 0.01
0 1.291884 0.073322 0.01 0.01
0 1.309944 0.070312 0.01 0.01
0 1.218305 0.118138 0.01 0.01
0 1.365462 0.116800 0.01 0.01
0 1.496566 0.119141 0.01 0.01
0 1.504927 0.093389 0.01 0.01
0 1.539041 0.001750 0.01 0.01
0 1.591215 0.002753 0.01 0.01
