0 0.513857 0.865944 0.01 0.01
0 0.659773 0.846343 0.01 0.01
0 0.624927 0.820209 0.01 0.01
0 0.777378 1.031461 0.01 0.01
0 1.040898 1.077196 0.01 0.01
0 1.559229 1.053240 0.01 0.01
0 1.533094 0.737450 0.01 0.01
0 1.490354 0.746162 0.01 0.01
0 1.499065 0.708049 0.01 0.01
0 1.529555 0.707505 0.01 0.01
0 1.561134 0.645980 0.01 0.01
0 1.579102 0.569211 0.01 0.01
0 1.538267 0.530009 0.01 0.01
0 1.496343 0.571388 0.01 0.01
0 1.493076 0.555055 0.01 0.01
0 1.515944 0.588811 0.01 0.01
0 1.448430 0.629102 0.01 0.01
0 1.415218 0.625835 0.01 0.01
0 1.387995 0.623113 0.01 0.01
0 1.362405 0.626924 0.01 0.01
0 1.380372 0.728194 0.01 0.01
0 1.311225 0.692804 0.01 0.01
0 1.277468 0.636180 0.01 0.01
0 1.258957 0.625835 0.01 0.01
0 1.213766 0.585000 0.01 0.01
0 1.170300 0.582822 0.01 0.01
0 1.181189 0.619846 0.01 0.01
0 1.162677 0.705871 0.01 0.01
0 1.112586 0.721116 0.01 0.01
0 1.084274 0.725472 0.01 0.01
0 1.020027 0.763584 0.01 0.01
0 0.930735 0.787541 0.01 0.01
0 1.053784 0.665581 0.01 0.01
0 1.065762 0.627468 0.01 0.01
0 1.029828 0.596978 0.01 0.01
0 1.000427 0.587178 0.01 0.01
0 0.963403 0.608957 0.01 0.01
0 0.876289 0.651425 0.01 0.01
0 0.876289 0.727650 0.01 0.01
0 0.796434 0.725472 0.01 0.01
0 0.775744 0.687359 0.01 0.01
0 0.718031 0.702604 0.01 0.01
0 0.669029 0.706960 0.01 0.01
0 0.674474 0.765762 0.01 0.01
0 0.760499 0.620935 0.01 0.01
0 0.800790 0.603512 0.01 0.01
0 0.801878 0.580644 0.01 0.01
0 0.826924 0.542532 0.01 0.01
0 0.790989 0.491352 0.01 0.01
0 0.770300 0.502241 0.01 0.01
0 0.735454 0.490263 0.01 0.01
0 0.743076 0.471751 0.01 0.01
0 0.690535 0.404238 0.01 0.01
0 0.707414 0.402604 0.01 0.01
0 0.716125 0.412949 0.01 0.01
0 0.725926 0.442895 0.01 0.01
0 0.734093 0.454329 0.01 0.01
0 0.700336 0.451606 0.01 0.01
0 0.699247 0.570300 0.01 0.01
0 0.710136 0.595889 0.01 0.01
0 0.749338 0.485908 0.01 0.01
0 0.559592 0.673203 0.01 0.01
0 0.632550 0.645980 0.01 0.01
0 0.690263 0.615490 0.01 0.01
0 0.593349 0.603512 0.01 0.01
0 0.572659 0.593712 0.01 0.01
0 0.566125 0.563222 0.01 0.01
0 0.517124 0.567577 0.01 0.01
0 0.500790 0.631824 0.01 0.01
0 0.465944 0.598067 0.01 0.01
0 0.433276 0.616579 0.01 0.01
0 0.241624 0.783185 0.01 0.01
0 0.261225 0.743984 0.01 0.01
0 0.313494 0.722205 0.01 0.01
0 0.337450 0.652514 0.01 0.01
0 0.394074 0.645980 0.01 0.01
0 0.396252 0.595889 0.01 0.01
0 0.019483 0.722205 0.01 0.01
0 0.095708 0.676470 0.01 0.01
0 0.014310 0.654692 0.01 0.01
0 0.040445 0.587722 0.01 0.01
0 0.058957 0.544165 0.01 0.01
0 0.035000 0.557232 0.01 0.01
0 0.108503 0.570300 0.01 0.01
0 0.131370 0.585000 0.01 0.01
0 0.113403 0.653058 0.01 0.01
0 0.197251 0.630735 0.01 0.01
0 0.271298 0.639447 0.01 0.01
0 0.325744 0.619301 0.01 0.01
0 0.257142 0.599156 0.01 0.01
0 0.217940 0.551243 0.01 0.01
0 0.244619 0.525109 0.01 0.01
0 0.280554 0.530554 0.01 0.01
0 0.290898 0.520753 0.01 0.01
0 0.388358 0.564855 0.01 0.01
0 0.101425 0.527287 0.01 0.01
0 0.053512 0.520753 0.01 0.01
0 0.079555 0.480463 0.01 0.01
0 0.127468 0.506597 0.01 0.01
0 0.005508 0.525109 0.01 0.01
0 0.364855 0.509864 0.01 0.01
