0 0.074620 0.228371 0.01 0.01
0 0.042710 0.248080 0.01 0.01
0 0.019247 0.243387 0.01 0.01
0 0.015493 0.270604 0.01 0.01
0 0.035202 0.286559 0.01 0.01
0 0.053972 0.273420 0.01 0.01
0 0.088697 0.263096 0.01 0.01
0 0.097144 0.239633 0.01 0.01
0 0.116853 0.234002 0.01 0.01
0 0.129992 0.241510 0.01 0.01
0 0.165655 0.236818 0.01 0.01
0 0.182549 0.243387 0.01 0.01
0 0.154393 0.250895 0.01 0.01
0 0.199442 0.247141 0.01 0.01
0 0.192872 0.264973 0.01 0.01
0 0.241675 0.227433 0.01 0.01
0 0.220089 0.237756 0.01 0.01
0 0.231351 0.252772 0.01 0.01
0 0.244491 0.243387 0.01 0.01
0 0.281093 0.253711 0.01 0.01
0 0.267954 0.240572 0.01 0.01
0 0.298925 0.240572 0.01 0.01
0 0.315818 0.236818 0.01 0.01
0 0.344912 0.243387 0.01 0.01
0 0.301740 0.282805 0.01 0.01
0 0.322387 0.279989 0.01 0.01
0 0.339281 0.273420 0.01 0.01
0 0.365559 0.254649 0.01 0.01
0 0.385268 0.243387 0.01 0.01
0 0.406854 0.239633 0.01 0.01
0 0.434071 0.247141 0.01 0.01
0 0.419993 0.249957 0.01 0.01
0 0.411546 0.256526 0.01 0.01
0 0.413423 0.268727 0.01 0.01
0 0.410608 0.288436 0.01 0.01
0 0.387145 0.264973 0.01 0.01
0 0.379637 0.286559 0.01 0.01
0 0.354297 0.319407 0.01 0.01
0 0.220089 0.263096 0.01 0.01
0 0.020186 0.315653 0.01 0.01
0 0.010801 0.380410 0.01 0.01
0 0.023940 0.380410 0.01 0.01
0 0.056788 0.365394 0.01 0.01
0 0.073681 0.334423 0.01 0.01
0 0.089636 0.295006 0.01 0.01
0 0.109345 0.295006 0.01 0.01
0 0.149701 0.289374 0.01 0.01
0 0.172225 0.288436 0.01 0.01
0 0.174102 0.276235 0.01 0.01
0 0.171287 0.264035 0.01 0.01
0 0.190995 0.308145 0.01 0.01
0 0.158147 0.317530 0.01 0.01
0 0.132807 0.319407 0.01 0.01
0 0.116853 0.312837 0.01 0.01
0 0.112160 0.352255 0.01 0.01
0 0.071804 0.415135 0.01 0.01
0 0.042710 0.396365 0.01 0.01
0 0.029571 0.420767 0.01 0.01
0 0.001415 0.415135 0.01 0.01
0 0.016432 0.490217 0.01 0.01
0 0.038956 0.516495 0.01 0.01
0 0.080251 0.549343 0.01 0.01
0 0.137500 0.569990 0.01 0.01
0 0.198503 0.537142 0.01 0.01
0 0.130930 0.506171 0.01 0.01
0 0.043649 0.457369 0.01 0.01
0 0.092451 0.459246 0.01 0.01
0 0.102775 0.429213 0.01 0.01
0 0.152516 0.402935 0.01 0.01
0 0.176918 0.459246 0.01 0.01
0 0.246368 0.492094 0.01 0.01
0 0.248245 0.525880 0.01 0.01
0 0.297986 0.512741 0.01 0.01
0 0.343973 0.513679 0.01 0.01
0 0.337404 0.552159 0.01 0.01
0 0.380575 0.559667 0.01 0.01
0 0.394653 0.508987 0.01 0.01
0 0.460349 0.511802 0.01 0.01
0 0.382452 0.476139 0.01 0.01
0 0.437825 0.449860 0.01 0.01
0 0.404977 0.439537 0.01 0.01
0 0.414362 0.408566 0.01 0.01
0 0.392776 0.395427 0.01 0.01
0 0.394653 0.343808 0.01 0.01
0 0.336465 0.345685 0.01 0.01
0 0.304556 0.334423 0.01 0.01
0 0.263261 0.339116 0.01 0.01
0 0.255753 0.302514 0.01 0.01
0 0.249183 0.328792 0.01 0.01
0 0.224782 0.302514 0.01 0.01
0 0.231351 0.281866 0.01 0.01
0 0.253876 0.260281 0.01 0.01
0 0.201319 0.293129 0.01 0.01
0 0.214458 0.322223 0.01 0.01
0 0.195688 0.347562 0.01 0.01
0 0.228536 0.350378 0.01 0.01
0 0.198503 0.385103 0.01 0.01
0 0.154393 0.363517 0.01 0.01
0 0.175979 0.386980 0.01 0.01
0 0.189118 0.426398 0.01 0.01
0 0.246368 0.400119 0.01 0.01
0 0.280154 0.367271 0.01 0.01
0 0.274523 0.422644 0.01 0.01
0 0.312064 0.406689 0.01 0.01
0 0.200380 0.470508 0.01 0.01
0 0.347727 0.380410 0.01 0.01
0 0.527922 0.546527 0.01 0.01
0 0.511967 0.493971 0.01 0.01
0 0.502582 0.479893 0.01 0.01
0 0.505398 0.431090 0.01 0.01
0 0.488504 0.400119 0.01 0.01
0 0.453779 0.381349 0.01 0.01
0 0.454718 0.352255 0.01 0.01
0 0.419993 0.360702 0.01 0.01
0 0.440640 0.322223 0.01 0.01
0 0.410608 0.325977 0.01 0.01
0 0.439702 0.289374 0.01 0.01
0 0.447210 0.266850 0.01 0.01
0 0.454718 0.239633 0.01 0.01
0 0.472550 0.247141 0.01 0.01
0 0.487566 0.231187 0.01 0.01
0 0.494136 0.249957 0.01 0.01
0 0.504459 0.243387 0.01 0.01
0 0.516660 0.254649 0.01 0.01
0 0.504459 0.266850 0.01 0.01
0 0.506336 0.279989 0.01 0.01
0 0.488504 0.271543 0.01 0.01
0 0.465980 0.262158 0.01 0.01
0 0.465042 0.295006 0.01 0.01
0 0.508213 0.302514 0.01 0.01
0 0.520414 0.314714 0.01 0.01
0 0.533553 0.297821 0.01 0.01
0 0.551385 0.279989 0.01 0.01
0 0.566401 0.252772 0.01 0.01
0 0.545754 0.236818 0.01 0.01
0 0.538246 0.254649 0.01 0.01
0 0.561709 0.279989 0.01 0.01
0 0.579540 0.286559 0.01 0.01
0 0.612388 0.234002 0.01 0.01
0 0.654622 0.228371 0.01 0.01
0 0.684654 0.240572 0.01 0.01
0 0.644298 0.262158 0.01 0.01
0 0.622712 0.288436 0.01 0.01
0 0.602065 0.269666 0.01 0.01
0 0.624589 0.263096 0.01 0.01
0 0.707178 0.262158 0.01 0.01
0 0.729703 0.257465 0.01 0.01
0 0.778505 0.253711 0.01 0.01
0 0.787891 0.250895 0.01 0.01
0 0.804784 0.241510 0.01 0.01
0 0.833878 0.241510 0.01 0.01
0 0.844202 0.248080 0.01 0.01
0 0.824493 0.256526 0.01 0.01
0 0.816046 0.291252 0.01 0.01
0 0.805722 0.286559 0.01 0.01
0 0.760674 0.299698 0.01 0.01
0 0.773813 0.314714 0.01 0.01
0 0.826370 0.332546 0.01 0.01
0 0.691224 0.277174 0.01 0.01
0 0.705301 0.301575 0.01 0.01
0 0.664945 0.299698 0.01 0.01
0 0.634913 0.322223 0.01 0.01
0 0.596434 0.330669 0.01 0.01
0 0.597372 0.310022 0.01 0.01
0 0.557955 0.354132 0.01 0.01
0 0.555139 0.304391 0.01 0.01
0 0.489443 0.367271 0.01 0.01
0 0.509152 0.385103 0.01 0.01
0 0.546692 0.426398 0.01 0.01
0 0.564524 0.398242 0.01 0.01
0 0.618958 0.386980 0.01 0.01
0 0.635851 0.370087 0.01 0.01
0 0.664945 0.363517 0.01 0.01
0 0.679961 0.339116 0.01 0.01
0 0.650867 0.324100 0.01 0.01
0 0.687470 0.319407 0.01 0.01
0 0.734395 0.324100 0.01 0.01
0 0.717502 0.309083 0.01 0.01
0 0.755981 0.347562 0.01 0.01
0 0.795399 0.355071 0.01 0.01
0 0.820739 0.368210 0.01 0.01
0 0.840447 0.417012 0.01 0.01
0 0.844202 0.370087 0.01 0.01
0 0.813231 0.409504 0.01 0.01
0 0.776628 0.378533 0.01 0.01
0 0.786952 0.424521 0.01 0.01
0 0.840447 0.454553 0.01 0.01
0 0.831062 0.509925 0.01 0.01
0 0.791645 0.542773 0.01 0.01
0 0.752227 0.533388 0.01 0.01
0 0.773813 0.503356 0.01 0.01
0 0.771936 0.476139 0.01 0.01
0 0.759735 0.456430 0.01 0.01
0 0.754104 0.410443 0.01 0.01
0 0.728764 0.386980 0.01 0.01
0 0.702486 0.389796 0.01 0.01
0 0.675269 0.398242 0.01 0.01
0 0.648990 0.289374 0.01 0.01
0 0.675269 0.439537 0.01 0.01
0 0.716564 0.450799 0.01 0.01
0 0.709994 0.519311 0.01 0.01
0 0.679961 0.543712 0.01 0.01
0 0.645236 0.555913 0.01 0.01
0 0.585171 0.563421 0.01 0.01
0 0.609573 0.531511 0.01 0.01
0 0.570155 0.519311 0.01 0.01
0 0.571094 0.476139 0.01 0.01
0 0.539184 0.467692 0.01 0.01
0 0.577663 0.432967 0.01 0.01
0 0.615204 0.474262 0.01 0.01
0 0.654622 0.484586 0.01 0.01
0 0.331773 0.474262 0.01 0.01
