0 0.486609 0.914855 0.01 0.01
0 0.284011 1.062907 0.01 0.01
0 1.378817 0.757063 0.01 0.01
0 1.423622 0.647972 0.01 0.01
0 0.570375 0.435635 0.01 0.01
0 0.270375 0.238881 0.01 0.01
0 0.219726 0.201868 0.01 0.01
0 0.597648 0.184336 0.01 0.01
0 0.079733 0.020492 0.01 0.01
0 0.164578 0.017278 0.01 0.01
0 0.214071 0.012779 0.01 0.01
0 0.295059 0.015993 0.01 0.01
0 0.453178 0.008922 0.01 0.01
0 0.606584 0.007315 0.01 0.01
0 0.688858 0.039454 0.01 0.01
0 0.667004 0.007315 0.01 0.01
0 0.674717 0.070306 0.01 0.01
0 0.902255 0.084447 0.01 0.01
0 1.008953 0.025313 0.01 0.01
0 0.980672 0.111443 0.01 0.01
0 1.021809 0.075448 0.01 0.01
0 1.050090 0.121727 0.01 0.01
0 0.888114 0.156436 0.01 0.01
0 0.868831 0.141010 0.01 0.01
0 1.059336 0.007063 0.01 0.01
0 1.106828 0.104267 0.01 0.01
0 1.233163 0.010616 0.01 0.01
0 1.493375 0.011244 0.01 0.01
0 1.560000 0.008102 0.01 0.01
0 1.526059 0.035757 0.01 0.01
0 1.574456 0.055870 0.01 0.01
0 1.588284 0.006216 0.01 0.01
0 0.741104 0.004841 0.01 0.01
0 1.403590 0.002586 0.01 0.01
0 1.149409 0.046064 0.01 0.01
