0 0.111005 0.593600 0.01 0.01
0 0.251511 0.483473 0.01 0.01
0 0.099612 0.418916 0.01 0.01
0 0.111005 0.392334 0.01 0.01
0 0.054043 0.415119 0.01 0.01
0 0.048346 0.202460 0.01 0.01
0 0.076827 0.183473 0.01 0.01
0 0.031258 0.170182 0.01 0.01
0 0.382524 0.153093 0.01 0.01
0 0.295182 0.136005 0.01 0.01
0 0.342650 0.191068 0.01 0.01
0 0.374929 0.244232 0.01 0.01
0 0.416701 0.236638 0.01 0.01
0 0.414802 0.267017 0.01 0.01
0 0.291384 0.276511 0.01 0.01
0 0.293283 0.325878 0.01 0.01
0 0.412903 0.418916 0.01 0.01
0 0.479359 0.373346 0.01 0.01
0 0.521131 0.312587 0.01 0.01
0 0.545815 0.306891 0.01 0.01
0 0.593283 0.379043 0.01 0.01
0 0.623663 0.284106 0.01 0.01
0 0.606574 0.255625 0.01 0.01
0 0.654043 0.230941 0.01 0.01
0 0.667334 0.511954 0.01 0.01
0 0.735688 0.699929 0.01 0.01
0 0.745182 0.756891 0.01 0.01
0 0.439486 0.777777 0.01 0.01
0 0.454675 0.849929 0.01 0.01
0 0.395815 0.906891 0.01 0.01
0 0.310372 0.601194 0.01 0.01
0 1.461005 0.646764 0.01 0.01
0 1.373663 0.565119 0.01 0.01
0 1.377460 0.477777 0.01 0.01
0 1.328093 0.496764 0.01 0.01
0 1.343283 0.356258 0.01 0.01
0 1.324296 0.361954 0.01 0.01
0 1.273030 0.286005 0.01 0.01
0 1.238853 0.272713 0.01 0.01
0 1.219865 0.246131 0.01 0.01
0 1.195182 0.236638 0.01 0.01
0 1.145815 0.242334 0.01 0.01
0 1.176194 0.200562 0.01 0.01
0 1.149612 0.206258 0.01 0.01
0 1.090751 0.236638 0.01 0.01
0 1.104043 0.210055 0.01 0.01
0 1.062270 0.272713 0.01 0.01
0 1.039486 0.278410 0.01 0.01
0 0.933156 0.263220 0.01 0.01
0 0.967334 0.320182 0.01 0.01
0 0.963536 0.363853 0.01 0.01
0 1.016701 0.439802 0.01 0.01
0 1.033789 0.530941 0.01 0.01
0 0.878093 0.396131 0.01 0.01
0 0.910372 0.405625 0.01 0.01
0 0.935055 0.388536 0.01 0.01
0 0.809739 0.426511 0.01 0.01
0 0.767967 0.371448 0.01 0.01
0 0.840119 0.304992 0.01 0.01
0 0.845815 0.259422 0.01 0.01
0 0.807840 0.276511 0.01 0.01
0 0.779359 0.240435 0.01 0.01
0 0.733789 0.225245 0.01 0.01
0 0.750878 0.213853 0.01 0.01
0 0.728093 0.206258 0.01 0.01
0 0.728093 0.170182 0.01 0.01
0 0.711005 0.079043 0.01 0.01
0 0.758473 0.145498 0.01 0.01
0 0.828726 0.162587 0.01 0.01
0 0.826827 0.179675 0.01 0.01
0 0.857207 0.210055 0.01 0.01
0 0.705308 0.156891 0.01 0.01
0 0.606574 0.320182 0.01 0.01
0 0.502144 0.149296 0.01 0.01
0 0.579992 0.175878 0.01 0.01
0 0.557207 0.111321 0.01 0.01
0 0.492650 0.103726 0.01 0.01
0 0.121210 0.109051 0.01 0.01
0 0.134011 0.108377 0.01 0.01
0 0.146812 0.100966 0.01 0.01
0 0.140748 0.067954 0.01 0.01
0 0.150180 0.065259 0.01 0.01
0 0.127947 0.058522 0.01 0.01
0 0.108410 0.065259 0.01 0.01
0 0.103020 0.025510 0.01 0.01
0 0.140748 0.022815 0.01 0.01
0 0.197341 0.025510 0.01 0.01
0 0.149507 0.041679 0.01 0.01
0 0.370487 0.042353 0.01 0.01
0 0.356339 0.046395 0.01 0.01
0 0.365771 0.018099 0.01 0.01
0 0.373182 0.022815 0.01 0.01
0 0.348254 0.015404 0.01 0.01
0 0.335453 0.024836 0.01 0.01
0 0.273471 0.022815 0.01 0.01
0 0.249891 0.025510 0.01 0.01
0 0.251238 0.014056 0.01 0.01
0 0.244501 0.005972 0.01 0.01
0 0.254607 0.004624 0.01 0.01
0 0.261344 0.005972 0.01 0.01
0 0.268081 0.006645 0.01 0.01
0 0.227658 0.013383 0.01 0.01
0 0.236416 0.009340 0.01 0.01
0 0.382614 0.032247 0.01 0.01
0 0.377898 0.013383 0.01 0.01
0 1.233156 0.906891 0.01 0.01
0 1.346869 0.255823 0.01 0.01
0 1.386502 0.237531 0.01 0.01
0 1.409874 0.241596 0.01 0.01
0 1.439345 0.230417 0.01 0.01
0 1.517593 0.223304 0.01 0.01
0 1.504382 0.213142 0.01 0.01
0 1.545031 0.193834 0.01 0.01
0 1.522674 0.193834 0.01 0.01
0 1.521658 0.293423 0.01 0.01
0 1.584663 0.330006 0.01 0.01
0 1.340772 0.231434 0.01 0.01
0 1.335691 0.214158 0.01 0.01
0 1.373291 0.169445 0.01 0.01
0 1.311302 0.179607 0.01 0.01
0 1.258459 0.152169 0.01 0.01
0 1.271669 0.202980 0.01 0.01
0 1.206632 0.208061 0.01 0.01
0 1.236102 0.183672 0.01 0.01
0 1.219843 0.158266 0.01 0.01
0 1.172081 0.179607 0.01 0.01
0 1.147691 0.156234 0.01 0.01
0 1.137529 0.137942 0.01 0.01
0 1.137529 0.160299 0.01 0.01
0 1.113140 0.160299 0.01 0.01
0 1.088751 0.176558 0.01 0.01
0 1.050135 0.177574 0.01 0.01
0 0.974935 0.134893 0.01 0.01
0 0.918027 0.067823 0.01 0.01
0 1.056232 0.207045 0.01 0.01
0 1.016600 0.190785 0.01 0.01
0 1.007454 0.205012 0.01 0.01
0 0.953595 0.198915 0.01 0.01
0 1.063346 0.248709 0.01 0.01
0 1.205616 0.192818 0.01 0.01
0 1.235086 0.165380 0.01 0.01
0 1.413939 0.194850 0.01 0.01
0 1.444426 0.193834 0.01 0.01
0 1.492188 0.159282 0.01 0.01
0 1.443410 0.159282 0.01 0.01
0 1.452555 0.121683 0.01 0.01
0 1.424101 0.091196 0.01 0.01
0 1.379388 0.105423 0.01 0.01
0 1.365161 0.109488 0.01 0.01
0 1.329594 0.100342 0.01 0.01
0 1.338740 0.110504 0.01 0.01
0 1.317399 0.119650 0.01 0.01
0 1.301140 0.103391 0.01 0.01
0 1.296059 0.096277 0.01 0.01
0 1.265572 0.105423 0.01 0.01
0 1.548079 0.153185 0.01 0.01
0 1.596858 0.155218 0.01 0.01
0 1.549096 0.128796 0.01 0.01
0 1.540966 0.108472 0.01 0.01
0 1.520642 0.120666 0.01 0.01
0 1.493204 0.110504 0.01 0.01
0 1.483042 0.133877 0.01 0.01
0 1.363129 0.291390 0.01 0.01
0 1.353983 0.143023 0.01 0.01
0 1.284880 0.136926 0.01 0.01
0 0.560320 0.555606 0.01 0.01
0 0.560320 0.555606 0.01 0.01
0 1.467967 0.107049 0.01 0.01
0 1.375878 0.088062 0.01 0.01
0 1.353093 0.108948 0.01 0.01
0 0.357770 0.033941 0.01 0.01
0 0.388874 0.015379 0.01 0.01
0 0.258105 0.021064 0.01 0.01
0 0.265630 0.019392 0.01 0.01
0 0.036031 0.066633 0.01 0.01
0 0.169309 0.035111 0.01 0.01
0 0.172151 0.024576 0.01 0.01
0 0.183690 0.023907 0.01 0.01
0 0.118807 0.029258 0.01 0.01
0 0.125998 0.027753 0.01 0.01
0 0.280513 0.146232 0.01 0.01
0 0.780847 0.069978 0.01 0.01
0 0.752753 0.063957 0.01 0.01
0 0.593891 0.131683 0.01 0.01
0 0.600245 0.077837 0.01 0.01
0 0.666466 0.083857 0.01 0.01
0 0.689877 0.157770 0.01 0.01
0 0.600914 0.158774 0.01 0.01
0 0.706600 0.182519 0.01 0.01
0 1.274827 0.090379 0.01 0.01
0 1.354760 0.091048 0.01 0.01
0 1.388874 0.097402 0.01 0.01
0 1.408272 0.098071 0.01 0.01
0 1.571148 0.153590 0.01 0.01
0 1.589543 0.127503 0.01 0.01
0 1.535028 0.213121 0.01 0.01
0 1.462118 0.143222 0.01 0.01
0 1.434024 0.101416 0.01 0.01
0 1.316299 0.088038 0.01 0.01
0 1.329008 0.082018 0.01 0.01
0 1.382854 0.223824 0.01 0.01
0 1.397235 0.211449 0.01 0.01
0 1.251750 0.271315 0.01 0.01
0 1.499075 0.112787 0.01 0.01
