0 0.060410 1.113964 0.01 0.01
0 0.153634 0.836278 0.01 0.01
0 0.467022 0.671650 0.01 0.01
0 0.580080 0.592311 0.01 0.01
0 0.673303 0.887848 0.01 0.01
0 1.425038 0.873964 0.01 0.01
0 1.494460 0.810493 0.01 0.01
0 0.873634 0.542724 0.01 0.01
0 0.919253 0.530824 0.01 0.01
0 1.095782 0.608179 0.01 0.01
0 1.230658 0.576443 0.01 0.01
0 1.256443 0.522890 0.01 0.01
0 1.415121 0.514956 0.01 0.01
0 1.530162 0.489171 0.01 0.01
0 1.423055 0.427683 0.01 0.01
0 1.413138 0.384047 0.01 0.01
0 1.387353 0.348344 0.01 0.01
0 1.254460 0.348344 0.01 0.01
0 1.222724 0.326526 0.01 0.01
0 1.306030 0.282890 0.01 0.01
0 1.093799 0.330493 0.01 0.01
0 0.627683 0.403881 0.01 0.01
0 0.568179 0.352311 0.01 0.01
0 0.433303 0.278923 0.01 0.01
0 0.151650 0.272972 0.01 0.01
0 0.000906 0.312642 0.01 0.01
0 0.054460 0.360245 0.01 0.01
0 0.040576 0.209501 0.01 0.01
0 0.177435 0.237270 0.01 0.01
0 0.185369 0.116278 0.01 0.01
0 0.117931 0.116278 0.01 0.01
0 0.094129 0.060741 0.01 0.01
0 0.006857 0.124212 0.01 0.01
0 0.004873 0.161898 0.01 0.01
0 0.004873 0.066691 0.01 0.01
0 0.217105 0.054791 0.01 0.01
0 0.469005 0.243220 0.01 0.01
0 0.421402 0.241237 0.01 0.01
0 0.623716 0.245204 0.01 0.01
0 0.879584 0.243220 0.01 0.01
0 0.893468 0.203551 0.01 0.01
0 0.998592 0.227353 0.01 0.01
0 1.034295 0.237270 0.01 0.01
0 1.101733 0.286857 0.01 0.01
0 0.312311 0.159419 0.01 0.01
0 0.253799 0.127683 0.01 0.01
0 0.282559 0.067187 0.01 0.01
0 0.243881 0.038427 0.01 0.01
0 0.254791 0.036443 0.01 0.01
0 0.278592 0.036443 0.01 0.01
0 0.147683 0.005700 0.01 0.01
0 0.141733 0.030493 0.01 0.01
0 0.315286 0.037435 0.01 0.01
0 0.323220 0.054295 0.01 0.01
0 0.349997 0.020576 0.01 0.01
0 0.362890 0.002724 0.01 0.01
0 0.388675 0.073138 0.01 0.01
0 0.367848 0.131650 0.01 0.01
0 0.399584 0.041402 0.01 0.01
0 0.418427 0.043386 0.01 0.01
0 0.425369 0.068179 0.01 0.01
0 0.439253 0.046361 0.01 0.01
0 0.426361 0.029501 0.01 0.01
0 0.444212 0.030493 0.01 0.01
0 0.443220 0.007683 0.01 0.01
0 0.465038 0.025534 0.01 0.01
0 0.471981 0.061237 0.01 0.01
0 0.455121 0.126691 0.01 0.01
0 0.474956 0.148510 0.01 0.01
0 0.532477 0.114791 0.01 0.01
0 0.540410 0.170328 0.01 0.01
0 0.554295 0.122724 0.01 0.01
0 0.582063 0.181237 0.01 0.01
0 0.593964 0.149501 0.01 0.01
0 0.653468 0.158427 0.01 0.01
0 0.568179 0.083055 0.01 0.01
0 0.598923 0.073138 0.01 0.01
0 0.581072 0.057270 0.01 0.01
0 0.544377 0.041402 0.01 0.01
0 0.552311 0.041402 0.01 0.01
0 0.564212 0.041402 0.01 0.01
0 0.585038 0.035452 0.01 0.01
0 0.596939 0.044377 0.01 0.01
0 0.542394 0.007683 0.01 0.01
0 0.551319 0.001733 0.01 0.01
0 0.563220 0.007683 0.01 0.01
0 0.599915 0.003716 0.01 0.01
0 0.615782 0.085038 0.01 0.01
0 0.628675 0.074129 0.01 0.01
0 0.633634 0.089005 0.01 0.01
0 0.670328 0.043386 0.01 0.01
0 0.682229 0.053303 0.01 0.01
0 0.682229 0.025534 0.01 0.01
0 0.668344 0.004708 0.01 0.01
0 0.691154 0.006691 0.01 0.01
0 0.704047 0.033468 0.01 0.01
0 0.717931 0.024543 0.01 0.01
0 0.723881 0.054295 0.01 0.01
0 0.709005 0.082063 0.01 0.01
0 0.708014 0.112807 0.01 0.01
0 0.697105 0.132642 0.01 0.01
0 0.733799 0.167353 0.01 0.01
0 0.756609 0.104873 0.01 0.01
0 0.802229 0.144543 0.01 0.01
0 0.829997 0.134625 0.01 0.01
0 0.896443 0.079088 0.01 0.01
0 0.739749 0.022559 0.01 0.01
0 0.733799 0.009667 0.01 0.01
0 0.741733 0.004708 0.01 0.01
0 0.748675 0.020576 0.01 0.01
0 0.753634 0.001733 0.01 0.01
0 0.768510 0.008675 0.01 0.01
0 0.771485 0.026526 0.01 0.01
0 0.779419 0.002724 0.01 0.01
0 0.788344 0.004708 0.01 0.01
0 0.799253 0.005700 0.01 0.01
0 0.796278 0.026526 0.01 0.01
0 0.819088 0.012642 0.01 0.01
0 0.862724 0.132642 0.01 0.01
0 0.883551 0.142559 0.01 0.01
0 0.905369 0.164377 0.01 0.01
0 0.919253 0.146526 0.01 0.01
0 0.925204 0.125700 0.01 0.01
0 0.675286 0.086030 0.01 0.01
0 0.974129 0.200080 0.01 0.01
0 1.056443 0.213964 0.01 0.01
0 1.078262 0.206030 0.01 0.01
0 1.035617 0.137600 0.01 0.01
0 1.071319 0.142559 0.01 0.01
0 1.048510 0.072146 0.01 0.01
0 1.048510 0.082063 0.01 0.01
0 1.066361 0.073138 0.01 0.01
0 1.081237 0.061237 0.01 0.01
0 1.096113 0.056278 0.01 0.01
0 1.109005 0.057270 0.01 0.01
0 1.110989 0.073138 0.01 0.01
0 1.122890 0.070162 0.01 0.01
0 1.147683 0.080080 0.01 0.01
0 1.137766 0.089005 0.01 0.01
0 1.141733 0.100906 0.01 0.01
0 1.128840 0.108840 0.01 0.01
0 1.165534 0.062229 0.01 0.01
0 1.203220 0.085038 0.01 0.01
0 1.224047 0.092972 0.01 0.01
0 1.232972 0.100906 0.01 0.01
0 1.259749 0.107848 0.01 0.01
0 1.284543 0.071154 0.01 0.01
0 1.516609 0.099915 0.01 0.01
0 1.380741 0.106857 0.01 0.01
0 1.254791 0.160410 0.01 0.01
0 1.238923 0.159419 0.01 0.01
0 1.210162 0.166361 0.01 0.01
0 1.195286 0.165369 0.01 0.01
0 1.225038 0.183220 0.01 0.01
0 1.229005 0.193138 0.01 0.01
0 1.282559 0.167353 0.01 0.01
0 1.232972 0.220906 0.01 0.01
0 1.296443 0.207022 0.01 0.01
0 1.384708 0.235782 0.01 0.01
0 1.066361 0.315121 0.01 0.01
0 1.406526 0.209997 0.01 0.01
0 1.411485 0.132642 0.01 0.01
0 1.440245 0.119749 0.01 0.01
0 1.454129 0.120741 0.01 0.01
0 1.466030 0.112807 0.01 0.01
0 1.528510 0.134625 0.01 0.01
0 1.536443 0.114791 0.01 0.01
0 1.579088 0.185204 0.01 0.01
0 1.598923 0.137600 0.01 0.01
0 1.520576 0.222890 0.01 0.01
0 1.482890 0.212972 0.01 0.01
0 1.508675 0.232807 0.01 0.01
0 1.505700 0.260576 0.01 0.01
0 1.590989 0.350824 0.01 0.01
0 1.526526 0.175286 0.01 0.01
0 1.533468 0.153468 0.01 0.01
0 0.092146 0.019088 0.01 0.01
0 0.230345 0.002419 0.01 0.01
0 0.035697 0.001081 0.01 0.01
0 0.925329 0.081683 0.01 0.01
0 0.859108 0.095061 0.01 0.01
