0 0.098694 0.779114 0.01 0.01
0 0.077915 0.723170 0.01 0.01
0 0.063530 0.635258 0.01 0.01
0 0.025168 0.523369 0.01 0.01
0 0.063530 0.500992 0.01 0.01
0 0.156237 0.539353 0.01 0.01
0 0.140253 0.485008 0.01 0.01
0 0.181811 0.574518 0.01 0.01
0 0.121072 0.604888 0.01 0.01
0 0.151442 0.652840 0.01 0.01
0 0.154638 0.702390 0.01 0.01
0 0.244149 0.630462 0.01 0.01
0 0.213779 0.601691 0.01 0.01
0 0.264928 0.611282 0.01 0.01
0 0.261731 0.672021 0.01 0.01
0 0.252141 0.713579 0.01 0.01
0 0.172221 0.772720 0.01 0.01
0 0.261731 0.771122 0.01 0.01
0 0.309683 0.713579 0.01 0.01
0 0.322471 0.641651 0.01 0.01
0 0.394399 0.664029 0.01 0.01
0 0.372021 0.780712 0.01 0.01
0 0.303290 0.780712 0.01 0.01
0 0.431162 0.780712 0.01 0.01
0 0.471122 0.691202 0.01 0.01
0 0.459933 0.657635 0.01 0.01
0 0.443949 0.624069 0.01 0.01
0 0.394399 0.588904 0.01 0.01
0 0.447146 0.561731 0.01 0.01
0 0.507885 0.628864 0.01 0.01
0 0.533460 0.577715 0.01 0.01
0 0.539853 0.735957 0.01 0.01
0 0.611781 0.740752 0.01 0.01
0 0.586207 0.689603 0.01 0.01
0 0.581412 0.640053 0.01 0.01
0 0.594199 0.606486 0.01 0.01
0 0.654938 0.697595 0.01 0.01
0 0.690103 0.764728 0.01 0.01
0 0.691701 0.667226 0.01 0.01
0 0.714079 0.619274 0.01 0.01
0 0.731661 0.678414 0.01 0.01
0 0.757236 0.758334 0.01 0.01
0 0.746047 0.638454 0.01 0.01
0 0.696497 0.560133 0.01 0.01
0 0.624569 0.556936 0.01 0.01
0 0.533460 0.534558 0.01 0.01
0 0.490303 0.523369 0.01 0.01
0 0.431162 0.508984 0.01 0.01
0 0.357635 0.504189 0.01 0.01
0 0.344848 0.534558 0.01 0.01
0 0.341651 0.481811 0.01 0.01
0 0.311282 0.539353 0.01 0.01
0 0.250543 0.550542 0.01 0.01
0 0.779614 0.552141 0.01 0.01
0 0.770023 0.500992 0.01 0.01
0 0.739653 0.485008 0.01 0.01
0 0.694898 0.508984 0.01 0.01
0 0.720473 0.467425 0.01 0.01
0 0.696497 0.478614 0.01 0.01
0 0.662930 0.459433 0.01 0.01
0 0.618175 0.459433 0.01 0.01
0 0.583010 0.494598 0.01 0.01
0 1.516477 0.759933 0.01 0.01
0 0.782810 0.697595 0.01 0.01
0 0.824369 0.774318 0.01 0.01
0 0.870722 0.713579 0.01 0.01
0 0.910682 0.767925 0.01 0.01
0 0.915478 0.656037 0.01 0.01
0 0.800393 0.576117 0.01 0.01
0 0.837156 0.590502 0.01 0.01
0 0.853140 0.526566 0.01 0.01
0 0.891502 0.542550 0.01 0.01
0 0.881911 0.587305 0.01 0.01
0 0.875518 0.640053 0.01 0.01
0 0.841951 0.638454 0.01 0.01
0 0.952241 0.624069 0.01 0.01
0 0.966627 0.571321 0.01 0.01
0 1.036956 0.606486 0.01 0.01
0 1.017775 0.656037 0.01 0.01
0 0.987406 0.675218 0.01 0.01
0 1.070523 0.638454 0.01 0.01
0 1.102491 0.652840 0.01 0.01
0 1.089703 0.713579 0.01 0.01
0 1.064129 0.769523 0.01 0.01
0 1.132860 0.694398 0.01 0.01
0 1.171222 0.668824 0.01 0.01
0 1.187206 0.668824 0.01 0.01
0 1.262331 0.667226 0.01 0.01
0 1.284708 0.731162 0.01 0.01
0 1.257536 0.774318 0.01 0.01
0 1.399793 0.742350 0.01 0.01
0 1.447745 0.686406 0.01 0.01
0 1.345448 0.686406 0.01 0.01
0 1.335857 0.633659 0.01 0.01
0 1.417376 0.627266 0.01 0.01
0 1.534059 0.678414 0.01 0.01
0 1.578814 0.560133 0.01 0.01
0 1.518075 0.574518 0.01 0.01
0 1.486107 0.582510 0.01 0.01
0 1.407785 0.571321 0.01 0.01
0 1.366227 0.582510 0.01 0.01
0 1.350243 0.537755 0.01 0.01
0 1.295897 0.560133 0.01 0.01
0 1.275118 0.587305 0.01 0.01
0 1.198395 0.579313 0.01 0.01
0 1.161631 0.622470 0.01 0.01
0 1.128065 0.556936 0.01 0.01
0 1.171222 0.523369 0.01 0.01
0 1.238355 0.526566 0.01 0.01
0 1.260732 0.537755 0.01 0.01
0 1.321472 0.515377 0.01 0.01
0 1.369424 0.512181 0.01 0.01
0 1.436557 0.537755 0.01 0.01
0 1.486107 0.537755 0.01 0.01
0 1.482910 0.500992 0.01 0.01
0 1.569224 0.528165 0.01 0.01
0 1.566027 0.493000 0.01 0.01
0 1.582011 0.459433 0.01 0.01
0 1.535657 0.449843 0.01 0.01
0 1.508485 0.470622 0.01 0.01
0 1.498894 0.437056 0.01 0.01
0 1.430163 0.425867 0.01 0.01
0 1.404589 0.459433 0.01 0.01
0 1.343849 0.472221 0.01 0.01
0 1.300692 0.456237 0.01 0.01
0 1.323070 0.433859 0.01 0.01
0 1.254339 0.433859 0.01 0.01
0 1.273520 0.393899 0.01 0.01
0 1.203190 0.500992 0.01 0.01
0 1.174419 0.456237 0.01 0.01
0 1.115278 0.493000 0.01 0.01
0 1.072121 0.534558 0.01 0.01
0 1.001791 0.505787 0.01 0.01
0 0.944249 0.523369 0.01 0.01
0 0.896297 0.467425 0.01 0.01
0 1.558035 0.393899 0.01 0.01
0 1.597995 0.369923 0.01 0.01
0 1.538854 0.366726 0.01 0.01
0 1.562830 0.339553 0.01 0.01
0 1.545248 0.328364 0.01 0.01
0 1.597995 0.321971 0.01 0.01
0 1.574019 0.299593 0.01 0.01
0 1.596397 0.277216 0.01 0.01
0 1.594798 0.243649 0.01 0.01
0 1.559633 0.277216 0.01 0.01
0 1.585208 0.248444 0.01 0.01
0 1.570822 0.226067 0.01 0.01
0 1.546846 0.261232 0.01 0.01
0 1.527665 0.238854 0.01 0.01
0 1.524469 0.293200 0.01 0.01
0 1.518075 0.320372 0.01 0.01
0 1.535657 0.310782 0.01 0.01
0 1.487705 0.333160 0.01 0.01
0 1.478115 0.366726 0.01 0.01
0 1.471721 0.403489 0.01 0.01
0 1.417376 0.347545 0.01 0.01
0 1.382211 0.389104 0.01 0.01
0 1.350243 0.416277 0.01 0.01
0 1.367825 0.333160 0.01 0.01
0 1.329464 0.366726 0.01 0.01
0 1.407785 0.299593 0.01 0.01
0 1.439753 0.299593 0.01 0.01
0 1.460533 0.315577 0.01 0.01
0 1.468525 0.283609 0.01 0.01
0 1.447745 0.277216 0.01 0.01
0 1.465328 0.248444 0.01 0.01
0 1.489304 0.227665 0.01 0.01
0 1.465328 0.210083 0.01 0.01
0 1.439753 0.230862 0.01 0.01
0 1.420573 0.253240 0.01 0.01
0 1.379014 0.254838 0.01 0.01
0 1.369424 0.283609 0.01 0.01
0 1.342251 0.283609 0.01 0.01
0 1.307086 0.277216 0.01 0.01
0 1.305488 0.320372 0.01 0.01
0 1.252740 0.288404 0.01 0.01
0 1.223969 0.328364 0.01 0.01
0 1.206387 0.347545 0.01 0.01
0 1.206387 0.400292 0.01 0.01
0 1.244748 0.377915 0.01 0.01
0 1.270323 0.363529 0.01 0.01
0 1.171222 0.381112 0.01 0.01
0 1.140852 0.414678 0.01 0.01
0 1.134459 0.389104 0.01 0.01
0 1.152041 0.337955 0.01 0.01
0 1.116876 0.393899 0.01 0.01
0 1.083310 0.339553 0.01 0.01
0 1.049743 0.381112 0.01 0.01
0 1.076916 0.448245 0.01 0.01
0 1.027366 0.456237 0.01 0.01
0 0.998595 0.427465 0.01 0.01
0 0.955438 0.417875 0.01 0.01
0 0.993799 0.392300 0.01 0.01
0 0.952241 0.382710 0.01 0.01
0 0.917076 0.397096 0.01 0.01
0 0.873919 0.414678 0.01 0.01
0 0.862730 0.445048 0.01 0.01
0 0.816377 0.467425 0.01 0.01
0 0.786007 0.427465 0.01 0.01
0 0.811582 0.411481 0.01 0.01
0 0.829164 0.403489 0.01 0.01
0 0.885108 0.358734 0.01 0.01
0 0.722071 0.433859 0.01 0.01
0 0.669324 0.389104 0.01 0.01
0 0.635757 0.403489 0.01 0.01
0 0.598994 0.403489 0.01 0.01
0 0.570223 0.425867 0.01 0.01
0 0.504688 0.464229 0.01 0.01
0 0.539853 0.470622 0.01 0.01
0 0.445548 0.464229 0.01 0.01
0 0.472720 0.422670 0.01 0.01
0 0.493500 0.392300 0.01 0.01
0 0.483909 0.358734 0.01 0.01
0 0.525468 0.355537 0.01 0.01
0 0.546247 0.393899 0.01 0.01
0 0.435957 0.405088 0.01 0.01
0 0.394399 0.408284 0.01 0.01
0 0.403989 0.377915 0.01 0.01
0 0.370423 0.453040 0.01 0.01
0 0.333659 0.425867 0.01 0.01
0 0.328864 0.392300 0.01 0.01
0 0.285707 0.417875 0.01 0.01
0 0.277715 0.445048 0.01 0.01
0 0.293699 0.470622 0.01 0.01
0 0.228165 0.489803 0.01 0.01
0 0.221771 0.462630 0.01 0.01
0 0.197795 0.419473 0.01 0.01
0 0.167426 0.408284 0.01 0.01
0 0.103490 0.440253 0.01 0.01
0 0.092301 0.414678 0.01 0.01
0 0.047546 0.400292 0.01 0.01
0 0.017176 0.369923 0.01 0.01
0 0.001192 0.405088 0.01 0.01
0 0.073120 0.384308 0.01 0.01
0 0.105088 0.363529 0.01 0.01
0 0.049144 0.326766 0.01 0.01
0 0.066726 0.328364 0.01 0.01
0 0.002790 0.309184 0.01 0.01
0 0.065128 0.277216 0.01 0.01
0 0.036357 0.266027 0.01 0.01
0 0.111482 0.299593 0.01 0.01
0 0.116277 0.259633 0.01 0.01
0 0.151442 0.282011 0.01 0.01
0 0.153040 0.253240 0.01 0.01
0 0.165827 0.310782 0.01 0.01
0 0.191402 0.309184 0.01 0.01
0 0.215378 0.310782 0.01 0.01
0 0.236157 0.310782 0.01 0.01
0 0.274519 0.333160 0.01 0.01
0 0.288904 0.371521 0.01 0.01
0 0.253739 0.389104 0.01 0.01
0 0.200992 0.377915 0.01 0.01
0 0.231362 0.349144 0.01 0.01
0 0.148245 0.373120 0.01 0.01
0 0.167426 0.369923 0.01 0.01
0 0.317675 0.360332 0.01 0.01
0 0.351242 0.344348 0.01 0.01
0 0.408784 0.331561 0.01 0.01
0 0.443949 0.326766 0.01 0.01
0 0.475917 0.315577 0.01 0.01
0 0.504688 0.321971 0.01 0.01
0 0.419973 0.293200 0.01 0.01
0 0.394399 0.294798 0.01 0.01
0 0.364029 0.310782 0.01 0.01
0 0.367226 0.266027 0.01 0.01
0 0.316077 0.315577 0.01 0.01
0 0.288904 0.270822 0.01 0.01
0 0.244149 0.248444 0.01 0.01
0 0.266527 0.245248 0.01 0.01
0 0.212181 0.245248 0.01 0.01
0 0.196197 0.254838 0.01 0.01
0 0.153040 0.219673 0.01 0.01
0 0.116277 0.230862 0.01 0.01
0 0.101891 0.230862 0.01 0.01
0 0.079514 0.237256 0.01 0.01
0 0.044349 0.216476 0.01 0.01
0 0.101891 0.200492 0.01 0.01
0 0.143450 0.182910 0.01 0.01
0 0.177016 0.197295 0.01 0.01
0 0.215378 0.192500 0.01 0.01
0 0.223370 0.210083 0.01 0.01
0 0.253739 0.197295 0.01 0.01
0 0.293699 0.219673 0.01 0.01
0 0.306487 0.230862 0.01 0.01
0 0.309683 0.197295 0.01 0.01
0 0.344848 0.213280 0.01 0.01
0 0.298495 0.192500 0.01 0.01
0 0.362431 0.259633 0.01 0.01
0 0.362431 0.230862 0.01 0.01
0 0.391202 0.250043 0.01 0.01
0 0.400792 0.219673 0.01 0.01
0 0.439154 0.234059 0.01 0.01
0 0.467925 0.259633 0.01 0.01
0 0.447146 0.272420 0.01 0.01
0 0.496696 0.278814 0.01 0.01
0 0.551042 0.267625 0.01 0.01
0 0.520672 0.232460 0.01 0.01
0 0.483909 0.230862 0.01 0.01
0 0.594199 0.283609 0.01 0.01
0 0.587805 0.328364 0.01 0.01
0 0.568625 0.328364 0.01 0.01
0 0.640553 0.358734 0.01 0.01
0 0.694898 0.355537 0.01 0.01
0 0.651741 0.301192 0.01 0.01
0 0.667725 0.293200 0.01 0.01
0 0.613380 0.253240 0.01 0.01
0 0.583010 0.227665 0.01 0.01
0 0.546247 0.224468 0.01 0.01
0 0.603789 0.186107 0.01 0.01
0 0.627765 0.213280 0.01 0.01
0 0.683709 0.256436 0.01 0.01
0 0.694898 0.197295 0.01 0.01
0 0.728465 0.309184 0.01 0.01
0 0.773220 0.310782 0.01 0.01
0 0.746047 0.337955 0.01 0.01
0 0.774818 0.361931 0.01 0.01
0 0.795598 0.355537 0.01 0.01
0 0.805188 0.312380 0.01 0.01
0 0.875518 0.294798 0.01 0.01
0 0.827566 0.275617 0.01 0.01
0 0.778015 0.261232 0.01 0.01
0 0.790802 0.234059 0.01 0.01
0 0.778015 0.230862 0.01 0.01
0 0.734858 0.230862 0.01 0.01
0 0.726866 0.194099 0.01 0.01
0 0.723669 0.160532 0.01 0.01
0 0.749244 0.157335 0.01 0.01
0 0.800393 0.202091 0.01 0.01
0 0.832361 0.170123 0.01 0.01
0 0.875518 0.155737 0.01 0.01
0 0.875518 0.208484 0.01 0.01
0 0.862730 0.187705 0.01 0.01
0 0.905887 0.170123 0.01 0.01
0 0.915478 0.205287 0.01 0.01
0 0.918674 0.224468 0.01 0.01
0 0.891502 0.266027 0.01 0.01
0 0.851542 0.256436 0.01 0.01
0 0.941052 0.270822 0.01 0.01
0 0.941052 0.227665 0.01 0.01
0 0.981012 0.250043 0.01 0.01
0 0.998595 0.275617 0.01 0.01
0 1.019374 0.299593 0.01 0.01
0 0.982611 0.312380 0.01 0.01
0 1.070523 0.301192 0.01 0.01
0 1.092900 0.310782 0.01 0.01
0 1.065727 0.275617 0.01 0.01
0 1.048145 0.266027 0.01 0.01
0 1.059334 0.224468 0.01 0.01
0 1.022571 0.227665 0.01 0.01
0 1.006587 0.186107 0.01 0.01
0 0.973020 0.192500 0.01 0.01
0 0.987406 0.174918 0.01 0.01
0 1.048145 0.181311 0.01 0.01
0 1.076916 0.208484 0.01 0.01
0 1.099294 0.230862 0.01 0.01
0 1.094499 0.194099 0.01 0.01
0 1.121671 0.186107 0.01 0.01
0 1.139254 0.186107 0.01 0.01
0 1.156836 0.237256 0.01 0.01
0 1.161631 0.205287 0.01 0.01
0 1.192001 0.235657 0.01 0.01
0 1.223969 0.248444 0.01 0.01
0 1.223969 0.283609 0.01 0.01
0 1.209584 0.282011 0.01 0.01
0 1.169624 0.293200 0.01 0.01
0 1.182411 0.270822 0.01 0.01
0 1.145647 0.282011 0.01 0.01
0 1.123270 0.270822 0.01 0.01
0 1.345448 0.243649 0.01 0.01
0 1.283110 0.256436 0.01 0.01
0 1.265528 0.234059 0.01 0.01
0 1.251142 0.187705 0.01 0.01
0 1.227166 0.187705 0.01 0.01
0 1.201592 0.179713 0.01 0.01
0 1.160033 0.155737 0.01 0.01
0 1.166427 0.114179 0.01 0.01
0 1.134459 0.130163 0.01 0.01
0 1.123270 0.163729 0.01 0.01
0 1.088105 0.141351 0.01 0.01
0 1.113679 0.110982 0.01 0.01
0 1.511681 0.213280 0.01 0.01
0 1.546846 0.214878 0.01 0.01
0 1.540453 0.234059 0.01 0.01
0 1.559633 0.208484 0.01 0.01
0 1.596397 0.208484 0.01 0.01
0 1.582011 0.186107 0.01 0.01
0 1.570822 0.160532 0.01 0.01
0 1.596397 0.155737 0.01 0.01
0 1.597995 0.109383 0.01 0.01
0 1.572421 0.112580 0.01 0.01
0 1.580413 0.090203 0.01 0.01
0 1.585208 0.040652 0.01 0.01
0 1.594798 0.071022 0.01 0.01
0 1.570822 0.071022 0.01 0.01
0 1.585208 0.008684 0.01 0.01
0 1.550043 0.023070 0.01 0.01
0 1.546846 0.037455 0.01 0.01
0 1.559633 0.055038 0.01 0.01
0 1.548445 0.067825 0.01 0.01
0 1.546846 0.141351 0.01 0.01
0 1.526067 0.107785 0.01 0.01
0 1.530862 0.174918 0.01 0.01
0 1.481312 0.171721 0.01 0.01
0 1.506886 0.166926 0.01 0.01
0 1.454139 0.186107 0.01 0.01
0 1.439753 0.168524 0.01 0.01
0 1.450942 0.147745 0.01 0.01
0 1.412581 0.189303 0.01 0.01
0 1.410982 0.210083 0.01 0.01
0 1.371022 0.221272 0.01 0.01
0 1.369424 0.187705 0.01 0.01
0 1.323070 0.186107 0.01 0.01
0 1.284708 0.171721 0.01 0.01
0 1.297496 0.178115 0.01 0.01
0 0.528664 0.200492 0.01 0.01
0 0.496696 0.181311 0.01 0.01
0 0.466327 0.190902 0.01 0.01
0 0.413580 0.192500 0.01 0.01
0 0.434359 0.171721 0.01 0.01
0 0.376816 0.197295 0.01 0.01
0 0.356037 0.189303 0.01 0.01
0 0.365627 0.158934 0.01 0.01
0 0.365627 0.136556 0.01 0.01
0 0.316077 0.155737 0.01 0.01
0 0.328864 0.136556 0.01 0.01
0 0.306487 0.110982 0.01 0.01
0 0.272920 0.166926 0.01 0.01
0 0.266527 0.141351 0.01 0.01
0 0.282511 0.107785 0.01 0.01
0 0.268125 0.115777 0.01 0.01
0 0.216976 0.125367 0.01 0.01
0 0.237755 0.102990 0.01 0.01
0 0.200992 0.104588 0.01 0.01
0 0.196197 0.152540 0.01 0.01
0 0.161032 0.142950 0.01 0.01
0 0.148245 0.101391 0.01 0.01
0 0.153040 0.056636 0.01 0.01
0 0.124269 0.130163 0.01 0.01
0 0.135458 0.107785 0.01 0.01
0 0.124269 0.085407 0.01 0.01
0 0.106686 0.064628 0.01 0.01
0 0.098694 0.090203 0.01 0.01
0 0.076317 0.093399 0.01 0.01
0 0.069923 0.130163 0.01 0.01
0 0.069923 0.155737 0.01 0.01
0 0.015578 0.152540 0.01 0.01
0 0.042750 0.141351 0.01 0.01
0 0.034758 0.112580 0.01 0.01
0 0.025168 0.080612 0.01 0.01
0 0.411981 0.138155 0.01 0.01
0 0.388005 0.131761 0.01 0.01
0 0.386407 0.109383 0.01 0.01
0 0.421572 0.109383 0.01 0.01
0 0.435957 0.096596 0.01 0.01
0 0.522271 0.152540 0.01 0.01
0 0.536656 0.118974 0.01 0.01
0 0.499893 0.114179 0.01 0.01
0 0.575018 0.109383 0.01 0.01
0 0.627765 0.146147 0.01 0.01
0 0.635757 0.096596 0.01 0.01
0 0.677316 0.120572 0.01 0.01
0 0.683709 0.096596 0.01 0.01
0 0.710882 0.130163 0.01 0.01
0 0.734858 0.133359 0.01 0.01
0 0.562231 0.160532 0.01 0.01
0 0.801991 0.154139 0.01 0.01
0 0.771622 0.146147 0.01 0.01
0 0.776417 0.122171 0.01 0.01
0 0.819574 0.131761 0.01 0.01
0 0.819574 0.157335 0.01 0.01
0 0.792401 0.096596 0.01 0.01
0 0.811582 0.079014 0.01 0.01
0 0.774818 0.093399 0.01 0.01
0 0.784409 0.069423 0.01 0.01
0 0.760433 0.075817 0.01 0.01
0 0.701292 0.066227 0.01 0.01
0 0.717276 0.043849 0.01 0.01
0 0.691701 0.071022 0.01 0.01
0 0.610183 0.056636 0.01 0.01
0 0.578215 0.074219 0.01 0.01
0 0.594199 0.087006 0.01 0.01
0 0.568625 0.029463 0.01 0.01
0 0.535058 0.023070 0.01 0.01
0 0.501492 0.040652 0.01 0.01
0 0.483909 0.063030 0.01 0.01
0 0.483909 0.023070 0.01 0.01
0 0.464728 0.023070 0.01 0.01
0 0.426367 0.013479 0.01 0.01
0 0.413580 0.051841 0.01 0.01
0 0.427965 0.077415 0.01 0.01
0 0.391202 0.082211 0.01 0.01
0 0.376816 0.085407 0.01 0.01
0 0.381612 0.018275 0.01 0.01
0 0.346447 0.013479 0.01 0.01
0 0.271322 0.034259 0.01 0.01
0 0.296896 0.066227 0.01 0.01
0 0.301691 0.074219 0.01 0.01
0 0.324069 0.090203 0.01 0.01
0 0.344848 0.107785 0.01 0.01
0 0.325667 0.087006 0.01 0.01
0 0.268125 0.080612 0.01 0.01
0 0.245747 0.080612 0.01 0.01
0 0.229763 0.042251 0.01 0.01
0 0.212181 0.059833 0.01 0.01
0 0.183410 0.053439 0.01 0.01
0 0.165827 0.043849 0.01 0.01
0 0.153040 0.029463 0.01 0.01
0 0.095498 0.034259 0.01 0.01
0 0.113080 0.026267 0.01 0.01
0 0.074718 0.055038 0.01 0.01
0 0.041152 0.042251 0.01 0.01
0 0.050742 0.023070 0.01 0.01
0 0.076317 0.008684 0.01 0.01
0 0.029963 0.000692 0.01 0.01
0 0.005987 0.051841 0.01 0.01
0 0.129064 0.053439 0.01 0.01
0 0.320872 0.045447 0.01 0.01
0 0.266527 0.018275 0.01 0.01
0 0.317675 0.007086 0.01 0.01
0 0.205787 0.018275 0.01 0.01
0 0.223370 0.018275 0.01 0.01
0 0.455138 0.053439 0.01 0.01
0 0.535058 0.075817 0.01 0.01
0 0.549444 0.056636 0.01 0.01
0 0.507885 0.071022 0.01 0.01
0 0.501492 0.003889 0.01 0.01
0 0.565428 0.003889 0.01 0.01
0 0.637356 0.120572 0.01 0.01
0 0.672521 0.178115 0.01 0.01
0 0.691701 0.146147 0.01 0.01
0 0.837156 0.222870 0.01 0.01
0 0.901092 0.321971 0.01 0.01
0 0.749244 0.278814 0.01 0.01
0 1.457336 0.074219 0.01 0.01
0 1.484509 0.075817 0.01 0.01
0 1.506886 0.042251 0.01 0.01
0 0.396187 0.163961 0.01 0.01
0 0.308303 0.093653 0.01 0.01
0 0.272521 0.047200 0.01 0.01
0 0.232345 0.059127 0.01 0.01
0 0.055321 0.064149 0.01 0.01
0 0.038371 0.044061 0.01 0.01
0 0.091102 0.168355 0.01 0.01
0 0.114957 0.157683 0.01 0.01
0 0.182126 0.222969 0.01 0.01
0 0.460845 0.170866 0.01 0.01
0 0.449546 0.135085 0.01 0.01
0 0.480306 0.138851 0.01 0.01
0 0.499138 0.047200 0.01 0.01
0 0.592045 0.140734 0.01 0.01
0 0.178359 0.089259 0.01 0.01
0 0.167687 0.207275 0.01 0.01
0 0.443268 0.078587 0.01 0.01
0 0.350362 0.068543 0.01 0.01
0 0.385516 0.070427 0.01 0.01
0 0.308931 0.064149 0.01 0.01
0 0.295120 0.055988 0.01 0.01
0 0.558774 0.073565 0.01 0.01
0 0.052927 0.353471 0.01 0.01
0 0.550221 0.095644 0.01 0.01
0 0.388792 0.045149 0.01 0.01
0 0.613721 0.013781 0.01 0.01
0 0.603011 0.020667 0.01 0.01
0 0.623667 0.020667 0.01 0.01
0 0.625963 0.100234 0.01 0.01
0 0.862730 0.071821 0.01 0.01
0 0.880313 0.081411 0.01 0.01
0 0.870722 0.118175 0.01 0.01
0 0.899494 0.122970 0.01 0.01
0 0.939454 0.111781 0.01 0.01
0 0.929863 0.156536 0.01 0.01
0 0.968225 0.148544 0.01 0.01
0 0.936257 0.067026 0.01 0.01
0 0.904289 0.071821 0.01 0.01
0 0.886706 0.047845 0.01 0.01
0 0.886706 0.022271 0.01 0.01
0 0.867526 0.031861 0.01 0.01
0 0.675717 0.041451 0.01 0.01
0 0.646946 0.038255 0.01 0.01
0 0.682111 0.014279 0.01 0.01
0 0.699693 0.017475 0.01 0.01
0 0.746047 0.030263 0.01 0.01
0 0.730063 0.015877 0.01 0.01
0 0.754039 0.007885 0.01 0.01
0 0.790802 0.020672 0.01 0.01
0 0.849943 0.033459 0.01 0.01
0 0.833959 0.038255 0.01 0.01
0 0.913879 0.025467 0.01 0.01
0 0.950642 0.025467 0.01 0.01
0 0.966627 0.055837 0.01 0.01
0 0.966627 0.084608 0.01 0.01
0 1.001791 0.067026 0.01 0.01
0 0.974619 0.033459 0.01 0.01
0 1.012980 0.039853 0.01 0.01
0 1.024169 0.089403 0.01 0.01
0 0.982611 0.121371 0.01 0.01
0 1.019374 0.143749 0.01 0.01
0 1.019374 0.116576 0.01 0.01
0 1.054539 0.046247 0.01 0.01
0 1.089703 0.062231 0.01 0.01
0 1.065727 0.070223 0.01 0.01
0 1.062531 0.103789 0.01 0.01
0 1.107286 0.079813 0.01 0.01
0 1.140852 0.084608 0.01 0.01
0 1.129663 0.059034 0.01 0.01
0 1.086507 0.022271 0.01 0.01
0 1.099294 0.041451 0.01 0.01
0 1.062531 0.009483 0.01 0.01
0 1.036956 0.011082 0.01 0.01
0 0.941052 0.007885 0.01 0.01
0 1.156836 0.049443 0.01 0.01
0 1.158435 0.023869 0.01 0.01
0 1.212780 0.017475 0.01 0.01
0 1.188804 0.039853 0.01 0.01
0 1.204788 0.068624 0.01 0.01
0 1.179214 0.078215 0.01 0.01
0 1.215977 0.126167 0.01 0.01
0 1.239953 0.100592 0.01 0.01
0 1.225568 0.076616 0.01 0.01
0 1.222371 0.043050 0.01 0.01
0 1.246347 0.017475 0.01 0.01
0 1.260732 0.073419 0.01 0.01
0 1.244748 0.130962 0.01 0.01
0 1.271921 0.154938 0.01 0.01
0 1.307086 0.146946 0.01 0.01
0 1.326267 0.150143 0.01 0.01
0 1.326267 0.132560 0.01 0.01
0 1.291102 0.092600 0.01 0.01
0 1.311881 0.083010 0.01 0.01
0 1.299094 0.057435 0.01 0.01
0 1.281512 0.033459 0.01 0.01
0 1.331062 0.046247 0.01 0.01
0 1.337456 0.022271 0.01 0.01
0 1.347046 0.076616 0.01 0.01
0 1.347046 0.089403 0.01 0.01
0 1.332660 0.097395 0.01 0.01
0 1.366227 0.138954 0.01 0.01
0 1.387006 0.167725 0.01 0.01
0 1.415777 0.148544 0.01 0.01
0 1.388605 0.126167 0.01 0.01
0 1.388605 0.100592 0.01 0.01
0 1.422171 0.083010 0.01 0.01
0 1.420573 0.051042 0.01 0.01
0 1.406187 0.033459 0.01 0.01
0 1.454139 0.031861 0.01 0.01
0 1.465328 0.052640 0.01 0.01
0 1.379014 0.009483 0.01 0.01
0 1.363030 0.028664 0.01 0.01
0 1.423769 0.116576 0.01 0.01
0 1.478115 0.143749 0.01 0.01
0 1.490902 0.019074 0.01 0.01
0 1.516477 0.022271 0.01 0.01
0 1.409384 0.012680 0.01 0.01
0 1.275118 0.009483 0.01 0.01
