0 0.022792 1.171510 0.01 0.01
0 0.095050 1.172474 0.01 0.01
0 0.108538 1.138754 0.01 0.01
0 0.070964 1.133936 0.01 0.01
0 0.242455 1.179218 0.01 0.01
0 0.263650 1.141644 0.01 0.01
0 0.249199 1.116595 0.01 0.01
0 0.123953 1.109851 0.01 0.01
0 0.078671 1.082875 0.01 0.01
0 0.028573 1.090582 0.01 0.01
0 0.106611 1.059752 0.01 0.01
0 0.037244 1.038557 0.01 0.01
0 0.002560 0.978824 0.01 0.01
0 0.023756 0.924872 0.01 0.01
0 0.052659 0.911384 0.01 0.01
0 0.070001 0.925835 0.01 0.01
0 0.101794 0.922945 0.01 0.01
0 0.077708 0.900786 0.01 0.01
0 0.092159 0.880554 0.01 0.01
0 0.048805 0.862248 0.01 0.01
0 0.030500 0.862248 0.01 0.01
0 0.015085 0.868992 0.01 0.01
0 0.040134 0.849724 0.01 0.01
0 0.013158 0.837199 0.01 0.01
0 0.024719 0.809260 0.01 0.01
0 0.066147 0.849724 0.01 0.01
0 0.089269 0.850687 0.01 0.01
0 0.099867 0.843943 0.01 0.01
0 0.105648 0.884407 0.01 0.01
0 0.116245 0.887298 0.01 0.01
0 0.127806 0.878627 0.01 0.01
0 0.157673 0.883444 0.01 0.01
0 0.144185 1.025069 0.01 0.01
0 0.190430 0.986531 0.01 0.01
0 0.333981 1.179218 0.01 0.01
0 0.331091 1.133936 0.01 0.01
0 0.287736 1.099253 0.01 0.01
0 0.325310 1.097326 0.01 0.01
0 0.359994 1.104070 0.01 0.01
0 0.322420 1.046264 0.01 0.01
0 0.235711 1.077094 0.01 0.01
0 0.254980 1.038557 0.01 0.01
0 0.280029 1.022178 0.01 0.01
0 0.397568 1.079021 0.01 0.01
0 0.450556 1.079984 0.01 0.01
0 0.406239 1.138754 0.01 0.01
0 0.434178 1.146461 0.01 0.01
0 0.476569 1.180181 0.01 0.01
0 0.397568 1.180181 0.01 0.01
0 0.488130 1.143571 0.01 0.01
0 0.510289 1.185962 0.01 0.01
0 0.540156 1.158022 0.01 0.01
0 0.539192 1.122375 0.01 0.01
0 0.602779 1.175364 0.01 0.01
0 0.634572 1.170547 0.01 0.01
0 0.597962 1.131046 0.01 0.01
0 0.643243 1.103107 0.01 0.01
0 0.645170 1.073240 0.01 0.01
0 0.673109 1.108887 0.01 0.01
0 0.677927 1.173437 0.01 0.01
0 0.719354 1.178254 0.01 0.01
0 0.728025 1.146461 0.01 0.01
0 0.784868 1.179218 0.01 0.01
0 0.756928 1.135863 0.01 0.01
0 0.756928 1.103107 0.01 0.01
0 0.704903 1.075167 0.01 0.01
0 0.717427 1.039520 0.01 0.01
0 0.793538 1.064569 0.01 0.01
0 0.497765 1.090582 0.01 0.01
0 0.528594 1.054935 0.01 0.01
0 0.492947 1.001946 0.01 0.01
0 0.526668 1.010617 0.01 0.01
0 0.540156 1.055898 0.01 0.01
0 0.491021 0.965336 0.01 0.01
0 0.521850 0.919091 0.01 0.01
0 0.565205 0.918128 0.01 0.01
0 0.577730 0.902713 0.01 0.01
0 0.548827 0.990385 0.01 0.01
0 0.581583 0.990385 0.01 0.01
0 0.568095 0.983641 0.01 0.01
0 0.601815 0.981714 0.01 0.01
0 0.617230 0.971116 0.01 0.01
0 0.637462 0.983641 0.01 0.01
0 0.656731 1.022178 0.01 0.01
0 0.587364 1.032776 0.01 0.01
0 0.791612 1.125266 0.01 0.01
0 0.755965 1.046264 0.01 0.01
0 0.770416 1.011581 0.01 0.01
0 0.797392 0.986531 0.01 0.01
0 0.797392 0.950884 0.01 0.01
0 0.195247 1.150315 0.01 0.01
0 0.234748 0.889225 0.01 0.01
0 0.188503 0.897895 0.01 0.01
0 0.194283 0.865139 0.01 0.01
0 0.220296 0.856468 0.01 0.01
0 0.253053 0.880554 0.01 0.01
0 0.296407 0.889225 0.01 0.01
0 0.356140 0.897895 0.01 0.01
0 0.291590 0.924872 0.01 0.01
0 0.312786 0.944140 0.01 0.01
0 0.333018 0.983641 0.01 0.01
0 0.340725 1.024105 0.01 0.01
0 0.373482 1.024105 0.01 0.01
0 0.388897 1.026995 0.01 0.01
0 0.394677 1.022178 0.01 0.01
0 0.381189 0.991348 0.01 0.01
0 0.391787 0.949921 0.01 0.01
0 0.371555 0.950884 0.01 0.01
0 0.422617 0.868992 0.01 0.01
0 1.490451 1.109851 0.01 0.01
0 1.540550 1.054935 0.01 0.01
0 1.555965 1.066496 0.01 0.01
0 1.578124 1.037593 0.01 0.01
0 1.494305 1.008690 0.01 0.01
0 1.570416 0.997129 0.01 0.01
0 1.580050 0.925835 0.01 0.01
0 1.512610 0.988458 0.01 0.01
0 1.518391 0.979787 0.01 0.01
0 1.431682 1.046264 0.01 0.01
0 1.453841 0.987495 0.01 0.01
0 1.387364 1.051081 0.01 0.01
0 1.453841 1.118522 0.01 0.01
0 1.399888 1.117558 0.01 0.01
0 1.393144 1.132010 0.01 0.01
0 1.353644 1.132010 0.01 0.01
0 1.313180 1.106960 0.01 0.01
0 1.303545 1.106960 0.01 0.01
0 1.277533 1.123339 0.01 0.01
0 1.265971 1.152242 0.01 0.01
0 1.261154 1.170547 0.01 0.01
0 1.210092 1.167657 0.01 0.01
0 1.292947 1.181145 0.01 0.01
0 1.344009 1.179218 0.01 0.01
0 1.336302 1.089619 0.01 0.01
0 1.323777 1.053008 0.01 0.01
0 1.309326 1.054935 0.01 0.01
0 1.198531 1.131046 0.01 0.01
0 1.202385 1.068423 0.01 0.01
0 1.111822 1.159949 0.01 0.01
0 1.042455 1.174401 0.01 0.01
0 1.050162 1.148388 0.01 0.01
0 1.016442 1.136827 0.01 0.01
0 0.943221 1.165730 0.01 0.01
0 0.909501 1.120448 0.01 0.01
0 0.837244 1.122375 0.01 0.01
0 0.814121 1.172474 0.01 0.01
0 0.866147 1.096363 0.01 0.01
0 0.866147 1.061679 0.01 0.01
0 0.890233 1.048191 0.01 0.01
0 0.927806 1.046264 0.01 0.01
0 1.002954 1.089619 0.01 0.01
0 1.030894 1.081911 0.01 0.01
0 1.048236 1.051081 0.01 0.01
0 1.080992 1.082875 0.01 0.01
0 1.128200 1.122375 0.01 0.01
0 1.112786 1.124302 0.01 0.01
0 1.096407 1.129119 0.01 0.01
0 1.114712 1.028922 0.01 0.01
0 1.063650 1.013507 0.01 0.01
0 1.178299 1.026995 0.01 0.01
0 1.225507 1.030849 0.01 0.01
0 1.206239 1.011581 0.01 0.01
0 1.203348 1.037593 0.01 0.01
0 1.173482 1.000983 0.01 0.01
0 0.992356 1.037593 0.01 0.01
0 0.939368 1.018325 0.01 0.01
0 0.899867 1.006763 0.01 0.01
0 0.957673 0.985568 0.01 0.01
0 1.043418 0.947994 0.01 0.01
0 1.088700 0.961482 0.01 0.01
0 1.131091 0.956665 0.01 0.01
0 1.189860 0.941250 0.01 0.01
0 1.214909 0.949921 0.01 0.01
0 1.281386 0.963409 0.01 0.01
0 1.254410 0.990385 0.01 0.01
0 1.268862 0.983641 0.01 0.01
0 1.281386 1.007727 0.01 0.01
0 1.291021 0.976897 0.01 0.01
0 1.319924 0.951848 0.01 0.01
0 1.350753 0.999056 0.01 0.01
0 1.355571 0.981714 0.01 0.01
0 1.267898 1.039520 0.01 0.01
0 0.805451 1.061679 0.01 0.01
0 0.822792 1.068423 0.01 0.01
0 0.811231 0.985568 0.01 0.01
0 0.821829 1.026032 0.01 0.01
0 0.819902 0.964372 0.01 0.01
0 0.804487 0.954738 0.01 0.01
0 0.818939 0.931616 0.01 0.01
0 0.870964 0.916201 0.01 0.01
0 0.886379 0.900786 0.01 0.01
0 0.950929 0.907530 0.01 0.01
0 1.006808 0.900786 0.01 0.01
0 1.039565 0.916201 0.01 0.01
0 1.095444 0.911384 0.01 0.01
0 1.151323 0.922945 0.01 0.01
0 1.187933 0.912347 0.01 0.01
0 1.261154 0.921018 0.01 0.01
0 1.282350 0.903676 0.01 0.01
0 1.331485 0.916201 0.01 0.01
0 1.380620 0.922945 0.01 0.01
0 1.420121 0.918128 0.01 0.01
0 1.481780 0.911384 0.01 0.01
0 1.436499 0.897895 0.01 0.01
0 1.516464 0.921018 0.01 0.01
0 1.546330 0.912347 0.01 0.01
0 1.596429 0.921018 0.01 0.01
0 1.574270 0.882481 0.01 0.01
0 1.529952 0.884407 0.01 0.01
0 1.508756 0.868992 0.01 0.01
0 1.482744 0.873810 0.01 0.01
0 1.413377 0.863212 0.01 0.01
0 1.422047 0.873810 0.01 0.01
0 1.399888 0.882481 0.01 0.01
0 1.376766 0.889225 0.01 0.01
0 1.349790 0.890188 0.01 0.01
0 1.330521 0.867066 0.01 0.01
0 1.344973 0.876700 0.01 0.01
0 1.450950 0.873810 0.01 0.01
0 1.433609 0.853578 0.01 0.01
0 1.463475 0.856468 0.01 0.01
0 1.501049 0.845870 0.01 0.01
0 1.528988 0.849724 0.01 0.01
0 1.566562 0.858395 0.01 0.01
0 1.590648 0.856468 0.01 0.01
0 0.948827 1.101661 0.01 0.01
0 0.964241 1.072758 0.01 0.01
0 0.066059 0.815281 0.01 0.01
0 0.059797 0.822507 0.01 0.01
0 0.046790 0.785415 0.01 0.01
0 0.111340 0.802756 0.01 0.01
0 0.128682 0.784933 0.01 0.01
0 0.169146 0.806129 0.01 0.01
0 0.168183 0.778189 0.01 0.01
0 0.185043 0.800830 0.01 0.01
0 0.191305 0.822025 0.01 0.01
0 0.178299 0.828769 0.01 0.01
0 0.170592 0.849001 0.01 0.01
0 0.146987 0.850928 0.01 0.01
0 0.120493 0.833586 0.01 0.01
0 0.107968 0.825879 0.01 0.01
0 0.149396 0.831178 0.01 0.01
0 0.225989 0.841294 0.01 0.01
0 0.240440 0.808537 0.01 0.01
0 0.296801 0.838885 0.01 0.01
0 0.364241 0.862489 0.01 0.01
0 0.326186 0.879349 0.01 0.01
0 0.385437 0.876459 0.01 0.01
0 0.388327 0.795531 0.01 0.01
0 0.437550 0.854782 0.01 0.01
0 0.533412 0.891874 0.01 0.01
0 0.503545 0.848038 0.01 0.01
0 0.528594 0.844666 0.01 0.01
0 0.500655 0.868270 0.01 0.01
0 0.501618 0.880313 0.01 0.01
0 0.536302 0.873087 0.01 0.01
0 0.541601 0.877423 0.01 0.01
0 0.421172 0.832141 0.01 0.01
0 0.386970 0.856709 0.01 0.01
0 0.374445 0.853818 0.01 0.01
0 0.371073 0.844666 0.01 0.01
0 0.387452 0.839849 0.01 0.01
0 0.413464 0.815281 0.01 0.01
0 0.439477 0.832141 0.01 0.01
0 0.350841 0.834550 0.01 0.01
0 0.300743 0.860081 0.01 0.01
0 0.264132 0.858154 0.01 0.01
0 0.240046 0.869715 0.01 0.01
0 0.267504 0.812873 0.01 0.01
0 0.287736 0.788787 0.01 0.01
0 0.330609 0.797458 0.01 0.01
0 0.315194 0.822989 0.01 0.01
0 0.353731 0.809019 0.01 0.01
0 0.433696 0.775780 0.01 0.01
0 0.429843 0.800830 0.01 0.01
0 0.435623 0.762292 0.01 0.01
0 0.418281 0.749768 0.01 0.01
0 0.383116 0.753621 0.01 0.01
0 0.252089 0.792159 0.01 0.01
0 0.219333 0.776744 0.01 0.01
0 0.198137 0.800348 0.01 0.01
0 0.239565 0.771445 0.01 0.01
0 0.051126 0.734834 0.01 0.01
0 0.026558 0.753621 0.01 0.01
0 0.019333 0.769518 0.01 0.01
0 0.002954 0.756993 0.01 0.01
0 0.002954 0.770481 0.01 0.01
0 0.002473 0.789750 0.01 0.01
0 0.010662 0.781561 0.01 0.01
0 0.098334 0.761329 0.01 0.01
0 0.079065 0.753621 0.01 0.01
0 0.117121 0.739170 0.01 0.01
0 0.139280 0.738206 0.01 0.01
0 0.131572 0.731944 0.01 0.01
0 0.130127 0.721828 0.01 0.01
0 0.113267 0.723273 0.01 0.01
0 0.090627 0.725682 0.01 0.01
0 0.079547 0.731462 0.01 0.01
0 0.067023 0.742060 0.01 0.01
0 0.017887 0.735316 0.01 0.01
0 0.129164 0.750249 0.01 0.01
0 0.118566 0.747841 0.01 0.01
0 0.098816 0.736761 0.01 0.01
0 0.089181 0.739170 0.01 0.01
0 0.096407 0.745914 0.01 0.01
0 0.103151 0.744469 0.01 0.01
0 0.069913 0.734353 0.01 0.01
0 0.072321 0.719420 0.01 0.01
0 0.053053 0.714121 0.01 0.01
0 0.026077 0.702559 0.01 0.01
0 0.005363 0.711712 0.01 0.01
0 0.034266 0.675102 0.01 0.01
0 0.056425 0.680401 0.01 0.01
0 0.062687 0.700633 0.01 0.01
0 0.060760 0.709304 0.01 0.01
0 0.074248 0.689553 0.01 0.01
0 0.068468 0.692925 0.01 0.01
0 0.083401 0.690517 0.01 0.01
0 0.135908 0.698224 0.01 0.01
0 0.125792 0.699187 0.01 0.01
0 0.120493 0.702078 0.01 0.01
0 0.145542 0.689071 0.01 0.01
0 0.154695 0.702078 0.01 0.01
0 0.245739 0.741097 0.01 0.01
0 0.252002 0.730981 0.01 0.01
0 0.235623 0.725682 0.01 0.01
0 0.224062 0.722310 0.01 0.01
0 0.220208 0.722792 0.01 0.01
0 0.198049 0.718456 0.01 0.01
0 0.209129 0.717493 0.01 0.01
0 0.238032 0.717493 0.01 0.01
0 0.254892 0.711712 0.01 0.01
0 0.241886 0.705932 0.01 0.01
0 0.225507 0.693889 0.01 0.01
0 0.211537 0.712194 0.01 0.01
0 0.204312 0.694852 0.01 0.01
0 0.197086 0.687145 0.01 0.01
0 0.209611 0.684254 0.01 0.01
0 0.230324 0.680882 0.01 0.01
0 0.215391 0.694852 0.01 0.01
0 0.251038 0.683291 0.01 0.01
0 0.242849 0.691480 0.01 0.01
0 0.234178 0.695815 0.01 0.01
0 0.228397 0.714121 0.01 0.01
0 0.191787 0.680401 0.01 0.01
0 0.255374 0.691962 0.01 0.01
0 0.720318 0.902953 0.01 0.01
0 0.640834 0.912588 0.01 0.01
0 0.610005 0.862008 0.01 0.01
0 0.556052 0.848520 0.01 0.01
0 0.582547 0.835513 0.01 0.01
0 0.567132 0.820580 0.01 0.01
0 0.598925 0.815763 0.01 0.01
0 0.624938 0.835513 0.01 0.01
0 0.637462 0.848520 0.01 0.01
0 0.639871 0.864416 0.01 0.01
0 0.674073 0.871160 0.01 0.01
0 0.732360 0.879349 0.01 0.01
0 0.740068 0.885612 0.01 0.01
0 0.748739 0.847556 0.01 0.01
0 0.755483 0.860081 0.01 0.01
0 0.763672 0.867788 0.01 0.01
0 0.774270 0.882240 0.01 0.01
0 0.775715 0.904880 0.01 0.01
0 0.812325 0.904880 0.01 0.01
0 0.827740 0.886093 0.01 0.01
0 0.847972 0.883203 0.01 0.01
0 0.813771 0.876941 0.01 0.01
0 0.801728 0.875496 0.01 0.01
0 0.794984 0.868752 0.01 0.01
0 0.843155 0.852855 0.01 0.01
0 0.861460 0.863453 0.01 0.01
0 0.886991 0.869715 0.01 0.01
0 0.918785 0.892837 0.01 0.01
0 0.904815 0.911143 0.01 0.01
0 0.928901 0.895728 0.01 0.01
0 0.927937 0.981955 0.01 0.01
0 0.923120 1.007486 0.01 0.01
0 0.751147 1.001705 0.01 0.01
0 0.716946 1.007004 0.01 0.01
0 0.641798 1.006522 0.01 0.01
0 0.613377 1.002669 0.01 0.01
0 0.924565 0.874532 0.01 0.01
0 0.907705 0.862008 0.01 0.01
0 0.876394 0.850928 0.01 0.01
0 0.891327 0.856227 0.01 0.01
0 0.887473 0.837440 0.01 0.01
0 0.911559 0.844184 0.01 0.01
0 0.927456 0.841294 0.01 0.01
0 0.923120 0.826842 0.01 0.01
0 0.912522 0.813836 0.01 0.01
0 0.886510 0.818653 0.01 0.01
0 0.879284 0.834068 0.01 0.01
0 0.869650 0.823470 0.01 0.01
0 0.849418 0.834068 0.01 0.01
0 0.822441 0.825879 0.01 0.01
0 0.811362 0.837440 0.01 0.01
0 0.781014 0.838885 0.01 0.01
0 0.722726 0.835513 0.01 0.01
0 0.713574 0.845629 0.01 0.01
0 0.676963 0.842257 0.01 0.01
0 0.689969 0.827324 0.01 0.01
0 0.676000 0.817208 0.01 0.01
0 0.652877 0.835995 0.01 0.01
0 0.620121 0.791195 0.01 0.01
0 0.627346 0.801793 0.01 0.01
0 0.640834 0.798421 0.01 0.01
0 0.644206 0.777226 0.01 0.01
0 0.651914 0.794086 0.01 0.01
0 0.669737 0.799866 0.01 0.01
0 0.672146 0.766146 0.01 0.01
0 0.678890 0.796976 0.01 0.01
0 0.671183 0.783488 0.01 0.01
0 0.687561 0.780598 0.01 0.01
0 0.760782 0.801311 0.01 0.01
0 0.849418 0.817208 0.01 0.01
0 0.866278 0.804683 0.01 0.01
0 0.858570 0.815763 0.01 0.01
0 0.575803 0.784451 0.01 0.01
0 0.555089 0.804683 0.01 0.01
0 0.558461 0.788305 0.01 0.01
0 1.215766 0.914360 0.01 0.01
0 1.235258 0.915288 0.01 0.01
0 1.175853 0.975158 0.01 0.01
0 1.167964 0.987688 0.01 0.01
0 1.055187 0.984904 0.01 0.01
0 1.419506 1.123902 0.01 0.01
0 1.411153 1.096984 0.01 0.01
0 1.426932 1.087702 0.01 0.01
0 1.427860 1.045005 0.01 0.01
0 1.426932 0.978174 0.01 0.01
0 1.242220 0.996738 0.01 0.01
0 1.058900 0.895796 0.01 0.01
0 1.039408 0.893476 0.01 0.01
0 1.039872 0.877696 0.01 0.01
0 1.011097 0.876304 0.01 0.01
0 0.974897 0.882801 0.01 0.01
0 0.948444 0.870735 0.01 0.01
0 0.939626 0.860989 0.01 0.01
0 0.931736 0.861917 0.01 0.01
0 0.942874 0.852635 0.01 0.01
0 0.972577 0.856812 0.01 0.01
0 0.995782 0.851242 0.01 0.01
0 1.009241 0.846137 0.01 0.01
0 1.056115 0.857740 0.01 0.01
0 1.094636 0.873055 0.01 0.01
0 1.112736 0.890691 0.01 0.01
0 1.154969 0.884194 0.01 0.01
0 1.186528 0.889299 0.01 0.01
0 1.222263 0.893476 0.01 0.01
0 1.225976 0.876304 0.01 0.01
0 1.256143 0.869807 0.01 0.01
0 1.225512 0.848458 0.01 0.01
0 1.213446 0.851242 0.01 0.01
0 1.218551 0.836855 0.01 0.01
0 1.199522 0.838712 0.01 0.01
0 1.196274 0.825717 0.01 0.01
0 1.216694 0.825717 0.01 0.01
0 1.261248 0.855419 0.01 0.01
0 1.249181 0.834071 0.01 0.01
0 1.263568 0.829430 0.01 0.01
0 1.257535 0.814578 0.01 0.01
0 1.236186 0.823861 0.01 0.01
0 1.210197 0.819684 0.01 0.01
0 1.207876 0.803440 0.01 0.01
0 1.224584 0.808081 0.01 0.01
0 1.244540 0.795550 0.01 0.01
0 1.257535 0.791373 0.01 0.01
0 1.239899 0.782556 0.01 0.01
0 1.222728 0.789517 0.01 0.01
0 1.192561 0.783948 0.01 0.01
0 1.190240 0.805296 0.01 0.01
0 1.178638 0.797871 0.01 0.01
0 1.167964 0.801120 0.01 0.01
0 1.178638 0.789517 0.01 0.01
0 1.210661 0.778843 0.01 0.01
0 1.213446 0.768632 0.01 0.01
0 1.251502 0.761207 0.01 0.01
0 1.166107 0.864701 0.01 0.01
0 1.149400 0.854491 0.01 0.01
0 1.171676 0.849386 0.01 0.01
0 1.173069 0.834071 0.01 0.01
0 1.149864 0.838712 0.01 0.01
0 1.131300 0.824789 0.01 0.01
0 1.116448 0.837319 0.01 0.01
0 1.133620 0.846137 0.01 0.01
0 1.128051 0.859132 0.01 0.01
0 1.111343 0.863309 0.01 0.01
0 1.088602 0.841960 0.01 0.01
0 1.078392 0.856812 0.01 0.01
0 1.071431 0.853563 0.01 0.01
0 1.063077 0.851242 0.01 0.01
0 1.069110 0.835463 0.01 0.01
0 1.072823 0.822468 0.01 0.01
0 1.045905 0.833607 0.01 0.01
0 1.037551 0.815043 0.01 0.01
0 1.037551 0.811330 0.01 0.01
0 1.038015 0.805296 0.01 0.01
0 1.054259 0.810866 0.01 0.01
0 1.083497 0.820612 0.01 0.01
0 1.102061 0.820612 0.01 0.01
0 1.118305 0.809937 0.01 0.01
0 1.143830 0.812258 0.01 0.01
0 1.100205 0.803440 0.01 0.01
0 1.086282 0.805296 0.01 0.01
0 1.074679 0.804832 0.01 0.01
0 1.065861 0.802976 0.01 0.01
0 1.046369 0.801120 0.01 0.01
0 1.015274 0.802976 0.01 0.01
0 1.020379 0.815971 0.01 0.01
0 1.018987 0.821076 0.01 0.01
0 1.018059 0.830822 0.01 0.01
0 0.991605 0.821076 0.01 0.01
0 0.999959 0.815971 0.01 0.01
0 1.005528 0.810866 0.01 0.01
0 0.990213 0.806689 0.01 0.01
0 0.995318 0.803440 0.01 0.01
0 0.982787 0.796014 0.01 0.01
0 0.960974 0.800191 0.01 0.01
0 0.953549 0.813186 0.01 0.01
0 0.962831 0.815043 0.01 0.01
0 0.973041 0.815971 0.01 0.01
0 0.934985 0.812258 0.01 0.01
0 0.928487 0.802976 0.01 0.01
0 0.912244 0.801120 0.01 0.01
0 0.902498 0.799727 0.01 0.01
0 0.893680 0.807617 0.01 0.01
0 0.891359 0.784876 0.01 0.01
0 0.906675 0.789053 0.01 0.01
0 0.920134 0.784876 0.01 0.01
0 0.937769 0.791838 0.01 0.01
0 0.941946 0.776058 0.01 0.01
0 0.958190 0.786268 0.01 0.01
0 0.993462 0.775130 0.01 0.01
0 1.012026 0.781627 0.01 0.01
0 0.997638 0.791373 0.01 0.01
0 0.969792 0.780235 0.01 0.01
0 0.937769 0.768632 0.01 0.01
0 0.956798 0.766776 0.01 0.01
0 1.025485 0.793230 0.01 0.01
0 1.019915 0.775130 0.01 0.01
0 1.044977 0.779307 0.01 0.01
0 1.054723 0.775130 0.01 0.01
0 1.050082 0.763991 0.01 0.01
0 1.059828 0.763527 0.01 0.01
0 1.069110 0.784876 0.01 0.01
0 1.093243 0.782091 0.01 0.01
0 1.078856 0.778843 0.01 0.01
0 1.131300 0.796014 0.01 0.01
0 1.151720 0.804832 0.01 0.01
0 1.155433 0.789981 0.01 0.01
0 1.163787 0.787197 0.01 0.01
0 1.175389 0.780235 0.01 0.01
0 1.154505 0.767704 0.01 0.01
0 1.136869 0.770025 0.01 0.01
0 1.144294 0.760743 0.01 0.01
0 1.154505 0.757030 0.01 0.01
0 1.154969 0.749140 0.01 0.01
0 1.129443 0.755638 0.01 0.01
0 1.116912 0.775594 0.01 0.01
0 1.096028 0.769561 0.01 0.01
0 1.085354 0.772345 0.01 0.01
0 1.077000 0.764456 0.01 0.01
0 1.077928 0.758886 0.01 0.01
0 1.057043 0.749604 0.01 0.01
0 1.083033 0.753781 0.01 0.01
0 1.102061 0.764456 0.01 0.01
0 1.091851 0.759350 0.01 0.01
0 1.288166 0.858204 0.01 0.01
0 1.282133 0.873983 0.01 0.01
0 1.309979 0.885122 0.01 0.01
0 1.323902 0.883265 0.01 0.01
0 1.387484 0.872127 0.01 0.01
0 1.352212 0.869342 0.01 0.01
0 1.357781 0.872127 0.01 0.01
0 1.348035 0.854955 0.01 0.01
0 1.328079 0.841032 0.01 0.01
0 1.301625 0.853099 0.01 0.01
0 1.299304 0.843353 0.01 0.01
0 1.299304 0.835463 0.01 0.01
0 1.288630 0.828037 0.01 0.01
0 1.274707 0.845209 0.01 0.01
0 1.305338 0.824325 0.01 0.01
0 1.287238 0.810866 0.01 0.01
0 1.274707 0.813650 0.01 0.01
0 1.313227 0.811794 0.01 0.01
0 1.315084 0.802976 0.01 0.01
0 1.294663 0.801120 0.01 0.01
0 1.272386 0.796479 0.01 0.01
0 1.282597 0.784876 0.01 0.01
0 1.267745 0.772345 0.01 0.01
0 1.299768 0.770025 0.01 0.01
0 1.327614 0.799727 0.01 0.01
0 1.313691 0.776522 0.01 0.01
0 1.293271 0.779771 0.01 0.01
0 1.327614 0.774202 0.01 0.01
0 1.336896 0.778843 0.01 0.01
0 1.355461 0.791838 0.01 0.01
0 1.344786 0.796479 0.01 0.01
0 1.340145 0.791373 0.01 0.01
0 1.374953 0.811330 0.01 0.01
0 1.374025 0.819220 0.01 0.01
0 1.364743 0.830822 0.01 0.01
0 1.374953 0.837784 0.01 0.01
0 1.392589 0.846137 0.01 0.01
0 1.421363 0.832214 0.01 0.01
0 1.406976 0.815043 0.01 0.01
0 1.393981 0.820612 0.01 0.01
0 1.414865 0.800191 0.01 0.01
0 1.400942 0.797871 0.01 0.01
0 1.385627 0.796943 0.01 0.01
0 1.372168 0.786732 0.01 0.01
0 1.374025 0.763527 0.01 0.01
0 1.367527 0.773273 0.01 0.01
0 1.401407 0.778379 0.01 0.01
0 1.423219 0.787197 0.01 0.01
0 1.427860 0.779771 0.01 0.01
0 1.439463 0.789981 0.01 0.01
0 1.435286 0.806689 0.01 0.01
0 1.440855 0.844281 0.01 0.01
0 1.455706 0.839640 0.01 0.01
0 1.455242 0.828966 0.01 0.01
0 1.444568 0.815971 0.01 0.01
0 1.462668 0.814578 0.01 0.01
0 1.446888 0.799727 0.01 0.01
0 1.466381 0.804368 0.01 0.01
0 1.464988 0.836391 0.01 0.01
0 1.493763 0.825717 0.01 0.01
0 1.519752 0.824789 0.01 0.01
0 1.529963 0.833143 0.01 0.01
0 1.553632 0.833143 0.01 0.01
0 1.535996 0.818291 0.01 0.01
0 1.576837 0.841032 0.01 0.01
0 1.561521 0.845209 0.01 0.01
0 1.545742 0.841960 0.01 0.01
0 1.581942 0.836855 0.01 0.01
0 1.563378 0.822468 0.01 0.01
0 1.568019 0.816899 0.01 0.01
0 1.546670 0.809937 0.01 0.01
0 1.522537 0.806689 0.01 0.01
0 1.530427 0.801120 0.01 0.01
0 1.532747 0.795086 0.01 0.01
0 1.503973 0.786732 0.01 0.01
0 1.485873 0.783020 0.01 0.01
0 1.478911 0.789981 0.01 0.01
0 1.472878 0.793694 0.01 0.01
0 1.457563 0.793230 0.01 0.01
0 1.447817 0.768632 0.01 0.01
0 1.432501 0.770025 0.01 0.01
0 1.417186 0.766776 0.01 0.01
0 1.411617 0.760279 0.01 0.01
0 1.446424 0.744035 0.01 0.01
0 1.469629 0.750533 0.01 0.01
0 1.472414 0.740786 0.01 0.01
0 1.487265 0.757958 0.01 0.01
0 1.479376 0.763527 0.01 0.01
0 1.510470 0.762135 0.01 0.01
0 1.496547 0.764920 0.01 0.01
0 1.510934 0.778379 0.01 0.01
0 1.542029 0.779771 0.01 0.01
0 1.565234 0.783484 0.01 0.01
0 1.591688 0.785340 0.01 0.01
0 1.577765 0.778379 0.01 0.01
0 1.581942 0.766776 0.01 0.01
0 1.573124 0.757030 0.01 0.01
0 1.560129 0.760279 0.01 0.01
0 1.542029 0.760279 0.01 0.01
0 1.543886 0.769097 0.01 0.01
0 1.563378 0.767704 0.01 0.01
0 1.575445 0.796014 0.01 0.01
0 1.591688 0.765384 0.01 0.01
0 1.560129 0.745892 0.01 0.01
0 1.570803 0.725935 0.01 0.01
0 1.548991 0.738930 0.01 0.01
0 1.526714 0.741250 0.01 0.01
0 1.549919 0.798335 0.01 0.01
0 1.580550 0.820148 0.01 0.01
0 1.589368 0.827573 0.01 0.01
0 1.594937 0.815971 0.01 0.01
0 1.590296 0.893012 0.01 0.01
0 1.590296 0.873055 0.01 0.01
0 1.488193 0.809009 0.01 0.01
0 1.474270 0.800191 0.01 0.01
0 1.472878 0.773273 0.01 0.01
0 1.501188 0.776522 0.01 0.01
0 1.397230 0.751461 0.01 0.01
0 1.360566 0.745892 0.01 0.01
0 1.346178 0.763991 0.01 0.01
0 1.341073 0.723615 0.01 0.01
0 1.314156 0.728256 0.01 0.01
0 1.245933 0.713404 0.01 0.01
0 1.231081 0.747748 0.01 0.01
0 1.248253 0.747284 0.01 0.01
0 1.215766 0.741715 0.01 0.01
0 1.272850 0.754245 0.01 0.01
0 1.261248 0.752389 0.01 0.01
0 1.260784 0.760279 0.01 0.01
0 1.280740 0.745427 0.01 0.01
0 1.277956 0.719438 0.01 0.01
0 1.311835 0.711548 0.01 0.01
0 1.294663 0.711548 0.01 0.01
0 1.361494 0.721294 0.01 0.01
0 1.378201 0.729184 0.01 0.01
0 1.391660 0.733361 0.01 0.01
0 1.527178 0.758886 0.01 0.01
0 1.598432 0.791605 0.01 0.01
0 1.527889 0.723847 0.01 0.01
0 1.487976 0.710852 0.01 0.01
0 0.849373 0.792998 0.01 0.01
0 0.825704 0.789285 0.01 0.01
0 0.808996 0.784180 0.01 0.01
0 0.797858 0.786036 0.01 0.01
0 0.783471 0.799031 0.01 0.01
0 0.768155 0.793462 0.01 0.01
0 0.776045 0.778611 0.01 0.01
0 0.791360 0.783252 0.01 0.01
0 0.795073 0.769793 0.01 0.01
0 0.768619 0.768865 0.01 0.01
0 0.756089 0.766544 0.01 0.01
0 0.744486 0.763295 0.01 0.01
0 0.728243 0.769793 0.01 0.01
0 0.720353 0.756798 0.01 0.01
0 0.711999 0.762367 0.01 0.01
0 0.695291 0.753549 0.01 0.01
0 0.636351 0.760047 0.01 0.01
0 0.632638 0.747516 0.01 0.01
0 0.617322 0.742875 0.01 0.01
0 0.612681 0.760511 0.01 0.01
0 0.627533 0.729880 0.01 0.01
0 0.642848 0.741483 0.01 0.01
0 0.661412 0.741018 0.01 0.01
0 0.660484 0.731272 0.01 0.01
0 0.683225 0.736377 0.01 0.01
0 0.670694 0.741018 0.01 0.01
0 0.672086 0.729880 0.01 0.01
0 0.666053 0.726167 0.01 0.01
0 0.655379 0.721526 0.01 0.01
0 0.636351 0.729880 0.01 0.01
0 0.623356 0.711316 0.01 0.01
0 0.644704 0.711316 0.01 0.01
0 0.630317 0.712244 0.01 0.01
0 0.862832 0.786036 0.01 0.01
0 0.851694 0.776290 0.01 0.01
0 0.851229 0.769793 0.01 0.01
0 0.827560 0.770257 0.01 0.01
0 0.816422 0.769793 0.01 0.01
0 0.816886 0.759118 0.01 0.01
0 0.813173 0.752621 0.01 0.01
0 0.797858 0.746124 0.01 0.01
0 0.776973 0.760047 0.01 0.01
0 0.763050 0.755870 0.01 0.01
0 0.752376 0.752621 0.01 0.01
0 0.731955 0.754477 0.01 0.01
0 0.743558 0.746124 0.01 0.01
0 0.744022 0.739626 0.01 0.01
0 0.777437 0.744267 0.01 0.01
0 0.825704 0.741483 0.01 0.01
0 0.847517 0.739626 0.01 0.01
0 0.854478 0.754477 0.01 0.01
0 0.868401 0.754941 0.01 0.01
0 0.884181 0.754477 0.01 0.01
0 0.888358 0.746124 0.01 0.01
0 0.899960 0.775362 0.01 0.01
0 0.905065 0.761439 0.01 0.01
0 0.888822 0.759118 0.01 0.01
0 0.877683 0.763759 0.01 0.01
0 0.868865 0.769793 0.01 0.01
0 0.862368 0.765616 0.01 0.01
0 0.916204 0.759118 0.01 0.01
0 0.910170 0.753549 0.01 0.01
0 0.903209 0.747516 0.01 0.01
0 0.895783 0.746588 0.01 0.01
0 0.919916 0.746124 0.01 0.01
0 0.901352 0.741018 0.01 0.01
0 0.908314 0.735913 0.01 0.01
0 0.932911 0.742411 0.01 0.01
0 0.979321 0.757726 0.01 0.01
0 0.993244 0.746124 0.01 0.01
0 0.984427 0.737770 0.01 0.01
0 0.974680 0.744267 0.01 0.01
0 0.973288 0.739162 0.01 0.01
0 0.968647 0.731272 0.01 0.01
0 0.958437 0.747516 0.01 0.01
0 0.944050 0.734521 0.01 0.01
0 0.959365 0.736377 0.01 0.01
0 0.953796 0.726631 0.01 0.01
0 0.924557 0.729880 0.01 0.01
0 0.911563 0.727095 0.01 0.01
0 0.897640 0.729880 0.01 0.01
0 0.895319 0.725239 0.01 0.01
0 0.892070 0.731736 0.01 0.01
0 0.878147 0.731272 0.01 0.01
0 0.869329 0.726631 0.01 0.01
0 0.860511 0.733593 0.01 0.01
0 0.859119 0.730344 0.01 0.01
0 0.853550 0.724775 0.01 0.01
0 0.808068 0.730344 0.01 0.01
0 0.815958 0.729416 0.01 0.01
0 0.799250 0.732665 0.01 0.01
0 0.780686 0.726631 0.01 0.01
0 0.777901 0.726631 0.01 0.01
0 0.760730 0.720598 0.01 0.01
0 0.771868 0.715029 0.01 0.01
0 0.747735 0.721526 0.01 0.01
0 0.736132 0.715029 0.01 0.01
0 0.724530 0.710852 0.01 0.01
0 0.977465 0.718742 0.01 0.01
0 0.994637 0.715029 0.01 0.01
0 0.977001 0.703890 0.01 0.01
0 0.966791 0.708531 0.01 0.01
0 0.707358 0.741483 0.01 0.01
0 0.706430 0.728024 0.01 0.01
0 0.693899 0.726631 0.01 0.01
0 0.692043 0.716421 0.01 0.01
0 0.701789 0.719670 0.01 0.01
0 0.727314 0.736145 0.01 0.01
0 0.731955 0.725007 0.01 0.01
0 0.721745 0.725935 0.01 0.01
0 0.715248 0.717581 0.01 0.01
0 0.711535 0.717581 0.01 0.01
0 0.567199 0.750765 0.01 0.01
0 0.556525 0.725239 0.01 0.01
0 0.576017 0.743339 0.01 0.01
0 0.580658 0.729880 0.01 0.01
0 0.594581 0.742875 0.01 0.01
0 0.599687 0.732201 0.01 0.01
0 0.593653 0.723383 0.01 0.01
0 0.495264 0.758654 0.01 0.01
0 0.491087 0.738234 0.01 0.01
0 0.483197 0.738698 0.01 0.01
0 0.491087 0.725703 0.01 0.01
0 0.481805 0.717813 0.01 0.01
0 0.493872 0.711316 0.01 0.01
0 0.566271 0.715493 0.01 0.01
0 0.553276 0.696001 0.01 0.01
0 0.581123 0.694144 0.01 0.01
0 0.602935 0.689503 0.01 0.01
0 0.608040 0.697393 0.01 0.01
0 0.611289 0.701106 0.01 0.01
0 0.620107 0.696001 0.01 0.01
0 0.606648 0.717349 0.01 0.01
0 0.637743 0.697857 0.01 0.01
0 0.600615 0.710388 0.01 0.01
0 0.657235 0.710388 0.01 0.01
0 0.660484 0.701106 0.01 0.01
0 0.681833 0.715957 0.01 0.01
0 0.691579 0.708067 0.01 0.01
0 0.684153 0.702498 0.01 0.01
0 0.674407 0.707139 0.01 0.01
0 0.690650 0.689967 0.01 0.01
0 0.487838 0.730112 0.01 0.01
0 0.495264 0.718974 0.01 0.01
0 0.482269 0.700410 0.01 0.01
0 0.494336 0.695769 0.01 0.01
0 0.495264 0.686487 0.01 0.01
0 0.485054 0.679061 0.01 0.01
0 0.480413 0.686487 0.01 0.01
0 0.482269 0.690199 0.01 0.01
0 0.562094 0.685558 0.01 0.01
0 0.574161 0.692984 0.01 0.01
0 0.566735 0.699481 0.01 0.01
0 0.562094 0.692984 0.01 0.01
0 0.554669 0.712476 0.01 0.01
0 0.584649 1.063124 0.01 0.01
0 0.659797 1.053490 0.01 0.01
0 0.717603 0.972561 0.01 0.01
0 1.180050 1.099735 0.01 0.01
0 1.151147 1.088173 0.01 0.01
0 1.214734 1.084320 0.01 0.01
0 0.707968 1.105515 0.01 0.01
0 1.190166 0.721828 0.01 0.01
0 1.213289 0.715084 0.01 0.01
0 1.160300 0.740615 0.01 0.01
0 1.145849 0.718938 0.01 0.01
0 1.157891 0.717493 0.01 0.01
0 1.166562 0.715566 0.01 0.01
0 1.170416 0.709304 0.01 0.01
0 1.135732 0.721828 0.01 0.01
0 1.125616 0.721828 0.01 0.01
0 1.113574 0.715566 0.01 0.01
0 1.095750 0.724237 0.01 0.01
0 1.104903 0.735316 0.01 0.01
0 1.091896 0.739652 0.01 0.01
0 1.092860 0.753140 0.01 0.01
0 1.090933 0.742060 0.01 0.01
0 1.064920 0.743505 0.01 0.01
0 1.066365 0.735316 0.01 0.01
0 1.040353 0.739652 0.01 0.01
0 1.024456 0.740615 0.01 0.01
0 1.021566 0.747841 0.01 0.01
0 1.020602 0.756030 0.01 0.01
0 1.015785 0.762292 0.01 0.01
0 1.003742 0.747359 0.01 0.01
0 1.007114 0.742060 0.01 0.01
0 1.006151 0.732908 0.01 0.01
0 1.010486 0.726164 0.01 0.01
0 0.944009 0.743987 0.01 0.01
0 0.990736 0.724237 0.01 0.01
0 1.036017 0.724237 0.01 0.01
0 1.079853 0.718456 0.01 0.01
0 1.088524 0.708822 0.01 0.01
0 1.055286 0.715084 0.01 0.01
0 1.050950 0.717493 0.01 0.01
0 1.046133 0.704968 0.01 0.01
0 0.934857 0.704005 0.01 0.01
0 1.222923 0.708340 0.01 0.01
0 1.236893 0.717493 0.01 0.01
0 1.257125 0.707377 0.01 0.01
0 1.275430 0.704968 0.01 0.01
0 1.233039 0.702078 0.01 0.01
0 1.204618 0.714121 0.01 0.01
0 1.195947 0.717493 0.01 0.01
0 1.164154 0.753140 0.01 0.01
0 1.168971 0.776262 0.01 0.01
0 1.191612 0.760847 0.01 0.01
0 1.227740 0.758920 0.01 0.01
0 1.214734 0.756030 0.01 0.01
0 1.206063 0.753140 0.01 0.01
0 1.197392 0.749768 0.01 0.01
0 1.175233 0.750731 0.01 0.01
0 1.178605 0.764219 0.01 0.01
0 1.033127 0.758920 0.01 0.01
0 1.048060 0.755548 0.01 0.01
0 0.803348 0.709544 0.01 0.01
0 0.813946 0.709544 0.01 0.01
0 0.865008 0.707618 0.01 0.01
0 0.879459 0.707618 0.01 0.01
0 0.889094 0.705691 0.01 0.01
0 0.843812 0.702800 0.01 0.01
0 0.831288 0.719179 0.01 0.01
0 0.835142 0.703764 0.01 0.01
0 0.794677 0.698947 0.01 0.01
0 0.782153 0.698947 0.01 0.01
0 0.773482 0.702800 0.01 0.01
0 0.759030 0.705691 0.01 0.01
0 0.754213 0.712435 0.01 0.01
0 0.741689 0.702800 0.01 0.01
0 0.712786 0.703764 0.01 0.01
0 0.720493 0.695093 0.01 0.01
0 0.725310 0.698947 0.01 0.01
0 0.698334 0.698947 0.01 0.01
0 0.707968 0.692203 0.01 0.01
0 0.700261 0.685459 0.01 0.01
0 0.707005 0.680641 0.01 0.01
0 0.722420 0.685459 0.01 0.01
0 0.729164 0.678715 0.01 0.01
0 0.724347 0.676788 0.01 0.01
0 0.738798 0.674861 0.01 0.01
0 0.745542 0.673897 0.01 0.01
0 0.750359 0.685459 0.01 0.01
0 0.765774 0.683532 0.01 0.01
0 0.767701 0.671971 0.01 0.01
0 0.781189 0.683532 0.01 0.01
0 0.799494 0.687385 0.01 0.01
0 0.807202 0.680641 0.01 0.01
0 0.791787 0.675824 0.01 0.01
0 0.793714 0.668117 0.01 0.01
0 0.819727 0.678715 0.01 0.01
0 0.821653 0.696056 0.01 0.01
0 0.832251 0.692203 0.01 0.01
0 0.842849 0.680641 0.01 0.01
0 0.859227 0.678715 0.01 0.01
0 0.858264 0.697020 0.01 0.01
0 0.861154 0.702800 0.01 0.01
0 0.853447 0.690276 0.01 0.01
0 1.402603 0.708581 0.01 0.01
0 1.427653 0.723996 0.01 0.01
0 1.429579 0.707618 0.01 0.01
0 1.468117 0.697020 0.01 0.01
0 1.478715 0.700873 0.01 0.01
0 1.446921 0.695093 0.01 0.01
0 1.434397 0.695093 0.01 0.01
0 1.438250 0.712435 0.01 0.01
0 1.451738 0.710508 0.01 0.01
0 1.420909 0.694129 0.01 0.01
0 1.417055 0.700873 0.01 0.01
0 1.395859 0.698947 0.01 0.01
0 1.390079 0.700873 0.01 0.01
0 1.379481 0.701837 0.01 0.01
0 1.371774 0.712435 0.01 0.01
0 1.367920 0.698947 0.01 0.01
0 1.357322 0.698947 0.01 0.01
0 1.348651 0.705691 0.01 0.01
0 1.331309 0.701837 0.01 0.01
0 1.338053 0.687385 0.01 0.01
0 1.350578 0.687385 0.01 0.01
0 1.380444 0.687385 0.01 0.01
0 1.397786 0.689312 0.01 0.01
0 1.391042 0.689312 0.01 0.01
0 1.365993 0.683532 0.01 0.01
0 1.375627 0.680641 0.01 0.01
0 1.290845 0.694129 0.01 0.01
0 1.298553 0.700873 0.01 0.01
0 1.306260 0.682568 0.01 0.01
0 1.307224 0.697020 0.01 0.01
0 1.271577 0.683532 0.01 0.01
0 1.313004 0.695093 0.01 0.01
0 1.262906 0.698947 0.01 0.01
0 1.240747 0.692203 0.01 0.01
0 1.214734 0.694129 0.01 0.01
0 1.142477 0.707618 0.01 0.01
0 1.152111 0.702800 0.01 0.01
0 1.128025 0.705691 0.01 0.01
0 1.138623 0.700873 0.01 0.01
0 1.135732 0.700873 0.01 0.01
0 1.120318 0.700873 0.01 0.01
0 1.107793 0.700873 0.01 0.01
0 1.102012 0.712435 0.01 0.01
0 1.094305 0.709544 0.01 0.01
0 1.092378 0.698947 0.01 0.01
0 1.095268 0.692203 0.01 0.01
0 1.102976 0.692203 0.01 0.01
0 1.079853 0.700873 0.01 0.01
0 1.067329 0.708581 0.01 0.01
0 1.059621 0.705691 0.01 0.01
0 1.052877 0.695093 0.01 0.01
0 1.062512 0.689312 0.01 0.01
0 1.060585 0.694129 0.01 0.01
0 1.076963 0.687385 0.01 0.01
0 1.083707 0.694129 0.01 0.01
0 1.071183 0.697020 0.01 0.01
0 1.057694 0.698947 0.01 0.01
0 1.029755 0.707618 0.01 0.01
0 1.009523 0.712435 0.01 0.01
0 1.006633 0.698947 0.01 0.01
0 0.995071 0.698947 0.01 0.01
0 1.021084 0.698947 0.01 0.01
0 1.014340 0.685459 0.01 0.01
0 0.996035 0.690276 0.01 0.01
0 0.987364 0.695093 0.01 0.01
0 0.978693 0.695093 0.01 0.01
0 0.964241 0.697020 0.01 0.01
0 0.948827 0.696056 0.01 0.01
0 0.949790 0.685459 0.01 0.01
0 0.950753 0.690276 0.01 0.01
0 0.941119 0.694129 0.01 0.01
0 0.934375 0.689312 0.01 0.01
0 0.926668 0.694129 0.01 0.01
0 0.917033 0.687385 0.01 0.01
0 0.911253 0.689312 0.01 0.01
0 0.888130 0.689312 0.01 0.01
0 0.875606 0.689312 0.01 0.01
0 0.871752 0.696056 0.01 0.01
0 0.869825 0.690276 0.01 0.01
0 0.851520 0.668117 0.01 0.01
0 0.863081 0.671971 0.01 0.01
0 0.845739 0.669080 0.01 0.01
0 0.832251 0.665226 0.01 0.01
0 0.823580 0.663300 0.01 0.01
0 0.817800 0.665226 0.01 0.01
0 0.687736 0.675824 0.01 0.01
0 0.944973 0.661373 0.01 0.01
0 0.957497 0.667153 0.01 0.01
0 0.968095 0.667153 0.01 0.01
0 0.929558 0.674861 0.01 0.01
0 0.918960 0.673897 0.01 0.01
0 0.907399 0.671971 0.01 0.01
0 0.901618 0.681605 0.01 0.01
0 0.893911 0.673897 0.01 0.01
0 0.880423 0.678715 0.01 0.01
0 1.047097 0.680641 0.01 0.01
0 1.038426 0.682568 0.01 0.01
0 1.033609 0.662336 0.01 0.01
0 1.011450 0.663300 0.01 0.01
0 1.001815 0.674861 0.01 0.01
0 1.079853 0.661373 0.01 0.01
0 1.071183 0.668117 0.01 0.01
0 1.070219 0.671971 0.01 0.01
0 1.049024 0.674861 0.01 0.01
0 1.068292 0.678715 0.01 0.01
0 1.057694 0.680641 0.01 0.01
0 1.131879 0.671971 0.01 0.01
0 1.131879 0.678715 0.01 0.01
0 1.127062 0.689312 0.01 0.01
0 1.115500 0.688349 0.01 0.01
0 1.108756 0.682568 0.01 0.01
0 1.101049 0.680641 0.01 0.01
0 1.085634 0.674861 0.01 0.01
0 1.092378 0.678715 0.01 0.01
0 1.176197 0.669080 0.01 0.01
0 1.208953 0.667153 0.01 0.01
0 1.228222 0.685459 0.01 0.01
0 1.210880 0.685459 0.01 0.01
0 1.218588 0.687385 0.01 0.01
0 1.194502 0.694129 0.01 0.01
0 1.204136 0.700873 0.01 0.01
0 1.190648 0.698947 0.01 0.01
0 1.176197 0.696056 0.01 0.01
0 1.165599 0.694129 0.01 0.01
0 1.159818 0.694129 0.01 0.01
0 1.153074 0.694129 0.01 0.01
0 1.152111 0.687385 0.01 0.01
0 1.141513 0.692203 0.01 0.01
0 1.145367 0.678715 0.01 0.01
0 1.154038 0.676788 0.01 0.01
0 1.163672 0.680641 0.01 0.01
0 1.130915 0.687385 0.01 0.01
0 1.123208 0.680641 0.01 0.01
0 1.119354 0.671971 0.01 0.01
0 1.105866 0.671971 0.01 0.01
0 1.096232 0.667153 0.01 0.01
0 1.127062 0.662336 0.01 0.01
0 1.035536 0.673897 0.01 0.01
0 1.023974 0.673897 0.01 0.01
0 1.023011 0.680641 0.01 0.01
0 1.016267 0.674861 0.01 0.01
0 0.996998 0.670044 0.01 0.01
0 0.992181 0.668117 0.01 0.01
0 0.983510 0.685459 0.01 0.01
0 0.957497 0.685459 0.01 0.01
0 0.970986 0.680641 0.01 0.01
0 0.966168 0.675824 0.01 0.01
0 0.952680 0.675824 0.01 0.01
0 0.976766 0.671971 0.01 0.01
0 0.984474 0.671971 0.01 0.01
0 0.934375 0.680641 0.01 0.01
0 0.926668 0.680641 0.01 0.01
0 0.881386 0.670044 0.01 0.01
0 1.178124 0.685459 0.01 0.01
0 1.184868 0.680641 0.01 0.01
0 1.168489 0.689312 0.01 0.01
0 1.183904 0.688349 0.01 0.01
0 1.193538 0.688349 0.01 0.01
0 1.201246 0.687385 0.01 0.01
0 1.198356 0.675824 0.01 0.01
0 1.193538 0.675824 0.01 0.01
0 1.188721 0.681605 0.01 0.01
0 1.231112 0.676788 0.01 0.01
0 1.213771 0.675824 0.01 0.01
0 1.227259 0.678715 0.01 0.01
0 1.246527 0.681605 0.01 0.01
0 1.236893 0.680641 0.01 0.01
0 1.239783 0.673897 0.01 0.01
0 1.306260 0.667153 0.01 0.01
0 1.055768 0.665226 0.01 0.01
0 0.826471 0.915719 0.01 0.01
0 0.723383 0.784692 0.01 0.01
0 0.707005 0.777948 0.01 0.01
0 0.716639 0.796253 0.01 0.01
0 0.736871 0.802034 0.01 0.01
0 0.747469 0.775058 0.01 0.01
0 0.734945 0.773131 0.01 0.01
0 0.613445 0.676250 0.01 0.01
0 0.579079 0.682644 0.01 0.01
0 0.607851 0.682644 0.01 0.01
0 0.631027 0.683443 0.01 0.01
0 0.648610 0.686640 0.01 0.01
0 0.655803 0.685041 0.01 0.01
0 0.670188 0.677849 0.01 0.01
0 0.677381 0.684242 0.01 0.01
0 0.674184 0.690636 0.01 0.01
0 0.649409 0.668258 0.01 0.01
0 0.648610 0.677849 0.01 0.01
