0 0.029190 0.923560 0.01 0.01
0 0.012145 0.875523 0.01 0.01
0 0.007496 0.798044 0.01 0.01
0 0.128364 0.813540 0.01 0.01
0 0.196546 0.832135 0.01 0.01
0 0.176401 0.889469 0.01 0.01
0 0.202744 0.926659 0.01 0.01
0 0.332909 0.895668 0.01 0.01
0 0.291071 0.849180 0.01 0.01
0 0.264728 0.788746 0.01 0.01
0 0.354604 0.805792 0.01 0.01
0 0.481670 0.883271 0.01 0.01
0 0.483219 0.759304 0.01 0.01
0 0.554500 0.816639 0.01 0.01
0 0.635079 0.846081 0.01 0.01
0 0.556050 0.928209 0.01 0.01
0 0.633529 0.922011 0.01 0.01
0 0.611835 0.799593 0.01 0.01
0 0.673818 0.759304 0.01 0.01
0 0.711009 0.798044 0.01 0.01
0 0.746649 0.739159 0.01 0.01
0 0.816380 0.853829 0.01 0.01
0 0.831876 0.886370 0.01 0.01
0 0.872166 0.884821 0.01 0.01
0 0.946546 0.883271 0.01 0.01
0 1.020926 0.934407 0.01 0.01
0 1.098405 0.911163 0.01 0.01
0 1.228571 0.880172 0.01 0.01
0 1.244066 0.931308 0.01 0.01
0 1.155740 0.790296 0.01 0.01
0 0.921752 0.798044 0.01 0.01
0 0.881463 0.782548 0.01 0.01
0 0.850471 0.745358 0.01 0.01
0 0.883013 0.701969 0.01 0.01
0 0.969790 0.678725 0.01 0.01
0 1.000781 0.770151 0.01 0.01
0 1.053467 0.734511 0.01 0.01
0 1.068963 0.644635 0.01 0.01
0 1.013178 0.629139 0.01 0.01
0 0.975988 0.604345 0.01 0.01
0 1.165037 0.624490 0.01 0.01
0 1.127847 0.616742 0.01 0.01
0 1.129397 0.705068 0.01 0.01
0 1.197579 0.681825 0.01 0.01
0 1.223922 0.613643 0.01 0.01
0 1.202228 0.554759 0.01 0.01
0 1.118550 0.551659 0.01 0.01
0 1.061215 0.542362 0.01 0.01
0 1.022475 0.565606 0.01 0.01
0 1.024025 0.519118 0.01 0.01
0 0.994583 0.536163 0.01 0.01
0 1.101504 0.516019 0.01 0.01
0 1.158839 0.534614 0.01 0.01
0 1.188281 0.509821 0.01 0.01
0 1.248715 0.500523 0.01 0.01
0 1.242517 0.573354 0.01 0.01
0 1.174335 0.466432 0.01 0.01
0 1.222372 0.457135 0.01 0.01
0 1.216174 0.419944 0.01 0.01
0 1.188281 0.427692 0.01 0.01
0 1.185182 0.407548 0.01 0.01
0 1.185182 0.387403 0.01 0.01
0 1.220823 0.376556 0.01 0.01
0 1.239418 0.385854 0.01 0.01
0 1.166587 0.384304 0.01 0.01
0 1.115451 0.426143 0.01 0.01
0 1.135595 0.449387 0.01 0.01
0 1.117000 0.491225 0.01 0.01
0 1.126298 0.467982 0.01 0.01
0 1.084459 0.485027 0.01 0.01
0 1.044170 0.472630 0.01 0.01
0 0.996132 0.489676 0.01 0.01
0 1.024025 0.478829 0.01 0.01
0 1.011628 0.450936 0.01 0.01
0 0.999232 0.430792 0.01 0.01
0 1.028674 0.427692 0.01 0.01
0 1.051918 0.436990 0.01 0.01
0 1.068963 0.412197 0.01 0.01
0 1.096856 0.407548 0.01 0.01
0 1.064314 0.370358 0.01 0.01
0 1.086009 0.378106 0.01 0.01
0 1.076711 0.348663 0.01 0.01
0 1.099955 0.330068 0.01 0.01
0 1.101504 0.305275 0.01 0.01
0 1.044170 0.278932 0.01 0.01
0 1.025575 0.375006 0.01 0.01
0 1.020926 0.402899 0.01 0.01
0 0.918653 0.567155 0.01 0.01
0 0.865967 0.599697 0.01 0.01
0 0.839624 0.643085 0.01 0.01
0 0.723405 0.672527 0.01 0.01
0 0.711009 0.635337 0.01 0.01
0 0.755947 0.627589 0.01 0.01
0 0.805533 0.607444 0.01 0.01
0 0.746649 0.579552 0.01 0.01
0 0.754397 0.536163 0.01 0.01
0 0.799335 0.550110 0.01 0.01
0 0.831876 0.531515 0.01 0.01
0 0.862868 0.503622 0.01 0.01
0 0.900058 0.495874 0.01 0.01
0 0.917104 0.516019 0.01 0.01
0 0.895409 0.523767 0.01 0.01
0 0.962042 0.497424 0.01 0.01
0 0.898509 0.427692 0.01 0.01
0 0.836525 0.460234 0.01 0.01
0 0.791587 0.505172 0.01 0.01
0 0.768343 0.461783 0.01 0.01
0 0.808632 0.477279 0.01 0.01
0 0.813281 0.461783 0.01 0.01
0 0.766794 0.419944 0.01 0.01
0 0.732703 0.446287 0.01 0.01
0 0.686215 0.502073 0.01 0.01
0 0.656773 0.564056 0.01 0.01
0 0.633529 0.581101 0.01 0.01
0 0.607186 0.635337 0.01 0.01
0 0.670719 0.621391 0.01 0.01
0 0.644376 0.649283 0.01 0.01
0 0.622682 0.729862 0.01 0.01
0 0.678467 0.689573 0.01 0.01
0 0.585492 0.731411 0.01 0.01
0 0.537455 0.712816 0.01 0.01
0 0.497166 0.691122 0.01 0.01
0 0.320513 0.701969 0.01 0.01
0 0.411938 0.790296 0.01 0.01
0 0.199645 0.788746 0.01 0.01
0 0.187248 0.728312 0.01 0.01
0 0.153157 0.674077 0.01 0.01
0 0.005947 0.670978 0.01 0.01
0 0.041587 0.639986 0.01 0.01
0 0.092723 0.582651 0.01 0.01
0 0.063281 0.568705 0.01 0.01
0 0.040037 0.529965 0.01 0.01
0 0.374748 0.689573 0.01 0.01
0 0.422785 0.646184 0.01 0.01
0 0.374748 0.630688 0.01 0.01
0 0.301918 0.612093 0.01 0.01
0 0.238385 0.627589 0.01 0.01
0 0.119066 0.621391 0.01 0.01
0 0.196546 0.581101 0.01 0.01
0 0.236835 0.556308 0.01 0.01
0 0.249232 0.503622 0.01 0.01
0 0.210492 0.474180 0.01 0.01
0 0.168653 0.497424 0.01 0.01
0 0.171752 0.464882 0.01 0.01
0 0.089624 0.511370 0.01 0.01
0 0.120616 0.529965 0.01 0.01
0 0.088075 0.537713 0.01 0.01
0 0.057083 0.495874 0.01 0.01
0 0.022992 0.492775 0.01 0.01
0 0.074128 0.429242 0.01 0.01
0 0.053984 0.432341 0.01 0.01
0 0.032290 0.404449 0.01 0.01
0 0.018343 0.430792 0.01 0.01
0 0.007496 0.410647 0.01 0.01
0 0.091174 0.365709 0.01 0.01
0 0.098922 0.440089 0.01 0.01
0 0.179500 0.424593 0.01 0.01
0 0.156256 0.390502 0.01 0.01
0 0.181050 0.399800 0.01 0.01
0 0.233736 0.416845 0.01 0.01
0 0.258529 0.440089 0.01 0.01
0 0.229087 0.449387 0.01 0.01
0 0.298818 0.474180 0.01 0.01
0 0.337558 0.474180 0.01 0.01
0 0.337558 0.545461 0.01 0.01
0 0.391794 0.557858 0.01 0.01
0 0.416587 0.596597 0.01 0.01
0 0.455327 0.590399 0.01 0.01
0 0.508013 0.602796 0.01 0.01
0 0.543653 0.602796 0.01 0.01
0 0.477021 0.553209 0.01 0.01
0 0.520409 0.545461 0.01 0.01
0 0.580843 0.554759 0.01 0.01
0 0.597889 0.516019 0.01 0.01
0 0.624232 0.469531 0.01 0.01
0 0.656773 0.485027 0.01 0.01
0 0.649025 0.454035 0.01 0.01
0 0.562248 0.489676 0.01 0.01
0 0.518860 0.497424 0.01 0.01
0 0.483219 0.506721 0.01 0.01
0 0.472372 0.477279 0.01 0.01
0 0.439831 0.520668 0.01 0.01
0 0.396442 0.497424 0.01 0.01
0 0.377847 0.461783 0.01 0.01
0 0.418137 0.447837 0.01 0.01
0 0.459975 0.435440 0.01 0.01
0 0.633529 0.536163 0.01 0.01
0 0.642827 0.509821 0.01 0.01
0 0.715657 0.426143 0.01 0.01
0 0.642827 0.418395 0.01 0.01
0 0.600988 0.412197 0.01 0.01
0 0.521959 0.435440 0.01 0.01
0 0.511112 0.450936 0.01 0.01
0 0.580843 0.440089 0.01 0.01
0 0.549851 0.426143 0.01 0.01
0 0.971339 0.396701 0.01 0.01
0 0.991484 0.285130 0.01 0.01
0 0.669170 0.384304 0.01 0.01
0 0.597889 0.373457 0.01 0.01
0 0.563798 0.378106 0.01 0.01
0 0.520409 0.367259 0.01 0.01
0 0.435182 0.384304 0.01 0.01
0 0.363901 0.387403 0.01 0.01
0 0.318963 0.415296 0.01 0.01
0 0.385595 0.405998 0.01 0.01
0 0.388694 0.436990 0.01 0.01
0 0.345306 0.381205 0.01 0.01
0 0.300368 0.385854 0.01 0.01
0 0.267827 0.379655 0.01 0.01
0 0.839624 0.419944 0.01 0.01
0 0.865192 0.398250 0.01 0.01
0 0.852021 0.380430 0.01 0.01
0 0.848922 0.368808 0.01 0.01
0 0.883787 0.378106 0.01 0.01
0 0.895409 0.392827 0.01 0.01
0 0.929500 0.387403 0.01 0.01
0 0.939573 0.400575 0.01 0.01
0 0.952744 0.387403 0.01 0.01
0 0.916329 0.361060 0.01 0.01
0 0.915554 0.336267 0.01 0.01
0 0.942672 0.345564 0.01 0.01
0 0.952744 0.324645 0.01 0.01
0 0.970564 0.329294 0.01 0.01
0 0.958942 0.302951 0.01 0.01
0 1.022475 0.350988 0.01 0.01
0 1.036422 0.357961 0.01 0.01
0 1.005430 0.357961 0.01 0.01
0 0.866742 0.315347 0.01 0.01
0 0.864418 0.291329 0.01 0.01
0 0.864418 0.273509 0.01 0.01
0 0.890761 0.288230 0.01 0.01
0 0.892310 0.305275 0.01 0.01
0 0.907031 0.297527 0.01 0.01
0 0.919428 0.306050 0.01 0.01
0 0.913230 0.319221 0.01 0.01
0 0.935699 0.312248 0.01 0.01
0 0.871391 0.338591 0.01 0.01
0 0.861318 0.351763 0.01 0.01
0 0.838075 0.347889 0.01 0.01
0 0.807858 0.358736 0.01 0.01
0 0.792362 0.385079 0.01 0.01
0 0.755947 0.371907 0.01 0.01
0 0.743550 0.386628 0.01 0.01
0 0.829552 0.320771 0.01 0.01
0 0.821029 0.341690 0.01 0.01
0 0.790037 0.349438 0.01 0.01
0 0.792362 0.314573 0.01 0.01
0 0.800110 0.295203 0.01 0.01
0 0.814056 0.294428 0.01 0.01
0 0.824128 0.276608 0.01 0.01
0 0.772992 0.278932 0.01 0.01
0 0.755947 0.297527 0.01 0.01
0 0.742000 0.290554 0.01 0.01
0 0.772992 0.306050 0.01 0.01
0 0.760595 0.326969 0.01 0.01
0 0.742000 0.313798 0.01 0.01
0 0.733478 0.347114 0.01 0.01
0 0.718756 0.324645 0.01 0.01
0 0.722630 0.306050 0.01 0.01
0 0.721081 0.285130 0.01 0.01
0 0.687765 0.300626 0.01 0.01
0 0.676918 0.338591 0.01 0.01
0 0.699387 0.332393 0.01 0.01
0 0.660647 0.336267 0.01 0.01
0 0.645926 0.316897 0.01 0.01
0 0.659097 0.303725 0.01 0.01
0 0.672269 0.297527 0.01 0.01
0 0.676143 0.274283 0.01 0.01
0 0.644376 0.282806 0.01 0.01
0 0.625781 0.292104 0.01 0.01
0 0.642052 0.295978 0.01 0.01
0 0.614934 0.323870 0.01 0.01
0 0.581618 0.270409 0.01 0.01
0 0.631980 0.364159 0.01 0.01
0 0.684666 0.317672 0.01 0.01
0 1.122424 0.363385 0.01 0.01
0 1.144118 0.378880 0.01 0.01
0 0.025833 0.370745 0.01 0.01
0 0.063798 0.384691 0.01 0.01
0 0.050626 0.356799 0.01 0.01
0 0.016535 0.348276 0.01 0.01
0 0.032031 0.316510 0.01 0.01
0 0.042878 0.328906 0.01 0.01
0 0.070771 0.359898 0.01 0.01
0 0.066897 0.314960 0.01 0.01
0 0.107186 0.308762 0.01 0.01
0 0.152899 0.332005 0.01 0.01
0 0.186215 0.366871 0.01 0.01
0 0.184666 0.280094 0.01 0.01
0 0.328002 0.301014 0.01 0.01
0 0.281515 0.328906 0.01 0.01
0 0.300110 0.369970 0.01 0.01
0 0.239676 0.372295 0.01 0.01
0 0.257496 0.348276 0.01 0.01
0 0.235802 0.317284 0.01 0.01
0 0.258271 0.323483 0.01 0.01
0 0.242775 0.333555 0.01 0.01
0 0.221856 0.349051 0.01 0.01
0 0.416329 0.346726 0.01 0.01
0 0.373715 0.358348 0.01 0.01
0 0.358994 0.342078 0.01 0.01
0 0.395409 0.355249 0.01 0.01
0 0.462042 0.355249 0.01 0.01
0 0.485285 0.347501 0.01 0.01
0 0.482961 0.325032 0.01 0.01
0 0.443447 0.327357 0.01 0.01
0 0.446546 0.304888 0.01 0.01
0 0.464366 0.305662 0.01 0.01
0 0.541071 0.287842 0.01 0.01
0 0.521701 0.294815 0.01 0.01
0 0.504655 0.316510 0.01 0.01
0 0.566639 0.328131 0.01 0.01
0 0.549593 0.364547 0.01 0.01
0 0.544170 0.344402 0.01 0.01
0 0.530998 0.345952 0.01 0.01
0 0.532548 0.327357 0.01 0.01
0 0.528674 0.310311 0.01 0.01
0 0.550368 0.273896 0.01 0.01
0 0.526349 0.221985 0.01 0.01
0 0.500006 0.197191 0.01 0.01
0 0.484511 0.209588 0.01 0.01
0 0.369841 0.324257 0.01 0.01
0 0.352021 0.314960 0.01 0.01
0 0.368292 0.309536 0.01 0.01
0 0.381463 0.302563 0.01 0.01
0 0.019635 0.224309 0.01 0.01
0 0.050626 0.229733 0.01 0.01
0 0.043653 0.265373 0.01 0.01
0 0.053725 0.283968 0.01 0.01
0 0.042878 0.293266 0.01 0.01
0 0.032806 0.278545 0.01 0.01
0 0.017310 0.281644 0.01 0.01
0 0.003364 0.284743 0.01 0.01
0 0.011887 0.240580 0.01 0.01
0 0.103312 0.273121 0.01 0.01
0 0.082393 0.273121 0.01 0.01
0 0.081618 0.257625 0.01 0.01
0 0.138953 0.268472 0.01 0.01
0 0.133529 0.294815 0.01 0.01
0 0.144376 0.319609 0.01 0.01
0 0.080068 0.392439 0.01 0.01
0 0.132754 0.381592 0.01 0.01
0 0.246649 0.301788 0.01 0.01
0 0.227279 0.307987 0.01 0.01
0 0.211009 0.289392 0.01 0.01
0 0.223405 0.299464 0.01 0.01
0 0.231928 0.290941 0.01 0.01
0 0.262145 0.294815 0.01 0.01
0 0.292362 0.301014 0.01 0.01
0 0.285389 0.289392 0.01 0.01
0 0.277641 0.271572 0.01 0.01
0 0.309407 0.270022 0.01 0.01
0 0.322579 0.263049 0.01 0.01
0 0.347372 0.283193 0.01 0.01
0 0.333426 0.275446 0.01 0.01
0 0.321029 0.275446 0.01 0.01
0 0.360544 0.269247 0.01 0.01
0 0.365967 0.259950 0.01 0.01
0 0.352021 0.261499 0.01 0.01
0 0.334975 0.264598 0.01 0.01
0 0.348147 0.253751 0.01 0.01
0 0.359769 0.244454 0.01 0.01
0 0.383013 0.263824 0.01 0.01
0 0.386112 0.273121 0.01 0.01
0 0.369066 0.282419 0.01 0.01
0 0.403932 0.279319 0.01 0.01
0 0.402382 0.290941 0.01 0.01
0 0.431825 0.287842 0.01 0.01
0 0.411680 0.293266 0.01 0.01
0 0.484511 0.295590 0.01 0.01
0 0.477537 0.308762 0.01 0.01
0 0.496907 0.290941 0.01 0.01
0 0.479862 0.280094 0.01 0.01
0 0.504655 0.273896 0.01 0.01
0 0.514728 0.259950 0.01 0.01
0 0.530998 0.254526 0.01 0.01
0 0.535647 0.237481 0.01 0.01
0 0.556566 0.213462 0.01 0.01
0 0.575936 0.217336 0.01 0.01
0 0.550368 0.243679 0.01 0.01
0 0.559666 0.263824 0.01 0.01
0 0.487610 0.252976 0.01 0.01
0 0.465916 0.263049 0.01 0.01
0 0.459717 0.247553 0.01 0.01
0 0.439573 0.266923 0.01 0.01
0 0.441897 0.249103 0.01 0.01
0 0.424851 0.243679 0.01 0.01
0 0.435699 0.221210 0.01 0.01
0 0.451969 0.229733 0.01 0.01
0 0.458168 0.208813 0.01 0.01
0 0.464366 0.189443 0.01 0.01
0 0.446546 0.189443 0.01 0.01
0 0.420203 0.222760 0.01 0.01
0 0.407031 0.227408 0.01 0.01
0 0.403157 0.259175 0.01 0.01
0 0.379139 0.238255 0.01 0.01
0 0.364418 0.232832 0.01 0.01
0 0.358219 0.221210 0.01 0.01
0 0.361318 0.211138 0.01 0.01
0 0.380688 0.218886 0.01 0.01
0 0.403157 0.246778 0.01 0.01
0 0.327228 0.246778 0.01 0.01
0 0.283839 0.252202 0.01 0.01
0 0.296236 0.237481 0.01 0.01
0 0.303209 0.240580 0.01 0.01
0 0.323354 0.232832 0.01 0.01
0 0.328777 0.212687 0.01 0.01
0 0.300885 0.217336 0.01 0.01
0 0.293137 0.214237 0.01 0.01
0 0.280740 0.210363 0.01 0.01
0 0.267568 0.215786 0.01 0.01
0 0.250523 0.208813 0.01 0.01
0 0.255172 0.225084 0.01 0.01
0 0.216432 0.278545 0.01 0.01
0 0.231153 0.262274 0.01 0.01
0 0.243550 0.260724 0.01 0.01
0 0.247424 0.272346 0.01 0.01
0 0.271442 0.246778 0.01 0.01
0 0.038230 0.249877 0.01 0.01
0 0.131205 0.251427 0.01 0.01
0 0.125781 0.228958 0.01 0.01
0 0.155223 0.235156 0.01 0.01
0 0.145151 0.235931 0.01 0.01
0 0.174593 0.241355 0.01 0.01
0 0.212558 0.238255 0.01 0.01
0 0.238126 0.238255 0.01 0.01
0 0.226504 0.211138 0.01 0.01
0 0.208684 0.211138 0.01 0.01
0 0.187765 0.202615 0.01 0.01
0 0.197837 0.218886 0.01 0.01
0 0.189314 0.227408 0.01 0.01
0 0.224955 0.239805 0.01 0.01
0 0.234252 0.216561 0.01 0.01
0 0.214882 0.223534 0.01 0.01
0 0.303984 0.466045 0.01 0.01
0 0.396442 0.305275 0.01 0.01
0 0.419686 0.306825 0.01 0.01
0 0.168395 0.154965 0.01 0.01
0 0.285389 0.229345 0.01 0.01
0 0.018343 0.739159 0.01 0.01
0 0.004397 0.582651 0.01 0.01
0 0.007496 0.471081 0.01 0.01
