0 0.143752 0.969401 0.01 0.01
0 0.015180 0.821349 0.01 0.01
0 0.301544 0.720050 0.01 0.01
0 0.155440 0.607063 0.01 0.01
0 0.114531 0.610959 0.01 0.01
0 0.159336 0.457063 0.01 0.01
0 0.044401 0.470700 0.01 0.01
0 0.048297 0.359661 0.01 0.01
0 0.007388 0.423946 0.01 0.01
0 0.059985 0.318752 0.01 0.01
0 0.108687 0.258362 0.01 0.01
0 0.091154 0.231089 0.01 0.01
0 0.093102 0.203817 0.01 0.01
0 0.042453 0.176544 0.01 0.01
0 0.211933 0.127843 0.01 0.01
0 0.219726 0.157063 0.01 0.01
0 0.221674 0.250570 0.01 0.01
0 0.192453 0.236933 0.01 0.01
0 0.174920 0.252518 0.01 0.01
0 0.285959 0.256414 0.01 0.01
0 0.315180 0.147323 0.01 0.01
0 0.410635 0.209661 0.01 0.01
0 1.244401 0.544726 0.01 0.01
0 1.589206 1.170050 0.01 0.01
0 1.452843 0.250570 0.01 0.01
0 1.238557 0.320700 0.01 0.01
0 1.115830 0.359661 0.01 0.01
0 0.936609 0.402518 0.01 0.01
0 0.899596 0.394726 0.01 0.01
0 0.782713 0.406414 0.01 0.01
0 0.720375 0.383037 0.01 0.01
0 0.654141 0.346024 0.01 0.01
0 0.513881 0.418102 0.01 0.01
0 0.359985 0.127843 0.01 0.01
0 0.515830 0.014855 0.01 0.01
0 0.608224 0.249695 0.01 0.01
0 0.680624 0.235215 0.01 0.01
0 0.760922 0.277338 0.01 0.01
0 0.801729 0.273389 0.01 0.01
0 0.571366 0.153601 0.01 0.01
0 0.701686 0.108845 0.01 0.01
0 0.775402 0.058823 0.01 0.01
0 0.795147 0.100946 0.01 0.01
0 0.722748 0.150968 0.01 0.01
0 1.509930 0.157550 0.01 0.01
0 1.519144 0.129906 0.01 0.01
0 1.542839 0.226001 0.01 0.01
0 1.359865 0.036445 0.01 0.01
0 1.354599 0.123325 0.01 0.01
0 1.391458 0.114110 0.01 0.01
0 1.284833 0.166764 0.01 0.01
0 1.224280 0.157550 0.01 0.01
0 1.190055 0.132539 0.01 0.01
0 1.192687 0.054874 0.01 0.01
0 1.225596 0.023281 0.01 0.01
0 1.067633 0.027230 0.01 0.01
0 1.042623 0.045659 0.01 0.01
0 1.014979 0.068038 0.01 0.01
0 0.971539 0.069354 0.01 0.01
0 0.970223 0.021965 0.01 0.01
0 1.014979 0.143070 0.01 0.01
0 0.972856 0.128590 0.01 0.01
0 1.030775 0.215470 0.01 0.01
0 1.039990 0.187826 0.01 0.01
0 1.128186 0.049609 0.01 0.01
0 0.858332 0.008801 0.01 0.01
0 0.470007 0.356320 0.01 0.01
