0 0.049952 0.832730 0.01 0.01
0 0.270695 0.656605 0.01 0.01
0 0.381067 0.790460 0.01 0.01
0 0.500832 0.975979 0.01 0.01
0 0.761498 0.663650 0.01 0.01
0 1.144276 1.093396 0.01 0.01
0 1.543494 0.785764 0.01 0.01
0 1.597505 0.175196 0.01 0.01
0 1.574022 0.135274 0.01 0.01
0 1.541145 0.158758 0.01 0.01
0 1.510617 0.067173 0.01 0.01
0 1.419032 0.128229 0.01 0.01
0 1.372065 0.219815 0.01 0.01
0 1.360323 0.182241 0.01 0.01
0 1.491830 0.318445 0.01 0.01
0 1.125490 0.123533 0.01 0.01
0 1.125490 0.064824 0.01 0.01
0 1.090265 0.074218 0.01 0.01
0 1.285177 0.100049 0.01 0.01
0 1.320402 0.041341 0.01 0.01
0 1.085568 0.029599 0.01 0.01
0 1.188895 0.050734 0.01 0.01
0 1.055040 0.003768 0.01 0.01
0 0.947016 0.060128 0.01 0.01
0 0.965803 0.020206 0.01 0.01
0 0.888308 0.031948 0.01 0.01
0 0.900049 0.090656 0.01 0.01
0 0.907094 0.149364 0.01 0.01
0 0.831948 0.067173 0.01 0.01
0 0.829599 0.175196 0.01 0.01
0 0.770891 0.123533 0.01 0.01
0 0.766194 0.208073 0.01 0.01
0 0.885959 0.356018 0.01 0.01
0 0.956409 0.306703 0.01 0.01
0 1.022163 0.492222 0.01 0.01
0 0.794374 0.447603 0.01 0.01
0 0.740363 0.405333 0.01 0.01
0 0.601811 0.597897 0.01 0.01
0 0.531361 0.536840 0.01 0.01
0 0.472652 0.294961 0.01 0.01
0 0.568934 0.217466 0.01 0.01
0 0.669912 0.135274 0.01 0.01
0 0.709834 0.142319 0.01 0.01
0 0.693396 0.046038 0.01 0.01
0 0.599462 0.090656 0.01 0.01
0 0.590069 0.067173 0.01 0.01
0 0.578327 0.118836 0.01 0.01
0 0.592417 0.139971 0.01 0.01
0 0.629991 0.142319 0.01 0.01
0 0.505529 0.149364 0.01 0.01
0 0.399854 0.149364 0.01 0.01
0 0.406899 0.302006 0.01 0.01
0 0.174413 0.240950 0.01 0.01
0 0.082828 0.273826 0.01 0.01
0 0.049952 0.215118 0.01 0.01
0 0.082828 0.168151 0.01 0.01
0 0.118053 0.149364 0.01 0.01
0 0.155627 0.158758 0.01 0.01
0 0.211987 0.175196 0.01 0.01
0 0.308269 0.125881 0.01 0.01
0 0.322359 0.100049 0.01 0.01
0 0.296527 0.076566 0.01 0.01
0 0.247212 0.085959 0.01 0.01
0 0.420989 0.085959 0.01 0.01
0 0.385764 0.076566 0.01 0.01
0 0.406899 0.048386 0.01 0.01
0 0.345842 0.041341 0.01 0.01
0 0.453865 0.020206 0.01 0.01
0 0.428034 0.008464 0.01 0.01
0 0.489090 0.034296 0.01 0.01
0 0.519619 0.029599 0.01 0.01
0 0.559541 0.010813 0.01 0.01
0 0.777936 0.041341 0.01 0.01
0 0.472652 0.093004 0.01 0.01
0 0.005333 0.161106 0.01 0.01
0 0.148582 0.433513 0.01 0.01
0 0.348190 0.149364 0.01 0.01
0 0.681963 0.230215 0.01 0.01
0 0.076569 0.131214 0.01 0.01
0 0.352293 0.008137 0.01 0.01
0 0.533712 0.093652 0.01 0.01
0 0.496948 0.008936 0.01 0.01
0 0.612833 0.019326 0.01 0.01
0 0.678367 0.011334 0.01 0.01
0 0.711134 0.034511 0.01 0.01
0 0.803442 0.191154 0.01 0.01
0 0.174827 0.301917 0.01 0.01
0 0.017636 0.934693 0.01 0.01
0 0.255763 0.250078 0.01 0.01
0 0.241717 0.147737 0.01 0.01
0 0.599576 0.432018 0.01 0.01
0 0.861449 0.009442 0.01 0.01
0 0.936031 0.003757 0.01 0.01
0 0.756432 0.033523 0.01 0.01
0 0.730345 0.082687 0.01 0.01
0 0.648740 0.027837 0.01 0.01
0 1.158105 0.346399 0.01 0.01
0 1.199576 0.167804 0.01 0.01
0 1.231014 0.423991 0.01 0.01
0 0.978840 0.097570 0.01 0.01
