0 0.165180 1.031739 0.01 0.01
0 0.344401 0.979141 0.01 0.01
0 0.445700 1.018102 0.01 0.01
0 0.515830 1.152518 0.01 0.01
0 1.041804 1.107713 0.01 0.01
0 0.979466 0.920700 0.01 0.01
0 0.381414 0.562258 0.01 0.01
0 0.130115 0.258362 0.01 0.01
0 0.058037 0.270050 0.01 0.01
0 0.143752 0.096674 0.01 0.01
0 0.122323 0.133687 0.01 0.01
0 0.155440 0.005115 0.01 0.01
0 0.350245 0.094726 0.01 0.01
0 0.447648 0.038232 0.01 0.01
0 0.545050 0.042128 0.01 0.01
0 0.626868 0.034336 0.01 0.01
0 0.652193 0.088881 0.01 0.01
0 0.819726 0.010959 0.01 0.01
0 0.889855 0.026544 0.01 0.01
0 0.728167 0.106414 0.01 0.01
0 0.469076 0.040180 0.01 0.01
