0 0.842165 0.585221 0.01 0.01
0 0.744662 0.574033 0.01 0.01
0 0.915691 0.780226 0.01 0.01
0 0.775032 0.621985 0.01 0.01
0 1.046760 0.671535 0.01 0.01
0 0.957249 0.521285 0.01 0.01
0 0.994013 0.518089 0.01 0.01
0 1.096310 0.554852 0.01 0.01
0 1.185821 0.692314 0.01 0.01
0 1.260946 0.645961 0.01 0.01
0 1.320087 0.569237 0.01 0.01
0 1.415991 0.626780 0.01 0.01
0 1.473533 0.621985 0.01 0.01
0 1.515092 0.588418 0.01 0.01
0 1.567839 0.610796 0.01 0.01
0 0.194812 0.733873 0.01 0.01
0 0.055751 0.770636 0.01 0.01
0 0.137269 0.647559 0.01 0.01
0 0.167639 0.613993 0.01 0.01
0 0.044562 0.559647 0.01 0.01
0 0.124482 0.521285 0.01 0.01
0 0.014192 0.602804 0.01 0.01
0 0.006200 0.476530 0.01 0.01
0 0.039767 0.417389 0.01 0.01
0 0.014192 0.064143 0.01 0.01
0 0.031775 0.081725 0.01 0.01
0 0.046161 0.084922 0.01 0.01
0 0.010996 0.211195 0.01 0.01
0 0.034972 0.252754 0.01 0.01
0 0.066940 0.273533 0.01 0.01
0 0.079727 0.236770 0.01 0.01
0 0.797409 0.278328 0.01 0.01
0 0.909297 0.300706 0.01 0.01
0 0.933273 0.326280 0.01 0.01
0 0.954053 0.337469 0.01 0.01
0 1.471935 0.321485 0.01 0.01
0 1.518288 0.303903 0.01 0.01
0 1.550256 0.303903 0.01 0.01
0 1.598208 0.327879 0.01 0.01
0 0.412194 0.722684 0.01 0.01
0 0.452155 0.657150 0.01 0.01
0 0.292314 0.577229 0.01 0.01
0 0.394612 0.562844 0.01 0.01
0 0.245961 0.526081 0.01 0.01
0 0.221985 0.626780 0.01 0.01
0 0.161245 0.518089 0.01 0.01
0 0.193213 0.513293 0.01 0.01
0 0.151655 0.473333 0.01 0.01
0 0.097309 0.465341 0.01 0.01
0 0.063743 0.500506 0.01 0.01
0 0.413793 0.570836 0.01 0.01
0 0.351455 0.540466 0.01 0.01
0 0.535271 0.526081 0.01 0.01
0 0.516091 0.490916 0.01 0.01
0 0.608798 0.610796 0.01 0.01
0 0.715891 0.513293 0.01 0.01
0 0.695112 0.484522 0.01 0.01
0 0.795811 0.532474 0.01 0.01
0 0.845361 0.532474 0.01 0.01
0 0.922085 0.489317 0.01 0.01
0 1.181026 0.524482 0.01 0.01
0 1.214592 0.554852 0.01 0.01
0 1.400007 0.558049 0.01 0.01
0 1.454352 0.521285 0.01 0.01
0 1.401605 0.502105 0.01 0.01
0 1.502304 0.521285 0.01 0.01
0 1.492714 0.479727 0.01 0.01
0 1.563044 0.521285 0.01 0.01
0 1.543863 0.484522 0.01 0.01
0 1.569437 0.455751 0.01 0.01
0 1.580626 0.388618 0.01 0.01
0 1.539068 0.385421 0.01 0.01
0 1.519887 0.367839 0.01 0.01
0 1.505501 0.377429 0.01 0.01
0 1.491116 0.383823 0.01 0.01
0 1.249757 0.371036 0.01 0.01
0 1.284922 0.355052 0.01 0.01
0 1.313693 0.388618 0.01 0.01
0 1.126280 0.520886 0.01 0.01
0 1.100706 0.488119 0.01 0.01
0 1.047160 0.516890 0.01 0.01
0 1.031975 0.488119 0.01 0.01
0 1.004003 0.472135 0.01 0.01
0 0.973633 0.448159 0.01 0.01
0 0.962444 0.467339 0.01 0.01
0 0.928878 0.445761 0.01 0.01
0 0.908099 0.440167 0.01 0.01
0 0.873733 0.498508 0.01 0.01
0 0.830576 0.481725 0.01 0.01
0 0.868938 0.467339 0.01 0.01
0 0.844163 0.442564 0.01 0.01
0 0.812994 0.456950 0.01 0.01
0 1.022384 0.387419 0.01 0.01
0 1.027979 0.412194 0.01 0.01
0 1.047959 0.412194 0.01 0.01
0 1.038368 0.397809 0.01 0.01
0 1.047160 0.393014 0.01 0.01
0 1.060746 0.406600 0.01 0.01
0 1.030376 0.378628 0.01 0.01
0 1.133473 0.414592 0.01 0.01
0 1.136670 0.394612 0.01 0.01
0 1.121485 0.401805 0.01 0.01
0 1.107100 0.431375 0.01 0.01
0 1.070336 0.432174 0.01 0.01
0 1.151855 0.429777 0.01 0.01
0 1.160646 0.397809 0.01 0.01
0 1.175032 0.397809 0.01 0.01
0 1.191815 0.405801 0.01 0.01
0 1.196610 0.408998 0.01 0.01
0 1.193413 0.435371 0.01 0.01
0 1.174232 0.425781 0.01 0.01
0 1.218988 0.412194 0.01 0.01
0 1.218988 0.390616 0.01 0.01
0 1.204602 0.387419 0.01 0.01
0 1.094312 0.416190 0.01 0.01
0 1.095911 0.400206 0.01 0.01
0 1.085521 0.387419 0.01 0.01
0 1.131076 0.463343 0.01 0.01
0 1.095911 0.452155 0.01 0.01
0 1.083124 0.464942 0.01 0.01
0 1.046360 0.446560 0.01 0.01
0 1.011995 0.456950 0.01 0.01
0 0.986420 0.439367 0.01 0.01
0 0.974432 0.425781 0.01 0.01
0 0.933673 0.418588 0.01 0.01
0 0.921685 0.412994 0.01 0.01
0 0.804202 0.411395 0.01 0.01
0 1.279727 0.448958 0.01 0.01
0 1.318089 0.494512 0.01 0.01
0 1.314892 0.459347 0.01 0.01
0 1.328478 0.434572 0.01 0.01
0 1.380426 0.429777 0.01 0.01
0 1.439567 0.444962 0.01 0.01
0 1.469138 0.423383 0.01 0.01
0 1.495511 0.414592 0.01 0.01
0 1.523483 0.411395 0.01 0.01
0 1.545062 0.439367 0.01 0.01
0 1.503503 0.445761 0.01 0.01
0 1.466740 0.456151 0.01 0.01
0 1.416390 0.478528 0.01 0.01
0 1.286920 0.547259 0.01 0.01
0 1.270137 0.513693 0.01 0.01
0 1.210996 0.488918 0.01 0.01
0 1.164642 0.485721 0.01 0.01
0 1.250157 0.448159 0.01 0.01
0 1.138268 0.341865 0.01 0.01
0 1.208598 0.338668 0.01 0.01
0 1.107100 0.348258 0.01 0.01
0 1.222984 0.341066 0.01 0.01
0 1.243763 0.347459 0.01 0.01
0 1.250956 0.342664 0.01 0.01
0 1.262145 0.342664 0.01 0.01
0 1.267739 0.347459 0.01 0.01
0 1.308498 0.352254 0.01 0.01
0 1.318089 0.349857 0.01 0.01
0 1.322884 0.347459 0.01 0.01
0 1.330077 0.347459 0.01 0.01
0 1.340466 0.353054 0.01 0.01
0 1.349257 0.349857 0.01 0.01
0 1.351655 0.342664 0.01 0.01
0 1.363643 0.341066 0.01 0.01
0 1.370037 0.341066 0.01 0.01
0 1.386021 0.341066 0.01 0.01
0 1.398009 0.339467 0.01 0.01
0 1.429977 0.397809 0.01 0.01
0 1.429177 0.356250 0.01 0.01
0 1.410796 0.364242 0.01 0.01
0 1.445961 0.359447 0.01 0.01
0 1.447559 0.369837 0.01 0.01
0 1.443563 0.381026 0.01 0.01
0 1.426780 0.377030 0.01 0.01
0 1.409997 0.382624 0.01 0.01
0 1.046760 0.350256 0.01 0.01
0 1.051555 0.350256 0.01 0.01
0 1.057949 0.343863 0.01 0.01
0 1.062744 0.343863 0.01 0.01
0 1.070736 0.345461 0.01 0.01
0 1.077130 0.350256 0.01 0.01
0 1.083523 0.355052 0.01 0.01
0 1.081925 0.351855 0.01 0.01
0 1.086720 0.355052 0.01 0.01
0 1.024382 0.350256 0.01 0.01
0 1.014792 0.355052 0.01 0.01
0 1.009997 0.355052 0.01 0.01
0 1.000406 0.355052 0.01 0.01
0 0.992414 0.350256 0.01 0.01
0 0.981225 0.350256 0.01 0.01
0 1.158648 0.343863 0.01 0.01
0 1.161845 0.343863 0.01 0.01
0 1.168238 0.345461 0.01 0.01
0 1.176230 0.350256 0.01 0.01
0 1.182624 0.350256 0.01 0.01
0 1.189018 0.343863 0.01 0.01
0 1.219387 0.377429 0.01 0.01
0 1.211395 0.379028 0.01 0.01
0 1.209797 0.372634 0.01 0.01
0 1.201805 0.372634 0.01 0.01
0 1.195411 0.383823 0.01 0.01
0 1.184222 0.374232 0.01 0.01
0 1.160246 0.385421 0.01 0.01
0 1.173034 0.385421 0.01 0.01
0 0.122484 0.420186 0.01 0.01
0 0.081725 0.357050 0.01 0.01
0 0.132874 0.368238 0.01 0.01
0 0.115291 0.406600 0.01 0.01
0 0.082524 0.392214 0.01 0.01
0 0.278328 0.355451 0.01 0.01
0 0.283923 0.356250 0.01 0.01
0 0.294312 0.356250 0.01 0.01
0 0.299907 0.357849 0.01 0.01
0 0.475731 0.480926 0.01 0.01
0 0.376630 0.492115 0.01 0.01
0 0.320686 0.504902 0.01 0.01
0 0.287120 0.493713 0.01 0.01
0 0.247959 0.488918 0.01 0.01
0 0.201605 0.434572 0.01 0.01
0 0.205601 0.476131 0.01 0.01
0 0.168039 0.447359 0.01 0.01
0 0.238368 0.420186 0.01 0.01
0 0.267140 0.432174 0.01 0.01
0 0.305501 0.447359 0.01 0.01
0 0.466141 0.443363 0.01 0.01
0 0.574832 0.445761 0.01 0.01
0 0.564442 0.497709 0.01 0.01
0 0.536470 0.471335 0.01 0.01
0 0.527679 0.458548 0.01 0.01
0 0.629977 0.477729 0.01 0.01
0 0.598808 0.451355 0.01 0.01
0 0.612394 0.431375 0.01 0.01
0 0.671535 0.448159 0.01 0.01
0 0.698708 0.451355 0.01 0.01
0 0.717889 0.458548 0.01 0.01
0 0.732274 0.440167 0.01 0.01
0 0.769038 0.458548 0.01 0.01
0 0.770636 0.482524 0.01 0.01
0 0.777829 0.441765 0.01 0.01
0 0.791415 0.432174 0.01 0.01
0 0.794612 0.470536 0.01 0.01
0 0.741066 0.475331 0.01 0.01
0 0.394212 0.414592 0.01 0.01
0 0.369437 0.412194 0.01 0.01
0 0.339867 0.403403 0.01 0.01
0 0.344662 0.425781 0.01 0.01
0 0.319088 0.427379 0.01 0.01
0 0.286320 0.422584 0.01 0.01
0 0.296710 0.412994 0.01 0.01
0 0.286320 0.404202 0.01 0.01
0 0.204802 0.412194 0.01 0.01
0 0.211195 0.394612 0.01 0.01
0 0.241565 0.355451 0.01 0.01
0 0.251955 0.362644 0.01 0.01
0 0.517289 0.389817 0.01 0.01
0 0.511695 0.390616 0.01 0.01
0 0.506101 0.401006 0.01 0.01
0 0.533273 0.392214 0.01 0.01
0 0.531675 0.401805 0.01 0.01
0 0.517289 0.411395 0.01 0.01
0 0.486920 0.381026 0.01 0.01
0 0.468538 0.378628 0.01 0.01
0 0.474932 0.385022 0.01 0.01
0 0.474932 0.393014 0.01 0.01
0 0.380626 0.378628 0.01 0.01
0 0.188019 0.364242 0.01 0.01
0 0.495711 0.440366 0.01 0.01
0 0.435371 0.471935 0.01 0.01
0 0.434572 0.415191 0.01 0.01
0 0.412194 0.452554 0.01 0.01
0 0.405801 0.394212 0.01 0.01
0 0.395411 0.399008 0.01 0.01
0 0.366640 0.395811 0.01 0.01
0 0.232374 0.399008 0.01 0.01
0 0.234772 0.384622 0.01 0.01
0 0.250756 0.379028 0.01 0.01
0 0.261146 0.377429 0.01 0.01
0 0.273933 0.377429 0.01 0.01
0 0.303503 0.387819 0.01 0.01
0 0.284322 0.387020 0.01 0.01
0 0.276330 0.394212 0.01 0.01
0 0.256350 0.399008 0.01 0.01
0 0.318688 0.353453 0.01 0.01
0 0.330676 0.355851 0.01 0.01
0 0.337070 0.356650 0.01 0.01
0 0.492914 0.376630 0.01 0.01
0 0.503303 0.374232 0.01 0.01
0 0.515291 0.381425 0.01 0.01
0 0.540067 0.379827 0.01 0.01
0 0.547259 0.379827 0.01 0.01
0 0.559247 0.383024 0.01 0.01
0 0.578428 0.387819 0.01 0.01
0 0.591215 0.384622 0.01 0.01
0 0.596011 0.399008 0.01 0.01
0 0.588818 0.374232 0.01 0.01
0 0.600007 0.367839 0.01 0.01
0 0.607199 0.371036 0.01 0.01
0 0.613593 0.373433 0.01 0.01
0 0.613593 0.382224 0.01 0.01
0 0.621585 0.387020 0.01 0.01
0 0.646360 0.401405 0.01 0.01
0 0.604003 0.471735 0.01 0.01
0 0.643963 0.427379 0.01 0.01
0 0.627179 0.416990 0.01 0.01
0 0.822984 0.429777 0.01 0.01
0 0.871735 0.430576 0.01 0.01
0 0.685521 0.467339 0.01 0.01
0 0.343463 0.456950 0.01 0.01
0 0.301106 0.464143 0.01 0.01
0 0.899707 0.471335 0.01 0.01
0 0.973233 0.484123 0.01 0.01
0 0.462544 0.413793 0.01 0.01
0 0.389417 0.476330 0.01 0.01
0 0.482924 0.523883 0.01 0.01
0 0.309497 0.530276 0.01 0.01
0 0.515291 0.427679 0.01 0.01
0 0.494712 0.407699 0.01 0.01
