0 0.174079 1.221668 0.01 0.01
0 0.155116 1.174818 0.01 0.01
0 0.334707 1.214975 0.01 0.01
0 0.253277 1.174818 0.01 0.01
0 0.420599 1.218322 0.01 0.01
0 0.497566 1.173703 0.01 0.01
0 0.552225 1.182627 0.01 0.01
0 0.576765 1.115698 0.01 0.01
0 0.461871 1.103428 0.01 0.01
0 0.433984 1.027576 0.01 0.01
0 0.493105 1.000804 0.01 0.01
0 0.555571 1.017536 0.01 0.01
0 0.602421 0.978495 0.01 0.01
0 0.732932 1.153624 0.01 0.01
0 0.681620 1.073310 0.01 0.01
0 0.857865 1.156971 0.01 0.01
0 0.804322 1.094504 0.01 0.01
0 0.757472 1.017536 0.01 0.01
0 0.209774 1.034268 0.01 0.01
0 0.084841 0.937222 0.01 0.01
0 0.169617 0.927183 0.01 0.01
0 0.233199 0.967340 0.01 0.01
0 0.287857 0.972917 0.01 0.01
0 0.365940 0.870294 0.01 0.01
0 0.425061 0.889257 0.01 0.01
0 0.292319 0.858023 0.01 0.01
0 0.238776 0.884795 0.01 0.01
0 0.262201 0.824559 0.01 0.01
0 0.325783 0.800019 0.01 0.01
0 0.288973 0.763208 0.01 0.01
0 0.225391 0.787749 0.01 0.01
0 0.141730 0.834599 0.01 0.01
0 0.169617 0.707434 0.01 0.01
0 0.214236 0.714127 0.01 0.01
0 0.140615 0.666162 0.01 0.01
0 0.071455 0.719705 0.01 0.01
0 0.562264 0.846869 0.01 0.01
0 0.548878 0.720820 0.01 0.01
0 0.394943 0.658354 0.01 0.01
0 0.364825 1.148047 0.01 0.01
0 0.719546 1.225015 0.01 0.01
0 0.706160 1.121275 0.01 0.01
0 1.029648 1.061040 0.01 0.01
0 0.979451 1.106774 0.01 0.01
0 1.054188 1.019767 0.01 0.01
0 0.959373 0.980726 0.01 0.01
0 0.983913 0.965109 0.01 0.01
0 0.861211 0.897065 0.01 0.01
0 0.779782 0.968455 0.01 0.01
0 0.700583 0.934991 0.01 0.01
0 0.739624 0.856908 0.01 0.01
0 0.814361 0.858023 0.01 0.01
0 0.697236 0.796672 0.01 0.01
0 0.719546 0.752053 0.01 0.01
0 0.658195 0.734206 0.01 0.01
0 0.601306 0.720820 0.01 0.01
0 0.527684 0.650545 0.01 0.01
0 0.536608 0.697395 0.01 0.01
0 0.606883 0.667277 0.01 0.01
0 0.696121 0.691818 0.01 0.01
0 0.776435 0.721936 0.01 0.01
0 0.776435 0.688471 0.01 0.01
0 0.845595 0.738668 0.01 0.01
0 0.863442 0.794441 0.01 0.01
0 0.860096 0.660584 0.01 0.01
0 0.921447 0.646083 0.01 0.01
0 0.933717 0.720820 0.01 0.01
0 0.954911 0.671739 0.01 0.01
0 0.973874 0.611504 0.01 0.01
0 0.989491 0.568000 0.01 0.01
0 0.895791 0.592541 0.01 0.01
0 0.892444 0.541229 0.01 0.01
0 1.036341 0.745361 0.01 0.01
0 1.005107 0.531189 0.01 0.01
0 0.997299 0.509995 0.01 0.01
0 0.981682 0.476531 0.01 0.01
0 0.983913 0.447529 0.01 0.01
0 0.852287 0.469838 0.01 0.01
0 0.802091 0.485455 0.01 0.01
0 0.758587 0.561307 0.01 0.01
0 0.729585 0.565769 0.01 0.01
0 0.794283 0.580270 0.01 0.01
0 0.695005 0.575808 0.01 0.01
0 0.657079 0.598118 0.01 0.01
0 0.746317 0.484339 0.01 0.01
0 0.731816 0.427450 0.01 0.01
0 0.756357 0.386178 0.01 0.01
0 0.726239 0.380600 0.01 0.01
0 0.763049 0.350483 0.01 0.01
0 0.792052 0.424104 0.01 0.01
0 0.919216 0.429681 0.01 0.01
0 0.858980 0.400679 0.01 0.01
0 1.040803 0.367215 0.01 0.01
0 0.958257 0.381716 0.01 0.01
0 1.061997 0.309210 0.01 0.01
0 0.216467 0.618196 0.01 0.01
0 0.268894 0.631582 0.01 0.01
0 0.338054 0.627120 0.01 0.01
0 0.394943 0.610388 0.01 0.01
0 0.373749 0.564654 0.01 0.01
0 0.485296 0.607042 0.01 0.01
0 0.495335 0.575808 0.01 0.01
0 0.541070 0.610388 0.01 0.01
0 0.592382 0.516688 0.01 0.01
0 0.632539 0.489917 0.01 0.01
0 0.536608 0.485455 0.01 0.01
0 0.589035 0.424104 0.01 0.01
0 0.572303 0.395102 0.01 0.01
0 0.666003 0.446413 0.01 0.01
0 0.654848 0.337097 0.01 0.01
0 0.607998 0.364984 0.01 0.01
0 0.561148 0.357175 0.01 0.01
0 0.612460 0.269053 0.01 0.01
0 0.594613 0.264591 0.01 0.01
0 0.657079 0.266822 0.01 0.01
0 0.660426 0.250090 0.01 0.01
0 0.701698 0.300286 0.01 0.01
0 0.709507 0.350483 0.01 0.01
0 0.739624 0.300286 0.01 0.01
0 0.769742 0.254552 0.01 0.01
0 0.819939 0.290247 0.01 0.01
0 0.861211 0.283554 0.01 0.01
0 0.925909 0.270168 0.01 0.01
0 0.948218 0.283554 0.01 0.01
0 0.951565 0.253436 0.01 0.01
0 1.001761 0.291362 0.01 0.01
0 1.009569 0.265706 0.01 0.01
0 0.720661 0.648314 0.01 0.01
0 0.165155 1.135777 0.01 0.01
0 0.345862 0.314787 0.01 0.01
0 0.277818 0.337097 0.01 0.01
0 0.195273 0.339328 0.01 0.01
0 0.204197 0.339328 0.01 0.01
0 0.199735 0.547922 0.01 0.01
0 0.219813 0.524497 0.01 0.01
0 0.249931 0.496610 0.01 0.01
0 0.312398 0.467607 0.01 0.01
0 0.391596 0.444182 0.01 0.01
0 0.425061 0.435259 0.01 0.01
0 0.410559 0.420757 0.01 0.01
0 0.299012 0.400679 0.01 0.01
0 0.321321 0.410718 0.01 0.01
0 0.507606 0.459799 0.01 0.01
0 0.480834 0.511111 0.01 0.01
0 0.535493 0.414065 0.01 0.01
0 0.384903 0.329289 0.01 0.01
0 0.440677 0.311441 0.01 0.01
0 0.412790 0.264591 0.01 0.01
0 0.400520 0.204355 0.01 0.01
0 0.392712 0.250090 0.01 0.01
0 0.451832 0.194316 0.01 0.01
0 0.513183 0.276861 0.01 0.01
0 0.481950 0.286900 0.01 0.01
0 0.402751 0.369446 0.01 0.01
0 0.471911 0.354944 0.01 0.01
0 0.020143 0.367215 0.01 0.01
0 0.053608 0.350483 0.01 0.01
0 0.119421 0.314787 0.01 0.01
0 0.126113 0.356060 0.01 0.01
0 0.049146 0.281323 0.01 0.01
0 0.078148 0.254552 0.01 0.01
0 0.120536 0.245628 0.01 0.01
0 0.110497 0.216626 0.01 0.01
0 0.021259 0.290247 0.01 0.01
0 0.043568 0.215510 0.01 0.01
0 0.020143 0.194316 0.01 0.01
0 0.081494 0.196547 0.01 0.01
0 0.111612 0.340443 0.01 0.01
0 0.451737 0.258177 0.01 0.01
0 0.458430 0.243676 0.01 0.01
0 0.508626 0.157227 0.01 0.01
0 0.516992 0.139937 0.01 0.01
0 0.534282 0.124878 0.01 0.01
0 0.573881 0.145514 0.01 0.01
0 0.578343 0.118185 0.01 0.01
0 0.537071 0.170612 0.01 0.01
0 0.501933 0.177305 0.01 0.01
0 0.416042 0.112608 0.01 0.01
0 0.369750 0.146072 0.01 0.01
0 0.370865 0.132686 0.01 0.01
0 0.608461 0.180652 0.01 0.01
0 0.590614 0.209096 0.01 0.01
0 0.696584 0.157784 0.01 0.01
0 0.714431 0.165593 0.01 0.01
0 0.692122 0.132686 0.01 0.01
0 0.673159 0.127666 0.01 0.01
0 0.679851 0.220251 0.01 0.01
0 0.619616 0.228059 0.01 0.01
0 0.491894 0.435537 0.01 0.01
0 0.346325 0.437768 0.01 0.01
0 0.438909 0.170055 0.01 0.01
0 0.082280 0.177154 0.01 0.01
0 0.062130 0.163466 0.01 0.01
0 0.063651 0.143696 0.01 0.01
0 0.045021 0.144076 0.01 0.01
0 0.034375 0.120123 0.01 0.01
0 0.060609 0.121644 0.01 0.01
0 0.076577 0.122405 0.01 0.01
0 0.083421 0.137232 0.01 0.01
0 0.121061 0.131910 0.01 0.01
0 0.110796 0.128868 0.01 0.01
0 0.114217 0.104915 0.01 0.01
0 0.136269 0.111759 0.01 0.01
0 0.163263 0.108717 0.01 0.01
0 0.214971 0.106436 0.01 0.01
0 0.254892 0.097691 0.01 0.01
0 0.191018 0.172971 0.01 0.01
0 0.216111 0.342541 0.01 0.01
0 0.024110 0.152821 0.01 0.01
0 0.004339 0.101493 0.01 0.01
0 0.101671 0.102634 0.01 0.01
0 0.068213 0.083244 0.01 0.01
0 0.052244 0.085905 0.01 0.01
0 0.109655 0.241408 0.01 0.01
0 0.138550 0.188179 0.01 0.01
0 0.208127 0.126967 0.01 0.01
0 0.229418 0.105296 0.01 0.01
0 0.037417 0.157763 0.01 0.01
0 0.229174 0.153242 0.01 0.01
0 0.741526 0.163021 0.01 0.01
0 0.783126 0.130929 0.01 0.01
0 0.934075 0.129741 0.01 0.01
0 0.893663 0.141627 0.01 0.01
0 0.875835 0.092895 0.01 0.01
0 0.838989 0.102404 0.01 0.01
0 0.835423 0.085764 0.01 0.01
0 0.926943 0.090518 0.01 0.01
0 1.016086 0.088141 0.01 0.01
0 0.697549 0.084575 0.01 0.01
0 0.695172 0.120232 0.01 0.01
0 0.789069 0.103592 0.01 0.01
0 0.748658 0.101215 0.01 0.01
0 0.140281 0.093703 0.01 0.01
0 0.123835 0.090414 0.01 0.01
0 0.104099 0.085480 0.01 0.01
0 0.087653 0.064099 0.01 0.01
0 0.109033 0.049298 0.01 0.01
0 0.140281 0.041075 0.01 0.01
0 0.133703 0.029562 0.01 0.01
0 0.158372 0.027918 0.01 0.01
0 0.117256 0.022984 0.01 0.01
0 0.086008 0.027918 0.01 0.01
0 0.064628 0.041075 0.01 0.01
0 0.043248 0.050942 0.01 0.01
0 0.018579 0.050942 0.01 0.01
0 0.023512 0.069033 0.01 0.01
0 0.012000 0.075612 0.01 0.01
0 0.199488 0.008182 0.01 0.01
0 0.164951 0.036141 0.01 0.01
0 0.158372 0.078901 0.01 0.01
0 0.178108 0.078901 0.01 0.01
0 0.215934 0.075612 0.01 0.01
0 0.248827 0.075612 0.01 0.01
0 0.352438 0.049298 0.01 0.01
0 0.303099 0.039430 0.01 0.01
0 0.283364 0.009827 0.01 0.01
0 0.451116 0.049298 0.01 0.01
0 0.516901 0.046009 0.01 0.01
0 0.526769 0.032852 0.01 0.01
0 0.544860 0.047653 0.01 0.01
0 0.543215 0.037785 0.01 0.01
0 0.584331 0.021339 0.01 0.01
0 0.622157 0.027918 0.01 0.01
0 0.615579 0.047653 0.01 0.01
0 0.604066 0.069033 0.01 0.01
0 0.623802 0.080546 0.01 0.01
0 0.604066 0.103571 0.01 0.01
0 0.638604 0.059166 0.01 0.01
0 0.655050 0.055876 0.01 0.01
0 0.648471 0.022984 0.01 0.01
0 0.664918 0.018050 0.01 0.01
0 0.678075 0.009827 0.01 0.01
0 0.701099 0.011471 0.01 0.01
0 0.702744 0.029562 0.01 0.01
0 0.673141 0.057521 0.01 0.01
0 0.722480 0.041075 0.01 0.01
0 0.781686 0.049298 0.01 0.01
0 0.789909 0.044364 0.01 0.01
0 0.761951 0.044364 0.01 0.01
0 0.809645 0.054232 0.01 0.01
0 0.845827 0.044364 0.01 0.01
0 0.837604 0.055876 0.01 0.01
0 0.850761 0.073967 0.01 0.01
0 0.877075 0.036141 0.01 0.01
0 0.862273 0.022984 0.01 0.01
0 0.883653 0.008182 0.01 0.01
0 0.896810 0.026273 0.01 0.01
0 0.923124 0.021339 0.01 0.01
0 0.923124 0.052587 0.01 0.01
0 0.891876 0.069033 0.01 0.01
0 0.954372 0.069033 0.01 0.01
0 0.962595 0.034496 0.01 0.01
0 1.010290 0.027918 0.01 0.01
0 1.033315 0.016405 0.01 0.01
0 1.041538 0.042719 0.01 0.01
0 0.923124 0.393025 0.01 0.01
