0 0.237264 1.001083 0.01 0.01
0 0.344968 0.924597 0.01 0.01
0 0.241946 0.851233 0.01 0.01
0 0.252873 0.795039 0.01 0.01
0 0.315310 0.757577 0.01 0.01
0 0.359017 0.757577 0.01 0.01
0 0.120193 0.706066 0.01 0.01
0 0.040585 0.662360 0.01 0.01
0 0.012488 0.518753 0.01 0.01
0 0.104584 0.470364 0.01 0.01
0 0.224776 0.556216 0.01 0.01
0 0.263799 0.495339 0.01 0.01
0 0.326237 0.557777 0.01 0.01
0 0.357456 0.598361 0.01 0.01
0 0.268482 0.651433 0.01 0.01
0 0.398040 0.724797 0.01 0.01
0 0.393357 0.890257 0.01 0.01
0 0.426137 0.854355 0.01 0.01
0 0.482331 0.829380 0.01 0.01
0 0.544769 0.776308 0.01 0.01
0 0.462039 0.701383 0.01 0.01
0 0.463600 0.638945 0.01 0.01
0 0.070243 0.351733 0.01 0.01
0 0.095218 0.333001 0.01 0.01
0 0.201362 0.429780 0.01 0.01
0 0.238824 0.432901 0.01 0.01
0 0.251312 0.404805 0.01 0.01
0 0.305945 0.411048 0.01 0.01
0 0.337164 0.382951 0.01 0.01
0 0.383992 0.387634 0.01 0.01
0 0.301262 0.301783 0.01 0.01
0 0.170143 0.334562 0.01 0.01
0 0.198240 0.367342 0.01 0.01
0 0.220093 0.312709 0.01 0.01
0 0.177948 0.234662 0.01 0.01
0 0.127998 0.251833 0.01 0.01
0 0.095218 0.259637 0.01 0.01
0 0.054634 0.212809 0.01 0.01
0 0.020293 0.186273 0.01 0.01
0 0.042146 0.151932 0.01 0.01
0 0.103023 0.175347 0.01 0.01
0 0.163899 0.189395 0.01 0.01
0 0.190435 0.161298 0.01 0.01
0 0.246629 0.172225 0.01 0.01
0 0.271604 0.150372 0.01 0.01
0 0.204484 0.247150 0.01 0.01
0 0.138924 0.123836 0.01 0.01
0 0.117071 0.114470 0.01 0.01
0 0.088974 0.131640 0.01 0.01
0 0.174826 0.105104 0.01 0.01
0 0.229459 0.108226 0.01 0.01
0 0.227898 0.067642 0.01 0.01
0 0.295018 0.052032 0.01 0.01
0 0.335603 0.075446 0.01 0.01
0 0.365261 0.089495 0.01 0.01
0 0.387114 0.103543 0.01 0.01
0 0.393357 0.133201 0.01 0.01
0 0.362139 0.141006 0.01 0.01
0 0.374626 0.170664 0.01 0.01
0 0.304384 0.217492 0.01 0.01
0 0.293457 0.247150 0.01 0.01
0 0.369943 0.250272 0.01 0.01
0 0.351212 0.276808 0.01 0.01
0 0.313750 0.275247 0.01 0.01
0 0.376187 0.272125 0.01 0.01
0 0.373065 0.453194 0.01 0.01
0 0.454234 0.415731 0.01 0.01
0 0.462039 0.345489 0.01 0.01
0 0.494818 0.329879 0.01 0.01
0 0.438625 0.279929 0.01 0.01
0 0.466722 0.256515 0.01 0.01
0 0.526037 0.297100 0.01 0.01
0 0.491697 0.292417 0.01 0.01
0 0.513550 0.251833 0.01 0.01
0 0.469843 0.148811 0.01 0.01
0 0.513550 0.151932 0.01 0.01
0 0.501062 0.108226 0.01 0.01
0 0.469843 0.070764 0.01 0.01
0 0.480770 0.050471 0.01 0.01
0 0.488575 0.037984 0.01 0.01
0 0.407406 0.027057 0.01 0.01
0 0.541647 0.033301 0.01 0.01
0 0.522915 0.039545 0.01 0.01
0 0.544769 0.075446 0.01 0.01
0 0.579109 0.126957 0.01 0.01
0 0.624376 0.120714 0.01 0.01
0 0.551012 0.223736 0.01 0.01
0 0.597840 0.295539 0.01 0.01
0 0.636864 0.325197 0.01 0.01
0 0.661839 0.289295 0.01 0.01
0 0.638425 0.184712 0.01 0.01
0 0.655595 0.125396 0.01 0.01
0 0.697741 0.084812 0.01 0.01
0 0.652473 0.066081 0.01 0.01
0 0.697741 0.047350 0.01 0.01
0 0.721155 0.025496 0.01 0.01
0 0.775787 0.077007 0.01 0.01
0 0.786714 0.103543 0.01 0.01
0 0.788275 0.165981 0.01 0.01
0 0.753934 0.189395 0.01 0.01
0 0.755495 0.247150 0.01 0.01
0 0.725837 0.269003 0.01 0.01
0 0.789836 0.239345 0.01 0.01
0 0.800763 0.298661 0.01 0.01
0 0.824177 0.276808 0.01 0.01
0 0.755495 0.314270 0.01 0.01
0 0.757056 0.345489 0.01 0.01
0 0.719594 0.364220 0.01 0.01
0 0.685253 0.379830 0.01 0.01
0 0.649351 0.386073 0.01 0.01
0 0.607206 0.434462 0.01 0.01
0 0.580670 0.495339 0.01 0.01
0 0.635303 0.479730 0.01 0.01
0 0.611889 0.523436 0.01 0.01
0 0.627498 0.606166 0.01 0.01
0 0.585353 0.667042 0.01 0.01
0 0.515111 0.659238 0.01 0.01
0 0.600962 0.813771 0.01 0.01
0 0.644669 0.802844 0.01 0.01
0 0.682131 0.776308 0.01 0.01
0 0.664961 0.865282 0.01 0.01
0 0.650912 0.888696 0.01 0.01
0 0.624376 0.912110 0.01 0.01
0 0.744569 0.837185 0.01 0.01
0 0.783592 0.798161 0.01 0.01
0 0.764861 0.690456 0.01 0.01
0 0.718033 0.573386 0.01 0.01
0 0.755495 0.540606 0.01 0.01
0 0.783592 0.534363 0.01 0.01
0 0.747691 0.432901 0.01 0.01
0 0.714911 0.450072 0.01 0.01
0 0.652473 0.454755 0.01 0.01
0 0.822616 0.504705 0.01 0.01
0 0.847591 0.489095 0.01 0.01
0 0.828859 0.412609 0.01 0.01
0 0.842908 0.401683 0.01 0.01
0 0.878809 0.372025 0.01 0.01
0 0.891297 0.442267 0.01 0.01
0 0.881931 0.593678 0.01 0.01
0 0.925638 0.596800 0.01 0.01
0 0.945930 0.560898 0.01 0.01
0 1.005246 0.582752 0.01 0.01
0 1.039586 0.638945 0.01 0.01
0 0.900663 0.688895 0.01 0.01
0 0.888175 0.782552 0.01 0.01
0 0.922516 0.876208 0.01 0.01
0 0.861639 0.951133 0.01 0.01
0 0.813250 0.944889 0.01 0.01
0 0.952174 0.865282 0.01 0.01
0 0.995880 0.877769 0.01 0.01
0 1.030221 0.851233 0.01 0.01
0 1.052074 0.804405 0.01 0.01
0 1.084853 0.848111 0.01 0.01
0 1.094219 1.013571 0.01 0.01
0 1.153535 0.902744 0.01 0.01
0 1.273727 0.876208 0.01 0.01
0 1.329921 0.960499 0.01 0.01
0 1.318994 0.820014 0.01 0.01
0 1.326799 0.777869 0.01 0.01
0 1.284654 0.770064 0.01 0.01
0 1.211289 0.731041 0.01 0.01
0 1.233143 0.690456 0.01 0.01
0 1.275288 0.665481 0.01 0.01
0 1.206607 0.570264 0.01 0.01
0 1.133243 0.592117 0.01 0.01
0 1.114511 0.626458 0.01 0.01
0 1.083292 0.582752 0.01 0.01
0 1.098902 0.549972 0.01 0.01
0 1.019294 0.542167 0.01 0.01
0 0.981831 0.462559 0.01 0.01
0 1.028660 0.443828 0.01 0.01
0 1.048952 0.407926 0.01 0.01
0 1.081732 0.387634 0.01 0.01
0 1.105146 0.378269 0.01 0.01
0 1.125438 0.331440 0.01 0.01
0 0.981831 0.353294 0.01 0.01
0 0.981831 0.320514 0.01 0.01
0 0.906906 0.354855 0.01 0.01
0 0.852274 0.301783 0.01 0.01
0 0.905345 0.219053 0.01 0.01
0 0.933442 0.208126 0.01 0.01
0 0.888175 0.184712 0.01 0.01
0 0.821055 0.142567 0.01 0.01
0 0.839786 0.134762 0.01 0.01
0 0.856956 0.123836 0.01 0.01
0 0.828859 0.064520 0.01 0.01
0 0.828859 0.039545 0.01 0.01
0 0.844469 0.027057 0.01 0.01
0 0.863200 0.070764 0.01 0.01
0 0.905345 0.073885 0.01 0.01
0 0.908467 0.014570 0.01 0.01
0 0.933442 0.052032 0.01 0.01
0 0.980271 0.031740 0.01 0.01
0 0.939686 0.125396 0.01 0.01
0 0.949052 0.170664 0.01 0.01
0 1.008367 0.175347 0.01 0.01
0 1.048952 0.194078 0.01 0.01
0 1.080171 0.206565 0.01 0.01
0 1.072366 0.237784 0.01 0.01
0 1.013050 0.272125 0.01 0.01
0 1.063000 0.295539 0.01 0.01
0 1.047391 0.120714 0.01 0.01
0 1.038025 0.037984 0.01 0.01
0 1.094219 0.064520 0.01 0.01
0 1.089536 0.052032 0.01 0.01
0 1.131682 0.061398 0.01 0.01
0 1.144169 0.114470 0.01 0.01
0 1.159779 0.086373 0.01 0.01
0 1.156657 0.045789 0.01 0.01
0 1.176949 0.017692 0.01 0.01
0 1.205046 0.087934 0.01 0.01
0 1.175388 0.133201 0.01 0.01
0 1.200363 0.180029 0.01 0.01
0 1.169144 0.201882 0.01 0.01
0 1.144169 0.220614 0.01 0.01
0 1.192558 0.237784 0.01 0.01
0 1.139486 0.289295 0.01 0.01
0 1.175388 0.333001 0.01 0.01
0 1.250313 0.403244 0.01 0.01
0 1.198802 0.470364 0.01 0.01
0 1.237825 0.537484 0.01 0.01
0 1.306507 0.642067 0.01 0.01
0 1.331482 0.623336 0.01 0.01
0 1.373627 0.626458 0.01 0.01
0 1.389237 0.607727 0.01 0.01
0 1.448552 0.553094 0.01 0.01
0 1.415773 0.539045 0.01 0.01
0 1.375188 0.446950 0.01 0.01
0 1.273727 0.432901 0.01 0.01
0 1.298702 0.503144 0.01 0.01
0 1.350213 0.378269 0.01 0.01
0 1.342408 0.323636 0.01 0.01
0 1.326799 0.287734 0.01 0.01
0 1.273727 0.245589 0.01 0.01
0 1.275288 0.219053 0.01 0.01
0 1.240947 0.220614 0.01 0.01
0 1.240947 0.264320 0.01 0.01
0 1.209729 0.211248 0.01 0.01
0 1.251874 0.159737 0.01 0.01
0 1.248752 0.073885 0.01 0.01
0 1.259679 0.023935 0.01 0.01
0 1.281532 0.070764 0.01 0.01
0 1.279971 0.101982 0.01 0.01
0 1.325238 0.066081 0.01 0.01
0 1.312751 0.205004 0.01 0.01
0 1.337726 0.195639 0.01 0.01
0 1.368944 0.269003 0.01 0.01
0 1.400163 0.247150 0.01 0.01
0 1.418894 0.220614 0.01 0.01
0 1.453235 0.245589 0.01 0.01
0 1.475088 0.244028 0.01 0.01
0 1.506307 0.237784 0.01 0.01
0 1.462601 0.334562 0.01 0.01
0 1.462601 0.361098 0.01 0.01
0 1.446991 0.425097 0.01 0.01
0 1.439187 0.395439 0.01 0.01
0 1.403285 0.356415 0.01 0.01
0 1.454796 0.518753 0.01 0.01
0 1.409529 0.459437 0.01 0.01
0 1.498502 0.500022 0.01 0.01
0 1.550013 0.514070 0.01 0.01
0 1.528160 0.476608 0.01 0.01
0 1.545330 0.361098 0.01 0.01
0 1.493819 0.325197 0.01 0.01
0 1.495380 0.343928 0.01 0.01
0 1.559379 0.635824 0.01 0.01
0 1.525038 0.663920 0.01 0.01
0 1.468844 0.659238 0.01 0.01
0 1.397041 0.663920 0.01 0.01
0 1.403285 0.944889 0.01 0.01
0 1.450113 0.882452 0.01 0.01
0 1.517234 0.292417 0.01 0.01
0 1.531282 0.208126 0.01 0.01
0 1.481332 0.158176 0.01 0.01
0 1.432943 0.162859 0.01 0.01
0 1.462601 0.214370 0.01 0.01
0 1.393919 0.151932 0.01 0.01
0 1.362701 0.139445 0.01 0.01
0 1.381432 0.175347 0.01 0.01
0 1.415773 0.098861 0.01 0.01
0 1.375188 0.037984 0.01 0.01
0 1.309629 0.023935 0.01 0.01
0 1.406407 0.045789 0.01 0.01
0 1.437626 0.027057 0.01 0.01
0 1.426699 0.059837 0.01 0.01
0 1.496941 0.081690 0.01 0.01
0 1.531282 0.120714 0.01 0.01
0 1.510990 0.020814 0.01 0.01
0 1.526599 0.078568 0.01 0.01
0 0.796582 0.014422 0.01 0.01
0 1.067587 0.014422 0.01 0.01
0 1.278571 1.018415 0.01 0.01
0 0.160778 0.684993 0.01 0.01
0 0.718610 0.083771 0.01 0.01
0 0.521932 0.092356 0.01 0.01
0 0.894286 0.121432 0.01 0.01
0 0.392577 0.061138 0.01 0.01
