0 0.163208 0.903208 0.01 0.01
0 0.046171 0.598023 0.01 0.01
0 0.129134 0.562467 0.01 0.01
0 0.281727 0.666171 0.01 0.01
0 0.357282 0.741727 0.01 0.01
0 0.412097 0.664690 0.01 0.01
0 0.407653 0.630615 0.01 0.01
0 0.628393 0.744690 0.01 0.01
0 0.666912 0.574319 0.01 0.01
0 0.640245 0.529875 0.01 0.01
0 0.612097 0.485430 0.01 0.01
0 0.548393 0.587653 0.01 0.01
0 0.440245 0.578764 0.01 0.01
0 0.453578 0.537282 0.01 0.01
0 0.498023 0.543208 0.01 0.01
0 0.964690 0.612838 0.01 0.01
0 0.980986 0.568393 0.01 0.01
0 1.185430 0.621727 0.01 0.01
0 1.220986 0.615801 0.01 0.01
0 1.200245 0.469134 0.01 0.01
0 1.149875 0.443949 0.01 0.01
0 1.049134 0.469134 0.01 0.01
0 0.957282 0.507653 0.01 0.01
0 0.926171 0.518023 0.01 0.01
0 0.815060 0.483949 0.01 0.01
0 0.860986 0.429134 0.01 0.01
0 0.905430 0.426171 0.01 0.01
0 0.871356 0.463208 0.01 0.01
0 0.874319 0.347653 0.01 0.01
0 0.749875 0.356541 0.01 0.01
0 0.745430 0.338764 0.01 0.01
0 0.689134 0.392097 0.01 0.01
0 0.346912 0.449875 0.01 0.01
0 0.281727 0.483949 0.01 0.01
0 0.237282 0.482467 0.01 0.01
0 0.197282 0.470615 0.01 0.01
0 0.220986 0.479504 0.01 0.01
0 1.074319 0.352097 0.01 0.01
0 1.092097 0.315060 0.01 0.01
0 1.139504 0.340245 0.01 0.01
0 1.149875 0.313578 0.01 0.01
0 1.249134 0.318023 0.01 0.01
0 1.320245 0.340245 0.01 0.01
0 1.289134 0.405430 0.01 0.01
0 1.289134 0.381727 0.01 0.01
0 1.286171 0.464690 0.01 0.01
0 1.416541 0.483949 0.01 0.01
0 1.192838 0.449875 0.01 0.01
0 1.458023 0.442467 0.01 0.01
0 1.440245 0.415801 0.01 0.01
0 1.443208 0.269134 0.01 0.01
0 1.097282 0.274690 0.01 0.01
0 1.090615 0.262097 0.01 0.01
0 1.121727 0.259875 0.01 0.01
0 1.298764 0.245801 0.01 0.01
0 1.294319 0.187282 0.01 0.01
0 1.335801 0.192467 0.01 0.01
0 1.359504 0.189504 0.01 0.01
0 1.350615 0.181356 0.01 0.01
0 1.331356 0.184319 0.01 0.01
0 1.366171 0.268023 0.01 0.01
0 1.387653 0.261356 0.01 0.01
0 1.303208 0.322838 0.01 0.01
0 1.523949 0.419875 0.01 0.01
0 1.525430 0.548764 0.01 0.01
0 1.545430 0.524319 0.01 0.01
0 0.180986 0.467282 0.01 0.01
0 0.226171 0.436912 0.01 0.01
0 0.233578 0.448764 0.01 0.01
0 0.238023 0.422838 0.01 0.01
0 0.266171 0.405060 0.01 0.01
0 0.280245 0.398393 0.01 0.01
0 0.294319 0.418393 0.01 0.01
0 0.298023 0.399134 0.01 0.01
0 0.330615 0.410245 0.01 0.01
0 0.304690 0.394690 0.01 0.01
0 0.323208 0.386541 0.01 0.01
0 0.342467 0.383578 0.01 0.01
0 0.336541 0.371727 0.01 0.01
0 0.357282 0.358393 0.01 0.01
0 0.365430 0.380615 0.01 0.01
0 0.352097 0.399875 0.01 0.01
0 0.375060 0.390245 0.01 0.01
0 0.386171 0.382097 0.01 0.01
0 0.380986 0.367282 0.01 0.01
0 0.395060 0.368023 0.01 0.01
0 0.398764 0.368764 0.01 0.01
0 0.422467 0.377653 0.01 0.01
0 0.451356 0.376912 0.01 0.01
0 0.461727 0.363578 0.01 0.01
0 0.452097 0.358393 0.01 0.01
0 0.469134 0.347282 0.01 0.01
0 0.475060 0.356912 0.01 0.01
0 0.469134 0.361356 0.01 0.01
0 0.483208 0.350986 0.01 0.01
0 0.493578 0.354690 0.01 0.01
0 0.504690 0.348023 0.01 0.01
0 0.529875 0.359875 0.01 0.01
0 0.541727 0.381356 0.01 0.01
0 0.567653 0.356912 0.01 0.01
0 0.567653 0.348764 0.01 0.01
0 0.621727 0.348764 0.01 0.01
0 0.631356 0.352467 0.01 0.01
0 0.173208 0.435245 0.01 0.01
0 0.166541 0.413023 0.01 0.01
0 0.148393 0.418949 0.01 0.01
0 0.151356 0.410430 0.01 0.01
0 0.179134 0.389690 0.01 0.01
0 0.179504 0.382653 0.01 0.01
0 0.189504 0.387097 0.01 0.01
0 0.193949 0.381541 0.01 0.01
0 0.203208 0.386727 0.01 0.01
0 0.212097 0.372282 0.01 0.01
0 0.224319 0.368208 0.01 0.01
0 0.235060 0.371912 0.01 0.01
0 0.259875 0.354875 0.01 0.01
0 0.252838 0.351912 0.01 0.01
0 0.268393 0.371541 0.01 0.01
0 0.285060 0.380801 0.01 0.01
0 0.139134 0.391912 0.01 0.01
0 0.146541 0.400430 0.01 0.01
0 0.150986 0.392653 0.01 0.01
0 0.128023 0.412282 0.01 0.01
0 0.126912 0.400430 0.01 0.01
0 0.111356 0.410801 0.01 0.01
0 0.111356 0.439690 0.01 0.01
0 0.088764 0.401912 0.01 0.01
0 0.099134 0.391171 0.01 0.01
0 0.102097 0.395986 0.01 0.01
0 0.107653 0.401912 0.01 0.01
0 0.098764 0.379690 0.01 0.01
0 0.107282 0.380430 0.01 0.01
0 0.084319 0.388208 0.01 0.01
0 0.067282 0.403023 0.01 0.01
0 0.055060 0.404134 0.01 0.01
0 0.083208 0.425986 0.01 0.01
0 0.085801 0.415615 0.01 0.01
0 0.072467 0.439319 0.01 0.01
0 0.042097 0.450060 0.01 0.01
0 0.045060 0.437838 0.01 0.01
0 0.050615 0.429319 0.01 0.01
0 0.030986 0.426727 0.01 0.01
0 0.035801 0.402653 0.01 0.01
0 0.024319 0.404504 0.01 0.01
0 0.041727 0.398208 0.01 0.01
0 0.047653 0.390060 0.01 0.01
0 0.034319 0.412282 0.01 0.01
0 0.040615 0.415245 0.01 0.01
0 0.031356 0.417838 0.01 0.01
0 0.023578 0.415986 0.01 0.01
0 0.025430 0.455615 0.01 0.01
0 0.062097 0.433764 0.01 0.01
0 0.005801 0.436356 0.01 0.01
0 0.009134 0.415986 0.01 0.01
0 0.013578 0.400801 0.01 0.01
0 0.021356 0.387467 0.01 0.01
0 0.028393 0.398949 0.01 0.01
0 0.010245 0.391912 0.01 0.01
0 0.089134 0.385615 0.01 0.01
0 0.070615 0.397838 0.01 0.01
0 0.108023 0.430430 0.01 0.01
0 0.127282 0.425245 0.01 0.01
0 1.588257 0.806439 0.01 0.01
0 1.596249 0.758487 0.01 0.01
0 0.008637 0.438007 0.01 0.01
0 0.194894 0.361784 0.01 0.01
0 1.165797 0.126165 0.01 0.01
0 1.251081 0.108439 0.01 0.01
