0 0.613552 0.917271 0.01 0.01
0 0.810813 0.607290 0.01 0.01
0 0.975196 0.438210 0.01 0.01
0 0.174413 0.475783 0.01 0.01
0 0.289482 0.041341 0.01 0.01
0 0.559541 0.043689 0.01 0.01
0 0.714531 0.041341 0.01 0.01
0 0.629991 0.182241 0.01 0.01
0 0.784981 0.139971 0.01 0.01
0 1.231165 0.139971 0.01 0.01
0 1.228817 0.208073 0.01 0.01
0 1.512965 0.294961 0.01 0.01
0 1.369717 0.020206 0.01 0.01
0 1.299267 0.003768 0.01 0.01
0 0.467778 0.095949 0.01 0.01
0 1.069141 0.382185 0.01 0.01
0 1.450412 0.457101 0.01 0.01
0 0.788205 0.016968 0.01 0.01
0 0.364125 0.018305 0.01 0.01
