0 1.547479 0.646332 0.01 0.01
0 1.281883 0.949085 0.01 0.01
0 1.206195 0.859635 0.01 0.01
0 1.028672 1.041287 0.01 0.01
0 0.791975 0.958718 0.01 0.01
0 0.900690 0.779819 0.01 0.01
0 0.308947 1.177525 0.01 0.01
0 0.297938 0.863764 0.01 0.01
0 0.146562 0.702754 0.01 0.01
0 0.002066 0.627066 0.01 0.01
0 0.062617 0.548626 0.01 0.01
0 0.050231 0.424773 0.01 0.01
0 0.033718 0.468809 0.01 0.01
0 0.208488 0.459176 0.01 0.01
0 0.226378 0.643580 0.01 0.01
0 0.434176 0.702754 0.01 0.01
0 0.552525 0.548626 0.01 0.01
0 0.468580 0.459176 0.01 0.01
0 0.450690 0.327066 0.01 0.01
0 0.329589 0.317433 0.01 0.01
0 0.125920 0.310553 0.01 0.01
0 0.014452 0.329819 0.01 0.01
0 0.245644 0.178442 0.01 0.01
0 0.285553 0.156424 0.01 0.01
0 0.315828 0.218351 0.01 0.01
0 0.453442 0.230736 0.01 0.01
0 0.534635 0.303672 0.01 0.01
0 0.529131 0.375231 0.01 0.01
0 0.613076 0.313305 0.01 0.01
0 0.695644 0.251378 0.01 0.01
0 0.516745 0.168809 0.01 0.01
0 0.390140 0.166057 0.01 0.01
0 0.790598 0.259635 0.01 0.01
0 0.776837 0.336699 0.01 0.01
0 0.763076 0.515598 0.01 0.01
0 0.826378 0.655965 0.01 0.01
0 0.687387 0.702754 0.01 0.01
0 0.644727 0.558259 0.01 0.01
0 1.025920 0.665598 0.01 0.01
0 1.105736 0.607800 0.01 0.01
0 1.174543 0.733030 0.01 0.01
0 1.508947 0.482571 0.01 0.01
0 1.382342 0.501837 0.01 0.01
0 1.244727 0.463305 0.01 0.01
0 1.098855 0.448167 0.01 0.01
0 1.030048 0.327066 0.01 0.01
0 0.922709 0.394498 0.01 0.01
0 0.957112 0.166057 0.01 0.01
0 1.217204 0.247250 0.01 0.01
0 1.141516 0.247250 0.01 0.01
0 1.145644 0.332571 0.01 0.01
0 1.363076 0.276149 0.01 0.01
0 1.436011 0.288534 0.01 0.01
0 1.562617 0.252754 0.01 0.01
0 1.458030 0.156424 0.01 0.01
0 1.305277 0.160553 0.01 0.01
0 1.477296 0.251378 0.01 0.01
0 0.842892 0.573397 0.01 0.01
0 0.910323 0.420644 0.01 0.01
0 1.575002 0.160553 0.01 0.01
0 0.068164 1.164467 0.01 0.01
0 0.231201 0.112719 0.01 0.01
0 0.243988 0.066365 0.01 0.01
0 0.239193 0.028004 0.01 0.01
0 0.103328 0.056775 0.01 0.01
0 0.074557 0.016815 0.01 0.01
0 0.040991 0.032799 0.01 0.01
0 0.037794 0.122309 0.01 0.01
0 0.544487 0.082349 0.01 0.01
0 0.488543 0.111121 0.01 0.01
0 0.370261 0.077554 0.01 0.01
0 0.424607 0.090341 0.01 0.01
0 0.407025 0.020012 0.01 0.01
0 0.626006 0.075956 0.01 0.01
0 0.664367 0.066365 0.01 0.01
0 0.721910 0.127105 0.01 0.01
0 0.798633 0.099932 0.01 0.01
0 0.747484 0.069562 0.01 0.01
0 0.878553 0.061570 0.01 0.01
0 0.900931 0.117514 0.01 0.01
0 0.992040 0.077554 0.01 0.01
0 1.097534 0.096735 0.01 0.01
0 1.051181 0.056775 0.01 0.01
0 1.059173 0.013618 0.01 0.01
0 1.087944 0.032799 0.01 0.01
0 1.108723 0.016815 0.01 0.01
0 1.182249 0.042389 0.01 0.01
0 1.239792 0.018413 0.01 0.01
0 1.383648 0.138293 0.01 0.01
0 1.399632 0.093538 0.01 0.01
0 1.374058 0.064767 0.01 0.01
0 1.358074 0.035996 0.01 0.01
0 1.548283 0.061570 0.01 0.01
