0 0.170051 0.994051 0.01 0.01
0 0.780786 0.955715 0.01 0.01
0 1.285766 0.728342 0.01 0.01
0 0.008775 0.808980 0.01 0.01
0 0.004809 0.638450 0.01 0.01
0 0.135681 0.589538 0.01 0.01
0 0.094701 0.456023 0.01 0.01
0 0.004809 0.473208 0.01 0.01
0 0.088091 0.372741 0.01 0.01
0 0.092057 0.330439 0.01 0.01
0 0.068262 0.307966 0.01 0.01
0 0.004809 0.315897 0.01 0.01
0 0.007453 0.277561 0.01 0.01
0 0.028604 0.239225 0.01 0.01
0 0.051077 0.266986 0.01 0.01
0 0.089413 0.280205 0.01 0.01
0 0.057687 0.247157 0.01 0.01
0 0.106598 0.265664 0.01 0.01
0 0.110564 0.253766 0.01 0.01
0 0.138872 0.246165 0.01 0.01
0 0.105823 0.234268 0.01 0.01
0 0.111111 0.230302 0.01 0.01
0 0.117060 0.224353 0.01 0.01
0 0.039726 0.212456 0.01 0.01
0 0.152091 0.245504 0.01 0.01
0 0.165311 0.242199 0.01 0.01
0 0.152752 0.227658 0.01 0.01
0 0.136889 0.230963 0.01 0.01
0 0.123009 0.240877 0.01 0.01
0 0.141516 0.221709 0.01 0.01
0 0.163328 0.228319 0.01 0.01
0 0.186462 0.236251 0.01 0.01
0 0.195054 0.250792 0.01 0.01
0 0.206291 0.246826 0.01 0.01
0 0.211578 0.240877 0.01 0.01
0 0.220832 0.242860 0.01 0.01
0 0.002165 0.261698 0.01 0.01
0 0.035214 0.280205 0.01 0.01
0 0.003487 0.233937 0.01 0.01
0 0.614222 0.222040 0.01 0.01
0 0.585140 0.222040 0.01 0.01
0 0.602325 0.216752 0.01 0.01
0 0.593071 0.218074 0.01 0.01
0 0.578530 0.212786 0.01 0.01
0 0.623476 0.216422 0.01 0.01
0 0.563328 0.236251 0.01 0.01
0 0.563328 0.225014 0.01 0.01
0 0.563328 0.217083 0.01 0.01
0 0.551430 0.223692 0.01 0.01
0 0.546142 0.216422 0.01 0.01
0 0.551430 0.214439 0.01 0.01
0 0.535567 0.220387 0.01 0.01
0 0.536889 0.208490 0.01 0.01
0 0.521687 0.211134 0.01 0.01
0 0.531601 0.215100 0.01 0.01
0 0.615544 0.217083 0.01 0.01
0 0.513094 0.216422 0.01 0.01
0 0.501858 0.223692 0.01 0.01
0 0.492604 0.226997 0.01 0.01
0 0.480046 0.222370 0.01 0.01
0 0.473436 0.219726 0.01 0.01
0 0.483350 0.211134 0.01 0.01
0 0.464843 0.213778 0.01 0.01
0 0.460877 0.223031 0.01 0.01
0 0.449641 0.223692 0.01 0.01
0 0.453607 0.215761 0.01 0.01
0 0.429812 0.209151 0.01 0.01
0 0.441709 0.215761 0.01 0.01
0 0.435761 0.218405 0.01 0.01
0 0.422541 0.217083 0.01 0.01
0 0.401390 0.218405 0.01 0.01
0 0.380900 0.226997 0.01 0.01
0 0.368342 0.215100 0.01 0.01
0 0.355123 0.227658 0.01 0.01
0 0.345869 0.223692 0.01 0.01
0 0.337276 0.224353 0.01 0.01
0 0.332650 0.227658 0.01 0.01
0 0.330006 0.218405 0.01 0.01
0 0.321413 0.223031 0.01 0.01
0 0.310838 0.223692 0.01 0.01
0 0.298279 0.222370 0.01 0.01
0 0.283738 0.223692 0.01 0.01
0 0.271179 0.223031 0.01 0.01
0 0.260604 0.219726 0.01 0.01
0 0.242097 0.217083 0.01 0.01
0 0.252011 0.223692 0.01 0.01
0 0.276467 0.223031 0.01 0.01
0 0.391476 0.223031 0.01 0.01
0 0.409322 0.223031 0.01 0.01
0 0.417254 0.222370 0.01 0.01
0 0.466165 0.222370 0.01 0.01
0 0.909014 0.933242 0.01 0.01
0 0.964536 0.927954 0.01 0.01
0 1.076900 0.906803 0.01 0.01
0 1.148285 0.893584 0.01 0.01
0 0.846883 0.823521 0.01 0.01
0 0.823088 0.778575 0.01 0.01
0 0.638017 0.786507 0.01 0.01
0 0.698826 0.831453 0.01 0.01
0 0.669744 0.781219 0.01 0.01
0 0.599681 0.750815 0.01 0.01
0 0.636695 0.690006 0.01 0.01
0 0.664456 0.709835 0.01 0.01
0 0.694860 0.695293 0.01 0.01
0 0.680319 0.688684 0.01 0.01
0 0.663134 0.662245 0.01 0.01
0 0.608934 0.671499 0.01 0.01
0 0.672387 0.643738 0.01 0.01
0 0.726587 0.652991 0.01 0.01
0 0.755670 0.692650 0.01 0.01
0 0.780786 0.688684 0.01 0.01
0 0.786074 0.733630 0.01 0.01
0 0.768889 0.721732 0.01 0.01
0 0.712046 0.733630 0.01 0.01
0 0.738484 0.742883 0.01 0.01
0 0.774177 0.749493 0.01 0.01
0 0.901083 0.760068 0.01 0.01
0 1.127134 0.773288 0.01 0.01
0 1.146963 0.752137 0.01 0.01
0 1.125812 0.738917 0.01 0.01
0 1.076900 0.761390 0.01 0.01
0 1.076900 0.734952 0.01 0.01
0 1.042530 0.753459 0.01 0.01
0 1.012125 0.734952 0.01 0.01
0 0.980399 0.725698 0.01 0.01
0 0.952638 0.716444 0.01 0.01
0 0.905048 0.708513 0.01 0.01
0 0.952638 0.679430 0.01 0.01
0 0.926199 0.679430 0.01 0.01
0 0.935453 0.667533 0.01 0.01
0 0.973789 0.700581 0.01 0.01
0 1.002872 0.712479 0.01 0.01
0 1.031954 0.725698 0.01 0.01
0 1.070291 0.712479 0.01 0.01
0 1.055749 0.693972 0.01 0.01
0 1.124490 0.701903 0.01 0.01
0 1.144319 0.727020 0.01 0.01
0 1.022701 0.696615 0.01 0.01
0 1.010803 0.675464 0.01 0.01
0 1.004194 0.659601 0.01 0.01
0 0.949994 0.663567 0.01 0.01
0 0.965858 0.650348 0.01 0.01
0 0.972467 0.637128 0.01 0.01
0 0.935453 0.637128 0.01 0.01
0 0.911658 0.645060 0.01 0.01
0 0.893151 0.662245 0.01 0.01
0 0.872000 0.676786 0.01 0.01
0 0.850849 0.671499 0.01 0.01
0 0.858781 0.670177 0.01 0.01
0 0.840274 0.658279 0.01 0.01
0 0.813835 0.660923 0.01 0.01
0 0.879932 0.664889 0.01 0.01
0 0.872000 0.645060 0.01 0.01
0 0.891829 0.650348 0.01 0.01
0 0.891829 0.614655 0.01 0.01
0 0.898439 0.596148 0.01 0.01
0 0.877288 0.610689 0.01 0.01
0 0.872000 0.621265 0.01 0.01
0 0.861425 0.638450 0.01 0.01
0 0.844239 0.630519 0.01 0.01
0 0.838952 0.643738 0.01 0.01
0 0.801937 0.643738 0.01 0.01
0 0.776821 0.631840 0.01 0.01
0 0.750382 0.627875 0.01 0.01
0 0.746416 0.621265 0.01 0.01
0 0.717333 0.621265 0.01 0.01
0 0.788718 0.631840 0.01 0.01
0 0.792684 0.612011 0.01 0.01
0 0.767567 0.610689 0.01 0.01
0 0.816479 0.612011 0.01 0.01
0 0.804581 0.604080 0.01 0.01
0 0.811191 0.588217 0.01 0.01
0 0.791362 0.598792 0.01 0.01
0 0.820444 0.580285 0.01 0.01
0 0.825732 0.572353 0.01 0.01
0 0.857459 0.598792 0.01 0.01
0 0.844239 0.596148 0.01 0.01
0 0.852171 0.567066 0.01 0.01
0 0.872000 0.585573 0.01 0.01
0 0.879932 0.576319 0.01 0.01
0 0.883897 0.590860 0.01 0.01
0 0.890507 0.572353 0.01 0.01
0 0.909014 0.576319 0.01 0.01
0 0.901083 0.586895 0.01 0.01
0 0.919590 0.572353 0.01 0.01
0 0.947350 0.574997 0.01 0.01
0 0.927521 0.598792 0.01 0.01
0 0.931487 0.614655 0.01 0.01
0 0.763601 0.585573 0.01 0.01
0 0.738484 0.600114 0.01 0.01
0 0.719977 0.609368 0.01 0.01
0 0.705436 0.613333 0.01 0.01
0 0.632729 0.622587 0.01 0.01
0 0.614222 0.638450 0.01 0.01
0 0.601003 0.627875 0.01 0.01
0 0.589105 0.638450 0.01 0.01
0 0.538872 0.672821 0.01 0.01
0 0.554735 0.627875 0.01 0.01
0 0.544160 0.635806 0.01 0.01
0 0.484672 0.637128 0.01 0.01
0 0.445014 0.639772 0.01 0.01
0 0.442370 0.589538 0.01 0.01
0 0.460877 0.592182 0.01 0.01
0 0.448980 0.581607 0.01 0.01
0 0.577208 0.608046 0.01 0.01
0 0.591749 0.593504 0.01 0.01
0 0.601003 0.596148 0.01 0.01
0 0.634051 0.580285 0.01 0.01
0 0.652558 0.606724 0.01 0.01
0 0.677675 0.589538 0.01 0.01
0 0.688251 0.597470 0.01 0.01
0 0.696182 0.610689 0.01 0.01
0 0.709402 0.588217 0.01 0.01
0 0.689573 0.577641 0.01 0.01
0 0.697504 0.571031 0.01 0.01
0 0.708080 0.576319 0.01 0.01
0 0.725265 0.574997 0.01 0.01
0 0.729231 0.564422 0.01 0.01
0 0.741128 0.569709 0.01 0.01
0 0.760957 0.565744 0.01 0.01
0 0.764923 0.549880 0.01 0.01
0 0.778142 0.556490 0.01 0.01
0 0.790040 0.574997 0.01 0.01
0 0.805903 0.557812 0.01 0.01
0 0.817801 0.551202 0.01 0.01
0 0.796650 0.544593 0.01 0.01
0 0.824410 0.540627 0.01 0.01
0 0.801937 0.536661 0.01 0.01
0 0.805903 0.528729 0.01 0.01
0 0.809869 0.522120 0.01 0.01
0 0.834986 0.556490 0.01 0.01
0 0.837630 0.543271 0.01 0.01
0 0.846883 0.535339 0.01 0.01
0 0.870678 0.555168 0.01 0.01
0 0.883897 0.553846 0.01 0.01
0 0.891829 0.556490 0.01 0.01
0 0.862746 0.539305 0.01 0.01
0 0.854815 0.547236 0.01 0.01
0 0.881254 0.541949 0.01 0.01
0 0.912980 0.544593 0.01 0.01
0 0.902405 0.541949 0.01 0.01
0 0.906370 0.532695 0.01 0.01
0 0.926199 0.555168 0.01 0.01
0 0.935453 0.561778 0.01 0.01
0 0.943385 0.555168 0.01 0.01
0 0.948672 0.567066 0.01 0.01
0 0.953960 0.543271 0.01 0.01
0 0.965858 0.527407 0.01 0.01
0 0.969823 0.543271 0.01 0.01
0 0.989652 0.540627 0.01 0.01
0 0.610256 0.573675 0.01 0.01
0 0.578530 0.584251 0.01 0.01
0 0.553413 0.589538 0.01 0.01
0 0.538872 0.574997 0.01 0.01
0 0.517721 0.574997 0.01 0.01
0 0.525652 0.597470 0.01 0.01
0 0.489960 0.563100 0.01 0.01
0 0.464843 0.547236 0.01 0.01
0 0.439726 0.555168 0.01 0.01
0 0.429151 0.563100 0.01 0.01
0 0.631407 0.552524 0.01 0.01
0 0.656524 0.559134 0.01 0.01
0 0.649915 0.573675 0.01 0.01
0 0.680319 0.557812 0.01 0.01
0 0.692217 0.551202 0.01 0.01
0 0.712046 0.551202 0.01 0.01
0 0.733197 0.543271 0.01 0.01
0 0.747738 0.553846 0.01 0.01
0 0.718655 0.534017 0.01 0.01
0 0.705436 0.537983 0.01 0.01
0 0.701470 0.530051 0.01 0.01
0 0.688251 0.532695 0.01 0.01
0 0.692217 0.516832 0.01 0.01
0 0.712046 0.516832 0.01 0.01
0 0.717333 0.499647 0.01 0.01
0 0.705436 0.504934 0.01 0.01
0 0.689573 0.507578 0.01 0.01
0 0.681641 0.527407 0.01 0.01
0 0.675031 0.520798 0.01 0.01
0 0.668422 0.531373 0.01 0.01
0 0.671066 0.519476 0.01 0.01
0 0.651236 0.519476 0.01 0.01
0 0.653880 0.519476 0.01 0.01
0 0.648593 0.535339 0.01 0.01
0 0.668422 0.552524 0.01 0.01
0 0.649915 0.545915 0.01 0.01
0 0.627442 0.539305 0.01 0.01
0 0.634051 0.507578 0.01 0.01
0 0.611578 0.522120 0.01 0.01
0 0.556057 0.544593 0.01 0.01
0 0.571920 0.541949 0.01 0.01
0 0.565311 0.532695 0.01 0.01
0 0.577208 0.522120 0.01 0.01
0 0.582496 0.514188 0.01 0.01
0 0.593071 0.491715 0.01 0.01
0 0.610256 0.491715 0.01 0.01
0 0.611578 0.512866 0.01 0.01
0 0.611578 0.502291 0.01 0.01
0 0.604969 0.506256 0.01 0.01
0 0.594393 0.557812 0.01 0.01
0 0.573242 0.552524 0.01 0.01
0 0.550769 0.530051 0.01 0.01
0 0.554735 0.508900 0.01 0.01
0 0.537550 0.520798 0.01 0.01
0 0.533584 0.531373 0.01 0.01
0 0.524330 0.539305 0.01 0.01
0 0.519043 0.527407 0.01 0.01
0 0.512433 0.544593 0.01 0.01
0 0.495248 0.549880 0.01 0.01
0 0.479385 0.536661 0.01 0.01
0 0.458234 0.531373 0.01 0.01
0 0.426507 0.551202 0.01 0.01
0 0.421219 0.544593 0.01 0.01
0 0.415932 0.537983 0.01 0.01
0 0.405356 0.527407 0.01 0.01
0 0.388171 0.548558 0.01 0.01
0 0.385527 0.577641 0.01 0.01
0 0.389493 0.524764 0.01 0.01
0 0.401390 0.512866 0.01 0.01
0 0.430473 0.535339 0.01 0.01
0 0.443692 0.541949 0.01 0.01
0 0.431795 0.516832 0.01 0.01
0 0.419897 0.510222 0.01 0.01
0 0.414610 0.489071 0.01 0.01
0 0.414610 0.497003 0.01 0.01
0 0.404034 0.500969 0.01 0.01
0 0.400068 0.497003 0.01 0.01
0 0.282416 0.481140 0.01 0.01
0 0.306211 0.483783 0.01 0.01
0 0.311499 0.469242 0.01 0.01
0 0.330006 0.491715 0.01 0.01
0 0.323396 0.497003 0.01 0.01
0 0.365698 0.502291 0.01 0.01
0 0.467487 0.512866 0.01 0.01
0 0.458234 0.504934 0.01 0.01
0 0.312821 0.424296 0.01 0.01
0 0.333972 0.444125 0.01 0.01
0 0.327362 0.413721 0.01 0.01
0 0.269197 0.437516 0.01 0.01
0 0.303567 0.408433 0.01 0.01
0 0.273162 0.335726 0.01 0.01
0 0.306211 0.327795 0.01 0.01
0 0.316786 0.367453 0.01 0.01
0 0.316786 0.358199 0.01 0.01
0 0.345869 0.348946 0.01 0.01
0 0.361732 0.354234 0.01 0.01
0 0.364376 0.346302 0.01 0.01
0 0.382883 0.322507 0.01 0.01
0 0.398746 0.352912 0.01 0.01
0 0.392137 0.343658 0.01 0.01
0 0.382883 0.343658 0.01 0.01
0 0.397425 0.360843 0.01 0.01
0 0.389493 0.358199 0.01 0.01
0 0.408000 0.375385 0.01 0.01
0 0.396103 0.376707 0.01 0.01
0 0.380239 0.376707 0.01 0.01
0 0.368342 0.366131 0.01 0.01
0 0.351157 0.322507 0.01 0.01
0 0.370986 0.388604 0.01 0.01
0 0.355123 0.363487 0.01 0.01
0 0.376274 0.405789 0.01 0.01
0 0.373630 0.393892 0.01 0.01
0 0.402712 0.392570 0.01 0.01
0 0.415932 0.385960 0.01 0.01
0 0.427829 0.405789 0.01 0.01
0 0.419897 0.396536 0.01 0.01
0 0.408000 0.417687 0.01 0.01
0 0.415932 0.420330 0.01 0.01
0 0.409322 0.433550 0.01 0.01
0 0.388171 0.432228 0.01 0.01
0 0.384205 0.422974 0.01 0.01
0 0.423863 0.445447 0.01 0.01
0 0.426507 0.432228 0.01 0.01
0 0.437083 0.425618 0.01 0.01
0 0.450302 0.440160 0.01 0.01
0 0.454268 0.424296 0.01 0.01
0 0.448980 0.380672 0.01 0.01
0 0.454268 0.350268 0.01 0.01
0 0.480707 0.355556 0.01 0.01
0 0.462199 0.438838 0.01 0.01
0 0.474097 0.432228 0.01 0.01
0 0.480707 0.440160 0.01 0.01
0 0.472775 0.449413 0.01 0.01
0 0.455590 0.456023 0.01 0.01
0 0.445014 0.465276 0.01 0.01
0 0.431795 0.462632 0.01 0.01
0 0.459556 0.465276 0.01 0.01
0 0.452946 0.478496 0.01 0.01
0 0.468809 0.482462 0.01 0.01
0 0.429151 0.500969 0.01 0.01
0 0.430473 0.497003 0.01 0.01
0 0.414610 0.458667 0.01 0.01
0 0.504501 0.507578 0.01 0.01
0 0.511111 0.497003 0.01 0.01
0 0.507145 0.500969 0.01 0.01
0 0.501858 0.494359 0.01 0.01
0 0.497892 0.489071 0.01 0.01
0 0.524330 0.493037 0.01 0.01
0 0.516399 0.479818 0.01 0.01
0 0.519043 0.477174 0.01 0.01
0 0.500536 0.463954 0.01 0.01
0 0.500536 0.470564 0.01 0.01
0 0.489960 0.449413 0.01 0.01
0 0.483350 0.411077 0.01 0.01
0 0.493926 0.426940 0.01 0.01
0 0.482028 0.429584 0.01 0.01
0 0.478063 0.424296 0.01 0.01
0 0.497892 0.440160 0.01 0.01
0 0.512433 0.440160 0.01 0.01
0 0.513755 0.458667 0.01 0.01
0 0.524330 0.458667 0.01 0.01
0 0.534906 0.456023 0.01 0.01
0 0.552091 0.471886 0.01 0.01
0 0.538872 0.489071 0.01 0.01
0 0.536228 0.478496 0.01 0.01
0 0.553413 0.489071 0.01 0.01
0 0.562667 0.481140 0.01 0.01
0 0.570598 0.473208 0.01 0.01
0 0.573242 0.485105 0.01 0.01
0 0.582496 0.482462 0.01 0.01
0 0.578530 0.466598 0.01 0.01
0 0.560023 0.459989 0.01 0.01
0 0.562667 0.456023 0.01 0.01
0 0.545481 0.452057 0.01 0.01
0 0.546803 0.445447 0.01 0.01
0 0.534906 0.436194 0.01 0.01
0 0.523009 0.444125 0.01 0.01
0 0.515077 0.437516 0.01 0.01
0 0.515077 0.433550 0.01 0.01
0 0.521687 0.430906 0.01 0.01
0 0.520365 0.424296 0.01 0.01
0 0.509789 0.424296 0.01 0.01
0 0.467487 0.370097 0.01 0.01
0 0.459556 0.356877 0.01 0.01
0 0.445014 0.359521 0.01 0.01
0 0.294313 0.362165 0.01 0.01
0 0.508467 0.366131 0.01 0.01
0 0.499214 0.370097 0.01 0.01
0 0.489960 0.379350 0.01 0.01
0 0.525652 0.363487 0.01 0.01
0 0.526974 0.372741 0.01 0.01
0 0.542838 0.388604 0.01 0.01
0 0.545481 0.403145 0.01 0.01
0 0.530940 0.401823 0.01 0.01
0 0.529618 0.393892 0.01 0.01
0 0.520365 0.397858 0.01 0.01
0 0.507145 0.391248 0.01 0.01
0 0.500536 0.397858 0.01 0.01
0 0.508467 0.404467 0.01 0.01
0 0.525652 0.409755 0.01 0.01
0 0.513755 0.413721 0.01 0.01
0 0.536228 0.420330 0.01 0.01
0 0.536228 0.415043 0.01 0.01
0 0.557379 0.407111 0.01 0.01
0 0.550769 0.422974 0.01 0.01
0 0.557379 0.421652 0.01 0.01
0 0.575886 0.403145 0.01 0.01
0 0.575886 0.399179 0.01 0.01
0 0.586462 0.408433 0.01 0.01
0 0.597037 0.409755 0.01 0.01
0 0.599681 0.417687 0.01 0.01
0 0.583818 0.424296 0.01 0.01
0 0.573242 0.413721 0.01 0.01
0 0.569276 0.424296 0.01 0.01
0 0.567954 0.440160 0.01 0.01
0 0.575886 0.440160 0.01 0.01
0 0.585140 0.434872 0.01 0.01
0 0.599681 0.433550 0.01 0.01
0 0.593071 0.437516 0.01 0.01
0 0.608934 0.436194 0.01 0.01
0 0.611578 0.432228 0.01 0.01
0 0.616866 0.425618 0.01 0.01
0 0.608934 0.415043 0.01 0.01
0 0.590427 0.470564 0.01 0.01
0 0.590427 0.478496 0.01 0.01
0 0.597037 0.483783 0.01 0.01
0 0.602325 0.474530 0.01 0.01
0 0.614222 0.478496 0.01 0.01
0 0.622154 0.479818 0.01 0.01
0 0.627442 0.483783 0.01 0.01
0 0.635373 0.487749 0.01 0.01
0 0.628764 0.499647 0.01 0.01
0 0.620832 0.494359 0.01 0.01
0 0.623476 0.432228 0.01 0.01
0 0.634051 0.425618 0.01 0.01
0 0.647271 0.428262 0.01 0.01
0 0.653880 0.391248 0.01 0.01
0 0.681641 0.393892 0.01 0.01
0 0.697504 0.391248 0.01 0.01
0 0.719977 0.381994 0.01 0.01
0 0.738484 0.385960 0.01 0.01
0 0.747738 0.370097 0.01 0.01
0 0.758313 0.371419 0.01 0.01
0 0.778142 0.381994 0.01 0.01
0 0.809869 0.374063 0.01 0.01
0 0.801937 0.378028 0.01 0.01
0 0.684285 0.420330 0.01 0.01
0 0.665778 0.425618 0.01 0.01
0 0.660490 0.442803 0.01 0.01
0 0.647271 0.462632 0.01 0.01
0 0.641983 0.479818 0.01 0.01
0 0.649915 0.481140 0.01 0.01
0 0.659168 0.475852 0.01 0.01
0 0.657846 0.467920 0.01 0.01
0 0.660490 0.481140 0.01 0.01
0 0.665778 0.494359 0.01 0.01
0 0.652558 0.495681 0.01 0.01
0 0.680319 0.487749 0.01 0.01
0 0.693538 0.477174 0.01 0.01
0 0.689573 0.500969 0.01 0.01
0 0.712046 0.479818 0.01 0.01
0 0.719977 0.469242 0.01 0.01
0 0.726587 0.470564 0.01 0.01
0 0.714689 0.452057 0.01 0.01
0 0.716011 0.446769 0.01 0.01
0 0.729231 0.450735 0.01 0.01
0 0.762279 0.428262 0.01 0.01
0 0.770211 0.433550 0.01 0.01
0 0.677675 0.458667 0.01 0.01
0 0.673709 0.461311 0.01 0.01
0 0.759635 0.457345 0.01 0.01
0 0.751704 0.445447 0.01 0.01
0 0.743772 0.459989 0.01 0.01
0 0.747738 0.466598 0.01 0.01
0 0.743772 0.471886 0.01 0.01
0 0.735840 0.477174 0.01 0.01
0 0.725265 0.483783 0.01 0.01
0 0.733197 0.493037 0.01 0.01
0 0.741128 0.481140 0.01 0.01
0 0.750382 0.487749 0.01 0.01
0 0.742450 0.503613 0.01 0.01
0 0.734519 0.515510 0.01 0.01
0 0.734519 0.519476 0.01 0.01
0 0.754348 0.515510 0.01 0.01
0 0.749060 0.510222 0.01 0.01
0 0.762279 0.504934 0.01 0.01
0 0.759635 0.530051 0.01 0.01
0 0.766245 0.523442 0.01 0.01
0 0.759635 0.540627 0.01 0.01
0 0.776821 0.514188 0.01 0.01
0 0.795328 0.508900 0.01 0.01
0 0.801937 0.506256 0.01 0.01
0 0.832342 0.518154 0.01 0.01
0 0.849527 0.507578 0.01 0.01
0 0.870678 0.518154 0.01 0.01
0 0.772855 0.482462 0.01 0.01
0 0.759635 0.482462 0.01 0.01
0 0.760957 0.469242 0.01 0.01
0 0.771533 0.467920 0.01 0.01
0 0.780786 0.470564 0.01 0.01
0 0.786074 0.458667 0.01 0.01
0 0.791362 0.462632 0.01 0.01
0 0.805903 0.463954 0.01 0.01
0 0.792684 0.494359 0.01 0.01
0 0.790040 0.483783 0.01 0.01
0 0.796650 0.486427 0.01 0.01
0 0.805903 0.489071 0.01 0.01
0 0.804581 0.490393 0.01 0.01
0 0.816479 0.474530 0.01 0.01
0 0.823088 0.502291 0.01 0.01
0 0.823088 0.495681 0.01 0.01
0 0.828376 0.482462 0.01 0.01
0 0.840274 0.498325 0.01 0.01
0 0.845561 0.489071 0.01 0.01
0 0.861425 0.497003 0.01 0.01
0 0.873322 0.494359 0.01 0.01
0 0.879932 0.507578 0.01 0.01
0 0.895795 0.506256 0.01 0.01
0 0.915624 0.498325 0.01 0.01
0 0.923556 0.531373 0.01 0.01
0 0.894473 0.516832 0.01 0.01
0 0.848205 0.524764 0.01 0.01
0 0.944707 0.532695 0.01 0.01
0 0.787396 0.438838 0.01 0.01
0 0.808547 0.441481 0.01 0.01
0 0.828376 0.412399 0.01 0.01
0 0.815157 0.434872 0.01 0.01
0 0.844239 0.425618 0.01 0.01
0 0.844239 0.379350 0.01 0.01
0 0.825732 0.383316 0.01 0.01
0 0.828376 0.452057 0.01 0.01
0 0.840274 0.467920 0.01 0.01
0 0.840274 0.454701 0.01 0.01
0 0.866712 0.470564 0.01 0.01
0 0.849527 0.463954 0.01 0.01
0 0.849527 0.474530 0.01 0.01
0 0.865390 0.487749 0.01 0.01
0 0.882575 0.485105 0.01 0.01
0 0.882575 0.473208 0.01 0.01
0 0.895795 0.474530 0.01 0.01
0 0.931487 0.518154 0.01 0.01
0 0.915624 0.510222 0.01 0.01
0 0.936775 0.497003 0.01 0.01
0 0.971145 0.503613 0.01 0.01
0 0.857459 0.425618 0.01 0.01
0 0.875966 0.391248 0.01 0.01
0 0.877288 0.420330 0.01 0.01
0 0.890507 0.425618 0.01 0.01
0 0.907692 0.415043 0.01 0.01
0 0.907692 0.438838 0.01 0.01
0 0.897117 0.440160 0.01 0.01
0 0.877288 0.442803 0.01 0.01
0 0.864068 0.438838 0.01 0.01
0 0.872000 0.429584 0.01 0.01
0 0.868034 0.450735 0.01 0.01
0 0.866712 0.454701 0.01 0.01
0 0.878610 0.458667 0.01 0.01
0 0.897117 0.461311 0.01 0.01
0 0.906370 0.456023 0.01 0.01
0 0.909014 0.445447 0.01 0.01
0 0.914302 0.466598 0.01 0.01
0 0.895795 0.494359 0.01 0.01
0 0.902405 0.487749 0.01 0.01
0 0.907692 0.479818 0.01 0.01
0 0.924877 0.465276 0.01 0.01
0 0.923556 0.441481 0.01 0.01
0 0.931487 0.438838 0.01 0.01
0 0.944707 0.437516 0.01 0.01
0 0.934131 0.452057 0.01 0.01
0 0.948672 0.457345 0.01 0.01
0 0.944707 0.470564 0.01 0.01
0 0.938097 0.483783 0.01 0.01
0 0.930165 0.474530 0.01 0.01
0 0.972467 0.452057 0.01 0.01
0 0.981721 0.497003 0.01 0.01
0 0.976433 0.462632 0.01 0.01
0 0.997584 0.457345 0.01 0.01
0 0.989652 0.459989 0.01 0.01
0 0.990974 0.514188 0.01 0.01
0 0.976433 0.522120 0.01 0.01
0 1.005516 0.518154 0.01 0.01
0 1.008160 0.536661 0.01 0.01
0 1.004194 0.530051 0.01 0.01
0 1.026667 0.514188 0.01 0.01
0 1.006838 0.506256 0.01 0.01
0 1.013447 0.462632 0.01 0.01
0 1.034598 0.491715 0.01 0.01
0 1.038564 0.477174 0.01 0.01
0 1.035920 0.469242 0.01 0.01
0 1.057071 0.473208 0.01 0.01
0 1.059715 0.482462 0.01 0.01
0 1.071613 0.473208 0.01 0.01
0 1.094085 0.498325 0.01 0.01
0 1.083510 0.487749 0.01 0.01
0 1.092764 0.486427 0.01 0.01
0 1.080866 0.499647 0.01 0.01
0 1.075578 0.520798 0.01 0.01
0 1.086154 0.520798 0.01 0.01
0 1.092764 0.519476 0.01 0.01
0 1.108627 0.506256 0.01 0.01
0 1.090120 0.544593 0.01 0.01
0 1.103339 0.540627 0.01 0.01
0 1.124490 0.527407 0.01 0.01
0 1.115236 0.540627 0.01 0.01
0 1.140353 0.520798 0.01 0.01
0 1.115236 0.523442 0.01 0.01
0 1.042530 0.532695 0.01 0.01
0 1.033276 0.534017 0.01 0.01
0 1.042530 0.511544 0.01 0.01
0 1.137709 0.539305 0.01 0.01
0 1.162826 0.531373 0.01 0.01
0 1.169436 0.514188 0.01 0.01
0 1.043852 0.930598 0.01 0.01
0 1.129778 0.489071 0.01 0.01
0 1.115236 0.489071 0.01 0.01
0 1.148285 0.491715 0.01 0.01
0 1.132422 0.470564 0.01 0.01
0 1.108627 0.479818 0.01 0.01
0 1.102017 0.462632 0.01 0.01
0 1.107305 0.446769 0.01 0.01
0 1.094085 0.452057 0.01 0.01
0 1.131100 0.440160 0.01 0.01
0 1.136387 0.450735 0.01 0.01
0 1.164148 0.469242 0.01 0.01
0 1.178689 0.467920 0.01 0.01
0 1.182655 0.479818 0.01 0.01
0 1.168114 0.486427 0.01 0.01
0 1.174724 0.485105 0.01 0.01
0 1.193231 0.483783 0.01 0.01
0 1.203806 0.470564 0.01 0.01
0 1.197197 0.462632 0.01 0.01
0 1.195875 0.450735 0.01 0.01
0 1.182655 0.448091 0.01 0.01
0 1.170758 0.456023 0.01 0.01
0 1.166792 0.453379 0.01 0.01
0 1.168114 0.437516 0.01 0.01
0 1.177368 0.436194 0.01 0.01
0 1.202484 0.442803 0.01 0.01
0 1.210416 0.440160 0.01 0.01
0 1.234211 0.441481 0.01 0.01
0 1.224957 0.440160 0.01 0.01
0 1.222313 0.432228 0.01 0.01
0 1.222313 0.419009 0.01 0.01
0 1.230245 0.408433 0.01 0.01
0 1.238177 0.408433 0.01 0.01
0 1.238177 0.421652 0.01 0.01
0 1.295020 0.391248 0.01 0.01
0 1.343932 0.446769 0.01 0.01
0 1.317493 0.463954 0.01 0.01
0 1.260650 0.466598 0.01 0.01
0 1.224957 0.491715 0.01 0.01
0 1.198519 0.507578 0.01 0.01
0 1.205128 0.500969 0.01 0.01
0 1.185299 0.511544 0.01 0.01
0 1.236855 0.463954 0.01 0.01
0 1.219670 0.471886 0.01 0.01
0 1.224957 0.459989 0.01 0.01
0 1.271225 0.429584 0.01 0.01
0 1.273869 0.436194 0.01 0.01
0 1.279157 0.445447 0.01 0.01
0 1.273869 0.400501 0.01 0.01
0 1.275191 0.391248 0.01 0.01
0 1.287088 0.397858 0.01 0.01
0 1.256684 0.385960 0.01 0.01
0 1.242142 0.384638 0.01 0.01
0 1.265937 0.407111 0.01 0.01
0 1.258006 0.415043 0.01 0.01
0 1.255362 0.403145 0.01 0.01
0 1.251396 0.419009 0.01 0.01
0 1.242142 0.401823 0.01 0.01
0 1.231567 0.393892 0.01 0.01
0 1.226279 0.393892 0.01 0.01
0 1.236855 0.393892 0.01 0.01
0 0.901083 0.388934 0.01 0.01
0 0.908353 0.387613 0.01 0.01
0 0.896456 0.386952 0.01 0.01
0 0.889185 0.367123 0.01 0.01
0 0.908353 0.370427 0.01 0.01
0 0.916946 0.375054 0.01 0.01
0 0.921573 0.369105 0.01 0.01
0 0.928182 0.367123 0.01 0.01
0 0.926860 0.390917 0.01 0.01
0 0.932809 0.378359 0.01 0.01
0 0.939419 0.377037 0.01 0.01
0 0.958587 0.367123 0.01 0.01
0 0.943385 0.361835 0.01 0.01
0 0.957926 0.352581 0.01 0.01
0 0.947350 0.353903 0.01 0.01
0 0.938097 0.352581 0.01 0.01
0 0.965197 0.362496 0.01 0.01
0 0.965197 0.378359 0.01 0.01
0 0.956604 0.384969 0.01 0.01
0 0.944707 0.375715 0.01 0.01
0 0.936114 0.392900 0.01 0.01
0 0.994940 0.389595 0.01 0.01
0 0.990974 0.384308 0.01 0.01
0 0.986348 0.367123 0.01 0.01
0 0.980399 0.363157 0.01 0.01
0 0.974450 0.363818 0.01 0.01
0 1.000228 0.361835 0.01 0.01
0 1.006838 0.351259 0.01 0.01
0 1.000228 0.351920 0.01 0.01
0 0.930826 0.425288 0.01 0.01
0 0.937436 0.425949 0.01 0.01
0 0.946028 0.431897 0.01 0.01
0 0.951316 0.424627 0.01 0.01
0 0.951316 0.416034 0.01 0.01
0 0.957926 0.409425 0.01 0.01
0 0.965197 0.413390 0.01 0.01
0 0.963214 0.417356 0.01 0.01
0 0.959909 0.422644 0.01 0.01
0 0.957265 0.431897 0.01 0.01
0 0.959909 0.443134 0.01 0.01
0 0.975111 0.445117 0.01 0.01
0 0.962553 0.453048 0.01 0.01
0 0.967840 0.433880 0.01 0.01
0 0.969823 0.421322 0.01 0.01
0 0.976433 0.412729 0.01 0.01
0 0.983043 0.413390 0.01 0.01
0 0.988330 0.426610 0.01 0.01
0 0.994940 0.417356 0.01 0.01
0 0.979738 0.429915 0.01 0.01
0 0.976433 0.423966 0.01 0.01
0 0.985026 0.445117 0.01 0.01
0 0.987670 0.435202 0.01 0.01
0 0.994940 0.447100 0.01 0.01
0 1.005516 0.452387 0.01 0.01
0 1.008821 0.455692 0.01 0.01
0 1.018074 0.453709 0.01 0.01
0 1.029972 0.454370 0.01 0.01
0 1.041869 0.452387 0.01 0.01
0 1.050462 0.451066 0.01 0.01
0 1.060376 0.451726 0.01 0.01
0 1.068969 0.449744 0.01 0.01
0 1.073595 0.445117 0.01 0.01
0 1.087476 0.441151 0.01 0.01
0 1.104000 0.428593 0.01 0.01
0 1.115236 0.418678 0.01 0.01
0 1.120524 0.427271 0.01 0.01
0 1.127134 0.464285 0.01 0.01
0 1.104661 0.472217 0.01 0.01
0 1.123168 0.453709 0.01 0.01
0 1.142336 0.452387 0.01 0.01
0 1.150929 0.452387 0.01 0.01
0 1.138370 0.439829 0.01 0.01
0 1.149607 0.438507 0.01 0.01
0 1.135726 0.430575 0.01 0.01
0 1.154234 0.430575 0.01 0.01
0 1.151590 0.421322 0.01 0.01
0 1.141014 0.420661 0.01 0.01
0 1.159521 0.398188 0.01 0.01
0 1.150268 0.393561 0.01 0.01
0 1.170097 0.402815 0.01 0.01
0 1.176707 0.400171 0.01 0.01
0 1.184638 0.388274 0.01 0.01
0 1.189926 0.408103 0.01 0.01
0 1.203806 0.388934 0.01 0.01
0 1.209094 0.384969 0.01 0.01
0 1.214382 0.394222 0.01 0.01
0 1.217026 0.385630 0.01 0.01
0 1.217687 0.379681 0.01 0.01
0 1.219009 0.406120 0.01 0.01
0 1.210416 0.426610 0.01 0.01
0 1.203145 0.433219 0.01 0.01
0 1.190587 0.439829 0.01 0.01
0 1.187282 0.431897 0.01 0.01
0 1.182655 0.427932 0.01 0.01
0 1.194553 0.384308 0.01 0.01
0 1.205128 0.381664 0.01 0.01
0 1.191909 0.372410 0.01 0.01
0 1.178689 0.372410 0.01 0.01
0 1.166792 0.364479 0.01 0.01
0 1.179350 0.382986 0.01 0.01
0 1.171419 0.388274 0.01 0.01
0 1.157538 0.377037 0.01 0.01
0 1.166131 0.377037 0.01 0.01
0 1.150929 0.363818 0.01 0.01
0 1.139692 0.361174 0.01 0.01
0 1.152251 0.372410 0.01 0.01
0 1.141675 0.381003 0.01 0.01
0 1.136387 0.397527 0.01 0.01
0 1.117880 0.411407 0.01 0.01
0 1.112593 0.399510 0.01 0.01
0 1.124490 0.370427 0.01 0.01
0 1.122507 0.362496 0.01 0.01
0 1.140353 0.342006 0.01 0.01
0 1.095407 0.347954 0.01 0.01
0 1.084832 0.349276 0.01 0.01
0 1.102678 0.355886 0.01 0.01
0 1.106644 0.360513 0.01 0.01
0 1.109288 0.365140 0.01 0.01
0 1.111271 0.373071 0.01 0.01
0 1.103339 0.369105 0.01 0.01
0 1.092764 0.363818 0.01 0.01
0 1.080866 0.363818 0.01 0.01
0 1.079544 0.355225 0.01 0.01
0 1.063681 0.363157 0.01 0.01
0 1.052444 0.372410 0.01 0.01
0 1.038564 0.378359 0.01 0.01
0 1.026006 0.368444 0.01 0.01
0 1.020057 0.376376 0.01 0.01
0 1.014108 0.377698 0.01 0.01
0 1.027989 0.374393 0.01 0.01
0 1.013447 0.371088 0.01 0.01
0 1.025345 0.386952 0.01 0.01
0 1.036581 0.384308 0.01 0.01
0 1.064342 0.396205 0.01 0.01
0 1.014769 0.406120 0.01 0.01
0 1.019396 0.433880 0.01 0.01
0 1.002211 0.431897 0.01 0.01
0 1.007499 0.437846 0.01 0.01
0 1.013447 0.442473 0.01 0.01
0 1.019396 0.443134 0.01 0.01
0 1.037242 0.423966 0.01 0.01
0 1.028650 0.419339 0.01 0.01
0 1.029972 0.411407 0.01 0.01
0 1.022040 0.416695 0.01 0.01
0 1.038564 0.409425 0.01 0.01
0 1.049140 0.404137 0.01 0.01
0 1.049140 0.420000 0.01 0.01
0 1.079544 0.427271 0.01 0.01
0 1.088137 0.428593 0.01 0.01
0 1.090120 0.420661 0.01 0.01
0 1.100034 0.421322 0.01 0.01
0 1.091442 0.408103 0.01 0.01
0 1.084832 0.406781 0.01 0.01
0 1.070291 0.405459 0.01 0.01
0 1.078222 0.396205 0.01 0.01
0 1.065664 0.402154 0.01 0.01
0 1.057071 0.421983 0.01 0.01
0 1.070291 0.414712 0.01 0.01
0 1.078222 0.415373 0.01 0.01
0 1.098712 0.413390 0.01 0.01
0 1.089459 0.375054 0.01 0.01
0 1.098051 0.378359 0.01 0.01
0 1.079544 0.372410 0.01 0.01
0 1.126473 0.404798 0.01 0.01
0 1.055749 0.441481 0.01 0.01
0 1.045174 0.444125 0.01 0.01
0 0.959248 0.462632 0.01 0.01
0 1.112593 0.352912 0.01 0.01
0 1.169436 0.568387 0.01 0.01
0 1.254040 0.457345 0.01 0.01
0 1.527888 0.868468 0.01 0.01
0 1.551864 0.927608 0.01 0.01
0 1.489526 0.806130 0.01 0.01
0 1.451165 0.858877 0.01 0.01
0 1.393622 0.846090 0.01 0.01
0 1.364851 0.862074 0.01 0.01
0 1.382434 0.809327 0.01 0.01
0 1.412803 0.777359 0.01 0.01
0 1.427189 0.754981 0.01 0.01
0 1.511904 0.766170 0.01 0.01
0 1.513502 0.785351 0.01 0.01
0 1.475141 0.793343 0.01 0.01
0 1.559856 0.780555 0.01 0.01
0 1.575840 0.761375 0.01 0.01
0 1.555061 0.727808 0.01 0.01
0 1.523093 0.710226 0.01 0.01
0 1.507109 0.740595 0.01 0.01
0 1.481534 0.735800 0.01 0.01
0 1.462354 0.699037 0.01 0.01
0 1.431984 0.655880 0.01 0.01
0 1.487928 0.671864 0.01 0.01
0 1.518298 0.671864 0.01 0.01
0 1.551864 0.655880 0.01 0.01
0 1.561455 0.647888 0.01 0.01
0 1.558258 0.683053 0.01 0.01
0 1.529487 0.692643 0.01 0.01
0 1.588627 0.711824 0.01 0.01
0 1.587029 0.638298 0.01 0.01
0 1.475141 0.654282 0.01 0.01
0 1.481534 0.643093 0.01 0.01
0 1.497518 0.646290 0.01 0.01
0 1.537479 0.778957 0.01 0.01
0 1.384032 0.440096 0.01 0.01
0 1.411205 0.425710 0.01 0.01
0 1.423992 0.422513 0.01 0.01
0 1.447968 0.427309 0.01 0.01
0 1.457558 0.398537 0.01 0.01
0 1.479936 0.400136 0.01 0.01
0 1.499117 0.411325 0.01 0.01
0 1.497518 0.393742 0.01 0.01
0 1.510306 0.427309 0.01 0.01
0 1.550266 0.432104 0.01 0.01
0 1.558258 0.406529 0.01 0.01
0 1.529487 0.409726 0.01 0.01
0 1.583832 0.406529 0.01 0.01
0 1.527888 0.384152 0.01 0.01
0 1.523093 0.371365 0.01 0.01
0 1.537479 0.377758 0.01 0.01
0 1.532683 0.364971 0.01 0.01
0 1.454362 0.379357 0.01 0.01
0 1.465550 0.379357 0.01 0.01
0 1.465550 0.369766 0.01 0.01
0 1.465550 0.361774 0.01 0.01
0 1.451165 0.356979 0.01 0.01
0 1.471944 0.352184 0.01 0.01
0 1.491125 0.360176 0.01 0.01
0 1.478338 0.366569 0.01 0.01
0 1.483133 0.372963 0.01 0.01
0 1.492723 0.371365 0.01 0.01
0 1.497518 0.363373 0.01 0.01
0 1.502314 0.358577 0.01 0.01
0 1.511904 0.371365 0.01 0.01
0 1.547069 0.387349 0.01 0.01
0 1.540675 0.366569 0.01 0.01
0 1.572643 0.392144 0.01 0.01
0 1.596619 0.411325 0.01 0.01
0 1.524691 0.655880 0.01 0.01
0 1.534282 0.641495 0.01 0.01
0 1.585431 0.686250 0.01 0.01
0 1.444771 0.746989 0.01 0.01
0 1.412803 0.726210 0.01 0.01
0 1.588627 0.766170 0.01 0.01
0 1.125091 0.379357 0.01 0.01
0 1.019596 0.347389 0.01 0.01
0 1.022793 0.353782 0.01 0.01
0 1.032384 0.353782 0.01 0.01
0 0.007808 0.214721 0.01 0.01
0 0.066949 0.222713 0.01 0.01
0 0.052563 0.227508 0.01 0.01
0 0.068547 0.241894 0.01 0.01
0 0.012603 0.366569 0.01 0.01
0 0.044571 0.361774 0.01 0.01
