0 0.097898 1.024658 0.01 0.01
0 0.013391 1.135456 0.01 0.01
0 0.659400 1.088508 0.01 0.01
0 0.800245 0.771137 0.01 0.01
0 0.563625 0.774893 0.01 0.01
0 0.537334 0.679118 0.01 0.01
0 0.047193 0.643438 0.01 0.01
0 0.188039 0.696020 0.01 0.01
0 0.285691 0.671607 0.01 0.01
0 0.343907 0.583344 0.01 0.01
0 0.317616 0.513860 0.01 0.01
0 0.180527 0.513860 0.01 0.01
0 0.056583 0.365503 0.01 0.01
0 0.064095 0.230292 0.01 0.01
0 0.244377 0.245316 0.01 0.01
0 0.306348 0.198367 0.01 0.01
0 0.296959 0.160808 0.01 0.01
0 0.342029 0.196489 0.01 0.01
0 0.432170 0.243438 0.01 0.01
0 0.373954 0.258461 0.01 0.01
0 0.443438 0.303531 0.01 0.01
0 0.526067 0.296020 0.01 0.01
0 0.576771 0.305409 0.01 0.01
0 0.482874 0.406818 0.01 0.01
0 0.413391 0.427475 0.01 0.01
0 0.313860 0.404940 0.01 0.01
0 0.439682 0.513860 0.01 0.01
0 0.646254 0.570198 0.01 0.01
0 0.721372 0.555175 0.01 0.01
0 0.880996 0.630292 0.01 0.01
0 1.224658 0.953297 0.01 0.01
0 1.339212 0.906348 0.01 0.01
0 1.573954 0.774893 0.01 0.01
0 1.446254 0.508226 0.01 0.01
0 1.588977 0.380527 0.01 0.01
0 0.770198 0.172076 0.01 0.01
0 0.717616 0.177710 0.01 0.01
0 0.967381 0.138273 0.01 0.01
0 0.995550 0.140151 0.01 0.01
0 1.025597 0.121372 0.01 0.01
0 1.044377 0.170198 0.01 0.01
0 1.100715 0.145785 0.01 0.01
0 1.149541 0.117616 0.01 0.01
0 1.121372 0.085691 0.01 0.01
0 1.070668 0.085691 0.01 0.01
0 1.322311 0.145785 0.01 0.01
0 1.583344 0.140151 0.01 0.01
0 1.555175 0.111982 0.01 0.01
0 1.495081 0.065034 0.01 0.01
0 1.530762 0.068790 0.01 0.01
0 1.568320 0.068790 0.01 0.01
0 1.076301 0.048132 0.01 0.01
0 1.158931 0.040621 0.01 0.01
0 1.051888 0.040621 0.01 0.01
0 0.927945 0.055644 0.01 0.01
0 0.531700 0.158931 0.01 0.01
0 0.522311 0.143907 0.01 0.01
0 0.471607 0.140151 0.01 0.01
0 0.432170 0.117616 0.01 0.01
0 0.390855 0.091325 0.01 0.01
0 0.323250 0.091325 0.01 0.01
0 0.336395 0.080057 0.01 0.01
0 0.739212 0.152827 0.01 0.01
0 0.794611 0.157522 0.01 0.01
0 0.669729 0.063625 0.01 0.01
0 0.655644 0.052358 0.01 0.01
0 0.588977 0.032639 0.01 0.01
0 0.545785 0.029823 0.01 0.01
0 0.552358 0.019494 0.01 0.01
0 0.520433 0.026067 0.01 0.01
0 0.502593 0.027006 0.01 0.01
0 0.491325 0.017616 0.01 0.01
0 0.448132 0.020433 0.01 0.01
0 0.431231 0.017616 0.01 0.01
0 0.401184 0.023250 0.01 0.01
0 0.415269 0.056114 0.01 0.01
0 0.373954 0.052358 0.01 0.01
0 0.361747 0.017616 0.01 0.01
0 0.335456 0.026067 0.01 0.01
0 0.026536 0.054236 0.01 0.01
0 0.043438 0.043907 0.01 0.01
0 0.022780 0.078649 0.01 0.01
0 0.070668 0.058931 0.01 0.01
0 0.116677 0.057053 0.01 0.01
0 0.124189 0.080527 0.01 0.01
0 0.113860 0.069259 0.01 0.01
0 0.131700 0.056114 0.01 0.01
0 0.135456 0.095550 0.01 0.01
0 0.154236 0.093672 0.01 0.01
0 0.175832 0.089916 0.01 0.01
0 0.214330 0.075832 0.01 0.01
0 0.242499 0.075832 0.01 0.01
0 0.261278 0.075832 0.01 0.01
0 0.274424 0.065503 0.01 0.01
0 0.184283 0.039212 0.01 0.01
0 0.157992 0.042968 0.01 0.01
0 0.121372 0.017616 0.01 0.01
0 0.154236 0.017616 0.01 0.01
0 0.183344 0.021372 0.01 0.01
0 0.261278 0.027006 0.01 0.01
0 0.283813 0.016677 0.01 0.01
0 0.142968 0.076771 0.01 0.01
0 1.051888 0.019494 0.01 0.01
0 0.961747 0.026067 0.01 0.01
0 1.196489 0.020433 0.01 0.01
0 1.496020 0.026067 0.01 0.01
0 0.220025 0.004841 0.01 0.01
0 0.253592 0.008037 0.01 0.01
0 0.518127 0.008137 0.01 0.01
0 0.602843 0.004141 0.01 0.01
0 0.916928 0.014531 0.01 0.01
0 0.932912 0.009736 0.01 0.01
0 1.044801 0.005740 0.01 0.01
0 1.071973 0.006539 0.01 0.01
0 1.385260 0.004841 0.01 0.01
0 1.151750 0.024158 0.01 0.01
0 1.099911 0.038539 0.01 0.01
0 1.265128 0.024493 0.01 0.01
0 1.278840 0.018473 0.01 0.01
0 1.176165 0.017469 0.01 0.01
0 1.168807 0.027168 0.01 0.01
