0 0.099786 0.211484 0.01 0.01
0 0.197493 0.185337 0.01 0.01
0 0.299328 0.207355 0.01 0.01
0 0.343364 0.218364 0.01 0.01
0 0.321346 0.237630 0.01 0.01
0 0.365383 0.274786 0.01 0.01
0 0.286942 0.269282 0.01 0.01
0 0.167218 0.371117 0.01 0.01
0 0.044741 0.368364 0.01 0.01
0 0.004832 0.355979 0.01 0.01
0 0.529144 0.401392 0.01 0.01
0 0.485107 0.448181 0.01 0.01
0 0.501621 0.197722 0.01 0.01
0 0.443823 0.122034 0.01 0.01
0 0.512630 0.139924 0.01 0.01
0 0.582814 0.139924 0.01 0.01
0 0.597952 0.163318 0.01 0.01
0 0.754832 0.216988 0.01 0.01
0 0.752080 0.314695 0.01 0.01
0 0.765841 0.426163 0.01 0.01
0 0.878685 0.526621 0.01 0.01
0 0.882814 0.243135 0.01 0.01
0 0.873181 0.172952 0.01 0.01
0 1.057585 0.305062 0.01 0.01
0 1.111254 0.278915 0.01 0.01
0 1.244741 0.329832 0.01 0.01
0 1.259878 0.285796 0.01 0.01
0 1.261254 0.411025 0.01 0.01
0 1.364465 0.618823 0.01 0.01
0 1.248869 0.197722 0.01 0.01
0 1.251621 0.106896 0.01 0.01
0 1.595658 0.131667 0.01 0.01
0 1.291185 0.078857 0.01 0.01
0 1.401621 0.091931 0.01 0.01
0 1.149500 0.063118 0.01 0.01
0 0.011369 0.036197 0.01 0.01
0 0.066759 0.036197 0.01 0.01
0 0.142447 0.040325 0.01 0.01
0 0.355348 0.022177 0.01 0.01
0 0.386484 0.026822 0.01 0.01
0 0.330062 0.020629 0.01 0.01
0 0.547149 0.013534 0.01 0.01
0 0.709706 0.054431 0.01 0.01
0 0.768364 0.009663 0.01 0.01
0 0.816616 0.009921 0.01 0.01
0 0.730434 0.005341 0.01 0.01
0 0.950876 0.009835 0.01 0.01
0 1.424325 0.011282 0.01 0.01
0 0.112620 0.021148 0.01 0.01
