0 0.026536 0.059400 0.01 0.01
0 0.167381 0.085691 0.01 0.01
0 0.141090 0.198367 0.01 0.01
0 0.005879 0.286630 0.01 0.01
0 0.238743 0.455644 0.01 0.01
0 0.173015 0.853766 0.01 0.01
0 0.372076 0.481935 0.01 0.01
0 0.563625 0.600245 0.01 0.01
0 0.743907 1.002123 0.01 0.01
0 0.856583 0.658461 0.01 0.01
0 0.644377 0.684752 0.01 0.01
0 0.544846 0.418085 0.01 0.01
0 0.546724 0.237804 0.01 0.01
0 0.462217 0.190855 0.01 0.01
0 0.409635 0.151419 0.01 0.01
0 0.407757 0.061278 0.01 0.01
0 0.496020 0.078179 0.01 0.01
0 0.559870 0.125128 0.01 0.01
0 0.644377 0.138273 0.01 0.01
0 0.666912 0.235926 0.01 0.01
0 0.713860 0.271607 0.01 0.01
0 0.802123 0.072546 0.01 0.01
0 0.858461 0.066912 0.01 0.01
0 0.830292 0.034987 0.01 0.01
0 0.959870 0.196489 0.01 0.01
0 1.027475 0.245316 0.01 0.01
0 0.933578 0.487569 0.01 0.01
0 1.265973 0.581466 0.01 0.01
0 1.314799 0.217147 0.01 0.01
0 1.384283 0.160808 0.01 0.01
0 1.551419 0.204001 0.01 0.01
0 0.179588 0.020433 0.01 0.01
