0 0.015180 1.078492 0.01 0.01
0 0.517778 0.429791 0.01 0.01
0 0.079466 0.285635 0.01 0.01
0 0.007388 0.293427 0.01 0.01
0 0.005440 0.336284 0.01 0.01
0 0.145700 0.188232 0.01 0.01
0 0.825570 0.238881 0.01 0.01
0 0.913232 0.318752 0.01 0.01
0 0.913232 0.196024 0.01 0.01
0 1.135310 0.324596 0.01 0.01
0 1.160635 0.449271 0.01 0.01
0 1.252193 0.437583 0.01 0.01
0 1.203492 0.268102 0.01 0.01
0 1.199596 0.223297 0.01 0.01
0 1.595050 0.164855 0.01 0.01
0 1.581414 0.127843 0.01 0.01
0 1.254141 0.114206 0.01 0.01
0 1.195700 0.106414 0.01 0.01
0 1.119726 0.065505 0.01 0.01
0 1.111933 0.051868 0.01 0.01
0 0.811933 0.141479 0.01 0.01
0 0.858687 0.061609 0.01 0.01
0 0.782713 0.102518 0.01 0.01
0 0.735959 0.079141 0.01 0.01
0 0.449596 0.075245 0.01 0.01
0 0.313232 0.065505 0.01 0.01
0 0.254791 0.032388 0.01 0.01
0 0.176868 0.042128 0.01 0.01
0 0.134011 0.053817 0.01 0.01
0 0.291804 0.012907 0.01 0.01
0 0.321024 0.012907 0.01 0.01
0 0.400894 0.014855 0.01 0.01
0 0.492453 0.046024 0.01 0.01
0 0.521674 0.046024 0.01 0.01
0 0.558687 0.024596 0.01 0.01
0 0.611284 0.024596 0.01 0.01
0 0.675570 0.053817 0.01 0.01
0 1.308687 0.032875 0.01 0.01
0 1.335959 0.034823 0.01 0.01
0 1.238557 0.029953 0.01 0.01
0 1.588881 0.075732 0.01 0.01
0 1.560635 0.073784 0.01 0.01
0 1.583037 0.036771 0.01 0.01
0 1.503167 0.067940 0.01 0.01
0 1.483687 0.061122 0.01 0.01
0 1.422323 0.032875 0.01 0.01
0 1.384336 0.020213 0.01 0.01
0 0.512533 0.819226 0.01 0.01
0 0.548071 0.091382 0.01 0.01
0 0.658439 0.027837 0.01 0.01
0 0.748740 0.091048 0.01 0.01
0 0.676834 0.095730 0.01 0.01
0 0.631683 0.092720 0.01 0.01
0 1.597570 0.070981 0.01 0.01
0 1.576499 0.094392 0.01 0.01
