0 0.464951 1.182598 0.01 0.01
0 0.439283 1.090619 0.01 0.01
0 0.847839 0.807197 0.01 0.01
0 0.849978 0.685272 0.01 0.01
0 0.435004 0.489550 0.01 0.01
0 0.361208 0.471368 0.01 0.01
0 0.282063 0.411475 0.01 0.01
0 0.205058 0.293828 0.01 0.01
0 0.217892 0.259603 0.01 0.01
0 0.385807 0.189015 0.01 0.01
0 0.438213 0.363347 0.01 0.01
0 0.710940 0.205058 0.01 0.01
0 0.950512 0.228587 0.01 0.01
0 0.912010 0.181529 0.01 0.01
0 1.017892 0.291689 0.01 0.01
0 1.193293 0.203988 0.01 0.01
0 1.241422 0.224309 0.01 0.01
0 1.303454 0.457464 0.01 0.01
0 1.426448 0.484202 0.01 0.01
0 0.013881 0.139550 0.01 0.01
0 0.067357 0.141154 0.01 0.01
0 0.335272 0.094095 0.01 0.01
0 0.565887 0.048507 0.01 0.01
0 1.017625 0.150780 0.01 0.01
0 1.385539 0.125111 0.01 0.01
0 1.464684 0.134737 0.01 0.01
0 1.063480 0.082732 0.01 0.01
0 1.525919 0.024021 0.01 0.01
0 0.007438 0.019226 0.01 0.01
0 0.042603 0.012833 0.01 0.01
0 0.087358 0.016029 0.01 0.01
0 0.665979 0.028817 0.01 0.01
0 0.689955 0.022423 0.01 0.01
0 0.789056 0.008037 0.01 0.01
0 0.415630 0.062118 0.01 0.01
