0 0.308269 0.698875 0.01 0.01
0 0.240167 0.673044 0.01 0.01
0 0.482045 0.658954 0.01 0.01
0 0.543102 0.748190 0.01 0.01
0 0.500832 1.013552 0.01 0.01
0 0.423337 0.968934 0.01 0.01
0 0.625294 0.635470 0.01 0.01
0 0.871869 0.731752 0.01 0.01
0 0.895353 0.579110 0.01 0.01
0 1.010421 0.565020 0.01 0.01
0 0.956409 0.459345 0.01 0.01
0 0.815509 0.492222 0.01 0.01
0 0.698092 0.445255 0.01 0.01
0 0.491439 0.492222 0.01 0.01
0 0.611204 0.494570 0.01 0.01
0 0.813161 0.438210 0.01 0.01
0 0.841341 0.379501 0.01 0.01
0 0.794374 0.356018 0.01 0.01
0 0.740363 0.332535 0.01 0.01
0 0.632339 0.377153 0.01 0.01
0 0.564237 0.365411 0.01 0.01
0 0.484394 0.365411 0.01 0.01
0 0.451517 0.417075 0.01 0.01
0 0.390460 0.412378 0.01 0.01
0 0.352887 0.398288 0.01 0.01
0 0.343494 0.482828 0.01 0.01
0 0.188503 0.480480 0.01 0.01
0 0.111008 0.454648 0.01 0.01
0 0.047603 0.311400 0.01 0.01
0 0.129795 0.290265 0.01 0.01
0 0.085177 0.278523 0.01 0.01
0 0.073435 0.252691 0.01 0.01
0 0.049952 0.229208 0.01 0.01
0 0.019423 0.250343 0.01 0.01
0 0.125098 0.224511 0.01 0.01
0 0.136840 0.266781 0.01 0.01
0 0.294179 0.285568 0.01 0.01
0 0.324707 0.273826 0.01 0.01
0 0.350539 0.269130 0.01 0.01
0 0.336449 0.233905 0.01 0.01
0 0.388112 0.252691 0.01 0.01
0 0.529012 0.132926 0.01 0.01
0 0.550147 0.142319 0.01 0.01
0 0.463259 0.224511 0.01 0.01
0 0.432730 0.250343 0.01 0.01
0 0.493787 0.250343 0.01 0.01
0 0.423337 0.280871 0.01 0.01
0 0.371674 0.327838 0.01 0.01
0 0.315314 0.339580 0.01 0.01
0 0.475000 0.294961 0.01 0.01
0 0.521967 0.311400 0.01 0.01
0 0.552496 0.278523 0.01 0.01
0 0.590069 0.233905 0.01 0.01
0 0.700441 0.229208 0.01 0.01
0 0.738014 0.229208 0.01 0.01
0 0.942319 0.388895 0.01 0.01
0 0.921184 0.311400 0.01 0.01
0 1.005725 0.316096 0.01 0.01
0 1.066781 0.379501 0.01 0.01
0 1.118445 0.318445 0.01 0.01
0 1.163063 0.294961 0.01 0.01
0 1.127838 0.224511 0.01 0.01
0 1.059736 0.252691 0.01 0.01
0 1.024511 0.215118 0.01 0.01
0 0.996331 0.219815 0.01 0.01
0 0.871869 0.247995 0.01 0.01
0 0.918836 0.198680 0.01 0.01
0 0.841341 0.198680 0.01 0.01
0 0.794374 0.205725 0.01 0.01
0 0.782633 0.302006 0.01 0.01
0 0.747408 0.294961 0.01 0.01
0 0.935274 0.175196 0.01 0.01
0 0.947016 0.168151 0.01 0.01
0 0.909443 0.161106 0.01 0.01
0 0.977545 0.189286 0.01 0.01
0 1.031556 0.191635 0.01 0.01
0 1.080871 0.189286 0.01 0.01
0 1.264042 0.264433 0.01 0.01
0 1.282828 0.294961 0.01 0.01
0 1.393200 0.332535 0.01 0.01
0 1.465999 0.332535 0.01 0.01
0 1.477740 0.454648 0.01 0.01
0 1.512965 0.201028 0.01 0.01
0 1.419032 0.208073 0.01 0.01
0 1.104355 0.144668 0.01 0.01
0 1.080871 0.139971 0.01 0.01
0 1.055040 0.139971 0.01 0.01
0 1.024511 0.123533 0.01 0.01
0 1.047995 0.093004 0.01 0.01
0 1.099658 0.100049 0.01 0.01
0 1.137231 0.067173 0.01 0.01
0 1.151321 0.111791 0.01 0.01
0 0.953692 0.127917 0.01 0.01
0 1.079965 0.060785 0.01 0.01
0 1.118327 0.086459 0.01 0.01
0 1.132713 0.089656 0.01 0.01
0 1.150295 0.089656 0.01 0.01
0 1.119126 0.114431 0.01 0.01
0 1.076769 0.084061 0.01 0.01
0 1.060785 0.092053 0.01 0.01
0 1.015230 0.092053 0.01 0.01
0 1.005640 0.100844 0.01 0.01
0 1.020825 0.114431 0.01 0.01
0 1.054391 0.118427 0.01 0.01
0 1.080765 0.100844 0.01 0.01
0 1.145500 0.155190 0.01 0.01
0 1.156689 0.164781 0.01 0.01
0 1.111933 0.173572 0.01 0.01
0 1.313332 0.303842 0.01 0.01
0 1.370874 0.198347 0.01 0.01
0 0.981664 0.126419 0.01 0.01
0 0.994451 0.182363 0.01 0.01
0 0.863382 0.219126 0.01 0.01
0 0.873772 0.191953 0.01 0.01
0 0.883362 0.185560 0.01 0.01
0 0.731514 0.442902 0.01 0.01
0 0.743502 0.110435 0.01 0.01
0 0.605240 0.240705 0.01 0.01
0 0.482962 0.231913 0.01 0.01
0 0.366279 0.260685 0.01 0.01
0 0.349496 0.364581 0.01 0.01
0 0.106139 0.391254 0.01 0.01
0 0.105340 0.414431 0.01 0.01
0 0.135362 0.387536 0.01 0.01
0 0.101248 0.238372 0.01 0.01
0 1.105262 0.089710 0.01 0.01
0 1.148406 0.186700 0.01 0.01
0 1.597570 0.540713 0.01 0.01
0 1.500245 0.194559 0.01 0.01
0 1.455763 0.203924 0.01 0.01
0 1.130680 0.274493 0.01 0.01
0 1.476499 0.209275 0.01 0.01
