0 0.134492 1.149756 0.01 0.01
0 0.049952 1.055822 0.01 0.01
0 0.061693 0.752887 0.01 0.01
0 0.019423 0.673044 0.01 0.01
0 0.369325 0.825685 0.01 0.01
0 0.526664 0.792809 0.01 0.01
0 0.557192 0.611987 0.01 0.01
0 0.676957 0.590852 0.01 0.01
0 0.914139 0.752887 0.01 0.01
0 1.057388 0.694179 0.01 0.01
0 1.454257 0.459345 0.01 0.01
0 1.529404 0.356018 0.01 0.01
0 1.301615 0.356018 0.01 0.01
0 1.294570 0.229208 0.01 0.01
0 1.179501 0.262085 0.01 0.01
0 1.360323 0.210421 0.01 0.01
0 1.456605 0.262085 0.01 0.01
0 1.505920 0.165803 0.01 0.01
0 1.463650 0.144668 0.01 0.01
0 1.597505 0.048386 0.01 0.01
0 1.581067 0.020206 0.01 0.01
0 1.487134 0.024903 0.01 0.01
0 1.313357 0.034296 0.01 0.01
0 1.308660 0.015509 0.01 0.01
0 1.249952 0.100049 0.01 0.01
0 1.249952 0.161106 0.01 0.01
0 1.181850 0.125881 0.01 0.01
0 1.012770 0.175196 0.01 0.01
0 1.144276 0.060128 0.01 0.01
0 1.024511 0.010813 0.01 0.01
0 0.991635 0.029599 0.01 0.01
0 0.893004 0.027251 0.01 0.01
0 0.862476 0.118836 0.01 0.01
0 0.871869 0.142319 0.01 0.01
0 0.925881 0.168151 0.01 0.01
0 0.925881 0.135274 0.01 0.01
0 0.874218 0.262085 0.01 0.01
0 0.644081 0.245646 0.01 0.01
0 0.578327 0.264433 0.01 0.01
0 0.583024 0.367760 0.01 0.01
0 0.538406 0.398288 0.01 0.01
0 0.395157 0.384198 0.01 0.01
0 0.402202 0.266781 0.01 0.01
0 0.317662 0.236253 0.01 0.01
0 0.258954 0.356018 0.01 0.01
0 0.247212 0.461693 0.01 0.01
0 0.082828 0.414727 0.01 0.01
0 0.054648 0.482828 0.01 0.01
0 0.005333 0.377153 0.01 0.01
0 0.101615 0.311400 0.01 0.01
0 0.017075 0.219815 0.01 0.01
0 0.047603 0.198680 0.01 0.01
0 0.040558 0.142319 0.01 0.01
0 0.007681 0.060128 0.01 0.01
0 0.021772 0.027251 0.01 0.01
0 0.049952 0.034296 0.01 0.01
0 0.089873 0.008464 0.01 0.01
0 0.089873 0.083611 0.01 0.01
0 0.125098 0.132926 0.01 0.01
0 0.270695 0.085959 0.01 0.01
0 0.244863 0.116488 0.01 0.01
0 0.338797 0.144668 0.01 0.01
0 0.442124 0.093004 0.01 0.01
0 0.453865 0.064824 0.01 0.01
0 0.590069 0.149364 0.01 0.01
0 0.583024 0.111791 0.01 0.01
0 0.554844 0.029599 0.01 0.01
0 0.639384 0.013161 0.01 0.01
0 0.648777 0.149364 0.01 0.01
0 0.639384 0.118836 0.01 0.01
0 0.780284 0.116488 0.01 0.01
0 0.801419 0.076566 0.01 0.01
0 0.813161 0.027251 0.01 0.01
0 0.855431 0.003768 0.01 0.01
0 0.397505 0.093004 0.01 0.01
0 0.989286 0.050734 0.01 0.01
0 0.249196 0.095250 0.01 0.01
0 0.126119 0.156789 0.01 0.01
0 0.098946 0.013732 0.01 0.01
0 0.109336 0.024920 0.01 0.01
0 0.125320 0.026519 0.01 0.01
0 0.048597 0.013732 0.01 0.01
0 0.036609 0.020125 0.01 0.01
0 0.572073 0.016928 0.01 0.01
0 0.729516 0.033712 0.01 0.01
0 0.721524 0.024920 0.01 0.01
0 0.732713 0.097648 0.01 0.01
0 0.791054 0.072872 0.01 0.01
0 0.795050 0.031314 0.01 0.01
0 0.783062 0.019326 0.01 0.01
0 0.775070 0.005740 0.01 0.01
0 0.466579 0.019326 0.01 0.01
0 0.428217 0.108837 0.01 0.01
0 0.218027 0.023322 0.01 0.01
0 0.193252 0.022523 0.01 0.01
0 0.481764 0.044900 0.01 0.01
0 0.511334 0.214331 0.01 0.01
0 0.544900 0.169576 0.01 0.01
0 0.493752 0.318227 0.01 0.01
0 0.683562 0.011334 0.01 0.01
0 0.679566 0.036908 0.01 0.01
0 0.657188 0.036908 0.01 0.01
0 0.669176 0.071274 0.01 0.01
0 0.681963 0.089656 0.01 0.01
0 0.608437 0.075270 0.01 0.01
0 0.624421 0.092053 0.01 0.01
0 0.439006 0.062483 0.01 0.01
0 1.055190 0.039306 0.01 0.01
0 1.074371 0.039306 0.01 0.01
0 1.105540 0.081664 0.01 0.01
0 0.511734 0.124021 0.01 0.01
0 0.469376 0.095250 0.01 0.01
0 0.436609 0.006539 0.01 0.01
0 0.395050 0.002543 0.01 0.01
0 0.886958 0.212733 0.01 0.01
0 1.442403 0.032113 0.01 0.01
0 1.348896 0.036908 0.01 0.01
0 1.569076 0.127917 0.01 0.01
0 1.583462 0.207838 0.01 0.01
0 0.138038 0.566466 0.01 0.01
0 0.158105 0.278172 0.01 0.01
0 0.237703 0.273489 0.01 0.01
0 0.252753 0.154426 0.01 0.01
0 0.270814 0.155763 0.01 0.01
0 0.185195 0.112285 0.01 0.01
0 0.193891 0.113623 0.01 0.01
0 0.104258 0.139376 0.01 0.01
0 0.087202 0.128004 0.01 0.01
0 0.168473 0.102252 0.01 0.01
0 0.070814 0.164459 0.01 0.01
0 0.137034 0.011951 0.01 0.01
0 0.209944 0.007269 0.01 0.01
0 0.237034 0.017302 0.01 0.01
0 0.241717 0.011282 0.01 0.01
0 0.192218 0.052753 0.01 0.01
0 0.198573 0.043054 0.01 0.01
0 0.206934 0.070479 0.01 0.01
0 0.219309 0.075830 0.01 0.01
0 0.254426 0.067804 0.01 0.01
0 0.335362 0.060780 0.01 0.01
0 0.372151 0.053422 0.01 0.01
0 0.670814 0.107770 0.01 0.01
0 0.634024 0.152252 0.01 0.01
0 0.736031 0.129175 0.01 0.01
0 0.763456 0.083355 0.01 0.01
0 0.762452 0.036198 0.01 0.01
0 0.740713 0.004426 0.01 0.01
0 0.287202 0.178004 0.01 0.01
0 0.596566 0.034860 0.01 0.01
0 0.576499 0.051248 0.01 0.01
0 0.545061 0.094058 0.01 0.01
0 0.516968 0.008439 0.01 0.01
0 0.482854 0.006767 0.01 0.01
0 0.506600 0.007854 0.01 0.01
0 0.533355 0.003172 0.01 0.01
0 0.395730 0.048322 0.01 0.01
0 1.083188 0.135864 0.01 0.01
0 1.168473 0.084024 0.01 0.01
0 1.169810 0.063289 0.01 0.01
0 1.184526 0.052586 0.01 0.01
0 1.236365 0.202085 0.01 0.01
0 0.880178 0.197737 0.01 0.01
0 1.304593 0.163957 0.01 0.01
0 1.286867 0.011449 0.01 0.01
0 1.332352 0.004426 0.01 0.01
0 1.155429 0.329008 0.01 0.01
0 1.243054 0.401248 0.01 0.01
0 1.170145 0.516299 0.01 0.01
0 1.364125 0.522988 0.01 0.01
0 1.500245 0.022151 0.01 0.01
0 1.483857 0.118138 0.01 0.01
0 1.466131 0.080345 0.01 0.01
0 1.550412 0.048238 0.01 0.01
0 1.565462 0.047570 0.01 0.01
0 1.531349 0.070981 0.01 0.01
0 1.065964 0.004175 0.01 0.01
0 1.053255 0.002001 0.01 0.01
0 1.103924 0.003004 0.01 0.01
0 1.128673 0.067636 0.01 0.01
0 1.069476 0.091048 0.01 0.01
0 0.859108 0.030178 0.01 0.01
0 0.378840 0.025496 0.01 0.01
0 0.436365 0.156098 0.01 0.01
0 0.456098 0.157770 0.01 0.01
0 0.409275 0.129677 0.01 0.01
