0 0.079466 0.961609 0.01 0.01
0 1.324271 1.059011 0.01 0.01
0 1.335959 0.883687 0.01 0.01
0 1.273622 0.610959 0.01 0.01
0 0.346349 0.531089 0.01 0.01
0 0.498297 0.484336 0.01 0.01
0 0.632713 0.310959 0.01 0.01
0 0.687258 0.351868 0.01 0.01
0 0.424271 0.270050 0.01 0.01
0 1.559985 0.250570 0.01 0.01
0 1.458687 0.203817 0.01 0.01
0 1.357388 0.217453 0.01 0.01
0 1.137258 0.196024 0.01 0.01
0 1.127490 0.005173 0.01 0.01
0 1.191218 0.009771 0.01 0.01
0 1.229981 0.002545 0.01 0.01
0 1.226039 0.080727 0.01 0.01
0 1.155741 0.104379 0.01 0.01
0 1.095297 0.108977 0.01 0.01
0 1.254947 0.032766 0.01 0.01
0 1.280570 0.038679 0.01 0.01
0 1.308163 0.054447 0.01 0.01
0 1.352182 0.020283 0.01 0.01
0 1.327873 0.003859 0.01 0.01
0 1.559792 0.024882 0.01 0.01
0 1.407369 0.084669 0.01 0.01
0 1.162968 0.075471 0.01 0.01
0 1.159683 0.163508 0.01 0.01
0 0.632713 0.106414 0.01 0.01
0 0.139855 0.213557 0.01 0.01
0 0.036609 0.196024 0.01 0.01
0 0.174920 0.211609 0.01 0.01
0 0.024722 0.010918 0.01 0.01
0 0.004230 0.040803 0.01 0.01
0 0.064000 0.098011 0.01 0.01
0 0.052899 0.047634 0.01 0.01
0 0.116938 0.015188 0.01 0.01
0 0.136577 0.022872 0.01 0.01
0 0.136577 0.050196 0.01 0.01
0 0.156216 0.068126 0.01 0.01
0 0.171585 0.008357 0.01 0.01
0 0.193785 0.005795 0.01 0.01
0 0.221109 0.020311 0.01 0.01
0 0.233063 0.003234 0.01 0.01
0 0.255263 0.005795 0.01 0.01
0 0.345771 0.044219 0.01 0.01
0 0.321863 0.040803 0.01 0.01
0 0.322717 0.083496 0.01 0.01
0 0.300517 0.127896 0.01 0.01
0 0.420910 0.020311 0.01 0.01
0 0.398710 0.008357 0.01 0.01
0 0.432864 0.005795 0.01 0.01
0 0.491780 0.046780 0.01 0.01
0 0.630105 0.058734 0.01 0.01
0 0.632666 0.009211 0.01 0.01
0 0.668528 0.020311 0.01 0.01
0 0.664259 0.059588 0.01 0.01
0 0.695851 0.015188 0.01 0.01
0 0.774920 0.010959 0.01 0.01
0 0.400645 0.038407 0.01 0.01
