0 0.036117 0.732353 0.01 0.01
0 0.188638 0.826212 0.01 0.01
0 0.251699 0.723554 0.01 0.01
0 0.272231 0.581299 0.01 0.01
0 0.006786 0.600364 0.01 0.01
0 0.121176 0.434645 0.01 0.01
0 0.273697 0.441978 0.01 0.01
0 0.327959 0.461043 0.01 0.01
0 0.420352 0.465442 0.01 0.01
0 0.439417 0.584232 0.01 0.01
0 0.386621 0.575433 0.01 0.01
0 0.303028 0.368650 0.01 0.01
0 0.335292 0.346652 0.01 0.01
0 0.414485 0.339320 0.01 0.01
0 0.203303 0.359851 0.01 0.01
0 0.083046 0.339320 0.01 0.01
0 0.134375 0.320254 0.01 0.01
0 0.003853 0.238128 0.01 0.01
0 0.049316 0.241061 0.01 0.01
0 0.185704 0.260126 0.01 0.01
0 0.238500 0.270392 0.01 0.01
0 0.200370 0.211730 0.01 0.01
0 0.128509 0.179466 0.01 0.01
0 0.168106 0.135470 0.01 0.01
0 0.044916 0.153068 0.01 0.01
0 0.012652 0.051877 0.01 0.01
0 0.044916 0.073875 0.01 0.01
0 0.043450 0.007880 0.01 0.01
0 0.014119 0.015213 0.01 0.01
0 0.093312 0.031345 0.01 0.01
0 0.140242 0.069475 0.01 0.01
0 0.191571 0.081208 0.01 0.01
0 0.119343 0.001100 0.01 0.01
0 0.159673 0.050230 0.01 0.01
0 0.216869 0.042164 0.01 0.01
0 0.223468 0.083960 0.01 0.01
0 0.229334 0.147022 0.01 0.01
0 0.186804 0.111091 0.01 0.01
0 0.279197 0.140422 0.01 0.01
0 0.271131 0.079561 0.01 0.01
0 0.296062 0.092759 0.01 0.01
0 0.309261 0.069295 0.01 0.01
0 0.326126 0.075161 0.01 0.01
0 0.323193 0.021632 0.01 0.01
0 0.340058 0.026032 0.01 0.01
0 0.378188 0.020899 0.01 0.01
0 0.405319 0.010633 0.01 0.01
0 0.362790 0.054629 0.01 0.01
0 0.387721 0.105958 0.01 0.01
0 0.376722 0.153621 0.01 0.01
0 0.387721 0.197617 0.01 0.01
0 0.348124 0.171220 0.01 0.01
0 0.345191 0.207883 0.01 0.01
0 0.301195 0.211550 0.01 0.01
0 0.304861 0.262145 0.01 0.01
0 0.424385 0.272411 0.01 0.01
0 0.442716 0.207883 0.01 0.01
0 0.436117 0.122090 0.01 0.01
0 0.472781 0.122090 0.01 0.01
0 0.494045 0.114024 0.01 0.01
0 0.468381 0.081760 0.01 0.01
0 0.434650 0.044363 0.01 0.01
0 0.450049 0.012833 0.01 0.01
0 0.472781 0.002567 0.01 0.01
0 0.491846 0.050963 0.01 0.01
0 0.526309 0.012100 0.01 0.01
0 0.549774 0.059762 0.01 0.01
0 0.543908 0.022365 0.01 0.01
0 0.575439 0.028231 0.01 0.01
0 0.573972 0.058296 0.01 0.01
0 0.597437 0.030431 0.01 0.01
0 0.600370 0.005500 0.01 0.01
0 0.605503 0.061229 0.01 0.01
0 0.557107 0.097892 0.01 0.01
0 0.592304 0.093493 0.01 0.01
0 0.569572 0.136756 0.01 0.01
0 0.496245 0.163154 0.01 0.01
0 0.474980 0.176352 0.01 0.01
0 0.455915 0.157287 0.01 0.01
0 0.525576 0.169753 0.01 0.01
0 0.518243 0.222549 0.01 0.01
0 0.515310 0.273878 0.01 0.01
0 0.486713 0.367003 0.01 0.01
0 0.431717 0.377269 0.01 0.01
0 0.547574 0.298076 0.01 0.01
0 0.601836 0.280477 0.01 0.01
0 0.590104 0.232814 0.01 0.01
0 0.625301 0.242347 0.01 0.01
0 0.619435 0.173419 0.01 0.01
0 0.632634 0.194684 0.01 0.01
0 0.653165 0.133823 0.01 0.01
0 0.610636 0.099359 0.01 0.01
0 0.653899 0.094226 0.01 0.01
0 0.639967 0.072228 0.01 0.01
0 0.664898 0.037031 0.01 0.01
0 0.670031 0.067828 0.01 0.01
0 0.650232 0.061962 0.01 0.01
0 0.664898 0.005500 0.01 0.01
0 0.694229 0.014299 0.01 0.01
0 0.677363 0.025298 0.01 0.01
0 0.686163 0.048763 0.01 0.01
0 0.722826 0.047297 0.01 0.01
0 0.703761 0.070028 0.01 0.01
0 0.739692 0.030431 0.01 0.01
0 0.760223 0.045830 0.01 0.01
0 0.733092 0.092026 0.01 0.01
0 0.749957 0.088360 0.01 0.01
0 0.718427 0.115491 0.01 0.01
0 0.746291 0.122090 0.01 0.01
0 0.692029 0.138956 0.01 0.01
0 0.663431 0.166820 0.01 0.01
0 0.654632 0.230615 0.01 0.01
0 0.667098 0.248946 0.01 0.01
0 0.704495 0.254079 0.01 0.01
0 0.670764 0.301742 0.01 0.01
0 0.640700 0.306875 0.01 0.01
0 0.657565 0.367003 0.01 0.01
0 0.637767 0.426398 0.01 0.01
0 0.719893 0.371403 0.01 0.01
0 0.769756 0.366270 0.01 0.01
0 0.752157 0.295143 0.01 0.01
0 0.761690 0.211550 0.01 0.01
0 0.760957 0.161687 0.01 0.01
0 0.503945 0.573967 0.01 0.01
0 0.550874 0.452243 0.01 0.01
0 0.603670 0.590099 0.01 0.01
0 0.540608 0.541703 0.01 0.01
0 0.643266 0.691290 0.01 0.01
0 0.521543 0.857010 0.01 0.01
0 0.616869 0.862876 0.01 0.01
0 0.740058 0.870209 0.01 0.01
0 0.698995 0.720621 0.01 0.01
0 0.779655 0.701556 0.01 0.01
0 0.738592 0.566634 0.01 0.01
0 0.712194 0.525571 0.01 0.01
0 0.798720 0.541703 0.01 0.01
0 0.674064 0.441978 0.01 0.01
0 0.737125 0.452243 0.01 0.01
0 0.767923 0.481574 0.01 0.01
0 0.803120 0.375983 0.01 0.01
0 0.789921 0.370117 0.01 0.01
0 0.872047 0.296790 0.01 0.01
0 0.806053 0.254260 0.01 0.01
0 0.800187 0.201464 0.01 0.01
0 0.825118 0.211730 0.01 0.01
0 0.852982 0.260126 0.01 0.01
0 0.876447 0.452243 0.01 0.01
0 0.877913 0.546102 0.01 0.01
0 0.874980 0.689824 0.01 0.01
0 0.873514 0.774883 0.01 0.01
0 0.924843 0.799814 0.01 0.01
0 1.112561 0.837945 0.01 0.01
0 1.112561 0.785149 0.01 0.01
0 1.149224 0.758751 0.01 0.01
0 1.046566 0.670759 0.01 0.01
0 1.090562 0.641428 0.01 0.01
0 1.138958 0.651693 0.01 0.01
0 1.207886 0.666359 0.01 0.01
0 0.958573 0.514572 0.01 0.01
0 0.995970 0.528504 0.01 0.01
0 0.984971 0.411913 0.01 0.01
0 1.032634 0.450044 0.01 0.01
0 1.026034 0.389915 0.01 0.01
0 1.043633 0.381849 0.01 0.01
0 1.059765 0.388449 0.01 0.01
0 1.091296 0.391382 0.01 0.01
0 1.127959 0.385516 0.01 0.01
0 1.127226 0.439045 0.01 0.01
0 1.168289 0.432445 0.01 0.01
0 1.129426 0.533637 0.01 0.01
0 1.088363 0.533637 0.01 0.01
0 1.147758 0.530704 0.01 0.01
0 1.184421 0.520438 0.01 0.01
0 1.240150 0.530704 0.01 0.01
0 1.267281 0.527037 0.01 0.01
0 1.292946 0.534370 0.01 0.01
0 1.310544 0.606964 0.01 0.01
0 1.203486 0.756551 0.01 0.01
0 1.188088 0.434645 0.01 0.01
0 1.230617 0.441244 0.01 0.01
0 1.265814 0.446377 0.01 0.01
0 1.225484 0.391382 0.01 0.01
0 1.191021 0.376716 0.01 0.01
0 1.344275 0.754352 0.01 0.01
0 1.389737 0.764617 0.01 0.01
0 1.386804 0.710355 0.01 0.01
0 1.424935 0.714755 0.01 0.01
0 1.489462 0.613563 0.01 0.01
0 1.520260 0.695690 0.01 0.01
0 1.526126 0.587166 0.01 0.01
0 1.433734 0.609164 0.01 0.01
0 1.357107 0.516771 0.01 0.01
0 1.316044 0.496973 0.01 0.01
0 1.390837 0.511638 0.01 0.01
0 1.456099 0.513838 0.01 0.01
0 1.462698 0.488907 0.01 0.01
0 1.470764 0.484507 0.01 0.01
0 1.512561 0.436111 0.01 0.01
0 1.557290 0.378916 0.01 0.01
0 1.566823 0.444177 0.01 0.01
0 1.566823 0.492573 0.01 0.01
0 1.498628 0.400914 0.01 0.01
0 1.494962 0.340053 0.01 0.01
0 1.523560 0.342986 0.01 0.01
0 1.542625 0.349585 0.01 0.01
0 1.431901 0.394315 0.01 0.01
0 1.457565 0.406781 0.01 0.01
0 1.462698 0.348852 0.01 0.01
0 1.417968 0.439778 0.01 0.01
0 1.387904 0.395048 0.01 0.01
0 1.391571 0.455910 0.01 0.01
0 1.375439 0.450777 0.01 0.01
0 1.357840 0.446377 0.01 0.01
0 1.332176 0.450777 0.01 0.01
0 1.278647 0.351052 0.01 0.01
0 1.324110 0.392115 0.01 0.01
0 0.939508 0.328320 0.01 0.01
0 0.964440 0.315122 0.01 0.01
0 0.898445 0.296056 0.01 0.01
0 0.904311 0.251327 0.01 0.01
0 0.932176 0.238128 0.01 0.01
0 0.803120 0.158935 0.01 0.01
0 0.822185 0.170667 0.01 0.01
0 0.840517 0.167001 0.01 0.01
0 0.872047 0.178733 0.01 0.01
0 0.899912 0.191199 0.01 0.01
0 0.950507 0.187532 0.01 0.01
0 0.954907 0.203664 0.01 0.01
0 0.990104 0.191932 0.01 0.01
0 1.028234 0.201464 0.01 0.01
0 1.016502 0.218330 0.01 0.01
0 1.003303 0.259393 0.01 0.01
0 1.012836 0.267459 0.01 0.01
0 1.028234 0.275525 0.01 0.01
0 1.067098 0.259393 0.01 0.01
0 1.104495 0.272592 0.01 0.01
0 1.080297 0.274058 0.01 0.01
0 1.092029 0.320254 0.01 0.01
0 1.123560 0.320254 0.01 0.01
0 1.134559 0.280658 0.01 0.01
0 1.152891 0.289457 0.01 0.01
0 1.152891 0.329054 0.01 0.01
0 1.206419 0.341519 0.01 0.01
0 1.231351 0.341519 0.01 0.01
0 1.256282 0.320254 0.01 0.01
0 1.289279 0.282124 0.01 0.01
0 1.316410 0.338586 0.01 0.01
0 1.251149 0.247660 0.01 0.01
0 1.239417 0.255726 0.01 0.01
0 1.263615 0.263792 0.01 0.01
0 1.246749 0.221263 0.01 0.01
0 1.265814 0.216130 0.01 0.01
0 1.259215 0.184599 0.01 0.01
0 1.292212 0.192665 0.01 0.01
0 1.280480 0.154535 0.01 0.01
0 1.254082 0.156735 0.01 0.01
0 1.287079 0.123004 0.01 0.01
0 1.168289 0.153068 0.01 0.01
0 1.207886 0.123004 0.01 0.01
0 1.163890 0.190465 0.01 0.01
0 1.177822 0.206597 0.01 0.01
0 1.225484 0.183133 0.01 0.01
0 1.182221 0.249860 0.01 0.01
0 1.151424 0.249127 0.01 0.01
0 1.117693 0.242528 0.01 0.01
0 1.083230 0.229329 0.01 0.01
0 1.058298 0.211730 0.01 0.01
0 1.039967 0.170667 0.01 0.01
0 1.072231 0.177266 0.01 0.01
0 1.099362 0.175067 0.01 0.01
0 1.145558 0.175067 0.01 0.01
0 1.124293 0.117138 0.01 0.01
0 1.138225 0.117871 0.01 0.01
0 1.021635 0.126671 0.01 0.01
0 0.984238 0.161868 0.01 0.01
0 0.940975 0.131803 0.01 0.01
0 0.914577 0.155268 0.01 0.01
0 0.914577 0.174333 0.01 0.01
0 0.885246 0.141336 0.01 0.01
0 0.851516 0.131803 0.01 0.01
0 0.911644 0.128137 0.01 0.01
0 0.942441 0.106872 0.01 0.01
0 0.825851 0.126671 0.01 0.01
0 0.760590 0.126671 0.01 0.01
0 0.776722 0.121538 0.01 0.01
0 0.795054 0.123004 0.01 0.01
0 0.862515 0.109805 0.01 0.01
0 0.774522 0.024565 0.01 0.01
0 0.789921 0.025298 0.01 0.01
0 0.813385 0.026032 0.01 0.01
0 0.817052 0.055363 0.01 0.01
0 0.840517 0.051696 0.01 0.01
0 0.803853 0.076627 0.01 0.01
0 0.872781 0.059762 0.01 0.01
0 0.892579 0.017232 0.01 0.01
0 0.905778 0.018699 0.01 0.01
0 0.906511 0.059762 0.01 0.01
0 0.947574 0.037031 0.01 0.01
0 0.957840 0.015033 0.01 0.01
0 0.981305 0.048030 0.01 0.01
0 0.999637 0.096426 0.01 0.01
0 1.010636 0.067095 0.01 0.01
0 1.042900 0.078094 0.01 0.01
0 1.004036 0.048030 0.01 0.01
0 1.022368 0.026032 0.01 0.01
0 1.048033 0.051696 0.01 0.01
0 1.071497 0.082494 0.01 0.01
0 1.133092 0.083960 0.01 0.01
0 1.156557 0.096426 0.01 0.01
0 1.103028 0.028965 0.01 0.01
0 1.059032 0.004767 0.01 0.01
0 1.118427 0.005500 0.01 0.01
0 1.374705 0.339872 0.01 0.01
0 1.370306 0.364070 0.01 0.01
0 1.406236 0.331806 0.01 0.01
0 1.353440 0.303942 0.01 0.01
0 1.321176 0.312008 0.01 0.01
0 1.324110 0.287077 0.01 0.01
0 1.390837 0.305408 0.01 0.01
0 1.425301 0.300275 0.01 0.01
0 1.456832 0.299542 0.01 0.01
0 1.467098 0.270211 0.01 0.01
0 1.525759 0.270945 0.01 0.01
0 1.571956 0.339139 0.01 0.01
0 1.549224 0.232814 0.01 0.01
0 1.568289 0.193218 0.01 0.01
0 1.551424 0.161687 0.01 0.01
0 1.536759 0.197617 0.01 0.01
0 1.496429 0.196884 0.01 0.01
0 1.478830 0.234281 0.01 0.01
0 1.453165 0.235748 0.01 0.01
0 1.408436 0.262145 0.01 0.01
0 1.464165 0.198351 0.01 0.01
0 1.425301 0.191018 0.01 0.01
0 1.360773 0.262879 0.01 0.01
0 1.365906 0.237947 0.01 0.01
0 1.318243 0.218149 0.01 0.01
0 1.332909 0.189551 0.01 0.01
0 1.369572 0.171953 0.01 0.01
0 1.329242 0.124290 0.01 0.01
0 1.362240 0.132356 0.01 0.01
0 1.320443 0.096426 0.01 0.01
0 1.357840 0.103759 0.01 0.01
0 1.343908 0.086160 0.01 0.01
0 1.261781 0.059029 0.01 0.01
0 1.298445 0.067095 0.01 0.01
0 1.239050 0.093493 0.01 0.01
0 1.195787 0.099359 0.01 0.01
0 1.179655 0.023832 0.01 0.01
0 1.231717 0.047297 0.01 0.01
0 1.401103 0.014299 0.01 0.01
0 1.456832 0.037031 0.01 0.01
0 1.494962 0.045097 0.01 0.01
0 1.536759 0.034831 0.01 0.01
0 1.516960 0.007700 0.01 0.01
0 1.514760 0.065628 0.01 0.01
0 1.556557 0.099359 0.01 0.01
0 1.476630 0.061229 0.01 0.01
0 1.413569 0.086160 0.01 0.01
0 1.467831 0.133823 0.01 0.01
0 1.421635 0.168286 0.01 0.01
0 1.291846 0.164620 0.01 0.01
