0 0.580986 0.546171 0.01 0.01
0 1.437282 0.452838 0.01 0.01
0 1.229875 0.329875 0.01 0.01
0 1.140986 0.334319 0.01 0.01
0 1.422467 0.203949 0.01 0.01
0 1.090615 0.230615 0.01 0.01
0 0.939504 0.254319 0.01 0.01
0 0.749875 0.269134 0.01 0.01
0 0.647653 0.264690 0.01 0.01
0 0.677282 0.353578 0.01 0.01
0 0.586912 0.312097 0.01 0.01
0 0.511356 0.267653 0.01 0.01
0 0.407653 0.326912 0.01 0.01
0 0.238764 0.356541 0.01 0.01
0 0.293578 0.270615 0.01 0.01
0 0.209134 0.267653 0.01 0.01
0 0.135060 0.285430 0.01 0.01
0 0.086171 0.322467 0.01 0.01
0 0.309875 0.175430 0.01 0.01
0 0.387653 0.178393 0.01 0.01
0 0.386171 0.139134 0.01 0.01
0 0.558764 0.157653 0.01 0.01
0 0.612097 0.125060 0.01 0.01
0 0.209875 0.139875 0.01 0.01
0 0.221727 0.116171 0.01 0.01
0 0.103208 0.191727 0.01 0.01
0 0.066171 0.150245 0.01 0.01
0 0.000986 0.295430 0.01 0.01
0 0.542097 0.068578 0.01 0.01
0 0.556541 0.058949 0.01 0.01
0 0.481356 0.092282 0.01 0.01
0 0.421356 0.088208 0.01 0.01
0 0.318578 0.086078 0.01 0.01
0 0.393949 0.032004 0.01 0.01
0 0.304690 0.034412 0.01 0.01
0 0.024875 0.042190 0.01 0.01
0 0.069504 0.035708 0.01 0.01
0 0.094875 0.035338 0.01 0.01
0 0.157097 0.067375 0.01 0.01
0 0.122375 0.018625 0.01 0.01
0 0.306264 0.013162 0.01 0.01
0 0.657467 0.041634 0.01 0.01
0 0.721171 0.057190 0.01 0.01
0 0.714319 0.034782 0.01 0.01
0 0.767467 0.052560 0.01 0.01
0 0.809690 0.063671 0.01 0.01
0 0.791912 0.056264 0.01 0.01
0 0.791541 0.029412 0.01 0.01
0 0.727097 0.013810 0.01 0.01
0 0.600523 0.020477 0.01 0.01
0 0.557838 0.039597 0.01 0.01
0 0.503486 0.038625 0.01 0.01
0 0.502004 0.017977 0.01 0.01
0 0.925245 0.094875 0.01 0.01
0 1.011171 0.086727 0.01 0.01
0 0.867097 0.056356 0.01 0.01
0 0.760801 0.161912 0.01 0.01
0 1.118578 0.136912 0.01 0.01
0 1.214134 0.105801 0.01 0.01
0 1.536541 0.130986 0.01 0.01
0 1.326171 0.119134 0.01 0.01
0 1.286912 0.055245 0.01 0.01
0 1.187282 0.061912 0.01 0.01
0 1.123208 0.051541 0.01 0.01
0 1.140986 0.057467 0.01 0.01
0 1.047282 0.053023 0.01 0.01
0 1.007838 0.025523 0.01 0.01
0 0.942375 0.015477 0.01 0.01
0 0.384041 0.007120 0.01 0.01
0 1.466171 0.079690 0.01 0.01
0 1.445430 0.027375 0.01 0.01
0 1.584504 0.040708 0.01 0.01
0 1.522363 0.003110 0.01 0.01
0 1.376356 0.050893 0.01 0.01
0 1.366356 0.026819 0.01 0.01
0 0.878767 0.017503 0.01 0.01
0 1.046399 0.011234 0.01 0.01
0 1.156689 0.011234 0.01 0.01
0 1.093222 0.003757 0.01 0.01
0 1.114626 0.002753 0.01 0.01
