0 0.062977 1.011924 0.01 0.01
0 0.124726 0.981050 0.01 0.01
0 0.156509 0.972877 0.01 0.01
0 0.168314 1.035534 0.01 0.01
0 0.258213 0.999211 0.01 0.01
0 0.264570 0.968337 0.01 0.01
0 0.233695 0.961980 0.01 0.01
0 0.246408 0.941094 0.01 0.01
0 0.297261 0.988314 0.01 0.01
0 0.330859 0.984682 0.01 0.01
0 0.372631 0.986498 0.01 0.01
0 0.353561 0.908404 0.01 0.01
0 0.404414 0.931105 0.01 0.01
0 0.460714 0.950175 0.01 0.01
0 0.487957 0.882977 0.01 0.01
0 0.295444 0.845746 0.01 0.01
0 0.268202 0.871172 0.01 0.01
0 0.229155 0.866632 0.01 0.01
0 0.214626 0.908404 0.01 0.01
0 0.197372 0.898415 0.01 0.01
0 0.170130 0.821228 0.01 0.01
0 0.123818 0.870264 0.01 0.01
0 0.076598 0.836665 0.01 0.01
0 0.051172 0.858459 0.01 0.01
0 0.105656 0.914760 0.01 0.01
0 0.049356 0.910220 0.01 0.01
0 0.033010 0.961072 0.01 0.01
0 0.018481 0.971969 0.01 0.01
0 0.109289 0.950175 0.01 0.01
0 0.161049 0.946543 0.01 0.01
0 0.159233 0.863908 0.01 0.01
0 0.130175 0.760387 0.01 0.01
0 0.049356 0.749490 0.01 0.01
0 0.079322 0.695914 0.01 0.01
0 0.060253 0.670488 0.01 0.01
0 0.203729 0.795802 0.01 0.01
0 0.215534 0.746766 0.01 0.01
0 0.249133 0.694098 0.01 0.01
0 0.211901 0.662315 0.01 0.01
0 0.179211 0.704086 0.01 0.01
0 0.144704 0.714983 0.01 0.01
0 0.102932 0.680476 0.01 0.01
0 0.102024 0.648694 0.01 0.01
0 0.106565 0.603290 0.01 0.01
0 0.163773 0.638705 0.01 0.01
0 0.166498 0.614187 0.01 0.01
0 0.232787 0.619635 0.01 0.01
0 0.271834 0.653234 0.01 0.01
0 0.309974 0.638705 0.01 0.01
0 0.334492 0.641429 0.01 0.01
0 0.314514 0.667763 0.01 0.01
0 0.315422 0.703178 0.01 0.01
0 0.357194 0.714983 0.01 0.01
0 0.339940 0.698638 0.01 0.01
0 0.400781 0.736777 0.01 0.01
0 0.414402 0.687741 0.01 0.01
0 0.383528 0.649602 0.01 0.01
0 0.375355 0.676844 0.01 0.01
0 0.278191 0.911128 0.01 0.01
0 0.350837 0.858459 0.01 0.01
0 0.560603 0.853011 0.01 0.01
0 0.583305 0.841206 0.01 0.01
0 0.546982 0.813964 0.01 0.01
0 0.503394 0.791262 0.01 0.01
0 0.470703 0.765836 0.01 0.01
0 0.418035 0.764019 0.01 0.01
0 0.393517 0.767652 0.01 0.01
0 0.373539 0.770376 0.01 0.01
0 0.338124 0.766744 0.01 0.01
0 0.364458 0.735869 0.01 0.01
0 0.272742 0.760387 0.01 0.01
0 0.275467 0.785813 0.01 0.01
0 0.289996 0.774008 0.01 0.01
0 0.604190 0.902955 0.01 0.01
0 0.582397 0.903863 0.01 0.01
0 0.536993 1.026453 0.01 0.01
0 0.500670 1.015557 0.01 0.01
0 0.442553 0.992855 0.01 0.01
0 0.445277 0.930197 0.01 0.01
0 0.662307 1.042799 0.01 0.01
0 0.659583 0.933830 0.01 0.01
0 0.684101 0.882977 0.01 0.01
0 0.741310 0.922933 0.01 0.01
0 0.773093 0.898415 0.01 0.01
0 0.777633 0.849379 0.01 0.01
0 0.780357 0.785813 0.01 0.01
0 0.768552 0.783089 0.01 0.01
0 0.753115 0.801251 0.01 0.01
0 0.744942 0.780365 0.01 0.01
0 0.713159 0.773100 0.01 0.01
0 0.742218 0.734053 0.01 0.01
0 0.714976 0.724972 0.01 0.01
0 0.695906 0.700454 0.01 0.01
0 0.654135 0.695914 0.01 0.01
0 0.668664 0.723156 0.01 0.01
0 0.673204 0.754031 0.01 0.01
0 0.629616 0.767652 0.01 0.01
0 0.631433 0.747674 0.01 0.01
0 0.584213 0.746766 0.01 0.01
0 0.536993 0.743134 0.01 0.01
0 0.569683 0.698638 0.01 0.01
0 0.575132 0.675028 0.01 0.01
0 0.549706 0.660499 0.01 0.01
0 0.526096 0.660499 0.01 0.01
0 0.493405 0.638705 0.01 0.01
0 0.474335 0.659591 0.01 0.01
0 0.474335 0.678660 0.01 0.01
0 0.447093 0.725880 0.01 0.01
0 0.477968 0.712259 0.01 0.01
0 0.437104 0.653234 0.01 0.01
0 0.513383 0.851195 0.01 0.01
0 0.458898 0.868448 0.01 0.01
0 0.447093 0.832125 0.01 0.01
0 0.702263 0.830309 0.01 0.01
0 0.630525 0.849379 0.01 0.01
0 0.666848 0.798526 0.01 0.01
0 0.428932 0.794894 0.01 0.01
0 0.255489 0.819412 0.01 0.01
0 0.133807 0.833033 0.01 0.01
0 0.081138 0.774008 0.01 0.01
0 0.675020 0.988314 0.01 0.01
0 0.652318 0.981050 0.01 0.01
0 0.705895 0.963796 0.01 0.01
0 0.781265 0.953807 0.01 0.01
0 0.003490 0.791716 0.01 0.01
0 0.007123 0.693643 0.01 0.01
0 0.011217 0.558794 0.01 0.01
0 0.060253 0.544265 0.01 0.01
0 0.082955 0.520655 0.01 0.01
0 0.010308 0.498861 0.01 0.01
0 0.039367 0.455273 0.01 0.01
0 0.018481 0.419858 0.01 0.01
0 0.049356 0.421675 0.01 0.01
0 0.056620 0.405329 0.01 0.01
0 0.088403 0.362650 0.01 0.01
0 0.066609 0.373547 0.01 0.01
0 0.090219 0.383535 0.01 0.01
0 0.101116 0.401697 0.01 0.01
0 0.146520 0.394432 0.01 0.01
0 0.199188 0.404421 0.01 0.01
0 0.162865 0.407145 0.01 0.01
0 0.233695 0.439836 0.01 0.01
0 0.218258 0.498861 0.01 0.01
0 0.210993 0.475251 0.01 0.01
0 0.176486 0.481608 0.01 0.01
0 0.161049 0.505218 0.01 0.01
0 0.138347 0.486148 0.01 0.01
0 0.106565 0.479791 0.01 0.01
0 0.131991 0.433480 0.01 0.01
0 0.095668 0.437112 0.01 0.01
0 0.155601 0.371730 0.01 0.01
0 0.171038 0.347212 0.01 0.01
0 0.210993 0.364466 0.01 0.01
0 0.292720 0.369006 0.01 0.01
0 0.267294 0.394432 0.01 0.01
0 0.229155 0.566967 0.01 0.01
0 0.181935 0.547897 0.01 0.01
0 0.148336 0.570599 0.01 0.01
0 0.121094 0.543357 0.01 0.01
0 0.306341 0.589669 0.01 0.01
0 0.343572 0.603290 0.01 0.01
0 0.391700 0.550621 0.01 0.01
0 0.411678 0.543357 0.01 0.01
0 0.436196 0.587853 0.01 0.01
0 0.455266 0.624176 0.01 0.01
0 0.386252 0.620543 0.01 0.01
0 0.363550 0.530644 0.01 0.01
0 0.325411 0.547897 0.01 0.01
0 0.314514 0.537000 0.01 0.01
0 0.331767 0.527011 0.01 0.01
0 0.318146 0.509758 0.01 0.01
0 0.304525 0.464354 0.01 0.01
0 0.309974 0.448917 0.01 0.01
0 0.335400 0.424399 0.01 0.01
0 0.365366 0.442560 0.01 0.01
0 0.375355 0.461630 0.01 0.01
0 0.382620 0.479791 0.01 0.01
0 0.416219 0.451641 0.01 0.01
0 0.445277 0.452549 0.01 0.01
0 0.450725 0.475251 0.01 0.01
0 0.459806 0.423491 0.01 0.01
0 0.470703 0.397157 0.01 0.01
0 0.490681 0.384443 0.01 0.01
0 0.439829 0.395340 0.01 0.01
0 0.405322 0.352661 0.01 0.01
0 0.391700 0.389892 0.01 0.01
0 0.378079 0.416226 0.01 0.01
0 0.349929 0.369914 0.01 0.01
0 0.329043 0.334499 0.01 0.01
0 0.353561 0.319062 0.01 0.01
0 0.373539 0.324510 0.01 0.01
0 0.377171 0.309073 0.01 0.01
0 0.419851 0.306349 0.01 0.01
0 0.414402 0.324510 0.01 0.01
0 0.435288 0.322694 0.01 0.01
0 0.431656 0.343580 0.01 0.01
0 0.443461 0.364466 0.01 0.01
0 0.471611 0.367190 0.01 0.01
0 0.474335 0.337224 0.01 0.01
0 0.524280 0.338132 0.01 0.01
0 0.514291 0.362650 0.01 0.01
0 0.532452 0.379903 0.01 0.01
0 0.561511 0.356293 0.01 0.01
0 0.582397 0.309981 0.01 0.01
0 0.559695 0.297268 0.01 0.01
0 0.618720 0.357201 0.01 0.01
0 0.606915 0.375363 0.01 0.01
0 0.565143 0.394432 0.01 0.01
0 0.555154 0.423491 0.01 0.01
0 0.584213 0.438928 0.01 0.01
0 0.600558 0.416226 0.01 0.01
0 0.625984 0.420767 0.01 0.01
0 0.659583 0.420767 0.01 0.01
0 0.527004 0.497045 0.01 0.01
0 0.562419 0.518839 0.01 0.01
0 0.496129 0.415318 0.01 0.01
0 0.511567 0.400789 0.01 0.01
0 0.476152 0.530644 0.01 0.01
0 0.479784 0.543357 0.01 0.01
0 0.449817 0.531552 0.01 0.01
0 0.439829 0.539725 0.01 0.01
0 0.430748 0.539725 0.01 0.01
0 0.411678 0.512482 0.01 0.01
0 0.609639 0.516115 0.01 0.01
0 0.631433 0.493413 0.01 0.01
0 0.601466 0.487056 0.01 0.01
0 0.628708 0.459814 0.01 0.01
0 0.644146 0.446193 0.01 0.01
0 0.658675 0.455273 0.01 0.01
0 0.672296 0.475251 0.01 0.01
0 0.662307 0.505218 0.01 0.01
0 0.696814 0.490688 0.01 0.01
0 0.704079 0.517931 0.01 0.01
0 0.726781 0.501585 0.01 0.01
0 0.740402 0.500677 0.01 0.01
0 0.735861 0.484332 0.01 0.01
0 0.722240 0.457998 0.01 0.01
0 0.745850 0.437112 0.01 0.01
0 0.778541 0.456182 0.01 0.01
0 0.699538 0.395340 0.01 0.01
0 0.703171 0.378087 0.01 0.01
0 0.706803 0.369914 0.01 0.01
0 0.698630 0.338132 0.01 0.01
0 0.668664 0.335407 0.01 0.01
0 0.685009 0.337224 0.01 0.01
0 0.645962 0.322694 0.01 0.01
0 0.627800 0.329051 0.01 0.01
0 0.614179 0.321786 0.01 0.01
0 0.596018 0.340856 0.01 0.01
0 0.605098 0.296360 0.01 0.01
0 0.634157 0.302717 0.01 0.01
0 0.634157 0.287279 0.01 0.01
0 0.675020 0.293636 0.01 0.01
0 0.698630 0.301809 0.01 0.01
0 0.732229 0.303625 0.01 0.01
0 0.727689 0.335407 0.01 0.01
0 0.769460 0.332683 0.01 0.01
0 0.770368 0.373547 0.01 0.01
0 0.790346 0.415318 0.01 0.01
0 0.737678 0.401697 0.01 0.01
0 0.763104 0.420767 0.01 0.01
0 0.783081 0.290004 0.01 0.01
0 0.780357 0.270026 0.01 0.01
0 0.508842 0.562426 0.01 0.01
0 0.489773 0.537000 0.01 0.01
0 0.535177 0.587853 0.01 0.01
0 0.576040 0.560610 0.01 0.01
0 0.578764 0.583312 0.01 0.01
0 0.586029 0.606922 0.01 0.01
0 0.578764 0.636889 0.01 0.01
0 0.559695 0.609646 0.01 0.01
0 0.530636 0.628716 0.01 0.01
0 0.623260 0.617819 0.01 0.01
0 0.647778 0.615095 0.01 0.01
0 0.642330 0.579680 0.01 0.01
0 0.634157 0.562426 0.01 0.01
0 0.611455 0.562426 0.01 0.01
0 0.689550 0.550621 0.01 0.01
0 0.677745 0.535184 0.01 0.01
0 0.683193 0.576956 0.01 0.01
0 0.705895 0.598749 0.01 0.01
0 0.752207 0.565151 0.01 0.01
0 0.741310 0.541541 0.01 0.01
0 0.714976 0.575140 0.01 0.01
0 0.768552 0.530644 0.01 0.01
0 0.673204 0.436204 0.01 0.01
0 0.685009 0.455273 0.01 0.01
0 0.399873 0.420767 0.01 0.01
0 0.412586 0.403513 0.01 0.01
0 0.264570 0.330867 0.01 0.01
0 0.289996 0.333591 0.01 0.01
0 0.311790 0.321786 0.01 0.01
0 0.315422 0.286371 0.01 0.01
0 0.284547 0.301809 0.01 0.01
0 0.225523 0.292728 0.01 0.01
0 0.197372 0.292728 0.01 0.01
0 0.173762 0.297268 0.01 0.01
0 0.185567 0.322694 0.01 0.01
0 0.131991 0.337224 0.01 0.01
0 0.125634 0.293636 0.01 0.01
0 0.077506 0.277290 0.01 0.01
0 0.063885 0.305441 0.01 0.01
0 0.091127 0.328143 0.01 0.01
0 0.016665 0.369006 0.01 0.01
0 0.244592 0.530644 0.01 0.01
0 0.280915 0.487964 0.01 0.01
0 0.247316 0.378995 0.01 0.01
0 0.239144 0.318154 0.01 0.01
0 0.270926 0.284555 0.01 0.01
0 0.151968 0.292728 0.01 0.01
0 0.152876 0.264577 0.01 0.01
0 0.771276 0.586036 0.01 0.01
0 0.811224 0.406464 0.01 0.01
0 0.820305 0.378768 0.01 0.01
0 0.846639 0.356520 0.01 0.01
0 0.866617 0.359244 0.01 0.01
0 0.903848 0.376952 0.01 0.01
0 0.924734 0.386941 0.01 0.01
0 0.924734 0.407372 0.01 0.01
0 0.907934 0.407372 0.01 0.01
0 0.865255 0.411459 0.01 0.01
0 0.828932 0.425534 0.01 0.01
0 0.845277 0.462311 0.01 0.01
0 0.867071 0.453684 0.01 0.01
0 0.898853 0.445058 0.01 0.01
0 0.924280 0.445058 0.01 0.01
0 0.955608 0.455954 0.01 0.01
0 0.814856 0.474570 0.01 0.01
0 0.966959 0.426442 0.01 0.01
0 0.946982 0.394659 0.01 0.01
0 0.950160 0.376952 0.01 0.01
0 0.957878 0.366963 0.01 0.01
0 0.952884 0.313841 0.01 0.01
0 0.917923 0.299765 0.01 0.01
0 0.881600 0.286598 0.01 0.01
0 0.852542 0.310208 0.01 0.01
0 0.825753 0.284782 0.01 0.01
0 0.808046 0.297041 0.01 0.01
0 0.821213 0.324283 0.01 0.01
0 0.722687 0.277972 0.01 0.01
0 0.699077 0.272069 0.01 0.01
0 0.679099 0.270253 0.01 0.01
0 0.653219 0.267075 0.01 0.01
0 0.622344 0.249367 0.01 0.01
0 0.605999 0.273431 0.01 0.01
0 0.802143 0.249821 0.01 0.01
0 0.838466 0.246643 0.01 0.01
0 0.887503 0.244827 0.01 0.01
0 0.941533 0.249367 0.01 0.01
0 0.926550 0.356520 0.01 0.01
0 0.952430 0.343353 0.01 0.01
0 0.976494 0.337451 0.01 0.01
0 0.889319 0.353342 0.01 0.01
0 0.859806 0.334726 0.01 0.01
0 0.811678 0.345623 0.01 0.01
0 0.794425 0.371049 0.01 0.01
0 0.260483 0.473662 0.01 0.01
0 0.274559 0.440063 0.01 0.01
0 0.057975 0.464808 0.01 0.01
0 0.594194 0.662542 0.01 0.01
0 0.635057 0.668898 0.01 0.01
0 0.711790 0.637116 0.01 0.01
0 0.831656 0.650964 0.01 0.01
0 0.832564 0.625538 0.01 0.01
0 0.806230 0.632802 0.01 0.01
0 0.786252 0.632802 0.01 0.01
0 0.757194 0.626446 0.01 0.01
0 0.801689 0.597387 0.01 0.01
0 0.859806 0.622814 0.01 0.01
0 0.873427 0.623722 0.01 0.01
0 0.907026 0.606468 0.01 0.01
0 0.915199 0.626446 0.01 0.01
0 0.828932 0.683655 0.01 0.01
0 0.793517 0.711805 0.01 0.01
0 0.769907 0.692735 0.01 0.01
0 0.936085 0.680022 0.01 0.01
0 0.949706 0.644607 0.01 0.01
0 0.969683 0.625538 0.01 0.01
0 0.996926 0.636435 0.01 0.01
0 1.015087 0.619181 0.01 0.01
0 1.021444 0.647332 0.01 0.01
0 0.989661 0.673666 0.01 0.01
0 0.875244 0.663677 0.01 0.01
0 0.906118 0.700908 0.01 0.01
0 0.883416 0.743588 0.01 0.01
0 0.857082 0.749944 0.01 0.01
0 0.814402 0.751760 0.01 0.01
0 0.921555 0.745404 0.01 0.01
0 0.972408 0.692735 0.01 0.01
0 0.997834 0.730875 0.01 0.01
0 1.010547 0.711805 0.01 0.01
0 1.025984 0.705448 0.01 0.01
0 1.030525 0.686379 0.01 0.01
0 1.062307 0.684563 0.01 0.01
0 1.055043 0.657320 0.01 0.01
0 1.057767 0.640975 0.01 0.01
0 1.054135 0.611009 0.01 0.01
0 1.015995 0.581042 0.01 0.01
0 0.996018 0.583766 0.01 0.01
0 0.961511 0.591031 0.01 0.01
0 0.946982 0.566513 0.01 0.01
0 0.909750 0.572869 0.01 0.01
0 0.869795 0.571053 0.01 0.01
0 0.816219 0.579226 0.01 0.01
0 0.792609 0.540179 0.01 0.01
0 0.819851 0.529282 0.01 0.01
0 0.835288 0.514752 0.01 0.01
0 0.856174 0.543811 0.01 0.01
0 0.871611 0.526557 0.01 0.01
0 0.958787 0.512028 0.01 0.01
0 0.981488 0.502039 0.01 0.01
0 1.011455 0.492959 0.01 0.01
0 1.042330 0.456636 0.01 0.01
0 1.072296 0.475705 0.01 0.01
0 1.055043 0.502947 0.01 0.01
0 1.065940 0.527466 0.01 0.01
0 1.085009 0.529282 0.01 0.01
0 1.097722 0.558340 0.01 0.01
0 1.045054 0.564697 0.01 0.01
0 1.011455 0.539270 0.01 0.01
0 1.022352 0.513844 0.01 0.01
0 0.989661 0.554708 0.01 0.01
0 1.003282 0.459360 0.01 0.01
0 1.027800 0.438474 0.01 0.01
0 1.057767 0.433934 0.01 0.01
0 1.090458 0.456636 0.01 0.01
0 0.998742 0.433934 0.01 0.01
0 0.984213 0.448463 0.01 0.01
0 0.884324 0.554708 0.01 0.01
0 0.899762 0.526557 0.01 0.01
0 0.878876 0.491142 0.01 0.01
0 0.782620 0.475705 0.01 0.01
0 0.821667 0.783543 0.01 0.01
0 0.853450 0.808969 0.01 0.01
0 0.947890 0.773554 0.01 0.01
0 0.959695 0.753577 0.01 0.01
0 1.006915 0.798072 0.01 0.01
0 1.014179 0.771738 0.01 0.01
0 1.039605 0.739047 0.01 0.01
0 1.049594 0.748128 0.01 0.01
0 1.065031 0.724518 0.01 0.01
0 1.090458 0.696368 0.01 0.01
0 0.850725 0.921571 0.01 0.01
0 0.832564 0.866178 0.01 0.01
0 0.881600 0.857097 0.01 0.01
0 0.933360 0.838936 0.01 0.01
0 0.971500 0.911582 0.01 0.01
0 1.006006 0.883431 0.01 0.01
0 1.006006 0.937008 0.01 0.01
0 1.063215 0.905225 0.01 0.01
0 1.074112 0.889788 0.01 0.01
0 1.057767 0.796256 0.01 0.01
0 1.076836 0.832579 0.01 0.01
0 1.033249 0.838028 0.01 0.01
0 1.089550 0.853465 0.01 0.01
0 0.965143 0.865270 0.01 0.01
0 0.980580 0.831671 0.01 0.01
0 0.139702 0.897961 0.01 0.01
0 0.762642 1.029178 0.01 0.01
0 0.800781 1.034626 0.01 0.01
0 0.795333 0.992855 0.01 0.01
0 0.826207 1.001935 0.01 0.01
0 0.848001 0.965612 0.01 0.01
0 0.817127 0.927473 0.01 0.01
0 0.894313 0.952899 0.01 0.01
0 1.011455 0.988314 0.01 0.01
0 0.977856 0.976509 0.01 0.01
0 1.004190 1.030994 0.01 0.01
0 0.877060 1.040983 0.01 0.01
0 0.880692 0.887518 0.01 0.01
0 1.094998 1.013740 0.01 0.01
0 1.073204 0.989222 0.01 0.01
0 1.048686 0.991038 0.01 0.01
0 1.140402 0.857551 0.01 0.01
0 1.140402 0.791262 0.01 0.01
0 1.138586 0.779457 0.01 0.01
0 1.092274 0.770376 0.01 0.01
0 1.251187 0.972877 0.01 0.01
0 1.220313 1.036442 0.01 0.01
0 1.179449 1.018281 0.01 0.01
0 1.213048 0.992855 0.01 0.01
0 1.181265 0.953807 0.01 0.01
0 1.144942 0.980142 0.01 0.01
0 1.131321 0.968337 0.01 0.01
0 1.137678 0.938370 0.01 0.01
0 1.223037 0.859367 0.01 0.01
0 1.229393 0.825769 0.01 0.01
0 1.208508 0.825769 0.01 0.01
0 1.194886 0.786721 0.01 0.01
0 1.177633 0.785813 0.01 0.01
0 1.235750 0.782181 0.01 0.01
0 1.229393 0.740409 0.01 0.01
0 1.251187 0.751306 0.01 0.01
0 1.192162 0.754031 0.01 0.01
0 1.204875 0.715891 0.01 0.01
0 1.186714 0.714983 0.01 0.01
0 1.140402 0.703178 0.01 0.01
0 1.142218 0.734053 0.01 0.01
0 1.114068 0.757663 0.01 0.01
0 1.139494 0.678660 0.01 0.01
0 1.102263 0.635073 0.01 0.01
0 1.156747 0.607830 0.01 0.01
0 1.157655 0.648694 0.01 0.01
0 1.195794 0.653234 0.01 0.01
0 1.204875 0.628716 0.01 0.01
0 1.208508 0.611463 0.01 0.01
0 1.238474 0.603290 0.01 0.01
0 1.253003 0.626900 0.01 0.01
0 1.234842 0.641429 0.01 0.01
0 1.245739 0.674120 0.01 0.01
0 1.270257 0.665039 0.01 0.01
0 1.104987 0.604198 0.01 0.01
0 1.108619 0.586036 0.01 0.01
0 1.230301 0.911128 0.01 0.01
0 1.269349 0.909312 0.01 0.01
0 1.181265 0.904771 0.01 0.01
0 1.192162 0.878437 0.01 0.01
0 1.134045 0.914760 0.01 0.01
0 1.115884 0.904771 0.01 0.01
0 0.907934 0.874805 0.01 0.01
0 0.601913 0.851195 0.01 0.01
0 1.145850 0.691373 0.01 0.01
0 1.165828 0.674120 0.01 0.01
0 1.135400 0.517931 0.01 0.01
0 1.121779 0.543357 0.01 0.01
0 1.179895 0.553346 0.01 0.01
0 1.177171 0.513390 0.01 0.01
0 1.161734 0.479791 0.01 0.01
0 1.151745 0.509758 0.01 0.01
0 1.154469 0.428939 0.01 0.01
0 1.147205 0.460722 0.01 0.01
0 1.099985 0.435296 0.01 0.01
0 1.105433 0.409870 0.01 0.01
0 1.119962 0.397157 0.01 0.01
0 1.141756 0.383535 0.01 0.01
0 1.208046 0.473435 0.01 0.01
0 1.187160 0.456182 0.01 0.01
0 1.193517 0.444377 0.01 0.01
0 1.225299 0.554254 0.01 0.01
0 1.239829 0.526103 0.01 0.01
0 1.224391 0.507034 0.01 0.01
0 1.250725 0.502493 0.01 0.01
0 1.231656 0.483424 0.01 0.01
0 1.222575 0.445285 0.01 0.01
0 1.233472 0.432572 0.01 0.01
0 1.249817 0.428939 0.01 0.01
0 1.272519 0.442560 0.01 0.01
0 1.297037 0.460722 0.01 0.01
0 1.321555 0.475251 0.01 0.01
0 1.322463 0.494321 0.01 0.01
0 1.294313 0.482516 0.01 0.01
0 1.288865 0.498861 0.01 0.01
0 1.276152 0.519747 0.01 0.01
0 1.274335 0.549713 0.01 0.01
0 1.294313 0.546081 0.01 0.01
0 1.364235 0.495229 0.01 0.01
0 1.434157 0.500677 0.01 0.01
0 1.386937 0.545173 0.01 0.01
0 1.373316 0.586036 0.01 0.01
0 1.390569 0.576956 0.01 0.01
0 1.356970 0.557886 0.01 0.01
0 1.337901 0.538816 0.01 0.01
0 1.348798 0.526103 0.01 0.01
0 1.304302 0.576956 0.01 0.01
0 1.283416 0.629624 0.01 0.01
0 1.306118 0.669579 0.01 0.01
0 1.336085 0.702270 0.01 0.01
0 1.306118 0.702270 0.01 0.01
0 1.290681 0.715891 0.01 0.01
0 1.339717 0.728604 0.01 0.01
0 1.395110 0.727696 0.01 0.01
0 1.380580 0.721340 0.01 0.01
0 1.361511 0.743134 0.01 0.01
0 1.416903 0.710443 0.01 0.01
0 1.438697 0.721340 0.01 0.01
0 1.451410 0.714983 0.01 0.01
0 1.464123 0.699546 0.01 0.01
0 1.479561 0.719524 0.01 0.01
0 1.513159 0.693189 0.01 0.01
0 1.471388 0.665039 0.01 0.01
0 1.496814 0.673212 0.01 0.01
0 1.455951 0.659591 0.01 0.01
0 1.444146 0.676844 0.01 0.01
0 1.415087 0.665947 0.01 0.01
0 1.415995 0.640521 0.01 0.01
0 1.410547 0.606922 0.01 0.01
0 1.419628 0.586036 0.01 0.01
0 1.472296 0.590577 0.01 0.01
0 1.449594 0.608738 0.01 0.01
0 1.471388 0.562426 0.01 0.01
0 1.446870 0.538816 0.01 0.01
0 1.475928 0.519747 0.01 0.01
0 1.444146 0.519747 0.01 0.01
0 1.465031 0.497045 0.01 0.01
0 1.506803 0.498861 0.01 0.01
0 1.540402 0.505218 0.01 0.01
0 1.503171 0.527920 0.01 0.01
0 1.504079 0.546989 0.01 0.01
0 1.525873 0.527920 0.01 0.01
0 1.572184 0.562426 0.01 0.01
0 1.562196 0.530644 0.01 0.01
0 1.591254 0.509758 0.01 0.01
0 1.549483 0.637797 0.01 0.01
0 1.551299 0.657774 0.01 0.01
0 1.531321 0.666855 0.01 0.01
0 1.510435 0.648694 0.01 0.01
0 1.524056 0.627808 0.01 0.01
0 1.512251 0.596025 0.01 0.01
0 1.476836 0.629624 0.01 0.01
0 1.366959 0.622359 0.01 0.01
0 1.351522 0.619635 0.01 0.01
0 1.323372 0.615095 0.01 0.01
0 1.317923 0.592393 0.01 0.01
0 1.332452 0.592393 0.01 0.01
0 1.358787 0.642337 0.01 0.01
0 1.338809 0.635981 0.01 0.01
0 1.379672 0.685017 0.01 0.01
0 1.410547 0.695006 0.01 0.01
0 1.516792 0.738593 0.01 0.01
0 1.480469 0.750398 0.01 0.01
0 1.465940 0.750398 0.01 0.01
0 1.281600 0.596933 0.01 0.01
0 1.228024 0.583312 0.01 0.01
0 1.357878 0.447101 0.01 0.01
0 1.362419 0.469803 0.01 0.01
0 1.379672 0.460722 0.01 0.01
0 1.403282 0.468895 0.01 0.01
0 1.413271 0.456182 0.01 0.01
0 1.404190 0.426215 0.01 0.01
0 1.382397 0.422583 0.01 0.01
0 1.352430 0.402605 0.01 0.01
0 1.346982 0.417134 0.01 0.01
0 1.326096 0.441652 0.01 0.01
0 1.301578 0.418950 0.01 0.01
0 1.312475 0.397157 0.01 0.01
0 1.512251 0.450733 0.01 0.01
0 1.517700 0.428939 0.01 0.01
0 1.525873 0.416226 0.01 0.01
0 1.518608 0.404421 0.01 0.01
0 1.499538 0.400789 0.01 0.01
0 1.521332 0.371730 0.01 0.01
0 1.543126 0.371730 0.01 0.01
0 1.536769 0.329959 0.01 0.01
0 1.511343 0.347212 0.01 0.01
0 1.493182 0.358109 0.01 0.01
0 1.485917 0.369006 0.01 0.01
0 1.462307 0.364466 0.01 0.01
0 1.428708 0.370822 0.01 0.01
0 1.428708 0.337224 0.01 0.01
0 1.453226 0.341764 0.01 0.01
0 1.468664 0.324510 0.01 0.01
0 1.425076 0.313614 0.01 0.01
0 1.411455 0.324510 0.01 0.01
0 1.371500 0.310889 0.01 0.01
0 1.344257 0.326327 0.01 0.01
0 1.327004 0.317246 0.01 0.01
0 1.312475 0.295452 0.01 0.01
0 1.303394 0.309981 0.01 0.01
0 1.335177 0.297268 0.01 0.01
0 1.276152 0.321786 0.01 0.01
0 1.235288 0.313614 0.01 0.01
0 1.246185 0.369006 0.01 0.01
0 1.244369 0.387168 0.01 0.01
0 1.272519 0.369006 0.01 0.01
0 1.284324 0.369006 0.01 0.01
0 1.302486 0.356293 0.01 0.01
0 1.327912 0.351753 0.01 0.01
0 1.283416 0.351753 0.01 0.01
0 1.230748 0.341764 0.01 0.01
0 1.213494 0.356293 0.01 0.01
0 1.207138 0.378087 0.01 0.01
0 1.181712 0.410778 0.01 0.01
0 1.188976 0.349937 0.01 0.01
0 1.188068 0.330867 0.01 0.01
0 1.168999 0.339948 0.01 0.01
0 1.157194 0.364466 0.01 0.01
0 1.149929 0.307257 0.01 0.01
0 1.132676 0.328143 0.01 0.01
0 1.104525 0.345396 0.01 0.01
0 1.089088 0.361742 0.01 0.01
0 1.070926 0.386260 0.01 0.01
0 1.056397 0.409870 0.01 0.01
0 1.020982 0.386260 0.01 0.01
0 0.991924 0.356293 0.01 0.01
0 1.020982 0.318154 0.01 0.01
0 0.995556 0.311797 0.01 0.01
0 0.976486 0.294544 0.01 0.01
0 0.994648 0.281831 0.01 0.01
0 1.024614 0.284555 0.01 0.01
0 1.037328 0.302717 0.01 0.01
0 1.075467 0.300900 0.01 0.01
0 1.087272 0.310889 0.01 0.01
0 1.119054 0.307257 0.01 0.01
0 1.060938 0.352661 0.01 0.01
0 0.891127 0.323602 0.01 0.01
0 1.383305 0.373547 0.01 0.01
0 1.364235 0.372638 0.01 0.01
0 1.381488 0.388076 0.01 0.01
0 1.404190 0.389892 0.01 0.01
0 1.486825 0.388076 0.01 0.01
0 1.485009 0.416226 0.01 0.01
0 1.477745 0.431663 0.01 0.01
0 1.488641 0.451641 0.01 0.01
0 1.479561 0.476159 0.01 0.01
0 1.454135 0.467078 0.01 0.01
0 1.435065 0.457090 0.01 0.01
0 1.441421 0.447101 0.01 0.01
0 1.448686 0.418950 0.01 0.01
0 1.450502 0.398065 0.01 0.01
0 1.423260 0.419858 0.01 0.01
0 1.343349 0.351753 0.01 0.01
0 1.549483 0.386260 0.01 0.01
0 1.572184 0.383535 0.01 0.01
0 1.572184 0.364466 0.01 0.01
0 1.594886 0.380811 0.01 0.01
0 1.568552 0.403513 0.01 0.01
0 1.544942 0.412594 0.01 0.01
0 1.547666 0.448009 0.01 0.01
0 1.215310 0.416226 0.01 0.01
0 1.289277 0.863084 0.01 0.01
0 1.294092 0.831307 0.01 0.01
0 1.291203 0.791827 0.01 0.01
0 1.384607 1.037374 0.01 0.01
0 1.302758 1.032559 0.01 0.01
0 1.280611 0.996931 0.01 0.01
0 1.436606 1.033522 0.01 0.01
0 1.498233 1.045077 0.01 0.01
0 1.533861 1.013301 0.01 0.01
0 1.498233 1.003671 0.01 0.01
0 1.557935 0.960340 0.01 0.01
0 1.552157 0.936266 0.01 0.01
0 1.482826 0.963228 0.01 0.01
0 1.491492 0.920860 0.01 0.01
0 1.510751 0.912193 0.01 0.01
0 1.541565 0.903527 0.01 0.01
0 1.590674 0.873676 0.01 0.01
0 1.544454 0.858269 0.01 0.01
0 1.513640 0.834196 0.01 0.01
0 1.473197 0.811086 0.01 0.01
0 1.444309 0.788938 0.01 0.01
0 1.500159 0.782198 0.01 0.01
0 1.528084 0.779309 0.01 0.01
0 1.552157 0.785087 0.01 0.01
0 1.543491 0.754273 0.01 0.01
0 1.549268 0.727311 0.01 0.01
0 1.548305 0.693608 0.01 0.01
0 1.386533 0.833233 0.01 0.01
0 1.354757 0.806271 0.01 0.01
0 1.322017 0.778346 0.01 0.01
0 1.321054 0.764865 0.01 0.01
0 1.295055 0.754273 0.01 0.01
0 1.480900 0.883305 0.01 0.01
0 1.411569 0.874639 0.01 0.01
0 1.449124 0.878491 0.01 0.01
0 1.394237 0.769680 0.01 0.01
0 1.410606 0.758125 0.01 0.01
0 1.439494 0.942044 0.01 0.01
0 1.440457 0.919897 0.01 0.01
0 1.415421 0.961303 0.01 0.01
0 1.368238 0.957451 0.01 0.01
0 1.349942 0.964191 0.01 0.01
0 1.356682 1.015227 0.01 0.01
0 1.525195 0.968043 0.01 0.01
0 1.349942 0.662795 0.01 0.01
0 1.372089 0.670498 0.01 0.01
0 0.505454 0.153405 0.01 0.01
0 0.485232 0.137999 0.01 0.01
0 0.472714 0.113925 0.01 0.01
0 0.521823 0.117777 0.01 0.01
0 0.454418 0.137999 0.01 0.01
0 0.463085 0.183256 0.01 0.01
0 0.425530 0.175553 0.01 0.01
0 0.405309 0.167849 0.01 0.01
0 0.414938 0.141850 0.01 0.01
0 0.391828 0.139924 0.01 0.01
0 0.376421 0.152443 0.01 0.01
0 0.360051 0.171701 0.01 0.01
0 0.342719 0.156294 0.01 0.01
0 0.326349 0.175553 0.01 0.01
0 0.312868 0.137999 0.01 0.01
0 0.329238 0.115851 0.01 0.01
0 0.348496 0.117777 0.01 0.01
0 0.351385 0.041706 0.01 0.01
0 0.312868 0.084075 0.01 0.01
0 0.261833 0.117777 0.01 0.01
0 0.263758 0.070594 0.01 0.01
0 0.286869 0.058076 0.01 0.01
0 0.281091 0.036891 0.01 0.01
0 0.292646 0.012818 0.01 0.01
0 0.246426 0.041706 0.01 0.01
0 0.222353 0.026299 0.01 0.01
0 0.153985 0.023410 0.01 0.01
0 0.187687 0.064816 0.01 0.01
0 0.157836 0.066742 0.01 0.01
0 0.128948 0.081186 0.01 0.01
0 0.140504 0.128369 0.01 0.01
0 0.139541 0.201552 0.01 0.01
0 0.193465 0.119703 0.01 0.01
0 0.214649 0.117777 0.01 0.01
0 0.492935 0.213107 0.01 0.01
0 0.424568 0.205404 0.01 0.01
0 0.401457 0.195774 0.01 0.01
0 0.402420 0.215996 0.01 0.01
0 0.425530 0.226588 0.01 0.01
0 0.465973 0.234291 0.01 0.01
0 0.359088 0.240069 0.01 0.01
0 0.376421 0.214070 0.01 0.01
0 0.330201 0.213107 0.01 0.01
0 0.318645 0.240069 0.01 0.01
0 0.276277 0.216959 0.01 0.01
0 0.220427 0.240069 0.01 0.01
0 0.076950 0.194811 0.01 0.01
0 0.126060 0.193848 0.01 0.01
0 0.134726 0.151480 0.01 0.01
0 0.056729 0.148591 0.01 0.01
0 0.097172 0.124518 0.01 0.01
0 0.060580 0.084075 0.01 0.01
0 0.580562 0.209255 0.01 0.01
0 0.634486 0.155331 0.01 0.01
0 0.606561 0.137999 0.01 0.01
0 0.624857 0.099481 0.01 0.01
0 0.557452 0.139924 0.01 0.01
0 0.578636 0.077334 0.01 0.01
0 0.542045 0.077334 0.01 0.01
0 0.531453 0.047483 0.01 0.01
0 0.561303 0.046520 0.01 0.01
0 0.584414 0.033039 0.01 0.01
0 0.637375 0.033039 0.01 0.01
0 0.687447 0.040743 0.01 0.01
0 0.756778 0.023410 0.01 0.01
0 0.776036 0.023410 0.01 0.01
0 0.808776 0.012818 0.01 0.01
0 0.495824 0.061927 0.01 0.01
0 0.467899 0.061927 0.01 0.01
0 0.474640 0.031114 0.01 0.01
0 0.401457 0.067705 0.01 0.01
0 0.370644 0.074445 0.01 0.01
0 0.387976 0.014744 0.01 0.01
0 0.366792 0.014744 0.01 0.01
0 0.324423 0.019558 0.01 0.01
0 0.536267 0.163035 0.01 0.01
0 0.543971 0.260291 0.01 0.01
0 0.519897 0.249698 0.01 0.01
0 0.562266 0.229477 0.01 0.01
0 0.764481 0.232366 0.01 0.01
0 0.750037 0.202515 0.01 0.01
0 0.762555 0.179405 0.01 0.01
0 0.791443 0.188071 0.01 0.01
0 0.763518 0.161109 0.01 0.01
0 0.711520 0.131258 0.01 0.01
0 0.664337 0.087926 0.01 0.01
0 0.705743 0.246810 0.01 0.01
0 0.665300 0.209255 0.01 0.01
0 0.274351 0.178442 0.01 0.01
0 0.242574 0.191923 0.01 0.01
0 0.218501 0.156294 0.01 0.01
0 0.182872 0.137999 0.01 0.01
0 0.715422 0.157878 0.01 0.01
0 0.742664 0.152430 0.01 0.01
0 0.019836 0.210547 0.01 0.01
0 0.045262 0.252318 0.01 0.01
0 0.043446 0.010770 0.01 0.01
0 0.056159 0.039829 0.01 0.01
0 0.717238 0.208731 0.01 0.01
0 0.907934 0.226892 0.01 0.01
0 1.154931 0.222806 0.01 0.01
0 1.131321 0.213725 0.01 0.01
0 1.118608 0.145619 0.01 0.01
0 0.835288 0.187391 0.01 0.01
0 0.814402 0.155608 0.01 0.01
0 0.891589 0.066617 0.01 0.01
0 0.847093 0.062984 0.01 0.01
0 0.817127 0.053904 0.01 0.01
0 0.860714 0.022121 0.01 0.01
0 0.897037 0.187391 0.01 0.01
0 1.069572 0.208277 0.01 0.01
0 1.035065 0.194656 0.01 0.01
0 1.013271 0.255497 0.01 0.01
0 1.038697 0.251864 0.01 0.01
0 0.987845 0.242784 0.01 0.01
0 1.094090 0.258221 0.01 0.01
0 1.183081 0.208277 0.01 0.01
0 1.170368 0.195564 0.01 0.01
0 1.138586 0.181034 0.01 0.01
0 1.164012 0.142895 0.01 0.01
0 1.182173 0.123826 0.01 0.01
0 1.209416 0.159241 0.01 0.01
0 1.218496 0.136539 0.01 0.01
0 1.284786 0.114745 0.01 0.01
0 1.292051 0.161965 0.01 0.01
0 1.257544 0.261853 0.01 0.01
0 1.209416 0.253680 0.01 0.01
0 1.197611 0.233703 0.01 0.01
0 1.218496 0.203736 0.01 0.01
0 1.087733 0.102940 0.01 0.01
0 1.122240 0.104756 0.01 0.01
0 1.047778 0.168321 0.01 0.01
0 1.033249 0.157424 0.01 0.01
0 1.025076 0.138355 0.01 0.01
0 0.977856 0.150160 0.01 0.01
0 0.956970 0.160149 0.01 0.01
0 0.966959 0.130182 0.01 0.01
0 0.909750 0.127458 0.01 0.01
0 0.848001 0.019397 0.01 0.01
0 0.933360 0.022121 0.01 0.01
0 0.966959 0.032110 0.01 0.01
0 0.966051 0.062984 0.01 0.01
0 1.009639 0.047547 0.01 0.01
0 1.191254 0.025753 0.01 0.01
0 0.857990 0.229162 0.01 0.01
0 0.821667 0.230071 0.01 0.01
0 1.267532 0.227346 0.01 0.01
0 1.253911 0.210093 0.01 0.01
0 1.268441 0.187391 0.01 0.01
0 1.248463 0.174678 0.01 0.01
0 1.248463 0.149252 0.01 0.01
0 1.244831 0.123826 0.01 0.01
0 0.826207 0.100216 0.01 0.01
0 0.771723 0.093859 0.01 0.01
0 0.790792 0.077514 0.01 0.01
0 0.798965 0.111113 0.01 0.01
0 0.709066 0.085686 0.01 0.01
0 0.699985 0.056628 0.01 0.01
0 1.055951 0.090227 0.01 0.01
0 1.041421 0.077514 0.01 0.01
0 1.036881 0.050271 0.01 0.01
0 1.133137 0.043915 0.01 0.01
0 1.112251 0.064801 0.01 0.01
0 1.129505 0.071157 0.01 0.01
0 1.120424 0.028478 0.01 0.01
0 1.138586 0.012132 0.01 0.01
0 1.234842 0.050271 0.01 0.01
0 1.266624 0.032110 0.01 0.01
0 1.199427 0.086594 0.01 0.01
0 1.162196 0.080238 0.01 0.01
0 1.170368 0.060260 0.01 0.01
0 1.020536 0.009408 0.01 0.01
0 1.293867 0.052088 0.01 0.01
0 1.215772 0.089319 0.01 0.01
0 1.142218 0.132906 0.01 0.01
0 1.073204 0.142895 0.01 0.01
0 1.114976 0.272750 0.01 0.01
0 1.130413 0.266394 0.01 0.01
0 1.165828 0.262761 0.01 0.01
0 1.200335 0.280923 0.01 0.01
0 1.227577 0.288187 0.01 0.01
0 1.168552 0.324510 0.01 0.01
0 1.059583 0.329959 0.01 0.01
0 0.833472 0.409870 0.01 0.01
0 0.873427 0.436204 0.01 0.01
0 1.319739 0.232795 0.01 0.01
0 1.304302 0.203736 0.01 0.01
0 1.322463 0.174678 0.01 0.01
0 1.338809 0.134723 0.01 0.01
0 1.310658 0.142895 0.01 0.01
0 1.380580 0.131998 0.01 0.01
0 1.421444 0.127458 0.01 0.01
0 1.454135 0.179218 0.01 0.01
0 1.461399 0.204644 0.01 0.01
0 1.436881 0.207369 0.01 0.01
0 1.394202 0.188299 0.01 0.01
0 1.404190 0.223714 0.01 0.01
0 1.342441 0.225530 0.01 0.01
0 1.372408 0.226438 0.01 0.01
0 1.515884 0.214633 0.01 0.01
0 1.488641 0.081146 0.01 0.01
0 1.512251 0.069341 0.01 0.01
0 1.488641 0.038466 0.01 0.01
0 1.457767 0.018489 0.01 0.01
0 1.457767 0.051179 0.01 0.01
0 1.425984 0.053904 0.01 0.01
0 1.424168 0.038466 0.01 0.01
0 1.511343 0.028478 0.01 0.01
0 1.540402 0.013948 0.01 0.01
0 1.511343 0.163781 0.01 0.01
0 1.485009 0.166505 0.01 0.01
0 1.494090 0.117469 0.01 0.01
0 1.514976 0.087503 0.01 0.01
0 1.435973 0.112929 0.01 0.01
0 1.431433 0.095675 0.01 0.01
0 1.393293 0.087503 0.01 0.01
0 1.366959 0.086594 0.01 0.01
0 1.338809 0.092043 0.01 0.01
0 1.309750 0.072973 0.01 0.01
0 1.342441 0.053904 0.01 0.01
0 1.327004 0.031202 0.01 0.01
0 1.380580 0.041191 0.01 0.01
0 1.245277 0.082054 0.01 0.01
0 1.445962 0.143803 0.01 0.01
0 1.546758 0.187391 0.01 0.01
0 1.539494 0.168321 0.01 0.01
0 1.563104 0.150160 0.01 0.01
0 1.531321 0.102032 0.01 0.01
0 1.475020 0.141079 0.01 0.01
0 1.080007 0.203736 0.01 0.01
0 1.111790 0.190115 0.01 0.01
0 1.351522 0.190115 0.01 0.01
0 1.361511 0.165597 0.01 0.01
0 1.425984 0.165597 0.01 0.01
0 0.935623 0.285463 0.01 0.01
0 1.408277 0.499996 0.01 0.01
0 1.248909 0.449144 0.01 0.01
0 0.666386 0.132452 0.01 0.01
0 0.931544 0.083416 0.01 0.01
0 1.323833 0.887972 0.01 0.01
0 1.559933 0.074335 0.01 0.01
0 1.470942 0.844384 0.01 0.01
0 1.583543 0.755393 0.01 0.01
0 1.114976 0.838936 0.01 0.01
0 1.481600 0.201693 0.01 0.01
0 1.450725 0.130863 0.01 0.01
0 1.400781 0.123145 0.01 0.01
0 1.318600 0.127231 0.01 0.01
0 1.396695 0.217130 0.01 0.01
0 1.515199 0.255270 0.01 0.01
0 1.590346 0.986498 0.01 0.01
0 1.392385 0.900231 0.01 0.01
0 1.379672 0.981958 0.01 0.01
0 1.285232 0.671396 0.01 0.01
0 1.376040 0.876621 0.01 0.01
0 1.255266 0.944727 0.01 0.01
0 1.207138 0.952899 0.01 0.01
0 1.571276 0.840298 0.01 0.01
0 1.242553 0.704994 0.01 0.01
0 1.195794 0.573323 0.01 0.01
0 1.148574 0.586036 0.01 0.01
0 1.160379 0.566967 0.01 0.01
0 1.305672 0.329051 0.01 0.01
0 0.980580 0.407145 0.01 0.01
0 1.581727 0.099762 0.01 0.01
0 1.590808 0.027115 0.01 0.01
0 1.075020 0.043461 0.01 0.01
0 0.884324 0.023483 0.01 0.01
0 0.564681 0.018035 0.01 0.01
0 0.512013 0.018035 0.01 0.01
0 1.569014 0.125188 0.01 0.01
0 1.581727 0.125188 0.01 0.01
0 1.536323 0.579226 0.01 0.01
0 1.541772 0.546535 0.01 0.01
0 1.559933 0.878891 0.01 0.01
0 0.377618 0.887972 0.01 0.01
0 0.206899 0.724518 0.01 0.01
0 0.308604 0.421221 0.01 0.01
0 0.401228 0.290458 0.01 0.01
0 0.377618 0.272296 0.01 0.01
0 0.439367 0.275928 0.01 0.01
0 0.515645 0.294090 0.01 0.01
0 0.502932 0.272296 0.01 0.01
0 0.466609 0.301355 0.01 0.01
0 1.592162 0.279107 0.01 0.01
0 1.512251 0.284555 0.01 0.01
0 1.473204 0.284555 0.01 0.01
0 1.440513 0.272750 0.01 0.01
0 1.427800 0.252772 0.01 0.01
0 1.402374 0.275474 0.01 0.01
0 1.378764 0.274566 0.01 0.01
0 1.353338 0.281831 0.01 0.01
0 1.325188 0.276382 0.01 0.01
0 1.288865 0.279107 0.01 0.01
0 1.343349 0.250048 0.01 0.01
0 1.317923 0.250048 0.01 0.01
0 1.392385 0.242784 0.01 0.01
0 0.946520 0.435296 0.01 0.01
0 0.699523 0.755847 0.01 0.01
0 0.699523 0.759479 0.01 0.01
0 1.588991 0.210547 0.01 0.01
0 1.547220 0.221444 0.01 0.01
0 0.479322 0.259583 0.01 0.01
0 0.116092 0.010770 0.01 0.01
0 0.973316 0.010770 0.01 0.01
0 0.980580 0.107026 0.01 0.01
0 0.795333 0.139717 0.01 0.01
0 0.766274 0.119739 0.01 0.01
0 0.753561 0.061622 0.01 0.01
0 0.470241 0.087048 0.01 0.01
0 0.152415 0.185121 0.01 0.01
0 0.655327 0.058258 0.01 0.01
0 0.671311 0.021495 0.01 0.01
0 0.163019 0.107809 0.01 0.01
0 0.444338 0.505811 0.01 0.01
0 0.578603 0.157359 0.01 0.01
0 0.333249 0.075474 0.01 0.01
