0 0.080245 0.963949 0.01 0.01
0 0.055060 0.769875 0.01 0.01
0 0.063949 0.497282 0.01 0.01
0 0.292097 0.463208 0.01 0.01
0 0.404690 0.497282 0.01 0.01
0 0.668393 0.275060 0.01 0.01
0 0.782467 0.264690 0.01 0.01
0 0.961727 0.369875 0.01 0.01
0 0.010615 0.352097 0.01 0.01
0 0.077282 0.291356 0.01 0.01
0 0.063949 0.232097 0.01 0.01
0 0.120245 0.209875 0.01 0.01
0 0.148393 0.276541 0.01 0.01
0 0.186912 0.218764 0.01 0.01
0 0.246171 0.205430 0.01 0.01
0 0.480245 0.202467 0.01 0.01
0 1.025430 0.824690 0.01 0.01
0 1.249134 0.420245 0.01 0.01
0 1.290615 0.346171 0.01 0.01
0 1.444690 0.360986 0.01 0.01
0 1.425430 0.246912 0.01 0.01
0 1.372097 0.698764 0.01 0.01
0 1.272838 0.753578 0.01 0.01
0 1.158764 1.040986 0.01 0.01
0 0.380986 1.168393 0.01 0.01
0 1.092838 0.147282 0.01 0.01
0 0.943208 0.107282 0.01 0.01
0 0.915060 0.120615 0.01 0.01
0 1.346171 0.190986 0.01 0.01
0 1.483208 0.211727 0.01 0.01
0 0.689134 0.106356 0.01 0.01
0 0.692097 0.087838 0.01 0.01
0 0.858393 0.068949 0.01 0.01
0 0.640986 0.092560 0.01 0.01
0 0.600245 0.037560 0.01 0.01
0 0.495986 0.074875 0.01 0.01
0 0.508949 0.061912 0.01 0.01
0 1.088393 0.060708 0.01 0.01
0 1.126727 0.067930 0.01 0.01
0 0.230815 0.165180 0.01 0.01
0 0.625620 0.162783 0.01 0.01
0 0.124521 0.055690 0.01 0.01
0 0.167678 0.052493 0.01 0.01
0 0.021424 0.069276 0.01 0.01
0 0.028617 0.055690 0.01 0.01
0 0.140705 0.016903 0.01 0.01
0 0.097947 0.021099 0.01 0.01
0 0.227818 0.012907 0.01 0.01
0 0.188657 0.014905 0.01 0.01
0 0.170675 0.013107 0.01 0.01
0 0.650195 0.017103 0.01 0.01
0 0.684761 0.012508 0.01 0.01
0 0.050595 0.020025 0.01 0.01
0 0.343102 0.013632 0.01 0.01
0 1.257388 0.075969 0.01 0.01
0 1.306938 0.064781 0.01 0.01
