0 0.323294 1.116398 0.01 0.01
0 0.101153 1.196978 0.01 0.01
0 0.541080 0.961770 0.01 0.01
0 0.519301 0.894256 0.01 0.01
0 0.530191 0.772296 0.01 0.01
0 0.950517 0.674292 0.01 0.01
0 1.172659 0.608957 0.01 0.01
0 1.183548 0.497886 0.01 0.01
0 1.333820 0.678648 0.01 0.01
0 1.390445 0.550154 0.01 0.01
0 1.473203 0.944347 0.01 0.01
0 1.501516 0.861588 0.01 0.01
0 0.721842 0.482641 0.01 0.01
0 0.850336 0.519664 0.01 0.01
0 0.952695 0.467396 0.01 0.01
0 1.033276 0.439084 0.01 0.01
0 0.909138 0.367214 0.01 0.01
0 0.843802 0.397704 0.01 0.01
0 0.841624 0.328013 0.01 0.01
0 0.719664 0.417305 0.01 0.01
0 0.719664 0.375926 0.01 0.01
0 0.704419 0.332369 0.01 0.01
0 0.647795 0.378104 0.01 0.01
0 0.530191 0.375926 0.01 0.01
0 0.506234 0.347614 0.01 0.01
0 0.584637 0.301878 0.01 0.01
0 0.728376 0.290989 0.01 0.01
0 0.739265 0.256143 0.01 0.01
0 0.730554 0.236543 0.01 0.01
0 0.750154 0.201697 0.01 0.01
0 0.789356 0.234365 0.01 0.01
0 0.782822 0.306234 0.01 0.01
0 0.902604 0.336724 0.01 0.01
0 0.906960 0.306234 0.01 0.01
0 0.954873 0.290989 0.01 0.01
0 1.000608 0.301878 0.01 0.01
0 1.033276 0.253966 0.01 0.01
0 1.004964 0.221298 0.01 0.01
0 1.063766 0.323657 0.01 0.01
0 1.148702 0.336724 0.01 0.01
0 1.218394 0.312768 0.01 0.01
0 1.135635 0.314946 0.01 0.01
0 1.585726 0.559955 0.01 0.01
0 1.554147 0.491352 0.01 0.01
0 1.481189 0.285545 0.01 0.01
0 1.419120 0.305145 0.01 0.01
0 1.279737 0.349791 0.01 0.01
0 1.336361 0.324746 0.01 0.01
0 1.371207 0.226742 0.01 0.01
0 1.387541 0.170118 0.01 0.01
0 1.378829 0.147251 0.01 0.01
0 1.447432 0.104782 0.01 0.01
0 1.452877 0.079737 0.01 0.01
0 1.346162 0.200608 0.01 0.01
0 1.349428 0.177741 0.01 0.01
0 1.293893 0.129828 0.01 0.01
0 1.287359 0.216942 0.01 0.01
0 1.244891 0.196252 0.01 0.01
0 1.240535 0.224565 0.01 0.01
0 1.260136 0.269211 0.01 0.01
0 1.212223 0.259410 0.01 0.01
0 1.165399 0.219120 0.01 0.01
0 1.146888 0.226742 0.01 0.01
0 1.145799 0.246343 0.01 0.01
0 1.114220 0.202786 0.01 0.01
0 1.220935 0.409682 0.01 0.01
0 1.272114 0.418394 0.01 0.01
0 1.033639 0.202786 0.01 0.01
0 0.939991 0.246343 0.01 0.01
0 0.916035 0.256143 0.01 0.01
0 0.388630 0.116488 0.01 0.01
0 0.398158 0.114855 0.01 0.01
0 0.405236 0.111860 0.01 0.01
0 0.418848 0.125200 0.01 0.01
0 0.413947 0.112677 0.01 0.01
0 0.419392 0.108866 0.01 0.01
0 0.444165 0.143439 0.01 0.01
0 0.435726 0.156779 0.01 0.01
0 0.463766 0.154329 0.01 0.01
0 0.480917 0.145345 0.01 0.01
0 0.490717 0.136361 0.01 0.01
0 0.539991 0.100154 0.01 0.01
0 0.559320 0.096343 0.01 0.01
0 0.560136 0.117305 0.01 0.01
0 0.550608 0.134456 0.01 0.01
0 0.576742 0.151606 0.01 0.01
0 0.603149 0.127650 0.01 0.01
0 0.569120 0.118394 0.01 0.01
0 0.592532 0.095254 0.01 0.01
0 0.632006 0.106416 0.01 0.01
0 0.614855 0.100154 0.01 0.01
0 0.617849 0.089810 0.01 0.01
0 0.622477 0.095254 0.01 0.01
0 0.631189 0.089537 0.01 0.01
0 0.634183 0.093621 0.01 0.01
0 0.647251 0.095254 0.01 0.01
0 0.639084 0.118394 0.01 0.01
0 0.635000 0.132550 0.01 0.01
0 0.651334 0.157051 0.01 0.01
0 0.670935 0.118938 0.01 0.01
0 0.663312 0.098521 0.01 0.01
0 0.685091 0.096615 0.01 0.01
0 0.691352 0.100427 0.01 0.01
0 0.700608 0.098793 0.01 0.01
0 0.703875 0.091443 0.01 0.01
0 0.692441 0.084093 0.01 0.01
0 0.703058 0.116488 0.01 0.01
0 0.720209 0.124111 0.01 0.01
0 0.712042 0.125200 0.01 0.01
0 0.726742 0.117033 0.01 0.01
0 0.734365 0.126561 0.01 0.01
0 0.748793 0.122205 0.01 0.01
0 0.749065 0.138539 0.01 0.01
0 0.758594 0.130917 0.01 0.01
0 0.764583 0.145073 0.01 0.01
0 0.682096 0.149428 0.01 0.01
0 0.672024 0.160318 0.01 0.01
0 0.668212 0.143712 0.01 0.01
0 0.719120 0.101788 0.01 0.01
0 0.702514 0.066670 0.01 0.01
0 0.701425 0.054419 0.01 0.01
0 0.692441 0.055236 0.01 0.01
0 0.692713 0.040808 0.01 0.01
0 0.707142 0.044074 0.01 0.01
0 0.717486 0.047614 0.01 0.01
0 0.717486 0.038358 0.01 0.01
0 0.724565 0.046252 0.01 0.01
0 0.724837 0.036996 0.01 0.01
0 0.733820 0.040808 0.01 0.01
0 0.739537 0.044619 0.01 0.01
0 0.734093 0.061497 0.01 0.01
0 0.743349 0.056053 0.01 0.01
0 0.741987 0.072387 0.01 0.01
0 0.718575 0.052514 0.01 0.01
0 0.715853 0.057414 0.01 0.01
0 0.715853 0.072387 0.01 0.01
0 0.721842 0.068031 0.01 0.01
0 0.727287 0.073748 0.01 0.01
0 0.731370 0.085998 0.01 0.01
0 0.712859 0.091715 0.01 0.01
0 0.722931 0.088721 0.01 0.01
0 0.787722 0.154329 0.01 0.01
0 0.758594 0.050608 0.01 0.01
0 0.747840 0.047205 0.01 0.01
0 0.742532 0.044891 0.01 0.01
0 0.771797 0.055917 0.01 0.01
0 0.765944 0.049111 0.01 0.01
0 0.780780 0.070889 0.01 0.01
0 0.788403 0.065717 0.01 0.01
0 0.791534 0.053467 0.01 0.01
0 0.780236 0.049111 0.01 0.01
0 0.782958 0.036860 0.01 0.01
0 0.773294 0.039583 0.01 0.01
0 0.799973 0.036452 0.01 0.01
0 0.793575 0.035771 0.01 0.01
0 0.799428 0.030735 0.01 0.01
0 0.811815 0.071570 0.01 0.01
0 0.795073 0.076334 0.01 0.01
0 0.824746 0.061225 0.01 0.01
0 0.830871 0.048158 0.01 0.01
0 0.842441 0.044347 0.01 0.01
0 0.876334 0.026107 0.01 0.01
0 0.880145 0.029102 0.01 0.01
0 0.891579 0.034819 0.01 0.01
0 0.876606 0.048430 0.01 0.01
0 0.854692 0.063811 0.01 0.01
0 0.862450 0.070073 0.01 0.01
0 0.877423 0.068712 0.01 0.01
0 0.846525 0.051016 0.01 0.01
0 0.854011 0.046933 0.01 0.01
0 0.858367 0.051289 0.01 0.01
0 0.862859 0.054283 0.01 0.01
0 0.867486 0.041761 0.01 0.01
0 0.888993 0.052922 0.01 0.01
0 0.906416 0.063675 0.01 0.01
0 0.918258 0.067350 0.01 0.01
0 0.921797 0.058911 0.01 0.01
0 0.919074 0.042713 0.01 0.01
0 0.925608 0.038085 0.01 0.01
0 0.931053 0.044755 0.01 0.01
0 0.938675 0.034546 0.01 0.01
0 0.946025 0.051833 0.01 0.01
0 0.952831 0.045708 0.01 0.01
0 0.960862 0.044755 0.01 0.01
0 0.980735 0.039583 0.01 0.01
0 0.988222 0.035635 0.01 0.01
0 1.001289 0.022296 0.01 0.01
0 0.984410 0.019301 0.01 0.01
0 0.960998 0.018757 0.01 0.01
0 0.969574 0.025971 0.01 0.01
0 0.963584 0.051833 0.01 0.01
0 0.966715 0.062314 0.01 0.01
0 0.960590 0.075381 0.01 0.01
0 0.952423 0.057822 0.01 0.01
0 0.983185 0.080281 0.01 0.01
0 0.995027 0.062042 0.01 0.01
0 0.916488 0.090762 0.01 0.01
0 0.817124 0.184002 0.01 0.01
0 0.808957 0.125200 0.01 0.01
0 0.834546 0.103966 0.01 0.01
0 0.842713 0.092532 0.01 0.01
0 0.851969 0.094710 0.01 0.01
0 0.878648 0.117033 0.01 0.01
0 0.896071 0.096343 0.01 0.01
0 0.841080 0.151334 0.01 0.01
0 0.843802 0.128467 0.01 0.01
0 0.878104 0.149701 0.01 0.01
0 0.912405 0.133911 0.01 0.01
0 0.922205 0.118666 0.01 0.01
0 0.922750 0.162223 0.01 0.01
0 0.906416 0.177468 0.01 0.01
0 0.944528 0.174746 0.01 0.01
0 0.978285 0.155145 0.01 0.01
0 0.984819 0.196525 0.01 0.01
0 0.954873 0.117033 0.01 0.01
0 0.958140 0.104510 0.01 0.01
0 0.968485 0.098521 0.01 0.01
0 0.985908 0.099610 0.01 0.01
0 0.989174 0.105599 0.01 0.01
0 1.018575 0.085454 0.01 0.01
0 1.036271 0.088176 0.01 0.01
0 1.064855 0.110227 0.01 0.01
0 1.066488 0.092532 0.01 0.01
0 1.097251 0.117849 0.01 0.01
0 1.120390 0.108321 0.01 0.01
0 1.145980 0.112949 0.01 0.01
0 1.037632 0.122750 0.01 0.01
0 1.010136 0.076878 0.01 0.01
0 1.015036 0.064628 0.01 0.01
0 1.018303 0.071162 0.01 0.01
0 1.035182 0.057550 0.01 0.01
0 1.029465 0.053739 0.01 0.01
0 1.014492 0.038494 0.01 0.01
0 1.028920 0.019437 0.01 0.01
0 1.021298 0.015082 0.01 0.01
0 1.052060 0.026243 0.01 0.01
0 1.046615 0.010998 0.01 0.01
0 1.038176 0.020526 0.01 0.01
0 1.068394 0.021343 0.01 0.01
0 1.043349 0.083140 0.01 0.01
0 1.045799 0.059728 0.01 0.01
0 1.043621 0.036588 0.01 0.01
0 1.048249 0.051016 0.01 0.01
0 1.074383 0.082595 0.01 0.01
0 1.096706 0.073067 0.01 0.01
0 1.071388 0.062450 0.01 0.01
0 1.083639 0.060000 0.01 0.01
0 1.077922 0.029238 0.01 0.01
0 1.072477 0.038766 0.01 0.01
0 1.094256 0.023249 0.01 0.01
0 1.110318 0.016987 0.01 0.01
0 1.119029 0.036860 0.01 0.01
0 1.124202 0.029782 0.01 0.01
0 1.116307 0.058639 0.01 0.01
0 1.124746 0.055917 0.01 0.01
0 1.141352 0.083684 0.01 0.01
0 1.136452 0.075517 0.01 0.01
0 1.150336 0.063539 0.01 0.01
0 1.136180 0.044483 0.01 0.01
0 1.135363 0.020799 0.01 0.01
0 1.143802 0.023793 0.01 0.01
0 1.151697 0.031416 0.01 0.01
0 1.164492 0.011815 0.01 0.01
0 1.180554 0.023249 0.01 0.01
0 1.155780 0.049927 0.01 0.01
0 1.175381 0.050200 0.01 0.01
0 1.185182 0.042849 0.01 0.01
0 1.196888 0.037677 0.01 0.01
0 1.171298 0.069256 0.01 0.01
0 1.197976 0.124247 0.01 0.01
0 1.221388 0.123158 0.01 0.01
0 1.210771 0.124519 0.01 0.01
0 1.213222 0.075517 0.01 0.01
0 1.207777 0.061906 0.01 0.01
0 1.223294 0.055917 0.01 0.01
0 1.220572 0.038766 0.01 0.01
0 1.215944 0.028966 0.01 0.01
0 1.248339 0.015898 0.01 0.01
0 1.271479 0.020526 0.01 0.01
0 1.265218 0.038494 0.01 0.01
0 1.264946 0.027332 0.01 0.01
0 1.250245 0.034682 0.01 0.01
0 1.269846 0.057550 0.01 0.01
0 1.246706 0.077423 0.01 0.01
0 1.241534 0.060000 0.01 0.01
0 1.267668 0.100835 0.01 0.01
0 1.336361 0.054419 0.01 0.01
0 1.348339 0.045163 0.01 0.01
0 1.365218 0.053875 0.01 0.01
0 1.346706 0.007051 0.01 0.01
0 1.373385 0.005962 0.01 0.01
0 1.402241 0.004329 0.01 0.01
0 1.421298 0.001062 0.01 0.01
0 1.441443 0.071842 0.01 0.01
0 1.292804 0.031552 0.01 0.01
0 1.299338 0.006506 0.01 0.01
0 1.293893 0.006506 0.01 0.01
0 1.287904 0.007051 0.01 0.01
0 0.802643 0.051294 0.01 0.01
0 0.668377 0.185560 0.01 0.01
0 0.685160 0.179965 0.01 0.01
0 0.731514 0.175170 0.01 0.01
0 0.534910 0.140005 0.01 0.01
0 0.486958 0.153592 0.01 0.01
0 0.589256 0.180765 0.01 0.01
0 0.758687 0.067278 0.01 0.01
0 1.085195 0.746064 0.01 0.01
0 1.097235 0.907937 0.01 0.01
0 0.528339 0.100580 0.01 0.01
0 0.522486 0.105262 0.01 0.01
0 0.587536 0.115462 0.01 0.01
0 0.594225 0.221483 0.01 0.01
0 0.637703 0.203757 0.01 0.01
0 0.662787 0.085697 0.01 0.01
0 0.677001 0.087034 0.01 0.01
0 0.767804 0.067553 0.01 0.01
0 0.752419 0.042135 0.01 0.01
0 0.860613 0.030722 0.01 0.01
0 0.824493 0.072904 0.01 0.01
0 0.833523 0.061198 0.01 0.01
0 0.826667 0.055847 0.01 0.01
0 0.809777 0.057519 0.01 0.01
0 0.783355 0.060195 0.01 0.01
