0 0.119071 0.395089 0.01 0.01
0 0.192704 0.582905 0.01 0.01
0 0.039036 0.453781 0.01 0.01
0 0.093460 0.327859 0.01 0.01
0 0.013425 0.294778 0.01 0.01
0 0.007022 0.230749 0.01 0.01
0 0.061446 0.236085 0.01 0.01
0 0.088124 0.267032 0.01 0.01
0 0.125474 0.275569 0.01 0.01
0 0.142548 0.224347 0.01 0.01
0 0.118004 0.209407 0.01 0.01
0 0.076386 0.172057 0.01 0.01
0 0.072117 0.203004 0.01 0.01
0 0.047573 0.145378 0.01 0.01
0 0.084923 0.138976 0.01 0.01
0 0.099863 0.113364 0.01 0.01
0 0.025163 0.114431 0.01 0.01
0 0.011291 0.121901 0.01 0.01
0 0.012358 0.080283 0.01 0.01
0 0.055043 0.081350 0.01 0.01
0 0.074252 0.065343 0.01 0.01
0 0.075319 0.035463 0.01 0.01
0 0.053976 0.040799 0.01 0.01
0 0.099863 0.056806 0.01 0.01
0 0.101997 0.079216 0.01 0.01
0 0.127609 0.078149 0.01 0.01
0 0.130810 0.057873 0.01 0.01
0 0.151086 0.047202 0.01 0.01
0 0.135079 0.116566 0.01 0.01
0 0.162824 0.119767 0.01 0.01
0 0.176697 0.149647 0.01 0.01
0 0.145750 0.167788 0.01 0.01
0 0.202308 0.179527 0.01 0.01
0 0.193771 0.223279 0.01 0.01
0 0.250329 0.185930 0.01 0.01
0 0.274874 0.240354 0.01 0.01
0 0.242859 0.150714 0.01 0.01
0 0.218315 0.129371 0.01 0.01
0 0.217248 0.112297 0.01 0.01
0 0.190570 0.097357 0.01 0.01
0 0.185234 0.071746 0.01 0.01
0 0.179898 0.032262 0.01 0.01
0 0.185234 0.048269 0.01 0.01
0 0.219382 0.026926 0.01 0.01
0 0.249262 0.017322 0.01 0.01
0 0.290881 0.088820 0.01 0.01
0 0.289813 0.142177 0.01 0.01
0 0.334633 0.099491 0.01 0.01
0 0.317559 0.042933 0.01 0.01
0 0.325029 0.011986 0.01 0.01
0 0.368782 0.013053 0.01 0.01
0 0.361312 0.055739 0.01 0.01
0 0.298351 0.017322 0.01 0.01
0 0.367714 0.131506 0.01 0.01
0 0.353842 0.192332 0.01 0.01
0 0.373050 0.225414 0.01 0.01
0 0.336767 0.261696 0.01 0.01
0 0.336767 0.333195 0.01 0.01
0 0.471227 0.416431 0.01 0.01
0 0.403997 0.290509 0.01 0.01
0 0.445616 0.242488 0.01 0.01
0 0.429608 0.189131 0.01 0.01
0 0.403997 0.132573 0.01 0.01
0 0.394393 0.057873 0.01 0.01
0 0.400796 0.029060 0.01 0.01
0 0.444548 0.044000 0.01 0.01
0 0.453085 0.023725 0.01 0.01
0 0.450951 0.070679 0.01 0.01
0 0.472294 0.108029 0.01 0.01
0 0.486167 0.074947 0.01 0.01
0 0.509644 0.050403 0.01 0.01
0 0.489368 0.027993 0.01 0.01
0 0.529919 0.027993 0.01 0.01
0 0.539524 0.014120 0.01 0.01
0 0.566202 0.015188 0.01 0.01
0 0.550195 0.047202 0.01 0.01
0 0.542725 0.088820 0.01 0.01
0 0.559799 0.090954 0.01 0.01
0 0.548061 0.120834 0.01 0.01
0 0.580075 0.138976 0.01 0.01
0 0.546994 0.192332 0.01 0.01
0 0.502174 0.198735 0.01 0.01
0 0.538456 0.301180 0.01 0.01
0 0.580075 0.411096 0.01 0.01
0 0.842591 0.437774 0.01 0.01
0 0.922626 0.437774 0.01 0.01
0 0.922626 0.328926 0.01 0.01
0 0.789234 0.295845 0.01 0.01
0 0.759354 0.247824 0.01 0.01
0 0.625962 0.295845 0.01 0.01
0 0.660110 0.238219 0.01 0.01
0 0.602485 0.114431 0.01 0.01
0 0.593948 0.079216 0.01 0.01
0 0.622760 0.076014 0.01 0.01
0 0.600350 0.031195 0.01 0.01
0 0.620626 0.022658 0.01 0.01
0 0.648372 0.050403 0.01 0.01
0 0.665446 0.068544 0.01 0.01
0 0.683587 0.019456 0.01 0.01
0 0.733743 0.017322 0.01 0.01
0 0.768958 0.044000 0.01 0.01
0 0.783898 0.085619 0.01 0.01
0 0.791368 0.052537 0.01 0.01
0 0.761488 0.113364 0.01 0.01
0 0.682520 0.141110 0.01 0.01
0 0.777495 0.228615 0.01 0.01
0 0.872470 0.224347 0.01 0.01
0 0.927962 0.281972 0.01 0.01
0 0.871403 0.077082 0.01 0.01
0 0.828718 0.008785 0.01 0.01
0 0.910887 0.013053 0.01 0.01
