0 0.022972 0.788232 0.01 0.01
0 0.420375 0.766804 0.01 0.01
0 0.504141 0.597323 0.01 0.01
0 0.531414 1.002518 0.01 0.01
0 0.796349 0.675245 0.01 0.01
0 0.934661 0.864206 0.01 0.01
0 1.489855 0.291479 0.01 0.01
0 1.591154 0.123946 0.01 0.01
0 1.092453 0.100570 0.01 0.01
0 1.014531 0.108362 0.01 0.01
0 0.730115 0.010959 0.01 0.01
0 0.589855 0.028492 0.01 0.01
0 0.648297 0.065505 0.01 0.01
0 0.630765 0.102518 0.01 0.01
0 0.603492 0.176544 0.01 0.01
0 0.511933 0.014855 0.01 0.01
0 0.527518 0.114206 0.01 0.01
0 0.428167 0.005115 0.01 0.01
0 0.322972 0.010959 0.01 0.01
0 0.367778 0.083037 0.01 0.01
0 0.303492 0.094726 0.01 0.01
0 0.213881 0.051868 0.01 0.01
0 0.169076 0.028492 0.01 0.01
0 0.083362 0.040180 0.01 0.01
0 0.044401 0.010959 0.01 0.01
0 0.019076 0.007063 0.01 0.01
0 0.069726 0.137583 0.01 0.01
