0 0.064007 1.081208 0.01 0.01
0 0.427309 0.716530 0.01 0.01
0 0.351621 0.722034 0.01 0.01
0 0.401163 0.570658 0.01 0.01
0 0.507126 0.559649 0.01 0.01
0 0.024098 0.300933 0.01 0.01
0 0.527768 0.390383 0.01 0.01
0 0.031438 0.179488 0.01 0.01
0 0.354832 0.248296 0.01 0.01
0 0.367906 0.219396 0.01 0.01
0 0.389924 0.188433 0.01 0.01
0 0.416071 0.065956 0.01 0.01
0 0.433273 0.195314 0.01 0.01
0 0.583961 0.446461 0.01 0.01
0 0.552997 0.417562 0.01 0.01
0 0.482126 0.356323 0.01 0.01
0 0.685107 0.508387 0.01 0.01
0 0.527539 0.302653 0.01 0.01
0 0.489007 0.197378 0.01 0.01
0 0.549557 0.158846 0.01 0.01
0 0.574328 0.091415 0.01 0.01
0 0.592906 0.079718 0.01 0.01
0 0.597034 0.102424 0.01 0.01
0 0.542676 0.085222 0.01 0.01
0 0.630750 0.072837 0.01 0.01
0 0.680291 0.067332 0.01 0.01
0 0.692676 0.057699 0.01 0.01
0 0.711942 0.063204 0.01 0.01
0 0.730520 0.079718 0.01 0.01
0 0.737401 0.180864 0.01 0.01
0 0.782126 0.200130 0.01 0.01
0 0.709878 0.237286 0.01 0.01
0 0.569052 0.133903 0.01 0.01
0 0.224328 0.100188 0.01 0.01
0 0.743823 0.781208 0.01 0.01
0 0.756208 0.594052 0.01 0.01
0 0.822263 0.594052 0.01 0.01
0 1.196575 1.066071 0.01 0.01
0 1.192447 0.594052 0.01 0.01
0 1.225474 0.550016 0.01 0.01
0 1.325933 0.510107 0.01 0.01
0 1.330062 0.382126 0.01 0.01
0 1.350704 0.327080 0.01 0.01
0 1.215841 0.357355 0.01 0.01
0 1.448410 0.376621 0.01 0.01
0 1.504832 0.342218 0.01 0.01
0 1.570887 0.182585 0.01 0.01
0 1.458043 0.153685 0.01 0.01
0 1.492447 0.168823 0.01 0.01
0 1.376851 0.145429 0.01 0.01
0 1.320429 0.144052 0.01 0.01
0 1.306667 0.164695 0.01 0.01
0 1.426392 0.150933 0.01 0.01
0 1.429144 0.496346 0.01 0.01
0 0.830520 0.227997 0.01 0.01
0 0.815383 0.156438 0.01 0.01
0 0.928227 0.170199 0.01 0.01
0 0.990841 0.193938 0.01 0.01
0 1.132585 0.167103 0.01 0.01
0 0.924098 0.083158 0.01 0.01
0 0.900016 0.096231 0.01 0.01
0 0.949557 0.086598 0.01 0.01
0 0.977768 0.056323 0.01 0.01
0 0.994282 0.068020 0.01 0.01
0 1.054832 0.060452 0.01 0.01
0 1.067906 0.065268 0.01 0.01
0 1.102997 0.063892 0.01 0.01
0 1.246117 0.068020 0.01 0.01
0 1.264007 0.070773 0.01 0.01
0 1.286025 0.062516 0.01 0.01
0 1.330750 0.076965 0.01 0.01
0 1.369970 0.077653 0.01 0.01
0 1.451163 0.081782 0.01 0.01
0 1.419511 0.090039 0.01 0.01
0 1.258502 0.050991 0.01 0.01
0 1.269855 0.042734 0.01 0.01
0 1.329718 0.042390 0.01 0.01
0 1.127080 0.032757 0.01 0.01
0 1.089924 0.031724 0.01 0.01
0 0.982585 0.034477 0.01 0.01
0 0.945085 0.033101 0.01 0.01
0 0.668938 0.049614 0.01 0.01
0 0.701277 0.046518 0.01 0.01
0 0.865211 0.017189 0.01 0.01
0 1.017533 0.007771 0.01 0.01
0 1.041702 0.007771 0.01 0.01
0 0.995429 0.007599 0.01 0.01
0 1.126335 0.008373 0.01 0.01
0 1.142160 0.050603 0.01 0.01
0 1.078083 0.009577 0.01 0.01
0 1.327768 0.019425 0.01 0.01
0 1.178685 0.009190 0.01 0.01
0 1.141530 0.007814 0.01 0.01
