0 0.150930 0.377153 0.01 0.01
0 0.261302 0.290265 0.01 0.01
0 0.202593 0.217466 0.01 0.01
0 0.073435 0.189286 0.01 0.01
0 0.096918 0.158758 0.01 0.01
0 0.078132 0.215118 0.01 0.01
0 0.014727 0.215118 0.01 0.01
0 0.557192 0.363063 0.01 0.01
0 0.611204 0.356018 0.01 0.01
0 0.540754 0.231556 0.01 0.01
0 0.592417 0.217466 0.01 0.01
0 0.566586 0.182241 0.01 0.01
0 0.686351 0.151713 0.01 0.01
0 0.738014 0.128229 0.01 0.01
0 0.456214 0.165803 0.01 0.01
0 0.359932 0.184590 0.01 0.01
0 0.374022 0.283220 0.01 0.01
0 1.146625 0.151713 0.01 0.01
0 1.038601 0.224511 0.01 0.01
0 0.815509 0.581458 0.01 0.01
0 1.064433 0.649560 0.01 0.01
0 1.137231 0.614335 0.01 0.01
0 0.986938 0.776370 0.01 0.01
0 0.810813 0.968934 0.01 0.01
0 0.850734 1.168543 0.01 0.01
0 1.332143 0.936057 0.01 0.01
0 1.461302 0.886742 0.01 0.01
0 1.240558 0.586155 0.01 0.01
0 1.256997 0.344276 0.01 0.01
0 1.379110 0.269130 0.01 0.01
0 1.430773 0.294961 0.01 0.01
0 1.505920 0.294961 0.01 0.01
0 1.559932 0.360715 0.01 0.01
0 1.583415 0.677740 0.01 0.01
0 1.414335 0.607290 0.01 0.01
0 1.360323 0.553278 0.01 0.01
0 0.442124 0.060128 0.01 0.01
0 0.446820 0.085959 0.01 0.01
0 0.388112 0.069521 0.01 0.01
0 0.322359 0.093004 0.01 0.01
0 0.296527 0.083611 0.01 0.01
0 0.249560 0.100049 0.01 0.01
0 0.265999 0.062476 0.01 0.01
0 0.035862 0.013161 0.01 0.01
0 0.007681 0.050734 0.01 0.01
0 0.038210 0.132926 0.01 0.01
0 0.165020 0.109443 0.01 0.01
0 0.165020 0.076566 0.01 0.01
0 0.169717 0.151713 0.01 0.01
0 0.273044 0.158758 0.01 0.01
0 0.005333 0.306703 0.01 0.01
0 0.301544 0.246199 0.01 0.01
0 0.099746 0.075270 0.01 0.01
0 0.035010 0.070475 0.01 0.01
0 0.014231 0.084061 0.01 0.01
0 0.064581 0.086459 0.01 0.01
0 0.207638 0.098447 0.01 0.01
0 0.222023 0.107238 0.01 0.01
0 0.230815 0.137608 0.01 0.01
0 0.294751 0.100844 0.01 0.01
0 0.008637 0.125620 0.01 0.01
0 0.042203 0.115230 0.01 0.01
0 0.070974 0.136809 0.01 0.01
0 0.087758 0.138407 0.01 0.01
0 0.058986 0.269476 0.01 0.01
0 0.130914 0.248697 0.01 0.01
0 0.165280 0.180765 0.01 0.01
0 0.234811 0.241504 0.01 0.01
0 0.245200 0.381364 0.01 0.01
0 0.374671 0.088057 0.01 0.01
0 0.412233 0.076069 0.01 0.01
0 0.401843 0.097648 0.01 0.01
0 0.468976 0.086459 0.01 0.01
0 0.584860 0.120825 0.01 0.01
0 0.286533 0.763456 0.01 0.01
0 0.702586 0.622988 0.01 0.01
0 0.319309 0.205262 0.01 0.01
0 0.068138 0.050245 0.01 0.01
0 0.087536 0.065295 0.01 0.01
0 0.116968 0.030178 0.01 0.01
0 0.133355 0.054927 0.01 0.01
0 0.177837 0.057269 0.01 0.01
0 0.191215 0.056934 0.01 0.01
0 0.181516 0.032519 0.01 0.01
0 0.206934 0.119476 0.01 0.01
0 0.180847 0.007101 0.01 0.01
0 0.002586 0.147737 0.01 0.01
0 0.001583 0.482185 0.01 0.01
0 0.521984 0.484192 0.01 0.01
0 0.563456 0.403924 0.01 0.01
0 0.809610 0.207603 0.01 0.01
0 0.568807 0.140044 0.01 0.01
0 0.547737 0.130345 0.01 0.01
0 0.418974 0.229008 0.01 0.01
0 0.607269 0.095563 0.01 0.01
0 0.602921 0.179509 0.01 0.01
0 0.644392 0.340379 0.01 0.01
0 1.063790 0.857101 0.01 0.01
0 1.595563 0.177168 0.01 0.01
0 0.580847 1.016299 0.01 0.01
0 0.687202 0.561449 0.01 0.01
0 1.006265 0.275161 0.01 0.01
0 0.429008 0.136867 0.01 0.01
0 0.440379 0.115462 0.01 0.01
0 0.501583 0.107770 0.01 0.01
0 0.340379 0.120814 0.01 0.01
0 0.369810 0.104426 0.01 0.01
0 0.327837 0.152252 0.01 0.01
