0 0.139855 0.979141 0.01 0.01
0 0.363881 0.947972 0.01 0.01
0 0.474920 1.041479 0.01 0.01
0 0.878167 1.117453 0.01 0.01
0 0.689206 0.797972 0.01 0.01
0 0.313232 0.679141 0.01 0.01
0 0.122323 0.708362 0.01 0.01
0 0.194401 0.562258 0.01 0.01
0 0.036609 0.527193 0.01 0.01
0 0.209985 0.455115 0.01 0.01
0 0.730115 0.597323 0.01 0.01
0 0.954141 0.435635 0.01 0.01
0 0.802193 0.404466 0.01 0.01
0 0.496349 0.472648 0.01 0.01
0 0.511933 0.429791 0.01 0.01
0 0.342453 0.406414 0.01 0.01
0 0.319076 0.340180 0.01 0.01
0 0.147648 0.312907 0.01 0.01
0 0.089206 0.359661 0.01 0.01
0 0.022972 0.400570 0.01 0.01
0 0.040505 0.242778 0.01 0.01
0 0.112583 0.252518 0.01 0.01
0 0.153492 0.223297 0.01 0.01
0 0.174920 0.201868 0.01 0.01
0 0.215830 0.238881 0.01 0.01
0 0.297648 0.231089 0.01 0.01
0 0.311284 0.168752 0.01 0.01
0 0.229466 0.170700 0.01 0.01
0 0.420375 0.199920 0.01 0.01
0 0.435959 0.229141 0.01 0.01
0 0.434011 0.151219 0.01 0.01
0 0.523622 0.149271 0.01 0.01
0 0.570375 0.182388 0.01 0.01
0 0.646349 0.199920 0.01 0.01
0 0.638557 0.314855 0.01 0.01
0 0.786609 0.299271 0.01 0.01
0 1.041804 0.388881 0.01 0.01
0 1.002843 0.273946 0.01 0.01
0 1.119726 0.277843 0.01 0.01
0 1.037907 0.199920 0.01 0.01
0 1.226868 0.318752 0.01 0.01
0 1.302843 0.416154 0.01 0.01
0 1.361284 0.533037 0.01 0.01
0 1.585310 0.870050 0.01 0.01
0 1.567778 0.423946 0.01 0.01
0 1.509336 0.240830 0.01 0.01
0 1.591154 0.176544 0.01 0.01
0 1.556089 0.170700 0.01 0.01
0 1.519076 0.137583 0.01 0.01
0 1.505440 0.116154 0.01 0.01
0 1.464531 0.223297 0.01 0.01
0 1.445050 0.092778 0.01 0.01
0 1.343752 0.147323 0.01 0.01
0 1.367128 0.092778 0.01 0.01
0 1.314531 0.174596 0.01 0.01
0 1.240505 0.184336 0.01 0.01
0 1.258037 0.254466 0.01 0.01
0 1.254141 0.147323 0.01 0.01
0 1.265830 0.106414 0.01 0.01
0 1.298946 0.110310 0.01 0.01
0 1.207388 0.147323 0.01 0.01
0 1.172323 0.137583 0.01 0.01
0 1.127518 0.149271 0.01 0.01
0 1.121674 0.114206 0.01 0.01
0 1.133362 0.086933 0.01 0.01
0 1.071024 0.100570 0.01 0.01
0 1.098297 0.059661 0.01 0.01
0 1.051544 0.100570 0.01 0.01
0 1.028167 0.059661 0.01 0.01
0 0.989206 0.079141 0.01 0.01
0 0.961933 0.075245 0.01 0.01
0 0.928817 0.141479 0.01 0.01
0 0.901544 0.190180 0.01 0.01
0 0.882063 0.155115 0.01 0.01
0 0.917128 0.092778 0.01 0.01
0 0.911284 0.053817 0.01 0.01
0 0.887907 0.073297 0.01 0.01
0 0.841154 0.147323 0.01 0.01
0 0.831414 0.114206 0.01 0.01
0 0.846998 0.059661 0.01 0.01
0 0.819726 0.075245 0.01 0.01
0 0.823622 0.065505 0.01 0.01
0 0.780765 0.081089 0.01 0.01
0 0.769076 0.059661 0.01 0.01
0 0.763232 0.046024 0.01 0.01
0 0.735959 0.081089 0.01 0.01
0 0.720375 0.028492 0.01 0.01
0 0.683362 0.046024 0.01 0.01
0 0.654141 0.038232 0.01 0.01
0 0.675570 0.155115 0.01 0.01
0 0.654141 0.127843 0.01 0.01
0 0.638557 0.120050 0.01 0.01
0 0.628817 0.106414 0.01 0.01
0 0.638557 0.059661 0.01 0.01
0 0.611284 0.042128 0.01 0.01
0 0.603492 0.051868 0.01 0.01
0 0.603492 0.073297 0.01 0.01
0 0.541154 0.079141 0.01 0.01
0 0.593752 0.114206 0.01 0.01
0 0.435959 0.106414 0.01 0.01
0 0.432063 0.086933 0.01 0.01
0 0.461284 0.067453 0.01 0.01
0 0.486609 0.110310 0.01 0.01
0 0.484661 0.086933 0.01 0.01
0 0.494401 0.055765 0.01 0.01
0 0.527518 0.046024 0.01 0.01
0 0.545050 0.046024 0.01 0.01
0 0.628817 0.010959 0.01 0.01
0 0.004791 0.171187 0.01 0.01
0 0.038881 0.168265 0.01 0.01
0 0.085635 0.157550 0.01 0.01
0 0.064206 0.127355 0.01 0.01
0 0.024271 0.106901 0.01 0.01
0 0.005765 0.053330 0.01 0.01
0 0.062258 0.080602 0.01 0.01
0 0.052518 0.041641 0.01 0.01
0 0.013557 0.009498 0.01 0.01
0 0.052518 0.006576 0.01 0.01
0 0.067128 0.017291 0.01 0.01
0 0.097323 0.070862 0.01 0.01
0 0.133362 0.091317 0.01 0.01
0 0.109985 0.053330 0.01 0.01
0 0.124596 0.020213 0.01 0.01
0 0.099271 0.014368 0.01 0.01
0 0.146024 0.027031 0.01 0.01
0 0.143102 0.009498 0.01 0.01
0 0.191804 0.019239 0.01 0.01
0 0.221998 0.071836 0.01 0.01
0 0.206414 0.064044 0.01 0.01
0 0.204466 0.096187 0.01 0.01
0 0.286284 0.062096 0.01 0.01
0 0.297972 0.080602 0.01 0.01
0 0.291154 0.102031 0.01 0.01
0 0.359336 0.053330 0.01 0.01
0 0.396349 0.066966 0.01 0.01
0 0.432388 0.036771 0.01 0.01
0 0.406089 0.030927 0.01 0.01
0 0.408037 0.009498 0.01 0.01
0 0.456739 0.009498 0.01 0.01
0 0.497648 0.020213 0.01 0.01
0 0.515180 0.013394 0.01 0.01
0 0.547323 0.012420 0.01 0.01
0 0.593102 0.005602 0.01 0.01
0 0.351544 0.023135 0.01 0.01
0 0.242453 0.020213 0.01 0.01
0 0.242453 0.046511 0.01 0.01
0 0.206414 0.003654 0.01 0.01
0 0.438232 0.010472 0.01 0.01
0 0.921024 0.065505 0.01 0.01
0 0.860635 0.065505 0.01 0.01
0 1.057588 0.700145 0.01 0.01
0 0.625998 0.033523 0.01 0.01
0 0.665797 0.027837 0.01 0.01
0 0.672486 0.064626 0.01 0.01
0 0.694559 0.104426 0.01 0.01
0 0.734024 0.051248 0.01 0.01
0 0.603590 0.450412 0.01 0.01
0 0.412285 0.593556 0.01 0.01
0 0.296232 0.014794 0.01 0.01
0 0.457770 0.043556 0.01 0.01
0 1.224994 0.116800 0.01 0.01
