0 0.354141 0.928492 0.01 0.01
0 0.576219 1.125245 0.01 0.01
0 0.648297 0.875894 0.01 0.01
0 0.860635 0.770700 0.01 0.01
0 0.938557 0.653817 0.01 0.01
0 1.071024 0.570050 0.01 0.01
0 1.123622 0.499920 0.01 0.01
0 1.246349 0.394726 0.01 0.01
0 1.287258 0.361609 0.01 0.01
0 1.312583 0.346024 0.01 0.01
0 1.343752 0.320700 0.01 0.01
0 1.367128 0.307063 0.01 0.01
0 0.036609 0.459011 0.01 0.01
0 0.114531 0.400570 0.01 0.01
0 0.328817 0.496024 0.01 0.01
0 0.375570 0.527193 0.01 0.01
0 0.293752 0.616804 0.01 0.01
0 0.654141 0.312907 0.01 0.01
0 0.285959 0.277843 0.01 0.01
0 0.385310 0.219401 0.01 0.01
0 0.354141 0.209661 0.01 0.01
0 0.188557 0.196024 0.01 0.01
0 0.093102 0.141479 0.01 0.01
0 0.050245 0.143427 0.01 0.01
0 0.009336 0.151219 0.01 0.01
0 0.172972 0.051868 0.01 0.01
0 0.225570 0.121998 0.01 0.01
0 0.434011 0.213557 0.01 0.01
0 0.406739 0.155115 0.01 0.01
0 0.391154 0.116154 0.01 0.01
0 0.348297 0.114206 0.01 0.01
0 0.254791 0.007063 0.01 0.01
0 0.726219 0.310959 0.01 0.01
0 0.843102 0.324596 0.01 0.01
0 0.508037 0.219401 0.01 0.01
0 0.533362 0.174596 0.01 0.01
0 0.506089 0.141479 0.01 0.01
0 0.531414 0.141479 0.01 0.01
0 0.548946 0.096674 0.01 0.01
0 0.562583 0.081089 0.01 0.01
0 0.584011 0.106414 0.01 0.01
0 0.580115 0.188232 0.01 0.01
0 0.916154 0.119563 0.01 0.01
0 0.971674 0.132226 0.01 0.01
0 1.004791 0.096187 0.01 0.01
0 0.953167 0.053330 0.01 0.01
0 0.916154 0.058200 0.01 0.01
0 0.774920 0.084498 0.01 0.01
0 0.721349 0.091317 0.01 0.01
0 0.684336 0.092291 0.01 0.01
0 0.708687 0.067940 0.01 0.01
0 0.765180 0.007550 0.01 0.01
0 0.898622 0.010472 0.01 0.01
0 0.952193 0.010472 0.01 0.01
0 1.043752 0.100083 0.01 0.01
0 1.085635 0.122485 0.01 0.01
0 1.108037 0.118589 0.01 0.01
0 1.137258 0.146836 0.01 0.01
0 1.055440 0.146836 0.01 0.01
0 1.084661 0.074758 0.01 0.01
0 1.064206 0.084498 0.01 0.01
0 1.109985 0.084498 0.01 0.01
0 1.136284 0.020213 0.01 0.01
0 1.108037 0.029953 0.01 0.01
0 1.063232 0.021187 0.01 0.01
0 1.242128 0.146836 0.01 0.01
0 1.291804 0.098135 0.01 0.01
0 1.300570 0.057226 0.01 0.01
0 1.235310 0.019239 0.01 0.01
0 1.213881 0.014368 0.01 0.01
0 1.368752 0.100083 0.01 0.01
0 1.467128 0.139044 0.01 0.01
0 1.481739 0.098135 0.01 0.01
0 1.391154 0.041641 0.01 0.01
0 1.345375 0.057226 0.01 0.01
0 1.425245 0.040667 0.01 0.01
0 1.499271 0.050407 0.01 0.01
0 1.531414 0.066966 0.01 0.01
0 1.561609 0.057226 0.01 0.01
0 1.546024 0.012420 0.01 0.01
0 1.587907 0.009498 0.01 0.01
0 0.064206 0.127355 0.01 0.01
0 0.717453 0.013638 0.01 0.01
0 0.727193 0.009742 0.01 0.01
0 0.781252 0.065261 0.01 0.01
0 1.174271 0.004872 0.01 0.01
0 1.367128 0.155359 0.01 0.01
0 0.097548 0.004591 0.01 0.01
