0 0.313494 1.146888 0.01 0.01
0 0.080463 1.070663 0.01 0.01
0 0.086996 0.859410 0.01 0.01
0 0.322205 0.844165 0.01 0.01
0 0.252514 0.676470 0.01 0.01
0 0.459410 0.709138 0.01 0.01
0 0.646706 0.757051 0.01 0.01
0 0.195889 0.552332 0.01 0.01
0 0.396252 0.504419 0.01 0.01
0 0.587904 0.541443 0.01 0.01
0 0.692441 0.600245 0.01 0.01
0 0.509501 0.391171 0.01 0.01
0 0.402786 0.338902 0.01 0.01
0 0.267759 0.375926 0.01 0.01
0 0.113131 0.402060 0.01 0.01
0 0.034728 0.410771 0.01 0.01
0 0.121842 0.354147 0.01 0.01
0 0.208957 0.373748 0.01 0.01
0 0.029465 0.298612 0.01 0.01
0 0.076289 0.244165 0.01 0.01
0 0.136180 0.240898 0.01 0.01
0 0.197160 0.236543 0.01 0.01
0 0.248339 0.342169 0.01 0.01
0 0.315853 0.292078 0.01 0.01
0 0.307142 0.260499 0.01 0.01
0 0.278829 0.253966 0.01 0.01
0 0.334365 0.249610 0.01 0.01
0 0.355055 0.170118 0.01 0.01
0 0.387722 0.218031 0.01 0.01
0 0.389900 0.178829 0.01 0.01
0 0.475926 0.218031 0.01 0.01
0 0.360499 0.445617 0.01 0.01
0 0.138358 0.496797 0.01 0.01
0 0.310408 0.215853 0.01 0.01
0 0.535817 0.321479 0.01 0.01
0 0.546706 0.275744 0.01 0.01
0 0.646888 0.306234 0.01 0.01
0 0.736180 0.341080 0.01 0.01
0 0.699156 0.224565 0.01 0.01
0 0.757958 0.170118 0.01 0.01
0 0.779737 0.149428 0.01 0.01
0 0.627287 0.226742 0.01 0.01
0 0.604419 0.147251 0.01 0.01
0 0.500971 0.145073 0.01 0.01
0 0.475926 0.188630 0.01 0.01
0 0.557595 0.133094 0.01 0.01
0 0.533639 0.102604 0.01 0.01
0 0.583730 0.092804 0.01 0.01
0 0.595708 0.069937 0.01 0.01
0 0.609864 0.089537 0.01 0.01
0 0.656688 0.089537 0.01 0.01
0 0.688267 0.099338 0.01 0.01
0 0.724202 0.059047 0.01 0.01
0 0.760136 0.038358 0.01 0.01
0 0.777559 0.041624 0.01 0.01
0 0.004419 0.089537 0.01 0.01
0 0.015309 0.068848 0.01 0.01
0 0.054510 0.076470 0.01 0.01
0 0.038176 0.079737 0.01 0.01
0 0.086089 0.061225 0.01 0.01
0 0.101334 0.061225 0.01 0.01
0 0.104601 0.079737 0.01 0.01
0 0.086089 0.045980 0.01 0.01
0 0.062133 0.030735 0.01 0.01
0 0.046888 0.026379 0.01 0.01
0 0.143802 0.035091 0.01 0.01
0 0.127468 0.043802 0.01 0.01
0 0.203693 0.043802 0.01 0.01
0 0.246162 0.028557 0.01 0.01
0 0.860136 0.428194 0.01 0.01
0 0.962496 0.595889 0.01 0.01
0 0.912405 0.859410 0.01 0.01
0 0.849247 0.868122 0.01 0.01
0 1.097523 0.879011 0.01 0.01
0 1.097523 0.778829 0.01 0.01
0 1.171570 1.144710 0.01 0.01
0 1.561407 0.874655 0.01 0.01
0 1.452514 0.717849 0.01 0.01
0 1.280463 0.763584 0.01 0.01
0 1.315309 0.541443 0.01 0.01
0 1.049610 0.632913 0.01 0.01
0 1.084456 0.456506 0.01 0.01
0 1.541806 0.693893 0.01 0.01
0 1.524383 0.580644 0.01 0.01
0 1.511316 0.430372 0.01 0.01
0 1.016942 0.328013 0.01 0.01
0 1.008231 0.260499 0.01 0.01
0 1.145254 0.249065 0.01 0.01
0 1.112586 0.201153 0.01 0.01
0 1.155055 0.164129 0.01 0.01
0 1.476289 0.300245 0.01 0.01
0 1.517668 0.261044 0.01 0.01
0 1.579737 0.252332 0.01 0.01
0 1.593893 0.313312 0.01 0.01
0 1.414220 0.217486 0.01 0.01
0 1.353240 0.208775 0.01 0.01
0 1.327105 0.177196 0.01 0.01
0 1.341261 0.154329 0.01 0.01
0 1.235635 0.132550 0.01 0.01
0 1.303149 0.096615 0.01 0.01
0 1.377196 0.124927 0.01 0.01
0 1.415309 0.110771 0.01 0.01
0 1.428376 0.145617 0.01 0.01
0 1.469755 0.146706 0.01 0.01
0 1.446888 0.116216 0.01 0.01
0 1.571025 0.171751 0.01 0.01
0 1.589537 0.172840 0.01 0.01
0 1.575381 0.141261 0.01 0.01
0 1.538358 0.109682 0.01 0.01
0 1.557958 0.096615 0.01 0.01
0 1.550336 0.058503 0.01 0.01
0 1.583004 0.018212 0.01 0.01
0 1.588448 0.043258 0.01 0.01
0 1.576470 0.037813 0.01 0.01
0 1.516579 0.058503 0.01 0.01
0 1.502423 0.035635 0.01 0.01
0 1.475200 0.038902 0.01 0.01
0 1.456688 0.042169 0.01 0.01
0 1.470844 0.010590 0.01 0.01
0 1.392441 0.026924 0.01 0.01
0 1.379374 0.014946 0.01 0.01
0 1.348884 0.031280 0.01 0.01
0 1.321661 0.007323 0.01 0.01
0 1.332550 0.050880 0.01 0.01
0 1.299882 0.057414 0.01 0.01
0 1.277015 0.071570 0.01 0.01
0 1.271570 0.037813 0.01 0.01
0 1.267214 0.019301 0.01 0.01
0 1.200790 0.061770 0.01 0.01
0 1.222568 0.098793 0.01 0.01
0 1.190989 0.114038 0.01 0.01
0 1.092986 0.159773 0.01 0.01
0 1.083185 0.115127 0.01 0.01
0 1.124565 0.071570 0.01 0.01
0 1.141987 0.042169 0.01 0.01
0 1.197523 0.033457 0.01 0.01
0 1.127831 0.007323 0.01 0.01
0 1.087541 0.081370 0.01 0.01
0 0.993893 0.126016 0.01 0.01
0 1.002604 0.085726 0.01 0.01
0 1.053784 0.056325 0.01 0.01
0 1.037450 0.028013 0.01 0.01
0 0.994982 0.022568 0.01 0.01
0 0.963403 0.053058 0.01 0.01
0 0.934002 0.093349 0.01 0.01
0 0.885000 0.053058 0.01 0.01
0 0.896978 0.030191 0.01 0.01
0 0.915490 0.030191 0.01 0.01
0 0.846888 0.022568 0.01 0.01
0 0.809864 0.050880 0.01 0.01
0 0.829465 0.019301 0.01 0.01
0 0.956869 0.023657 0.01 0.01
0 0.365944 0.008412 0.01 0.01
0 0.137269 0.022568 0.01 0.01
0 0.684546 0.066398 0.01 0.01
0 0.698158 0.056053 0.01 0.01
0 0.710136 0.019574 0.01 0.01
0 0.756416 0.020663 0.01 0.01
0 0.743349 0.039174 0.01 0.01
0 0.803240 0.009229 0.01 0.01
0 0.735726 0.047886 0.01 0.01
0 0.080513 0.562787 0.01 0.01
0 0.943389 0.049242 0.01 0.01
0 1.508606 0.121650 0.01 0.01
