0 0.016901 0.484254 0.01 0.01
0 0.045957 0.475537 0.01 0.01
0 0.074286 0.463915 0.01 0.01
0 0.114964 0.485707 0.01 0.01
0 0.136756 0.487160 0.01 0.01
0 0.152011 0.499508 0.01 0.01
0 0.145473 0.465368 0.01 0.01
0 0.186151 0.476264 0.01 0.01
0 0.218113 0.482075 0.01 0.01
0 0.238452 0.463915 0.01 0.01
0 0.266781 0.474085 0.01 0.01
0 0.275498 0.497329 0.01 0.01
0 0.295111 0.490792 0.01 0.01
0 0.306733 0.466821 0.01 0.01
0 0.299469 0.446481 0.01 0.01
0 0.372109 0.499508 0.01 0.01
0 0.398259 0.475537 0.01 0.01
0 0.355402 0.448661 0.01 0.01
0 0.362666 0.432680 0.01 0.01
0 0.328525 0.438491 0.01 0.01
0 0.438211 0.471179 0.01 0.01
0 0.457097 0.500961 0.01 0.01
0 0.444749 0.445029 0.01 0.01
0 0.493417 0.470453 0.01 0.01
0 0.483248 0.491518 0.01 0.01
0 0.520294 0.475537 0.01 0.01
0 0.528284 0.492971 0.01 0.01
0 0.536275 0.476264 0.01 0.01
0 0.566057 0.456651 0.01 0.01
0 0.592934 0.496603 0.01 0.01
0 0.607462 0.490065 0.01 0.01
0 0.636517 0.487160 0.01 0.01
0 0.624895 0.500235 0.01 0.01
0 0.598745 0.474811 0.01 0.01
0 0.632159 0.438491 0.01 0.01
0 0.667753 0.484254 0.01 0.01
0 0.666300 0.469000 0.01 0.01
0 0.685186 0.440670 0.01 0.01
0 0.653225 0.426142 0.01 0.01
0 0.681554 0.414520 0.01 0.01
0 0.662668 0.409435 0.01 0.01
0 0.628527 0.369483 0.01 0.01
0 0.675743 0.386191 0.01 0.01
0 0.689544 0.386191 0.01 0.01
0 0.574774 0.389096 0.01 0.01
0 0.547171 0.349144 0.01 0.01
0 0.529737 0.378927 0.01 0.01
0 0.537727 0.399266 0.01 0.01
0 0.546444 0.417426 0.01 0.01
0 0.520294 0.427595 0.01 0.01
0 0.475257 0.424690 0.01 0.01
0 0.475257 0.406530 0.01 0.01
0 0.473805 0.375295 0.01 0.01
0 0.476710 0.360767 0.01 0.01
0 0.420778 0.399266 0.01 0.01
0 0.401165 0.418152 0.01 0.01
0 0.376467 0.397086 0.01 0.01
0 0.406250 0.378927 0.01 0.01
0 0.422230 0.358587 0.01 0.01
0 0.383731 0.358587 0.01 0.01
0 0.349591 0.362219 0.01 0.01
0 0.372109 0.352050 0.01 0.01
0 0.336515 0.345512 0.01 0.01
0 0.314724 0.379653 0.01 0.01
0 0.345232 0.389096 0.01 0.01
0 0.326346 0.409435 0.01 0.01
0 0.292205 0.401445 0.01 0.01
0 0.287120 0.431227 0.01 0.01
0 0.249348 0.417426 0.01 0.01
0 0.270413 0.431227 0.01 0.01
0 0.181793 0.450840 0.01 0.01
0 0.167265 0.448661 0.01 0.01
0 0.191236 0.431227 0.01 0.01
0 0.188330 0.407982 0.01 0.01
0 0.148379 0.421058 0.01 0.01
0 0.166538 0.397086 0.01 0.01
0 0.149105 0.390549 0.01 0.01
0 0.170897 0.378927 0.01 0.01
0 0.195594 0.370210 0.01 0.01
0 0.230461 0.354955 0.01 0.01
0 0.105521 0.445029 0.01 0.01
0 0.085908 0.440670 0.01 0.01
0 0.131671 0.422510 0.01 0.01
0 0.053947 0.449387 0.01 0.01
0 0.049589 0.415973 0.01 0.01
0 0.021985 0.410888 0.01 0.01
0 0.021259 0.389096 0.01 0.01
0 0.040872 0.379653 0.01 0.01
0 0.058305 0.381106 0.01 0.01
0 0.083003 0.394907 0.01 0.01
0 0.112785 0.397813 0.01 0.01
0 0.013269 0.373842 0.01 0.01
0 0.003826 0.357135 0.01 0.01
0 0.007457 0.328079 0.01 0.01
0 0.038693 0.345512 0.01 0.01
0 0.048862 0.358587 0.01 0.01
0 0.085182 0.352050 0.01 0.01
0 0.069201 0.338248 0.01 0.01
0 0.107700 0.335343 0.01 0.01
0 0.106248 0.318636 0.01 0.01
0 0.037240 0.325173 0.01 0.01
0 0.063390 0.312824 0.01 0.01
0 0.136030 0.314277 0.01 0.01
0 0.155643 0.316456 0.01 0.01
0 0.148379 0.362219 0.01 0.01
0 0.182519 0.328079 0.01 0.01
0 0.207217 0.345512 0.01 0.01
0 0.236999 0.329532 0.01 0.01
0 0.222471 0.304834 0.01 0.01
0 0.185425 0.304108 0.01 0.01
0 0.174529 0.303381 0.01 0.01
0 0.245716 0.307740 0.01 0.01
0 0.208670 0.292485 0.01 0.01
0 0.243537 0.291032 0.01 0.01
0 0.276951 0.306287 0.01 0.01
0 0.274772 0.338975 0.01 0.01
0 0.311092 0.314277 0.01 0.01
0 0.287847 0.296117 0.01 0.01
0 0.315450 0.292485 0.01 0.01
0 0.345232 0.301202 0.01 0.01
0 0.340874 0.316456 0.01 0.01
0 0.329251 0.297570 0.01 0.01
0 0.354675 0.288127 0.01 0.01
0 0.371383 0.283768 0.01 0.01
0 0.379373 0.297570 0.01 0.01
0 0.385910 0.311372 0.01 0.01
0 0.373562 0.331711 0.01 0.01
0 0.422957 0.312824 0.01 0.01
0 0.419325 0.288853 0.01 0.01
0 0.406250 0.303381 0.01 0.01
0 0.420778 0.272146 0.01 0.01
0 0.406250 0.257618 0.01 0.01
0 0.431673 0.242364 0.01 0.01
0 0.446201 0.275778 0.01 0.01
0 0.444022 0.296117 0.01 0.01
0 0.457824 0.312824 0.01 0.01
0 0.443296 0.316456 0.01 0.01
0 0.440390 0.338248 0.01 0.01
0 0.469446 0.343333 0.01 0.01
0 0.491964 0.331711 0.01 0.01
0 0.494144 0.304834 0.01 0.01
0 0.476710 0.293212 0.01 0.01
0 0.481068 0.270693 0.01 0.01
0 0.506492 0.302655 0.01 0.01
0 0.510851 0.262703 0.01 0.01
0 0.532643 0.288853 0.01 0.01
0 0.529011 0.315004 0.01 0.01
0 0.505040 0.350597 0.01 0.01
0 0.578406 0.338975 0.01 0.01
0 0.585670 0.322994 0.01 0.01
0 0.544991 0.301202 0.01 0.01
0 0.584217 0.292485 0.01 0.01
0 0.544265 0.328805 0.01 0.01
0 0.620537 0.333164 0.01 0.01
0 0.624895 0.348418 0.01 0.01
0 0.648866 0.330258 0.01 0.01
0 0.645234 0.358587 0.01 0.01
0 0.677196 0.349144 0.01 0.01
0 0.695356 0.340427 0.01 0.01
0 0.701893 0.363672 0.01 0.01
0 0.673564 0.309192 0.01 0.01
0 0.686639 0.297570 0.01 0.01
0 0.653951 0.315004 0.01 0.01
0 0.631433 0.302655 0.01 0.01
0 0.656857 0.293938 0.01 0.01
0 0.698261 0.272146 0.01 0.01
0 0.685186 0.250354 0.01 0.01
0 0.648866 0.267788 0.01 0.01
0 0.653225 0.242364 0.01 0.01
0 0.615452 0.272146 0.01 0.01
0 0.615452 0.284495 0.01 0.01
0 0.635065 0.230015 0.01 0.01
0 0.679375 0.208950 0.01 0.01
0 0.698988 0.212582 0.01 0.01
0 0.707704 0.190790 0.01 0.01
0 0.617631 0.212582 0.01 0.01
0 0.593660 0.199506 0.01 0.01
0 0.566783 0.227110 0.01 0.01
0 0.524652 0.240911 0.01 0.01
0 0.533369 0.230015 0.01 0.01
0 0.489059 0.245269 0.01 0.01
0 0.495596 0.227110 0.01 0.01
0 0.494144 0.216214 0.01 0.01
0 0.518115 0.210402 0.01 0.01
0 0.457097 0.216940 0.01 0.01
0 0.472352 0.206044 0.01 0.01
0 0.475984 0.240911 0.01 0.01
0 0.410608 0.232194 0.01 0.01
0 0.403344 0.224204 0.01 0.01
0 0.401891 0.208950 0.01 0.01
0 0.431673 0.196601 0.01 0.01
0 0.361213 0.255439 0.01 0.01
0 0.386637 0.240911 0.01 0.01
0 0.390269 0.195148 0.01 0.01
0 0.385910 0.182073 0.01 0.01
0 0.399712 0.173356 0.01 0.01
0 0.372109 0.200959 0.01 0.01
0 0.370656 0.224204 0.01 0.01
0 0.357581 0.205318 0.01 0.01
0 0.345232 0.192242 0.01 0.01
0 0.360487 0.175535 0.01 0.01
0 0.343053 0.204591 0.01 0.01
0 0.342327 0.217666 0.01 0.01
0 0.324167 0.217666 0.01 0.01
0 0.327799 0.257618 0.01 0.01
0 0.295111 0.273599 0.01 0.01
0 0.294384 0.240911 0.01 0.01
0 0.314724 0.242364 0.01 0.01
0 0.307460 0.217666 0.01 0.01
0 0.324893 0.201686 0.01 0.01
0 0.309639 0.204591 0.01 0.01
0 0.327799 0.181346 0.01 0.01
0 0.343053 0.168998 0.01 0.01
0 0.311092 0.180620 0.01 0.01
0 0.292932 0.196601 0.01 0.01
0 0.273319 0.197327 0.01 0.01
0 0.267508 0.219119 0.01 0.01
0 0.274045 0.240911 0.01 0.01
0 0.256612 0.257618 0.01 0.01
0 0.265329 0.283768 0.01 0.01
0 0.260244 0.303381 0.01 0.01
0 0.215933 0.272146 0.01 0.01
0 0.189783 0.285948 0.01 0.01
0 0.199226 0.268514 0.01 0.01
0 0.169444 0.273599 0.01 0.01
0 0.138209 0.288127 0.01 0.01
0 0.151284 0.259797 0.01 0.01
0 0.191962 0.244543 0.01 0.01
0 0.214481 0.237279 0.01 0.01
0 0.225377 0.235100 0.01 0.01
0 0.240631 0.230015 0.01 0.01
0 0.226829 0.217666 0.01 0.01
0 0.255159 0.203865 0.01 0.01
0 0.242810 0.173356 0.01 0.01
0 0.284215 0.175535 0.01 0.01
0 0.303828 0.163913 0.01 0.01
0 0.335063 0.144300 0.01 0.01
0 0.357581 0.138489 0.01 0.01
0 0.316903 0.138489 0.01 0.01
0 0.120049 0.259797 0.01 0.01
0 0.099710 0.274325 0.01 0.01
0 0.099710 0.297570 0.01 0.01
0 0.083003 0.299023 0.01 0.01
0 0.045957 0.296117 0.01 0.01
0 0.021985 0.285948 0.01 0.01
0 0.014721 0.269241 0.01 0.01
0 0.005278 0.259797 0.01 0.01
0 0.029976 0.257618 0.01 0.01
0 0.038693 0.253260 0.01 0.01
0 0.051041 0.237279 0.01 0.01
0 0.045957 0.210402 0.01 0.01
0 0.090267 0.257618 0.01 0.01
0 0.092446 0.235826 0.01 0.01
0 0.112059 0.211855 0.01 0.01
0 0.085182 0.212582 0.01 0.01
0 0.146199 0.230741 0.01 0.01
0 0.135303 0.227110 0.01 0.01
0 0.167991 0.206770 0.01 0.01
0 0.194142 0.214034 0.01 0.01
0 0.179614 0.230015 0.01 0.01
0 0.210849 0.198780 0.01 0.01
0 0.222471 0.192242 0.01 0.01
0 0.202858 0.174809 0.01 0.01
0 0.186151 0.179894 0.01 0.01
0 0.181066 0.193695 0.01 0.01
0 0.153463 0.201686 0.01 0.01
0 0.143294 0.184252 0.01 0.01
0 0.127313 0.179167 0.01 0.01
0 0.090993 0.180620 0.01 0.01
0 0.060484 0.192242 0.01 0.01
0 0.079371 0.187158 0.01 0.01
0 0.024891 0.192242 0.01 0.01
0 0.005278 0.242364 0.01 0.01
0 0.019080 0.158828 0.01 0.01
0 0.042325 0.174083 0.01 0.01
0 0.039419 0.198780 0.01 0.01
0 0.073560 0.155196 0.01 0.01
0 0.100436 0.156649 0.01 0.01
0 0.135303 0.161007 0.01 0.01
0 0.141841 0.142847 0.01 0.01
0 0.151284 0.124688 0.01 0.01
0 0.129492 0.128319 0.01 0.01
0 0.133851 0.094179 0.01 0.01
0 0.101889 0.129772 0.01 0.01
0 0.101889 0.109433 0.01 0.01
0 0.082276 0.128319 0.01 0.01
0 0.060484 0.129772 0.01 0.01
0 0.051768 0.124688 0.01 0.01
0 0.023438 0.123235 0.01 0.01
0 0.029249 0.097811 0.01 0.01
0 0.051768 0.085462 0.01 0.01
0 0.043051 0.071661 0.01 0.01
0 0.018353 0.073840 0.01 0.01
0 0.085908 0.064397 0.01 0.01
0 0.115691 0.072387 0.01 0.01
0 0.104068 0.080377 0.01 0.01
0 0.101889 0.089820 0.01 0.01
0 0.070654 0.099264 0.01 0.01
0 0.063390 0.107254 0.01 0.01
0 0.152737 0.068755 0.01 0.01
0 0.173802 0.081830 0.01 0.01
0 0.165812 0.109433 0.01 0.01
0 0.175255 0.137763 0.01 0.01
0 0.207217 0.110886 0.01 0.01
0 0.218839 0.109433 0.01 0.01
0 0.204311 0.084009 0.01 0.01
0 0.212302 0.076745 0.01 0.01
0 0.247169 0.100716 0.01 0.01
0 0.249348 0.089094 0.01 0.01
0 0.252253 0.066576 0.01 0.01
0 0.220292 0.129772 0.01 0.01
0 0.206490 0.147932 0.01 0.01
0 0.191236 0.158828 0.01 0.01
0 0.158548 0.168271 0.01 0.01
0 0.224650 0.161007 0.01 0.01
0 0.229735 0.143574 0.01 0.01
0 0.252980 0.150838 0.01 0.01
0 0.240631 0.119603 0.01 0.01
0 0.247895 0.132678 0.01 0.01
0 0.271866 0.127593 0.01 0.01
0 0.264602 0.107980 0.01 0.01
0 0.286394 0.095632 0.01 0.01
0 0.286394 0.134857 0.01 0.01
0 0.306733 0.123235 0.01 0.01
0 0.332883 0.107254 0.01 0.01
0 0.331431 0.124688 0.01 0.01
0 0.348138 0.107254 0.01 0.01
0 0.366298 0.113065 0.01 0.01
0 0.385184 0.114518 0.01 0.01
0 0.377920 0.094905 0.01 0.01
0 0.316903 0.089820 0.01 0.01
0 0.342327 0.080377 0.01 0.01
0 0.414966 0.075292 0.01 0.01
0 0.396806 0.066576 0.01 0.01
0 0.406976 0.097811 0.01 0.01
0 0.384458 0.084009 0.01 0.01
0 0.404797 0.123235 0.01 0.01
0 0.416419 0.117424 0.01 0.01
0 0.396806 0.147932 0.01 0.01
0 0.425136 0.169724 0.01 0.01
0 0.438211 0.180620 0.01 0.01
0 0.451286 0.185705 0.01 0.01
0 0.486880 0.188610 0.01 0.01
0 0.470899 0.178441 0.01 0.01
0 0.520294 0.181346 0.01 0.01
0 0.529011 0.169724 0.01 0.01
0 0.507945 0.165366 0.01 0.01
0 0.510851 0.153017 0.01 0.01
0 0.496323 0.142847 0.01 0.01
0 0.484700 0.147932 0.01 0.01
0 0.470899 0.134131 0.01 0.01
0 0.460003 0.150111 0.01 0.01
0 0.455645 0.161007 0.01 0.01
0 0.433126 0.138489 0.01 0.01
0 0.445475 0.129772 0.01 0.01
0 0.436032 0.102169 0.01 0.01
0 0.436758 0.071661 0.01 0.01
0 0.465814 0.071661 0.01 0.01
0 0.469446 0.105801 0.01 0.01
0 0.483974 0.089094 0.01 0.01
0 0.496323 0.095632 0.01 0.01
0 0.489059 0.114518 0.01 0.01
0 0.516662 0.102896 0.01 0.01
0 0.524652 0.087641 0.01 0.01
0 0.506492 0.080377 0.01 0.01
0 0.533369 0.113065 0.01 0.01
0 0.526105 0.132678 0.01 0.01
0 0.560246 0.138489 0.01 0.01
0 0.546444 0.142847 0.01 0.01
0 0.539907 0.153017 0.01 0.01
0 0.558793 0.181346 0.01 0.01
0 0.624169 0.188610 0.01 0.01
0 0.604556 0.166092 0.01 0.01
0 0.592207 0.149385 0.01 0.01
0 0.608188 0.132678 0.01 0.01
0 0.621263 0.130499 0.01 0.01
0 0.627801 0.110886 0.01 0.01
0 0.635065 0.149385 0.01 0.01
0 0.629254 0.164639 0.01 0.01
0 0.664847 0.180620 0.01 0.01
0 0.677196 0.134131 0.01 0.01
0 0.665573 0.139942 0.01 0.01
0 0.650319 0.120329 0.01 0.01
0 0.665573 0.118150 0.01 0.01
0 0.688818 0.112339 0.01 0.01
0 0.696082 0.097084 0.01 0.01
0 0.707704 0.071661 0.01 0.01
0 0.680101 0.075292 0.01 0.01
0 0.658309 0.070208 0.01 0.01
0 0.653225 0.084009 0.01 0.01
0 0.617631 0.092000 0.01 0.01
0 0.624895 0.077472 0.01 0.01
0 0.608914 0.071661 0.01 0.01
0 0.582038 0.066576 0.01 0.01
0 0.578406 0.087641 0.01 0.01
0 0.576227 0.117424 0.01 0.01
0 0.548623 0.080377 0.01 0.01
0 0.571142 0.073840 0.01 0.01
0 0.407037 0.048021 0.01 0.01
0 0.438402 0.047185 0.01 0.01
0 0.448020 0.029621 0.01 0.01
0 0.427529 0.027112 0.01 0.01
0 0.404946 0.028366 0.01 0.01
0 0.386964 0.021675 0.01 0.01
0 0.352254 0.017912 0.01 0.01
0 0.333436 0.047185 0.01 0.01
0 0.311272 0.060567 0.01 0.01
0 0.306254 0.070185 0.01 0.01
0 0.310854 0.079386 0.01 0.01
0 0.454293 0.062240 0.01 0.01
0 0.475621 0.038403 0.01 0.01
0 0.473111 0.018748 0.01 0.01
0 0.489839 0.032548 0.01 0.01
0 0.499876 0.024603 0.01 0.01
0 0.511167 0.035476 0.01 0.01
0 0.498203 0.044676 0.01 0.01
0 0.508239 0.060567 0.01 0.01
0 0.542113 0.063494 0.01 0.01
0 0.528731 0.050112 0.01 0.01
0 0.543785 0.043421 0.01 0.01
0 0.559258 0.037567 0.01 0.01
0 0.574313 0.045094 0.01 0.01
0 0.598568 0.038403 0.01 0.01
0 0.614460 0.032548 0.01 0.01
0 0.575986 0.018748 0.01 0.01
0 0.557586 0.015821 0.01 0.01
0 0.527894 0.019584 0.01 0.01
0 0.575150 0.158423 0.01 0.01
0 0.594386 0.112004 0.01 0.01
0 0.625333 0.058476 0.01 0.01
0 0.616969 0.048858 0.01 0.01
0 0.013102 0.041330 0.01 0.01
0 0.009757 0.024603 0.01 0.01
0 0.034848 0.058476 0.01 0.01
0 0.052412 0.058894 0.01 0.01
0 0.060776 0.054712 0.01 0.01
0 0.065376 0.041330 0.01 0.01
0 0.050740 0.028366 0.01 0.01
0 0.092559 0.028366 0.01 0.01
0 0.098831 0.056385 0.01 0.01
0 0.115559 0.055967 0.01 0.01
0 0.135214 0.047603 0.01 0.01
0 0.138141 0.062240 0.01 0.01
0 0.151105 0.022512 0.01 0.01
0 0.175778 0.028366 0.01 0.01
0 0.186651 0.014984 0.01 0.01
0 0.211743 0.019584 0.01 0.01
0 0.195851 0.058058 0.01 0.01
0 0.170342 0.052203 0.01 0.01
0 0.233907 0.055549 0.01 0.01
0 0.218852 0.062240 0.01 0.01
0 0.279489 0.058058 0.01 0.01
0 0.289108 0.059731 0.01 0.01
0 0.312108 0.043003 0.01 0.01
0 0.289944 0.026694 0.01 0.01
0 0.256489 0.020839 0.01 0.01
0 0.246034 0.033385 0.01 0.01
0 0.226797 0.022512 0.01 0.01
0 0.321727 0.011221 0.01 0.01
0 0.298726 0.014984 0.01 0.01
0 0.343472 0.063494 0.01 0.01
0 0.140232 0.031085 0.01 0.01
0 0.361036 0.046976 0.01 0.01
0 0.377764 0.041121 0.01 0.01
0 0.270707 0.165742 0.01 0.01
0 0.674679 0.033594 0.01 0.01
0 0.638715 0.035476 0.01 0.01
0 0.636205 0.014984 0.01 0.01
0 0.650424 0.013730 0.01 0.01
0 0.693916 0.017075 0.01 0.01
0 0.700189 0.012475 0.01 0.01
0 0.657951 0.032966 0.01 0.01
0 0.692243 0.055549 0.01 0.01
0 0.645406 0.055967 0.01 0.01
0 0.673424 0.055549 0.01 0.01
0 0.693916 0.172224 0.01 0.01
0 0.439656 0.017912 0.01 0.01
0 0.463075 0.094859 0.01 0.01
0 0.317127 0.027530 0.01 0.01
0 0.380691 0.058476 0.01 0.01
0 0.370237 0.078131 0.01 0.01
0 0.359782 0.089840 0.01 0.01
0 0.056594 0.273635 0.01 0.01
0 0.014775 0.322145 0.01 0.01
0 0.009757 0.458475 0.01 0.01
0 0.071649 0.522876 0.01 0.01
0 0.057431 0.513676 0.01 0.01
0 0.022303 0.517021 0.01 0.01
0 0.107613 0.527058 0.01 0.01
0 0.136887 0.521203 0.01 0.01
0 0.170342 0.508658 0.01 0.01
0 0.192924 0.515349 0.01 0.01
0 0.215506 0.515349 0.01 0.01
0 0.262344 0.514512 0.01 0.01
0 0.275726 0.532913 0.01 0.01
0 0.314199 0.528731 0.01 0.01
0 0.466420 0.523712 0.01 0.01
0 0.491512 0.515349 0.01 0.01
0 0.536676 0.525385 0.01 0.01
0 0.627005 0.522040 0.01 0.01
0 0.698934 0.521203 0.01 0.01
0 0.708134 0.444256 0.01 0.01
0 0.634533 0.405783 0.01 0.01
0 0.508239 0.406619 0.01 0.01
0 0.552567 0.120577 0.01 0.01
0 0.798958 0.748598 0.01 0.01
0 0.226041 0.371019 0.01 0.01
0 0.088222 0.538196 0.01 0.01
0 0.061311 0.555321 0.01 0.01
0 0.049079 0.588756 0.01 0.01
0 0.005042 0.588756 0.01 0.01
0 0.004226 0.615668 0.01 0.01
0 0.018905 0.630347 0.01 0.01
0 0.038477 0.625454 0.01 0.01
0 0.011566 0.657258 0.01 0.01
0 0.028691 0.681723 0.01 0.01
0 0.006673 0.698848 0.01 0.01
0 0.005042 0.728206 0.01 0.01
0 0.011566 0.790183 0.01 0.01
0 0.112687 0.841560 0.01 0.01
0 0.093115 0.817095 0.01 0.01
0 0.111872 0.789368 0.01 0.01
0 0.092300 0.782844 0.01 0.01
0 0.101270 0.741254 0.01 0.01
0 0.075990 0.778767 0.01 0.01
0 0.084960 0.708634 0.01 0.01
0 0.122473 0.721682 0.01 0.01
0 0.089038 0.667044 0.01 0.01
0 0.093115 0.643394 0.01 0.01
0 0.098008 0.571631 0.01 0.01
0 0.108610 0.546351 0.01 0.01
0 0.125735 0.529225 0.01 0.01
0 0.146122 0.545535 0.01 0.01
0 0.145307 0.561029 0.01 0.01
0 0.165694 0.532487 0.01 0.01
0 0.179558 0.548797 0.01 0.01
0 0.197499 0.565922 0.01 0.01
0 0.173034 0.596096 0.01 0.01
0 0.151015 0.579786 0.01 0.01
0 0.146938 0.609959 0.01 0.01
0 0.138783 0.620561 0.01 0.01
0 0.165694 0.641763 0.01 0.01
0 0.160801 0.662966 0.01 0.01
0 0.208916 0.641763 0.01 0.01
0 0.196683 0.598542 0.01 0.01
0 0.235827 0.661335 0.01 0.01
0 0.206469 0.687431 0.01 0.01
0 0.187713 0.735545 0.01 0.01
0 0.144491 0.760010 0.01 0.01
0 0.155908 0.844006 0.01 0.01
0 0.235011 0.822803 0.01 0.01
0 0.252952 0.789368 0.01 0.01
0 0.268447 0.761641 0.01 0.01
0 0.207285 0.733099 0.01 0.01
0 0.234196 0.729837 0.01 0.01
0 0.269262 0.733099 0.01 0.01
0 0.287203 0.719235 0.01 0.01
0 0.229303 0.704557 0.01 0.01
0 0.250506 0.680092 0.01 0.01
0 0.289649 0.621376 0.01 0.01
0 0.254583 0.623007 0.01 0.01
0 0.215439 0.579786 0.01 0.01
0 0.212178 0.543089 0.01 0.01
0 0.260292 0.583863 0.01 0.01
0 0.247244 0.551244 0.01 0.01
0 0.297804 0.559399 0.01 0.01
0 0.290465 0.577339 0.01 0.01
0 0.301066 0.607513 0.01 0.01
0 0.319007 0.577339 0.01 0.01
0 0.342657 0.585494 0.01 0.01
0 0.321454 0.617299 0.01 0.01
0 0.331240 0.651549 0.01 0.01
0 0.351627 0.636870 0.01 0.01
0 0.326347 0.691509 0.01 0.01
0 0.327162 0.721682 0.01 0.01
0 0.313299 0.763272 0.01 0.01
0 0.307590 0.704557 0.01 0.01
0 0.297804 0.826065 0.01 0.01
0 0.365490 0.807309 0.01 0.01
0 0.357336 0.788552 0.01 0.01
0 0.363044 0.744516 0.01 0.01
0 0.389140 0.677645 0.01 0.01
0 0.381800 0.583863 0.01 0.01
0 0.361413 0.539827 0.01 0.01
0 0.381800 0.551244 0.01 0.01
0 0.353258 0.523517 0.01 0.01
0 0.401372 0.533303 0.01 0.01
0 0.421760 0.548797 0.01 0.01
0 0.427468 0.598542 0.01 0.01
0 0.424206 0.614852 0.01 0.01
0 0.407081 0.605882 0.01 0.01
0 0.460903 0.672752 0.01 0.01
0 0.417682 0.724128 0.01 0.01
0 0.438069 0.717604 0.01 0.01
0 0.425837 0.760010 0.01 0.01
0 0.420944 0.789368 0.01 0.01
0 0.421760 0.845637 0.01 0.01
0 0.464981 0.845637 0.01 0.01
0 0.459272 0.796707 0.01 0.01
0 0.323085 0.852161 0.01 0.01
0 0.504125 0.788552 0.01 0.01
0 0.488630 0.763272 0.01 0.01
0 0.488630 0.722497 0.01 0.01
0 0.491077 0.688247 0.01 0.01
0 0.491892 0.670306 0.01 0.01
0 0.468243 0.611590 0.01 0.01
0 0.459272 0.596911 0.01 0.01
0 0.476398 0.562660 0.01 0.01
0 0.490261 0.543089 0.01 0.01
0 0.481291 0.527594 0.01 0.01
0 0.553054 0.543089 0.01 0.01
0 0.535929 0.583048 0.01 0.01
0 0.544084 0.655627 0.01 0.01
0 0.562025 0.617299 0.01 0.01
0 0.554685 0.671121 0.01 0.01
0 0.531036 0.697217 0.01 0.01
0 0.525327 0.735545 0.01 0.01
0 0.539191 0.806493 0.01 0.01
0 0.517172 0.805678 0.01 0.01
0 0.581596 0.746147 0.01 0.01
0 0.594644 0.731468 0.01 0.01
0 0.598722 0.761641 0.01 0.01
0 0.604430 0.811386 0.01 0.01
0 0.571811 0.836667 0.01 0.01
0 0.555501 0.728206 0.01 0.01
0 0.680271 0.817095 0.01 0.01
0 0.694135 0.804862 0.01 0.01
0 0.659884 0.763272 0.01 0.01
0 0.628080 0.741254 0.01 0.01
0 0.622371 0.698848 0.01 0.01
0 0.603615 0.685800 0.01 0.01
0 0.590567 0.648287 0.01 0.01
0 0.622371 0.618930 0.01 0.01
0 0.638681 0.653180 0.01 0.01
0 0.663146 0.694771 0.01 0.01
0 0.647652 0.691509 0.01 0.01
0 0.686795 0.718420 0.01 0.01
0 0.701474 0.739623 0.01 0.01
0 0.712076 0.776320 0.01 0.01
0 0.771607 0.782028 0.01 0.01
0 0.783024 0.711080 0.01 0.01
0 0.796071 0.691509 0.01 0.01
0 0.716153 0.683354 0.01 0.01
0 0.707183 0.662966 0.01 0.01
0 0.659884 0.609144 0.01 0.01
0 0.624818 0.590387 0.01 0.01
0 0.610139 0.579786 0.01 0.01
0 0.591382 0.545535 0.01 0.01
0 0.577519 0.537380 0.01 0.01
0 0.667223 0.549613 0.01 0.01
0 0.648467 0.583048 0.01 0.01
0 0.689242 0.600173 0.01 0.01
0 0.681902 0.576524 0.01 0.01
0 0.709629 0.600173 0.01 0.01
0 0.716153 0.569184 0.01 0.01
0 0.720231 0.551244 0.01 0.01
0 0.721046 0.516177 0.01 0.01
0 0.741433 0.513731 0.01 0.01
0 0.752850 0.523517 0.01 0.01
0 0.775684 0.523517 0.01 0.01
0 0.766714 0.539827 0.01 0.01
0 0.761005 0.585494 0.01 0.01
0 0.779762 0.594465 0.01 0.01
0 0.773238 0.585494 0.01 0.01
0 0.745511 0.611590 0.01 0.01
0 0.777315 0.658889 0.01 0.01
0 0.738171 0.670306 0.01 0.01
0 0.796071 0.638501 0.01 0.01
0 0.747957 0.476218 0.01 0.01
0 0.716969 0.469694 0.01 0.01
0 0.756928 0.450938 0.01 0.01
0 0.772422 0.482742 0.01 0.01
0 0.771607 0.424842 0.01 0.01
0 0.756112 0.432181 0.01 0.01
0 0.739802 0.397931 0.01 0.01
0 0.707183 0.382436 0.01 0.01
0 0.755297 0.376728 0.01 0.01
0 0.769160 0.375097 0.01 0.01
0 0.792810 0.379174 0.01 0.01
0 0.037662 0.881225 0.01 0.01
0 0.169772 0.895904 0.01 0.01
0 0.063758 0.968483 0.01 0.01
0 0.052341 1.005180 0.01 0.01
0 0.003411 0.989686 0.01 0.01
0 0.009935 0.940756 0.01 0.01
0 0.087407 0.987239 0.01 0.01
0 0.108610 0.988870 0.01 0.01
0 0.137152 0.997025 0.01 0.01
0 0.193421 0.991317 0.01 0.01
0 0.206469 0.957066 0.01 0.01
0 0.198314 0.920369 0.01 0.01
0 0.248875 0.984793 0.01 0.01
0 0.262738 0.975007 0.01 0.01
0 0.304328 1.006811 0.01 0.01
0 0.367937 0.981531 0.01 0.01
0 0.403819 1.005180 0.01 0.01
0 0.426653 1.014151 0.01 0.01
0 0.517988 1.014151 0.01 0.01
0 0.499232 1.006811 0.01 0.01
0 0.503309 0.979084 0.01 0.01
0 0.451117 0.958697 0.01 0.01
0 0.544899 0.993763 0.01 0.01
0 0.593013 0.994579 0.01 0.01
0 0.656622 1.006811 0.01 0.01
0 0.665592 0.986424 0.01 0.01
0 0.688426 1.008442 0.01 0.01
0 0.756112 0.997025 0.01 0.01
0 0.779762 1.009258 0.01 0.01
0 0.714522 1.008442 0.01 0.01
0 0.743064 0.948911 0.01 0.01
0 0.756928 0.926077 0.01 0.01
0 0.755297 0.897535 0.01 0.01
0 0.740618 0.877148 0.01 0.01
0 0.696581 0.870624 0.01 0.01
0 0.577519 0.943203 0.01 0.01
0 0.546530 0.920369 0.01 0.01
0 0.630526 0.857576 0.01 0.01
0 0.523696 0.844528 0.01 0.01
0 0.445409 0.894273 0.01 0.01
0 0.386693 0.934232 0.01 0.01
0 0.246428 0.829849 0.01 0.01
0 0.639497 0.728728 0.01 0.01
0 0.827468 1.008442 0.01 0.01
0 0.886999 0.997025 0.01 0.01
0 0.869058 1.009258 0.01 0.01
0 0.853564 0.962775 0.01 0.01
0 0.860903 0.917107 0.01 0.01
0 0.878844 0.899166 0.01 0.01
0 0.865796 0.871439 0.01 0.01
0 0.816867 0.848605 0.01 0.01
0 0.735317 0.840450 0.01 0.01
0 0.868243 0.797229 0.01 0.01
0 0.820944 0.825771 0.01 0.01
0 0.904940 0.854314 0.01 0.01
0 0.899232 0.812724 0.01 0.01
0 0.939191 0.811908 0.01 0.01
0 0.953870 0.850236 0.01 0.01
0 0.991382 0.833111 0.01 0.01
0 0.974257 0.789890 0.01 0.01
0 0.978334 0.770318 0.01 0.01
0 0.985674 0.746669 0.01 0.01
0 0.936744 0.748300 0.01 0.01
0 0.917172 0.780104 0.01 0.01
0 0.851933 0.719757 0.01 0.01
0 0.865796 0.731990 0.01 0.01
0 0.823391 0.712418 0.01 0.01
0 0.863350 0.683875 0.01 0.01
0 0.851117 0.678983 0.01 0.01
0 0.835623 0.661857 0.01 0.01
0 0.856010 0.621082 0.01 0.01
0 0.816867 0.602326 0.01 0.01
0 0.842147 0.556658 0.01 0.01
0 0.822575 0.537086 0.01 0.01
0 0.866612 0.581939 0.01 0.01
0 0.869874 0.606404 0.01 0.01
0 0.882106 0.633315 0.01 0.01
0 0.930220 0.671643 0.01 0.01
0 0.908202 0.659411 0.01 0.01
0 0.923696 0.620267 0.01 0.01
0 0.941637 0.623529 0.01 0.01
0 0.982412 0.667566 0.01 0.01
0 0.955501 0.703447 0.01 0.01
0 1.004430 0.672459 0.01 0.01
0 0.988120 0.653702 0.01 0.01
0 0.928589 0.722204 0.01 0.01
0 0.996275 0.727912 0.01 0.01
0 1.028895 0.731174 0.01 0.01
0 1.034604 0.793152 0.01 0.01
0 1.025633 0.875517 0.01 0.01
0 1.001168 0.893458 0.01 0.01
0 1.006877 0.976638 0.01 0.01
0 1.072932 0.970114 0.01 0.01
0 1.104736 1.005180 0.01 0.01
0 1.144695 1.010889 0.01 0.01
0 1.154481 0.908952 0.01 0.01
0 1.105552 0.892642 0.01 0.01
0 1.080271 0.905690 0.01 0.01
0 1.058253 0.868177 0.01 0.01
0 1.204226 0.931786 0.01 0.01
0 1.170791 0.899981 0.01 0.01
0 1.209935 0.861653 0.01 0.01
0 1.231138 0.862469 0.01 0.01
0 1.229507 0.887749 0.01 0.01
0 1.236031 0.910583 0.01 0.01
0 1.225429 0.935863 0.01 0.01
0 1.243370 0.992132 0.01 0.01
0 1.273543 0.979900 0.01 0.01
0 1.269466 0.952989 0.01 0.01
0 1.289853 0.903243 0.01 0.01
0 1.273543 0.918738 0.01 0.01
0 1.329813 0.930155 0.01 0.01
0 1.330628 0.952173 0.01 0.01
0 1.354277 0.963590 0.01 0.01
0 1.353462 0.882856 0.01 0.01
0 1.307794 0.835557 0.01 0.01
0 1.289853 0.824141 0.01 0.01
0 1.298008 0.793152 0.01 0.01
0 1.274359 0.776026 0.01 0.01
0 1.262942 0.795598 0.01 0.01
0 1.249079 0.833111 0.01 0.01
0 1.177315 0.799676 0.01 0.01
0 1.169160 0.771133 0.01 0.01
0 1.147142 0.791521 0.01 0.01
0 1.151219 0.840450 0.01 0.01
0 1.131647 0.864915 0.01 0.01
0 1.073747 0.820063 0.01 0.01
0 1.117784 0.815986 0.01 0.01
0 1.090057 0.797229 0.01 0.01
0 1.097397 0.770318 0.01 0.01
0 1.129201 0.777657 0.01 0.01
0 1.118600 0.757270 0.01 0.01
0 1.114522 0.737698 0.01 0.01
0 1.059884 0.737698 0.01 0.01
0 1.054991 0.696108 0.01 0.01
0 1.059884 0.683875 0.01 0.01
0 1.019109 0.645547 0.01 0.01
0 1.030526 0.628422 0.01 0.01
0 1.069670 0.642285 0.01 0.01
0 1.085980 0.636577 0.01 0.01
0 1.143064 0.649625 0.01 0.01
0 1.152035 0.634130 0.01 0.01
0 1.155297 0.677352 0.01 0.01
0 1.214012 0.674090 0.01 0.01
0 1.214012 0.691215 0.01 0.01
0 1.200964 0.700185 0.01 0.01
0 1.242555 0.714049 0.01 0.01
0 1.257234 0.727912 0.01 0.01
0 1.299639 0.714049 0.01 0.01
0 1.298008 0.691215 0.01 0.01
0 1.271912 0.689584 0.01 0.01
0 1.252341 0.668381 0.01 0.01
0 1.279252 0.663488 0.01 0.01
0 1.320842 0.685506 0.01 0.01
0 1.342045 0.674090 0.01 0.01
0 1.337152 0.648809 0.01 0.01
0 1.358355 0.687953 0.01 0.01
0 1.356724 0.758901 0.01 0.01
0 1.338783 0.751562 0.01 0.01
0 1.311872 0.767056 0.01 0.01
0 1.300455 0.638208 0.01 0.01
0 1.320027 0.599880 0.01 0.01
0 1.271097 0.613743 0.01 0.01
0 1.250710 0.613743 0.01 0.01
0 1.217274 0.637392 0.01 0.01
0 1.185470 0.626791 0.01 0.01
0 1.198518 0.605588 0.01 0.01
0 1.231138 0.590909 0.01 0.01
0 1.242555 0.570522 0.01 0.01
0 1.244186 0.557474 0.01 0.01
0 1.199333 0.576230 0.01 0.01
0 1.143064 0.612112 0.01 0.01
0 1.074563 0.604773 0.01 0.01
0 1.075378 0.581939 0.01 0.01
0 1.032157 0.585201 0.01 0.01
0 1.044390 0.568075 0.01 0.01
0 1.019109 0.591725 0.01 0.01
0 0.981596 0.608034 0.01 0.01
0 0.976704 0.587647 0.01 0.01
0 0.929405 0.577046 0.01 0.01
0 0.900047 0.576230 0.01 0.01
0 0.913910 0.549319 0.01 0.01
0 0.960394 0.548503 0.01 0.01
0 0.940822 0.549319 0.01 0.01
0 1.028080 0.525670 0.01 0.01
0 1.006061 0.545241 0.01 0.01
0 1.011770 0.570522 0.01 0.01
0 1.094135 0.537902 0.01 0.01
0 1.091688 0.573784 0.01 0.01
0 1.133278 0.599064 0.01 0.01
0 1.148773 0.579492 0.01 0.01
0 1.126754 0.573784 0.01 0.01
0 1.158559 0.553396 0.01 0.01
0 1.174869 0.556658 0.01 0.01
0 1.198518 0.537086 0.01 0.01
0 1.257234 0.547688 0.01 0.01
0 1.267020 0.541979 0.01 0.01
0 1.240108 0.524854 0.01 0.01
0 1.289853 0.542795 0.01 0.01
0 1.309425 0.545241 0.01 0.01
0 1.333075 0.560736 0.01 0.01
0 1.293115 0.580308 0.01 0.01
0 1.355908 0.581939 0.01 0.01
0 1.407692 0.931786 0.01 0.01
0 1.446836 0.951358 0.01 0.01
0 1.397906 1.002734 0.01 0.01
0 1.432157 1.006811 0.01 0.01
0 1.384858 0.914660 0.01 0.01
0 1.422371 0.888565 0.01 0.01
0 1.460699 0.882041 0.01 0.01
0 1.456622 0.858391 0.01 0.01
0 1.456622 0.834742 0.01 0.01
0 1.454175 0.824141 0.01 0.01
0 1.524308 0.837188 0.01 0.01
0 1.536540 0.885303 0.01 0.01
0 1.586286 0.841266 0.01 0.01
0 1.565898 0.827402 0.01 0.01
0 1.553666 0.787443 0.01 0.01
0 1.541433 0.758901 0.01 0.01
0 1.515338 0.759716 0.01 0.01
0 1.503921 0.801307 0.01 0.01
0 1.478640 0.793152 0.01 0.01
0 1.474563 0.736883 0.01 0.01
0 1.418294 0.735252 0.01 0.01
0 1.413401 0.772764 0.01 0.01
0 1.379965 0.754823 0.01 0.01
0 1.385674 0.831480 0.01 0.01
0 1.368549 0.848605 0.01 0.01
0 1.377519 0.703447 0.01 0.01
0 1.408508 0.687953 0.01 0.01
0 1.388936 0.676536 0.01 0.01
0 1.450098 0.663488 0.01 0.01
0 1.481087 0.694477 0.01 0.01
0 1.476194 0.678983 0.01 0.01
0 1.480271 0.666750 0.01 0.01
0 1.525939 0.676536 0.01 0.01
0 1.563452 0.700185 0.01 0.01
0 1.591179 0.731174 0.01 0.01
0 1.535725 0.651256 0.01 0.01
0 1.587917 0.655333 0.01 0.01
0 1.595256 0.625975 0.01 0.01
0 1.560190 0.579492 0.01 0.01
0 1.549588 0.613743 0.01 0.01
0 1.538171 0.596618 0.01 0.01
0 1.481902 0.596618 0.01 0.01
0 1.494950 0.576230 0.01 0.01
0 1.468039 0.573784 0.01 0.01
0 1.434604 0.598249 0.01 0.01
0 1.450098 0.643916 0.01 0.01
0 1.379965 0.606404 0.01 0.01
0 1.408508 0.572153 0.01 0.01
0 1.391382 0.542795 0.01 0.01
0 1.363656 0.536271 0.01 0.01
0 1.428080 0.550950 0.01 0.01
0 1.413401 0.522408 0.01 0.01
0 1.406061 0.532194 0.01 0.01
0 1.437050 0.520777 0.01 0.01
0 1.473747 0.528932 0.01 0.01
0 1.494950 0.553396 0.01 0.01
0 1.525123 0.548503 0.01 0.01
0 1.561821 0.528116 0.01 0.01
0 1.565898 0.555027 0.01 0.01
0 0.868243 0.526779 0.01 0.01
0 0.908202 0.516993 0.01 0.01
0 0.879660 0.486004 0.01 0.01
0 0.807896 0.521070 0.01 0.01
0 0.814420 0.498236 0.01 0.01
0 0.822575 0.508838 0.01 0.01
0 0.799741 0.459908 0.01 0.01
0 0.802188 0.419133 0.01 0.01
0 0.829099 0.439521 0.01 0.01
0 0.833992 0.459908 0.01 0.01
0 0.869874 0.462355 0.01 0.01
0 0.873951 0.450938 0.01 0.01
0 0.889446 0.447676 0.01 0.01
0 0.901678 0.465617 0.01 0.01
0 0.918803 0.481111 0.01 0.01
0 0.933482 0.502314 0.01 0.01
0 0.965287 0.505576 0.01 0.01
0 1.006061 0.508838 0.01 0.01
0 1.025633 0.496605 0.01 0.01
0 1.040312 0.473772 0.01 0.01
0 1.005246 0.468063 0.01 0.01
0 0.980781 0.477849 0.01 0.01
0 0.966102 0.457462 0.01 0.01
0 0.953054 0.457462 0.01 0.01
0 0.922065 0.436259 0.01 0.01
0 0.940006 0.419949 0.01 0.01
0 0.907386 0.387329 0.01 0.01
0 0.898416 0.415871 0.01 0.01
0 0.995460 0.441967 0.01 0.01
0 1.039497 0.420764 0.01 0.01
0 0.993829 0.413425 0.01 0.01
0 1.003615 0.409348 0.01 0.01
0 1.032157 0.391407 0.01 0.01
0 1.059884 0.388145 0.01 0.01
0 1.063146 0.403639 0.01 0.01
0 1.087611 0.393038 0.01 0.01
0 1.105552 0.403639 0.01 0.01
0 1.105552 0.436259 0.01 0.01
0 1.081087 0.484373 0.01 0.01
0 1.057437 0.482742 0.01 0.01
0 1.094135 0.508838 0.01 0.01
0 1.130016 0.508838 0.01 0.01
0 1.146326 0.501498 0.01 0.01
0 1.131647 0.486820 0.01 0.01
0 1.180577 0.474587 0.01 0.01
0 1.169976 0.445229 0.01 0.01
0 1.174053 0.433812 0.01 0.01
0 1.165898 0.521070 0.01 0.01
0 1.197702 0.511284 0.01 0.01
0 1.224614 0.490081 0.01 0.01
0 1.211566 0.464801 0.01 0.01
0 1.239293 0.503945 0.01 0.01
0 1.272728 0.481111 0.01 0.01
0 1.304532 0.513731 0.01 0.01
0 1.341229 0.479480 0.01 0.01
0 1.297193 0.476218 0.01 0.01
0 1.303717 0.445229 0.01 0.01
0 1.286591 0.448491 0.01 0.01
0 1.270281 0.434628 0.01 0.01
0 1.246632 0.437074 0.01 0.01
0 1.232769 0.449307 0.01 0.01
0 1.226245 0.415871 0.01 0.01
0 1.194441 0.392222 0.01 0.01
0 1.194441 0.423211 0.01 0.01
0 1.170791 0.409348 0.01 0.01
0 1.169160 0.379174 0.01 0.01
0 1.145511 0.385698 0.01 0.01
0 1.130832 0.417502 0.01 0.01
0 1.118600 0.373466 0.01 0.01
0 1.131647 0.345739 0.01 0.01
0 1.112076 0.335138 0.01 0.01
0 1.090057 0.322905 0.01 0.01
0 1.069670 0.357971 0.01 0.01
0 1.050913 0.348185 0.01 0.01
0 1.018294 0.359602 0.01 0.01
0 0.979150 0.379174 0.01 0.01
0 0.967733 0.379990 0.01 0.01
0 0.966918 0.359602 0.01 0.01
0 0.931036 0.363680 0.01 0.01
0 0.940006 0.345739 0.01 0.01
0 0.926143 0.326167 0.01 0.01
0 0.914726 0.344923 0.01 0.01
0 0.896785 0.344923 0.01 0.01
0 0.876398 0.349001 0.01 0.01
0 0.922881 0.396300 0.01 0.01
0 0.876398 0.383252 0.01 0.01
0 0.851933 0.414241 0.01 0.01
0 0.842147 0.399562 0.01 0.01
0 0.829915 0.391407 0.01 0.01
0 0.846224 0.365311 0.01 0.01
0 0.826653 0.362864 0.01 0.01
0 0.797295 0.357156 0.01 0.01
0 0.763859 0.347370 0.01 0.01
0 0.736133 0.350632 0.01 0.01
0 0.723900 0.339215 0.01 0.01
0 0.728793 0.304964 0.01 0.01
0 0.719823 0.286208 0.01 0.01
0 0.745919 0.271529 0.01 0.01
0 0.741026 0.259297 0.01 0.01
0 0.747550 0.299256 0.01 0.01
0 0.756520 0.313935 0.01 0.01
0 0.754889 0.335138 0.01 0.01
0 0.789140 0.311488 0.01 0.01
0 0.798926 0.336769 0.01 0.01
0 0.816051 0.316381 0.01 0.01
0 0.780169 0.287839 0.01 0.01
0 0.773645 0.256035 0.01 0.01
0 0.808712 0.265005 0.01 0.01
0 0.827468 0.290285 0.01 0.01
0 0.837254 0.305780 0.01 0.01
0 0.844593 0.300071 0.01 0.01
0 0.848671 0.318828 0.01 0.01
0 0.859272 0.348185 0.01 0.01
0 0.831546 0.348185 0.01 0.01
0 0.872320 0.288654 0.01 0.01
0 0.886184 0.313935 0.01 0.01
0 0.900863 0.291916 0.01 0.01
0 0.896785 0.270713 0.01 0.01
0 0.914726 0.295994 0.01 0.01
0 0.931851 0.282130 0.01 0.01
0 0.844593 0.273975 0.01 0.01
0 0.824206 0.265821 0.01 0.01
0 0.961209 0.294363 0.01 0.01
0 0.973442 0.290285 0.01 0.01
0 0.993829 0.299256 0.01 0.01
0 0.993013 0.327798 0.01 0.01
0 0.965287 0.327798 0.01 0.01
0 0.973442 0.342477 0.01 0.01
0 1.018294 0.331876 0.01 0.01
0 1.025633 0.318828 0.01 0.01
0 1.054175 0.319643 0.01 0.01
0 1.066408 0.320459 0.01 0.01
0 1.057437 0.334322 0.01 0.01
0 1.077825 0.307411 0.01 0.01
0 1.103105 0.303333 0.01 0.01
0 1.128385 0.309042 0.01 0.01
0 1.146326 0.324536 0.01 0.01
0 1.152850 0.295994 0.01 0.01
0 1.174869 0.274791 0.01 0.01
0 1.153666 0.256035 0.01 0.01
0 1.115338 0.279684 0.01 0.01
0 1.127570 0.265005 0.01 0.01
0 1.103921 0.259297 0.01 0.01
0 1.091688 0.276422 0.01 0.01
0 1.058253 0.260112 0.01 0.01
0 1.050913 0.279684 0.01 0.01
0 1.010954 0.270713 0.01 0.01
0 0.993829 0.253588 0.01 0.01
0 1.176500 0.330245 0.01 0.01
0 1.165898 0.313119 0.01 0.01
0 1.187917 0.309042 0.01 0.01
0 1.224614 0.276422 0.01 0.01
0 1.232769 0.301702 0.01 0.01
0 1.220536 0.304964 0.01 0.01
0 1.211566 0.350632 0.01 0.01
0 1.188732 0.374281 0.01 0.01
0 1.232769 0.380805 0.01 0.01
0 1.267835 0.396300 0.01 0.01
0 1.294746 0.370204 0.01 0.01
0 1.293115 0.407717 0.01 0.01
0 1.303717 0.396300 0.01 0.01
0 1.312687 0.360418 0.01 0.01
0 1.287407 0.349001 0.01 0.01
0 1.256418 0.341662 0.01 0.01
0 1.251525 0.322090 0.01 0.01
0 1.233584 0.352263 0.01 0.01
0 1.224614 0.334322 0.01 0.01
0 1.248263 0.277237 0.01 0.01
0 1.247448 0.256850 0.01 0.01
0 1.290669 0.261743 0.01 0.01
0 1.287407 0.293547 0.01 0.01
0 1.306163 0.291101 0.01 0.01
0 1.302901 0.320459 0.01 0.01
0 1.315949 0.331060 0.01 0.01
0 1.022371 0.423211 0.01 0.01
0 0.996275 0.600989 0.01 0.01
0 0.725531 0.244911 0.01 0.01
0 0.723085 0.215554 0.01 0.01
0 0.717376 0.186196 0.01 0.01
0 0.714114 0.162546 0.01 0.01
0 0.713299 0.151129 0.01 0.01
0 0.706775 0.136451 0.01 0.01
0 0.721454 0.136451 0.01 0.01
0 0.729609 0.108724 0.01 0.01
0 0.721454 0.096491 0.01 0.01
0 0.732055 0.089152 0.01 0.01
0 0.731240 0.067949 0.01 0.01
0 0.705144 0.039407 0.01 0.01
0 0.717376 0.018204 0.01 0.01
0 0.737764 0.036960 0.01 0.01
0 0.729609 0.031252 0.01 0.01
0 0.745103 0.014942 0.01 0.01
0 0.765490 0.018204 0.01 0.01
0 0.730424 0.014126 0.01 0.01
0 0.772830 0.036960 0.01 0.01
0 0.767937 0.066318 0.01 0.01
0 0.768752 0.057348 0.01 0.01
0 0.756520 0.071211 0.01 0.01
0 0.755705 0.107908 0.01 0.01
0 0.774461 0.113617 0.01 0.01
0 0.761413 0.122587 0.01 0.01
0 0.755705 0.149499 0.01 0.01
0 0.785878 0.128296 0.01 0.01
0 0.786693 0.114432 0.01 0.01
0 0.803819 0.111170 0.01 0.01
0 0.818498 0.109539 0.01 0.01
0 0.785062 0.080997 0.01 0.01
0 0.794033 0.059794 0.01 0.01
0 0.810343 0.062241 0.01 0.01
0 0.813605 0.073658 0.01 0.01
0 0.831546 0.079366 0.01 0.01
0 0.806265 0.033698 0.01 0.01
0 0.829915 0.026359 0.01 0.01
0 0.847855 0.016573 0.01 0.01
0 0.833992 0.048377 0.01 0.01
0 0.847040 0.054901 0.01 0.01
0 0.841331 0.090783 0.01 0.01
0 0.846224 0.103831 0.01 0.01
0 0.832361 0.128296 0.01 0.01
0 0.859272 0.140528 0.01 0.01
0 0.863350 0.131558 0.01 0.01
0 0.870689 0.134004 0.01 0.01
0 0.864165 0.080997 0.01 0.01
0 0.865796 0.065503 0.01 0.01
0 0.882106 0.068765 0.01 0.01
0 0.889446 0.056532 0.01 0.01
0 0.907386 0.058163 0.01 0.01
0 0.916357 0.072027 0.01 0.01
0 0.919619 0.048377 0.01 0.01
0 0.886999 0.029621 0.01 0.01
0 0.861719 0.018204 0.01 0.01
0 0.868243 0.037776 0.01 0.01
0 0.914726 0.020650 0.01 0.01
0 0.900863 0.014126 0.01 0.01
0 0.891077 0.014126 0.01 0.01
0 0.901678 0.091598 0.01 0.01
0 0.926958 0.105462 0.01 0.01
0 0.912279 0.109539 0.01 0.01
0 0.900863 0.128296 0.01 0.01
0 0.932667 0.123403 0.01 0.01
0 0.918803 0.134820 0.01 0.01
0 0.917172 0.171517 0.01 0.01
0 0.891892 0.165808 0.01 0.01
0 0.875582 0.158469 0.01 0.01
0 0.832361 0.157653 0.01 0.01
0 0.786693 0.155207 0.01 0.01
0 0.797295 0.147052 0.01 0.01
0 0.794848 0.180487 0.01 0.01
0 0.767121 0.182934 0.01 0.01
0 0.738579 0.178041 0.01 0.01
0 0.788324 0.220447 0.01 0.01
0 0.787509 0.197613 0.01 0.01
0 0.808712 0.204137 0.01 0.01
0 0.829099 0.226155 0.01 0.01
0 0.829099 0.202506 0.01 0.01
0 0.849486 0.203321 0.01 0.01
0 0.862534 0.187827 0.01 0.01
0 0.863350 0.237572 0.01 0.01
0 0.868243 0.221262 0.01 0.01
0 0.789140 0.237572 0.01 0.01
0 0.815236 0.235125 0.01 0.01
0 0.815236 0.283240 0.01 0.01
0 0.847040 0.256328 0.01 0.01
0 0.895970 0.247358 0.01 0.01
0 0.884553 0.240018 0.01 0.01
0 0.908202 0.228601 0.01 0.01
0 0.892708 0.215554 0.01 0.01
0 0.895154 0.205768 0.01 0.01
0 0.872320 0.175594 0.01 0.01
0 0.933482 0.191904 0.01 0.01
0 0.905755 0.194351 0.01 0.01
0 0.933482 0.211476 0.01 0.01
0 0.950608 0.248989 0.01 0.01
0 0.933482 0.248989 0.01 0.01
0 0.937560 0.226155 0.01 0.01
0 0.965287 0.220447 0.01 0.01
0 1.038681 0.243280 0.01 0.01
0 1.020740 0.231863 0.01 0.01
0 0.998722 0.218000 0.01 0.01
0 1.014216 0.200059 0.01 0.01
0 1.008508 0.182118 0.01 0.01
0 0.995460 0.185380 0.01 0.01
0 0.962840 0.187827 0.01 0.01
0 0.970180 0.177225 0.01 0.01
0 0.959578 0.160915 0.01 0.01
0 0.944084 0.164177 0.01 0.01
0 0.959578 0.139713 0.01 0.01
0 0.954685 0.125034 0.01 0.01
0 0.980781 0.134004 0.01 0.01
0 0.941637 0.122587 0.01 0.01
0 0.953054 0.080997 0.01 0.01
0 0.954685 0.067949 0.01 0.01
0 0.945715 0.043484 0.01 0.01
0 0.931036 0.029621 0.01 0.01
0 0.945715 0.019835 0.01 0.01
0 0.926143 0.010864 0.01 0.01
0 0.969364 0.028805 0.01 0.01
0 0.960394 0.048377 0.01 0.01
0 0.984043 0.056532 0.01 0.01
0 0.995460 0.048377 0.01 0.01
0 1.008508 0.034514 0.01 0.01
0 0.992198 0.074473 0.01 0.01
0 0.979965 0.094860 0.01 0.01
0 0.987305 0.103015 0.01 0.01
0 0.998722 0.128296 0.01 0.01
0 0.988120 0.142159 0.01 0.01
0 0.994644 0.155207 0.01 0.01
0 1.023187 0.156838 0.01 0.01
0 1.041943 0.157653 0.01 0.01
0 1.024002 0.113617 0.01 0.01
0 0.995460 0.107093 0.01 0.01
0 1.024818 0.090783 0.01 0.01
0 1.020740 0.067949 0.01 0.01
0 1.010954 0.083443 0.01 0.01
0 1.047652 0.088336 0.01 0.01
0 1.032157 0.111986 0.01 0.01
0 1.010954 0.114432 0.01 0.01
0 1.059068 0.122587 0.01 0.01
0 1.043574 0.113617 0.01 0.01
0 1.062330 0.094045 0.01 0.01
0 1.081087 0.126665 0.01 0.01
0 1.054991 0.168255 0.01 0.01
0 1.044390 0.191904 0.01 0.01
0 1.062330 0.203321 0.01 0.01
0 1.037050 0.222893 0.01 0.01
0 1.063146 0.237572 0.01 0.01
0 1.113707 0.238387 0.01 0.01
0 1.096581 0.229417 0.01 0.01
0 1.082718 0.208214 0.01 0.01
0 1.120231 0.217185 0.01 0.01
0 1.101474 0.188642 0.01 0.01
0 1.112076 0.181303 0.01 0.01
0 1.077009 0.164993 0.01 0.01
0 1.086795 0.179672 0.01 0.01
0 1.099028 0.125849 0.01 0.01
0 1.113707 0.135635 0.01 0.01
0 1.112891 0.116879 0.01 0.01
0 1.115338 0.162546 0.01 0.01
0 1.145511 0.137266 0.01 0.01
0 1.138987 0.113617 0.01 0.01
0 1.147142 0.105462 0.01 0.01
0 1.138171 0.157653 0.01 0.01
0 1.152035 0.182118 0.01 0.01
0 1.146326 0.174779 0.01 0.01
0 1.155297 0.211476 0.01 0.01
0 1.159374 0.234310 0.01 0.01
0 1.169160 0.228601 0.01 0.01
0 1.129201 0.240018 0.01 0.01
0 1.195256 0.231863 0.01 0.01
0 1.213197 0.251435 0.01 0.01
0 1.232769 0.248989 0.01 0.01
0 1.204226 0.220447 0.01 0.01
0 1.211566 0.192720 0.01 0.01
0 1.187101 0.192720 0.01 0.01
0 1.175684 0.168255 0.01 0.01
0 1.179762 0.135635 0.01 0.01
0 1.203411 0.131558 0.01 0.01
0 1.214012 0.146237 0.01 0.01
0 1.222983 0.128296 0.01 0.01
0 1.232769 0.146237 0.01 0.01
0 1.229507 0.178041 0.01 0.01
0 1.214012 0.173963 0.01 0.01
0 1.201780 0.090783 0.01 0.01
0 1.210750 0.091598 0.01 0.01
0 1.231953 0.091598 0.01 0.01
0 1.183024 0.094045 0.01 0.01
0 1.181393 0.116879 0.01 0.01
0 1.169160 0.080997 0.01 0.01
0 1.143064 0.082628 0.01 0.01
0 1.121046 0.082628 0.01 0.01
0 1.090873 0.096491 0.01 0.01
0 1.094135 0.082628 0.01 0.01
0 1.078640 0.082628 0.01 0.01
0 1.070485 0.067949 0.01 0.01
0 1.061515 0.068765 0.01 0.01
0 1.076194 0.034514 0.01 0.01
0 1.054991 0.028805 0.01 0.01
0 1.037866 0.059794 0.01 0.01
0 1.032973 0.043484 0.01 0.01
0 1.033788 0.018204 0.01 0.01
0 0.992198 0.010864 0.01 0.01
0 1.096581 0.050824 0.01 0.01
0 1.116969 0.054086 0.01 0.01
0 1.135725 0.051639 0.01 0.01
0 1.105552 0.073658 0.01 0.01
0 1.111260 0.031252 0.01 0.01
0 1.092504 0.014126 0.01 0.01
0 1.114522 0.014126 0.01 0.01
0 1.078640 0.012495 0.01 0.01
0 1.145511 0.022281 0.01 0.01
0 1.161005 0.040222 0.01 0.01
0 1.179762 0.062241 0.01 0.01
0 1.187917 0.052455 0.01 0.01
0 1.174869 0.037776 0.01 0.01
0 1.169976 0.025543 0.01 0.01
0 1.158559 0.010864 0.01 0.01
0 1.178131 0.012495 0.01 0.01
0 1.218905 0.045931 0.01 0.01
0 1.198518 0.071211 0.01 0.01
0 1.215643 0.065503 0.01 0.01
0 1.226245 0.069580 0.01 0.01
0 1.232769 0.019835 0.01 0.01
0 1.219721 0.012495 0.01 0.01
0 1.348161 0.447676 0.01 0.01
0 1.341637 0.433812 0.01 0.01
0 1.360394 0.422395 0.01 0.01
0 1.348977 0.399562 0.01 0.01
0 1.369364 0.406086 0.01 0.01
0 1.390567 0.447676 0.01 0.01
0 1.407692 0.428104 0.01 0.01
0 1.405246 0.485189 0.01 0.01
0 1.371811 0.516993 0.01 0.01
0 1.351423 0.515362 0.01 0.01
0 1.508814 0.522701 0.01 0.01
0 1.510445 0.508022 0.01 0.01
0 1.542249 0.524332 0.01 0.01
0 1.543064 0.481927 0.01 0.01
0 1.506367 0.465617 0.01 0.01
0 1.497397 0.437074 0.01 0.01
0 1.450913 0.442783 0.01 0.01
0 1.463961 0.424026 0.01 0.01
0 1.432157 0.450938 0.01 0.01
0 1.446021 0.486820 0.01 0.01
0 1.464777 0.481111 0.01 0.01
0 1.436235 0.414241 0.01 0.01
0 1.419109 0.412610 0.01 0.01
0 1.397906 0.402008 0.01 0.01
0 1.403615 0.379174 0.01 0.01
0 1.349792 0.371019 0.01 0.01
0 1.362840 0.350632 0.01 0.01
0 1.346530 0.310673 0.01 0.01
0 1.343268 0.293547 0.01 0.01
0 1.366102 0.304964 0.01 0.01
0 1.375073 0.297625 0.01 0.01
0 1.384858 0.278868 0.01 0.01
0 1.385674 0.248695 0.01 0.01
0 1.372626 0.242987 0.01 0.01
0 1.345715 0.251142 0.01 0.01
0 1.328589 0.251142 0.01 0.01
0 1.340822 0.242171 0.01 0.01
0 1.294339 0.216075 0.01 0.01
0 1.286999 0.241356 0.01 0.01
0 1.276398 0.216891 0.01 0.01
0 1.266612 0.205474 0.01 0.01
0 1.232361 0.227492 0.01 0.01
0 1.235623 0.207105 0.01 0.01
0 1.309833 0.190795 0.01 0.01
0 1.276398 0.191611 0.01 0.01
0 1.279660 0.176932 0.01 0.01
0 1.342453 0.187533 0.01 0.01
0 1.356316 0.184271 0.01 0.01
0 1.356316 0.208736 0.01 0.01
0 1.332667 0.224230 0.01 0.01
0 1.385674 0.176116 0.01 0.01
0 1.386489 0.187533 0.01 0.01
0 1.417478 0.189980 0.01 0.01
0 1.434604 0.178563 0.01 0.01
0 1.423187 0.211182 0.01 0.01
0 1.413401 0.236463 0.01 0.01
0 1.410139 0.256035 0.01 0.01
0 1.405246 0.279684 0.01 0.01
0 1.407692 0.286208 0.01 0.01
0 1.426449 0.301702 0.01 0.01
0 1.415847 0.307411 0.01 0.01
0 1.413401 0.331060 0.01 0.01
0 1.409323 0.344108 0.01 0.01
0 1.432157 0.356340 0.01 0.01
0 1.453360 0.383252 0.01 0.01
0 1.468854 0.367757 0.01 0.01
0 1.495766 0.402824 0.01 0.01
0 1.481087 0.390591 0.01 0.01
0 1.516153 0.420764 0.01 0.01
0 1.536540 0.429735 0.01 0.01
0 1.562636 0.446860 0.01 0.01
0 1.586286 0.439521 0.01 0.01
0 1.572422 0.424026 0.01 0.01
0 1.586286 0.418318 0.01 0.01
0 1.552850 0.399562 0.01 0.01
0 1.546326 0.362049 0.01 0.01
0 1.590363 0.373466 0.01 0.01
0 1.587917 0.358787 0.01 0.01
0 1.572422 0.325352 0.01 0.01
0 1.538987 0.339215 0.01 0.01
0 1.541433 0.318828 0.01 0.01
0 1.504736 0.354709 0.01 0.01
0 1.509629 0.331876 0.01 0.01
0 1.494950 0.320459 0.01 0.01
0 1.472932 0.314750 0.01 0.01
0 1.449283 0.325352 0.01 0.01
0 1.463961 0.347370 0.01 0.01
0 1.521862 0.384883 0.01 0.01
0 1.512076 0.291916 0.01 0.01
0 1.574053 0.273160 0.01 0.01
0 1.590363 0.276422 0.01 0.01
0 1.531647 0.280499 0.01 0.01
0 1.525939 0.258481 0.01 0.01
0 1.503105 0.247880 0.01 0.01
0 1.506367 0.268267 0.01 0.01
0 1.481902 0.241356 0.01 0.01
0 1.465592 0.242171 0.01 0.01
0 1.472932 0.264190 0.01 0.01
0 1.473747 0.284577 0.01 0.01
0 1.446021 0.265821 0.01 0.01
0 1.425633 0.267452 0.01 0.01
0 1.434604 0.235647 0.01 0.01
0 1.446836 0.214444 0.01 0.01
0 1.458253 0.198950 0.01 0.01
0 1.541433 0.204658 0.01 0.01
0 1.548773 0.219337 0.01 0.01
0 1.552035 0.250326 0.01 0.01
0 1.571607 0.250326 0.01 0.01
0 1.592810 0.238909 0.01 0.01
0 1.572422 0.193242 0.01 0.01
0 1.557743 0.193242 0.01 0.01
0 1.525123 0.196504 0.01 0.01
0 1.519415 0.208736 0.01 0.01
0 1.490057 0.218522 0.01 0.01
0 1.513707 0.231570 0.01 0.01
0 1.534094 0.189980 0.01 0.01
0 1.274767 0.152760 0.01 0.01
0 1.269058 0.138082 0.01 0.01
0 1.252748 0.125034 0.01 0.01
0 1.256826 0.109539 0.01 0.01
0 1.279660 0.085074 0.01 0.01
0 1.258457 0.097307 0.01 0.01
0 1.261719 0.065503 0.01 0.01
0 1.274767 0.035329 0.01 0.01
0 1.252748 0.027990 0.01 0.01
0 1.303309 0.066318 0.01 0.01
0 1.302494 0.054901 0.01 0.01
0 1.326143 0.045931 0.01 0.01
0 1.309017 0.018204 0.01 0.01
0 1.291892 0.023912 0.01 0.01
0 1.255195 0.009233 0.01 0.01
0 1.291892 0.010864 0.01 0.01
0 1.329405 0.014942 0.01 0.01
0 1.319619 0.014126 0.01 0.01
0 1.348161 0.022281 0.01 0.01
0 1.338375 0.046746 0.01 0.01
0 1.336744 0.071211 0.01 0.01
0 1.355501 0.089967 0.01 0.01
0 1.295970 0.115248 0.01 0.01
0 1.320434 0.103831 0.01 0.01
0 1.335113 0.126665 0.01 0.01
0 1.356316 0.120141 0.01 0.01
0 1.327774 0.160915 0.01 0.01
0 1.321250 0.143790 0.01 0.01
0 1.299232 0.156838 0.01 0.01
0 1.355501 0.154391 0.01 0.01
0 1.322065 0.173963 0.01 0.01
0 1.287815 0.135635 0.01 0.01
0 1.257641 0.050824 0.01 0.01
0 1.268243 0.018204 0.01 0.01
0 1.233176 0.046746 0.01 0.01
0 1.196479 0.022281 0.01 0.01
0 1.158967 0.028805 0.01 0.01
0 1.123900 0.045115 0.01 0.01
0 1.367733 0.027990 0.01 0.01
0 1.388120 0.028805 0.01 0.01
0 1.379965 0.014126 0.01 0.01
0 1.402799 0.016573 0.01 0.01
0 1.422371 0.022281 0.01 0.01
0 1.383227 0.050824 0.01 0.01
0 1.406061 0.067949 0.01 0.01
0 1.412585 0.089967 0.01 0.01
0 1.402799 0.107908 0.01 0.01
0 1.389751 0.094045 0.01 0.01
0 1.373442 0.106277 0.01 0.01
0 1.380781 0.088336 0.01 0.01
0 1.366918 0.136451 0.01 0.01
0 1.338375 0.147052 0.01 0.01
0 1.410954 0.146237 0.01 0.01
0 1.397906 0.145421 0.01 0.01
0 1.432157 0.111986 0.01 0.01
0 1.453360 0.158469 0.01 0.01
0 1.475378 0.180487 0.01 0.01
0 1.485980 0.197613 0.01 0.01
0 1.482718 0.169070 0.01 0.01
0 1.465592 0.143790 0.01 0.01
0 1.448467 0.123403 0.01 0.01
0 1.444390 0.097307 0.01 0.01
0 1.434604 0.094045 0.01 0.01
0 1.446836 0.060610 0.01 0.01
0 1.415847 0.056532 0.01 0.01
0 1.439497 0.036960 0.01 0.01
0 1.454175 0.026359 0.01 0.01
0 1.464777 0.042669 0.01 0.01
0 1.468854 0.014126 0.01 0.01
0 1.495766 0.022281 0.01 0.01
0 1.490057 0.010864 0.01 0.01
0 1.485980 0.040222 0.01 0.01
0 1.509629 0.057348 0.01 0.01
0 1.498212 0.071211 0.01 0.01
0 1.475378 0.074473 0.01 0.01
0 1.482718 0.102200 0.01 0.01
0 1.499028 0.101384 0.01 0.01
0 1.533278 0.107908 0.01 0.01
0 1.525123 0.120141 0.01 0.01
0 1.493319 0.122587 0.01 0.01
0 1.494135 0.135635 0.01 0.01
0 1.503921 0.158469 0.01 0.01
0 1.532463 0.140528 0.01 0.01
0 1.547957 0.139713 0.01 0.01
0 1.579762 0.134820 0.01 0.01
0 1.562636 0.169070 0.01 0.01
0 1.595256 0.169886 0.01 0.01
0 1.574869 0.169886 0.01 0.01
0 1.548773 0.095676 0.01 0.01
0 1.549588 0.071211 0.01 0.01
0 1.520231 0.080181 0.01 0.01
0 1.529201 0.086705 0.01 0.01
0 1.543064 0.027990 0.01 0.01
0 1.523492 0.026359 0.01 0.01
0 1.510445 0.014126 0.01 0.01
0 1.547957 0.012495 0.01 0.01
0 1.566714 0.027990 0.01 0.01
0 1.591994 0.025543 0.01 0.01
0 1.596071 0.048377 0.01 0.01
0 1.568345 0.059794 0.01 0.01
0 1.583024 0.080997 0.01 0.01
0 1.585470 0.098122 0.01 0.01
0 1.588732 0.116879 0.01 0.01
0 0.688426 0.731174 0.01 0.01
0 0.512279 0.594987 0.01 0.01
0 0.446224 0.926077 0.01 0.01
0 0.385062 0.663782 0.01 0.01
0 0.195052 0.320459 0.01 0.01
0 0.121658 0.382436 0.01 0.01
0 0.164063 0.337584 0.01 0.01
0 0.082514 0.231570 0.01 0.01
0 0.078436 0.219337 0.01 0.01
0 0.020536 0.247064 0.01 0.01
0 0.239089 0.244618 0.01 0.01
0 0.242351 0.204658 0.01 0.01
0 0.388324 0.532487 0.01 0.01
0 0.683533 0.532487 0.01 0.01
0 0.746326 0.231570 0.01 0.01
0 0.084145 0.107908 0.01 0.01
0 0.067835 0.009233 0.01 0.01
0 0.061311 0.023912 0.01 0.01
0 0.120842 0.016573 0.01 0.01
0 0.166510 0.016573 0.01 0.01
0 0.124104 0.036960 0.01 0.01
0 0.197499 0.039407 0.01 0.01
0 0.193421 0.141344 0.01 0.01
0 0.280679 0.083443 0.01 0.01
0 0.349996 0.271823 0.01 0.01
0 0.259476 0.344402 0.01 0.01
0 0.490261 0.371313 0.01 0.01
0 0.588936 0.456940 0.01 0.01
0 0.598722 0.010864 0.01 0.01
0 0.585674 0.014942 0.01 0.01
0 0.410343 0.008418 0.01 0.01
0 0.648875 0.141344 0.01 0.01
0 0.687203 0.191904 0.01 0.01
0 0.657030 0.048377 0.01 0.01
0 0.719823 0.041038 0.01 0.01
0 0.822575 0.179672 0.01 0.01
0 0.727978 0.454493 0.01 0.01
0 0.696173 0.431660 0.01 0.01
0 1.198518 0.503423 0.01 0.01
0 0.910648 0.124218 0.01 0.01
0 0.893523 0.189458 0.01 0.01
0 0.919619 0.189458 0.01 0.01
0 0.985674 0.222893 0.01 0.01
0 0.982412 0.247358 0.01 0.01
0 0.858457 0.294657 0.01 0.01
0 0.562432 0.372128 0.01 0.01
0 0.849079 0.173963 0.01 0.01
0 0.835215 0.591725 0.01 0.01
0 1.522677 0.576230 0.01 0.01
0 1.246224 0.371019 0.01 0.01
0 1.587101 0.492528 0.01 0.01
0 1.084757 0.216075 0.01 0.01
0 0.927774 1.012813 0.01 0.01
0 0.367529 0.736883 0.01 0.01
0 1.497397 0.491712 0.01 0.01
0 1.574869 0.018204 0.01 0.01
0 0.011566 0.213629 0.01 0.01
