0 0.348346 0.418916 0.01 0.01
0 0.365435 0.470182 0.01 0.01
0 0.042650 0.392334 0.01 0.01
0 0.114802 0.118916 0.01 0.01
0 0.186954 0.122713 0.01 0.01
0 0.240119 0.124612 0.01 0.01
0 0.162270 0.079043 0.01 0.01
0 0.141384 0.103726 0.01 0.01
0 0.092017 0.058156 0.01 0.01
0 0.105308 0.058156 0.01 0.01
0 0.074929 0.050562 0.01 0.01
0 0.638853 0.680941 0.01 0.01
0 0.705308 0.743600 0.01 0.01
0 0.910372 1.007524 0.01 0.01
0 0.741384 0.996131 0.01 0.01
0 1.434422 1.119549 0.01 0.01
0 1.546448 0.422713 0.01 0.01
0 1.584422 0.272713 0.01 0.01
0 1.567334 0.236638 0.01 0.01
0 1.459106 0.156891 0.01 0.01
0 1.409739 0.232840 0.01 0.01
0 1.242650 0.175878 0.01 0.01
0 1.238853 0.369549 0.01 0.01
0 1.121131 0.377144 0.01 0.01
0 1.047081 0.303093 0.01 0.01
0 1.193283 0.187270 0.01 0.01
0 0.997713 0.164486 0.01 0.01
0 0.898979 0.162587 0.01 0.01
0 0.752777 0.185372 0.01 0.01
0 0.629359 0.170182 0.01 0.01
0 0.614169 0.202460 0.01 0.01
0 0.638853 0.350562 0.01 0.01
0 0.543916 0.297397 0.01 0.01
0 0.549612 0.251827 0.01 0.01
0 0.579992 0.210055 0.01 0.01
0 0.545815 0.206258 0.01 0.01
0 0.475562 0.183473 0.01 0.01
0 0.477460 0.156891 0.01 0.01
0 0.456574 0.139802 0.01 0.01
0 0.431891 0.200562 0.01 0.01
0 0.363536 0.149296 0.01 0.01
0 0.329359 0.172081 0.01 0.01
0 0.196448 0.033473 0.01 0.01
0 0.145182 0.006891 0.01 0.01
0 0.033156 0.084739 0.01 0.01
0 0.052144 0.063853 0.01 0.01
0 0.464169 0.058156 0.01 0.01
0 0.502144 0.063853 0.01 0.01
0 0.576194 0.037270 0.01 0.01
0 0.635055 0.069549 0.01 0.01
0 0.562903 0.071448 0.01 0.01
0 0.616068 0.044865 0.01 0.01
0 0.581891 0.096131 0.01 0.01
0 0.606574 0.122713 0.01 0.01
0 0.557207 0.149296 0.01 0.01
0 0.786954 0.090435 0.01 0.01
0 0.855308 0.092334 0.01 0.01
0 0.883789 0.109422 0.01 0.01
0 0.954043 0.079043 0.01 0.01
0 0.976827 0.096131 0.01 0.01
0 1.073663 0.033473 0.01 0.01
0 0.973030 0.010688 0.01 0.01
0 0.919865 0.050562 0.01 0.01
0 0.878093 0.050562 0.01 0.01
0 0.815435 0.023979 0.01 0.01
0 0.800245 0.023979 0.01 0.01
0 0.711005 0.044865 0.01 0.01
0 0.728093 0.050562 0.01 0.01
0 0.703410 0.020182 0.01 0.01
0 0.667334 0.016384 0.01 0.01
0 1.350878 0.079043 0.01 0.01
0 1.301511 0.086638 0.01 0.01
0 1.257840 0.023979 0.01 0.01
0 1.360372 0.042967 0.01 0.01
0 1.390751 0.003093 0.01 0.01
0 1.430625 0.003093 0.01 0.01
0 0.665435 0.069549 0.01 0.01
0 0.128004 0.073322 0.01 0.01
0 0.747737 0.071315 0.01 0.01
0 0.756098 0.059275 0.01 0.01
0 0.555095 0.017469 0.01 0.01
0 0.688205 0.020814 0.01 0.01
0 0.514292 0.040379 0.01 0.01
0 0.515295 0.019309 0.01 0.01
0 0.540379 0.044058 0.01 0.01
0 1.355429 0.000747 0.01 0.01
0 1.289208 0.020814 0.01 0.01
