0 0.029875 0.494319 0.01 0.01
0 0.019504 0.384690 0.01 0.01
0 0.089134 0.366912 0.01 0.01
0 0.161727 0.267653 0.01 0.01
0 0.198764 0.257282 0.01 0.01
0 0.105430 0.436541 0.01 0.01
0 0.206171 0.461727 0.01 0.01
0 0.216541 0.596541 0.01 0.01
0 0.295060 0.577282 0.01 0.01
0 0.432838 0.269134 0.01 0.01
0 0.908393 0.424690 0.01 0.01
0 0.920245 0.457282 0.01 0.01
0 1.000245 0.575801 0.01 0.01
0 0.770615 0.278023 0.01 0.01
0 0.674319 0.230615 0.01 0.01
0 0.699504 0.214319 0.01 0.01
0 0.780986 0.232097 0.01 0.01
0 0.838764 0.224690 0.01 0.01
0 0.646171 0.202467 0.01 0.01
0 1.317282 0.369875 0.01 0.01
0 1.318764 0.279504 0.01 0.01
0 1.389875 0.285430 0.01 0.01
0 1.418023 0.214319 0.01 0.01
0 0.154319 0.208393 0.01 0.01
0 0.017467 0.059967 0.01 0.01
0 0.021356 0.046264 0.01 0.01
0 0.076541 0.068115 0.01 0.01
0 0.032467 0.131171 0.01 0.01
0 0.087282 0.187097 0.01 0.01
0 0.102467 0.125986 0.01 0.01
0 0.133949 0.069690 0.01 0.01
0 0.178393 0.114875 0.01 0.01
0 0.267653 0.189504 0.01 0.01
0 0.388393 0.122838 0.01 0.01
0 0.435801 0.193208 0.01 0.01
0 0.463949 0.175430 0.01 0.01
0 0.484690 0.168023 0.01 0.01
0 0.530615 0.163578 0.01 0.01
0 0.637282 0.135430 0.01 0.01
0 0.669875 0.123578 0.01 0.01
0 0.436541 0.108764 0.01 0.01
0 0.270615 0.071912 0.01 0.01
0 0.310245 0.094134 0.01 0.01
0 0.344319 0.086727 0.01 0.01
0 0.292838 0.063764 0.01 0.01
0 0.396171 0.095615 0.01 0.01
0 0.423949 0.082282 0.01 0.01
0 0.470615 0.081541 0.01 0.01
0 0.220523 0.038162 0.01 0.01
0 0.237560 0.026588 0.01 0.01
0 0.248208 0.014273 0.01 0.01
0 0.224967 0.031958 0.01 0.01
0 0.302467 0.052745 0.01 0.01
0 0.311541 0.033115 0.01 0.01
0 0.288208 0.047930 0.01 0.01
0 0.332282 0.045523 0.01 0.01
0 0.312097 0.058671 0.01 0.01
0 0.561727 0.063393 0.01 0.01
0 0.596912 0.077467 0.01 0.01
0 0.607653 0.054875 0.01 0.01
0 0.639504 0.063023 0.01 0.01
0 0.655801 0.063023 0.01 0.01
0 0.672097 0.073023 0.01 0.01
0 0.756541 0.075245 0.01 0.01
0 0.788764 0.070060 0.01 0.01
0 0.949134 0.139875 0.01 0.01
0 0.989875 0.141356 0.01 0.01
0 0.985430 0.110986 0.01 0.01
0 0.955801 0.115430 0.01 0.01
0 0.940986 0.102838 0.01 0.01
0 0.620430 0.025523 0.01 0.01
0 0.607838 0.028856 0.01 0.01
0 0.581541 0.032190 0.01 0.01
0 0.740801 0.031819 0.01 0.01
0 0.558393 0.036078 0.01 0.01
0 0.521727 0.033301 0.01 0.01
0 0.457097 0.043115 0.01 0.01
0 0.480615 0.037930 0.01 0.01
0 0.370986 0.036449 0.01 0.01
0 0.664041 0.019736 0.01 0.01
0 0.629690 0.013440 0.01 0.01
0 0.597745 0.014736 0.01 0.01
0 0.516449 0.017051 0.01 0.01
0 0.545615 0.013532 0.01 0.01
0 0.565523 0.021125 0.01 0.01
0 0.576819 0.016125 0.01 0.01
0 0.570430 0.014551 0.01 0.01
0 0.558856 0.014828 0.01 0.01
0 0.499227 0.023069 0.01 0.01
0 0.394597 0.022606 0.01 0.01
0 0.379782 0.019273 0.01 0.01
0 0.428023 0.018810 0.01 0.01
0 0.440060 0.021588 0.01 0.01
0 1.286912 0.168023 0.01 0.01
0 1.508393 0.181356 0.01 0.01
0 1.288764 0.087467 0.01 0.01
0 1.257653 0.095615 0.01 0.01
0 1.234319 0.092282 0.01 0.01
0 1.254690 0.083393 0.01 0.01
0 1.268764 0.067838 0.01 0.01
0 1.310245 0.052282 0.01 0.01
0 1.347282 0.067097 0.01 0.01
0 1.369134 0.060060 0.01 0.01
0 1.373578 0.084134 0.01 0.01
0 1.390615 0.085245 0.01 0.01
0 1.413578 0.077097 0.01 0.01
0 1.430615 0.066356 0.01 0.01
0 1.463208 0.060430 0.01 0.01
0 1.459504 0.074134 0.01 0.01
0 1.431727 0.105245 0.01 0.01
0 1.439504 0.085986 0.01 0.01
0 1.485060 0.078208 0.01 0.01
0 1.505430 0.062282 0.01 0.01
0 1.527282 0.072653 0.01 0.01
0 1.538764 0.061912 0.01 0.01
0 1.553208 0.071171 0.01 0.01
0 1.572097 0.057838 0.01 0.01
0 1.530245 0.126356 0.01 0.01
0 1.271865 0.020778 0.01 0.01
0 1.310245 0.024365 0.01 0.01
0 1.388671 0.030893 0.01 0.01
0 1.407930 0.035708 0.01 0.01
0 1.566912 0.034041 0.01 0.01
0 1.464319 0.020754 0.01 0.01
0 1.443208 0.013717 0.01 0.01
0 1.497745 0.003567 0.01 0.01
0 1.523578 0.016958 0.01 0.01
0 1.543764 0.014921 0.01 0.01
0 1.559227 0.018717 0.01 0.01
0 1.335430 0.014643 0.01 0.01
0 1.371264 0.021958 0.01 0.01
0 1.571634 0.020477 0.01 0.01
0 0.691819 0.022143 0.01 0.01
0 0.668301 0.008046 0.01 0.01
0 1.593452 0.166779 0.01 0.01
0 1.598247 0.134811 0.01 0.01
0 1.006839 0.100445 0.01 0.01
0 0.927718 0.092453 0.01 0.01
0 0.898946 0.126819 0.01 0.01
0 0.889556 0.073047 0.01 0.01
0 0.884960 0.061858 0.01 0.01
0 0.900944 0.041479 0.01 0.01
0 0.911933 0.036084 0.01 0.01
0 0.906938 0.053067 0.01 0.01
0 0.921524 0.044076 0.01 0.01
0 0.944501 0.013906 0.01 0.01
0 0.973672 0.014506 0.01 0.01
0 0.982663 0.021099 0.01 0.01
0 0.978667 0.094826 0.01 0.01
0 1.001444 0.136184 0.01 0.01
0 0.875170 0.025095 0.01 0.01
0 0.747498 0.014468 0.01 0.01
0 0.758387 0.018564 0.01 0.01
0 0.771973 0.011172 0.01 0.01
0 0.784261 0.009174 0.01 0.01
0 0.757887 0.009174 0.01 0.01
0 0.387857 0.005608 0.01 0.01
0 0.372922 0.015068 0.01 0.01
0 0.499845 0.009754 0.01 0.01
0 0.521824 0.003461 0.01 0.01
0 0.410435 0.001853 0.01 0.01
0 0.440155 0.003411 0.01 0.01
0 0.582912 0.015667 0.01 0.01
0 0.567128 0.006976 0.01 0.01
0 0.832313 0.010753 0.01 0.01
0 0.845849 0.004110 0.01 0.01
0 0.954341 0.007007 0.01 0.01
0 1.518577 0.010572 0.01 0.01
0 1.532113 0.003561 0.01 0.01
0 1.476669 0.007507 0.01 0.01
0 1.452143 0.006876 0.01 0.01
0 1.399096 0.013700 0.01 0.01
0 1.413432 0.021992 0.01 0.01
0 1.378891 0.001828 0.01 0.01
0 1.597548 0.023896 0.01 0.01
0 1.597947 0.052668 0.01 0.01
0 0.345100 0.004191 0.01 0.01
0 0.695949 0.005790 0.01 0.01
0 0.806639 0.002992 0.01 0.01
0 0.860984 0.002193 0.01 0.01
0 0.867378 0.002992 0.01 0.01
0 1.258774 0.001667 0.01 0.01
0 1.314961 0.002335 0.01 0.01
0 1.405429 0.002837 0.01 0.01
0 1.423656 0.059275 0.01 0.01
0 1.597904 0.013790 0.01 0.01
0 1.512118 0.009024 0.01 0.01
0 1.544727 0.054175 0.01 0.01
0 1.475329 0.089459 0.01 0.01
0 1.413957 0.010028 0.01 0.01
0 1.423155 0.006391 0.01 0.01
