0 0.168799 1.197398 0.01 0.01
0 0.055462 1.148120 0.01 0.01
0 0.019325 1.105413 0.01 0.01
0 0.112952 1.092273 0.01 0.01
0 0.071887 1.039710 0.01 0.01
0 0.019325 1.038068 0.01 0.01
0 0.022610 0.969080 0.01 0.01
0 0.068602 0.951011 0.01 0.01
0 0.055462 0.898449 0.01 0.01
0 0.135948 0.918160 0.01 0.01
0 0.121165 0.992076 0.01 0.01
0 0.177012 0.995361 0.01 0.01
0 0.157301 1.056136 0.01 0.01
0 0.232860 1.080775 0.01 0.01
0 0.232860 1.172759 0.01 0.01
0 0.265711 1.217108 0.01 0.01
0 0.310061 1.154691 0.01 0.01
0 0.200008 0.995361 0.01 0.01
0 0.183582 0.957582 0.01 0.01
0 0.195080 0.928015 0.01 0.01
0 0.195080 0.906662 0.01 0.01
0 0.208221 0.860670 0.01 0.01
0 0.155659 0.873810 0.01 0.01
0 0.145803 0.831103 0.01 0.01
0 0.127735 0.824533 0.01 0.01
0 0.066960 0.844244 0.01 0.01
0 0.037393 0.847529 0.01 0.01
0 0.043964 0.791681 0.01 0.01
0 0.019325 0.794967 0.01 0.01
0 0.029180 0.755545 0.01 0.01
0 0.012755 0.727621 0.01 0.01
0 0.016040 0.702982 0.01 0.01
0 0.042321 0.707910 0.01 0.01
0 0.050534 0.679986 0.01 0.01
0 0.068602 0.773613 0.01 0.01
0 0.085028 0.745689 0.01 0.01
0 0.129377 0.785111 0.01 0.01
0 0.154016 0.740762 0.01 0.01
0 0.124450 0.717765 0.01 0.01
0 0.099811 0.679986 0.01 0.01
0 0.124450 0.671773 0.01 0.01
0 0.103096 0.627424 0.01 0.01
0 0.099811 0.604428 0.01 0.01
0 0.076815 0.591287 0.01 0.01
0 0.075172 0.627424 0.01 0.01
0 0.048891 0.625781 0.01 0.01
0 0.030823 0.625781 0.01 0.01
0 0.032466 0.576504 0.01 0.01
0 0.040678 0.545295 0.01 0.01
0 0.053819 0.528869 0.01 0.01
0 0.108024 0.555151 0.01 0.01
0 0.121165 0.530512 0.01 0.01
0 0.085028 0.482877 0.01 0.01
0 0.070245 0.458239 0.01 0.01
0 0.030823 0.454953 0.01 0.01
0 0.030823 0.392536 0.01 0.01
0 0.075172 0.410604 0.01 0.01
0 0.068602 0.382680 0.01 0.01
0 0.014981 0.370361 0.01 0.01
0 0.018266 0.356399 0.01 0.01
0 0.051117 0.331760 0.01 0.01
0 0.047832 0.356399 0.01 0.01
0 0.063437 0.346543 0.01 0.01
0 0.083969 0.358863 0.01 0.01
0 0.086433 0.325190 0.01 0.01
0 0.067543 0.307943 0.01 0.01
0 0.063437 0.279198 0.01 0.01
0 0.050296 0.268521 0.01 0.01
0 0.022372 0.286589 0.01 0.01
0 0.016623 0.307122 0.01 0.01
0 0.011696 0.296445 0.01 0.01
0 0.028943 0.261951 0.01 0.01
0 0.028121 0.245525 0.01 0.01
0 0.035513 0.226635 0.01 0.01
0 0.046190 0.213495 0.01 0.01
0 0.014981 0.207746 0.01 0.01
0 0.019087 0.188035 0.01 0.01
0 0.047011 0.187214 0.01 0.01
0 0.014981 0.176537 0.01 0.01
0 0.029764 0.173252 0.01 0.01
0 0.016623 0.159290 0.01 0.01
0 0.035513 0.154362 0.01 0.01
0 0.008411 0.141221 0.01 0.01
0 0.082326 0.428672 0.01 0.01
0 0.105322 0.425387 0.01 0.01
0 0.094646 0.390072 0.01 0.01
0 0.110250 0.307943 0.01 0.01
0 0.118463 0.337509 0.01 0.01
0 0.101216 0.290696 0.01 0.01
0 0.123391 0.283304 0.01 0.01
0 0.114357 0.264415 0.01 0.01
0 0.102037 0.252917 0.01 0.01
0 0.070828 0.261129 0.01 0.01
0 0.075756 0.240597 0.01 0.01
0 0.067543 0.220886 0.01 0.01
0 0.076577 0.211031 0.01 0.01
0 0.102037 0.223350 0.01 0.01
0 0.093824 0.202818 0.01 0.01
0 0.077399 0.192141 0.01 0.01
0 0.087254 0.189677 0.01 0.01
0 0.070828 0.183107 0.01 0.01
0 0.089718 0.171609 0.01 0.01
0 0.073292 0.164218 0.01 0.01
0 0.058509 0.165860 0.01 0.01
0 0.106965 0.187214 0.01 0.01
0 0.116820 0.179822 0.01 0.01
0 0.113535 0.169145 0.01 0.01
0 0.120927 0.160932 0.01 0.01
0 0.127497 0.145328 0.01 0.01
0 0.129140 0.215959 0.01 0.01
0 0.140638 0.201997 0.01 0.01
0 0.143923 0.173252 0.01 0.01
0 0.152957 0.179822 0.01 0.01
0 0.175132 0.171609 0.01 0.01
0 0.162813 0.151898 0.01 0.01
0 0.143923 0.162575 0.01 0.01
0 0.120106 0.200354 0.01 0.01
0 0.128319 0.265236 0.01 0.01
0 0.143102 0.290696 0.01 0.01
0 0.171847 0.261951 0.01 0.01
0 0.171025 0.238133 0.01 0.01
0 0.143102 0.230742 0.01 0.01
0 0.131604 0.235670 0.01 0.01
0 0.156242 0.219244 0.01 0.01
0 0.169383 0.206103 0.01 0.01
0 0.163634 0.192963 0.01 0.01
0 0.192379 0.216780 0.01 0.01
0 0.181702 0.234027 0.01 0.01
0 0.123391 0.353114 0.01 0.01
0 0.123391 0.380216 0.01 0.01
0 0.123391 0.393357 0.01 0.01
0 0.150493 0.406497 0.01 0.01
0 0.134068 0.456596 0.01 0.01
0 0.159527 0.461524 0.01 0.01
0 0.131604 0.486984 0.01 0.01
0 0.159527 0.496018 0.01 0.01
0 0.165276 0.644671 0.01 0.01
0 0.169383 0.692306 0.01 0.01
0 0.156242 0.596215 0.01 0.01
0 0.171847 0.574861 0.01 0.01
0 0.172668 0.557614 0.01 0.01
0 0.175132 0.526405 0.01 0.01
0 0.179238 0.487805 0.01 0.01
0 0.221124 0.498482 0.01 0.01
0 0.231801 0.542831 0.01 0.01
0 0.253976 0.574861 0.01 0.01
0 0.221945 0.611819 0.01 0.01
0 0.230979 0.660275 0.01 0.01
0 0.241656 0.692306 0.01 0.01
0 0.276972 0.682450 0.01 0.01
0 0.267116 0.664382 0.01 0.01
0 0.259725 0.647956 0.01 0.01
0 0.301610 0.621675 0.01 0.01
0 0.326249 0.592930 0.01 0.01
0 0.329534 0.569934 0.01 0.01
0 0.306538 0.562542 0.01 0.01
0 0.304895 0.512444 0.01 0.01
0 0.281078 0.496839 0.01 0.01
0 0.271223 0.479592 0.01 0.01
0 0.277793 0.417174 0.01 0.01
0 0.256439 0.419638 0.01 0.01
0 0.226873 0.437706 0.01 0.01
0 0.216196 0.429493 0.01 0.01
0 0.207162 0.411425 0.01 0.01
0 0.188273 0.408961 0.01 0.01
0 0.176774 0.376931 0.01 0.01
0 0.177596 0.355578 0.01 0.01
0 0.148851 0.356399 0.01 0.01
0 0.133246 0.323547 0.01 0.01
0 0.159527 0.330939 0.01 0.01
0 0.179238 0.336688 0.01 0.01
0 0.172668 0.304658 0.01 0.01
0 0.159527 0.280019 0.01 0.01
0 0.198949 0.298087 0.01 0.01
0 0.210447 0.284947 0.01 0.01
0 0.211269 0.269342 0.01 0.01
0 0.187451 0.274270 0.01 0.01
0 0.215375 0.256202 0.01 0.01
0 0.210447 0.227457 0.01 0.01
0 0.210447 0.209388 0.01 0.01
0 0.189915 0.200354 0.01 0.01
0 0.193200 0.176537 0.01 0.01
0 0.198128 0.166681 0.01 0.01
0 0.209626 0.159290 0.01 0.01
0 0.200592 0.138758 0.01 0.01
0 0.201413 0.109191 0.01 0.01
0 0.178417 0.104264 0.01 0.01
0 0.218660 0.174073 0.01 0.01
0 0.212911 0.187214 0.01 0.01
0 0.226052 0.198712 0.01 0.01
0 0.222767 0.206103 0.01 0.01
0 0.233443 0.228278 0.01 0.01
0 0.221945 0.245525 0.01 0.01
0 0.244120 0.244704 0.01 0.01
0 0.243299 0.264415 0.01 0.01
0 0.251512 0.279198 0.01 0.01
0 0.245763 0.311228 0.01 0.01
0 0.226873 0.326011 0.01 0.01
0 0.215375 0.344080 0.01 0.01
0 0.227694 0.367897 0.01 0.01
0 0.212090 0.383501 0.01 0.01
0 0.239192 0.522299 0.01 0.01
0 0.341032 0.671773 0.01 0.01
0 0.335283 0.656169 0.01 0.01
0 0.368135 0.636458 0.01 0.01
0 0.360743 0.609355 0.01 0.01
0 0.379633 0.584717 0.01 0.01
0 0.349245 0.535440 0.01 0.01
0 0.359922 0.510801 0.01 0.01
0 0.310644 0.495196 0.01 0.01
0 0.310644 0.463166 0.01 0.01
0 0.304074 0.436064 0.01 0.01
0 0.341853 0.462345 0.01 0.01
0 0.328713 0.421281 0.01 0.01
0 0.342675 0.419638 0.01 0.01
0 0.324606 0.400748 0.01 0.01
0 0.283542 0.379395 0.01 0.01
0 0.250690 0.362148 0.01 0.01
0 0.284363 0.315334 0.01 0.01
0 0.275329 0.297266 0.01 0.01
0 0.281899 0.278377 0.01 0.01
0 0.271223 0.267700 0.01 0.01
0 0.281899 0.252095 0.01 0.01
0 0.277793 0.230742 0.01 0.01
0 0.261367 0.236491 0.01 0.01
0 0.244941 0.202818 0.01 0.01
0 0.268759 0.192141 0.01 0.01
0 0.258082 0.173252 0.01 0.01
0 0.245763 0.156005 0.01 0.01
0 0.261367 0.156826 0.01 0.01
0 0.284363 0.176537 0.01 0.01
0 0.270401 0.167503 0.01 0.01
0 0.282721 0.207746 0.01 0.01
0 0.287648 0.195426 0.01 0.01
0 0.313930 0.229099 0.01 0.01
0 0.314751 0.196248 0.01 0.01
0 0.324606 0.181465 0.01 0.01
0 0.300205 1.021642 0.01 0.01
0 0.285422 0.944441 0.01 0.01
0 0.364266 1.105413 0.01 0.01
0 0.333057 1.039710 0.01 0.01
0 0.390547 1.006859 0.01 0.01
0 0.425041 0.962509 0.01 0.01
0 0.466105 1.047923 0.01 0.01
0 0.466105 1.113626 0.01 0.01
0 0.405330 1.184257 0.01 0.01
0 0.443109 1.200683 0.01 0.01
0 0.477603 1.238462 0.01 0.01
0 0.531808 1.116911 0.01 0.01
0 0.521953 1.049566 0.01 0.01
0 0.582728 1.100486 0.01 0.01
0 0.594226 1.161261 0.01 0.01
0 0.615580 1.139907 0.01 0.01
0 0.635291 1.046281 0.01 0.01
0 0.632006 1.016714 0.01 0.01
0 0.689496 0.965794 0.01 0.01
0 0.655002 0.944441 0.01 0.01
0 0.677998 0.914875 0.01 0.01
0 0.592584 0.923087 0.01 0.01
0 0.494029 0.901734 0.01 0.01
0 0.471033 0.949369 0.01 0.01
0 0.439824 0.832746 0.01 0.01
0 0.392190 0.873810 0.01 0.01
0 0.365908 0.896806 0.01 0.01
0 0.351125 0.865597 0.01 0.01
0 0.365908 0.817963 0.01 0.01
0 0.395475 0.786754 0.01 0.01
0 0.364266 0.742404 0.01 0.01
0 0.318274 0.732549 0.01 0.01
0 0.264069 0.732549 0.01 0.01
0 0.278852 0.794967 0.01 0.01
0 0.198366 0.770328 0.01 0.01
0 0.186868 0.799894 0.01 0.01
0 0.216434 0.811392 0.01 0.01
0 0.186868 0.740762 0.01 0.01
0 0.193438 0.712838 0.01 0.01
0 0.211506 0.740762 0.01 0.01
0 0.520310 0.857384 0.01 0.01
0 0.515383 0.824533 0.01 0.01
0 0.535094 0.817963 0.01 0.01
0 0.559732 0.824533 0.01 0.01
0 0.525238 0.786754 0.01 0.01
0 0.446395 0.798252 0.01 0.01
0 0.439824 0.739119 0.01 0.01
0 0.398760 0.734191 0.01 0.01
0 0.362623 0.712838 0.01 0.01
0 0.393832 0.679986 0.01 0.01
0 0.393832 0.635637 0.01 0.01
0 0.426684 0.565006 0.01 0.01
0 0.443109 0.574861 0.01 0.01
0 0.433254 0.535440 0.01 0.01
0 0.436539 0.504231 0.01 0.01
0 0.390547 0.502588 0.01 0.01
0 0.364266 0.448383 0.01 0.01
0 0.400402 0.469737 0.01 0.01
0 0.722347 1.036425 0.01 0.01
0 0.687853 1.171116 0.01 0.01
0 0.753556 1.095558 0.01 0.01
0 0.820902 1.144835 0.01 0.01
0 0.865251 1.118554 0.01 0.01
0 0.865251 1.057779 0.01 0.01
0 0.866894 1.000288 0.01 0.01
0 0.796263 0.990433 0.01 0.01
0 0.832400 0.967437 0.01 0.01
0 0.868536 0.965794 0.01 0.01
0 0.814331 0.918160 0.01 0.01
0 0.848826 0.890236 0.01 0.01
0 0.786408 0.867240 0.01 0.01
0 0.705921 0.827818 0.01 0.01
0 0.659929 0.860670 0.01 0.01
0 0.638576 0.844244 0.01 0.01
0 0.648431 0.808107 0.01 0.01
0 0.625435 0.798252 0.01 0.01
0 0.586013 0.804822 0.01 0.01
0 0.564660 0.783469 0.01 0.01
0 0.544949 0.773613 0.01 0.01
0 0.581086 0.745689 0.01 0.01
0 0.525238 0.725978 0.01 0.01
0 0.502242 0.760472 0.01 0.01
0 0.469391 0.740762 0.01 0.01
0 0.462820 0.686557 0.01 0.01
0 0.436539 0.679986 0.01 0.01
0 0.459535 0.635637 0.01 0.01
0 0.485816 0.647135 0.01 0.01
0 0.507170 0.681629 0.01 0.01
0 0.530166 0.640564 0.01 0.01
0 0.523596 0.601143 0.01 0.01
0 0.505527 0.583074 0.01 0.01
0 0.472676 0.594572 0.01 0.01
0 0.482531 0.548580 0.01 0.01
0 0.498957 0.528869 0.01 0.01
0 0.475961 0.527227 0.01 0.01
0 0.466105 0.463166 0.01 0.01
0 0.439824 0.476307 0.01 0.01
0 0.408615 0.417174 0.01 0.01
0 0.393832 0.410604 0.01 0.01
0 0.370836 0.395821 0.01 0.01
0 0.354410 0.377752 0.01 0.01
0 0.334699 0.359684 0.01 0.01
0 0.314989 0.364612 0.01 0.01
0 0.273924 0.343258 0.01 0.01
0 0.319916 0.323547 0.01 0.01
0 0.331414 0.312049 0.01 0.01
0 0.306776 0.298909 0.01 0.01
0 0.316631 0.277555 0.01 0.01
0 0.306776 0.246346 0.01 0.01
0 0.331414 0.266057 0.01 0.01
0 0.352768 0.292338 0.01 0.01
0 0.352768 0.325190 0.01 0.01
0 0.369193 0.321905 0.01 0.01
0 0.362623 0.335045 0.01 0.01
0 0.377406 0.338331 0.01 0.01
0 0.383977 0.349829 0.01 0.01
0 0.413543 0.338331 0.01 0.01
0 0.398760 0.315334 0.01 0.01
0 0.439824 0.390893 0.01 0.01
0 0.431611 0.371182 0.01 0.01
0 0.436539 0.418817 0.01 0.01
0 0.461178 0.435242 0.01 0.01
0 0.471033 0.397463 0.01 0.01
0 0.489102 0.397463 0.01 0.01
0 0.456250 0.361327 0.01 0.01
0 0.443109 0.338331 0.01 0.01
0 0.438182 0.323547 0.01 0.01
0 0.421756 0.313692 0.01 0.01
0 0.429969 0.298909 0.01 0.01
0 0.579443 0.668488 0.01 0.01
0 0.620508 0.737476 0.01 0.01
0 0.622150 0.706267 0.01 0.01
0 0.617222 0.763758 0.01 0.01
0 0.666500 0.775256 0.01 0.01
0 0.658287 0.737476 0.01 0.01
0 0.697709 0.717765 0.01 0.01
0 0.666500 0.673416 0.01 0.01
0 0.653359 0.645492 0.01 0.01
0 0.671427 0.622496 0.01 0.01
0 0.699351 0.614283 0.01 0.01
0 0.623793 0.607713 0.01 0.01
0 0.553162 0.609355 0.01 0.01
0 0.561375 0.555151 0.01 0.01
0 0.733845 0.806465 0.01 0.01
0 0.699351 0.781826 0.01 0.01
0 0.732203 0.732549 0.01 0.01
0 0.709207 0.681629 0.01 0.01
0 0.735488 0.638922 0.01 0.01
0 0.745343 0.602785 0.01 0.01
0 0.778195 0.633994 0.01 0.01
0 0.801191 0.653705 0.01 0.01
0 0.786408 0.689842 0.01 0.01
0 0.791335 0.732549 0.01 0.01
0 0.811046 0.742404 0.01 0.01
0 0.771625 0.785111 0.01 0.01
0 0.840613 0.827818 0.01 0.01
0 0.840613 0.798252 0.01 0.01
0 0.820902 0.725978 0.01 0.01
0 0.883320 0.732549 0.01 0.01
0 0.865251 0.693127 0.01 0.01
0 0.870179 0.635637 0.01 0.01
0 0.899745 0.656990 0.01 0.01
0 0.886605 0.610998 0.01 0.01
0 0.889890 0.576504 0.01 0.01
0 0.875107 0.543652 0.01 0.01
0 0.847183 0.512444 0.01 0.01
0 0.819259 0.497660 0.01 0.01
0 0.799548 0.502588 0.01 0.01
0 0.809404 0.548580 0.01 0.01
0 0.751914 0.555151 0.01 0.01
0 0.761769 0.530512 0.01 0.01
0 0.730560 0.558436 0.01 0.01
0 0.696066 0.548580 0.01 0.01
0 0.656644 0.569934 0.01 0.01
0 0.620508 0.566649 0.01 0.01
0 0.587656 0.537082 0.01 0.01
0 0.618865 0.533797 0.01 0.01
0 0.546592 0.533797 0.01 0.01
0 0.535094 0.517371 0.01 0.01
0 0.535094 0.489447 0.01 0.01
0 0.513740 0.476307 0.01 0.01
0 0.576158 0.515729 0.01 0.01
0 0.554805 0.496018 0.01 0.01
0 0.609010 0.491090 0.01 0.01
0 0.607367 0.435242 0.01 0.01
0 0.584371 0.410604 0.01 0.01
0 0.563017 0.412246 0.01 0.01
0 0.528523 0.413889 0.01 0.01
0 0.510455 0.435242 0.01 0.01
0 0.479246 0.445098 0.01 0.01
0 0.659346 0.516550 0.01 0.01
0 0.670844 0.559257 0.01 0.01
0 0.673308 0.496018 0.01 0.01
0 0.683984 0.486984 0.01 0.01
0 0.621567 0.470558 0.01 0.01
0 0.631422 0.450847 0.01 0.01
0 0.582966 0.387608 0.01 0.01
0 0.554221 0.386787 0.01 0.01
0 0.539438 0.376931 0.01 0.01
0 0.522191 0.394178 0.01 0.01
0 0.504944 0.402391 0.01 0.01
0 0.510693 0.375288 0.01 0.01
0 0.484411 0.379395 0.01 0.01
0 0.477020 0.367076 0.01 0.01
0 0.483590 0.348186 0.01 0.01
0 0.487697 0.323547 0.01 0.01
0 0.504122 0.306300 0.01 0.01
0 0.536153 0.301373 0.01 0.01
0 0.528761 0.342437 0.01 0.01
0 0.507408 0.345722 0.01 0.01
0 0.559149 0.345722 0.01 0.01
0 0.595285 0.350650 0.01 0.01
0 0.614996 0.353114 0.01 0.01
0 0.608426 0.329296 0.01 0.01
0 0.575574 0.316977 0.01 0.01
0 0.558327 0.316977 0.01 0.01
0 0.570647 0.288232 0.01 0.01
0 0.590358 0.297266 0.01 0.01
0 0.527940 0.280840 0.01 0.01
0 0.497552 0.276734 0.01 0.01
0 0.494267 0.289875 0.01 0.01
0 0.515620 0.263593 0.01 0.01
0 0.523012 0.243882 0.01 0.01
0 0.500016 0.243061 0.01 0.01
0 0.526297 0.224172 0.01 0.01
0 0.514799 0.206103 0.01 0.01
0 0.534510 0.206103 0.01 0.01
0 0.519727 0.185571 0.01 0.01
0 0.536153 0.185571 0.01 0.01
0 0.541902 0.166681 0.01 0.01
0 0.523012 0.171609 0.01 0.01
0 0.552578 0.261129 0.01 0.01
0 0.546829 0.280019 0.01 0.01
0 0.582145 0.252917 0.01 0.01
0 0.598570 0.266057 0.01 0.01
0 0.620745 0.261129 0.01 0.01
0 0.572289 0.230742 0.01 0.01
0 0.577217 0.214316 0.01 0.01
0 0.555042 0.201175 0.01 0.01
0 0.572289 0.191320 0.01 0.01
0 0.562434 0.178179 0.01 0.01
0 0.555863 0.167503 0.01 0.01
0 0.567362 0.148613 0.01 0.01
0 0.581323 0.169967 0.01 0.01
0 0.592000 0.142043 0.01 0.01
0 0.569004 0.123974 0.01 0.01
0 0.541080 0.139579 0.01 0.01
0 0.502480 0.148613 0.01 0.01
0 0.487697 0.148613 0.01 0.01
0 0.491803 0.131366 0.01 0.01
0 0.471271 0.134651 0.01 0.01
0 0.624852 0.399927 0.01 0.01
0 0.620745 0.376110 0.01 0.01
0 0.648669 0.358863 0.01 0.01
0 0.660988 0.373646 0.01 0.01
0 0.665095 0.391714 0.01 0.01
0 0.651133 0.427851 0.01 0.01
0 0.712729 0.431136 0.01 0.01
0 0.711087 0.413068 0.01 0.01
0 0.693840 0.382680 0.01 0.01
0 0.716836 0.470558 0.01 0.01
0 0.683984 0.465630 0.01 0.01
0 0.734904 0.493554 0.01 0.01
0 0.748045 0.447562 0.01 0.01
0 0.749687 0.431136 0.01 0.01
0 0.764471 0.459881 0.01 0.01
0 0.773505 0.443455 0.01 0.01
0 0.783360 0.477128 0.01 0.01
0 0.808820 0.466451 0.01 0.01
0 0.805535 0.437706 0.01 0.01
0 0.782539 0.422102 0.01 0.01
0 0.785824 0.407319 0.01 0.01
0 0.737368 0.409783 0.01 0.01
0 0.739832 0.376110 0.01 0.01
0 0.713551 0.358863 0.01 0.01
0 0.720942 0.348186 0.01 0.01
0 0.736547 0.319441 0.01 0.01
0 0.738189 0.304658 0.01 0.01
0 0.716836 0.298909 0.01 0.01
0 0.706159 0.306300 0.01 0.01
0 0.693840 0.331760 0.01 0.01
0 0.689733 0.306300 0.01 0.01
0 0.655239 0.305479 0.01 0.01
0 0.646205 0.289053 0.01 0.01
0 0.634707 0.286589 0.01 0.01
0 0.631422 0.298087 0.01 0.01
0 0.629779 0.316156 0.01 0.01
0 0.643741 0.328475 0.01 0.01
0 0.794858 0.381037 0.01 0.01
0 0.758722 0.344901 0.01 0.01
0 0.762007 0.322726 0.01 0.01
0 0.785824 0.314513 0.01 0.01
0 0.766934 0.297266 0.01 0.01
0 0.784181 0.299730 0.01 0.01
0 0.779254 0.285768 0.01 0.01
0 0.807999 0.352292 0.01 0.01
0 0.807178 0.332582 0.01 0.01
0 0.820318 0.365433 0.01 0.01
0 0.795680 0.362148 0.01 0.01
0 0.818676 0.427030 0.01 0.01
0 0.817033 0.407319 0.01 0.01
0 0.841672 0.375288 0.01 0.01
0 0.848242 0.357220 0.01 0.01
0 0.856455 0.337509 0.01 0.01
0 0.844957 0.312871 0.01 0.01
0 0.871238 0.310407 0.01 0.01
0 0.845778 0.302194 0.01 0.01
0 0.830995 0.293160 0.01 0.01
0 0.818676 0.293981 0.01 0.01
0 0.796501 0.262772 0.01 0.01
0 0.863025 0.431957 0.01 0.01
0 0.838386 0.424566 0.01 0.01
0 0.850706 0.415532 0.01 0.01
0 0.886021 0.392536 0.01 0.01
0 0.875344 0.385144 0.01 0.01
0 0.895055 0.380216 0.01 0.01
0 0.899983 0.346543 0.01 0.01
0 0.892591 0.308764 0.01 0.01
0 0.877808 0.269342 0.01 0.01
0 0.856455 0.273449 0.01 0.01
0 0.841672 0.276734 0.01 0.01
0 0.830995 0.260308 0.01 0.01
0 0.814569 0.263593 0.01 0.01
0 0.819497 0.275091 0.01 0.01
0 0.842493 0.245525 0.01 0.01
0 0.821961 0.233206 0.01 0.01
0 0.817033 0.246346 0.01 0.01
0 0.838386 0.212673 0.01 0.01
0 0.848242 0.209388 0.01 0.01
0 0.855634 0.195426 0.01 0.01
0 0.878630 0.192963 0.01 0.01
0 0.900804 0.197890 0.01 0.01
0 0.883557 0.211031 0.01 0.01
0 0.877808 0.229921 0.01 0.01
0 0.852348 0.234027 0.01 0.01
0 0.880272 0.244704 0.01 0.01
0 0.892591 0.248810 0.01 0.01
0 0.909017 0.245525 0.01 0.01
0 0.890949 0.482056 0.01 0.01
0 0.898340 0.291106 0.01 0.01
0 0.908196 0.305890 0.01 0.01
0 0.900804 0.176126 0.01 0.01
0 0.697125 0.281251 0.01 0.01
0 0.679878 0.247578 0.01 0.01
0 0.684806 0.228689 0.01 0.01
0 0.647026 0.219654 0.01 0.01
0 0.624852 0.218012 0.01 0.01
0 0.605962 0.218833 0.01 0.01
0 0.619103 0.193373 0.01 0.01
0 0.608426 0.195016 0.01 0.01
0 0.587894 0.191731 0.01 0.01
0 0.656882 0.274681 0.01 0.01
0 0.653597 0.259898 0.01 0.01
0 0.642099 0.254149 0.01 0.01
0 0.691376 0.251685 0.01 0.01
0 0.700410 0.241008 0.01 0.01
0 0.716836 0.229510 0.01 0.01
0 0.713551 0.249221 0.01 0.01
0 0.717657 0.259898 0.01 0.01
0 0.721764 0.274681 0.01 0.01
0 0.736547 0.274681 0.01 0.01
0 0.739011 0.261540 0.01 0.01
0 0.752151 0.256612 0.01 0.01
0 0.752973 0.238544 0.01 0.01
0 0.734083 0.244293 0.01 0.01
0 0.731619 0.254970 0.01 0.01
0 0.730798 0.287821 0.01 0.01
0 0.771862 0.259076 0.01 0.01
0 0.788288 0.240187 0.01 0.01
0 0.794858 0.208978 0.01 0.01
0 0.775969 0.208978 0.01 0.01
0 0.758722 0.212263 0.01 0.01
0 0.755436 0.193373 0.01 0.01
0 0.743117 0.185982 0.01 0.01
0 0.706980 0.195837 0.01 0.01
0 0.709444 0.178590 0.01 0.01
0 0.670844 0.208978 0.01 0.01
0 0.646205 0.176126 0.01 0.01
0 0.632243 0.176947 0.01 0.01
0 0.604319 0.160522 0.01 0.01
0 0.370836 0.295213 0.01 0.01
0 0.388083 0.326422 0.01 0.01
0 0.395475 0.278787 0.01 0.01
0 0.397939 0.296855 0.01 0.01
0 0.420113 0.271396 0.01 0.01
0 0.430790 0.257434 0.01 0.01
0 0.440646 0.241829 0.01 0.01
0 0.425862 0.241829 0.01 0.01
0 0.393832 0.250042 0.01 0.01
0 0.371657 0.266468 0.01 0.01
0 0.351946 0.223761 0.01 0.01
0 0.327308 0.236901 0.01 0.01
0 0.331414 0.222940 0.01 0.01
0 0.369193 0.215548 0.01 0.01
0 0.374121 0.242651 0.01 0.01
0 0.385619 0.228689 0.01 0.01
0 0.388083 0.215548 0.01 0.01
0 0.381513 0.204871 0.01 0.01
0 0.360159 0.183518 0.01 0.01
0 0.349483 0.180233 0.01 0.01
0 0.333057 0.166271 0.01 0.01
0 0.319916 0.166271 0.01 0.01
0 0.328129 0.153130 0.01 0.01
0 0.298563 0.171198 0.01 0.01
0 0.297741 0.158058 0.01 0.01
0 0.298563 0.133419 0.01 0.01
0 0.282958 0.136704 0.01 0.01
0 0.266533 0.139168 0.01 0.01
0 0.251749 0.131777 0.01 0.01
0 0.365908 0.162986 0.01 0.01
0 0.365087 0.146560 0.01 0.01
0 0.347019 0.139990 0.01 0.01
0 0.373300 0.135883 0.01 0.01
0 0.384798 0.159700 0.01 0.01
0 0.398760 0.156415 0.01 0.01
0 0.392190 0.181054 0.01 0.01
0 0.418471 0.185982 0.01 0.01
0 0.436539 0.207335 0.01 0.01
0 0.448037 0.210620 0.01 0.01
0 0.465284 0.220476 0.01 0.01
0 0.478425 0.218833 0.01 0.01
0 0.477603 0.236901 0.01 0.01
0 0.467748 0.245114 0.01 0.01
0 0.457893 0.286179 0.01 0.01
0 0.461178 0.319852 0.01 0.01
0 0.445573 0.305068 0.01 0.01
0 0.415186 0.218833 0.01 0.01
0 0.410258 0.206514 0.01 0.01
0 0.435718 0.184339 0.01 0.01
0 0.451322 0.185160 0.01 0.01
0 0.451322 0.167913 0.01 0.01
0 0.471033 0.202407 0.01 0.01
0 0.484995 0.208978 0.01 0.01
0 0.481710 0.184339 0.01 0.01
0 0.468569 0.170377 0.01 0.01
0 0.463642 0.150666 0.01 0.01
0 0.446395 0.158058 0.01 0.01
0 0.432433 0.143275 0.01 0.01
0 0.418471 0.151488 0.01 0.01
0 0.444752 0.130134 0.01 0.01
0 0.426684 0.123564 0.01 0.01
0 0.397939 0.139168 0.01 0.01
0 0.392190 0.121921 0.01 0.01
0 0.375764 0.115351 0.01 0.01
0 0.349483 0.107138 0.01 0.01
0 0.356053 0.100568 0.01 0.01
0 0.338806 0.091534 0.01 0.01
0 0.318274 0.111244 0.01 0.01
0 0.323201 0.126849 0.01 0.01
0 0.383977 0.103853 0.01 0.01
0 0.393832 0.094819 0.01 0.01
0 0.382334 0.089070 0.01 0.01
0 0.365908 0.084142 0.01 0.01
0 0.410258 0.084142 0.01 0.01
0 0.410258 0.100568 0.01 0.01
0 0.402045 0.113708 0.01 0.01
0 0.434897 0.099746 0.01 0.01
0 0.440646 0.084142 0.01 0.01
0 0.425862 0.073465 0.01 0.01
0 0.453786 0.084142 0.01 0.01
0 0.468569 0.070180 0.01 0.01
0 0.448037 0.067716 0.01 0.01
0 0.480889 0.072644 0.01 0.01
0 0.474318 0.091534 0.01 0.01
0 0.461999 0.103853 0.01 0.01
0 0.467748 0.114530 0.01 0.01
0 0.484174 0.107959 0.01 0.01
0 0.494029 0.098104 0.01 0.01
0 0.503885 0.116993 0.01 0.01
0 0.506349 0.127670 0.01 0.01
0 0.523596 0.129313 0.01 0.01
0 0.536736 0.125206 0.01 0.01
0 0.530166 0.113708 0.01 0.01
0 0.522774 0.103853 0.01 0.01
0 0.512919 0.093997 0.01 0.01
0 0.517847 0.085785 0.01 0.01
0 0.497314 0.084963 0.01 0.01
0 0.511276 0.075108 0.01 0.01
0 0.491565 0.071001 0.01 0.01
0 0.498957 0.068537 0.01 0.01
0 0.531808 0.080857 0.01 0.01
0 0.530987 0.066074 0.01 0.01
0 0.545770 0.084142 0.01 0.01
0 0.558090 0.094819 0.01 0.01
0 0.549056 0.097283 0.01 0.01
0 0.561375 0.082499 0.01 0.01
0 0.564660 0.066074 0.01 0.01
0 0.582728 0.068537 0.01 0.01
0 0.573694 0.084142 0.01 0.01
0 0.576158 0.098925 0.01 0.01
0 0.591762 0.096461 0.01 0.01
0 0.593405 0.080036 0.01 0.01
0 0.605724 0.083321 0.01 0.01
0 0.609010 0.093997 0.01 0.01
0 0.617222 0.082499 0.01 0.01
0 0.618044 0.058682 0.01 0.01
0 0.635291 0.048005 0.01 0.01
0 0.605724 0.046363 0.01 0.01
0 0.595869 0.048005 0.01 0.01
0 0.626257 0.067716 0.01 0.01
0 0.641861 0.066074 0.01 0.01
0 0.643504 0.080857 0.01 0.01
0 0.657466 0.077572 0.01 0.01
0 0.655823 0.100568 0.01 0.01
0 0.648431 0.120279 0.01 0.01
0 0.640218 0.126028 0.01 0.01
0 0.638576 0.140811 0.01 0.01
0 0.635291 0.112887 0.01 0.01
0 0.618865 0.119457 0.01 0.01
0 0.613116 0.147381 0.01 0.01
0 0.609010 0.133419 0.01 0.01
0 0.584371 0.132598 0.01 0.01
0 0.594226 0.161343 0.01 0.01
0 0.612295 0.172841 0.01 0.01
0 0.641040 0.158058 0.01 0.01
0 0.230396 0.116993 0.01 0.01
0 0.247643 0.112887 0.01 0.01
0 0.218898 0.104674 0.01 0.01
0 0.213970 0.099746 0.01 0.01
0 0.221362 0.082499 0.01 0.01
0 0.213149 0.084142 0.01 0.01
0 0.242715 0.084142 0.01 0.01
0 0.223826 0.066895 0.01 0.01
0 0.249285 0.067716 0.01 0.01
0 0.236145 0.057861 0.01 0.01
0 0.231217 0.048005 0.01 0.01
0 0.218077 0.043899 0.01 0.01
0 0.232038 0.025831 0.01 0.01
0 0.231217 0.013511 0.01 0.01
0 0.218898 0.012690 0.01 0.01
0 0.247643 0.028294 0.01 0.01
0 0.241073 0.016796 0.01 0.01
0 0.260784 0.021724 0.01 0.01
0 0.264890 0.036507 0.01 0.01
0 0.279673 0.034043 0.01 0.01
0 0.291992 0.020082 0.01 0.01
0 0.277209 0.021724 0.01 0.01
0 0.273924 0.046363 0.01 0.01
0 0.260784 0.044720 0.01 0.01
0 0.258320 0.057861 0.01 0.01
0 0.261605 0.069359 0.01 0.01
0 0.267354 0.086606 0.01 0.01
0 0.273924 0.076750 0.01 0.01
0 0.300205 0.069359 0.01 0.01
0 0.306776 0.086606 0.01 0.01
0 0.293635 0.079214 0.01 0.01
0 0.291992 0.061146 0.01 0.01
0 0.287065 0.052933 0.01 0.01
0 0.291171 0.040614 0.01 0.01
0 0.313346 0.043078 0.01 0.01
0 0.325665 0.064431 0.01 0.01
0 0.326487 0.053754 0.01 0.01
0 0.336342 0.059503 0.01 0.01
0 0.330593 0.044720 0.01 0.01
0 0.346197 0.045541 0.01 0.01
0 0.357695 0.049648 0.01 0.01
0 0.353589 0.071001 0.01 0.01
0 0.348661 0.060325 0.01 0.01
0 0.386441 0.073465 0.01 0.01
0 0.370836 0.060325 0.01 0.01
0 0.382334 0.048005 0.01 0.01
0 0.369193 0.042256 0.01 0.01
0 0.365908 0.027473 0.01 0.01
0 0.352768 0.030758 0.01 0.01
0 0.342091 0.029937 0.01 0.01
0 0.330593 0.026652 0.01 0.01
0 0.325665 0.015975 0.01 0.01
0 0.336342 0.011869 0.01 0.01
0 0.357695 0.011869 0.01 0.01
0 0.366730 0.006941 0.01 0.01
0 0.382334 0.011869 0.01 0.01
0 0.386441 0.024188 0.01 0.01
0 0.385619 0.029116 0.01 0.01
0 0.383977 0.038150 0.01 0.01
0 0.401224 0.027473 0.01 0.01
0 0.407794 0.044720 0.01 0.01
0 0.411900 0.034043 0.01 0.01
0 0.411079 0.015975 0.01 0.01
0 0.402866 0.006120 0.01 0.01
0 0.429148 0.030758 0.01 0.01
0 0.430790 0.048827 0.01 0.01
0 0.398760 0.057861 0.01 0.01
0 0.448037 0.055397 0.01 0.01
0 0.448858 0.038150 0.01 0.01
0 0.439824 0.016796 0.01 0.01
0 0.454607 0.015975 0.01 0.01
0 0.467748 0.035686 0.01 0.01
0 0.464463 0.050469 0.01 0.01
0 0.475961 0.055397 0.01 0.01
0 0.478425 0.028294 0.01 0.01
0 0.500600 0.032401 0.01 0.01
0 0.512919 0.026652 0.01 0.01
0 0.499778 0.018439 0.01 0.01
0 0.494029 0.047184 0.01 0.01
0 0.495672 0.055397 0.01 0.01
0 0.517025 0.057039 0.01 0.01
0 0.519489 0.038971 0.01 0.01
0 0.526881 0.045541 0.01 0.01
0 0.545770 0.047184 0.01 0.01
0 0.539200 0.038150 0.01 0.01
0 0.537557 0.016796 0.01 0.01
0 0.563017 0.033222 0.01 0.01
0 0.553162 0.018439 0.01 0.01
0 0.578622 0.020082 0.01 0.01
0 0.590941 0.031580 0.01 0.01
0 0.609010 0.027473 0.01 0.01
0 0.613116 0.015154 0.01 0.01
0 0.570409 0.047184 0.01 0.01
0 0.054403 0.069359 0.01 0.01
0 0.031407 0.038150 0.01 0.01
0 0.017445 0.031580 0.01 0.01
0 0.011696 0.018439 0.01 0.01
0 0.031407 0.020082 0.01 0.01
0 0.047011 0.034043 0.01 0.01
0 0.047832 0.006941 0.01 0.01
0 0.069186 0.061967 0.01 0.01
0 0.097931 0.042256 0.01 0.01
0 0.085612 0.020082 0.01 0.01
0 0.116820 0.021724 0.01 0.01
0 0.111071 0.030758 0.01 0.01
0 0.111071 0.039792 0.01 0.01
0 0.121748 0.037329 0.01 0.01
0 0.131604 0.049648 0.01 0.01
0 0.125033 0.046363 0.01 0.01
0 0.143923 0.067716 0.01 0.01
0 0.161170 0.075108 0.01 0.01
0 0.159527 0.064431 0.01 0.01
0 0.168562 0.061146 0.01 0.01
0 0.157885 0.052112 0.01 0.01
0 0.144744 0.017618 0.01 0.01
0 0.116820 0.011869 0.01 0.01
0 0.175953 0.029937 0.01 0.01
0 0.170204 0.018439 0.01 0.01
0 0.192379 0.014332 0.01 0.01
0 0.198949 0.025009 0.01 0.01
0 0.182524 0.045541 0.01 0.01
0 0.181702 0.066074 0.01 0.01
0 0.198949 0.072644 0.01 0.01
0 0.184987 0.083321 0.01 0.01
0 0.169383 0.090712 0.01 0.01
0 0.208805 0.060325 0.01 0.01
0 0.272865 0.012690 0.01 0.01
0 0.294219 0.113708 0.01 0.01
0 0.295861 0.097283 0.01 0.01
0 0.274508 0.113708 0.01 0.01
0 0.670844 0.141632 0.01 0.01
0 0.683163 0.135883 0.01 0.01
0 0.687270 0.177769 0.01 0.01
0 0.697946 0.134241 0.01 0.01
0 0.677414 0.122742 0.01 0.01
0 0.660988 0.114530 0.01 0.01
0 0.664273 0.100568 0.01 0.01
0 0.674950 0.112066 0.01 0.01
0 0.677414 0.093997 0.01 0.01
0 0.674129 0.072644 0.01 0.01
0 0.691376 0.075929 0.01 0.01
0 0.689733 0.088248 0.01 0.01
0 0.705338 0.092355 0.01 0.01
0 0.696304 0.116172 0.01 0.01
0 0.718478 0.106317 0.01 0.01
0 0.736547 0.093176 0.01 0.01
0 0.743938 0.074287 0.01 0.01
0 0.716836 0.068537 0.01 0.01
0 0.693840 0.051290 0.01 0.01
0 0.704517 0.046363 0.01 0.01
0 0.680699 0.048005 0.01 0.01
0 0.684806 0.034865 0.01 0.01
0 0.666737 0.041435 0.01 0.01
0 0.656061 0.052933 0.01 0.01
0 0.657703 0.029937 0.01 0.01
0 0.664273 0.015154 0.01 0.01
0 0.679057 0.015154 0.01 0.01
0 0.631422 0.019260 0.01 0.01
0 0.714372 0.026652 0.01 0.01
0 0.733262 0.025009 0.01 0.01
0 0.716836 0.050469 0.01 0.01
0 0.739832 0.056218 0.01 0.01
0 0.759543 0.048827 0.01 0.01
0 0.749687 0.027473 0.01 0.01
0 0.763649 0.018439 0.01 0.01
0 0.777611 0.015154 0.01 0.01
0 0.771862 0.080036 0.01 0.01
0 0.756258 0.093997 0.01 0.01
0 0.762828 0.063610 0.01 0.01
0 0.743938 0.117815 0.01 0.01
0 0.766113 0.112887 0.01 0.01
0 0.766113 0.166271 0.01 0.01
0 0.747224 0.153130 0.01 0.01
0 0.743117 0.167913 0.01 0.01
0 0.788288 0.120279 0.01 0.01
0 0.792394 0.154773 0.01 0.01
0 0.793216 0.175305 0.01 0.01
0 0.808820 0.167913 0.01 0.01
0 0.822782 0.161343 0.01 0.01
0 0.814569 0.134241 0.01 0.01
0 0.830995 0.143275 0.01 0.01
0 0.838386 0.156415 0.01 0.01
0 0.826067 0.130134 0.01 0.01
0 0.825246 0.113708 0.01 0.01
0 0.820318 0.093997 0.01 0.01
0 0.815390 0.075929 0.01 0.01
0 0.806356 0.069359 0.01 0.01
0 0.814569 0.058682 0.01 0.01
0 0.786645 0.056218 0.01 0.01
0 0.788288 0.027473 0.01 0.01
0 0.795680 0.016796 0.01 0.01
0 0.806356 0.041435 0.01 0.01
0 0.808820 0.026652 0.01 0.01
0 0.815390 0.011869 0.01 0.01
0 0.842493 0.043078 0.01 0.01
0 0.835923 0.054576 0.01 0.01
0 0.844957 0.025009 0.01 0.01
0 0.840850 0.013511 0.01 0.01
0 0.832637 0.028294 0.01 0.01
0 0.820318 0.029937 0.01 0.01
0 0.836744 0.101389 0.01 0.01
0 0.847421 0.100568 0.01 0.01
0 0.838386 0.080857 0.01 0.01
0 0.865489 0.063610 0.01 0.01
0 0.876166 0.060325 0.01 0.01
0 0.895055 0.069359 0.01 0.01
0 0.888485 0.084963 0.01 0.01
0 0.886842 0.104674 0.01 0.01
0 0.870417 0.077572 0.01 0.01
0 0.862204 0.153130 0.01 0.01
0 0.846599 0.140811 0.01 0.01
0 0.856455 0.123564 0.01 0.01
0 0.884379 0.137526 0.01 0.01
0 0.897519 0.142453 0.01 0.01
0 0.844957 0.174484 0.01 0.01
0 0.825246 0.196658 0.01 0.01
0 0.809641 0.193373 0.01 0.01
0 0.817854 0.178590 0.01 0.01
0 0.887664 0.151488 0.01 0.01
0 0.864668 0.038971 0.01 0.01
0 0.879451 0.017618 0.01 0.01
0 0.895055 0.014332 0.01 0.01
0 0.904911 0.026652 0.01 0.01
0 0.894234 0.038971 0.01 0.01
0 0.896698 0.051290 0.01 0.01
0 0.861383 0.025831 0.01 0.01
