0 0.224855 0.796127 0.01 0.01
0 0.347493 0.802139 0.01 0.01
0 0.319839 0.681905 0.01 0.01
0 0.194796 0.601348 0.01 0.01
0 0.157524 0.586920 0.01 0.01
0 0.097407 0.600146 0.01 0.01
0 0.110633 0.603753 0.01 0.01
0 0.062539 0.601348 0.01 0.01
0 0.028874 0.608562 0.01 0.01
0 0.050516 0.614574 0.01 0.01
0 0.007232 0.615776 0.01 0.01
0 0.278960 0.579706 0.01 0.01
0 0.339077 0.586920 0.01 0.01
0 0.364326 0.603753 0.01 0.01
0 0.391980 0.597741 0.01 0.01
0 0.412419 0.562874 0.01 0.01
0 0.478548 0.553255 0.01 0.01
0 0.511011 0.570088 0.01 0.01
0 0.547081 0.560469 0.01 0.01
0 0.569925 0.577302 0.01 0.01
0 0.630042 0.625395 0.01 0.01
0 0.704587 0.586920 0.01 0.01
0 0.680540 0.583313 0.01 0.01
0 0.637256 0.585718 0.01 0.01
0 0.648077 0.554457 0.01 0.01
0 0.688957 0.536422 0.01 0.01
0 0.722622 0.548446 0.01 0.01
0 0.746669 0.541232 0.01 0.01
0 0.763502 0.622990 0.01 0.01
0 0.821214 0.536422 0.01 0.01
0 0.900568 0.536422 0.01 0.01
0 0.918603 0.536422 0.01 0.01
0 0.877724 0.532815 0.01 0.01
0 0.410015 0.785306 0.01 0.01
0 0.395587 0.881493 0.01 0.01
0 0.465322 0.940407 0.01 0.01
0 0.507404 0.852637 0.01 0.01
0 0.602389 0.824983 0.01 0.01
0 0.668517 0.816567 0.01 0.01
0 0.710599 0.824983 0.01 0.01
0 0.685350 0.858648 0.01 0.01
0 0.579544 0.974073 0.01 0.01
0 0.632447 0.948824 0.01 0.01
0 0.749074 0.974073 0.01 0.01
0 0.690159 1.031785 0.01 0.01
0 0.844058 0.968061 0.01 0.01
0 0.828428 0.907944 0.01 0.01
0 0.889747 0.889909 0.01 0.01
0 0.859689 0.855041 0.01 0.01
0 0.904175 0.835804 0.01 0.01
0 0.908984 0.931991 0.01 0.01
0 1.008778 0.944014 0.01 0.01
0 0.971506 0.861053 0.01 0.01
0 0.981125 0.803341 0.01 0.01
0 0.914996 0.793722 0.01 0.01
0 0.959483 0.766068 0.01 0.01
0 1.028016 0.766068 0.01 0.01
0 1.067693 0.817769 0.01 0.01
0 1.052062 0.883897 0.01 0.01
0 1.108572 0.793722 0.01 0.01
0 1.151856 0.792520 0.01 0.01
0 1.116989 0.763664 0.01 0.01
0 1.219187 0.838209 0.01 0.01
0 1.204759 0.800936 0.01 0.01
0 1.274495 0.794925 0.01 0.01
0 1.282911 0.767271 0.01 0.01
0 1.260067 0.740819 0.01 0.01
0 1.285316 0.707154 0.01 0.01
0 1.234818 0.673489 0.01 0.01
0 1.205962 0.693928 0.01 0.01
0 1.174701 0.736010 0.01 0.01
0 1.168689 0.675893 0.01 0.01
0 1.131417 0.704749 0.01 0.01
0 1.116989 0.704749 0.01 0.01
0 1.091740 0.734808 0.01 0.01
0 1.064086 0.732403 0.01 0.01
0 1.028016 0.723987 0.01 0.01
0 0.991946 0.716773 0.01 0.01
0 0.951066 0.721582 0.01 0.01
0 0.892152 0.685512 0.01 0.01
0 0.940245 0.690321 0.01 0.01
0 0.969101 0.685512 0.01 0.01
0 0.945054 0.654251 0.01 0.01
0 0.925817 0.662668 0.01 0.01
0 1.007576 0.650644 0.01 0.01
0 1.002767 0.675893 0.01 0.01
0 1.020802 0.671084 0.01 0.01
0 1.041241 0.673489 0.01 0.01
0 1.066490 0.675893 0.01 0.01
0 1.079716 0.692726 0.01 0.01
0 1.092942 0.659061 0.01 0.01
0 1.056872 0.649442 0.01 0.01
0 1.126607 0.635014 0.01 0.01
0 1.145845 0.642228 0.01 0.01
0 1.171094 0.639823 0.01 0.01
0 1.216783 0.659061 0.01 0.01
0 1.269685 0.659061 0.01 0.01
0 1.270888 0.683107 0.01 0.01
0 1.280506 0.629002 0.01 0.01
0 1.261269 0.608562 0.01 0.01
0 1.250448 0.642228 0.01 0.01
0 1.153059 0.553255 0.01 0.01
0 1.120596 0.556862 0.01 0.01
0 1.085728 0.526804 0.01 0.01
0 1.037634 0.552053 0.01 0.01
0 0.981125 0.565278 0.01 0.01
0 0.963090 0.520792 0.01 0.01
0 1.007576 0.518387 0.01 0.01
0 1.013588 0.513578 0.01 0.01
0 1.053265 0.509971 0.01 0.01
0 1.074907 0.485924 0.01 0.01
0 1.082121 0.514780 0.01 0.01
0 1.095347 0.501554 0.01 0.01
0 1.115786 0.501554 0.01 0.01
0 1.136226 0.514780 0.01 0.01
0 1.139833 0.503959 0.01 0.01
0 1.163880 0.497947 0.01 0.01
0 1.179510 0.499150 0.01 0.01
0 1.195140 0.503959 0.01 0.01
0 1.204759 0.485924 0.01 0.01
0 1.189129 0.494340 0.01 0.01
0 1.211973 0.497947 0.01 0.01
0 1.237222 0.499150 0.01 0.01
0 1.256460 0.509971 0.01 0.01
0 1.267281 0.507566 0.01 0.01
0 1.278102 0.499150 0.01 0.01
0 1.284113 0.509971 0.01 0.01
0 1.264876 0.489531 0.01 0.01
0 1.250448 0.490733 0.01 0.01
0 1.185140 0.527705 0.01 0.01
0 1.159290 0.769375 0.01 0.01
0 1.030420 0.692726 0.01 0.01
0 0.541069 0.901933 0.01 0.01
0 0.097407 0.629002 0.01 0.01
0 0.091395 0.612169 0.01 0.01
0 0.116645 0.639823 0.01 0.01
0 0.958280 0.549648 0.01 0.01
0 0.223784 0.575022 0.01 0.01
