0 0.252539 0.488089 0.01 0.01
0 0.113548 0.255520 0.01 0.01
0 0.101163 0.230750 0.01 0.01
0 0.117676 0.208731 0.01 0.01
0 0.044741 0.208731 0.01 0.01
0 0.029603 0.226621 0.01 0.01
0 0.026851 0.207355 0.01 0.01
0 0.008961 0.193594 0.01 0.01
0 0.013089 0.170199 0.01 0.01
0 0.081896 0.163318 0.01 0.01
0 0.127309 0.153685 0.01 0.01
0 0.164465 0.250016 0.01 0.01
0 0.352997 0.303685 0.01 0.01
0 0.402539 0.288548 0.01 0.01
0 0.430062 0.278915 0.01 0.01
0 0.591071 0.409649 0.01 0.01
0 0.779603 0.565153 0.01 0.01
0 0.877309 0.534878 0.01 0.01
0 0.911713 0.442676 0.01 0.01
0 0.845658 0.368364 0.01 0.01
0 0.723181 0.357355 0.01 0.01
0 0.681896 0.324328 0.01 0.01
0 0.666759 0.291300 0.01 0.01
0 0.439695 0.193594 0.01 0.01
0 0.435566 0.175704 0.01 0.01
0 0.408043 0.216988 0.01 0.01
0 0.394282 0.199098 0.01 0.01
0 0.340612 0.199098 0.01 0.01
0 0.325474 0.193594 0.01 0.01
0 1.009419 0.226621 0.01 0.01
0 1.034190 0.223869 0.01 0.01
0 1.021805 0.178456 0.01 0.01
0 1.002539 0.170199 0.01 0.01
0 0.975016 0.175704 0.01 0.01
0 0.937860 0.211484 0.01 0.01
0 0.935107 0.175704 0.01 0.01
0 0.921346 0.188089 0.01 0.01
0 0.896575 0.182585 0.01 0.01
0 0.880062 0.168823 0.01 0.01
0 0.863548 0.192218 0.01 0.01
0 0.888318 0.247263 0.01 0.01
0 0.880062 0.285796 0.01 0.01
0 0.921346 0.298181 0.01 0.01
0 0.946117 0.299557 0.01 0.01
0 1.001163 0.313318 0.01 0.01
0 0.676392 0.222493 0.01 0.01
0 0.658502 0.208731 0.01 0.01
0 0.635107 0.208731 0.01 0.01
0 0.665383 0.188089 0.01 0.01
0 0.830520 0.269282 0.01 0.01
0 0.805750 0.252768 0.01 0.01
0 0.775474 0.250016 0.01 0.01
0 0.778227 0.233502 0.01 0.01
0 0.785107 0.203227 0.01 0.01
0 0.764465 0.197722 0.01 0.01
0 0.754832 0.185337 0.01 0.01
0 0.752080 0.170199 0.01 0.01
0 0.692906 0.175704 0.01 0.01
0 0.494741 0.188089 0.01 0.01
0 1.281896 0.866530 0.01 0.01
0 1.541988 0.757814 0.01 0.01
0 1.408502 0.490841 0.01 0.01
0 1.316300 0.428915 0.01 0.01
0 1.116759 0.526621 0.01 0.01
0 1.127768 0.438548 0.01 0.01
0 1.023181 0.434419 0.01 0.01
0 1.138777 0.413777 0.01 0.01
0 1.148410 0.351851 0.01 0.01
0 1.218594 0.349098 0.01 0.01
0 1.200704 0.415153 0.01 0.01
0 1.347952 0.406896 0.01 0.01
0 1.441530 0.413777 0.01 0.01
0 1.518594 0.428915 0.01 0.01
0 1.460796 0.307814 0.01 0.01
0 1.460796 0.285796 0.01 0.01
0 1.493823 0.261025 0.01 0.01
0 1.507585 0.218364 0.01 0.01
0 1.430520 0.240383 0.01 0.01
0 1.401621 0.223869 0.01 0.01
0 1.338318 0.250016 0.01 0.01
0 1.325933 0.214236 0.01 0.01
0 1.292906 0.216988 0.01 0.01
0 1.078227 0.194970 0.01 0.01
0 1.087860 0.172952 0.01 0.01
0 1.061713 0.164695 0.01 0.01
0 1.101621 0.188089 0.01 0.01
0 1.131896 0.188089 0.01 0.01
0 1.177309 0.175704 0.01 0.01
0 1.147034 0.183961 0.01 0.01
0 0.840153 0.221117 0.01 0.01
0 0.819511 0.221117 0.01 0.01
0 0.833273 0.203227 0.01 0.01
0 0.814007 0.178456 0.01 0.01
0 0.793364 0.172952 0.01 0.01
0 0.791988 0.159190 0.01 0.01
0 1.434649 0.178456 0.01 0.01
0 0.712333 0.134311 0.01 0.01
0 0.077768 0.270175 0.01 0.01
0 1.511534 0.145500 0.01 0.01
0 1.484361 0.150295 0.01 0.01
0 1.530715 0.108737 0.01 0.01
0 1.025620 0.621824 0.01 0.01
0 1.174271 0.604241 0.01 0.01
0 1.316529 0.549895 0.01 0.01
0 0.488557 0.297348 0.01 0.01
0 0.138507 0.370874 0.01 0.01
0 0.015430 0.377268 0.01 0.01
0 1.383662 0.290155 0.01 0.01
0 1.572273 0.670575 0.01 0.01
0 0.018027 0.143652 0.01 0.01
0 0.006039 0.235160 0.01 0.01
0 0.004041 0.209186 0.01 0.01
0 0.026019 0.216779 0.01 0.01
0 0.074771 0.216779 0.01 0.01
0 0.097148 0.219975 0.01 0.01
0 0.092753 0.171224 0.01 0.01
0 0.038807 0.168427 0.01 0.01
0 0.147098 0.116079 0.01 0.01
0 0.154291 0.112083 0.01 0.01
0 0.156289 0.098497 0.01 0.01
0 0.169476 0.099296 0.01 0.01
0 0.163482 0.084111 0.01 0.01
0 0.167877 0.084511 0.01 0.01
0 0.178267 0.088107 0.01 0.01
0 0.207438 0.239955 0.01 0.01
0 0.270575 0.231564 0.01 0.01
0 0.372073 0.192003 0.01 0.01
0 0.704741 0.174021 0.01 0.01
0 0.731114 0.183612 0.01 0.01
0 0.646399 0.189606 0.01 0.01
0 0.590854 0.167228 0.01 0.01
0 0.603242 0.160035 0.01 0.01
0 0.667178 0.158037 0.01 0.01
0 0.660385 0.138856 0.01 0.01
0 0.665180 0.124071 0.01 0.01
0 0.714331 0.112083 0.01 0.01
0 0.769476 0.119276 0.01 0.01
0 0.815830 0.167228 0.01 0.01
0 0.769076 0.209985 0.01 0.01
0 0.729915 0.222373 0.01 0.01
0 0.721524 0.220375 0.01 0.01
0 0.635610 0.197198 0.01 0.01
0 0.626419 0.191604 0.01 0.01
0 0.620425 0.250345 0.01 0.01
0 0.582063 0.259536 0.01 0.01
0 0.602043 0.166429 0.01 0.01
0 0.596449 0.174021 0.01 0.01
0 0.737508 0.171224 0.01 0.01
0 0.841004 0.177618 0.01 0.01
0 0.961284 0.384561 0.01 0.01
0 1.074771 0.322223 0.01 0.01
0 0.981664 0.156988 0.01 0.01
0 1.004441 0.178167 0.01 0.01
0 1.119925 0.163382 0.01 0.01
0 1.105540 0.164581 0.01 0.01
0 1.123122 0.146599 0.01 0.01
0 1.152693 0.154990 0.01 0.01
