0 0.099757 0.371952 0.01 0.01
0 0.047074 0.237318 0.01 0.01
0 0.382684 0.399269 0.01 0.01
0 0.484148 0.399269 0.01 0.01
0 0.008050 0.137806 0.01 0.01
0 0.109513 0.120245 0.01 0.01
0 0.179757 0.104635 0.01 0.01
0 0.244148 0.081221 0.01 0.01
0 0.275367 0.053904 0.01 0.01
0 0.281221 0.009026 0.01 0.01
0 0.304635 0.014879 0.01 0.01
0 0.347562 0.014879 0.01 0.01
0 0.369026 0.009026 0.01 0.01
0 0.357318 0.032440 0.01 0.01
0 0.324148 0.044148 0.01 0.01
0 0.431465 0.221709 0.01 0.01
0 0.474391 0.182684 0.01 0.01
0 0.431465 0.128050 0.01 0.01
0 0.694879 0.217806 0.01 0.01
0 0.800245 0.247074 0.01 0.01
0 0.854879 0.297806 0.01 0.01
0 1.007074 0.288050 0.01 0.01
0 1.178782 0.284148 0.01 0.01
0 1.235367 0.170977 0.01 0.01
0 1.184635 0.157318 0.01 0.01
0 0.499757 0.055367 0.01 0.01
0 0.483172 0.061221 0.01 0.01
0 0.492928 0.013416 0.01 0.01
0 0.544635 0.034879 0.01 0.01
0 0.577806 0.042684 0.01 0.01
0 0.547562 0.003660 0.01 0.01
0 0.775855 0.112928 0.01 0.01
0 0.710489 0.058294 0.01 0.01
0 0.730977 0.027074 0.01 0.01
0 0.667562 0.016343 0.01 0.01
0 0.772928 0.020245 0.01 0.01
0 0.837318 0.052440 0.01 0.01
0 0.842196 0.133416 0.01 0.01
0 0.903660 0.128538 0.01 0.01
0 0.921221 0.085611 0.01 0.01
0 0.947562 0.051465 0.01 0.01
0 0.985611 0.096343 0.01 0.01
0 0.906587 0.033904 0.01 0.01
0 0.885123 0.025123 0.01 0.01
0 0.959269 0.013416 0.01 0.01
0 1.047074 0.182196 0.01 0.01
0 1.097806 0.159757 0.01 0.01
0 1.127074 0.056343 0.01 0.01
0 1.127074 0.017318 0.01 0.01
0 1.238294 0.020245 0.01 0.01
0 1.231465 0.104148 0.01 0.01
0 1.301709 0.026099 0.01 0.01
0 0.845061 0.002753 0.01 0.01
0 0.822319 0.003088 0.01 0.01
