0 0.718407 0.791361 0.01 0.01
0 1.188431 0.736205 0.01 0.01
0 1.075721 0.769779 0.01 0.01
0 1.068527 0.784167 0.01 0.01
0 1.109294 0.699035 0.01 0.01
0 1.039750 0.673855 0.01 0.01
0 1.025362 0.625894 0.01 0.01
0 1.091309 0.604311 0.01 0.01
0 1.141669 0.552752 0.01 0.01
0 1.214810 0.606709 0.01 0.01
0 1.262772 0.687045 0.01 0.01
0 1.268767 0.558747 0.01 0.01
0 1.297544 0.527572 0.01 0.01
0 1.283155 0.587524 0.01 0.01
0 1.307136 0.600714 0.01 0.01
0 1.265170 0.480810 0.01 0.01
0 1.295146 0.464023 0.01 0.01
0 1.269966 0.376493 0.01 0.01
0 1.250781 0.345318 0.01 0.01
0 1.196824 0.446038 0.01 0.01
0 1.181237 0.464023 0.01 0.01
0 1.157256 0.480810 0.01 0.01
0 1.146465 0.491601 0.01 0.01
0 1.132076 0.508388 0.01 0.01
0 1.217208 0.185846 0.01 0.01
0 1.214810 0.274575 0.01 0.01
0 1.152460 0.218220 0.01 0.01
0 1.146465 0.232608 0.01 0.01
0 1.162052 0.320138 0.01 0.01
0 1.126081 0.244599 0.01 0.01
0 1.110493 0.243400 0.01 0.01
0 1.117688 0.239803 0.01 0.01
0 1.118887 0.452333 0.01 0.01
0 1.126681 0.437344 0.01 0.01
0 1.112892 0.417560 0.01 0.01
0 1.118287 0.407368 0.01 0.01
0 1.102700 0.355810 0.01 0.01
0 1.134474 0.327033 0.01 0.01
0 1.098503 0.274874 0.01 0.01
0 1.108095 0.277273 0.01 0.01
0 1.078119 0.295258 0.01 0.01
0 1.060733 0.241901 0.01 0.01
0 1.091908 0.241901 0.01 0.01
0 1.034954 0.289263 0.01 0.01
0 1.062532 0.301853 0.01 0.01
0 1.071525 0.255690 0.01 0.01
0 1.081717 0.256289 0.01 0.01
0 1.052340 0.262285 0.01 0.01
0 1.039750 0.313244 0.01 0.01
0 1.052940 0.352213 0.01 0.01
0 1.048143 0.330630 0.01 0.01
0 0.993587 0.325834 0.01 0.01
0 0.989390 0.354011 0.01 0.01
0 0.982196 0.368999 0.01 0.01
0 1.011573 0.376793 0.01 0.01
0 0.969606 0.421757 0.01 0.01
0 0.998383 0.446337 0.01 0.01
0 1.018167 0.407368 0.01 0.01
0 1.007376 0.394179 0.01 0.01
0 1.054139 0.426553 0.01 0.01
0 1.058335 0.409767 0.01 0.01
0 1.058935 0.385786 0.01 0.01
0 1.048743 0.162165 0.01 0.01
0 1.043947 0.172956 0.01 0.01
0 1.047544 0.190942 0.01 0.01
0 1.045745 0.204731 0.01 0.01
0 1.021165 0.207728 0.01 0.01
0 1.018767 0.234107 0.01 0.01
0 1.025362 0.253891 0.01 0.01
0 0.989390 0.249695 0.01 0.01
0 0.974402 0.166361 0.01 0.01
0 0.997784 0.191541 0.01 0.01
0 0.997184 0.203532 0.01 0.01
0 0.949822 0.186745 0.01 0.01
0 0.969606 0.201133 0.01 0.01
0 0.925242 0.200534 0.01 0.01
0 0.857496 0.192141 0.01 0.01
0 0.904258 0.217920 0.01 0.01
0 0.924642 0.210126 0.01 0.01
0 0.969606 0.219119 0.01 0.01
0 0.969606 0.244299 0.01 0.01
0 0.951021 0.255690 0.01 0.01
0 0.949822 0.216121 0.01 0.01
0 0.923443 0.224515 0.01 0.01
0 0.907856 0.256889 0.01 0.01
0 0.888671 0.238903 0.01 0.01
0 0.935434 0.278472 0.01 0.01
0 0.985793 0.273675 0.01 0.01
0 0.952820 0.275474 0.01 0.01
0 0.955218 0.260486 0.01 0.01
0 0.958215 0.251493 0.01 0.01
0 0.970206 0.256289 0.01 0.01
0 0.927640 0.298855 0.01 0.01
0 0.937832 0.321637 0.01 0.01
0 0.954019 0.297656 0.01 0.01
0 0.925841 0.362404 0.01 0.01
0 0.908455 0.321637 0.01 0.01
0 0.899462 0.270078 0.01 0.01
0 0.882676 0.273675 0.01 0.01
0 0.879079 0.308448 0.01 0.01
0 0.853299 0.283867 0.01 0.01
0 0.832916 0.240102 0.01 0.01
0 0.953419 0.358807 0.01 0.01
0 0.925841 0.425954 0.01 0.01
0 0.883875 0.405570 0.01 0.01
0 0.853899 0.390582 0.01 0.01
0 0.845505 0.421757 0.01 0.01
0 0.816728 0.394179 0.01 0.01
0 0.816728 0.365402 0.01 0.01
0 0.816728 0.342620 0.01 0.01
0 0.819127 0.318040 0.01 0.01
0 0.795146 0.322836 0.01 0.01
0 0.771165 0.276673 0.01 0.01
0 0.769966 0.274874 0.01 0.01
0 0.768767 0.208927 0.01 0.01
0 0.815529 0.283268 0.01 0.01
0 0.783155 0.315642 0.01 0.01
0 0.754378 0.318639 0.01 0.01
0 0.766968 0.333627 0.01 0.01
0 0.753779 0.357009 0.01 0.01
0 0.759774 0.413963 0.01 0.01
0 0.796944 0.433148 0.01 0.01
0 0.825122 0.427153 0.01 0.01
0 0.831717 0.405570 0.01 0.01
0 0.877280 0.436745 0.01 0.01
0 0.883275 0.421757 0.01 0.01
0 0.892868 0.406169 0.01 0.01
0 0.881477 0.341421 0.01 0.01
0 0.898863 0.370198 0.01 0.01
0 0.967208 0.455930 0.01 0.01
0 0.855697 0.446937 0.01 0.01
0 0.863491 0.482908 0.01 0.01
0 0.794546 0.446937 0.01 0.01
0 0.841908 0.445738 0.01 0.01
0 0.831117 0.469119 0.01 0.01
0 0.813731 0.473915 0.01 0.01
0 0.859894 0.303352 0.01 0.01
0 0.857496 0.329731 0.01 0.01
0 0.841908 0.356109 0.01 0.01
0 0.729199 0.231409 0.01 0.01
0 0.716009 0.223016 0.01 0.01
0 0.686033 0.209827 0.01 0.01
0 0.680038 0.252992 0.01 0.01
0 0.632076 0.239803 0.01 0.01
0 0.639270 0.279371 0.01 0.01
0 0.636872 0.315342 0.01 0.01
0 0.696824 0.317740 0.01 0.01
0 0.722004 0.274575 0.01 0.01
0 0.739990 0.296157 0.01 0.01
0 0.712412 0.356109 0.01 0.01
0 0.714810 0.372896 0.01 0.01
0 0.711213 0.335726 0.01 0.01
0 0.672844 0.358508 0.01 0.01
0 0.688431 0.369299 0.01 0.01
0 0.670446 0.406469 0.01 0.01
0 0.660853 0.465222 0.01 0.01
0 0.656057 0.449635 0.01 0.01
0 0.711213 0.420858 0.01 0.01
0 0.722004 0.449635 0.01 0.01
0 0.726800 0.425654 0.01 0.01
0 0.736393 0.488004 0.01 0.01
0 0.772364 0.478412 0.01 0.01
0 0.681237 0.491601 0.01 0.01
0 0.708815 0.511985 0.01 0.01
0 0.635673 0.503592 0.01 0.01
0 0.602100 0.507189 0.01 0.01
0 0.564930 0.526373 0.01 0.01
0 0.548143 0.467620 0.01 0.01
0 0.554139 0.488004 0.01 0.01
0 0.590110 0.438843 0.01 0.01
0 0.596105 0.426853 0.01 0.01
0 0.611693 0.422057 0.01 0.01
0 0.617688 0.400474 0.01 0.01
0 0.611693 0.350114 0.01 0.01
0 0.614091 0.284167 0.01 0.01
0 0.628479 0.370498 0.01 0.01
0 0.645266 0.395678 0.01 0.01
0 0.680038 0.296157 0.01 0.01
0 0.651261 0.353711 0.01 0.01
0 0.646465 0.432848 0.01 0.01
0 0.588911 0.309347 0.01 0.01
0 0.552940 0.281769 0.01 0.01
0 0.491788 0.258987 0.01 0.01
0 0.512172 0.305750 0.01 0.01
0 0.461812 0.315342 0.01 0.01
0 0.472604 0.323735 0.01 0.01
0 0.507376 0.340522 0.01 0.01
0 0.546944 0.333328 0.01 0.01
0 0.574522 0.352512 0.01 0.01
0 0.573323 0.387285 0.01 0.01
0 0.552940 0.364503 0.01 0.01
0 0.527760 0.364503 0.01 0.01
0 0.489390 0.362105 0.01 0.01
0 0.433035 0.350114 0.01 0.01
0 0.418647 0.371697 0.01 0.01
0 0.375481 0.388484 0.01 0.01
0 0.310733 0.350114 0.01 0.01
0 0.363491 0.270978 0.01 0.01
0 0.259175 0.153472 0.01 0.01
0 0.321525 0.398076 0.01 0.01
0 0.279558 0.435246 0.01 0.01
0 0.274762 0.423256 0.01 0.01
0 0.349103 0.440042 0.01 0.01
0 0.314330 0.476014 0.01 0.01
0 0.371884 0.510786 0.01 0.01
0 0.409055 0.568340 0.01 0.01
0 0.464211 0.549155 0.01 0.01
0 0.469007 0.489203 0.01 0.01
0 0.515769 0.493999 0.01 0.01
0 0.484594 0.417261 0.01 0.01
0 0.441429 0.410066 0.01 0.01
0 0.478599 0.396877 0.01 0.01
0 0.510973 0.413663 0.01 0.01
0 0.536153 0.423256 0.01 0.01
0 0.410254 0.412464 0.01 0.01
0 0.416249 0.493999 0.01 0.01
0 0.431836 0.635486 0.01 0.01
0 0.475002 0.654671 0.01 0.01
0 0.573323 0.639083 0.01 0.01
0 0.446225 0.646277 0.01 0.01
0 0.622484 0.701433 0.01 0.01
0 0.635673 0.709827 0.01 0.01
0 0.654858 0.729011 0.01 0.01
0 0.410254 0.652273 0.01 0.01
0 0.347904 0.663064 0.01 0.01
0 0.329918 0.633088 0.01 0.01
0 0.321525 0.565942 0.01 0.01
0 0.329918 0.540762 0.01 0.01
0 0.254378 0.610306 0.01 0.01
0 0.271165 0.646277 0.01 0.01
0 0.212412 0.579131 0.01 0.01
0 0.222004 0.519179 0.01 0.01
0 0.229199 0.497596 0.01 0.01
0 0.277160 0.642680 0.01 0.01
0 0.642868 0.839323 0.01 0.01
0 0.217508 0.290462 0.01 0.01
0 0.228899 0.279671 0.01 0.01
0 0.219306 0.253292 0.01 0.01
0 0.192328 0.308448 0.01 0.01
0 0.208515 0.241301 0.01 0.01
0 0.197124 0.270678 0.01 0.01
0 1.200122 0.556050 0.01 0.01
0 1.220505 0.547656 0.01 0.01
0 0.918347 0.636385 0.01 0.01
0 0.940529 0.550054 0.01 0.01
0 0.924942 0.515282 0.01 0.01
0 0.897964 0.489503 0.01 0.01
0 0.962112 0.478711 0.01 0.01
0 0.998983 0.468819 0.01 0.01
0 0.358695 0.490402 0.01 0.01
0 0.451021 0.434047 0.01 0.01
0 0.459414 0.462824 0.01 0.01
0 0.910254 0.074129 0.01 0.01
0 0.327820 0.059740 0.01 0.01
0 0.379978 0.065736 0.01 0.01
0 0.910254 0.538364 0.01 0.01
0 0.413851 0.625894 0.01 0.01
0 0.404258 0.606709 0.01 0.01
0 1.090110 0.309347 0.01 0.01
0 0.298743 0.504791 0.01 0.01
0 0.723203 0.388484 0.01 0.01
0 0.722004 0.399275 0.01 0.01
0 1.207824 0.070508 0.01 0.01
0 0.858673 0.220359 0.01 0.01
0 0.869163 0.253326 0.01 0.01
0 1.171860 0.277302 0.01 0.01
