0 0.798297 1.006414 0.01 0.01
0 1.174271 0.986933 0.01 0.01
0 1.330115 0.790180 0.01 0.01
0 0.091154 0.570050 0.01 0.01
0 0.321024 0.702518 0.01 0.01
0 0.605440 0.757063 0.01 0.01
0 0.950245 0.451219 0.01 0.01
0 0.772972 0.470700 0.01 0.01
0 0.679466 0.427843 0.01 0.01
0 0.537258 0.240830 0.01 0.01
0 0.504141 0.190180 0.01 0.01
0 0.395050 0.188232 0.01 0.01
0 0.358037 0.174596 0.01 0.01
0 0.336609 0.127843 0.01 0.01
0 0.346349 0.083037 0.01 0.01
0 0.260635 0.092778 0.01 0.01
0 0.200245 0.102518 0.01 0.01
0 0.149596 0.141479 0.01 0.01
0 0.028817 0.182388 0.01 0.01
0 0.098946 0.032388 0.01 0.01
0 0.026868 0.038232 0.01 0.01
0 0.118427 0.005115 0.01 0.01
0 0.194401 0.018752 0.01 0.01
0 0.165180 0.046024 0.01 0.01
0 0.319076 0.046024 0.01 0.01
0 0.408687 0.034336 0.01 0.01
0 0.445700 0.073297 0.01 0.01
0 0.484661 0.100570 0.01 0.01
0 0.578167 0.120050 0.01 0.01
0 0.509985 0.018752 0.01 0.01
0 0.718427 0.209661 0.01 0.01
0 0.924920 0.172648 0.01 0.01
0 0.958037 0.277843 0.01 0.01
0 0.897648 0.340180 0.01 0.01
0 1.591154 0.390830 0.01 0.01
0 1.519076 0.285635 0.01 0.01
0 1.598946 0.293427 0.01 0.01
0 1.489855 0.092778 0.01 0.01
0 1.394401 0.182388 0.01 0.01
0 1.404141 0.075245 0.01 0.01
0 1.472323 0.014855 0.01 0.01
0 1.556089 0.018752 0.01 0.01
0 1.248297 0.051868 0.01 0.01
0 1.187907 0.046024 0.01 0.01
0 1.191804 0.005115 0.01 0.01
0 1.131414 0.018752 0.01 0.01
0 1.041804 0.032388 0.01 0.01
0 0.866479 0.028492 0.01 0.01
0 0.958037 0.005115 0.01 0.01
0 0.809985 0.051868 0.01 0.01
0 0.794401 0.086933 0.01 0.01
0 0.763232 0.040180 0.01 0.01
0 0.677518 0.005115 0.01 0.01
0 0.605440 0.069401 0.01 0.01
0 0.441804 0.001219 0.01 0.01
0 0.550894 0.024596 0.01 0.01
0 0.574271 0.051868 0.01 0.01
0 0.432063 0.032388 0.01 0.01
0 0.091154 0.005115 0.01 0.01
0 0.252843 0.573459 0.01 0.01
0 0.240180 0.487745 0.01 0.01
0 0.240180 0.366966 0.01 0.01
0 0.269401 0.281252 0.01 0.01
0 0.402843 0.394239 0.01 0.01
0 0.449596 0.366966 0.01 0.01
0 0.368752 0.005602 0.01 0.01
0 0.752518 0.010472 0.01 0.01
0 0.600570 0.005602 0.01 0.01
0 0.108687 0.396674 0.01 0.01
0 0.124271 0.361609 0.01 0.01
0 0.013232 0.503817 0.01 0.01
0 1.279466 0.007063 0.01 0.01
0 1.463582 0.409236 0.01 0.01
0 0.427818 1.142902 0.01 0.01
0 0.279166 0.925520 0.01 0.01
0 0.963282 0.083162 0.01 0.01
0 1.075170 0.147098 0.01 0.01
0 1.087957 0.201444 0.01 0.01
