0 0.187860 0.906438 0.01 0.01
0 0.070887 0.627080 0.01 0.01
0 0.423181 0.602309 0.01 0.01
0 0.516759 0.554144 0.01 0.01
0 0.449328 0.621575 0.01 0.01
0 0.412172 0.755062 0.01 0.01
0 0.414924 0.449557 0.01 0.01
0 0.295199 0.401392 0.01 0.01
0 0.230635 0.432527 0.01 0.01
0 0.758961 0.821117 0.01 0.01
0 0.769970 0.940841 0.01 0.01
0 0.904832 0.940841 0.01 0.01
0 1.065841 1.085337 0.01 0.01
0 1.067218 0.854144 0.01 0.01
0 1.017676 0.651851 0.01 0.01
0 0.965383 0.482585 0.01 0.01
0 0.701163 0.583043 0.01 0.01
0 0.632355 0.584419 0.01 0.01
0 1.232355 0.840383 0.01 0.01
0 1.306667 1.056438 0.01 0.01
0 1.511713 0.792218 0.01 0.01
0 1.489695 0.716530 0.01 0.01
0 1.301163 0.651851 0.01 0.01
0 1.268135 0.665612 0.01 0.01
0 1.213318 0.326220 0.01 0.01
0 1.330979 0.380234 0.01 0.01
0 1.327883 0.404316 0.01 0.01
0 1.376048 0.410509 0.01 0.01
0 1.357126 0.468307 0.01 0.01
0 1.269741 0.429087 0.01 0.01
0 1.189236 0.424958 0.01 0.01
0 1.185796 0.411885 0.01 0.01
0 1.175818 0.460738 0.01 0.01
0 1.434649 0.457298 0.01 0.01
0 1.481782 0.422550 0.01 0.01
0 1.581552 0.488261 0.01 0.01
0 1.540612 0.367504 0.01 0.01
0 1.501736 0.406724 0.01 0.01
0 1.490727 0.382642 0.01 0.01
0 1.459075 0.391587 0.01 0.01
0 1.443594 0.364752 0.01 0.01
0 1.512057 0.345142 0.01 0.01
0 1.520314 0.363376 0.01 0.01
0 1.541644 0.352711 0.01 0.01
0 1.557814 0.355463 0.01 0.01
0 1.587401 0.376449 0.01 0.01
0 1.548181 0.240555 0.01 0.01
0 1.577080 0.285280 0.01 0.01
0 1.564351 0.267734 0.01 0.01
0 1.555750 0.269454 0.01 0.01
0 1.598410 0.251220 0.01 0.01
0 1.322837 0.291816 0.01 0.01
0 0.551163 0.939465 0.01 0.01
0 1.491071 0.525245 0.01 0.01
0 1.539236 0.472952 0.01 0.01
0 0.532687 0.442386 0.01 0.01
