0 0.309138 1.096797 0.01 0.01
0 0.446343 1.164310 0.01 0.01
0 0.019483 0.783185 0.01 0.01
0 0.084819 0.537087 0.01 0.01
0 0.030372 0.543621 0.01 0.01
0 0.019483 0.497886 0.01 0.01
0 0.226379 0.561044 0.01 0.01
0 0.343984 0.489174 0.01 0.01
0 0.400608 0.517486 0.01 0.01
0 0.191534 0.312768 0.01 0.01
0 0.561770 0.449973 0.01 0.01
0 1.502604 0.308412 0.01 0.01
0 0.204782 0.191352 0.01 0.01
0 0.248339 0.200064 0.01 0.01
0 0.270118 0.232731 0.01 0.01
0 0.306053 0.205508 0.01 0.01
0 0.360499 0.185908 0.01 0.01
0 0.412768 0.111860 0.01 0.01
0 0.522750 0.180463 0.01 0.01
0 0.640354 0.397160 0.01 0.01
0 0.633820 0.330735 0.01 0.01
0 0.735091 0.384093 0.01 0.01
0 0.673022 0.149973 0.01 0.01
0 0.732913 0.018212 0.01 0.01
0 0.553240 0.045436 0.01 0.01
0 0.519483 0.060681 0.01 0.01
0 0.470481 0.005145 0.01 0.01
0 0.345254 0.007323 0.01 0.01
0 0.356143 0.058503 0.01 0.01
0 0.249428 0.010590 0.01 0.01
0 0.811679 0.292623 0.01 0.01
0 0.887904 0.278467 0.01 0.01
0 0.921661 0.301334 0.01 0.01
0 0.966307 0.286089 0.01 0.01
0 1.018575 0.282822 0.01 0.01
0 1.026198 0.222931 0.01 0.01
0 0.941261 0.205508 0.01 0.01
0 0.964129 0.192441 0.01 0.01
0 1.012042 0.183730 0.01 0.01
0 1.069755 0.167396 0.01 0.01
0 1.132913 0.159773 0.01 0.01
0 1.047976 0.129283 0.01 0.01
0 1.139447 0.116216 0.01 0.01
0 1.173203 0.098793 0.01 0.01
0 1.194982 0.080281 0.01 0.01
0 1.206960 0.057414 0.01 0.01
0 1.175381 0.041080 0.01 0.01
0 1.241806 0.080281 0.01 0.01
0 1.245073 0.046525 0.01 0.01
0 1.258140 0.010590 0.01 0.01
0 1.306053 0.069392 0.01 0.01
0 1.236361 0.020390 0.01 0.01
0 0.793167 0.004056 0.01 0.01
0 0.842169 0.012768 0.01 0.01
0 0.878104 0.023657 0.01 0.01
0 1.540535 0.178285 0.01 0.01
0 1.580826 0.170663 0.01 0.01
0 1.592804 0.011679 0.01 0.01
0 1.354329 0.022568 0.01 0.01
0 1.326016 0.012768 0.01 0.01
