0 0.021349 0.344563 0.01 0.01
0 0.017453 0.419563 0.01 0.01
0 0.034011 0.412745 0.01 0.01
0 0.045700 0.416641 0.01 0.01
0 0.066154 0.405927 0.01 0.01
0 0.143102 0.401057 0.01 0.01
0 0.130440 0.426381 0.01 0.01
0 0.326219 0.366966 0.01 0.01
0 0.371024 0.380602 0.01 0.01
0 0.362258 0.337745 0.01 0.01
0 0.397323 0.337745 0.01 0.01
0 0.413881 0.414693 0.01 0.01
0 0.383687 0.443914 0.01 0.01
0 0.406089 0.451706 0.01 0.01
0 0.296998 0.514044 0.01 0.01
0 0.241479 0.554953 0.01 0.01
0 0.214206 0.553005 0.01 0.01
0 0.153817 0.514044 0.01 0.01
0 0.065180 0.561771 0.01 0.01
0 0.579466 0.366966 0.01 0.01
0 0.639855 0.405927 0.01 0.01
0 0.707063 0.417615 0.01 0.01
0 0.580440 0.472161 0.01 0.01
0 0.573622 0.546187 0.01 0.01
0 0.498622 0.500407 0.01 0.01
0 0.557063 0.616317 0.01 0.01
0 0.268752 0.621187 0.01 0.01
0 0.158687 0.651381 0.01 0.01
0 0.079791 0.658200 0.01 0.01
0 0.264531 0.706414 0.01 0.01
0 0.490505 0.721998 0.01 0.01
0 0.714531 0.696674 0.01 0.01
0 0.375570 0.815505 0.01 0.01
0 0.319076 0.899271 0.01 0.01
0 0.192453 0.834985 0.01 0.01
0 0.081414 1.119401 0.01 0.01
0 0.843102 1.170050 0.01 0.01
0 1.398297 1.121349 0.01 0.01
0 1.380765 0.965505 0.01 0.01
0 1.211284 0.684985 0.01 0.01
0 1.242453 0.601219 0.01 0.01
0 1.296998 0.421998 0.01 0.01
0 1.263881 0.414206 0.01 0.01
0 1.102193 0.429791 0.01 0.01
0 0.996998 0.431739 0.01 0.01
0 0.954141 0.462907 0.01 0.01
0 0.882063 0.449271 0.01 0.01
0 0.819726 0.427843 0.01 0.01
0 0.780765 0.468752 0.01 0.01
0 0.735959 0.381089 0.01 0.01
0 0.761284 0.347972 0.01 0.01
0 1.250245 0.068914 0.01 0.01
0 1.232713 0.065018 0.01 0.01
0 1.206414 0.063070 0.01 0.01
0 1.269726 0.109823 0.01 0.01
0 1.082713 0.137096 0.01 0.01
0 1.043752 0.125407 0.01 0.01
0 1.022323 0.137096 0.01 0.01
0 0.839206 0.188719 0.01 0.01
0 0.838232 0.196511 0.01 0.01
0 0.818752 0.196511 0.01 0.01
0 0.806089 0.205278 0.01 0.01
0 0.851868 0.219888 0.01 0.01
0 0.942453 0.195537 0.01 0.01
0 1.034011 0.175083 0.01 0.01
0 1.031089 0.192615 0.01 0.01
0 1.034985 0.116641 0.01 0.01
0 1.022323 0.267615 0.01 0.01
0 1.020375 0.303654 0.01 0.01
0 1.002843 0.338719 0.01 0.01
0 1.086609 0.315343 0.01 0.01
0 1.124596 0.271511 0.01 0.01
0 1.187907 0.257875 0.01 0.01
0 1.221998 0.277355 0.01 0.01
0 1.246349 0.298784 0.01 0.01
0 1.192778 0.345537 0.01 0.01
0 1.159661 0.347485 0.01 0.01
0 1.140180 0.318265 0.01 0.01
0 0.892778 0.301706 0.01 0.01
0 0.854791 0.290992 0.01 0.01
0 0.853817 0.312420 0.01 0.01
0 0.823622 0.327031 0.01 0.01
0 0.798297 0.315343 0.01 0.01
0 0.801219 0.291966 0.01 0.01
0 0.786609 0.277355 0.01 0.01
0 0.805115 0.367940 0.01 0.01
0 1.559661 0.315343 0.01 0.01
0 1.477843 0.322161 0.01 0.01
0 1.306414 0.280278 0.01 0.01
0 1.418427 0.232550 0.01 0.01
0 1.567453 0.225732 0.01 0.01
0 1.595700 0.191641 0.01 0.01
0 1.582063 0.191641 0.01 0.01
0 1.288881 0.105927 0.01 0.01
0 1.281089 0.034823 0.01 0.01
0 0.003492 0.986933 0.01 0.01
0 1.053757 0.332352 0.01 0.01
0 0.987536 0.297570 0.01 0.01
0 0.786533 0.198907 0.01 0.01
0 1.250412 0.134693 0.01 0.01
0 1.358774 0.289208 0.01 0.01
0 1.398238 0.311282 0.01 0.01
0 1.339376 0.390212 0.01 0.01
0 1.301917 0.479175 0.01 0.01
