0 1.464362 1.065487 0.01 0.01
0 1.307782 0.707332 0.01 0.01
0 1.354576 0.437365 0.01 0.01
0 1.475161 0.099008 0.01 0.01
0 1.300583 0.046814 0.01 0.01
0 1.199795 0.037815 0.01 0.01
0 1.050414 0.063012 0.01 0.01
0 1.131404 0.206994 0.01 0.01
0 1.091809 0.331179 0.01 0.01
0 0.850639 0.063012 0.01 0.01
0 0.749851 0.084610 0.01 0.01
0 0.722855 0.043215 0.01 0.01
0 0.690459 0.129604 0.01 0.01
0 0.672461 0.287984 0.01 0.01
0 0.483485 0.205194 0.01 0.01
0 0.474486 0.266387 0.01 0.01
0 0.506882 0.325779 0.01 0.01
0 0.236916 0.327579 0.01 0.01
0 0.323305 0.176398 0.01 0.01
0 0.344902 0.091809 0.01 0.01
0 0.425892 0.063012 0.01 0.01
0 0.389896 0.030616 0.01 0.01
0 0.339503 0.018018 0.01 0.01
0 0.085734 0.010819 0.01 0.01
0 0.011944 0.081010 0.01 0.01
0 0.056938 0.203395 0.01 0.01
0 0.060538 0.286184 0.01 0.01
0 0.177523 0.304182 0.01 0.01
0 0.056938 0.458963 0.01 0.01
0 0.065937 1.045689 0.01 0.01
0 0.064137 0.943102 0.01 0.01
0 0.396232 0.149743 0.01 0.01
0 0.601583 0.182519 0.01 0.01
0 0.738707 0.206600 0.01 0.01
0 0.897904 0.314961 0.01 0.01
0 0.857770 0.125663 0.01 0.01
0 0.790881 0.029342 0.01 0.01
0 0.536700 0.058774 0.01 0.01
0 0.594894 0.022653 0.01 0.01
0 1.480513 0.011951 0.01 0.01
0 1.275830 0.003255 0.01 0.01
0 1.267804 0.063456 0.01 0.01
0 1.548071 0.091549 0.01 0.01
0 0.892553 0.001917 0.01 0.01
0 0.711951 0.348740 0.01 0.01
0 0.792218 0.325998 0.01 0.01
0 0.156767 0.129342 0.01 0.01
