0 0.540754 0.842124 0.01 0.01
0 1.372065 0.785764 0.01 0.01
0 0.580676 0.492222 0.01 0.01
0 0.404550 0.557975 0.01 0.01
0 0.315314 0.421772 0.01 0.01
0 0.413944 0.475783 0.01 0.01
0 0.392809 0.266781 0.01 0.01
0 0.439775 0.269130 0.01 0.01
0 0.026468 0.360715 0.01 0.01
0 0.066390 0.294961 0.01 0.01
0 0.045255 0.233905 0.01 0.01
0 0.075783 0.208073 0.01 0.01
0 0.024120 0.118836 0.01 0.01
0 0.040558 0.064824 0.01 0.01
0 0.111008 0.015509 0.01 0.01
0 0.132143 0.053083 0.01 0.01
0 0.122750 0.090656 0.01 0.01
0 0.153278 0.111791 0.01 0.01
0 0.200245 0.074218 0.01 0.01
0 0.204942 0.031948 0.01 0.01
0 0.169717 0.041341 0.01 0.01
0 0.223728 0.024903 0.01 0.01
0 0.331752 0.013161 0.01 0.01
0 0.573631 0.024903 0.01 0.01
0 0.601811 0.151713 0.01 0.01
0 0.653474 0.165803 0.01 0.01
0 0.618249 0.278523 0.01 0.01
0 0.726272 0.360715 0.01 0.01
0 0.801419 0.381850 0.01 0.01
0 0.834296 0.367760 0.01 0.01
0 0.867173 0.384198 0.01 0.01
0 0.954061 0.395940 0.01 0.01
0 0.897701 0.262085 0.01 0.01
0 0.843689 0.161106 0.01 0.01
0 0.869521 0.109443 0.01 0.01
0 0.749756 0.064824 0.01 0.01
0 0.794374 0.057779 0.01 0.01
0 0.939971 0.008464 0.01 0.01
0 1.036253 0.048386 0.01 0.01
0 1.177153 0.041341 0.01 0.01
0 1.139580 0.083611 0.01 0.01
0 1.163063 0.083611 0.01 0.01
0 1.238210 0.062476 0.01 0.01
0 1.313357 0.020206 0.01 0.01
0 1.341537 0.029599 0.01 0.01
0 1.343885 0.090656 0.01 0.01
0 1.421380 0.102398 0.01 0.01
0 1.447212 0.043689 0.01 0.01
0 1.414335 0.036644 0.01 0.01
0 1.367368 0.024903 0.01 0.01
0 1.550539 0.036644 0.01 0.01
0 1.595157 0.057779 0.01 0.01
0 1.360323 0.395940 0.01 0.01
0 1.174805 0.172848 0.01 0.01
0 1.015118 0.175196 0.01 0.01
0 0.958758 0.233905 0.01 0.01
0 1.118445 0.372456 0.01 0.01
0 0.979893 0.616683 0.01 0.01
0 0.651594 0.078467 0.01 0.01
0 0.596449 0.075270 0.01 0.01
0 0.582063 0.123222 0.01 0.01
0 0.741104 0.036109 0.01 0.01
0 0.868177 0.022523 0.01 0.01
0 1.004041 0.106439 0.01 0.01
0 0.525320 0.019326 0.01 0.01
0 1.373672 0.008936 0.01 0.01
0 1.217828 0.079266 0.01 0.01
0 1.211434 0.106439 0.01 0.01
0 1.117128 0.075270 0.01 0.01
0 1.282563 0.104841 0.01 0.01
0 1.328117 0.162383 0.01 0.01
0 1.595050 0.086459 0.01 0.01
0 1.573472 0.263881 0.01 0.01
0 0.309944 0.031182 0.01 0.01
0 0.391215 0.009442 0.01 0.01
0 0.486867 0.020814 0.01 0.01
0 0.429342 0.140212 0.01 0.01
0 0.499242 0.134860 0.01 0.01
0 1.515295 0.280847 0.01 0.01
0 1.096566 0.031850 0.01 0.01
0 0.803924 0.198406 0.01 0.01
0 1.158439 0.016131 0.01 0.01
0 1.000914 0.001917 0.01 0.01
0 0.739376 0.112285 0.01 0.01
0 0.824994 0.111616 0.01 0.01
0 0.675830 0.232352 0.01 0.01
0 0.305262 0.997570 0.01 0.01
0 0.250412 0.612285 0.01 0.01
0 1.046399 0.262118 0.01 0.01
0 1.114626 0.200580 0.01 0.01
0 1.261784 0.282854 0.01 0.01
0 1.564794 0.069476 0.01 0.01
0 1.219643 0.068138 0.01 0.01
0 1.300914 0.096064 0.01 0.01
