0 0.005327 0.841987 0.01 0.01
0 0.125109 0.519664 0.01 0.01
0 0.129465 0.445617 0.01 0.01
0 0.120753 0.373748 0.01 0.01
0 0.210045 0.482641 0.01 0.01
0 0.011860 0.053603 0.01 0.01
0 0.340717 0.351969 0.01 0.01
0 0.360318 0.284456 0.01 0.01
0 0.412586 0.260499 0.01 0.01
0 0.543258 0.317124 0.01 0.01
0 0.656506 0.301878 0.01 0.01
0 0.728376 0.230009 0.01 0.01
0 0.808957 0.286633 0.01 0.01
0 0.854692 0.260499 0.01 0.01
0 0.678285 0.669937 0.01 0.01
0 0.983185 1.007505 0.01 0.01
0 1.355599 1.009682 0.01 0.01
0 1.203149 0.617668 0.01 0.01
0 1.521116 0.478285 0.01 0.01
0 1.026742 0.428194 0.01 0.01
0 1.079011 0.347614 0.01 0.01
0 1.185726 0.328013 0.01 0.01
0 1.270663 0.256143 0.01 0.01
0 1.407868 0.312768 0.01 0.01
0 1.447069 0.275744 0.01 0.01
0 1.510227 0.236543 0.01 0.01
0 1.532006 0.129828 0.01 0.01
0 1.488448 0.132006 0.01 0.01
0 1.440535 0.179918 0.01 0.01
0 1.503693 0.057958 0.01 0.01
0 1.547251 0.031824 0.01 0.01
0 0.071388 0.049791 0.01 0.01
0 0.051788 0.023657 0.01 0.01
0 0.120390 0.057414 0.01 0.01
0 0.136724 0.023657 0.01 0.01
0 0.239084 0.006234 0.01 0.01
0 0.228194 0.094437 0.01 0.01
0 0.239084 0.164129 0.01 0.01
0 0.180281 0.195708 0.01 0.01
0 0.317486 0.208775 0.01 0.01
0 0.369755 0.168485 0.01 0.01
0 0.400245 0.090082 0.01 0.01
0 0.418757 0.080281 0.01 0.01
0 0.418757 0.047614 0.01 0.01
0 0.394800 0.024746 0.01 0.01
0 0.349065 0.055236 0.01 0.01
0 0.452514 0.016035 0.01 0.01
0 0.539628 0.067214 0.01 0.01
0 0.558140 0.072659 0.01 0.01
0 0.578829 0.023657 0.01 0.01
0 0.626742 0.038902 0.01 0.01
0 0.649610 0.004056 0.01 0.01
0 0.692078 0.074837 0.01 0.01
0 0.725835 0.054147 0.01 0.01
0 0.736724 0.005145 0.01 0.01
0 0.785726 0.065036 0.01 0.01
0 0.766125 0.115127 0.01 0.01
0 0.494982 0.168485 0.01 0.01
0 0.546162 0.131461 0.01 0.01
0 0.559229 0.160862 0.01 0.01
0 0.581007 0.177196 0.01 0.01
0 0.621298 0.161951 0.01 0.01
0 0.650699 0.124927 0.01 0.01
0 0.808957 0.024746 0.01 0.01
0 0.837269 0.026924 0.01 0.01
0 0.908049 0.044347 0.01 0.01
0 0.880826 0.084637 0.01 0.01
0 0.927650 0.107505 0.01 0.01
0 0.957051 0.128194 0.01 0.01
0 0.989719 0.082459 0.01 0.01
0 0.948339 0.031280 0.01 0.01
0 1.056143 0.166307 0.01 0.01
0 1.117124 0.128194 0.01 0.01
0 1.291352 0.049791 0.01 0.01
0 1.257595 0.070481 0.01 0.01
0 1.320753 0.146706 0.01 0.01
0 0.154760 0.076332 0.01 0.01
0 0.019643 0.226834 0.01 0.01
0 0.140713 0.655095 0.01 0.01
0 0.483857 0.259442 0.01 0.01
0 0.674493 0.203255 0.01 0.01
0 0.797904 0.081683 0.01 0.01
0 0.592887 0.017469 0.01 0.01
0 1.399242 0.181516 0.01 0.01
0 1.389543 0.091215 0.01 0.01
0 1.337034 0.084192 0.01 0.01
0 1.256432 0.010613 0.01 0.01
0 1.093222 0.008606 0.01 0.01
0 1.159442 0.004593 0.01 0.01
0 1.405931 0.044559 0.01 0.01
0 1.106600 0.306265 0.01 0.01
