0 0.116677 1.007757 0.01 0.01
0 0.154236 0.466912 0.01 0.01
0 0.159870 0.252827 0.01 0.01
0 0.210574 0.476301 0.01 0.01
0 0.310104 0.566442 0.01 0.01
0 0.379588 0.414330 0.01 0.01
0 0.548602 0.408696 0.01 0.01
0 0.612452 0.273485 0.01 0.01
0 0.531700 0.237804 0.01 0.01
0 0.781466 0.245316 0.01 0.01
0 0.845316 0.177710 0.01 0.01
0 0.894142 0.230292 0.01 0.01
0 0.950480 0.196489 0.01 0.01
0 1.072546 0.348602 0.01 0.01
0 0.933578 0.761747 0.01 0.01
0 1.517616 0.900715 0.01 0.01
0 1.425597 0.568320 0.01 0.01
0 1.265973 0.635926 0.01 0.01
0 1.110104 0.613391 0.01 0.01
0 1.207757 0.461278 0.01 0.01
0 1.243438 0.367381 0.01 0.01
0 1.431231 0.286630 0.01 0.01
0 1.517616 0.312921 0.01 0.01
0 1.598367 0.448132 0.01 0.01
0 1.434987 0.059400 0.01 0.01
0 1.327945 0.068790 0.01 0.01
0 1.110104 0.234048 0.01 0.01
0 1.121372 0.187100 0.01 0.01
0 1.061278 0.127006 0.01 0.01
0 1.145785 0.059400 0.01 0.01
0 1.010574 0.111982 0.01 0.01
0 0.961747 0.085691 0.01 0.01
0 0.920433 0.078179 0.01 0.01
0 0.894142 0.098837 0.01 0.01
0 0.815269 0.117616 0.01 0.01
0 0.839682 0.080057 0.01 0.01
0 0.766442 0.117616 0.01 0.01
0 0.742029 0.121372 0.01 0.01
0 0.717616 0.151419 0.01 0.01
0 0.717616 0.098837 0.01 0.01
0 0.674424 0.080057 0.01 0.01
0 0.644377 0.085691 0.01 0.01
0 0.584283 0.059400 0.01 0.01
0 0.593672 0.117616 0.01 0.01
0 0.646254 0.042499 0.01 0.01
0 0.687569 0.046254 0.01 0.01
0 0.743907 0.033109 0.01 0.01
0 0.176771 0.040621 0.01 0.01
0 1.545785 1.154236 0.01 0.01
0 0.666912 0.283344 0.01 0.01
0 0.610035 0.019226 0.01 0.01
0 1.190255 0.011234 0.01 0.01
0 1.262183 0.011234 0.01 0.01
0 1.397570 0.003255 0.01 0.01
0 1.542720 0.015295 0.01 0.01
