0 0.169668 0.792515 0.01 0.01
0 0.324153 0.780760 0.01 0.01
0 0.349341 0.658180 0.01 0.01
0 0.147839 0.575900 0.01 0.01
0 0.070597 0.621238 0.01 0.01
0 0.225081 0.841211 0.01 0.01
0 0.325832 0.926849 0.01 0.01
0 0.503825 0.841211 0.01 0.01
0 0.456808 0.738781 0.01 0.01
0 0.738910 0.933566 0.01 0.01
0 0.957204 0.899982 0.01 0.01
0 1.021013 0.763969 0.01 0.01
0 1.049559 0.669935 0.01 0.01
0 1.227552 0.935245 0.01 0.01
0 1.293040 0.770685 0.01 0.01
0 1.335019 0.629634 0.01 0.01
0 1.405545 0.611163 0.01 0.01
0 1.318227 0.542317 0.01 0.01
0 1.069709 0.582617 0.01 0.01
0 0.876603 0.496979 0.01 0.01
0 0.816153 0.554071 0.01 0.01
0 0.792644 0.641388 0.01 0.01
0 0.848057 0.617880 0.01 0.01
0 0.754023 0.555750 0.01 0.01
0 0.408112 0.585976 0.01 0.01
0 0.288890 0.570863 0.01 0.01
0 0.243552 0.552392 0.01 0.01
0 0.211648 0.538959 0.01 0.01
0 0.298965 0.503696 0.01 0.01
0 0.332549 0.493621 0.01 0.01
0 0.352699 0.496979 0.01 0.01
0 0.381245 0.517129 0.01 0.01
0 0.423224 0.515450 0.01 0.01
0 0.510542 0.574221 0.01 0.01
0 0.631443 0.661539 0.01 0.01
0 0.923620 0.632993 0.01 0.01
0 1.205722 0.565825 0.01 0.01
0 1.246023 0.609484 0.01 0.01
0 1.108330 0.512092 0.01 0.01
0 1.173818 0.503696 0.01 0.01
0 1.232589 0.515450 0.01 0.01
0 0.070112 0.504955 0.01 0.01
0 0.155750 0.489003 0.01 0.01
0 0.122167 0.454580 0.01 0.01
0 0.134761 0.450382 0.01 0.01
0 0.157429 0.440307 0.01 0.01
0 0.131402 0.431071 0.01 0.01
0 0.096139 0.438627 0.01 0.01
0 0.113771 0.436948 0.01 0.01
0 0.063395 0.431071 0.01 0.01
0 0.264655 0.452271 0.01 0.01
0 0.194549 0.435899 0.01 0.01
0 0.168942 0.427083 0.01 0.01
0 0.255839 0.436738 0.01 0.01
0 0.275569 0.435059 0.01 0.01
0 0.291522 0.432960 0.01 0.01
0 0.330982 0.442616 0.01 0.01
0 0.323846 0.463605 0.01 0.01
0 0.268013 0.477878 0.01 0.01
0 0.198327 0.461506 0.01 0.01
0 0.220576 0.439677 0.01 0.01
0 0.318389 0.426663 0.01 0.01
0 0.079105 0.422885 0.01 0.01
0 0.095058 0.502646 0.01 0.01
0 0.515515 0.524476 0.01 0.01
0 0.481091 0.529513 0.01 0.01
0 0.506699 0.496769 0.01 0.01
0 0.474375 0.481237 0.01 0.01
0 0.444569 0.468643 0.01 0.01
0 0.397972 0.472421 0.01 0.01
0 0.391255 0.420366 0.01 0.01
0 0.468917 0.447653 0.01 0.01
0 0.501242 0.447233 0.01 0.01
0 0.556655 0.502646 0.01 0.01
0 0.625921 0.527834 0.01 0.01
0 0.597375 0.482076 0.01 0.01
0 0.553716 0.468223 0.01 0.01
0 0.559593 0.449332 0.01 0.01
0 0.521392 0.434220 0.01 0.01
0 0.542801 0.426663 0.01 0.01
0 0.473535 0.422046 0.01 0.01
0 0.594016 0.447233 0.01 0.01
0 0.575126 0.426244 0.01 0.01
0 0.591078 0.419107 0.01 0.01
0 0.612068 0.440517 0.01 0.01
0 0.629279 0.459827 0.01 0.01
0 0.664122 0.476619 0.01 0.01
0 0.686371 0.528254 0.01 0.01
0 0.684692 0.460667 0.01 0.01
0 0.654467 0.430861 0.01 0.01
0 0.630958 0.429602 0.01 0.01
0 0.650269 0.454790 0.01 0.01
0 0.677556 0.422465 0.01 0.01
0 0.687211 0.488373 0.01 0.01
0 0.426098 0.429602 0.01 0.01
0 0.446248 0.434220 0.01 0.01
0 0.203607 0.657761 0.01 0.01
0 0.199409 0.710655 0.01 0.01
0 0.452965 0.710655 0.01 0.01
0 0.516774 0.638450 0.01 0.01
0 0.814829 0.491522 0.01 0.01
0 0.850091 0.488163 0.01 0.01
0 0.761934 0.499918 0.01 0.01
0 0.770330 0.471371 0.01 0.01
0 0.708201 0.463815 0.01 0.01
0 0.722474 0.491522 0.01 0.01
0 0.735907 0.442825 0.01 0.01
0 0.781245 0.450382 0.01 0.01
0 0.819866 0.457938 0.01 0.01
0 0.869402 0.447023 0.01 0.01
0 0.857648 0.421836 0.01 0.01
0 0.873600 0.421836 0.01 0.01
0 0.679655 0.435269 0.01 0.01
0 0.499982 0.426873 0.01 0.01
0 0.525170 0.420996 0.01 0.01
0 0.754378 0.450382 0.01 0.01
0 0.766132 0.438627 0.01 0.01
0 0.787962 0.427713 0.01 0.01
0 0.951682 0.417008 0.01 0.01
0 0.918518 0.435479 0.01 0.01
0 0.981067 0.488373 0.01 0.01
0 0.936989 0.490472 0.01 0.01
0 0.906344 0.505165 0.01 0.01
0 0.994501 0.445134 0.01 0.01
0 0.989883 0.421626 0.01 0.01
0 0.968893 0.432960 0.01 0.01
0 0.954620 0.547564 0.01 0.01
0 1.040678 0.515870 0.01 0.01
0 1.090214 0.478928 0.01 0.01
0 1.106166 0.455419 0.01 0.01
0 1.123798 0.457098 0.01 0.01
0 1.090214 0.459617 0.01 0.01
0 1.071743 0.458778 0.01 0.01
0 1.085177 0.427713 0.01 0.01
0 1.075101 0.415959 0.01 0.01
0 1.065866 0.420157 0.01 0.01
0 0.955880 0.453740 0.01 0.01
0 0.896269 0.449542 0.01 0.01
0 1.054951 0.418477 0.01 0.01
0 0.960078 0.480607 0.01 0.01
0 1.165777 0.459827 0.01 0.01
0 1.217412 0.467803 0.01 0.01
0 1.243439 0.462766 0.01 0.01
0 1.311866 0.481237 0.01 0.01
0 1.334115 0.462766 0.01 0.01
0 1.353845 0.467383 0.01 0.01
0 1.324880 0.440517 0.01 0.01
0 1.271146 0.440517 0.01 0.01
0 1.252255 0.525735 0.01 0.01
0 1.196002 0.439257 0.01 0.01
0 1.220351 0.445974 0.01 0.01
0 1.315644 0.437158 0.01 0.01
0 1.299272 0.443455 0.01 0.01
0 1.258972 0.424984 0.01 0.01
0 1.133453 0.436319 0.01 0.01
0 1.116661 0.431701 0.01 0.01
0 1.100709 0.436319 0.01 0.01
0 1.067545 0.434220 0.01 0.01
0 1.282480 0.547984 0.01 0.01
0 1.443811 0.653143 0.01 0.01
0 1.446330 0.534761 0.01 0.01
0 1.408548 0.518808 0.01 0.01
0 1.370767 0.477668 0.01 0.01
0 1.391756 0.464235 0.01 0.01
0 1.371606 0.449122 0.01 0.01
0 1.379162 0.428972 0.01 0.01
0 1.416104 0.430651 0.01 0.01
0 1.416944 0.460037 0.01 0.01
0 1.437094 0.471791 0.01 0.01
0 1.447169 0.444924 0.01 0.01
0 1.263299 0.493621 0.01 0.01
0 1.180180 0.672453 0.01 0.01
0 0.816637 0.428343 0.01 0.01
0 0.749050 0.431281 0.01 0.01
0 0.852320 0.463605 0.01 0.01
0 0.168474 0.461296 0.01 0.01
0 0.374173 0.445344 0.01 0.01
0 0.368296 0.430232 0.01 0.01
0 0.348146 0.426873 0.01 0.01
0 0.816637 0.418477 0.01 0.01
0 0.806562 0.420996 0.01 0.01
0 0.456453 0.420157 0.01 0.01
0 0.179388 0.441986 0.01 0.01
0 0.245716 0.428552 0.01 0.01
0 0.212132 0.428552 0.01 0.01
0 0.275101 0.424354 0.01 0.01
0 0.542931 0.449542 0.01 0.01
0 0.670548 0.549453 0.01 0.01
0 0.302808 0.426873 0.01 0.01
0 0.411535 0.430861 0.01 0.01
0 0.144125 0.425404 0.01 0.01
0 0.180601 0.424868 0.01 0.01
0 0.195617 0.422616 0.01 0.01
0 0.064976 0.559263 0.01 0.01
0 0.291721 0.421114 0.01 0.01
0 0.516964 0.398590 0.01 0.01
0 0.665625 0.415858 0.01 0.01
0 0.394582 0.412104 0.01 0.01
0 0.420110 0.410603 0.01 0.01
0 0.305235 0.413606 0.01 0.01
0 0.291721 0.410603 0.01 0.01
0 0.278957 0.412855 0.01 0.01
0 0.273701 0.414357 0.01 0.01
0 0.265442 0.412104 0.01 0.01
0 0.260937 0.412104 0.01 0.01
0 0.251928 0.415858 0.01 0.01
0 0.248174 0.415858 0.01 0.01
0 0.134801 0.421114 0.01 0.01
0 0.095759 0.422616 0.01 0.01
0 0.106270 0.415858 0.01 0.01
0 0.569521 0.413606 0.01 0.01
0 0.558259 0.422616 0.01 0.01
0 0.427618 0.419612 0.01 0.01
0 0.441883 0.422616 0.01 0.01
0 0.600304 0.415858 0.01 0.01
0 0.561262 0.410603 0.01 0.01
0 0.519217 0.418111 0.01 0.01
0 0.617198 0.415483 0.01 0.01
0 0.602181 0.425994 0.01 0.01
0 1.045160 0.402719 0.01 0.01
0 0.974584 0.418486 0.01 0.01
0 0.983594 0.412480 0.01 0.01
0 0.988849 0.405722 0.01 0.01
0 1.117238 0.415483 0.01 0.01
0 0.831930 0.415671 0.01 0.01
0 0.842817 0.415295 0.01 0.01
0 0.940422 0.415295 0.01 0.01
0 0.908137 0.413418 0.01 0.01
0 0.894247 0.423179 0.01 0.01
0 0.839063 0.432189 0.01 0.01
0 0.827425 0.426557 0.01 0.01
0 0.857082 0.270013 0.01 0.01
0 1.122119 0.418298 0.01 0.01
0 1.128125 0.419425 0.01 0.01
0 1.142390 0.427684 0.01 0.01
0 1.169044 0.430687 0.01 0.01
0 1.169044 0.430687 0.01 0.01
0 1.350741 0.445703 0.01 0.01
0 1.259517 0.411917 0.01 0.01
0 1.226106 0.414169 0.01 0.01
0 1.199077 0.423554 0.01 0.01
0 1.181057 0.421677 0.01 0.01
0 1.181057 0.421677 0.01 0.01
0 1.156656 0.420926 0.01 0.01
0 1.150274 0.424305 0.01 0.01
0 1.156656 0.411541 0.01 0.01
0 1.164164 0.407787 0.01 0.01
0 1.158157 0.405159 0.01 0.01
0 1.147646 0.407412 0.01 0.01
0 1.144267 0.404033 0.01 0.01
0 1.096966 0.428059 0.01 0.01
0 1.192695 0.414169 0.01 0.01
0 1.393912 0.437820 0.01 0.01
0 0.693780 0.691406 0.01 0.01
0 0.348407 0.536739 0.01 0.01
0 0.340899 0.412855 0.01 0.01
0 0.352912 0.403845 0.01 0.01
0 0.359669 0.413606 0.01 0.01
0 0.450517 0.410603 0.01 0.01
0 0.470789 0.413606 0.01 0.01
0 0.484304 0.415108 0.01 0.01
0 0.503074 0.413606 0.01 0.01
0 0.515838 0.410603 0.01 0.01
0 0.526349 0.408350 0.01 0.01
0 0.533858 0.408350 0.01 0.01
0 0.546621 0.408350 0.01 0.01
0 0.550375 0.415108 0.01 0.01
0 0.578155 0.409852 0.01 0.01
0 0.598427 0.409852 0.01 0.01
0 0.611942 0.407599 0.01 0.01
0 0.629211 0.409101 0.01 0.01
0 0.656240 0.409101 0.01 0.01
0 0.646479 0.412855 0.01 0.01
0 0.642725 0.410603 0.01 0.01
0 0.686272 0.409852 0.01 0.01
0 0.689276 0.415858 0.01 0.01
0 0.697534 0.412855 0.01 0.01
0 0.710298 0.411353 0.01 0.01
0 0.701289 0.418111 0.01 0.01
0 0.669754 0.412104 0.01 0.01
0 0.802648 0.408350 0.01 0.01
0 0.813910 0.410603 0.01 0.01
0 0.822920 0.411353 0.01 0.01
0 0.821418 0.404596 0.01 0.01
0 0.819166 0.396337 0.01 0.01
0 0.824422 0.401593 0.01 0.01
0 0.834182 0.400091 0.01 0.01
0 0.832681 0.406849 0.01 0.01
0 0.840940 0.400091 0.01 0.01
0 0.845444 0.404596 0.01 0.01
0 0.852953 0.397839 0.01 0.01
0 0.852953 0.406849 0.01 0.01
0 0.861962 0.409101 0.01 0.01
0 0.870221 0.402344 0.01 0.01
0 0.870221 0.409852 0.01 0.01
0 0.879231 0.412104 0.01 0.01
0 0.888991 0.414357 0.01 0.01
0 0.884487 0.433878 0.01 0.01
0 0.897250 0.409101 0.01 0.01
0 0.901004 0.401593 0.01 0.01
0 0.892746 0.402344 0.01 0.01
0 0.876228 0.403095 0.01 0.01
0 0.879982 0.400842 0.01 0.01
0 0.882234 0.404596 0.01 0.01
0 0.889742 0.405347 0.01 0.01
0 0.907011 0.401593 0.01 0.01
0 0.908513 0.406098 0.01 0.01
0 0.905509 0.412104 0.01 0.01
0 0.915270 0.409101 0.01 0.01
0 0.922778 0.407599 0.01 0.01
0 0.919024 0.397088 0.01 0.01
0 0.921276 0.402344 0.01 0.01
0 0.928034 0.402344 0.01 0.01
0 0.937794 0.400091 0.01 0.01
0 0.943801 0.400091 0.01 0.01
0 0.943801 0.405347 0.01 0.01
0 0.934040 0.406098 0.01 0.01
0 0.952810 0.401593 0.01 0.01
0 0.967827 0.405347 0.01 0.01
0 0.973082 0.402344 0.01 0.01
0 0.972332 0.407599 0.01 0.01
0 0.966325 0.412104 0.01 0.01
0 0.983594 0.405347 0.01 0.01
0 1.000112 0.402344 0.01 0.01
0 0.999361 0.406849 0.01 0.01
0 1.003866 0.411353 0.01 0.01
0 1.006118 0.402344 0.01 0.01
0 1.014377 0.419612 0.01 0.01
0 1.010623 0.424868 0.01 0.01
0 1.033898 0.411353 0.01 0.01
0 1.022636 0.398590 0.01 0.01
0 1.176552 0.405347 0.01 0.01
0 1.182559 0.408350 0.01 0.01
0 1.196824 0.410603 0.01 0.01
0 1.205834 0.405347 0.01 0.01
0 1.211090 0.415858 0.01 0.01
0 1.219349 0.405347 0.01 0.01
0 1.234365 0.409852 0.01 0.01
0 1.234365 0.414357 0.01 0.01
0 1.235866 0.421865 0.01 0.01
0 1.243375 0.416609 0.01 0.01
0 1.245627 0.408350 0.01 0.01
0 1.254637 0.406098 0.01 0.01
0 1.252384 0.412104 0.01 0.01
0 0.699787 0.407599 0.01 0.01
0 0.747088 0.413606 0.01 0.01
0 0.746337 0.419612 0.01 0.01
0 0.755347 0.421865 0.01 0.01
0 0.765108 0.421865 0.01 0.01
0 0.778622 0.421114 0.01 0.01
0 0.770363 0.412855 0.01 0.01
0 0.753845 0.406098 0.01 0.01
0 0.763606 0.415108 0.01 0.01
0 0.766609 0.411353 0.01 0.01
0 0.779373 0.411353 0.01 0.01
0 0.780875 0.422616 0.01 0.01
0 0.787632 0.427871 0.01 0.01
0 0.793638 0.432376 0.01 0.01
0 0.801147 0.428622 0.01 0.01
0 0.793638 0.419612 0.01 0.01
0 0.793638 0.412855 0.01 0.01
0 0.798894 0.414357 0.01 0.01
0 1.321084 0.424868 0.01 0.01
0 1.323336 0.415108 0.01 0.01
0 1.309071 0.410603 0.01 0.01
0 1.304566 0.427871 0.01 0.01
0 1.327841 0.425619 0.01 0.01
0 1.343608 0.426370 0.01 0.01
0 1.303815 0.421865 0.01 0.01
0 1.270028 0.409101 0.01 0.01
0 0.636343 0.680895 0.01 0.01
