0 0.270695 0.656605 0.01 0.01
0 0.482045 0.835079 0.01 0.01
0 0.606507 0.816292 0.01 0.01
0 0.658171 1.138014 0.01 0.01
0 0.843689 1.184981 0.01 0.01
0 1.278132 0.842124 0.01 0.01
0 1.494179 0.919619 0.01 0.01
0 1.320402 0.602593 0.01 0.01
0 1.383807 0.520402 0.01 0.01
0 1.456605 0.280871 0.01 0.01
0 1.393200 0.240950 0.01 0.01
0 1.357975 0.280871 0.01 0.01
0 1.322750 0.323141 0.01 0.01
0 1.198288 0.525098 0.01 0.01
0 0.740363 0.395940 0.01 0.01
0 0.662867 0.377153 0.01 0.01
0 0.700441 0.344276 0.01 0.01
0 1.116096 0.245646 0.01 0.01
0 1.144276 0.229208 0.01 0.01
0 1.552887 0.149364 0.01 0.01
0 1.522359 0.109443 0.01 0.01
0 1.465999 0.161106 0.01 0.01
0 1.451909 0.135274 0.01 0.01
0 1.473044 0.046038 0.01 0.01
0 1.468347 0.029599 0.01 0.01
0 1.414335 0.024903 0.01 0.01
0 1.461302 0.003768 0.01 0.01
0 1.494179 0.003768 0.01 0.01
0 1.538797 0.060128 0.01 0.01
0 1.503572 0.043689 0.01 0.01
0 1.569325 0.010813 0.01 0.01
0 1.348582 0.074218 0.01 0.01
0 1.360323 0.083611 0.01 0.01
0 1.325098 0.107094 0.01 0.01
0 1.311008 0.024903 0.01 0.01
0 1.353278 0.015509 0.01 0.01
0 1.329795 0.015509 0.01 0.01
0 1.388503 0.003768 0.01 0.01
0 1.381458 0.024903 0.01 0.01
0 1.367368 0.003768 0.01 0.01
0 1.188895 0.010813 0.01 0.01
0 1.069130 0.102398 0.01 0.01
0 1.111400 0.109443 0.01 0.01
0 1.127838 0.102398 0.01 0.01
0 1.151321 0.111791 0.01 0.01
0 1.083220 0.132926 0.01 0.01
0 1.005725 0.144668 0.01 0.01
0 1.017466 0.093004 0.01 0.01
0 1.005725 0.067173 0.01 0.01
0 1.003376 0.036644 0.01 0.01
0 0.958758 0.041341 0.01 0.01
0 0.916488 0.020206 0.01 0.01
0 0.925881 0.024903 0.01 0.01
0 0.458562 0.367760 0.01 0.01
0 0.435079 0.579110 0.01 0.01
0 0.186155 0.480480 0.01 0.01
0 0.028817 0.541537 0.01 0.01
0 0.064042 0.175196 0.01 0.01
0 0.167368 0.191635 0.01 0.01
0 0.181458 0.262085 0.01 0.01
0 0.249560 0.215118 0.01 0.01
0 0.646429 0.208073 0.01 0.01
0 0.691047 0.191635 0.01 0.01
0 0.935274 0.093004 0.01 0.01
0 0.897701 0.083611 0.01 0.01
0 0.895353 0.034296 0.01 0.01
0 0.897701 0.008464 0.01 0.01
0 0.878914 0.003768 0.01 0.01
0 0.862476 0.003768 0.01 0.01
0 0.850734 0.008464 0.01 0.01
0 0.815509 0.008464 0.01 0.01
0 0.674609 0.048386 0.01 0.01
0 0.752104 0.095353 0.01 0.01
0 0.637036 0.156409 0.01 0.01
0 0.599462 0.128229 0.01 0.01
0 0.622946 0.031948 0.01 0.01
0 0.327055 0.125881 0.01 0.01
0 0.280089 0.149364 0.01 0.01
0 0.021772 0.062476 0.01 0.01
0 0.096918 0.057779 0.01 0.01
0 0.127447 0.074218 0.01 0.01
0 0.122750 0.041341 0.01 0.01
0 0.282437 0.048386 0.01 0.01
0 0.324707 0.024903 0.01 0.01
0 0.355235 0.027251 0.01 0.01
0 0.376370 0.024903 0.01 0.01
0 0.439775 0.027251 0.01 0.01
0 0.453865 0.024903 0.01 0.01
0 0.547799 0.015509 0.01 0.01
0 0.592417 0.024903 0.01 0.01
0 0.618249 0.003768 0.01 0.01
0 0.655822 0.001419 0.01 0.01
0 0.667564 0.008464 0.01 0.01
0 0.686351 0.008464 0.01 0.01
0 0.456214 0.041341 0.01 0.01
0 0.409247 0.062476 0.01 0.01
0 0.932912 0.396449 0.01 0.01
0 0.119726 0.061684 0.01 0.01
0 0.227618 0.078467 0.01 0.01
0 0.259586 0.041704 0.01 0.01
0 0.291554 0.042503 0.01 0.01
0 0.305939 0.041704 0.01 0.01
0 0.345100 0.030515 0.01 0.01
0 0.394651 0.061684 0.01 0.01
0 0.395450 0.041704 0.01 0.01
0 0.385060 0.033712 0.01 0.01
0 0.365879 0.044900 0.01 0.01
0 0.403442 0.032113 0.01 0.01
0 0.444201 0.044900 0.01 0.01
0 0.467378 0.037708 0.01 0.01
0 0.480165 0.039306 0.01 0.01
0 0.122123 0.295050 0.01 0.01
0 0.134910 0.241504 0.01 0.01
0 0.513732 0.042503 0.01 0.01
0 0.512932 0.011334 0.01 0.01
0 0.526519 0.015330 0.01 0.01
0 0.534511 0.011334 0.01 0.01
0 0.548896 0.005740 0.01 0.01
0 0.528916 0.005740 0.01 0.01
0 0.571274 0.023322 0.01 0.01
0 0.572872 0.004141 0.01 0.01
0 0.560884 0.004141 0.01 0.01
0 0.588057 0.008936 0.01 0.01
0 0.549696 0.030515 0.01 0.01
0 0.534511 0.041704 0.01 0.01
0 0.589656 0.039306 0.01 0.01
0 0.611234 0.093652 0.01 0.01
0 0.557688 0.097648 0.01 0.01
0 0.641604 0.106439 0.01 0.01
0 0.671973 0.023322 0.01 0.01
0 0.775070 0.020924 0.01 0.01
0 0.759885 0.016928 0.01 0.01
0 0.780665 0.009736 0.01 0.01
0 0.796649 0.002543 0.01 0.01
0 0.769476 0.174371 0.01 0.01
0 0.765480 0.315830 0.01 0.01
0 0.718727 0.004141 0.01 0.01
0 0.920924 0.008137 0.01 0.01
0 0.928117 0.003342 0.01 0.01
0 0.967278 0.028916 0.01 0.01
0 0.955290 0.026519 0.01 0.01
0 1.003242 0.017728 0.01 0.01
0 1.041604 0.047298 0.01 0.01
0 1.023222 0.028117 0.01 0.01
0 1.210235 0.015330 0.01 0.01
0 1.303742 0.072872 0.01 0.01
0 1.329316 0.080864 0.01 0.01
0 1.301344 0.025720 0.01 0.01
0 1.246998 0.086459 0.01 0.01
0 0.817028 0.024920 0.01 0.01
0 0.832213 0.008137 0.01 0.01
0 1.424021 0.013732 0.01 0.01
0 1.440805 0.022523 0.01 0.01
0 1.392053 0.028916 0.01 0.01
0 1.416829 0.036109 0.01 0.01
0 1.479965 0.033712 0.01 0.01
0 1.490355 0.061684 0.01 0.01
0 0.978067 0.020125 0.01 0.01
0 0.970874 0.008936 0.01 0.01
0 0.991654 0.005740 0.01 0.01
0 1.034011 0.062483 0.01 0.01
0 1.201044 0.059286 0.01 0.01
0 1.413632 0.080864 0.01 0.01
0 1.456789 0.095250 0.01 0.01
0 1.492753 0.136809 0.01 0.01
0 1.538307 0.159985 0.01 0.01
0 1.575869 0.151194 0.01 0.01
0 1.543901 0.115230 0.01 0.01
0 0.127318 0.159985 0.01 0.01
0 0.100145 0.166379 0.01 0.01
0 0.417028 0.020924 0.01 0.01
0 0.625220 0.019776 0.01 0.01
0 0.678767 0.003392 0.01 0.01
0 0.774671 0.002992 0.01 0.01
0 0.753492 0.004591 0.01 0.01
0 0.054760 0.083021 0.01 0.01
0 0.090881 0.087369 0.01 0.01
0 0.064794 0.046901 0.01 0.01
0 0.151416 0.048907 0.01 0.01
0 0.178506 0.057603 0.01 0.01
0 0.170479 0.051248 0.01 0.01
0 0.206934 0.072653 0.01 0.01
0 0.207269 0.058272 0.01 0.01
0 0.224994 0.045897 0.01 0.01
0 0.260446 0.050245 0.01 0.01
0 0.111282 0.203255 0.01 0.01
0 0.013623 0.280847 0.01 0.01
0 0.410279 0.219810 0.01 0.01
0 0.514961 0.222151 0.01 0.01
0 0.487871 0.111449 0.01 0.01
0 0.519643 0.135864 0.01 0.01
0 0.536700 0.780847 0.01 0.01
0 0.475161 0.065546 0.01 0.01
0 0.491549 0.045814 0.01 0.01
0 0.513957 0.063539 0.01 0.01
0 0.525998 0.057854 0.01 0.01
0 0.540881 0.049158 0.01 0.01
0 0.533690 0.030095 0.01 0.01
0 0.536867 0.019392 0.01 0.01
0 0.517636 0.029927 0.01 0.01
0 0.512452 0.021733 0.01 0.01
0 0.525663 0.026248 0.01 0.01
0 0.483188 0.017720 0.01 0.01
0 0.492887 0.018723 0.01 0.01
0 0.495396 0.009860 0.01 0.01
0 0.495061 0.028757 0.01 0.01
0 0.463623 0.042135 0.01 0.01
0 0.429509 0.045814 0.01 0.01
0 0.428004 0.033941 0.01 0.01
0 0.413456 0.045145 0.01 0.01
0 0.413790 0.035279 0.01 0.01
0 0.366633 0.059359 0.01 0.01
0 0.357937 0.121399 0.01 0.01
0 0.342218 0.145312 0.01 0.01
0 0.314961 0.072235 0.01 0.01
0 0.342887 0.055345 0.01 0.01
0 0.358774 0.037954 0.01 0.01
0 0.289877 0.059024 0.01 0.01
0 0.326332 0.047988 0.01 0.01
0 0.352252 0.042804 0.01 0.01
0 0.365797 0.032436 0.01 0.01
0 0.387703 0.022402 0.01 0.01
0 0.400078 0.017553 0.01 0.01
0 0.393891 0.021064 0.01 0.01
0 0.325998 0.037118 0.01 0.01
0 0.387703 0.062369 0.01 0.01
0 0.216968 0.282854 0.01 0.01
0 0.297904 0.266131 0.01 0.01
0 0.743389 0.486867 0.01 0.01
0 0.727001 0.052252 0.01 0.01
0 0.752085 0.041884 0.01 0.01
0 0.768473 0.053590 0.01 0.01
0 0.799911 0.074660 0.01 0.01
0 0.690881 0.052921 0.01 0.01
0 0.573991 0.059693 0.01 0.01
0 0.587034 0.059192 0.01 0.01
0 0.607101 0.046483 0.01 0.01
0 0.651248 0.030931 0.01 0.01
0 0.658774 0.022235 0.01 0.01
0 0.685864 0.023406 0.01 0.01
0 0.697904 0.017218 0.01 0.01
0 0.703255 0.008355 0.01 0.01
0 0.742720 0.009359 0.01 0.01
0 0.627837 0.011198 0.01 0.01
0 0.638707 0.012369 0.01 0.01
0 0.563121 0.029927 0.01 0.01
0 0.578840 0.037954 0.01 0.01
0 0.602586 0.011031 0.01 0.01
0 0.503757 0.049660 0.01 0.01
0 1.067135 0.050830 0.01 0.01
0 1.037871 0.019225 0.01 0.01
0 1.041549 0.006683 0.01 0.01
0 1.079509 0.012536 0.01 0.01
0 1.095897 0.015713 0.01 0.01
0 1.069476 0.003506 0.01 0.01
0 1.086198 0.000998 0.01 0.01
0 1.031683 0.003004 0.01 0.01
0 1.113121 0.026583 0.01 0.01
0 1.127670 0.010697 0.01 0.01
0 1.148907 0.014877 0.01 0.01
0 1.163790 0.001667 0.01 0.01
0 1.251416 0.011867 0.01 0.01
0 1.260446 0.005178 0.01 0.01
0 1.273489 0.023406 0.01 0.01
0 1.281683 0.023071 0.01 0.01
0 1.286031 0.010697 0.01 0.01
0 1.293054 0.033439 0.01 0.01
0 1.205262 0.115044 0.01 0.01
0 1.236533 0.116549 0.01 0.01
0 1.277670 0.113539 0.01 0.01
0 1.163121 0.122235 0.01 0.01
0 1.186533 0.063205 0.01 0.01
0 1.118305 0.077085 0.01 0.01
0 1.179509 0.022235 0.01 0.01
0 1.278339 0.004342 0.01 0.01
0 1.393556 0.165128 0.01 0.01
0 1.544727 0.441382 0.01 0.01
0 1.465797 0.360446 0.01 0.01
0 1.335362 0.586533 0.01 0.01
0 1.057770 0.490881 0.01 0.01
0 1.591215 0.055262 0.01 0.01
0 1.555429 0.035195 0.01 0.01
0 1.534860 0.017553 0.01 0.01
0 1.336867 0.121399 0.01 0.01
0 1.366466 0.110111 0.01 0.01
0 0.872820 0.021817 0.01 0.01
0 0.789877 0.014125 0.01 0.01
0 0.870479 0.169810 0.01 0.01
0 0.922653 0.170479 0.01 0.01
0 0.963456 0.171148 0.01 0.01
0 0.663790 0.466466 0.01 0.01
