0 0.860635 0.770700 0.01 0.01
0 0.843102 0.716154 0.01 0.01
0 0.728167 0.747323 0.01 0.01
0 0.531414 0.794076 0.01 0.01
0 1.400245 0.560310 0.01 0.01
0 1.595050 0.279791 0.01 0.01
0 1.598946 0.186284 0.01 0.01
0 1.203492 0.233037 0.01 0.01
0 0.897648 0.449271 0.01 0.01
0 0.811933 0.342128 0.01 0.01
0 0.537258 0.410310 0.01 0.01
0 0.402843 0.443427 0.01 0.01
0 0.299596 0.449271 0.01 0.01
0 0.106739 0.538881 0.01 0.01
0 0.001544 0.566154 0.01 0.01
0 0.239206 0.497972 0.01 0.01
0 0.332713 0.462907 0.01 0.01
0 0.274271 0.435635 0.01 0.01
0 0.194401 0.414206 0.01 0.01
0 0.108687 0.437583 0.01 0.01
0 0.019076 0.449271 0.01 0.01
0 0.372972 0.333849 0.01 0.01
0 0.408037 0.326057 0.01 0.01
0 0.403167 0.269563 0.01 0.01
0 0.389531 0.250083 0.01 0.01
0 0.407063 0.252031 0.01 0.01
0 0.408037 0.238394 0.01 0.01
0 0.361284 0.231576 0.01 0.01
0 0.332063 0.236446 0.01 0.01
0 0.312583 0.238394 0.01 0.01
0 0.301868 0.249109 0.01 0.01
0 0.286284 0.232550 0.01 0.01
0 0.298946 0.214044 0.01 0.01
0 0.318427 0.214044 0.01 0.01
0 0.302843 0.205278 0.01 0.01
0 0.302843 0.182875 0.01 0.01
0 0.264855 0.187745 0.01 0.01
0 0.321349 0.194563 0.01 0.01
0 0.334011 0.187745 0.01 0.01
0 0.384661 0.208200 0.01 0.01
0 0.407063 0.214044 0.01 0.01
0 0.411933 0.204304 0.01 0.01
0 0.421674 0.208200 0.01 0.01
0 0.426544 0.214044 0.01 0.01
0 0.442128 0.249109 0.01 0.01
0 0.440180 0.202355 0.01 0.01
0 0.471349 0.225732 0.01 0.01
0 0.470375 0.201381 0.01 0.01
0 0.476219 0.196511 0.01 0.01
0 0.503492 0.235472 0.01 0.01
0 0.512258 0.201381 0.01 0.01
0 0.530765 0.182875 0.01 0.01
0 0.533687 0.196511 0.01 0.01
0 0.570700 0.203330 0.01 0.01
0 0.585310 0.202355 0.01 0.01
0 0.597972 0.222810 0.01 0.01
0 0.596998 0.235472 0.01 0.01
0 0.602843 0.241317 0.01 0.01
0 0.626219 0.234498 0.01 0.01
0 0.665180 0.215018 0.01 0.01
0 0.710959 0.238394 0.01 0.01
0 0.573622 0.262745 0.01 0.01
0 0.559985 0.258849 0.01 0.01
0 0.652518 0.163394 0.01 0.01
0 0.685635 0.171187 0.01 0.01
0 0.686609 0.159498 0.01 0.01
0 0.700245 0.152680 0.01 0.01
0 0.726544 0.145862 0.01 0.01
0 0.756739 0.150732 0.01 0.01
0 0.776219 0.168265 0.01 0.01
0 1.164531 0.118589 0.01 0.01
0 1.157713 0.132226 0.01 0.01
0 1.145050 0.140018 0.01 0.01
0 1.131414 0.136122 0.01 0.01
0 1.136284 0.123459 0.01 0.01
0 1.013557 0.159498 0.01 0.01
0 1.013557 0.143914 0.01 0.01
0 0.985310 0.164368 0.01 0.01
0 0.999920 0.186771 0.01 0.01
0 1.038881 0.197485 0.01 0.01
0 0.880115 0.166317 0.01 0.01
0 0.900570 0.231576 0.01 0.01
0 0.923946 0.249109 0.01 0.01
0 0.888881 0.266641 0.01 0.01
0 1.213232 0.211122 0.01 0.01
0 1.230765 0.212096 0.01 0.01
0 1.265830 0.188719 0.01 0.01
0 1.204466 0.137096 0.01 0.01
0 1.196674 0.123459 0.01 0.01
0 1.178167 0.100083 0.01 0.01
0 0.665979 0.911933 0.01 0.01
0 0.713931 0.873572 0.01 0.01
0 1.418827 1.058986 0.01 0.01
0 1.460385 0.277368 0.01 0.01
