0 0.615293 0.404452 0.01 0.01
0 0.242463 0.481650 0.01 0.01
0 0.293343 0.393048 0.01 0.01
0 0.274921 0.372871 0.01 0.01
0 0.251235 0.365853 0.01 0.01
0 0.252113 0.329008 0.01 0.01
0 0.187196 0.360589 0.01 0.01
0 0.170529 0.343922 0.01 0.01
0 0.192460 0.335149 0.01 0.01
0 0.184565 0.323745 0.01 0.01
0 0.160002 0.329008 0.01 0.01
0 0.014379 0.301814 0.01 0.01
0 0.074909 0.314095 0.01 0.01
0 0.109999 0.317604 0.01 0.01
0 0.122280 0.331640 0.01 0.01
0 0.134562 0.326377 0.01 0.01
0 0.124035 0.309709 0.01 0.01
0 0.124912 0.281637 0.01 0.01
0 0.093331 0.291287 0.01 0.01
0 0.087190 0.257951 0.01 0.01
0 0.055609 0.263215 0.01 0.01
0 0.048591 0.246547 0.01 0.01
0 0.212637 0.376380 0.01 0.01
0 0.226673 0.311464 0.01 0.01
0 0.210882 0.298305 0.01 0.01
0 0.174038 0.299182 0.01 0.01
0 0.179301 0.271110 0.01 0.01
0 0.152984 0.263215 0.01 0.01
0 0.067891 0.283392 0.01 0.01
0 0.126666 0.253565 0.01 0.01
0 0.121403 0.211457 0.01 0.01
0 0.154738 0.213212 0.01 0.01
0 0.192460 0.199176 0.01 0.01
0 0.210882 0.179876 0.01 0.01
0 0.186319 0.227248 0.01 0.01
0 0.223164 0.260583 0.01 0.01
0 0.212637 0.251811 0.01 0.01
0 0.220532 0.235143 0.01 0.01
0 0.235445 0.200930 0.01 0.01
0 0.268780 0.176367 0.01 0.01
0 0.258253 0.162331 0.01 0.01
0 0.303870 0.199176 0.01 0.01
0 0.293343 0.183385 0.01 0.01
0 0.273167 0.207948 0.01 0.01
0 0.303870 0.228125 0.01 0.01
0 0.313520 0.251811 0.01 0.01
0 0.286325 0.286901 0.01 0.01
0 0.284571 0.325500 0.01 0.01
0 0.297730 0.300937 0.01 0.01
0 0.286325 0.304446 0.01 0.01
0 0.244218 0.287778 0.01 0.01
0 0.247726 0.259706 0.01 0.01
0 0.247726 0.243915 0.01 0.01
0 0.331065 0.342167 0.01 0.01
0 0.385454 0.346553 0.01 0.01
0 0.388086 0.302691 0.01 0.01
0 0.324047 0.299182 0.01 0.01
0 0.310888 0.275496 0.01 0.01
0 0.363523 0.257951 0.01 0.01
0 0.379314 0.266724 0.01 0.01
0 0.409140 0.287778 0.01 0.01
0 0.388086 0.324622 0.01 0.01
0 0.460898 0.271110 0.01 0.01
0 0.406508 0.218475 0.01 0.01
0 0.423176 0.169349 0.01 0.01
0 0.352119 0.178122 0.01 0.01
0 0.375805 0.116715 0.01 0.01
0 0.389841 0.133382 0.01 0.01
0 0.496865 0.246547 0.01 0.01
0 0.512655 0.207071 0.01 0.01
0 0.501251 0.200930 0.01 0.01
0 0.471425 0.177245 0.01 0.01
0 0.479320 0.137768 0.01 0.01
0 0.531955 0.136891 0.01 0.01
0 0.500374 0.155313 0.01 0.01
0 0.545991 0.169349 0.01 0.01
0 0.565290 0.214966 0.01 0.01
0 0.570554 0.186894 0.01 0.01
0 0.581958 0.088643 0.01 0.01
0 0.616171 0.054430 0.01 0.01
0 0.633716 0.034253 0.01 0.01
0 0.688982 0.193035 0.01 0.01
0 0.640733 0.109697 0.01 0.01
0 0.734599 0.123733 0.01 0.01
0 0.826710 0.127242 0.01 0.01
0 0.865309 0.041271 0.01 0.01
0 0.744249 0.026358 0.01 0.01
0 0.099319 0.230891 0.01 0.01
0 0.086873 0.193550 0.01 0.01
0 0.084107 0.152060 0.01 0.01
0 0.061287 0.148603 0.01 0.01
0 0.024638 0.197008 0.01 0.01
0 0.019797 0.154135 0.01 0.01
0 0.009425 0.140997 0.01 0.01
0 0.010808 0.120252 0.01 0.01
0 0.034319 0.118869 0.01 0.01
0 0.030170 0.096741 0.01 0.01
0 0.022563 0.108496 0.01 0.01
0 0.006659 0.082219 0.01 0.01
0 0.023946 0.070464 0.01 0.01
0 0.006659 0.051794 0.01 0.01
0 0.048149 0.069772 0.01 0.01
0 0.056447 0.105730 0.01 0.01
0 0.068202 0.095358 0.01 0.01
0 0.079266 0.118177 0.01 0.01
0 0.115224 0.094666 0.01 0.01
0 0.091021 0.087060 0.01 0.01
0 0.087564 0.068389 0.01 0.01
0 0.072351 0.080145 0.01 0.01
0 0.070277 0.064932 0.01 0.01
0 0.068202 0.032432 0.01 0.01
0 0.054372 0.049028 0.01 0.01
0 0.061979 0.042804 0.01 0.01
0 0.054372 0.029666 0.01 0.01
0 0.042617 0.029666 0.01 0.01
0 0.021180 0.019293 0.01 0.01
0 0.010116 0.029666 0.01 0.01
0 0.041925 0.016527 0.01 0.01
0 0.026021 0.006155 0.01 0.01
0 0.082032 0.042804 0.01 0.01
0 0.093096 0.050411 0.01 0.01
0 0.107617 0.055251 0.01 0.01
0 0.096553 0.029666 0.01 0.01
0 0.100702 0.013070 0.01 0.01
0 0.076500 0.007538 0.01 0.01
0 0.120756 0.032432 0.01 0.01
0 0.124905 0.015836 0.01 0.01
0 0.137352 0.029666 0.01 0.01
0 0.131128 0.046262 0.01 0.01
0 0.147724 0.055251 0.01 0.01
0 0.126288 0.072538 0.01 0.01
0 0.158097 0.072538 0.01 0.01
0 0.145650 0.088443 0.01 0.01
0 0.151182 0.109188 0.01 0.01
0 0.204427 0.120943 0.01 0.01
0 0.206501 0.102273 0.01 0.01
0 0.194746 0.091900 0.01 0.01
0 0.181607 0.068389 0.01 0.01
0 0.187831 0.049028 0.01 0.01
0 0.208576 0.066315 0.01 0.01
0 0.235544 0.079453 0.01 0.01
0 0.220331 0.068389 0.01 0.01
0 0.233470 0.049719 0.01 0.01
0 0.211342 0.044187 0.01 0.01
0 0.223097 0.037964 0.01 0.01
0 0.185756 0.029666 0.01 0.01
0 0.173310 0.037964 0.01 0.01
0 0.156714 0.033815 0.01 0.01
0 0.168469 0.018602 0.01 0.01
0 0.147724 0.007538 0.01 0.01
0 0.197512 0.007538 0.01 0.01
0 0.182990 0.015836 0.01 0.01
0 0.211342 0.013070 0.01 0.01
0 0.243842 0.010304 0.01 0.01
0 0.263895 0.008921 0.01 0.01
0 0.278417 0.010304 0.01 0.01
0 0.264587 0.057325 0.01 0.01
0 0.275651 0.043496 0.01 0.01
0 0.289481 0.058708 0.01 0.01
0 0.249374 0.037964 0.01 0.01
0 0.274959 0.075304 0.01 0.01
0 0.242459 0.095358 0.01 0.01
0 0.299162 0.096741 0.01 0.01
0 0.324056 0.064240 0.01 0.01
0 0.317141 0.027591 0.01 0.01
0 0.306077 0.032432 0.01 0.01
0 0.341343 0.017910 0.01 0.01
0 0.366928 0.034506 0.01 0.01
0 0.368311 0.050411 0.01 0.01
0 0.403578 0.064932 0.01 0.01
0 0.394588 0.046262 0.01 0.01
0 0.380067 0.014453 0.01 0.01
0 0.409801 0.005463 0.01 0.01
0 0.425706 0.067698 0.01 0.01
0 0.428472 0.203231 0.01 0.01
0 0.525972 0.385095 0.01 0.01
0 0.465812 0.364350 0.01 0.01
0 0.432621 0.408605 0.01 0.01
0 0.615867 0.403073 0.01 0.01
0 0.585441 0.347754 0.01 0.01
0 0.330971 0.078762 0.01 0.01
0 0.308843 0.008921 0.01 0.01
0 0.118771 0.167716 0.01 0.01
