0 0.764169 0.610688 0.01 0.01
0 0.627460 0.694232 0.01 0.01
0 0.342650 0.819549 0.01 0.01
0 0.139486 0.830941 0.01 0.01
0 0.131891 0.504359 0.01 0.01
0 0.331258 0.432207 0.01 0.01
0 0.403410 0.403726 0.01 0.01
0 0.483156 0.361954 0.01 0.01
0 0.659739 0.424612 0.01 0.01
0 0.701511 0.371448 0.01 0.01
0 0.775562 0.350562 0.01 0.01
0 0.952144 0.637270 0.01 0.01
0 1.069865 0.399929 0.01 0.01
0 1.187587 0.333473 0.01 0.01
0 1.271131 0.464486 0.01 0.01
0 1.259739 0.570815 0.01 0.01
0 1.436321 0.371448 0.01 0.01
0 1.449612 0.308789 0.01 0.01
0 1.472397 0.360055 0.01 0.01
0 1.557840 0.409422 0.01 0.01
0 1.563536 0.483473 0.01 0.01
0 1.536954 0.206258 0.01 0.01
0 1.567334 0.175878 0.01 0.01
0 1.555941 0.092334 0.01 0.01
0 1.519865 0.086638 0.01 0.01
0 1.483789 0.098030 0.01 0.01
0 1.495182 0.020182 0.01 0.01
0 1.544549 0.039169 0.01 0.01
0 1.555941 0.025878 0.01 0.01
0 1.350878 0.185372 0.01 0.01
0 1.381258 0.158789 0.01 0.01
0 1.413536 0.137903 0.01 0.01
0 1.400245 0.065751 0.01 0.01
0 1.421131 0.073346 0.01 0.01
0 1.375562 0.016384 0.01 0.01
0 1.318600 0.003093 0.01 0.01
0 1.301511 0.082840 0.01 0.01
0 1.335688 0.086638 0.01 0.01
0 1.282524 0.069549 0.01 0.01
0 1.210372 0.056258 0.01 0.01
0 1.159106 0.077144 0.01 0.01
0 1.134422 0.071448 0.01 0.01
0 1.083156 0.058156 0.01 0.01
0 1.056574 0.077144 0.01 0.01
0 1.018600 0.046764 0.01 0.01
0 1.043283 0.052460 0.01 0.01
0 1.143916 0.111321 0.01 0.01
0 1.202777 0.117017 0.01 0.01
0 1.212270 0.098030 0.01 0.01
0 0.752777 0.191068 0.01 0.01
0 0.800245 0.136005 0.01 0.01
0 0.834422 0.162587 0.01 0.01
0 0.014169 0.325878 0.01 0.01
0 0.019865 0.223346 0.01 0.01
0 0.069232 0.238536 0.01 0.01
0 0.027460 0.136005 0.01 0.01
0 0.093916 0.105625 0.01 0.01
0 0.099612 0.077144 0.01 0.01
0 0.086321 0.050562 0.01 0.01
0 0.111005 0.042967 0.01 0.01
0 0.086321 0.012587 0.01 0.01
0 0.112903 0.012587 0.01 0.01
0 0.141384 0.069549 0.01 0.01
0 0.183156 0.056258 0.01 0.01
0 0.194549 0.037270 0.01 0.01
0 0.154675 0.029675 0.01 0.01
0 0.160372 0.056258 0.01 0.01
0 0.243916 0.056258 0.01 0.01
0 0.274296 0.037270 0.01 0.01
0 0.306574 0.037270 0.01 0.01
0 0.281891 0.006891 0.01 0.01
0 0.350245 0.079043 0.01 0.01
0 0.279992 0.105625 0.01 0.01
0 0.247713 0.156891 0.01 0.01
0 0.183156 0.166384 0.01 0.01
0 0.111005 0.170182 0.01 0.01
0 0.137587 0.206258 0.01 0.01
0 0.264802 0.191068 0.01 0.01
0 0.304675 0.236638 0.01 0.01
0 0.361638 0.236638 0.01 0.01
0 0.388220 0.196764 0.01 0.01
0 0.439486 0.179675 0.01 0.01
0 0.485055 0.189169 0.01 0.01
0 0.511638 0.236638 0.01 0.01
0 0.448979 0.232840 0.01 0.01
0 0.598979 0.257524 0.01 0.01
0 0.617967 0.236638 0.01 0.01
0 0.661638 0.192967 0.01 0.01
0 0.551511 0.109422 0.01 0.01
0 0.568600 0.063853 0.01 0.01
0 0.367150 0.059133 0.01 0.01
0 0.374342 0.036656 0.01 0.01
0 0.387828 0.033959 0.01 0.01
0 0.448963 0.039354 0.01 0.01
0 0.404011 0.030363 0.01 0.01
0 0.416597 0.026767 0.01 0.01
0 0.524482 0.072618 0.01 0.01
0 0.457054 0.080710 0.01 0.01
0 0.464247 0.115772 0.01 0.01
0 0.435477 0.140047 0.01 0.01
0 0.501107 0.109479 0.01 0.01
0 0.536170 0.024070 0.01 0.01
0 0.577526 0.033060 0.01 0.01
0 0.570334 0.020474 0.01 0.01
0 0.624276 0.022272 0.01 0.01
0 0.637762 0.026767 0.01 0.01
0 0.676421 0.008786 0.01 0.01
0 0.682714 0.037555 0.01 0.01
0 0.691705 0.052839 0.01 0.01
0 0.711484 0.036656 0.01 0.01
0 0.658440 0.001594 0.01 0.01
0 0.359058 0.012157 0.01 0.01
0 0.367150 0.006314 0.01 0.01
0 0.424239 0.007213 0.01 0.01
0 0.463347 0.000919 0.01 0.01
0 0.498860 0.008112 0.01 0.01
0 0.481778 0.013506 0.01 0.01
0 0.488071 0.010359 0.01 0.01
0 0.512345 0.004066 0.01 0.01
0 0.527629 0.005864 0.01 0.01
0 0.437725 0.108355 0.01 0.01
0 0.179904 0.003055 0.01 0.01
0 0.880645 0.050710 0.01 0.01
0 0.920696 0.067264 0.01 0.01
0 0.955407 0.070469 0.01 0.01
0 0.937251 0.029349 0.01 0.01
0 1.070755 0.054448 0.01 0.01
0 0.916958 0.030951 0.01 0.01
0 0.900403 0.032019 0.01 0.01
0 0.863022 0.021873 0.01 0.01
0 0.803746 0.048574 0.01 0.01
0 0.788259 0.006920 0.01 0.01
0 0.820300 0.008522 0.01 0.01
0 0.804814 0.001580 0.01 0.01
0 1.110613 0.040546 0.01 0.01
0 1.077168 0.002419 0.01 0.01
0 1.053422 0.001416 0.01 0.01
0 1.098573 0.038874 0.01 0.01
0 1.239041 0.047904 0.01 0.01
0 1.257436 0.052252 0.01 0.01
0 1.309944 0.068640 0.01 0.01
0 1.293556 0.070981 0.01 0.01
0 1.156432 0.060613 0.01 0.01
0 1.107937 0.067636 0.01 0.01
0 1.174827 0.123824 0.01 0.01
0 1.180178 0.174994 0.01 0.01
0 1.307269 0.143891 0.01 0.01
0 1.327335 0.178004 0.01 0.01
0 0.303924 0.011449 0.01 0.01
0 0.298238 0.025496 0.01 0.01
0 0.305931 0.025496 0.01 0.01
