0 0.069574 0.151606 0.01 0.01
0 0.093530 0.550154 0.01 0.01
0 0.065218 0.465218 0.01 0.01
0 0.034728 0.417305 0.01 0.01
0 0.265581 0.434728 0.01 0.01
0 0.313494 0.443439 0.01 0.01
0 0.433276 0.473929 0.01 0.01
0 0.370118 0.273566 0.01 0.01
0 0.343984 0.277922 0.01 0.01
0 0.407142 0.275744 0.01 0.01
0 0.544347 0.288811 0.01 0.01
0 0.572659 0.293167 0.01 0.01
0 0.720753 0.136361 0.01 0.01
0 0.849247 0.142895 0.01 0.01
0 0.888448 0.273566 0.01 0.01
0 0.731643 1.059773 0.01 0.01
0 0.840535 1.000971 0.01 0.01
0 1.060499 1.042350 0.01 0.01
0 1.206416 1.144710 0.01 0.01
0 1.574474 0.885545 0.01 0.01
0 1.513494 0.752695 0.01 0.01
0 1.389356 0.706960 0.01 0.01
0 1.517849 0.280100 0.01 0.01
0 0.150608 0.051153 0.01 0.01
0 0.159320 0.035908 0.01 0.01
0 0.229011 0.057142 0.01 0.01
0 0.263857 0.083820 0.01 0.01
0 0.272568 0.054419 0.01 0.01
0 0.388539 0.040263 0.01 0.01
0 0.413584 0.042986 0.01 0.01
0 0.985182 0.290445 0.01 0.01
0 1.000427 0.180463 0.01 0.01
0 1.067940 0.194619 0.01 0.01
0 1.076652 0.232731 0.01 0.01
0 1.207323 0.225109 0.01 0.01
0 1.183367 0.217486 0.01 0.01
0 1.190989 0.164129 0.01 0.01
0 1.176833 0.160862 0.01 0.01
0 1.210590 0.168485 0.01 0.01
0 1.241080 0.182641 0.01 0.01
0 1.260681 0.137995 0.01 0.01
0 1.343439 0.155418 0.01 0.01
0 1.270481 0.251243 0.01 0.01
0 1.307505 0.270844 0.01 0.01
0 1.358684 0.203330 0.01 0.01
0 1.425109 0.129283 0.01 0.01
0 1.481733 0.099882 0.01 0.01
0 1.514401 0.115127 0.01 0.01
0 1.548158 0.107505 0.01 0.01
0 1.551425 0.086815 0.01 0.01
0 1.564492 0.149973 0.01 0.01
0 1.563403 0.230554 0.01 0.01
0 1.388085 0.137995 0.01 0.01
0 1.067400 0.039297 0.01 0.01
0 1.094814 0.053780 0.01 0.01
0 1.112918 0.085331 0.01 0.01
0 1.122228 0.035676 0.01 0.01
0 1.119642 0.007228 0.01 0.01
0 0.994986 0.050159 0.01 0.01
0 1.030159 0.032573 0.01 0.01
0 0.995504 0.032573 0.01 0.01
0 1.015676 0.003607 0.01 0.01
