0 0.931755 0.383385 0.01 0.01
0 0.897811 0.392025 0.01 0.01
0 0.832393 0.387088 0.01 0.01
0 0.725009 0.400048 0.01 0.01
0 0.663294 0.408071 0.01 0.01
0 0.667614 0.375362 0.01 0.01
0 0.705260 0.392642 0.01 0.01
0 0.730563 0.372276 0.01 0.01
0 0.710814 0.376596 0.01 0.01
0 0.712666 0.356848 0.01 0.01
0 0.729946 0.348825 0.01 0.01
0 0.745992 0.380299 0.01 0.01
0 0.770678 0.334630 0.01 0.01
0 0.819433 0.317967 0.01 0.01
0 0.802153 0.367956 0.01 0.01
0 0.830542 0.350059 0.01 0.01
0 0.853376 0.330310 0.01 0.01
0 0.868188 0.293281 0.01 0.01
0 0.953972 0.309944 0.01 0.01
0 0.942864 0.284024 0.01 0.01
0 0.928052 0.271681 0.01 0.01
0 0.923732 0.227246 0.01 0.01
0 0.934841 0.208731 0.01 0.01
0 0.962612 0.164913 0.01 0.01
0 0.896577 0.233417 0.01 0.01
0 0.881148 0.210583 0.01 0.01
0 0.865102 0.246377 0.01 0.01
0 0.833628 0.257486 0.01 0.01
0 0.825605 0.226011 0.01 0.01
0 0.845971 0.209348 0.01 0.01
0 0.832393 0.192685 0.01 0.01
0 0.811410 0.177256 0.01 0.01
0 0.839799 0.163062 0.01 0.01
0 0.844119 0.180959 0.01 0.01
0 0.863251 0.178491 0.01 0.01
0 0.883000 0.174171 0.01 0.01
0 0.900280 0.180342 0.01 0.01
0 0.913857 0.164913 0.01 0.01
0 0.889171 0.161828 0.01 0.01
0 0.861399 0.158125 0.01 0.01
0 0.890406 0.132821 0.01 0.01
0 0.865720 0.122330 0.01 0.01
0 0.847205 0.134056 0.01 0.01
0 0.105388 0.403751 0.01 0.01
0 0.081937 0.340184 0.01 0.01
0 0.067742 0.319201 0.01 0.01
0 0.097983 0.324756 0.01 0.01
0 0.144269 0.396962 0.01 0.01
0 0.159081 0.364253 0.01 0.01
0 0.144886 0.319201 0.01 0.01
0 0.154143 0.269829 0.01 0.01
0 0.144886 0.242674 0.01 0.01
0 0.175127 0.242674 0.01 0.01
0 0.175127 0.221691 0.01 0.01
0 0.186235 0.200091 0.01 0.01
0 0.191790 0.216754 0.01 0.01
0 0.107240 0.122330 0.01 0.01
0 0.104154 0.111221 0.01 0.01
0 0.125137 0.113690 0.01 0.01
0 0.130075 0.094558 0.01 0.01
0 0.141800 0.107518 0.01 0.01
0 0.186853 0.096409 0.01 0.01
0 0.210921 0.100730 0.01 0.01
0 0.214007 0.079746 0.01 0.01
0 0.184384 0.066786 0.01 0.01
0 0.162784 0.072341 0.01 0.01
0 0.225116 0.042100 0.01 0.01
0 0.231287 0.035929 0.01 0.01
0 0.237459 0.035929 0.01 0.01
0 0.251653 0.033460 0.01 0.01
0 0.234990 0.047037 0.01 0.01
0 0.214624 0.269212 0.01 0.01
0 0.233756 0.264892 0.01 0.01
0 0.218327 0.246377 0.01 0.01
0 0.222030 0.222308 0.01 0.01
0 0.225116 0.197622 0.01 0.01
0 0.201664 0.176022 0.01 0.01
0 0.181915 0.158125 0.01 0.01
0 0.224499 0.141462 0.01 0.01
0 0.232522 0.153805 0.01 0.01
0 0.247333 0.132821 0.01 0.01
0 0.263997 0.141462 0.01 0.01
0 0.249185 0.171702 0.01 0.01
0 0.254739 0.199474 0.01 0.01
0 0.264614 0.217371 0.01 0.01
0 0.265848 0.224777 0.01 0.01
0 0.276957 0.263040 0.01 0.01
0 0.248568 0.312413 0.01 0.01
0 0.231287 0.351293 0.01 0.01
0 0.244248 0.392642 0.01 0.01
0 0.191173 0.313647 0.01 0.01
0 0.189938 0.270446 0.01 0.01
0 0.290534 0.388939 0.01 0.01
0 0.275722 0.392025 0.01 0.01
0 0.323243 0.422266 0.01 0.01
0 0.347929 0.383385 0.01 0.01
0 0.364592 0.403751 0.01 0.01
0 0.399153 0.421648 0.01 0.01
0 0.419519 0.417946 0.01 0.01
0 0.394216 0.374745 0.01 0.01
0 0.388044 0.346973 0.01 0.01
0 0.375084 0.327841 0.01 0.01
0 0.391747 0.316733 0.01 0.01
0 0.393598 0.297601 0.01 0.01
0 0.346695 0.294515 0.01 0.01
0 0.355335 0.287109 0.01 0.01
0 0.294854 0.345739 0.01 0.01
0 0.306580 0.333396 0.01 0.01
0 0.316454 0.327841 0.01 0.01
0 0.336203 0.280938 0.01 0.01
0 0.307814 0.250697 0.01 0.01
0 0.335586 0.255635 0.01 0.01
0 0.348546 0.249463 0.01 0.01
0 0.382490 0.263040 0.01 0.01
0 0.373232 0.232800 0.01 0.01
0 0.316454 0.231566 0.01 0.01
0 0.283128 0.201942 0.01 0.01
0 0.307197 0.186514 0.01 0.01
0 0.333118 0.185896 0.01 0.01
0 0.361506 0.188982 0.01 0.01
0 0.378787 0.182811 0.01 0.01
0 0.361506 0.171702 0.01 0.01
0 0.347929 0.164296 0.01 0.01
0 0.357804 0.141462 0.01 0.01
0 0.342375 0.125416 0.01 0.01
0 0.327563 0.152570 0.01 0.01
0 0.305963 0.141462 0.01 0.01
0 0.322626 0.136524 0.01 0.01
0 0.316454 0.132821 0.01 0.01
0 0.294854 0.134056 0.01 0.01
0 0.263379 0.097644 0.01 0.01
0 0.262762 0.090855 0.01 0.01
0 0.286831 0.097027 0.01 0.01
0 0.299174 0.102581 0.01 0.01
0 0.276957 0.132821 0.01 0.01
0 0.310283 0.091472 0.01 0.01
0 0.302877 0.080364 0.01 0.01
0 0.299791 0.071723 0.01 0.01
0 0.298557 0.060615 0.01 0.01
0 0.299174 0.047654 0.01 0.01
0 0.289917 0.044569 0.01 0.01
0 0.280660 0.069255 0.01 0.01
0 0.283128 0.074809 0.01 0.01
0 0.334352 0.082832 0.01 0.01
0 0.326329 0.082832 0.01 0.01
0 0.331266 0.076043 0.01 0.01
0 0.313986 0.072341 0.01 0.01
0 0.317072 0.067403 0.01 0.01
0 0.275722 0.337716 0.01 0.01
0 0.444205 0.346973 0.01 0.01
0 0.457165 0.296367 0.01 0.01
0 0.431862 0.253783 0.01 0.01
0 0.456548 0.249463 0.01 0.01
0 0.467657 0.235269 0.01 0.01
0 0.440502 0.227863 0.01 0.01
0 0.408410 0.244526 0.01 0.01
0 0.393598 0.226011 0.01 0.01
0 0.391130 0.205028 0.01 0.01
0 0.407176 0.193919 0.01 0.01
0 0.438033 0.187131 0.01 0.01
0 0.462102 0.179725 0.01 0.01
0 0.459634 0.157507 0.01 0.01
0 0.436182 0.158125 0.01 0.01
0 0.425690 0.170468 0.01 0.01
0 0.408410 0.169233 0.01 0.01
0 0.384958 0.168616 0.01 0.01
0 0.394833 0.143930 0.01 0.01
0 0.381873 0.129736 0.01 0.01
0 0.407793 0.127267 0.01 0.01
0 0.482468 0.412391 0.01 0.01
0 0.467657 0.398814 0.01 0.01
0 0.544183 0.396962 0.01 0.01
0 0.557144 0.352527 0.01 0.01
0 0.534926 0.358082 0.01 0.01
0 0.502217 0.308093 0.01 0.01
0 0.502217 0.279086 0.01 0.01
0 0.538012 0.299452 0.01 0.01
0 0.532458 0.245143 0.01 0.01
0 0.499131 0.257486 0.01 0.01
0 0.494194 0.238354 0.01 0.01
0 0.527520 0.234034 0.01 0.01
0 0.513326 0.191451 0.01 0.01
0 0.481234 0.177874 0.01 0.01
0 0.497280 0.147016 0.01 0.01
0 0.488023 0.145164 0.01 0.01
0 0.606516 0.414243 0.01 0.01
0 0.620093 0.390174 0.01 0.01
0 0.608984 0.379065 0.01 0.01
0 0.603430 0.333396 0.01 0.01
0 0.573190 0.330310 0.01 0.01
0 0.586767 0.287727 0.01 0.01
0 0.618859 0.306858 0.01 0.01
0 0.631202 0.287109 0.01 0.01
0 0.634288 0.266126 0.01 0.01
0 0.586767 0.264892 0.01 0.01
0 0.593556 0.261189 0.01 0.01
0 0.684894 0.364871 0.01 0.01
0 0.679340 0.333396 0.01 0.01
0 0.685511 0.308093 0.01 0.01
0 0.685511 0.287727 0.01 0.01
0 0.672551 0.274766 0.01 0.01
0 0.676254 0.255017 0.01 0.01
0 0.702791 0.248229 0.01 0.01
0 0.721923 0.243909 0.01 0.01
0 0.740438 0.243909 0.01 0.01
0 0.715134 0.308093 0.01 0.01
0 0.718837 0.292047 0.01 0.01
0 0.732415 0.289578 0.01 0.01
0 0.762038 0.290812 0.01 0.01
0 0.865102 0.393259 0.01 0.01
0 0.511474 0.214903 0.01 0.01
0 0.486788 0.199474 0.01 0.01
0 0.452845 0.213668 0.01 0.01
0 0.570721 0.240823 0.01 0.01
0 0.586150 0.245143 0.01 0.01
0 0.593556 0.225394 0.01 0.01
0 0.567635 0.216754 0.01 0.01
0 0.565784 0.200091 0.01 0.01
0 0.600961 0.199474 0.01 0.01
0 0.601579 0.178491 0.01 0.01
0 0.579361 0.176022 0.01 0.01
0 0.542332 0.188365 0.01 0.01
0 0.557761 0.172319 0.01 0.01
0 0.547886 0.147633 0.01 0.01
0 0.562081 0.147633 0.01 0.01
0 0.611453 0.158742 0.01 0.01
0 0.645396 0.163679 0.01 0.01
0 0.660208 0.164296 0.01 0.01
0 0.672551 0.164296 0.01 0.01
0 0.647865 0.214285 0.01 0.01
0 0.641693 0.235269 0.01 0.01
0 0.665145 0.225394 0.01 0.01
0 0.681191 0.227246 0.01 0.01
0 0.692917 0.228480 0.01 0.01
0 0.706494 0.235269 0.01 0.01
0 0.702791 0.174788 0.01 0.01
0 0.733032 0.182811 0.01 0.01
0 0.771295 0.174171 0.01 0.01
0 0.789193 0.169233 0.01 0.01
0 0.370147 0.117393 0.01 0.01
0 0.433713 0.124181 0.01 0.01
0 0.474445 0.118627 0.01 0.01
0 0.459634 0.131587 0.01 0.01
0 0.459634 0.117393 0.01 0.01
0 0.483085 0.113073 0.01 0.01
0 0.495428 0.126033 0.01 0.01
0 0.495428 0.097027 0.01 0.01
0 0.412113 0.114924 0.01 0.01
0 0.390513 0.105667 0.01 0.01
0 0.322009 0.098261 0.01 0.01
0 0.629968 0.130353 0.01 0.01
0 0.643545 0.150102 0.01 0.01
0 0.629350 0.155039 0.01 0.01
0 0.675637 0.150102 0.01 0.01
0 0.681191 0.125416 0.01 0.01
0 0.679340 0.138376 0.01 0.01
0 0.704643 0.133439 0.01 0.01
0 0.715752 0.153805 0.01 0.01
0 0.705877 0.160593 0.01 0.01
0 0.736118 0.134056 0.01 0.01
0 0.737969 0.124798 0.01 0.01
0 0.718837 0.128501 0.01 0.01
0 0.759569 0.127884 0.01 0.01
0 0.757718 0.153187 0.01 0.01
0 0.731798 0.164913 0.01 0.01
0 0.786724 0.147016 0.01 0.01
0 0.795364 0.143930 0.01 0.01
0 0.797833 0.129736 0.01 0.01
0 0.793513 0.107518 0.01 0.01
0 0.808942 0.111838 0.01 0.01
0 0.820050 0.105667 0.01 0.01
0 0.815113 0.078512 0.01 0.01
0 0.859548 0.097027 0.01 0.01
0 0.824988 0.125416 0.01 0.01
0 0.813262 0.121713 0.01 0.01
0 0.765124 0.057529 0.01 0.01
0 0.750929 0.058146 0.01 0.01
0 0.782404 0.081598 0.01 0.01
0 0.728095 0.085918 0.01 0.01
0 0.738586 0.090855 0.01 0.01
0 0.739821 0.077895 0.01 0.01
0 0.691066 0.093941 0.01 0.01
0 0.700323 0.096409 0.01 0.01
0 0.712049 0.088386 0.01 0.01
0 0.710197 0.068638 0.01 0.01
0 0.683043 0.084066 0.01 0.01
0 0.691683 0.084066 0.01 0.01
0 0.689214 0.067403 0.01 0.01
0 0.627499 0.102581 0.01 0.01
0 0.639225 0.091472 0.01 0.01
0 0.629350 0.079746 0.01 0.01
0 0.618242 0.080981 0.01 0.01
0 0.619476 0.058763 0.01 0.01
0 0.642311 0.066786 0.01 0.01
0 0.658974 0.077278 0.01 0.01
0 0.658974 0.063700 0.01 0.01
0 0.675020 0.059380 0.01 0.01
0 0.674402 0.050123 0.01 0.01
0 0.679340 0.047654 0.01 0.01
0 0.738586 0.024203 0.01 0.01
0 0.753398 0.022351 0.01 0.01
0 0.732415 0.005688 0.01 0.01
0 0.425073 0.058763 0.01 0.01
0 0.411496 0.061232 0.01 0.01
0 0.410261 0.050740 0.01 0.01
0 0.423839 0.047037 0.01 0.01
0 0.430627 0.051975 0.01 0.01
0 0.389895 0.069255 0.01 0.01
0 0.375701 0.068638 0.01 0.01
0 0.367061 0.058763 0.01 0.01
0 0.360889 0.056295 0.01 0.01
0 0.346078 0.058146 0.01 0.01
0 0.337438 0.035311 0.01 0.01
0 0.316454 0.019883 0.01 0.01
0 0.338055 0.016180 0.01 0.01
0 0.332500 0.019883 0.01 0.01
0 0.391130 0.013094 0.01 0.01
0 0.383724 0.033460 0.01 0.01
0 0.378170 0.016797 0.01 0.01
0 0.374467 0.005071 0.01 0.01
0 0.363975 0.033460 0.01 0.01
0 0.355952 0.032843 0.01 0.01
0 0.345461 0.030374 0.01 0.01
0 0.455931 0.058763 0.01 0.01
0 0.445439 0.055677 0.01 0.01
0 0.473211 0.061849 0.01 0.01
0 0.475680 0.055677 0.01 0.01
0 0.484320 0.052592 0.01 0.01
0 0.512709 0.060615 0.01 0.01
0 0.518880 0.061232 0.01 0.01
0 0.515794 0.120478 0.01 0.01
0 0.538012 0.116158 0.01 0.01
0 0.633670 0.113690 0.01 0.01
0 0.602813 0.127267 0.01 0.01
0 0.599727 0.119244 0.01 0.01
0 0.552824 0.120478 0.01 0.01
0 0.646013 0.136524 0.01 0.01
0 0.659591 0.117393 0.01 0.01
0 0.640459 0.102581 0.01 0.01
0 0.538012 0.102581 0.01 0.01
0 0.533692 0.085301 0.01 0.01
0 0.560847 0.092707 0.01 0.01
0 0.576275 0.110604 0.01 0.01
0 0.651568 0.183428 0.01 0.01
0 0.634905 0.175405 0.01 0.01
0 0.621945 0.050123 0.01 0.01
0 0.599727 0.053209 0.01 0.01
0 0.581830 0.058146 0.01 0.01
0 0.553441 0.067403 0.01 0.01
0 0.649716 0.048272 0.01 0.01
0 0.665762 0.021734 0.01 0.01
0 0.634288 0.022968 0.01 0.01
0 0.630585 0.027906 0.01 0.01
0 0.515794 0.030374 0.01 0.01
0 0.527520 0.027906 0.01 0.01
0 0.541715 0.024820 0.01 0.01
0 0.517646 0.044569 0.01 0.01
0 0.501600 0.016180 0.01 0.01
0 0.507771 0.019265 0.01 0.01
0 0.510240 0.013711 0.01 0.01
0 0.571955 0.022351 0.01 0.01
0 0.586767 0.032843 0.01 0.01
0 0.606516 0.035929 0.01 0.01
0 0.588001 0.034077 0.01 0.01
0 0.589853 0.035929 0.01 0.01
0 0.618859 0.035929 0.01 0.01
0 0.610219 0.027906 0.01 0.01
0 0.612687 0.019265 0.01 0.01
0 0.624413 0.021734 0.01 0.01
0 0.628116 0.019883 0.01 0.01
0 0.746609 0.102581 0.01 0.01
0 0.739203 0.100112 0.01 0.01
0 0.729329 0.102581 0.01 0.01
0 0.342992 0.184045 0.01 0.01
0 0.787341 0.323521 0.01 0.01
0 0.482931 0.068344 0.01 0.01
0 0.565321 0.108768 0.01 0.01
0 0.512246 0.145180 0.01 0.01
0 0.644625 0.078219 0.01 0.01
0 0.368758 0.144871 0.01 0.01
0 0.346695 0.016180 0.01 0.01
0 0.339906 0.010625 0.01 0.01
0 0.390513 0.002602 0.01 0.01
0 0.492343 0.003220 0.01 0.01
0 0.478148 0.021734 0.01 0.01
0 0.744141 0.221691 0.01 0.01
0 0.752164 0.214285 0.01 0.01
0 0.785490 0.214903 0.01 0.01
0 0.797833 0.188365 0.01 0.01
0 0.786107 0.259338 0.01 0.01
0 0.831159 0.274149 0.01 0.01
0 0.538012 0.135907 0.01 0.01
0 0.357186 0.102581 0.01 0.01
0 0.371998 0.095175 0.01 0.01
0 0.343609 0.095175 0.01 0.01
0 0.420753 0.074192 0.01 0.01
0 0.425073 0.077278 0.01 0.01
0 0.642311 0.035311 0.01 0.01
0 0.650951 0.019265 0.01 0.01
0 0.655888 0.032843 0.01 0.01
0 0.712049 0.010625 0.01 0.01
0 0.650334 0.345739 0.01 0.01
0 0.175744 0.408071 0.01 0.01
0 0.168955 0.427820 0.01 0.01
0 0.101777 0.069388 0.01 0.01
0 0.101777 0.069388 0.01 0.01
0 0.979000 0.178627 0.01 0.01
0 0.982087 0.196378 0.01 0.01
0 1.037654 0.275099 0.01 0.01
0 1.008327 0.312915 0.01 0.01
0 0.974369 0.387005 0.01 0.01
0 1.007555 0.399354 0.01 0.01
0 1.026850 0.415561 0.01 0.01
0 1.049231 0.413246 0.01 0.01
0 1.053862 0.390864 0.01 0.01
0 1.029937 0.361537 0.01 0.01
0 0.978228 0.343786 0.01 0.01
0 1.003697 0.335297 0.01 0.01
0 0.984402 0.273555 0.01 0.01
0 0.971282 0.265837 0.01 0.01
0 1.054633 0.239597 0.01 0.01
0 0.439147 0.039153 0.01 0.01
0 0.451109 0.040697 0.01 0.01
0 0.460370 0.034909 0.01 0.01
0 0.470789 0.032979 0.01 0.01
0 0.454582 0.255249 0.01 0.01
0 0.545265 0.233423 0.01 0.01
0 0.450672 0.015379 0.01 0.01
0 0.443111 0.035625 0.01 0.01
0 0.444191 0.024823 0.01 0.01
0 0.445271 0.011861 0.01 0.01
0 0.442031 0.005380 0.01 0.01
0 0.434469 0.005920 0.01 0.01
0 0.424748 0.009700 0.01 0.01
0 0.423128 0.021042 0.01 0.01
0 0.427988 0.027523 0.01 0.01
0 0.426908 0.035625 0.01 0.01
0 0.410706 0.038865 0.01 0.01
0 0.391803 0.041025 0.01 0.01
0 0.382081 0.053987 0.01 0.01
0 0.393963 0.061009 0.01 0.01
0 0.354537 0.007540 0.01 0.01
0 0.366959 0.010781 0.01 0.01
0 0.359938 0.014561 0.01 0.01
0 0.366959 0.020502 0.01 0.01
0 0.375600 0.024283 0.01 0.01
0 0.402604 0.005380 0.01 0.01
0 0.424208 0.002679 0.01 0.01
0 0.442031 0.002139 0.01 0.01
0 0.450672 0.004300 0.01 0.01
0 0.464714 0.003219 0.01 0.01
0 0.467955 0.014021 0.01 0.01
0 0.463094 0.021582 0.01 0.01
0 0.487938 0.010781 0.01 0.01
0 0.501980 0.005920 0.01 0.01
0 0.510621 0.003760 0.01 0.01
0 0.518723 0.003219 0.01 0.01
0 0.531145 0.003760 0.01 0.01
0 0.540326 0.008620 0.01 0.01
0 0.525744 0.012941 0.01 0.01
0 0.519263 0.017802 0.01 0.01
0 0.537086 0.022662 0.01 0.01
0 0.545727 0.039405 0.01 0.01
0 0.548427 0.048046 0.01 0.01
0 0.535465 0.066409 0.01 0.01
0 0.531685 0.048587 0.01 0.01
0 0.528444 0.039405 0.01 0.01
0 0.558149 0.011861 0.01 0.01
0 0.559229 0.004840 0.01 0.01
0 0.547887 0.007000 0.01 0.01
0 0.575972 0.008898 0.01 0.01
0 0.580292 0.004577 0.01 0.01
0 0.570571 0.003497 0.01 0.01
0 0.591094 0.003497 0.01 0.01
0 0.588934 0.015379 0.01 0.01
0 0.597575 0.015379 0.01 0.01
0 0.582453 0.025101 0.01 0.01
0 0.572731 0.028341 0.01 0.01
0 0.558689 0.021860 0.01 0.01
0 0.548967 0.018620 0.01 0.01
0 0.550048 0.012139 0.01 0.01
0 0.602976 0.007818 0.01 0.01
0 0.611617 0.003497 0.01 0.01
0 0.611617 0.011058 0.01 0.01
0 0.601896 0.018620 0.01 0.01
0 0.619178 0.027261 0.01 0.01
0 0.620259 0.014299 0.01 0.01
0 0.623499 0.007818 0.01 0.01
0 0.631060 0.011058 0.01 0.01
0 0.641862 0.015379 0.01 0.01
0 0.649423 0.006738 0.01 0.01
0 0.655904 0.006738 0.01 0.01
0 0.667786 0.013219 0.01 0.01
0 0.686149 0.011058 0.01 0.01
0 0.405305 0.018620 0.01 0.01
0 0.395583 0.026181 0.01 0.01
0 0.412866 0.031582 0.01 0.01
0 0.405305 0.032662 0.01 0.01
