0 0.250615 1.021727 0.01 0.01
0 0.843208 1.058764 0.01 0.01
0 0.899504 0.926912 0.01 0.01
0 1.158764 0.760986 0.01 0.01
0 1.309875 0.891356 0.01 0.01
0 1.093578 0.660245 0.01 0.01
0 1.112838 0.584690 0.01 0.01
0 1.229875 0.485430 0.01 0.01
0 1.260986 0.435060 0.01 0.01
0 1.180986 0.365430 0.01 0.01
0 1.135060 0.307653 0.01 0.01
0 1.022467 0.414319 0.01 0.01
0 1.259504 0.298764 0.01 0.01
0 1.228393 0.286912 0.01 0.01
0 1.412097 0.334319 0.01 0.01
0 1.412097 0.292838 0.01 0.01
0 1.478764 0.301727 0.01 0.01
0 1.505430 0.261727 0.01 0.01
0 1.388393 0.255801 0.01 0.01
0 1.342467 0.214319 0.01 0.01
0 1.223949 0.212838 0.01 0.01
0 1.013578 0.218764 0.01 0.01
0 0.958764 0.212838 0.01 0.01
0 0.943949 0.258764 0.01 0.01
0 0.791356 0.248393 0.01 0.01
0 0.804690 0.405430 0.01 0.01
0 0.696541 0.412838 0.01 0.01
0 0.551356 0.386171 0.01 0.01
0 0.447653 0.278023 0.01 0.01
0 0.326171 0.371356 0.01 0.01
0 0.292097 0.420245 0.01 0.01
0 0.269875 0.374319 0.01 0.01
0 0.275801 0.272097 0.01 0.01
0 0.298023 0.215801 0.01 0.01
0 0.345430 0.248393 0.01 0.01
0 0.167653 0.316541 0.01 0.01
0 0.143949 0.360986 0.01 0.01
0 0.074319 0.288393 0.01 0.01
0 0.154319 0.209875 0.01 0.01
0 0.029875 0.221727 0.01 0.01
0 0.043208 0.350615 0.01 0.01
0 0.243208 0.149504 0.01 0.01
0 0.203949 0.141356 0.01 0.01
0 0.166171 0.133949 0.01 0.01
0 0.153578 0.108023 0.01 0.01
0 0.126912 0.117653 0.01 0.01
0 0.076541 0.124319 0.01 0.01
0 0.186171 0.225801 0.01 0.01
0 0.343208 0.107282 0.01 0.01
0 0.364690 0.106541 0.01 0.01
0 0.413578 0.102838 0.01 0.01
0 0.468393 0.136171 0.01 0.01
0 0.466171 0.177653 0.01 0.01
0 0.426171 0.177653 0.01 0.01
0 0.606171 0.104319 0.01 0.01
0 0.725430 0.131727 0.01 0.01
0 0.737282 0.131727 0.01 0.01
0 0.485430 0.102838 0.01 0.01
0 0.216541 0.127838 0.01 0.01
0 0.446912 0.088949 0.01 0.01
0 0.475060 0.092653 0.01 0.01
0 0.517282 0.088208 0.01 0.01
0 0.513578 0.072282 0.01 0.01
0 0.531727 0.075245 0.01 0.01
0 0.549134 0.061171 0.01 0.01
0 0.612467 0.063764 0.01 0.01
0 0.638764 0.069690 0.01 0.01
0 0.676541 0.084875 0.01 0.01
0 0.702838 0.072653 0.01 0.01
0 0.678764 0.051171 0.01 0.01
0 0.712467 0.054504 0.01 0.01
0 0.833949 0.120801 0.01 0.01
0 0.853949 0.083023 0.01 0.01
0 0.833949 0.052282 0.01 0.01
0 0.808764 0.062653 0.01 0.01
0 0.791356 0.055986 0.01 0.01
0 0.765430 0.054875 0.01 0.01
0 0.880986 0.148023 0.01 0.01
0 0.892838 0.134690 0.01 0.01
0 0.923949 0.133208 0.01 0.01
0 0.961727 0.137653 0.01 0.01
0 0.940615 0.078208 0.01 0.01
0 0.917282 0.068578 0.01 0.01
0 0.896171 0.060430 0.01 0.01
0 0.860615 0.058578 0.01 0.01
0 0.805060 0.053393 0.01 0.01
0 1.005060 0.073393 0.01 0.01
0 0.998023 0.071541 0.01 0.01
0 0.993949 0.051171 0.01 0.01
0 0.709134 0.039227 0.01 0.01
0 0.734134 0.029782 0.01 0.01
0 0.729319 0.043856 0.01 0.01
0 0.749134 0.039041 0.01 0.01
0 0.771912 0.035708 0.01 0.01
0 0.788023 0.030153 0.01 0.01
0 0.797467 0.042190 0.01 0.01
0 0.820430 0.029597 0.01 0.01
0 0.807838 0.043301 0.01 0.01
0 0.835245 0.037560 0.01 0.01
0 0.881912 0.039967 0.01 0.01
0 0.855060 0.028301 0.01 0.01
0 0.872467 0.026819 0.01 0.01
0 0.880430 0.027560 0.01 0.01
0 0.884134 0.030523 0.01 0.01
0 0.899875 0.038856 0.01 0.01
0 0.897653 0.048856 0.01 0.01
0 0.907467 0.038486 0.01 0.01
0 0.926912 0.035153 0.01 0.01
0 0.935430 0.035153 0.01 0.01
0 0.927838 0.047375 0.01 0.01
0 0.944875 0.038486 0.01 0.01
0 0.962838 0.033671 0.01 0.01
0 0.867097 0.131634 0.01 0.01
0 1.049134 0.141541 0.01 0.01
0 1.023578 0.069690 0.01 0.01
0 0.977653 0.034412 0.01 0.01
0 0.992467 0.032004 0.01 0.01
0 1.007467 0.037375 0.01 0.01
0 1.016541 0.030338 0.01 0.01
0 1.024319 0.031819 0.01 0.01
0 1.062467 0.065893 0.01 0.01
0 0.973949 0.022236 0.01 0.01
0 0.988949 0.022606 0.01 0.01
0 1.031264 0.014551 0.01 0.01
0 1.063115 0.020754 0.01 0.01
0 1.088671 0.013810 0.01 0.01
0 1.062282 0.009065 0.01 0.01
0 1.109319 0.061078 0.01 0.01
0 1.160893 0.057328 0.01 0.01
0 1.180153 0.059736 0.01 0.01
0 1.153949 0.031032 0.01 0.01
0 1.116912 0.014736 0.01 0.01
0 1.144875 0.011240 0.01 0.01
0 1.201912 0.076264 0.01 0.01
0 1.069875 0.159875 0.01 0.01
0 1.080986 0.197653 0.01 0.01
0 1.159504 0.189504 0.01 0.01
0 1.184690 0.131727 0.01 0.01
0 1.266171 0.143578 0.01 0.01
0 1.255060 0.201356 0.01 0.01
0 1.389134 0.127282 0.01 0.01
0 1.454319 0.068578 0.01 0.01
0 1.471727 0.063764 0.01 0.01
0 1.512097 0.065245 0.01 0.01
0 1.428023 0.073393 0.01 0.01
0 1.352838 0.067097 0.01 0.01
0 1.365801 0.085245 0.01 0.01
0 1.343949 0.083764 0.01 0.01
0 1.315801 0.057097 0.01 0.01
0 1.280615 0.086727 0.01 0.01
0 1.512653 0.044227 0.01 0.01
0 1.549690 0.026078 0.01 0.01
0 1.531356 0.068301 0.01 0.01
0 1.576912 0.186727 0.01 0.01
0 1.383578 0.152653 0.01 0.01
0 1.187421 0.008833 0.01 0.01
0 0.908023 0.028162 0.01 0.01
0 0.916634 0.020662 0.01 0.01
0 0.925153 0.016403 0.01 0.01
0 0.930986 0.021958 0.01 0.01
0 1.596049 0.108287 0.01 0.01
0 1.103542 0.006408 0.01 0.01
0 1.124970 0.007007 0.01 0.01
0 1.117428 0.029485 0.01 0.01
0 1.146299 0.045675 0.01 0.01
0 0.831014 0.022486 0.01 0.01
0 0.818305 0.021817 0.01 0.01
0 0.999576 0.011031 0.01 0.01
0 1.135697 0.007519 0.01 0.01
0 1.147402 0.002837 0.01 0.01
0 1.166800 0.007185 0.01 0.01
0 1.035362 0.037202 0.01 0.01
0 1.053422 0.100412 0.01 0.01
0 1.068640 0.045228 0.01 0.01
0 1.391215 0.066633 0.01 0.01
0 1.593054 0.007854 0.01 0.01
