0 0.164749 0.848718 0.01 0.01
0 0.169329 0.573909 0.01 0.01
0 0.373146 0.365512 0.01 0.01
0 0.210550 0.228108 0.01 0.01
0 0.350245 0.207497 0.01 0.01
0 0.359405 0.143375 0.01 0.01
0 0.409787 0.159405 0.01 0.01
0 0.499100 0.232688 0.01 0.01
0 0.542612 0.280779 0.01 0.01
0 0.556352 0.530398 0.01 0.01
0 0.581543 0.711314 0.01 0.01
0 1.021237 1.018184 0.01 0.01
0 1.021237 0.928871 0.01 0.01
0 1.034978 0.802917 0.01 0.01
0 0.998337 0.583070 0.01 0.01
0 0.771619 0.438795 0.01 0.01
0 0.661695 0.390703 0.01 0.01
0 0.702917 0.257879 0.01 0.01
0 0.586123 0.212077 0.01 0.01
0 0.586123 0.129634 0.01 0.01
0 0.659405 0.095283 0.01 0.01
0 0.716657 0.115894 0.01 0.01
0 0.691466 0.182306 0.01 0.01
0 0.682306 0.134215 0.01 0.01
0 0.723528 0.191466 0.01 0.01
0 0.780779 0.143375 0.01 0.01
0 0.865512 0.145665 0.01 0.01
0 0.886123 0.200627 0.01 0.01
0 0.918184 0.248718 0.01 0.01
0 0.975436 0.273909 0.01 0.01
0 1.156352 0.578489 0.01 0.01
0 1.227344 0.557879 0.01 0.01
0 1.215894 0.498337 0.01 0.01
0 1.259405 0.354062 0.01 0.01
0 1.332688 0.338031 0.01 0.01
0 1.458642 0.356352 0.01 0.01
0 1.550245 0.354062 0.01 0.01
0 1.580016 0.585360 0.01 0.01
0 1.593757 0.514367 0.01 0.01
0 1.522764 0.649482 0.01 0.01
0 0.485360 0.033451 0.01 0.01
0 1.014940 0.132497 0.01 0.01
0 0.966848 0.153108 0.01 0.01
0 0.909596 0.121047 0.01 0.01
0 0.902726 0.088986 0.01 0.01
0 0.852344 0.087841 0.01 0.01
0 0.830589 0.072955 0.01 0.01
0 0.767612 0.008833 0.01 0.01
0 0.710360 0.007688 0.01 0.01
0 0.806543 0.007688 0.01 0.01
0 0.871810 0.027153 0.01 0.01
0 0.907306 0.031734 0.01 0.01
0 0.957688 0.047764 0.01 0.01
0 0.938222 0.091276 0.01 0.01
0 1.027535 0.088986 0.01 0.01
0 1.103108 0.087841 0.01 0.01
0 1.064176 0.114176 0.01 0.01
0 1.124863 0.140512 0.01 0.01
0 1.111123 0.135932 0.01 0.01
0 1.185550 0.178299 0.01 0.01
0 1.262268 0.193184 0.01 0.01
0 1.334405 0.185169 0.01 0.01
0 1.376772 0.182879 0.01 0.01
0 1.326390 0.141657 0.01 0.01
0 1.202726 0.109596 0.01 0.01
0 1.079062 0.047764 0.01 0.01
0 1.055016 0.036314 0.01 0.01
0 1.026390 0.007688 0.01 0.01
0 1.006924 0.008833 0.01 0.01
0 0.905016 0.007688 0.01 0.01
0 0.872955 0.005398 0.01 0.01
0 1.108833 0.029444 0.01 0.01
0 1.170665 0.034024 0.01 0.01
0 1.250818 0.027153 0.01 0.01
0 1.274863 0.039749 0.01 0.01
0 1.301199 0.064940 0.01 0.01
0 1.305779 0.087841 0.01 0.01
0 1.404253 0.082115 0.01 0.01
0 1.459215 0.071810 0.01 0.01
0 1.422573 0.050054 0.01 0.01
0 1.336695 0.039749 0.01 0.01
0 1.313795 0.045474 0.01 0.01
0 1.298909 0.044329 0.01 0.01
0 1.355016 0.052344 0.01 0.01
0 1.426295 0.008547 0.01 0.01
0 1.469806 0.020570 0.01 0.01
0 0.649386 0.003966 0.01 0.01
0 0.790212 0.019978 0.01 0.01
0 0.748071 0.017971 0.01 0.01
