0 0.559247 0.084104 0.01 0.01
0 0.584534 0.118164 0.01 0.01
0 0.464981 0.025446 0.01 0.01
0 0.519683 0.021489 0.01 0.01
0 0.718364 0.110939 0.01 0.01
0 0.738663 0.070343 0.01 0.01
0 0.684993 0.029058 0.01 0.01
0 0.802997 0.054689 0.01 0.01
0 0.821919 0.019597 0.01 0.01
0 0.921174 0.097349 0.01 0.01
0 0.940096 0.059333 0.01 0.01
0 0.957986 0.049528 0.01 0.01
0 0.906036 0.027338 0.01 0.01
0 0.858903 0.028542 0.01 0.01
0 1.009247 0.060538 0.01 0.01
0 1.122811 0.226438 0.01 0.01
0 1.120993 0.084026 0.01 0.01
0 1.189472 0.099176 0.01 0.01
0 0.604773 0.332641 0.01 0.01
0 0.563565 0.295675 0.01 0.01
0 0.567201 0.244770 0.01 0.01
0 0.562959 0.210833 0.01 0.01
0 0.560535 0.169625 0.01 0.01
0 0.608409 0.396878 0.01 0.01
0 0.670222 0.470812 0.01 0.01
0 0.742405 0.577772 0.01 0.01
0 1.336294 0.738971 0.01 0.01
0 1.330406 0.117046 0.01 0.01
0 1.573296 0.151449 0.01 0.01
0 1.593594 0.623468 0.01 0.01
0 1.497952 1.026163 0.01 0.01
0 0.522123 0.100745 0.01 0.01
0 1.449196 0.206239 0.01 0.01
