0 0.063536 0.268916 0.01 0.01
0 0.014169 0.289802 0.01 0.01
0 0.002777 0.312587 0.01 0.01
0 0.308473 0.202460 0.01 0.01
0 0.378726 0.192967 0.01 0.01
0 0.409106 0.215751 0.01 0.01
0 0.407207 0.189169 0.01 0.01
0 0.452777 0.200562 0.01 0.01
0 0.323663 0.282207 0.01 0.01
0 0.298979 0.280308 0.01 0.01
0 0.266701 0.322081 0.01 0.01
0 0.310372 0.356258 0.01 0.01
0 0.291384 0.398030 0.01 0.01
0 0.667334 0.424612 0.01 0.01
0 0.925562 0.530941 0.01 0.01
0 0.990119 0.430308 0.01 0.01
0 1.056574 0.409422 0.01 0.01
0 1.292017 0.415119 0.01 0.01
0 1.400245 0.356258 0.01 0.01
0 1.580625 0.587903 0.01 0.01
0 1.447713 0.861321 0.01 0.01
0 1.111638 1.157524 0.01 0.01
0 0.842017 0.223346 0.01 0.01
0 0.779359 0.249929 0.01 0.01
0 1.191384 0.295498 0.01 0.01
0 1.138220 0.204359 0.01 0.01
0 1.090751 0.211954 0.01 0.01
0 1.274929 0.236638 0.01 0.01
0 1.305308 0.211954 0.01 0.01
0 1.341384 0.185372 0.01 0.01
0 1.426827 0.166384 0.01 0.01
0 1.493283 0.198663 0.01 0.01
0 1.442017 0.259422 0.01 0.01
0 1.297713 0.183473 0.01 0.01
0 0.938853 0.130308 0.01 0.01
0 0.811638 0.170182 0.01 0.01
0 0.771764 0.189169 0.01 0.01
0 0.764169 0.149296 0.01 0.01
0 0.724296 0.151194 0.01 0.01
0 0.648346 0.183473 0.01 0.01
0 0.627460 0.291701 0.01 0.01
0 0.562903 0.223346 0.01 0.01
0 0.530625 0.356258 0.01 0.01
0 0.509739 0.318283 0.01 0.01
0 0.862903 0.151194 0.01 0.01
0 0.889486 0.113220 0.01 0.01
0 0.927460 0.122713 0.01 0.01
0 0.821131 0.109422 0.01 0.01
0 0.845815 0.058156 0.01 0.01
0 0.663536 0.103726 0.01 0.01
0 0.712903 0.109422 0.01 0.01
0 0.885688 0.050562 0.01 0.01
0 0.942650 0.077144 0.01 0.01
0 1.026194 0.098030 0.01 0.01
0 1.083156 0.103726 0.01 0.01
0 1.028093 0.189169 0.01 0.01
0 0.369232 0.122713 0.01 0.01
0 0.380625 0.086638 0.01 0.01
0 0.475562 0.077144 0.01 0.01
0 1.320498 0.077144 0.01 0.01
0 1.371764 0.090435 0.01 0.01
0 0.629359 0.090435 0.01 0.01
0 0.638853 0.077144 0.01 0.01
0 0.581891 0.084739 0.01 0.01
0 0.574296 0.092334 0.01 0.01
0 0.566701 0.063853 0.01 0.01
0 0.551511 0.063853 0.01 0.01
0 1.254043 0.113220 0.01 0.01
0 1.400245 0.090435 0.01 0.01
0 1.506574 0.046764 0.01 0.01
0 1.331891 0.025878 0.01 0.01
0 1.314802 0.031574 0.01 0.01
0 1.316701 0.010688 0.01 0.01
0 1.271131 0.033473 0.01 0.01
0 1.233156 0.039169 0.01 0.01
0 1.263536 0.084739 0.01 0.01
0 1.157207 0.084739 0.01 0.01
0 1.124929 0.069549 0.01 0.01
0 1.119232 0.037270 0.01 0.01
0 1.075562 0.042967 0.01 0.01
0 1.058473 0.052460 0.01 0.01
0 1.026194 0.016384 0.01 0.01
0 1.012903 0.004992 0.01 0.01
0 0.980625 0.018283 0.01 0.01
0 0.993916 0.050562 0.01 0.01
0 0.526827 0.086638 0.01 0.01
0 0.401511 0.050562 0.01 0.01
0 0.420498 0.037270 0.01 0.01
0 0.456574 0.056258 0.01 0.01
0 0.466068 0.050562 0.01 0.01
0 0.834422 0.025878 0.01 0.01
0 0.756574 0.079043 0.01 0.01
0 0.737587 0.090435 0.01 0.01
0 0.783156 0.058156 0.01 0.01
0 0.790751 0.050562 0.01 0.01
0 0.379101 0.063425 0.01 0.01
0 0.372760 0.043044 0.01 0.01
0 0.388159 0.032628 0.01 0.01
0 0.374572 0.017229 0.01 0.01
0 0.341057 0.013606 0.01 0.01
0 0.324753 0.007265 0.01 0.01
0 0.302108 0.028099 0.01 0.01
0 0.320224 0.032628 0.01 0.01
0 0.310260 0.049385 0.01 0.01
0 0.322941 0.067048 0.01 0.01
0 0.413974 0.019041 0.01 0.01
0 0.435714 0.038968 0.01 0.01
0 0.464699 0.036251 0.01 0.01
0 0.481457 0.047120 0.01 0.01
0 0.497761 0.088787 0.01 0.01
0 0.688618 0.048391 0.01 0.01
0 0.708570 0.069211 0.01 0.01
0 0.719848 0.071814 0.01 0.01
0 0.752813 0.033644 0.01 0.01
0 0.770163 0.045789 0.01 0.01
0 0.775368 0.002414 0.01 0.01
0 0.738933 0.001546 0.01 0.01
0 0.706835 0.019764 0.01 0.01
0 0.658255 0.037981 0.01 0.01
0 0.673003 0.027571 0.01 0.01
0 0.686015 0.017161 0.01 0.01
0 0.668665 0.017161 0.01 0.01
0 0.628760 0.017161 0.01 0.01
0 0.604470 0.014559 0.01 0.01
0 0.602735 0.041451 0.01 0.01
0 0.576710 0.018029 0.01 0.01
0 0.657388 0.005884 0.01 0.01
0 0.683413 0.005884 0.01 0.01
0 0.820478 0.007619 0.01 0.01
0 0.843900 0.003281 0.01 0.01
0 0.864720 0.005016 0.01 0.01
0 0.873395 0.019764 0.01 0.01
0 0.858648 0.020631 0.01 0.01
0 1.407488 0.017189 0.01 0.01
0 1.122677 0.011421 0.01 0.01
0 1.088789 0.004211 0.01 0.01
0 1.215691 0.002228 0.01 0.01
0 1.259675 0.003310 0.01 0.01
0 1.137459 0.069285 0.01 0.01
0 0.046399 0.070145 0.01 0.01
0 0.353088 0.199075 0.01 0.01
0 0.420981 0.176332 0.01 0.01
0 0.399911 0.079342 0.01 0.01
0 0.346733 0.012452 0.01 0.01
0 0.315630 0.085362 0.01 0.01
0 0.443389 0.104426 0.01 0.01
0 0.485195 0.091382 0.01 0.01
0 0.430680 0.082687 0.01 0.01
0 0.598907 0.295563 0.01 0.01
0 0.743723 0.032519 0.01 0.01
0 0.723322 0.024158 0.01 0.01
0 0.711951 0.002753 0.01 0.01
0 0.829677 0.004426 0.01 0.01
0 0.958439 0.013790 0.01 0.01
0 0.941382 0.036533 0.01 0.01
0 0.925329 0.058272 0.01 0.01
0 0.609610 0.010111 0.01 0.01
0 0.728339 0.054927 0.01 0.01
0 1.442386 0.048740 0.01 0.01
0 1.409610 0.062787 0.01 0.01
0 0.520646 0.247737 0.01 0.01
0 0.550412 0.244727 0.01 0.01
0 0.356098 0.010529 0.01 0.01
0 0.299242 0.012202 0.01 0.01
0 0.310613 0.010697 0.01 0.01
0 0.323155 0.020563 0.01 0.01
0 0.357603 0.019559 0.01 0.01
0 0.364794 0.029258 0.01 0.01
0 0.378172 0.028088 0.01 0.01
0 0.294727 0.045312 0.01 0.01
0 0.313957 0.040462 0.01 0.01
0 0.499576 0.334693 0.01 0.01
