0 0.047928 0.879809 0.01 0.01
0 0.164560 0.805942 0.01 0.01
0 0.314238 0.714580 0.01 0.01
0 0.347284 0.615443 0.01 0.01
0 0.327845 0.827325 0.01 0.01
0 0.425039 0.819549 0.01 0.01
0 0.564998 0.850651 0.01 0.01
0 0.547503 0.759289 0.01 0.01
0 0.806038 0.837044 0.01 0.01
0 0.788543 0.765121 0.01 0.01
0 0.876018 0.796223 0.01 0.01
0 0.846860 0.765121 0.01 0.01
0 0.980987 0.817605 0.01 0.01
0 0.957660 0.737907 0.01 0.01
0 1.002369 0.988666 0.01 0.01
0 1.216196 0.887585 0.01 0.01
0 1.107339 0.850651 0.01 0.01
0 1.332828 1.002273 0.01 0.01
0 1.352267 0.899248 0.01 0.01
0 1.332828 0.825381 0.01 0.01
0 1.496113 0.774840 0.01 0.01
0 1.583588 0.728187 0.01 0.01
0 1.583588 0.819549 0.01 0.01
0 1.410583 0.796223 0.01 0.01
0 1.255073 0.728187 0.01 0.01
0 1.200645 0.741794 0.01 0.01
0 1.157879 0.796223 0.01 0.01
0 1.074293 0.782616 0.01 0.01
0 0.844916 0.755402 0.01 0.01
0 0.704957 0.765121 0.01 0.01
0 0.683574 0.784560 0.01 0.01
0 0.660248 0.765121 0.01 0.01
0 0.096524 0.809830 0.01 0.01
0 0.129570 0.761233 0.01 0.01
0 0.180111 0.710692 0.01 0.01
0 0.918783 0.714580 0.01 0.01
0 0.879905 0.714580 0.01 0.01
0 0.887681 0.702917 0.01 0.01
0 0.909064 0.683478 0.01 0.01
0 0.821589 0.697085 0.01 0.01
0 0.809926 0.656264 0.01 0.01
0 0.461001 0.719440 0.01 0.01
0 0.493075 0.701945 0.01 0.01
0 0.481411 0.692226 0.01 0.01
0 0.524177 0.726243 0.01 0.01
0 0.541671 0.708749 0.01 0.01
0 0.578605 0.743738 0.01 0.01
0 0.577633 0.719440 0.01 0.01
0 0.607763 0.703889 0.01 0.01
0 0.589296 0.682506 0.01 0.01
0 0.633033 0.672787 0.01 0.01
0 0.626230 0.663068 0.01 0.01
0 0.657332 0.694170 0.01 0.01
0 0.685518 0.679590 0.01 0.01
0 0.642753 0.665011 0.01 0.01
0 0.668023 0.645573 0.01 0.01
0 0.610679 0.635853 0.01 0.01
0 0.677743 0.741794 0.01 0.01
0 0.660248 0.728187 0.01 0.01
0 0.711760 0.696113 0.01 0.01
0 0.735087 0.651404 0.01 0.01
0 0.697181 0.630994 0.01 0.01
0 0.717592 0.615443 0.01 0.01
0 0.753554 0.615443 0.01 0.01
0 0.760357 0.631966 0.01 0.01
0 0.743834 0.726243 0.01 0.01
0 0.772020 0.723328 0.01 0.01
0 0.848803 0.755402 0.01 0.01
0 0.866298 0.638769 0.01 0.01
0 0.862411 0.626134 0.01 0.01
0 0.823533 0.603779 0.01 0.01
0 0.809926 0.626134 0.01 0.01
0 0.844916 0.590172 0.01 0.01
0 0.883793 0.598920 0.01 0.01
0 0.898372 0.606695 0.01 0.01
0 0.916839 0.610583 0.01 0.01
0 0.900316 0.629050 0.01 0.01
0 0.925586 0.625162 0.01 0.01
0 0.925586 0.647517 0.01 0.01
0 0.943081 0.611555 0.01 0.01
0 0.958632 0.601836 0.01 0.01
0 0.982931 0.597948 0.01 0.01
0 1.009173 0.605723 0.01 0.01
0 1.021808 0.629050 0.01 0.01
0 1.015977 0.645573 0.01 0.01
0 1.048051 0.644601 0.01 0.01
0 1.031528 0.680562 0.01 0.01
0 1.014033 0.669871 0.01 0.01
0 0.992650 0.693198 0.01 0.01
0 0.976127 0.651404 0.01 0.01
0 0.953773 0.663068 0.01 0.01
0 0.964464 0.651404 0.01 0.01
0 0.944053 0.642657 0.01 0.01
0 0.936278 0.678619 0.01 0.01
0 0.941137 0.694170 0.01 0.01
0 1.010145 0.727215 0.01 0.01
0 1.048051 0.743738 0.01 0.01
0 1.039303 0.758317 0.01 0.01
0 1.072349 0.744710 0.01 0.01
0 1.096647 0.773868 0.01 0.01
0 1.132609 0.760261 0.01 0.01
0 1.123862 0.782616 0.01 0.01
0 1.099563 0.751514 0.01 0.01
0 0.410946 0.639741 0.01 0.01
0 0.435730 0.640713 0.01 0.01
0 0.421637 0.591144 0.01 0.01
0 0.401713 0.588228 0.01 0.01
0 0.409974 0.563930 0.01 0.01
0 0.398797 0.562472 0.01 0.01
0 0.449823 0.571219 0.01 0.01
0 0.458571 0.569276 0.01 0.01
0 0.472178 0.583369 0.01 0.01
0 0.490159 0.573649 0.01 0.01
0 0.481897 0.563444 0.01 0.01
0 0.495504 0.587256 0.01 0.01
0 0.508626 0.578023 0.01 0.01
0 0.514457 0.570734 0.01 0.01
0 0.502308 0.567818 0.01 0.01
0 0.522719 0.560042 0.01 0.01
0 0.530494 0.564416 0.01 0.01
0 0.539728 0.569762 0.01 0.01
0 0.554793 0.567818 0.01 0.01
0 0.543129 0.580939 0.01 0.01
0 0.452739 0.591630 0.01 0.01
0 0.464888 0.646545 0.01 0.01
0 0.480439 0.663068 0.01 0.01
0 0.515429 0.631480 0.01 0.01
0 0.538756 0.642171 0.01 0.01
0 0.528064 0.603293 0.01 0.01
0 0.562082 0.603293 0.01 0.01
0 0.536812 0.664525 0.01 0.01
0 0.552849 0.690282 0.01 0.01
0 0.568400 0.662096 0.01 0.01
0 0.577633 0.635853 0.01 0.01
0 0.585895 0.621760 0.01 0.01
0 0.578119 0.606695 0.01 0.01
0 0.595128 0.606695 0.01 0.01
0 0.580549 0.592602 0.01 0.01
0 0.604847 0.592602 0.01 0.01
0 0.616511 0.586770 0.01 0.01
0 0.612623 0.565874 0.01 0.01
0 0.583465 0.576079 0.01 0.01
0 0.567914 0.577051 0.01 0.01
0 0.564512 0.563930 0.01 0.01
0 0.591726 0.565874 0.01 0.01
0 0.585409 0.561014 0.01 0.01
0 0.586381 0.557612 0.01 0.01
0 0.598530 0.553239 0.01 0.01
0 0.617482 0.558584 0.01 0.01
0 0.618454 0.556154 0.01 0.01
0 0.640809 0.566846 0.01 0.01
0 0.634491 0.556154 0.01 0.01
0 0.642753 0.611555 0.01 0.01
0 0.669967 0.587256 0.01 0.01
0 0.671425 0.562958 0.01 0.01
0 0.685032 0.550323 0.01 0.01
0 0.636921 0.587742 0.01 0.01
0 0.687462 0.595032 0.01 0.01
0 0.692808 0.575593 0.01 0.01
0 0.690378 0.562958 0.01 0.01
0 0.698639 0.561986 0.01 0.01
0 0.676285 0.622246 0.01 0.01
0 0.691350 0.610097 0.01 0.01
0 0.712003 0.608639 0.01 0.01
0 0.699854 0.590658 0.01 0.01
0 0.706172 0.555911 0.01 0.01
0 0.711760 0.531370 0.01 0.01
0 0.724153 0.563687 0.01 0.01
0 0.714919 0.567332 0.01 0.01
0 0.715648 0.578266 0.01 0.01
0 0.731199 0.569033 0.01 0.01
0 0.740675 0.560771 0.01 0.01
0 0.739461 0.552996 0.01 0.01
0 0.745049 0.551295 0.01 0.01
0 0.754283 0.554697 0.01 0.01
0 0.750395 0.558827 0.01 0.01
0 0.769348 0.553482 0.01 0.01
0 0.755741 0.570977 0.01 0.01
0 0.756226 0.562472 0.01 0.01
0 0.739461 0.592116 0.01 0.01
0 0.744806 0.578509 0.01 0.01
0 0.725610 0.586528 0.01 0.01
0 0.742619 0.609125 0.01 0.01
0 0.745778 0.601350 0.01 0.01
0 0.770320 0.587256 0.01 0.01
0 0.776394 0.565631 0.01 0.01
0 0.764731 0.570734 0.01 0.01
0 0.786357 0.558584 0.01 0.01
0 0.793403 0.552996 0.01 0.01
0 0.776151 0.627835 0.01 0.01
0 0.793403 0.588228 0.01 0.01
0 0.793646 0.571462 0.01 0.01
0 0.800936 0.568790 0.01 0.01
0 0.821103 0.564659 0.01 0.01
0 0.818430 0.552267 0.01 0.01
0 0.829122 0.572434 0.01 0.01
0 0.812842 0.582154 0.01 0.01
0 0.801908 0.612041 0.01 0.01
0 0.805309 0.596733 0.01 0.01
0 0.791216 0.631723 0.01 0.01
0 0.825963 0.586528 0.01 0.01
0 0.823047 0.578266 0.01 0.01
0 0.843701 0.569033 0.01 0.01
0 0.841028 0.545220 0.01 0.01
0 0.848560 0.544248 0.01 0.01
0 0.859738 0.541575 0.01 0.01
0 0.852448 0.626134 0.01 0.01
0 0.833009 0.622732 0.01 0.01
0 0.856579 0.634395 0.01 0.01
0 0.824019 0.614471 0.01 0.01
0 1.047322 0.610826 0.01 0.01
0 1.037845 0.585070 0.01 0.01
0 1.025453 0.581668 0.01 0.01
0 1.032257 0.619330 0.01 0.01
0 0.996781 0.581182 0.01 0.01
0 0.982931 0.571462 0.01 0.01
0 0.976856 0.577051 0.01 0.01
0 0.969324 0.585799 0.01 0.01
0 0.957417 0.565874 0.01 0.01
0 0.946483 0.583855 0.01 0.01
0 0.942352 0.570977 0.01 0.01
0 0.921213 0.576079 0.01 0.01
0 0.928259 0.566117 0.01 0.01
0 0.927044 0.595032 0.01 0.01
0 0.908578 0.591144 0.01 0.01
0 0.901531 0.572677 0.01 0.01
0 0.891326 0.567575 0.01 0.01
0 0.886709 0.577780 0.01 0.01
0 0.875532 0.573649 0.01 0.01
0 0.867027 0.566603 0.01 0.01
0 1.074779 0.590658 0.01 0.01
0 1.073321 0.578509 0.01 0.01
0 1.096647 0.581425 0.01 0.01
0 1.116572 0.580939 0.01 0.01
0 1.133581 0.599892 0.01 0.01
0 1.153992 0.584341 0.01 0.01
0 1.138927 0.640227 0.01 0.01
0 1.084498 0.631966 0.01 0.01
0 1.096647 0.623704 0.01 0.01
0 1.071377 0.614957 0.01 0.01
0 1.070405 0.636825 0.01 0.01
0 1.132609 0.660152 0.01 0.01
0 1.191897 0.697571 0.01 0.01
0 1.219597 0.692226 0.01 0.01
0 1.206476 0.680562 0.01 0.01
0 1.219597 0.677161 0.01 0.01
0 1.317277 0.762205 0.01 0.01
0 1.386285 0.777756 0.01 0.01
