0 0.687653 0.915060 0.01 0.01
0 0.379504 0.769875 0.01 0.01
0 0.077282 0.670615 0.01 0.01
0 0.216541 0.329875 0.01 0.01
0 0.296541 0.282467 0.01 0.01
0 0.240245 0.289875 0.01 0.01
0 0.090615 0.230615 0.01 0.01
0 0.189875 0.224690 0.01 0.01
0 0.478764 0.306171 0.01 0.01
0 0.432838 0.249875 0.01 0.01
0 0.598764 0.233578 0.01 0.01
0 0.678764 0.266171 0.01 0.01
0 0.859504 0.285430 0.01 0.01
0 0.877282 0.383208 0.01 0.01
0 0.613578 0.497282 0.01 0.01
0 0.492097 0.518023 0.01 0.01
0 0.441727 0.712097 0.01 0.01
0 1.170615 0.698764 0.01 0.01
0 1.281727 0.571356 0.01 0.01
0 1.265430 0.294319 0.01 0.01
0 1.370615 0.205430 0.01 0.01
0 1.105430 0.229134 0.01 0.01
0 0.272097 0.165060 0.01 0.01
0 0.266171 0.197653 0.01 0.01
0 0.448393 0.156171 0.01 0.01
0 0.580986 0.119875 0.01 0.01
0 0.541727 0.117653 0.01 0.01
0 0.621727 0.194690 0.01 0.01
0 0.664690 0.162838 0.01 0.01
0 0.676541 0.219134 0.01 0.01
0 0.732838 0.153208 0.01 0.01
0 0.018023 0.108023 0.01 0.01
0 0.068393 0.203578 0.01 0.01
0 0.724690 0.084504 0.01 0.01
0 0.744690 0.070801 0.01 0.01
0 0.896171 0.090801 0.01 0.01
0 0.829134 0.148949 0.01 0.01
0 0.944319 0.119690 0.01 0.01
0 0.955801 0.091171 0.01 0.01
0 1.017653 0.067467 0.01 0.01
0 1.076171 0.121541 0.01 0.01
0 1.113578 0.180060 0.01 0.01
0 1.269875 0.177653 0.01 0.01
0 1.257282 0.488764 0.01 0.01
0 1.302838 0.120801 0.01 0.01
0 1.386171 0.079690 0.01 0.01
0 0.793208 0.040153 0.01 0.01
0 0.763949 0.039967 0.01 0.01
0 0.735986 0.026819 0.01 0.01
0 0.808764 0.027930 0.01 0.01
0 0.852282 0.018625 0.01 0.01
0 0.876819 0.012884 0.01 0.01
0 1.190523 0.020291 0.01 0.01
0 1.141356 0.027930 0.01 0.01
0 0.166978 0.026893 0.01 0.01
0 0.179166 0.012970 0.01 0.01
0 0.232013 0.047273 0.01 0.01
0 0.275070 0.004959 0.01 0.01
0 0.381863 0.034686 0.01 0.01
0 0.938038 0.003255 0.01 0.01
