0 0.330762 0.613391 0.01 0.01
0 0.511043 0.709165 0.01 0.01
0 0.702593 0.613391 0.01 0.01
0 0.788977 0.474424 0.01 0.01
0 0.847193 0.209635 0.01 0.01
0 1.175832 0.468790 0.01 0.01
0 1.128884 0.881935 0.01 0.01
0 1.542029 1.067851 0.01 0.01
0 1.211513 0.093203 0.01 0.01
0 0.571137 0.061278 0.01 0.01
0 0.362686 0.271607 0.01 0.01
0 0.257522 0.200245 0.01 0.01
0 0.005879 0.376771 0.01 0.01
0 0.112921 0.051888 0.01 0.01
0 0.171137 0.065034 0.01 0.01
0 0.003062 0.154705 0.01 0.01
0 0.296020 0.030762 0.01 0.01
0 0.622780 0.026067 0.01 0.01
0 0.003062 0.116208 0.01 0.01
