0 0.813885 0.554888 0.01 0.01
0 0.759702 0.489213 0.01 0.01
0 0.905831 0.443240 0.01 0.01
0 0.677608 0.620564 0.01 0.01
0 0.559392 0.453091 0.01 0.01
0 0.510135 0.510557 0.01 0.01
0 0.416547 0.430105 0.01 0.01
0 0.306540 0.485929 0.01 0.01
0 0.331169 0.438314 0.01 0.01
0 0.257284 0.441598 0.01 0.01
0 0.199817 0.435030 0.01 0.01
0 0.148919 0.505632 0.01 0.01
0 0.068466 0.581159 0.01 0.01
0 0.189966 0.669821 0.01 0.01
0 0.189966 0.669821 0.01 0.01
0 0.293405 0.802814 0.01 0.01
0 0.350871 0.970287 0.01 0.01
0 0.513419 0.985064 0.01 0.01
0 0.634919 0.852071 0.01 0.01
0 0.863142 0.834010 0.01 0.01
0 1.015838 0.837294 0.01 0.01
0 1.050317 0.991632 0.01 0.01
0 1.293317 0.802814 0.01 0.01
0 1.321230 0.994915 0.01 0.01
0 1.531392 0.965361 0.01 0.01
0 1.539601 0.746990 0.01 0.01
0 1.439446 0.545037 0.01 0.01
0 1.345858 0.600861 0.01 0.01
0 1.214507 0.566382 0.01 0.01
0 1.135696 0.395625 0.01 0.01
0 1.189878 0.310246 0.01 0.01
0 1.201371 0.256064 0.01 0.01
0 1.119277 0.252780 0.01 0.01
0 1.165250 0.205165 0.01 0.01
0 0.487148 0.132922 0.01 0.01
0 0.529838 0.101726 0.01 0.01
0 0.511777 0.075456 0.01 0.01
0 0.459236 0.101726 0.01 0.01
0 0.429682 0.067246 0.01 0.01
0 0.455952 0.044260 0.01 0.01
0 0.483865 0.029483 0.01 0.01
0 0.405054 0.113219 0.01 0.01
0 0.390277 0.131280 0.01 0.01
0 0.385351 0.091875 0.01 0.01
0 0.349229 0.106652 0.01 0.01
0 0.322959 0.049186 0.01 0.01
0 0.349229 0.029483 0.01 0.01
0 0.166979 0.190388 0.01 0.01
0 0.208027 0.218300 0.01 0.01
0 0.166979 0.242929 0.01 0.01
0 0.122648 0.233077 0.01 0.01
0 0.040554 0.257706 0.01 0.01
0 0.048763 0.211733 0.01 0.01
0 0.011000 0.165760 0.01 0.01
0 0.073392 0.136206 0.01 0.01
0 0.122648 0.106652 0.01 0.01
0 0.170263 0.083665 0.01 0.01
0 0.194892 0.131280 0.01 0.01
0 0.235939 0.141132 0.01 0.01
0 0.212952 0.154267 0.01 0.01
0 0.226088 0.101726 0.01 0.01
0 0.301615 0.185463 0.01 0.01
0 0.331169 0.208449 0.01 0.01
0 0.272061 0.259348 0.01 0.01
0 0.388635 0.285618 0.01 0.01
0 0.452669 0.292186 0.01 0.01
0 0.513419 0.339800 0.01 0.01
0 0.607007 0.308605 0.01 0.01
0 0.741642 0.380848 0.01 0.01
0 0.610290 0.454733 0.01 0.01
0 0.012642 0.774902 0.01 0.01
0 0.102946 0.953868 0.01 0.01
0 0.850007 0.774902 0.01 0.01
0 1.027331 0.558172 0.01 0.01
0 1.040466 0.402192 0.01 0.01
0 1.501838 0.159192 0.01 0.01
0 1.539601 0.228152 0.01 0.01
0 1.523182 0.279050 0.01 0.01
0 1.469000 0.290544 0.01 0.01
0 1.411534 0.228152 0.01 0.01
0 1.414817 0.188746 0.01 0.01
0 1.459148 0.129638 0.01 0.01
0 1.427952 0.147699 0.01 0.01
0 1.534675 0.073814 0.01 0.01
0 1.577365 0.032767 0.01 0.01
0 1.477209 0.037692 0.01 0.01
0 1.391831 0.052469 0.01 0.01
0 1.345858 0.090233 0.01 0.01
0 1.367202 0.137848 0.01 0.01
0 1.317946 0.147699 0.01 0.01
0 1.286750 0.095159 0.01 0.01
0 1.235851 0.121429 0.01 0.01
0 1.157040 0.060679 0.01 0.01
0 1.175101 0.114861 0.01 0.01
0 1.176743 0.152625 0.01 0.01
0 1.209581 0.165760 0.01 0.01
0 1.247344 0.162476 0.01 0.01
0 1.262121 0.210091 0.01 0.01
0 0.574169 0.228152 0.01 0.01
0 0.521628 0.264273 0.01 0.01
0 0.662831 0.190388 0.01 0.01
0 0.761344 0.124713 0.01 0.01
0 0.705520 0.086949 0.01 0.01
0 0.743284 0.044260 0.01 0.01
0 0.779405 0.083665 0.01 0.01
0 0.774479 0.050827 0.01 0.01
0 0.846723 0.072172 0.01 0.01
0 0.881202 0.060679 0.01 0.01
0 0.808959 0.101726 0.01 0.01
0 0.827020 0.137848 0.01 0.01
0 0.846723 0.182179 0.01 0.01
0 0.900905 0.172327 0.01 0.01
0 0.894338 0.221584 0.01 0.01
0 0.973148 0.211733 0.01 0.01
0 1.017480 0.221584 0.01 0.01
0 1.014196 0.164118 0.01 0.01
0 1.033898 0.114861 0.01 0.01
0 1.101216 0.119787 0.01 0.01
0 1.109425 0.187105 0.01 0.01
0 1.019121 0.044260 0.01 0.01
0 1.032257 0.021273 0.01 0.01
0 0.641486 0.073814 0.01 0.01
0 0.661189 0.124713 0.01 0.01
0 0.595513 0.113219 0.01 0.01
0 0.552824 0.049186 0.01 0.01
0 0.518344 0.014706 0.01 0.01
0 0.388635 0.049186 0.01 0.01
0 0.267135 0.044260 0.01 0.01
0 0.191608 0.045902 0.01 0.01
0 0.139067 0.052469 0.01 0.01
0 0.121006 0.040976 0.01 0.01
0 0.060256 0.037692 0.01 0.01
0 0.047121 0.072172 0.01 0.01
0 0.043838 0.106652 0.01 0.01
0 0.096378 0.090233 0.01 0.01
0 0.217878 0.326665 0.01 0.01
0 0.193250 0.300395 0.01 0.01
0 0.318034 0.372638 0.01 0.01
0 0.721939 0.247855 0.01 0.01
0 0.764628 0.274125 0.01 0.01
0 0.794182 0.228152 0.01 0.01
0 0.822094 0.246213 0.01 0.01
0 0.858216 0.287260 0.01 0.01
0 0.923892 0.303679 0.01 0.01
0 0.899263 0.366071 0.01 0.01
0 1.065094 0.325023 0.01 0.01
0 1.061811 0.274125 0.01 0.01
0 1.324513 0.282334 0.01 0.01
0 1.332723 0.219942 0.01 0.01
0 1.308094 0.193672 0.01 0.01
0 1.355709 0.198598 0.01 0.01
0 1.395115 0.448165 0.01 0.01
0 1.572439 0.551605 0.01 0.01
0 1.265405 0.696091 0.01 0.01
0 1.332723 0.044260 0.01 0.01
0 1.250628 0.016348 0.01 0.01
0 0.960013 0.026199 0.01 0.01
0 0.853290 0.032767 0.01 0.01
0 0.797466 0.050827 0.01 0.01
0 0.797466 0.009780 0.01 0.01
0 0.723581 0.003213 0.01 0.01
0 0.677608 0.009780 0.01 0.01
0 0.600439 0.004854 0.01 0.01
0 0.424757 0.009780 0.01 0.01
0 0.175189 0.014706 0.01 0.01
0 0.125932 0.006496 0.01 0.01
0 0.060256 0.011422 0.01 0.01
0 0.089811 0.267557 0.01 0.01
0 0.094736 0.326665 0.01 0.01
0 0.071750 0.412044 0.01 0.01
0 0.014284 0.536827 0.01 0.01
0 0.567601 0.172327 0.01 0.01
0 0.291763 0.014706 0.01 0.01
0 1.385263 0.346368 0.01 0.01
0 1.124202 0.067246 0.01 0.01
0 1.119277 0.026199 0.01 0.01
0 1.184952 0.052469 0.01 0.01
0 1.066084 0.103204 0.01 0.01
0 0.479471 0.632275 0.01 0.01
0 0.505045 0.701006 0.01 0.01
0 0.708042 1.033474 0.01 0.01
0 0.794356 0.993514 0.01 0.01
0 0.962188 1.019088 0.01 0.01
0 0.151799 0.602705 0.01 0.01
0 0.047903 0.166341 0.01 0.01
0 0.015935 0.048059 0.01 0.01
0 0.145405 0.182325 0.01 0.01
0 0.335615 0.259048 0.01 0.01
0 0.236514 0.046461 0.01 0.01
0 0.226924 0.017690 0.01 0.01
0 0.257293 0.014493 0.01 0.01
0 0.311639 0.084822 0.01 0.01
0 0.322828 0.151955 0.01 0.01
0 0.421929 0.214293 0.01 0.01
0 0.418732 0.236671 0.01 0.01
0 0.439511 0.159947 0.01 0.01
0 0.444306 0.009698 0.01 0.01
0 0.529021 0.143963 0.01 0.01
0 0.597753 0.174333 0.01 0.01
0 0.666484 0.538768 0.01 0.01
0 0.616934 0.265442 0.01 0.01
0 0.632918 0.163144 0.01 0.01
0 0.660090 0.028878 0.01 0.01
0 0.554596 0.020886 0.01 0.01
0 0.719231 0.040067 0.01 0.01
0 0.701649 0.028878 0.01 0.01
0 0.760790 0.028878 0.01 0.01
0 0.778372 0.025682 0.01 0.01
0 0.748003 0.017690 0.01 0.01
0 0.696854 0.166341 0.01 0.01
0 0.695255 0.134373 0.01 0.01
0 0.933417 0.386920 0.01 0.01
0 1.019731 0.661845 0.01 0.01
0 1.102848 0.711396 0.01 0.01
0 1.240310 0.362944 0.01 0.01
0 0.997353 0.118389 0.01 0.01
0 0.960590 0.123184 0.01 0.01
0 0.930220 0.111995 0.01 0.01
0 0.966984 0.076830 0.01 0.01
0 0.920630 0.040067 0.01 0.01
0 1.056494 0.070437 0.01 0.01
0 1.179571 0.084822 0.01 0.01
0 1.165185 0.030477 0.01 0.01
0 1.277073 0.051256 0.01 0.01
0 1.302648 0.075232 0.01 0.01
0 1.342608 0.118389 0.01 0.01
0 1.420930 0.036870 0.01 0.01
0 1.454496 0.035272 0.01 0.01
0 1.566384 0.142365 0.01 0.01
0 1.512038 0.227080 0.01 0.01
0 1.478472 0.104003 0.01 0.01
0 1.428922 0.104003 0.01 0.01
0 1.544007 0.017690 0.01 0.01
0 0.703247 0.067240 0.01 0.01
0 0.397953 0.014493 0.01 0.01
0 0.316434 0.027280 0.01 0.01
0 0.335615 0.008099 0.01 0.01
0 0.829521 0.030477 0.01 0.01
0 1.563187 0.452455 0.01 0.01
0 1.563187 0.343763 0.01 0.01
0 0.508242 0.418888 0.01 0.01
0 0.711239 0.204703 0.01 0.01
0 1.371379 0.024083 0.01 0.01
