0 0.102539 0.760566 0.01 0.01
0 0.185107 0.920199 0.01 0.01
0 0.547034 0.512860 0.01 0.01
0 0.911713 0.497722 0.01 0.01
0 1.147034 0.387630 0.01 0.01
0 1.240612 0.613318 0.01 0.01
0 1.418135 0.777080 0.01 0.01
0 1.562630 0.834878 0.01 0.01
0 0.527768 0.178456 0.01 0.01
0 0.277309 0.163318 0.01 0.01
0 0.208502 0.170199 0.01 0.01
0 0.194511 0.123066 0.01 0.01
0 0.168364 0.123754 0.01 0.01
0 0.253685 0.076965 0.01 0.01
0 0.493823 0.052883 0.01 0.01
0 0.441530 0.058387 0.01 0.01
0 0.021690 0.032757 0.01 0.01
0 0.082585 0.043766 0.01 0.01
0 0.123525 0.028972 0.01 0.01
0 0.184763 0.032068 0.01 0.01
0 0.271117 0.027940 0.01 0.01
0 0.314465 0.036197 0.01 0.01
0 0.343020 0.036541 0.01 0.01
0 0.331094 0.015297 0.01 0.01
0 0.384419 0.045142 0.01 0.01
0 0.785222 0.041013 0.01 0.01
0 0.798640 0.052367 0.01 0.01
0 0.933502 0.063376 0.01 0.01
0 0.986140 0.064064 0.01 0.01
0 0.249743 0.001416 0.01 0.01
0 0.124994 0.004760 0.01 0.01
0 0.068473 0.002753 0.01 0.01
