0 0.180265 1.008324 0.01 0.01
0 0.060385 1.033898 0.01 0.01
0 0.148297 0.774957 0.01 0.01
0 0.084361 0.742989 0.01 0.01
0 0.247397 0.789343 0.01 0.01
0 0.333711 0.782949 0.01 0.01
0 0.333711 0.715816 0.01 0.01
0 0.248996 0.691840 0.01 0.01
0 0.186658 0.551181 0.01 0.01
0 0.082762 0.579952 0.01 0.01
0 0.009236 0.618314 0.01 0.01
0 0.010834 0.506426 0.01 0.01
0 0.041204 0.506426 0.01 0.01
0 0.077967 0.484048 0.01 0.01
0 0.045999 0.482450 0.01 0.01
0 0.030015 0.471261 0.01 0.01
0 0.023621 0.439293 0.01 0.01
0 0.095549 0.453678 0.01 0.01
0 0.113132 0.480851 0.01 0.01
0 0.140305 0.479253 0.01 0.01
0 0.145100 0.431301 0.01 0.01
0 0.149895 0.367365 0.01 0.01
0 0.189855 0.477654 0.01 0.01
0 0.193052 0.461670 0.01 0.01
0 0.207437 0.468064 0.01 0.01
0 0.279366 0.458474 0.01 0.01
0 0.287358 0.444088 0.01 0.01
0 0.296948 0.445686 0.01 0.01
0 0.312932 0.432899 0.01 0.01
0 0.317727 0.410521 0.01 0.01
0 0.327318 0.383349 0.01 0.01
0 0.372073 0.365766 0.01 0.01
0 0.384860 0.376955 0.01 0.01
0 0.333711 0.546386 0.01 0.01
0 0.320924 0.522410 0.01 0.01
0 0.373671 0.616715 0.01 0.01
0 0.490355 0.803728 0.01 0.01
0 0.482363 0.727005 0.01 0.01
0 0.464780 0.950781 0.01 0.01
0 0.295350 0.906026 0.01 0.01
0 0.448796 1.014717 0.01 0.01
0 0.512732 1.046685 0.01 0.01
0 0.506339 0.874058 0.01 0.01
0 0.509535 0.624707 0.01 0.01
0 0.477567 0.618314 0.01 0.01
0 0.491953 0.514418 0.01 0.01
0 0.356089 0.504827 0.01 0.01
0 0.356089 0.433698 0.01 0.01
0 0.338506 0.442490 0.01 0.01
0 0.380864 0.450482 0.01 0.01
0 0.380864 0.469662 0.01 0.01
0 0.398446 0.500032 0.01 0.01
0 0.408037 0.529602 0.01 0.01
0 0.397647 0.440891 0.01 0.01
0 0.405639 0.430501 0.01 0.01
0 0.393651 0.424108 0.01 0.01
0 0.398446 0.407325 0.01 0.01
0 0.426418 0.416915 0.01 0.01
0 0.437607 0.366565 0.01 0.01
0 0.455190 0.305027 0.01 0.01
0 0.467178 0.305826 0.01 0.01
0 0.474371 0.471261 0.01 0.01
0 0.492752 0.480851 0.01 0.01
0 0.511933 0.480851 0.01 0.01
0 0.511933 0.459273 0.01 0.01
0 0.499945 0.437694 0.01 0.01
0 0.475170 0.434498 0.01 0.01
0 0.500744 0.414517 0.01 0.01
0 0.495949 0.404128 0.01 0.01
0 0.495150 0.392140 0.01 0.01
0 0.476768 0.399333 0.01 0.01
0 0.483961 0.374557 0.01 0.01
0 0.507937 0.383349 0.01 0.01
0 0.506339 0.372160 0.01 0.01
0 0.499146 0.365766 0.01 0.01
0 0.485559 0.352979 0.01 0.01
0 0.503142 0.343389 0.01 0.01
0 0.498347 0.331401 0.01 0.01
0 0.487158 0.323409 0.01 0.01
0 0.491953 0.311421 0.01 0.01
0 0.528716 0.307425 0.01 0.01
0 0.523122 0.324208 0.01 0.01
0 0.525519 0.336196 0.01 0.01
0 0.525519 0.345786 0.01 0.01
0 0.534311 0.344987 0.01 0.01
0 0.542303 0.377754 0.01 0.01
0 0.524720 0.375357 0.01 0.01
0 0.553491 0.419313 0.01 0.01
0 0.558287 0.392939 0.01 0.01
0 0.557487 0.372160 0.01 0.01
0 0.551094 0.337794 0.01 0.01
0 0.573471 0.317814 0.01 0.01
0 0.553491 0.275457 0.01 0.01
0 0.563881 0.293039 0.01 0.01
0 0.576668 0.289043 0.01 0.01
0 0.590255 0.265866 0.01 0.01
0 0.607837 0.266665 0.01 0.01
0 0.619026 0.253878 0.01 0.01
0 0.602642 0.273459 0.01 0.01
0 0.611833 0.276655 0.01 0.01
0 0.615829 0.278254 0.01 0.01
0 0.620624 0.275856 0.01 0.01
0 0.625819 0.273858 0.01 0.01
0 0.623022 0.267465 0.01 0.01
0 0.627417 0.263868 0.01 0.01
0 0.633811 0.261870 0.01 0.01
0 0.639805 0.263868 0.01 0.01
0 0.647397 0.269862 0.01 0.01
0 0.653391 0.262669 0.01 0.01
0 0.661783 0.259473 0.01 0.01
0 0.652992 0.272659 0.01 0.01
0 0.658187 0.277055 0.01 0.01
0 0.664181 0.269463 0.01 0.01
0 0.667777 0.272659 0.01 0.01
0 0.668976 0.259073 0.01 0.01
0 0.675769 0.256675 0.01 0.01
0 0.674570 0.263469 0.01 0.01
0 0.682562 0.259073 0.01 0.01
0 0.685360 0.265467 0.01 0.01
0 0.688556 0.262270 0.01 0.01
0 0.694950 0.256675 0.01 0.01
0 0.696548 0.265866 0.01 0.01
0 0.702143 0.259073 0.01 0.01
0 0.712532 0.261071 0.01 0.01
0 0.718926 0.257874 0.01 0.01
0 0.730514 0.256276 0.01 0.01
0 0.741703 0.255077 0.01 0.01
0 0.737707 0.261071 0.01 0.01
0 0.732912 0.261870 0.01 0.01
0 0.730115 0.264268 0.01 0.01
0 0.718526 0.269063 0.01 0.01
0 0.734111 0.274258 0.01 0.01
0 0.743701 0.265467 0.01 0.01
0 0.753691 0.267465 0.01 0.01
0 0.752093 0.261071 0.01 0.01
0 0.757687 0.263868 0.01 0.01
0 0.749296 0.296236 0.01 0.01
0 0.759685 0.251481 0.01 0.01
0 0.765679 0.257475 0.01 0.01
0 0.776069 0.255477 0.01 0.01
0 0.778067 0.262669 0.01 0.01
0 0.789655 0.236296 0.01 0.01
0 0.790454 0.243489 0.01 0.01
0 0.793252 0.247085 0.01 0.01
0 0.802842 0.243089 0.01 0.01
0 0.813631 0.245087 0.01 0.01
0 0.817627 0.240292 0.01 0.01
0 0.823222 0.237095 0.01 0.01
0 0.816029 0.219912 0.01 0.01
0 0.834810 0.229103 0.01 0.01
0 0.837607 0.230701 0.01 0.01
0 0.851194 0.224707 0.01 0.01
0 0.861184 0.220711 0.01 0.01
0 0.873172 0.219512 0.01 0.01
0 0.877967 0.212719 0.01 0.01
0 0.883162 0.217914 0.01 0.01
0 0.890754 0.215916 0.01 0.01
0 0.891953 0.211121 0.01 0.01
0 0.897148 0.210322 0.01 0.01
0 0.907537 0.213119 0.01 0.01
0 0.908337 0.203129 0.01 0.01
0 0.911933 0.199932 0.01 0.01
0 0.914730 0.193938 0.01 0.01
0 0.918726 0.203528 0.01 0.01
0 0.927517 0.187544 0.01 0.01
0 0.935509 0.181950 0.01 0.01
0 0.939505 0.184747 0.01 0.01
0 0.945499 0.181151 0.01 0.01
0 0.942702 0.201131 0.01 0.01
0 0.954291 0.197534 0.01 0.01
0 0.957487 0.182749 0.01 0.01
0 0.972672 0.179153 0.01 0.01
0 0.970674 0.183149 0.01 0.01
0 0.976668 0.183149 0.01 0.01
0 0.991453 0.180751 0.01 0.01
0 0.996249 0.179952 0.01 0.01
0 0.997048 0.183149 0.01 0.01
0 1.002642 0.183149 0.01 0.01
0 1.008237 0.178354 0.01 0.01
0 1.010634 0.182350 0.01 0.01
0 1.019825 0.180352 0.01 0.01
0 1.023821 0.182350 0.01 0.01
0 1.029815 0.177954 0.01 0.01
0 0.588656 0.499589 0.01 0.01
0 0.594251 0.459629 0.01 0.01
0 0.567877 0.456432 0.01 0.01
0 0.585459 0.440448 0.01 0.01
0 0.577467 0.410878 0.01 0.01
0 0.582263 0.379709 0.01 0.01
0 0.603042 0.376512 0.01 0.01
0 0.609435 0.363725 0.01 0.01
0 0.607038 0.407681 0.01 0.01
0 0.633411 0.497990 0.01 0.01
0 0.653391 0.472416 0.01 0.01
0 0.646998 0.446842 0.01 0.01
0 0.639006 0.429259 0.01 0.01
0 0.664580 0.434054 0.01 0.01
0 0.661384 0.418070 0.01 0.01
0 0.646998 0.401287 0.01 0.01
0 0.667777 0.396492 0.01 0.01
0 0.639006 0.382906 0.01 0.01
0 0.643801 0.370118 0.01 0.01
0 0.634211 0.363725 0.01 0.01
0 0.658986 0.360528 0.01 0.01
0 0.672572 0.367721 0.01 0.01
0 0.694151 0.381307 0.01 0.01
0 0.684560 0.359729 0.01 0.01
0 0.701344 0.356532 0.01 0.01
0 0.709336 0.366922 0.01 0.01
0 0.710135 0.379709 0.01 0.01
0 0.713332 0.406882 0.01 0.01
0 0.690954 0.446842 0.01 0.01
0 0.696548 0.478810 0.01 0.01
0 0.718926 0.512376 0.01 0.01
0 0.729316 0.479609 0.01 0.01
0 0.742103 0.414874 0.01 0.01
0 0.772472 0.438050 0.01 0.01
0 0.770874 0.482806 0.01 0.01
0 0.803641 0.523565 0.01 0.01
0 0.824420 0.504384 0.01 0.01
0 0.850794 0.458830 0.01 0.01
0 0.809236 0.460428 0.01 0.01
0 0.831613 0.425263 0.01 0.01
0 0.811633 0.415673 0.01 0.01
0 0.809236 0.395693 0.01 0.01
0 0.790055 0.400488 0.01 0.01
0 0.765280 0.402886 0.01 0.01
0 0.748496 0.393295 0.01 0.01
0 0.746099 0.374114 0.01 0.01
0 0.766878 0.378910 0.01 0.01
0 0.782063 0.366922 0.01 0.01
0 0.798047 0.374114 0.01 0.01
0 0.806838 0.386102 0.01 0.01
0 0.809236 0.363725 0.01 0.01
0 0.792452 0.360528 0.01 0.01
0 0.786858 0.338949 0.01 0.01
0 0.766079 0.349339 0.01 0.01
0 0.748496 0.350938 0.01 0.01
0 0.722123 0.342945 0.01 0.01
0 0.734111 0.331757 0.01 0.01
0 0.738107 0.341347 0.01 0.01
0 0.684560 0.340548 0.01 0.01
0 0.690155 0.326961 0.01 0.01
0 0.679765 0.326961 0.01 0.01
0 0.682163 0.314973 0.01 0.01
0 0.668576 0.309379 0.01 0.01
0 0.654191 0.314973 0.01 0.01
0 0.639805 0.305383 0.01 0.01
0 0.633411 0.306981 0.01 0.01
0 0.633411 0.314174 0.01 0.01
0 0.620624 0.313375 0.01 0.01
0 0.620624 0.301387 0.01 0.01
0 0.604640 0.309379 0.01 0.01
0 0.592652 0.327761 0.01 0.01
0 0.579066 0.327761 0.01 0.01
0 0.803641 0.345343 0.01 0.01
0 0.815629 0.338150 0.01 0.01
0 0.824420 0.336552 0.01 0.01
0 0.819625 0.349339 0.01 0.01
0 0.828416 0.360528 0.01 0.01
0 0.834810 0.402886 0.01 0.01
0 0.879565 0.447641 0.01 0.01
0 0.878766 0.426062 0.01 0.01
0 0.905939 0.472416 0.01 0.01
0 0.901943 0.513175 0.01 0.01
0 0.917927 0.494794 0.01 0.01
0 0.940305 0.478810 0.01 0.01
0 0.962682 0.474014 0.01 0.01
0 0.988257 0.462026 0.01 0.01
0 0.975469 0.419669 0.01 0.01
0 0.957088 0.434054 0.01 0.01
0 0.939505 0.407681 0.01 0.01
0 0.925919 0.407681 0.01 0.01
0 0.910734 0.418070 0.01 0.01
0 0.886758 0.401287 0.01 0.01
0 0.900345 0.373315 0.01 0.01
0 0.911533 0.382906 0.01 0.01
0 0.916329 0.366122 0.01 0.01
0 0.864381 0.360528 0.01 0.01
0 0.863581 0.342146 0.01 0.01
0 0.795649 0.314174 0.01 0.01
0 0.812432 0.310178 0.01 0.01
0 0.801244 0.294993 0.01 0.01
0 0.786059 0.296592 0.01 0.01
0 0.772472 0.304584 0.01 0.01
0 0.778866 0.281407 0.01 0.01
0 0.796448 0.282206 0.01 0.01
0 0.814830 0.288600 0.01 0.01
0 0.807637 0.287001 0.01 0.01
0 0.837208 0.293395 0.01 0.01
0 0.823621 0.283805 0.01 0.01
0 0.850794 0.298190 0.01 0.01
0 0.861184 0.298989 0.01 0.01
0 0.857188 0.294993 0.01 0.01
0 0.869975 0.294194 0.01 0.01
0 0.883561 0.298190 0.01 0.01
0 0.866778 0.318170 0.01 0.01
0 0.866778 0.310178 0.01 0.01
0 0.896349 0.299789 0.01 0.01
0 0.905140 0.314973 0.01 0.01
0 0.911533 0.311777 0.01 0.01
0 0.901943 0.287001 0.01 0.01
0 0.912333 0.289399 0.01 0.01
0 0.914730 0.297391 0.01 0.01
0 0.932313 0.318170 0.01 0.01
0 0.921124 0.326162 0.01 0.01
0 0.920325 0.345343 0.01 0.01
0 0.900345 0.344544 0.01 0.01
0 0.885160 0.347741 0.01 0.01
0 0.934710 0.330158 0.01 0.01
0 0.949895 0.330957 0.01 0.01
0 0.944301 0.349339 0.01 0.01
0 0.935509 0.362926 0.01 0.01
0 0.962682 0.357331 0.01 0.01
0 0.958686 0.382906 0.01 0.01
0 1.013032 0.410078 0.01 0.01
0 1.020225 0.389299 0.01 0.01
0 1.001044 0.374114 0.01 0.01
0 0.984261 0.344544 0.01 0.01
0 0.973871 0.328560 0.01 0.01
0 0.965879 0.312576 0.01 0.01
0 0.977068 0.307781 0.01 0.01
0 0.956289 0.304584 0.01 0.01
0 0.972273 0.298989 0.01 0.01
0 0.996249 0.287801 0.01 0.01
0 1.000245 0.306182 0.01 0.01
0 1.017028 0.319769 0.01 0.01
0 1.028217 0.288600 0.01 0.01
0 1.059386 0.313375 0.01 0.01
0 1.074570 0.322965 0.01 0.01
0 1.045799 0.396492 0.01 0.01
0 1.048996 0.424464 0.01 0.01
0 1.060984 0.505183 0.01 0.01
0 1.035409 0.501187 0.01 0.01
0 1.061783 0.475613 0.01 0.01
0 1.112932 0.497990 0.01 0.01
0 1.124121 0.457231 0.01 0.01
0 1.116928 0.409279 0.01 0.01
0 1.083362 0.386102 0.01 0.01
0 1.106538 0.371717 0.01 0.01
0 1.090554 0.336552 0.01 0.01
0 1.118526 0.342146 0.01 0.01
0 1.133711 0.345343 0.01 0.01
0 1.145699 0.362926 0.01 0.01
0 1.151294 0.396492 0.01 0.01
0 1.164880 0.374114 0.01 0.01
0 1.186458 0.478810 0.01 0.01
0 1.205639 0.363725 0.01 0.01
0 1.234410 0.366122 0.01 0.01
0 1.200045 0.336552 0.01 0.01
0 1.143302 0.331757 0.01 0.01
0 1.135310 0.325363 0.01 0.01
0 1.153691 0.315773 0.01 0.01
0 1.124920 0.300588 0.01 0.01
0 1.150494 0.297391 0.01 0.01
0 1.144101 0.261427 0.01 0.01
0 1.130514 0.253435 0.01 0.01
0 1.065779 0.078410 0.01 0.01
0 1.066578 0.094394 0.01 0.01
0 1.077767 0.087201 0.01 0.01
0 1.104940 0.095193 0.01 0.01
0 1.091354 0.072816 0.01 0.01
0 1.090554 0.048040 0.01 0.01
0 1.125719 0.056832 0.01 0.01
0 1.140105 0.060828 0.01 0.01
0 1.149695 0.032056 0.01 0.01
0 1.156888 0.025663 0.01 0.01
0 1.185659 0.053635 0.01 0.01
0 1.208836 0.035253 0.01 0.01
0 1.212033 0.012076 0.01 0.01
0 1.192852 0.018470 0.01 0.01
0 1.231214 0.016872 0.01 0.01
0 1.221623 0.258230 0.01 0.01
0 1.232013 0.275813 0.01 0.01
0 1.207238 0.305383 0.01 0.01
0 1.202442 0.316572 0.01 0.01
0 1.186458 0.311777 0.01 0.01
0 1.227218 0.322166 0.01 0.01
0 1.226418 0.358130 0.01 0.01
0 1.157687 0.466022 0.01 0.01
0 1.087358 0.305383 0.01 0.01
0 0.999445 0.280608 0.01 0.01
0 0.991453 0.280608 0.01 0.01
0 1.008237 0.271017 0.01 0.01
0 1.017028 0.266222 0.01 0.01
0 1.024221 0.266222 0.01 0.01
0 1.072173 0.283005 0.01 0.01
0 1.088157 0.283005 0.01 0.01
0 0.657583 0.682283 0.01 0.01
0 0.648306 0.609924 0.01 0.01
0 0.596357 0.567252 0.01 0.01
0 0.646451 0.557975 0.01 0.01
0 0.735507 0.585805 0.01 0.01
0 0.781891 0.569107 0.01 0.01
0 0.839407 0.569107 0.01 0.01
0 0.861671 0.788037 0.01 0.01
0 0.869092 0.732377 0.01 0.01
0 0.780036 0.860396 0.01 0.01
0 0.915476 1.006968 0.01 0.01
0 1.015664 0.947597 0.01 0.01
0 1.000821 0.826999 0.01 0.01
0 0.961859 0.650742 0.01 0.01
0 1.036073 0.671151 0.01 0.01
0 1.073180 0.608069 0.01 0.01
0 1.021230 0.582094 0.01 0.01
0 0.985979 0.570962 0.01 0.01
0 0.945161 0.598792 0.01 0.01
0 0.924752 0.552409 0.01 0.01
0 0.976702 0.519013 0.01 0.01
0 1.145538 0.608069 0.01 0.01
0 1.186356 0.576528 0.01 0.01
0 1.260569 0.797314 0.01 0.01
0 1.154815 1.012534 0.01 0.01
0 1.318085 0.971716 0.01 0.01
0 1.256859 0.891936 0.01 0.01
0 1.466512 0.919767 0.01 0.01
0 1.355192 0.680427 0.01 0.01
0 1.271701 0.608069 0.01 0.01
0 1.247582 0.580239 0.01 0.01
0 1.312519 0.554264 0.01 0.01
0 1.574122 1.003257 0.01 0.01
0 1.583399 0.788037 0.01 0.01
0 1.529594 0.615490 0.01 0.01
0 1.585254 0.654453 0.01 0.01
0 1.457236 0.541277 0.01 0.01
0 1.516607 0.526434 0.01 0.01
0 1.386733 0.535711 0.01 0.01
0 1.309910 0.513447 0.01 0.01
0 1.316403 0.440161 0.01 0.01
0 1.371136 0.425318 0.01 0.01
0 1.355366 0.393777 0.01 0.01
0 1.337740 0.375224 0.01 0.01
0 1.327535 0.360381 0.01 0.01
0 1.299705 0.322346 0.01 0.01
0 1.336812 0.316780 0.01 0.01
0 1.322897 0.311214 0.01 0.01
0 1.336812 0.297299 0.01 0.01
0 1.319186 0.288022 0.01 0.01
0 1.304344 0.288950 0.01 0.01
0 1.296922 0.288022 0.01 0.01
0 1.272803 0.285239 0.01 0.01
0 1.306199 0.256482 0.01 0.01
0 1.336812 0.248133 0.01 0.01
0 1.351655 0.279673 0.01 0.01
0 1.360004 0.265758 0.01 0.01
0 1.402677 0.269469 0.01 0.01
0 1.418447 0.271324 0.01 0.01
0 1.432362 0.272252 0.01 0.01
0 1.417519 0.296372 0.01 0.01
0 1.402677 0.313070 0.01 0.01
0 1.401749 0.341827 0.01 0.01
0 1.420303 0.345538 0.01 0.01
0 1.455554 0.371513 0.01 0.01
0 1.419375 0.410475 0.01 0.01
0 1.487095 0.405837 0.01 0.01
0 1.491733 0.359453 0.01 0.01
0 1.476890 0.364092 0.01 0.01
0 1.524202 0.365947 0.01 0.01
0 1.494516 0.308431 0.01 0.01
0 1.508431 0.309359 0.01 0.01
0 1.537189 0.277818 0.01 0.01
0 1.526985 0.239784 0.01 0.01
0 1.539044 0.250916 0.01 0.01
0 1.502865 0.236073 0.01 0.01
0 1.491733 0.242567 0.01 0.01
0 1.475035 0.268541 0.01 0.01
0 1.533478 0.432739 0.01 0.01
0 1.358149 0.013896 0.01 0.01
0 1.292284 0.033377 0.01 0.01
0 1.281152 0.012968 0.01 0.01
0 1.297850 0.009257 0.01 0.01
0 1.214430 0.481451 0.01 0.01
