0 0.469760 0.423384 0.01 0.01
0 0.022207 0.783824 0.01 0.01
0 0.053376 0.755053 0.01 0.01
0 0.070958 0.716691 0.01 0.01
0 0.038191 0.699908 0.01 0.01
0 0.027802 0.679928 0.01 0.01
0 0.097332 0.755852 0.01 0.01
0 0.133296 0.773434 0.01 0.01
0 0.166862 0.776631 0.01 0.01
0 0.210019 0.857350 0.01 0.01
0 0.281148 0.834174 0.01 0.01
0 0.336293 0.878929 0.01 0.01
0 0.342687 0.852555 0.01 0.01
0 0.319510 0.755852 0.01 0.01
0 0.406623 0.844563 0.01 0.01
0 0.439390 0.869338 0.01 0.01
0 0.400229 0.951656 0.01 0.01
0 0.532896 0.966042 0.01 0.01
0 0.535294 0.944463 0.01 0.01
0 0.620809 0.937270 0.01 0.01
0 0.651178 0.918889 0.01 0.01
0 0.699130 0.930877 0.01 0.01
0 0.684745 0.942865 0.01 0.01
0 0.705524 0.888519 0.01 0.01
0 0.745484 0.902905 0.01 0.01
0 0.761468 0.942066 0.01 0.01
0 0.806623 0.949932 0.01 0.01
0 0.859370 0.954727 0.01 0.01
0 0.936093 0.940341 0.01 0.01
0 0.053376 0.610271 0.01 0.01
0 0.086942 0.619862 0.01 0.01
0 0.102926 0.623858 0.01 0.01
0 0.132497 0.633448 0.01 0.01
0 0.122107 0.606275 0.01 0.01
0 0.113316 0.567114 0.01 0.01
0 0.142087 0.569512 0.01 0.01
0 0.162067 0.547134 0.01 0.01
0 0.105324 0.469612 0.01 0.01
0 0.217212 0.516765 0.01 0.01
0 0.186043 0.555126 0.01 0.01
0 0.172457 0.576705 0.01 0.01
0 0.166063 0.611870 0.01 0.01
0 0.166862 0.635047 0.01 0.01
0 0.213216 0.575106 0.01 0.01
0 0.228401 0.559922 0.01 0.01
0 0.244385 0.526355 0.01 0.01
0 0.241188 0.498383 0.01 0.01
0 0.233995 0.591090 0.01 0.01
0 0.248381 0.591890 0.01 0.01
0 0.285144 0.567114 0.01 0.01
0 0.253176 0.623058 0.01 0.01
0 0.309120 0.609472 0.01 0.01
0 0.304325 0.672609 0.01 0.01
0 0.293935 0.661420 0.01 0.01
0 0.334695 0.635846 0.01 0.01
0 0.326703 0.619062 0.01 0.01
0 0.335494 0.676605 0.01 0.01
0 0.364265 0.677404 0.01 0.01
0 0.391438 0.655027 0.01 0.01
0 0.371458 0.646235 0.01 0.01
0 0.371458 0.609472 0.01 0.01
0 0.351478 0.619062 0.01 0.01
0 0.345883 0.580701 0.01 0.01
0 0.321108 0.574307 0.01 0.01
0 0.366663 0.578303 0.01 0.01
0 0.381847 0.555126 0.01 0.01
0 0.349879 0.546335 0.01 0.01
0 0.326703 0.515166 0.01 0.01
0 0.308321 0.523158 0.01 0.01
0 0.291538 0.540741 0.01 0.01
0 0.249180 0.563118 0.01 0.01
0 0.261967 0.505576 0.01 0.01
0 0.271558 0.484797 0.01 0.01
0 0.279550 0.447234 0.01 0.01
0 0.307522 0.453628 0.01 0.01
0 0.301128 0.479202 0.01 0.01
0 0.326703 0.484797 0.01 0.01
0 0.353076 0.491990 0.01 0.01
0 0.355474 0.515966 0.01 0.01
0 0.402627 0.558323 0.01 0.01
0 0.425004 0.653428 0.01 0.01
0 0.448181 0.673408 0.01 0.01
0 0.453776 0.627055 0.01 0.01
0 0.432197 0.594287 0.01 0.01
0 0.434595 0.557524 0.01 0.01
0 0.442587 0.527954 0.01 0.01
0 0.419410 0.507174 0.01 0.01
0 0.397831 0.509572 0.01 0.01
0 0.358671 0.475206 0.01 0.01
0 0.368261 0.468813 0.01 0.01
0 0.348281 0.462419 0.01 0.01
0 0.352277 0.414467 0.01 0.01
0 0.357871 0.393688 0.01 0.01
0 0.393036 0.412069 0.01 0.01
0 0.392237 0.468813 0.01 0.01
0 0.416213 0.469612 0.01 0.01
0 0.468161 0.504777 0.01 0.01
0 0.479350 0.532749 0.01 0.01
0 0.471358 0.563918 0.01 0.01
0 0.467362 0.599882 0.01 0.01
0 0.497732 0.631051 0.01 0.01
0 0.485744 0.663818 0.01 0.01
0 0.505724 0.679802 0.01 0.01
0 0.533696 0.678203 0.01 0.01
0 0.544884 0.635846 0.01 0.01
0 0.557672 0.648633 0.01 0.01
0 0.561668 0.681400 0.01 0.01
0 0.585644 0.693388 0.01 0.01
0 0.592037 0.650231 0.01 0.01
0 0.579250 0.619862 0.01 0.01
0 0.550479 0.603878 0.01 0.01
0 0.496133 0.574307 0.01 0.01
0 0.489740 0.506375 0.01 0.01
0 0.467362 0.481600 0.01 0.01
0 0.465764 0.462419 0.01 0.01
0 0.434595 0.449632 0.01 0.01
0 0.421808 0.430451 0.01 0.01
0 0.487342 0.427254 0.01 0.01
0 0.507322 0.482399 0.01 0.01
0 0.515314 0.511970 0.01 0.01
0 0.515314 0.547934 0.01 0.01
0 0.544085 0.551130 0.01 0.01
0 0.521708 0.599882 0.01 0.01
0 0.568860 0.585496 0.01 0.01
0 0.617612 0.700581 0.01 0.01
0 0.651178 0.703778 0.01 0.01
0 0.682347 0.710971 0.01 0.01
0 0.678351 0.673408 0.01 0.01
0 0.617612 0.607074 0.01 0.01
0 0.614415 0.584697 0.01 0.01
0 0.630399 0.567114 0.01 0.01
0 0.574455 0.526355 0.01 0.01
0 0.542487 0.524757 0.01 0.01
0 0.559270 0.491190 0.01 0.01
0 0.553676 0.464817 0.01 0.01
0 0.531298 0.460821 0.01 0.01
0 0.508121 0.428054 0.01 0.01
0 0.445784 0.401680 0.01 0.01
0 0.421008 0.392089 0.01 0.01
0 0.398631 0.392089 0.01 0.01
0 0.396233 0.366515 0.01 0.01
0 0.416213 0.368113 0.01 0.01
0 0.463366 0.347334 0.01 0.01
0 0.486543 0.355326 0.01 0.01
0 0.506523 0.377704 0.01 0.01
0 0.528101 0.374507 0.01 0.01
0 0.509720 0.355326 0.01 0.01
0 0.600029 0.507974 0.01 0.01
0 0.585644 0.503178 0.01 0.01
0 0.640789 0.529552 0.01 0.01
0 0.668761 0.545536 0.01 0.01
0 0.667961 0.571110 0.01 0.01
0 0.663965 0.603078 0.01 0.01
0 0.685544 0.644637 0.01 0.01
0 0.719909 0.686195 0.01 0.01
0 0.766263 0.724557 0.01 0.01
0 0.716713 0.724557 0.01 0.01
0 0.764665 0.693388 0.01 0.01
0 0.749480 0.660621 0.01 0.01
0 0.778251 0.664617 0.01 0.01
0 0.707921 0.647035 0.01 0.01
0 0.707122 0.615066 0.01 0.01
0 0.682347 0.601480 0.01 0.01
0 0.716713 0.578303 0.01 0.01
0 0.744685 0.590291 0.01 0.01
0 0.557672 0.389692 0.01 0.01
0 0.555274 0.419262 0.01 0.01
0 0.579250 0.444038 0.01 0.01
0 0.572856 0.468014 0.01 0.01
0 0.612817 0.472809 0.01 0.01
0 0.608021 0.443238 0.01 0.01
0 0.580049 0.419262 0.01 0.01
0 0.589640 0.390491 0.01 0.01
0 0.603226 0.392089 0.01 0.01
0 0.534495 0.336945 0.01 0.01
0 0.561668 0.336945 0.01 0.01
0 0.584045 0.340141 0.01 0.01
0 0.590439 0.361720 0.01 0.01
0 0.627202 0.348933 0.01 0.01
0 0.614415 0.340141 0.01 0.01
0 0.643985 0.405676 0.01 0.01
0 0.636793 0.426455 0.01 0.01
0 0.638391 0.452829 0.01 0.01
0 0.642387 0.488793 0.01 0.01
0 0.675154 0.510371 0.01 0.01
0 0.671158 0.453628 0.01 0.01
0 0.655973 0.425656 0.01 0.01
0 0.675154 0.404877 0.01 0.01
0 0.683945 0.377704 0.01 0.01
0 0.697532 0.406475 0.01 0.01
0 0.707122 0.373708 0.01 0.01
0 0.699929 0.355326 0.01 0.01
0 0.672757 0.356925 0.01 0.01
0 0.651977 0.347334 0.01 0.01
0 0.708721 0.492789 0.01 0.01
0 0.713516 0.511970 0.01 0.01
0 0.729500 0.488793 0.01 0.01
0 0.716713 0.460022 0.01 0.01
0 0.746283 0.463218 0.01 0.01
0 0.761468 0.487194 0.01 0.01
0 0.791837 0.497584 0.01 0.01
0 0.777452 0.437644 0.01 0.01
0 0.774255 0.416065 0.01 0.01
0 0.734295 0.373708 0.01 0.01
0 0.735893 0.523958 0.01 0.01
0 0.735094 0.558323 0.01 0.01
0 0.772657 0.593488 0.01 0.01
0 0.777452 0.519962 0.01 0.01
0 0.459770 0.326429 0.01 0.01
0 0.501328 0.303252 0.01 0.01
0 0.534894 0.300855 0.01 0.01
0 0.547682 0.308047 0.01 0.01
0 0.577252 0.310445 0.01 0.01
0 0.521308 0.260895 0.01 0.01
0 0.560469 0.243312 0.01 0.01
0 0.584445 0.249706 0.01 0.01
0 0.589240 0.220135 0.01 0.01
0 0.611618 0.228127 0.01 0.01
0 0.630799 0.320035 0.01 0.01
0 0.653975 0.321634 0.01 0.01
0 0.681947 0.324031 0.01 0.01
0 0.688341 0.304051 0.01 0.01
0 0.697931 0.282473 0.01 0.01
0 0.677152 0.280875 0.01 0.01
0 0.626003 0.298457 0.01 0.01
0 0.641188 0.312043 0.01 0.01
0 0.644385 0.255300 0.01 0.01
0 0.643586 0.208147 0.01 0.01
0 0.661967 0.212942 0.01 0.01
0 0.703526 0.238517 0.01 0.01
0 0.675554 0.238517 0.01 0.01
0 0.666763 0.252103 0.01 0.01
0 0.726703 0.305650 0.01 0.01
0 0.711518 0.330425 0.01 0.01
0 0.762667 0.336819 0.01 0.01
0 0.761867 0.308047 0.01 0.01
0 0.733895 0.291264 0.01 0.01
0 0.749879 0.284071 0.01 0.01
0 0.731498 0.267288 0.01 0.01
0 0.727502 0.243312 0.01 0.01
0 0.760269 0.244111 0.01 0.01
0 0.777851 0.240915 0.01 0.01
0 0.803426 0.244111 0.01 0.01
0 0.773056 0.196958 0.01 0.01
0 0.744285 0.197758 0.01 0.01
0 0.723506 0.190565 0.01 0.01
0 0.695534 0.183372 0.01 0.01
0 0.678751 0.167388 0.01 0.01
0 0.649979 0.154601 0.01 0.01
0 0.709120 0.126629 0.01 0.01
0 0.725104 0.152203 0.01 0.01
0 0.726703 0.138617 0.01 0.01
0 0.752277 0.154601 0.01 0.01
0 0.773855 0.160994 0.01 0.01
0 0.768261 0.097058 0.01 0.01
0 0.806623 0.097858 0.01 0.01
0 0.817812 0.116239 0.01 0.01
0 0.844984 0.120235 0.01 0.01
0 0.865764 0.124231 0.01 0.01
0 0.860169 0.145010 0.01 0.01
0 0.821008 0.177778 0.01 0.01
0 0.795434 0.175380 0.01 0.01
0 0.835394 0.205750 0.01 0.01
0 0.821808 0.198557 0.01 0.01
0 0.840189 0.248907 0.01 0.01
0 0.854575 0.224131 0.01 0.01
0 0.867362 0.248107 0.01 0.01
0 0.864964 0.271284 0.01 0.01
0 0.864964 0.294461 0.01 0.01
0 0.836992 0.296859 0.01 0.01
0 0.806623 0.296859 0.01 0.01
0 0.782647 0.285670 0.01 0.01
0 0.785843 0.337618 0.01 0.01
0 0.800229 0.338417 0.01 0.01
0 0.884944 0.277678 0.01 0.01
0 0.876952 0.340015 0.01 0.01
0 0.853776 0.375180 0.01 0.01
0 0.817012 0.391963 0.01 0.01
0 0.800229 0.404751 0.01 0.01
0 0.827402 0.419136 0.01 0.01
0 0.850579 0.427128 0.01 0.01
0 0.829800 0.465490 0.01 0.01
0 0.874555 0.477478 0.01 0.01
0 0.873756 0.428727 0.01 0.01
0 0.890539 0.397558 0.01 0.01
0 0.876153 0.367188 0.01 0.01
0 0.817012 0.753328 0.01 0.01
0 0.810619 0.738943 0.01 0.01
0 0.831398 0.734147 0.01 0.01
0 0.840189 0.668613 0.01 0.01
0 0.801028 0.658223 0.01 0.01
0 0.778651 0.639043 0.01 0.01
0 0.807422 0.591890 0.01 0.01
0 0.809020 0.539942 0.01 0.01
0 0.848181 0.535946 0.01 0.01
0 0.834595 0.507974 0.01 0.01
0 0.857772 0.503978 0.01 0.01
0 0.844984 0.558323 0.01 0.01
0 0.841788 0.606275 0.01 0.01
0 0.867362 0.608673 0.01 0.01
0 0.873756 0.679003 0.01 0.01
0 0.884145 0.537544 0.01 0.01
0 0.893736 0.509572 0.01 0.01
0 0.895334 0.544737 0.01 0.01
0 0.907322 0.611070 0.01 0.01
0 0.896133 0.639842 0.01 0.01
0 0.861768 0.703778 0.01 0.01
0 0.915314 0.679003 0.01 0.01
0 0.928101 0.679003 0.01 0.01
0 0.928101 0.651031 0.01 0.01
0 0.890539 0.753328 0.01 0.01
0 0.905724 0.746935 0.01 0.01
0 0.946483 0.730951 0.01 0.01
0 0.979250 0.804477 0.01 0.01
0 1.012817 0.804477 0.01 0.01
0 0.979250 0.683798 0.01 0.01
0 0.970459 0.651031 0.01 0.01
0 0.964065 0.566315 0.01 0.01
0 0.940888 0.552729 0.01 0.01
0 0.921708 0.507174 0.01 0.01
0 0.920109 0.474407 0.01 0.01
0 0.943286 0.489592 0.01 0.01
0 0.961668 0.519962 0.01 0.01
0 0.940888 0.465616 0.01 0.01
0 0.934495 0.433648 0.01 0.01
0 0.899330 0.429652 0.01 0.01
0 0.902527 0.445636 0.01 0.01
0 0.929700 0.388893 0.01 0.01
0 0.963266 0.424058 0.01 0.01
0 0.966463 0.388093 0.01 0.01
0 0.983246 0.472010 0.01 0.01
0 0.984045 0.494387 0.01 0.01
0 0.996832 0.450431 0.01 0.01
0 1.025604 0.505576 0.01 0.01
0 1.028001 0.539142 0.01 0.01
0 1.013616 0.667814 0.01 0.01
0 0.982447 0.639842 0.01 0.01
0 1.026403 0.630251 0.01 0.01
0 1.036793 0.670211 0.01 0.01
0 1.045584 0.705376 0.01 0.01
0 1.039989 0.742139 0.01 0.01
0 1.039989 0.818063 0.01 0.01
0 1.079949 0.830052 0.01 0.01
0 1.068761 0.820461 0.01 0.01
0 1.083146 0.746935 0.01 0.01
0 1.079150 0.710971 0.01 0.01
0 1.077552 0.675806 0.01 0.01
0 1.054375 0.628653 0.01 0.01
0 1.071957 0.591890 0.01 0.01
0 1.062367 0.539142 0.01 0.01
0 1.086343 0.511170 0.01 0.01
0 1.071957 0.485596 0.01 0.01
0 1.035993 0.443238 0.01 0.01
0 1.063166 0.448034 0.01 0.01
0 1.019210 0.417664 0.01 0.01
0 0.991238 0.398483 0.01 0.01
0 1.004824 0.389692 0.01 0.01
0 0.919310 0.294461 0.01 0.01
0 0.930499 0.323232 0.01 0.01
0 0.900129 0.342413 0.01 0.01
0 0.915314 0.343212 0.01 0.01
0 0.956872 0.333622 0.01 0.01
0 0.950479 0.295260 0.01 0.01
0 0.928101 0.229726 0.01 0.01
0 0.902527 0.234521 0.01 0.01
0 0.878551 0.227328 0.01 0.01
0 0.870559 0.202553 0.01 0.01
0 0.864165 0.183372 0.01 0.01
0 0.841788 0.149806 0.01 0.01
0 0.896932 0.121834 0.01 0.01
0 0.875354 0.101854 0.01 0.01
0 0.920109 0.106649 0.01 0.01
0 0.962467 0.116239 0.01 0.01
0 0.913716 0.150605 0.01 0.01
0 0.938491 0.189766 0.01 0.01
0 0.893736 0.201754 0.01 0.01
0 0.957672 0.282473 0.01 0.01
0 0.967262 0.298457 0.01 0.01
0 0.980848 0.305650 0.01 0.01
0 1.016013 0.321634 0.01 0.01
0 1.000029 0.366389 0.01 0.01
0 1.049580 0.340815 0.01 0.01
0 1.040789 0.373582 0.01 0.01
0 1.085544 0.340815 0.01 0.01
0 1.075154 0.347208 0.01 0.01
0 1.062367 0.373582 0.01 0.01
0 1.066363 0.398357 0.01 0.01
0 1.062367 0.413542 0.01 0.01
0 1.097532 0.403152 0.01 0.01
0 1.123905 0.406349 0.01 0.01
0 1.141488 0.442313 0.01 0.01
0 1.111118 0.343212 0.01 0.01
0 1.100729 0.326429 0.01 0.01
0 1.094335 0.299256 0.01 0.01
0 1.039989 0.275280 0.01 0.01
0 1.004824 0.280875 0.01 0.01
0 1.004824 0.263292 0.01 0.01
0 1.008021 0.178577 0.01 0.01
0 0.984844 0.153802 0.01 0.01
0 1.010419 0.160994 0.01 0.01
0 0.956872 0.192962 0.01 0.01
0 0.940888 0.156998 0.01 0.01
0 1.050379 0.244111 0.01 0.01
0 1.063965 0.238517 0.01 0.01
0 1.079150 0.238517 0.01 0.01
0 1.087941 0.204151 0.01 0.01
0 1.095933 0.111444 0.01 0.01
0 1.078351 0.116239 0.01 0.01
0 1.047981 0.120235 0.01 0.01
0 1.022407 0.112243 0.01 0.01
0 1.128701 0.162593 0.01 0.01
0 1.129500 0.115440 0.01 0.01
0 1.143086 0.073882 0.01 0.01
0 1.178251 0.063492 0.01 0.01
0 1.234195 0.067488 0.01 0.01
0 1.259770 0.065090 0.01 0.01
0 1.156673 0.164191 0.01 0.01
0 1.123905 0.248907 0.01 0.01
0 1.121508 0.272883 0.01 0.01
0 1.140689 0.304851 0.01 0.01
0 1.139090 0.328827 0.01 0.01
0 1.168661 0.339216 0.01 0.01
0 1.177452 0.390365 0.01 0.01
0 1.183845 0.404751 0.01 0.01
0 1.225404 0.404751 0.01 0.01
0 1.197432 0.331224 0.01 0.01
0 1.181448 0.300055 0.01 0.01
0 1.170259 0.301654 0.01 0.01
0 1.151078 0.278477 0.01 0.01
0 1.151078 0.248907 0.01 0.01
0 1.129500 0.224931 0.01 0.01
0 1.187042 0.210545 0.01 0.01
0 1.188641 0.162593 0.01 0.01
0 1.215814 0.212143 0.01 0.01
0 1.201428 0.268887 0.01 0.01
0 1.213416 0.302453 0.01 0.01
0 1.234195 0.331224 0.01 0.01
0 1.250978 0.332823 0.01 0.01
0 1.242986 0.266489 0.01 0.01
0 1.257372 0.218537 0.01 0.01
0 1.250179 0.175380 0.01 0.01
0 1.233396 0.172982 0.01 0.01
0 1.283746 0.181774 0.01 0.01
0 1.293336 0.151404 0.01 0.01
0 1.286942 0.224131 0.01 0.01
0 1.296533 0.241714 0.01 0.01
0 1.285344 0.262493 0.01 0.01
0 1.273356 0.304051 0.01 0.01
0 1.261368 0.291264 0.01 0.01
0 1.275754 0.326429 0.01 0.01
0 1.287742 0.371983 0.01 0.01
0 1.258970 0.410345 0.01 0.01
0 1.273356 0.436719 0.01 0.01
0 1.164665 0.486269 0.01 0.01
0 1.203825 0.487068 0.01 0.01
0 1.295734 0.420735 0.01 0.01
0 1.340489 0.353602 0.01 0.01
0 1.368461 0.355999 0.01 0.01
0 1.358870 0.383971 0.01 0.01
0 1.337292 0.264091 0.01 0.01
0 1.321308 0.240915 0.01 0.01
0 1.326902 0.172982 0.01 0.01
0 1.334095 0.156199 0.01 0.01
0 1.350079 0.196159 0.01 0.01
0 1.349280 0.224931 0.01 0.01
0 1.350079 0.247308 0.01 0.01
0 1.389240 0.263292 0.01 0.01
0 1.387642 0.229726 0.01 0.01
0 1.414815 0.232923 0.01 0.01
0 1.422007 0.194561 0.01 0.01
0 1.426803 0.151404 0.01 0.01
0 1.412417 0.255300 0.01 0.01
0 1.393236 0.390365 0.01 0.01
0 1.373256 0.438317 0.01 0.01
0 1.397232 0.435920 0.01 0.01
0 1.392437 0.469486 0.01 0.01
0 1.416413 0.387967 0.01 0.01
0 1.426003 0.370385 0.01 0.01
0 1.433995 0.327228 0.01 0.01
0 1.276153 0.574307 0.01 0.01
0 1.257772 0.568713 0.01 0.01
0 1.221008 0.535146 0.01 0.01
0 1.120309 0.517564 0.01 0.01
0 1.099530 0.484797 0.01 0.01
0 1.100329 0.632649 0.01 0.01
0 1.119510 0.682999 0.01 0.01
0 1.120309 0.637444 0.01 0.01
0 1.136293 0.641440 0.01 0.01
0 1.119510 0.746135 0.01 0.01
0 1.177851 0.639842 0.01 0.01
0 1.158671 0.587094 0.01 0.01
0 1.215414 0.599082 0.01 0.01
0 1.327302 0.572709 0.01 0.01
0 1.326503 0.512769 0.01 0.01
0 1.298531 0.482399 0.01 0.01
0 1.371258 0.526355 0.01 0.01
0 1.344085 0.577504 0.01 0.01
0 1.346483 0.640641 0.01 0.01
0 1.352876 0.670211 0.01 0.01
0 1.329700 0.766115 0.01 0.01
0 1.273756 0.737344 0.01 0.01
0 1.283346 0.797284 0.01 0.01
0 1.244185 0.772509 0.01 0.01
0 1.230599 0.697384 0.01 0.01
0 1.206623 0.666215 0.01 0.01
0 1.205824 0.633448 0.01 0.01
0 1.233796 0.634247 0.01 0.01
0 1.331298 0.826855 0.01 0.01
0 1.382447 0.808473 0.01 0.01
0 1.363266 0.754927 0.01 0.01
0 1.404824 0.754127 0.01 0.01
0 1.421608 0.813268 0.01 0.01
0 1.465564 0.794087 0.01 0.01
0 1.471957 0.822059 0.01 0.01
0 1.503126 0.829252 0.01 0.01
0 1.558271 0.838843 0.01 0.01
0 1.523905 0.782099 0.01 0.01
0 1.543885 0.715766 0.01 0.01
0 1.510319 0.680601 0.01 0.01
0 1.463965 0.668613 0.01 0.01
0 1.412817 0.653428 0.01 0.01
0 1.413616 0.573508 0.01 0.01
0 1.398431 0.540741 0.01 0.01
0 1.411218 0.503978 0.01 0.01
0 1.459170 0.578303 0.01 0.01
0 1.498331 0.610271 0.01 0.01
0 1.549480 0.612669 0.01 0.01
0 1.592637 0.734947 0.01 0.01
0 1.577452 0.537544 0.01 0.01
0 1.579849 0.465616 0.01 0.01
0 1.495933 0.388893 0.01 0.01
0 1.486343 0.432050 0.01 0.01
0 1.451977 0.429652 0.01 0.01
0 1.430399 0.467214 0.01 0.01
0 1.398431 0.437644 0.01 0.01
0 1.481548 0.340141 0.01 0.01
0 1.465564 0.332149 0.01 0.01
0 1.465564 0.286595 0.01 0.01
0 1.484745 0.260221 0.01 0.01
0 1.523106 0.301780 0.01 0.01
0 1.531897 0.255426 0.01 0.01
0 1.508721 0.238643 0.01 0.01
0 1.558271 0.272209 0.01 0.01
0 1.566263 0.229053 0.01 0.01
0 1.555074 0.221060 0.01 0.01
0 1.443386 0.161520 0.01 0.01
0 1.471358 0.149932 0.01 0.01
0 1.495334 0.153528 0.01 0.01
0 1.526902 0.153928 0.01 0.01
0 1.548081 0.159522 0.01 0.01
0 1.566463 0.185096 0.01 0.01
0 1.574055 0.197084 0.01 0.01
0 1.063965 0.416065 0.01 0.01
