0 0.819024 0.955175 0.01 0.01
0 0.032170 0.928884 0.01 0.01
0 0.139212 0.827475 0.01 0.01
0 0.345785 0.797428 0.01 0.01
0 0.379588 0.737334 0.01 0.01
0 0.293203 0.626536 0.01 0.01
0 0.103531 0.605879 0.01 0.01
0 0.099776 0.483813 0.01 0.01
0 0.103531 0.418085 0.01 0.01
0 0.050949 0.365503 0.01 0.01
0 0.069729 0.356114 0.01 0.01
0 0.167381 0.330762 0.01 0.01
0 0.149541 0.311043 0.01 0.01
0 0.175832 0.299776 0.01 0.01
0 0.097898 0.319494 0.01 0.01
0 0.077240 0.297898 0.01 0.01
0 0.085691 0.279118 0.01 0.01
0 0.115738 0.232170 0.01 0.01
0 0.137334 0.215269 0.01 0.01
0 0.129823 0.139212 0.01 0.01
0 0.171137 0.127945 0.01 0.01
0 0.179588 0.142968 0.01 0.01
0 0.214330 0.145785 0.01 0.01
0 0.188977 0.199306 0.01 0.01
0 0.228414 0.206818 0.01 0.01
0 0.213391 0.204940 0.01 0.01
0 0.269729 0.207757 0.01 0.01
0 0.327945 0.311043 0.01 0.01
0 0.303531 0.424658 0.01 0.01
0 0.308226 0.468790 0.01 0.01
0 0.456583 0.403062 0.01 0.01
0 0.513860 0.380527 0.01 0.01
0 0.430292 0.352358 0.01 0.01
0 0.373015 0.334517 0.01 0.01
0 0.344846 0.311043 0.01 0.01
0 0.315738 0.231231 0.01 0.01
0 0.332639 0.218085 0.01 0.01
0 0.319494 0.198367 0.01 0.01
0 0.312921 0.178649 0.01 0.01
0 0.333578 0.173015 0.01 0.01
0 0.349541 0.170198 0.01 0.01
0 0.379588 0.204940 0.01 0.01
0 0.367381 0.194611 0.01 0.01
0 0.422780 0.209635 0.01 0.01
0 0.432170 0.226536 0.01 0.01
0 0.447193 0.224658 0.01 0.01
0 0.434048 0.189916 0.01 0.01
0 0.440621 0.265034 0.01 0.01
0 0.451888 0.294142 0.01 0.01
0 0.431231 0.306348 0.01 0.01
0 0.497898 0.274424 0.01 0.01
0 0.650949 0.563625 0.01 0.01
0 0.766442 0.554236 0.01 0.01
0 0.772076 0.278179 0.01 0.01
0 0.789916 0.285691 0.01 0.01
0 0.694142 0.274424 0.01 0.01
0 0.646254 0.244377 0.01 0.01
0 0.626536 0.245316 0.01 0.01
0 0.602123 0.233109 0.01 0.01
0 0.570198 0.203062 0.01 0.01
0 0.521372 0.187100 0.01 0.01
0 0.488508 0.227475 0.01 0.01
0 0.517616 0.225597 0.01 0.01
0 0.506348 0.245316 0.01 0.01
0 0.562686 0.159870 0.01 0.01
0 0.207757 0.086630 0.01 0.01
0 0.267851 0.096020 0.01 0.01
0 0.295081 0.112921 0.01 0.01
0 0.329823 0.089447 0.01 0.01
0 0.341090 0.084752 0.01 0.01
0 0.348602 0.100715 0.01 0.01
0 0.357992 0.089447 0.01 0.01
0 0.395550 0.109165 0.01 0.01
0 0.436865 0.096959 0.01 0.01
0 0.459400 0.109165 0.01 0.01
0 0.482874 0.116677 0.01 0.01
0 0.482874 0.100715 0.01 0.01
0 0.507287 0.104470 0.01 0.01
0 0.545785 0.107287 0.01 0.01
0 0.539212 0.096959 0.01 0.01
0 0.553297 0.096020 0.01 0.01
0 0.581466 0.097898 0.01 0.01
0 0.602123 0.112921 0.01 0.01
0 0.614330 0.116677 0.01 0.01
0 0.618085 0.104470 0.01 0.01
0 0.600245 0.100715 0.01 0.01
0 0.609635 0.091325 0.01 0.01
0 0.629353 0.096020 0.01 0.01
0 0.651888 0.099776 0.01 0.01
0 0.661278 0.112921 0.01 0.01
0 0.682874 0.104470 0.01 0.01
0 0.706348 0.093203 0.01 0.01
0 0.713860 0.102593 0.01 0.01
0 0.703531 0.111043 0.01 0.01
0 0.744846 0.097898 0.01 0.01
0 0.716677 0.076301 0.01 0.01
0 0.737334 0.056583 0.01 0.01
0 0.692264 0.070668 0.01 0.01
0 0.740151 0.080057 0.01 0.01
0 0.765503 0.113860 0.01 0.01
0 0.756114 0.198367 0.01 0.01
0 0.714799 0.211513 0.01 0.01
0 0.692264 0.241560 0.01 0.01
0 0.541090 0.630292 0.01 0.01
0 0.589916 0.617147 0.01 0.01
0 0.653766 0.660339 0.01 0.01
0 0.809635 0.534517 0.01 0.01
0 0.864095 0.481935 0.01 0.01
0 0.882874 0.450010 0.01 0.01
0 0.830292 0.286630 0.01 0.01
0 0.860339 0.265973 0.01 0.01
0 0.933578 0.329823 0.01 0.01
0 0.897898 0.303531 0.01 0.01
0 0.935456 0.444377 0.01 0.01
0 0.956114 0.391794 0.01 0.01
0 0.976771 0.361747 0.01 0.01
0 0.974893 0.329823 0.01 0.01
0 1.025597 0.329823 0.01 0.01
0 0.991794 0.427475 0.01 0.01
0 1.036865 0.476301 0.01 0.01
0 1.123250 0.495081 0.01 0.01
0 1.106348 0.440621 0.01 0.01
0 1.173954 0.388039 0.01 0.01
0 1.205879 0.816208 0.01 0.01
0 1.243438 0.605879 0.01 0.01
0 1.250949 0.457522 0.01 0.01
0 1.489447 0.587100 0.01 0.01
0 1.502593 0.500715 0.01 0.01
0 1.418085 0.446254 0.01 0.01
0 1.438743 0.331700 0.01 0.01
0 1.367381 0.352358 0.01 0.01
0 1.562686 0.301654 0.01 0.01
0 1.592733 0.395550 0.01 0.01
0 1.230292 0.316677 0.01 0.01
0 1.202123 0.311043 0.01 0.01
0 1.179588 0.269729 0.01 0.01
0 0.963625 0.288977 0.01 0.01
0 1.028414 0.283344 0.01 0.01
0 1.021841 0.250480 0.01 0.01
0 1.017147 0.225128 0.01 0.01
0 0.970198 0.185691 0.01 0.01
0 0.986161 0.181935 0.01 0.01
0 1.068790 0.208226 0.01 0.01
0 1.079118 0.234517 0.01 0.01
0 1.095081 0.227945 0.01 0.01
0 1.065034 0.253297 0.01 0.01
0 1.072546 0.273954 0.01 0.01
0 1.133578 0.303062 0.01 0.01
0 1.173015 0.237334 0.01 0.01
0 1.110104 0.215738 0.01 0.01
0 0.844377 0.222311 0.01 0.01
0 0.804940 0.216677 0.01 0.01
0 0.830292 0.205409 0.01 0.01
0 0.838743 0.174424 0.01 0.01
0 0.825597 0.156583 0.01 0.01
0 0.862217 0.165973 0.01 0.01
0 0.875362 0.211982 0.01 0.01
0 0.933578 0.110574 0.01 0.01
0 0.922311 0.106818 0.01 0.01
0 1.037804 0.123719 0.01 0.01
0 1.027475 0.115269 0.01 0.01
0 0.999306 0.108696 0.01 0.01
0 0.930762 0.080527 0.01 0.01
0 0.915738 0.062686 0.01 0.01
0 0.901654 0.052358 0.01 0.01
0 0.808696 0.092733 0.01 0.01
0 0.827475 0.104940 0.01 0.01
0 0.853766 0.078649 0.01 0.01
0 0.850949 0.102123 0.01 0.01
0 0.866912 0.112452 0.01 0.01
0 0.856583 0.110574 0.01 0.01
0 0.865973 0.024189 0.01 0.01
0 1.027475 0.042968 0.01 0.01
0 0.998367 0.033578 0.01 0.01
0 0.987100 0.033578 0.01 0.01
0 0.988977 0.073954 0.01 0.01
0 1.010574 0.062686 0.01 0.01
0 1.029353 0.085222 0.01 0.01
0 1.035926 0.102123 0.01 0.01
0 1.058461 0.089916 0.01 0.01
0 1.060339 0.065503 0.01 0.01
0 1.049071 0.056114 0.01 0.01
0 1.104470 0.034517 0.01 0.01
0 1.087569 0.065503 0.01 0.01
0 1.101654 0.093672 0.01 0.01
0 1.120433 0.088977 0.01 0.01
0 1.087569 0.112452 0.01 0.01
0 1.106348 0.115269 0.01 0.01
0 1.140151 0.126536 0.01 0.01
0 1.155175 0.150010 0.01 0.01
0 1.264095 0.254236 0.01 0.01
0 1.303531 0.246724 0.01 0.01
0 1.230292 0.194142 0.01 0.01
0 1.198367 0.190386 0.01 0.01
0 1.232170 0.128414 0.01 0.01
0 1.271607 0.121841 0.01 0.01
0 1.340151 0.172546 0.01 0.01
0 1.366442 0.148132 0.01 0.01
0 1.417147 0.155644 0.01 0.01
0 1.474424 0.108696 0.01 0.01
0 1.485691 0.142499 0.01 0.01
0 1.442499 0.082405 0.01 0.01
0 1.423719 0.087100 0.01 0.01
0 1.355175 0.106818 0.01 0.01
0 1.350480 0.091794 0.01 0.01
0 1.315738 0.102123 0.01 0.01
0 1.288508 0.091794 0.01 0.01
0 1.270668 0.076771 0.01 0.01
0 1.310104 0.045785 0.01 0.01
0 1.253766 0.062686 0.01 0.01
0 1.238743 0.053297 0.01 0.01
0 1.236865 0.082405 0.01 0.01
0 1.227475 0.089916 0.01 0.01
0 1.219963 0.087100 0.01 0.01
0 1.213391 0.066442 0.01 0.01
0 1.170198 0.075832 0.01 0.01
0 1.132639 0.063625 0.01 0.01
0 1.126067 0.046724 0.01 0.01
0 1.129823 0.023250 0.01 0.01
0 1.145785 0.039212 0.01 0.01
0 1.180527 0.047663 0.01 0.01
0 1.187100 0.052358 0.01 0.01
0 1.193672 0.046724 0.01 0.01
0 1.204940 0.049541 0.01 0.01
0 1.231231 0.043907 0.01 0.01
0 1.348602 0.058931 0.01 0.01
0 1.378649 0.075832 0.01 0.01
0 1.413391 0.058931 0.01 0.01
0 1.429353 0.065503 0.01 0.01
0 1.458461 0.037334 0.01 0.01
0 1.252827 1.195550 0.01 0.01
0 0.002123 0.461278 0.01 0.01
0 1.496489 0.115503 0.01 0.01
0 1.396020 0.058226 0.01 0.01
0 1.386630 0.053062 0.01 0.01
0 1.376301 0.055879 0.01 0.01
0 1.346724 0.015034 0.01 0.01
0 1.356114 0.013156 0.01 0.01
0 1.381466 0.009870 0.01 0.01
0 1.405879 0.039916 0.01 0.01
0 1.410104 0.030057 0.01 0.01
0 1.374893 0.033344 0.01 0.01
0 1.378179 0.039447 0.01 0.01
0 1.296489 0.018790 0.01 0.01
0 1.310574 0.011747 0.01 0.01
0 1.287569 0.013156 0.01 0.01
0 1.265503 0.021607 0.01 0.01
0 1.252827 0.031466 0.01 0.01
0 1.234987 0.034752 0.01 0.01
0 1.222311 0.029588 0.01 0.01
0 1.214799 0.030057 0.01 0.01
0 1.207287 0.031466 0.01 0.01
0 1.197428 0.028179 0.01 0.01
0 1.177710 0.032874 0.01 0.01
0 1.178179 0.016442 0.01 0.01
0 1.180057 0.015034 0.01 0.01
0 1.169729 0.015034 0.01 0.01
0 1.159400 0.018790 0.01 0.01
0 1.140621 0.019729 0.01 0.01
0 1.116677 0.014095 0.01 0.01
0 1.236395 0.023485 0.01 0.01
0 1.227006 0.018790 0.01 0.01
0 1.197898 0.007522 0.01 0.01
0 1.275362 0.012217 0.01 0.01
0 1.262686 0.014095 0.01 0.01
0 0.676771 0.083344 0.01 0.01
0 0.523250 0.134048 0.01 0.01
0 0.391794 0.074189 0.01 0.01
0 0.416677 0.068555 0.01 0.01
0 1.591794 0.150010 0.01 0.01
0 1.583344 0.054236 0.01 0.01
0 1.552358 0.060808 0.01 0.01
0 1.543907 0.032639 0.01 0.01
0 1.573954 0.037334 0.01 0.01
0 0.792733 0.254705 0.01 0.01
0 0.808696 0.271607 0.01 0.01
0 0.170874 0.218327 0.01 0.01
