0 0.112281 0.404520 0.01 0.01
0 0.082585 0.411719 0.01 0.01
0 0.024992 0.286634 0.01 0.01
0 0.033991 0.221842 0.01 0.01
0 0.639615 0.489109 0.01 0.01
0 0.639615 0.410819 0.01 0.01
0 0.656713 0.207444 0.01 0.01
0 0.449739 0.764475 0.01 0.01
0 0.481685 0.880110 0.01 0.01
0 1.473361 0.899908 0.01 0.01
0 1.099008 0.311381 0.01 0.01
0 1.233991 0.277185 0.01 0.01
0 0.522180 0.015431 0.01 0.01
0 0.595971 0.055026 0.01 0.01
0 0.650864 0.102720 0.01 0.01
0 0.608569 0.128817 0.01 0.01
0 0.743552 0.006432 0.01 0.01
0 0.765149 0.025329 0.01 0.01
0 0.774148 0.135116 0.01 0.01
0 0.815543 0.134216 0.01 0.01
0 0.823642 0.181910 0.01 0.01
0 0.855138 0.111719 0.01 0.01
0 0.842540 0.083822 0.01 0.01
0 0.831741 0.042427 0.01 0.01
0 0.845239 0.031629 0.01 0.01
0 0.853338 0.000133 0.01 0.01
0 0.900133 0.014531 0.01 0.01
0 0.946927 0.019930 0.01 0.01
0 0.961325 0.030729 0.01 0.01
0 1.026117 0.037928 0.01 0.01
0 1.051314 0.006432 0.01 0.01
0 1.101707 0.003732 0.01 0.01
0 1.137703 0.010931 0.01 0.01
0 1.130504 0.048727 0.01 0.01
0 1.112506 0.060425 0.01 0.01
0 1.117006 0.090121 0.01 0.01
0 1.153001 0.073024 0.01 0.01
0 1.056713 0.062225 0.01 0.01
0 0.923530 0.081122 0.01 0.01
0 0.893833 0.109019 0.01 0.01
0 1.332979 0.095408 0.01 0.01
0 1.388772 0.077410 0.01 0.01
0 1.359975 0.014418 0.01 0.01
0 1.496758 0.091809 0.01 0.01
0 0.046799 0.119875 0.01 0.01
0 0.088357 0.141853 0.01 0.01
0 0.069176 0.080315 0.01 0.01
0 0.040405 0.040755 0.01 0.01
0 0.047598 0.019975 0.01 0.01
0 0.038407 0.007588 0.01 0.01
0 0.019226 0.004391 0.01 0.01
0 0.026019 0.003991 0.01 0.01
0 0.009236 0.022773 0.01 0.01
0 0.008437 0.181014 0.01 0.01
0 1.575470 0.941504 0.01 0.01
0 0.600445 0.107138 0.01 0.01
0 0.638807 0.826419 0.01 0.01
0 1.387536 0.570814 0.01 0.01
0 0.687871 0.383523 0.01 0.01
0 1.275161 0.179844 0.01 0.01
0 1.313957 0.146399 0.01 0.01
0 0.174158 0.816968 0.01 0.01
0 0.556432 0.040546 0.01 0.01
0 0.577837 0.030178 0.01 0.01
0 0.553422 0.024827 0.01 0.01
0 0.545061 0.004426 0.01 0.01
0 0.577670 0.005847 0.01 0.01
0 0.648406 0.038205 0.01 0.01
0 0.678172 0.038874 0.01 0.01
0 0.618305 0.003422 0.01 0.01
0 0.653757 0.007770 0.01 0.01
0 0.722653 0.018807 0.01 0.01
0 0.748740 0.059944 0.01 0.01
0 1.179175 0.035195 0.01 0.01
0 1.306265 0.027837 0.01 0.01
