0 0.298863 0.874899 0.01 0.01
0 0.509001 0.694254 0.01 0.01
0 1.272134 0.849093 0.01 0.01
0 1.277664 0.664761 0.01 0.01
0 1.073056 1.166144 0.01 0.01
0 1.567065 0.476743 0.01 0.01
0 1.578125 0.353240 0.01 0.01
0 1.356927 0.386420 0.01 0.01
0 1.233425 0.347711 0.01 0.01
0 1.122826 0.321904 0.01 0.01
0 1.028817 0.250015 0.01 0.01
0 0.969830 0.255545 0.01 0.01
0 0.861075 0.224208 0.01 0.01
0 1.172595 0.069370 0.01 0.01
0 1.532042 0.104393 0.01 0.01
0 0.485038 0.179969 0.01 0.01
0 0.352319 0.246328 0.01 0.01
0 0.319139 0.004853 0.01 0.01
0 0.123747 0.100706 0.01 0.01
0 1.598402 0.136190 0.01 0.01
