0 0.135198 1.012206 0.01 0.01
0 0.206962 1.004051 0.01 0.01
0 0.262415 1.015468 0.01 0.01
0 0.316238 1.004051 0.01 0.01
0 0.210224 0.942073 0.01 0.01
0 0.264046 0.902930 0.01 0.01
0 0.293404 0.852369 0.01 0.01
0 0.231426 0.829535 0.01 0.01
0 0.583720 0.932287 0.01 0.01
0 0.637543 0.963276 0.01 0.01
0 0.609816 1.002420 0.01 0.01
0 0.494016 0.855631 0.01 0.01
0 0.529897 0.876834 0.01 0.01
0 1.066493 1.017099 0.01 0.01
0 1.090958 1.002420 0.01 0.01
0 1.071386 0.930656 0.01 0.01
0 1.139887 0.826273 0.01 0.01
0 1.092589 0.834428 0.01 0.01
0 1.007777 0.862155 0.01 0.01
0 1.030611 0.842583 0.01 0.01
0 0.934383 0.927394 0.01 0.01
0 0.877298 0.898037 0.01 0.01
0 0.784332 1.017099 0.01 0.01
0 0.732140 0.986110 0.01 0.01
0 0.670162 0.912715 0.01 0.01
0 0.427145 0.963276 0.01 0.01
0 0.366799 0.898037 0.01 0.01
0 0.409204 0.919239 0.01 0.01
0 0.502171 0.994265 0.01 0.01
0 0.458134 0.938811 0.01 0.01
0 0.221641 0.880096 0.01 0.01
0 0.148246 0.904561 0.01 0.01
0 0.113995 0.956752 0.01 0.01
0 0.074852 0.969800 0.01 0.01
0 0.032446 0.849107 0.01 0.01
0 0.065066 0.821380 0.01 0.01
0 0.021029 0.793653 0.01 0.01
0 0.065066 0.765926 0.01 0.01
0 0.042232 0.723521 0.01 0.01
0 0.053649 0.668067 0.01 0.01
0 0.118888 0.682746 0.01 0.01
0 0.185759 0.728414 0.01 0.01
0 0.278725 0.762664 0.01 0.01
0 0.440193 0.818118 0.01 0.01
0 0.578827 0.672960 0.01 0.01
0 0.676686 0.795284 0.01 0.01
0 0.707675 0.844214 0.01 0.01
0 0.763129 0.904561 0.01 0.01
0 0.807165 0.860524 0.01 0.01
0 0.882191 0.823011 0.01 0.01
0 0.929490 0.823011 0.01 0.01
0 0.953954 0.782236 0.01 0.01
0 1.011039 0.782236 0.01 0.01
0 1.092589 0.770819 0.01 0.01
0 1.120315 0.783867 0.01 0.01
0 1.157828 0.788760 0.01 0.01
0 1.210020 0.770819 0.01 0.01
0 1.267104 0.805070 0.01 0.01
0 1.229592 0.840952 0.01 0.01
0 1.262211 0.881727 0.01 0.01
0 1.180662 0.899668 0.01 0.01
0 1.224699 0.938811 0.01 0.01
0 1.281783 0.932287 0.01 0.01
0 1.319296 0.909453 0.01 0.01
0 1.368226 0.886620 0.01 0.01
0 1.392690 0.862155 0.01 0.01
0 1.364964 0.811594 0.01 0.01
0 1.309510 0.809963 0.01 0.01
0 1.329082 0.770819 0.01 0.01
0 0.383108 0.850738 0.01 0.01
0 0.332548 0.868679 0.01 0.01
0 0.141722 0.862155 0.01 0.01
0 0.208593 0.723521 0.01 0.01
0 0.190652 0.684377 0.01 0.01
0 0.233057 0.690901 0.01 0.01
0 0.260784 0.655019 0.01 0.01
0 0.324393 0.672960 0.01 0.01
0 0.319500 0.723521 0.01 0.01
0 0.389632 0.731676 0.01 0.01
0 0.405942 0.762664 0.01 0.01
0 0.388001 0.671329 0.01 0.01
0 0.464658 0.677853 0.01 0.01
0 0.432038 0.655019 0.01 0.01
0 0.272201 0.568577 0.01 0.01
0 0.190652 0.630554 0.01 0.01
0 0.021029 0.661543 0.01 0.01
0 0.043863 0.628923 0.01 0.01
0 0.066697 0.553898 0.01 0.01
0 0.104209 0.562053 0.01 0.01
0 0.148246 0.557160 0.01 0.01
0 0.115626 0.524540 0.01 0.01
0 0.079744 0.516385 0.01 0.01
0 0.807165 0.728414 0.01 0.01
0 0.833261 0.720259 0.01 0.01
0 0.916442 0.694163 0.01 0.01
0 0.887084 0.677853 0.01 0.01
0 0.838154 0.641971 0.01 0.01
0 0.872405 0.641971 0.01 0.01
0 0.797380 0.650126 0.01 0.01
0 0.769653 0.671329 0.01 0.01
0 0.733771 0.659912 0.01 0.01
0 0.777808 0.625661 0.01 0.01
0 0.795749 0.531064 0.01 0.01
0 0.865881 0.560422 0.01 0.01
0 1.045290 0.762664 0.01 0.01
0 1.066493 0.734938 0.01 0.01
0 1.089327 0.731676 0.01 0.01
0 1.164352 0.739831 0.01 0.01
0 1.192079 0.739831 0.01 0.01
0 1.273628 0.720259 0.01 0.01
0 1.280152 0.754510 0.01 0.01
0 1.373119 0.712104 0.01 0.01
0 1.404107 0.707211 0.01 0.01
0 1.420417 0.803439 0.01 0.01
0 1.410631 0.770819 0.01 0.01
0 1.472609 0.793653 0.01 0.01
0 1.511753 0.793653 0.01 0.01
0 1.456299 0.770819 0.01 0.01
0 1.490550 0.720259 0.01 0.01
0 1.466085 0.672960 0.01 0.01
0 1.436727 0.659912 0.01 0.01
0 1.412262 0.687639 0.01 0.01
0 1.516646 0.705580 0.01 0.01
0 1.498705 0.651757 0.01 0.01
0 1.497074 0.581625 0.01 0.01
0 1.552527 0.705580 0.01 0.01
0 1.593302 0.712104 0.01 0.01
0 1.531325 0.945335 0.01 0.01
0 1.480764 1.002420 0.01 0.01
0 1.475871 0.956752 0.01 0.01
0 1.389428 0.933918 0.01 0.01
0 1.231223 1.008944 0.01 0.01
0 1.596564 0.969800 0.01 0.01
0 1.498705 0.875203 0.01 0.01
0 1.461192 0.867048 0.01 0.01
0 1.487288 0.823011 0.01 0.01
0 1.413893 0.583256 0.01 0.01
0 1.265473 0.553898 0.01 0.01
0 1.258949 0.584887 0.01 0.01
0 1.216544 0.591411 0.01 0.01
0 0.732140 0.705580 0.01 0.01
0 0.728878 0.736569 0.01 0.01
0 0.725616 0.775712 0.01 0.01
0 0.750081 0.829535 0.01 0.01
0 0.790856 0.829535 0.01 0.01
0 0.616340 0.743093 0.01 0.01
0 0.644067 0.720259 0.01 0.01
0 0.528266 0.677853 0.01 0.01
0 0.658746 0.653388 0.01 0.01
0 0.701151 0.655019 0.01 0.01
0 0.709306 0.522909 0.01 0.01
0 0.805535 0.503337 0.01 0.01
0 0.410835 0.558791 0.01 0.01
0 0.345596 0.545743 0.01 0.01
0 0.379846 0.560422 0.01 0.01
0 0.303190 0.553898 0.01 0.01
0 1.058338 0.576732 0.01 0.01
0 1.001253 0.568577 0.01 0.01
0 1.048552 0.671329 0.01 0.01
0 0.993098 0.723521 0.01 0.01
0 0.952323 0.671329 0.01 0.01
0 0.963740 0.619137 0.01 0.01
0 0.931121 0.633816 0.01 0.01
0 1.006146 0.632185 0.01 0.01
0 1.074648 0.650126 0.01 0.01
0 1.141518 0.720259 0.01 0.01
0 1.128470 0.679484 0.01 0.01
0 1.110529 0.655019 0.01 0.01
0 1.162721 0.625661 0.01 0.01
0 1.195341 0.625661 0.01 0.01
0 1.262211 0.674591 0.01 0.01
0 1.294831 0.674591 0.01 0.01
0 1.201865 0.697425 0.01 0.01
0 1.345392 0.557160 0.01 0.01
0 1.325820 0.537588 0.01 0.01
0 1.386167 0.550636 0.01 0.01
0 1.459561 0.565315 0.01 0.01
0 1.546003 0.547374 0.01 0.01
0 1.501967 0.514754 0.01 0.01
0 1.467716 0.490289 0.01 0.01
0 1.431834 0.504968 0.01 0.01
0 1.325820 0.439729 0.01 0.01
0 1.369857 0.490289 0.01 0.01
0 1.340499 0.485396 0.01 0.01
0 1.335606 0.513123 0.01 0.01
0 1.304617 0.513123 0.01 0.01
0 1.262211 0.524540 0.01 0.01
0 1.232854 0.513123 0.01 0.01
0 1.350285 0.648495 0.01 0.01
0 1.391059 0.650126 0.01 0.01
0 1.591671 0.583256 0.01 0.01
0 1.570468 0.562053 0.01 0.01
0 1.580254 0.519647 0.01 0.01
0 1.594933 0.553898 0.01 0.01
0 1.565575 0.493551 0.01 0.01
0 1.541110 0.485396 0.01 0.01
0 1.523170 0.469087 0.01 0.01
0 1.516646 0.439729 0.01 0.01
0 1.490550 0.444622 0.01 0.01
0 1.444882 0.439729 0.01 0.01
0 1.470978 0.382644 0.01 0.01
0 1.510122 0.420157 0.01 0.01
0 1.534586 0.395692 0.01 0.01
0 1.590040 0.436467 0.01 0.01
0 1.590040 0.376120 0.01 0.01
0 1.586778 0.307619 0.01 0.01
0 0.242843 0.537588 0.01 0.01
0 0.182497 0.573470 0.01 0.01
0 0.218379 0.531064 0.01 0.01
0 0.211855 0.490289 0.01 0.01
0 0.154770 0.504968 0.01 0.01
0 0.091161 0.477241 0.01 0.01
0 0.030815 0.485396 0.01 0.01
0 0.016136 0.500075 0.01 0.01
0 0.043863 0.490289 0.01 0.01
0 0.060173 0.431574 0.01 0.01
0 0.034077 0.451146 0.01 0.01
0 0.022660 0.439729 0.01 0.01
0 0.009612 0.454408 0.01 0.01
0 0.024291 0.398954 0.01 0.01
0 0.061804 0.416895 0.01 0.01
0 0.141722 0.408740 0.01 0.01
0 0.107471 0.428312 0.01 0.01
0 0.125412 0.451146 0.01 0.01
0 0.198807 0.431574 0.01 0.01
0 0.252629 0.747986 0.01 0.01
0 0.456503 1.015468 0.01 0.01
0 0.158440 0.473164 0.01 0.01
0 0.196768 0.457670 0.01 0.01
0 0.257930 0.430758 0.01 0.01
0 0.258746 0.403031 0.01 0.01
0 0.220417 0.407109 0.01 0.01
0 0.203292 0.406293 0.01 0.01
0 0.192690 0.385091 0.01 0.01
0 0.162517 0.391615 0.01 0.01
0 0.140499 0.372043 0.01 0.01
0 0.120111 0.389168 0.01 0.01
0 0.120111 0.357364 0.01 0.01
0 0.228572 0.338607 0.01 0.01
0 0.253853 0.317405 0.01 0.01
0 0.231834 0.284785 0.01 0.01
0 0.199214 0.301910 0.01 0.01
0 0.158440 0.307619 0.01 0.01
0 0.137237 0.309250 0.01 0.01
0 0.146207 0.268475 0.01 0.01
0 0.073628 0.258689 0.01 0.01
0 0.070366 0.232593 0.01 0.01
0 0.058134 0.296202 0.01 0.01
0 0.027145 0.310065 0.01 0.01
0 0.029592 0.356548 0.01 0.01
0 0.058134 0.391615 0.01 0.01
0 0.053241 0.204866 0.01 0.01
0 0.028776 0.195896 0.01 0.01
0 0.014913 0.191003 0.01 0.01
0 0.014913 0.164907 0.01 0.01
0 0.009204 0.131472 0.01 0.01
0 0.035300 0.124948 0.01 0.01
0 0.068735 0.207313 0.01 0.01
0 0.098093 0.213837 0.01 0.01
0 0.092385 0.189372 0.01 0.01
0 0.102986 0.170616 0.01 0.01
0 0.113588 0.183663 0.01 0.01
0 0.123373 0.135549 0.01 0.01
0 0.137237 0.095590 0.01 0.01
0 0.156809 0.095590 0.01 0.01
0 0.162517 0.170616 0.01 0.01
0 0.143761 0.170616 0.01 0.01
0 0.137237 0.193449 0.01 0.01
0 0.132344 0.210575 0.01 0.01
0 0.175565 0.207313 0.01 0.01
0 0.160886 0.212206 0.01 0.01
0 0.186167 0.185294 0.01 0.01
0 0.186167 0.223623 0.01 0.01
0 0.187798 0.152675 0.01 0.01
0 0.177196 0.101299 0.01 0.01
0 0.284026 0.288047 0.01 0.01
0 0.248960 0.213021 0.01 0.01
0 0.282395 0.207313 0.01 0.01
0 0.308491 0.221176 0.01 0.01
0 0.274240 0.138811 0.01 0.01
0 0.256299 0.124948 0.01 0.01
0 0.275871 0.115162 0.01 0.01
0 0.224495 0.109453 0.01 0.01
0 0.223679 0.171431 0.01 0.01
0 0.304413 0.322298 0.01 0.01
0 0.291365 0.338607 0.01 0.01
0 0.281579 0.361441 0.01 0.01
0 0.300336 0.355733 0.01 0.01
0 0.307675 0.383460 0.01 0.01
0 0.306044 0.423419 0.01 0.01
0 0.288103 0.418526 0.01 0.01
0 0.328878 0.387537 0.01 0.01
0 0.270978 0.534326 0.01 0.01
0 0.286472 0.509046 0.01 0.01
0 0.279133 0.486212 0.01 0.01
0 0.248960 0.504968 0.01 0.01
0 0.330509 0.516385 0.01 0.01
0 0.371284 0.524540 0.01 0.01
0 0.438970 0.460932 0.01 0.01
0 0.456095 0.431574 0.01 0.01
0 0.501763 0.457670 0.01 0.01
0 0.552323 0.438913 0.01 0.01
0 0.517257 0.429127 0.01 0.01
0 0.523781 0.392430 0.01 0.01
0 0.513995 0.362257 0.01 0.01
0 0.486268 0.376120 0.01 0.01
0 0.454464 0.384275 0.01 0.01
0 0.465881 0.403847 0.01 0.01
0 0.490346 0.412002 0.01 0.01
0 0.420213 0.426681 0.01 0.01
0 0.407981 0.416079 0.01 0.01
0 0.385147 0.387537 0.01 0.01
0 0.381070 0.374489 0.01 0.01
0 0.350896 0.395692 0.01 0.01
0 0.363129 0.423419 0.01 0.01
0 0.350896 0.449515 0.01 0.01
0 0.350081 0.349209 0.01 0.01
0 0.339479 0.296202 0.01 0.01
0 0.340295 0.267659 0.01 0.01
0 0.404719 0.296202 0.01 0.01
0 0.420213 0.311696 0.01 0.01
0 0.403904 0.322298 0.01 0.01
0 0.376177 0.332083 0.01 0.01
0 0.296258 0.309250 0.01 0.01
0 0.115219 0.324744 0.01 0.01
0 0.018990 0.281523 0.01 0.01
0 0.212262 0.219545 0.01 0.01
0 0.221233 0.205682 0.01 0.01
0 0.471590 0.358995 0.01 0.01
0 0.447125 0.362257 0.01 0.01
0 0.477298 0.341869 0.01 0.01
0 0.496870 0.360626 0.01 0.01
0 0.480560 0.332083 0.01 0.01
0 0.498501 0.307619 0.01 0.01
0 0.472405 0.297833 0.01 0.01
0 0.471590 0.252980 0.01 0.01
0 0.469959 0.235855 0.01 0.01
0 0.428368 0.230962 0.01 0.01
0 0.392487 0.233409 0.01 0.01
0 0.408796 0.234224 0.01 0.01
0 0.604515 0.444622 0.01 0.01
0 0.645290 0.473164 0.01 0.01
0 0.728470 0.496813 0.01 0.01
0 0.752120 0.480503 0.01 0.01
0 0.774953 0.486212 0.01 0.01
0 0.752120 0.447884 0.01 0.01
0 0.765168 0.419341 0.01 0.01
0 0.761906 0.395692 0.01 0.01
0 0.726839 0.374489 0.01 0.01
0 0.686880 0.358995 0.01 0.01
0 0.663231 0.362257 0.01 0.01
0 0.650183 0.358995 0.01 0.01
0 0.630611 0.376120 0.01 0.01
0 0.605331 0.389168 0.01 0.01
0 0.585759 0.370412 0.01 0.01
0 0.597176 0.349209 0.01 0.01
0 0.567002 0.345131 0.01 0.01
0 0.533567 0.353286 0.01 0.01
0 0.605331 0.264397 0.01 0.01
0 0.622456 0.250534 0.01 0.01
0 0.594729 0.248088 0.01 0.01
0 0.601253 0.233409 0.01 0.01
0 0.576788 0.241564 0.01 0.01
0 0.571895 0.230147 0.01 0.01
0 0.545800 0.229331 0.01 0.01
0 0.538460 0.217099 0.01 0.01
0 0.515626 0.222807 0.01 0.01
0 0.523781 0.202420 0.01 0.01
0 0.531936 0.182848 0.01 0.01
0 0.508287 0.179586 0.01 0.01
0 0.478114 0.212206 0.01 0.01
0 0.461804 0.194265 0.01 0.01
0 0.476483 0.175509 0.01 0.01
0 0.429999 0.189372 0.01 0.01
0 0.410427 0.194265 0.01 0.01
0 0.380254 0.177955 0.01 0.01
0 0.368837 0.191003 0.01 0.01
0 0.298705 0.169800 0.01 0.01
0 0.310122 0.193449 0.01 0.01
0 0.341110 0.186925 0.01 0.01
0 0.352527 0.158383 0.01 0.01
0 0.346003 0.130656 0.01 0.01
0 0.368837 0.103745 0.01 0.01
0 0.382701 0.143704 0.01 0.01
0 0.407981 0.133103 0.01 0.01
0 0.412058 0.161645 0.01 0.01
0 0.526228 0.156752 0.01 0.01
0 0.522966 0.135549 0.01 0.01
0 0.525412 0.103745 0.01 0.01
0 0.457726 0.155121 0.01 0.01
0 0.572711 0.208128 0.01 0.01
0 0.574342 0.193449 0.01 0.01
0 0.566187 0.169800 0.01 0.01
0 0.645290 0.288862 0.01 0.01
0 0.649367 0.262766 0.01 0.01
0 0.670570 0.319036 0.01 0.01
0 0.689327 0.314958 0.01 0.01
0 0.719500 0.323113 0.01 0.01
0 0.725208 0.303541 0.01 0.01
0 0.695035 0.267659 0.01 0.01
0 0.679541 0.227700 0.01 0.01
0 0.656707 0.238302 0.01 0.01
0 0.655076 0.208128 0.01 0.01
0 0.653445 0.191003 0.01 0.01
0 0.633873 0.193449 0.01 0.01
0 0.612670 0.213837 0.01 0.01
0 0.594729 0.204051 0.01 0.01
0 0.599622 0.192634 0.01 0.01
0 0.603700 0.178770 0.01 0.01
0 0.601253 0.167354 0.01 0.01
0 0.567002 0.305172 0.01 0.01
0 0.511549 0.292940 0.01 0.01
0 0.570264 0.136365 0.01 0.01
0 0.571080 0.118424 0.01 0.01
0 0.581681 0.461747 0.01 0.01
0 0.651814 0.407109 0.01 0.01
0 0.678725 0.394877 0.01 0.01
0 0.672201 0.414448 0.01 0.01
0 0.694220 0.426681 0.01 0.01
0 0.765168 0.305988 0.01 0.01
0 0.746411 0.258689 0.01 0.01
0 0.712976 0.239117 0.01 0.01
0 0.641212 0.156752 0.01 0.01
0 0.650183 0.120870 0.01 0.01
0 0.633873 0.103745 0.01 0.01
0 0.628980 0.120870 0.01 0.01
0 0.593914 0.101299 0.01 0.01
0 0.558847 0.088251 0.01 0.01
0 0.544984 0.087435 0.01 0.01
0 0.158440 0.146966 0.01 0.01
0 0.793710 0.453592 0.01 0.01
0 0.784739 0.361441 0.01 0.01
0 0.792894 0.336161 0.01 0.01
0 0.730917 0.350024 0.01 0.01
0 0.773322 0.247272 0.01 0.01
0 0.792894 0.241564 0.01 0.01
0 1.182293 0.535957 0.01 0.01
0 1.214097 0.532695 0.01 0.01
0 1.172507 0.505784 0.01 0.01
0 1.143149 0.543296 0.01 0.01
0 1.167614 0.563684 0.01 0.01
0 1.108083 0.514754 0.01 0.01
0 1.113791 0.499260 0.01 0.01
0 1.082803 0.491920 0.01 0.01
0 1.050998 0.433205 0.01 0.01
0 0.921335 0.427496 0.01 0.01
0 0.939276 0.376120 0.01 0.01
0 1.002884 0.452777 0.01 0.01
0 0.971080 0.435651 0.01 0.01
0 1.170060 0.370412 0.01 0.01
0 1.118684 0.367965 0.01 0.01
0 1.211651 0.421788 0.01 0.01
0 1.240193 0.429127 0.01 0.01
0 1.251610 0.469902 0.01 0.01
0 1.290754 0.361441 0.01 0.01
0 1.238562 0.348393 0.01 0.01
0 1.370672 0.404662 0.01 0.01
0 1.369857 0.373674 0.01 0.01
0 1.325820 0.388353 0.01 0.01
0 1.432650 0.444622 0.01 0.01
0 1.443251 0.393246 0.01 0.01
0 1.449775 0.347578 0.01 0.01
0 1.417155 0.336161 0.01 0.01
0 1.289530 0.316589 0.01 0.01
0 1.278929 0.314958 0.01 0.01
0 1.306656 0.264397 0.01 0.01
0 1.349062 0.301910 0.01 0.01
0 1.371895 0.304357 0.01 0.01
0 1.365371 0.267659 0.01 0.01
0 1.349877 0.271737 0.01 0.01
0 1.342538 0.256242 0.01 0.01
0 1.290346 0.247272 0.01 0.01
0 1.254464 0.254611 0.01 0.01
0 1.256095 0.236671 0.01 0.01
0 1.222660 0.248088 0.01 0.01
0 1.200642 0.271737 0.01 0.01
0 1.168837 0.283154 0.01 0.01
0 1.193302 0.320667 0.01 0.01
0 1.161498 0.340238 0.01 0.01
0 1.180254 0.326375 0.01 0.01
0 1.148450 0.311696 0.01 0.01
0 1.155789 0.276630 0.01 0.01
0 1.151712 0.247272 0.01 0.01
0 1.172099 0.235855 0.01 0.01
0 1.167206 0.211390 0.01 0.01
0 1.121539 0.239117 0.01 0.01
0 1.106860 0.235855 0.01 0.01
0 1.086472 0.245641 0.01 0.01
0 1.105229 0.282338 0.01 0.01
0 1.054668 0.269290 0.01 0.01
0 1.053037 0.198342 0.01 0.01
0 1.015524 0.207313 0.01 0.01
0 1.007369 0.164092 0.01 0.01
0 1.030203 0.164092 0.01 0.01
0 1.033465 0.125763 0.01 0.01
0 1.067716 0.155937 0.01 0.01
0 1.091365 0.164092 0.01 0.01
0 1.116646 0.160014 0.01 0.01
0 1.097889 0.131472 0.01 0.01
0 1.132140 0.130656 0.01 0.01
0 1.147634 0.111084 0.01 0.01
0 1.170468 0.089882 0.01 0.01
0 1.210427 0.139627 0.01 0.01
0 1.215320 0.124132 0.01 0.01
0 1.180254 0.155937 0.01 0.01
0 1.229999 0.178770 0.01 0.01
0 1.219398 0.198342 0.01 0.01
0 1.202273 0.224438 0.01 0.01
0 1.226737 0.216283 0.01 0.01
0 1.286268 0.210575 0.01 0.01
0 1.275667 0.189372 0.01 0.01
0 1.283006 0.158383 0.01 0.01
0 1.270774 0.145335 0.01 0.01
0 1.244678 0.141258 0.01 0.01
0 1.230815 0.139627 0.01 0.01
0 1.238970 0.121686 0.01 0.01
0 1.344169 0.216283 0.01 0.01
0 1.339276 0.186925 0.01 0.01
0 1.317257 0.164092 0.01 0.01
0 1.304209 0.186925 0.01 0.01
0 1.364556 0.183663 0.01 0.01
0 1.381681 0.181217 0.01 0.01
0 1.376788 0.120055 0.01 0.01
0 1.407777 0.118424 0.01 0.01
0 1.437950 0.266028 0.01 0.01
0 1.435504 0.207313 0.01 0.01
0 1.406146 0.204866 0.01 0.01
0 1.416748 0.188556 0.01 0.01
0 1.385759 0.263582 0.01 0.01
0 1.394729 0.247272 0.01 0.01
0 1.476279 0.207313 0.01 0.01
0 1.458338 0.193449 0.01 0.01
0 1.467308 0.175509 0.01 0.01
0 1.437950 0.185294 0.01 0.01
0 1.469755 0.114346 0.01 0.01
0 1.450183 0.084989 0.01 0.01
0 1.407777 0.092328 0.01 0.01
0 1.380050 0.097221 0.01 0.01
0 1.386574 0.064601 0.01 0.01
0 1.340091 0.129841 0.01 0.01
0 1.313180 0.137996 0.01 0.01
0 1.203088 0.082542 0.01 0.01
0 1.128063 0.086620 0.01 0.01
0 1.137848 0.058077 0.01 0.01
0 1.145188 0.050738 0.01 0.01
0 1.056299 0.101299 0.01 0.01
0 1.126432 0.195896 0.01 0.01
0 1.133771 0.181217 0.01 0.01
0 1.331121 0.339423 0.01 0.01
0 1.482803 0.340238 0.01 0.01
0 1.503190 0.347578 0.01 0.01
0 1.520315 0.288862 0.01 0.01
0 1.489327 0.270921 0.01 0.01
0 1.483618 0.253796 0.01 0.01
0 1.566799 0.294571 0.01 0.01
0 1.583108 0.275814 0.01 0.01
0 1.554566 0.146966 0.01 0.01
0 1.551304 0.101299 0.01 0.01
0 1.532548 0.095590 0.01 0.01
0 1.573322 0.098852 0.01 0.01
0 1.583108 0.087435 0.01 0.01
0 1.559459 0.076018 0.01 0.01
0 1.521131 0.079280 0.01 0.01
0 1.504821 0.080911 0.01 0.01
0 1.475463 0.075203 0.01 0.01
0 1.464046 0.052369 0.01 0.01
0 1.442843 0.053184 0.01 0.01
0 1.421641 0.054000 0.01 0.01
0 1.504821 0.108638 0.01 0.01
0 1.036727 0.069494 0.01 0.01
0 1.027757 0.072756 0.01 0.01
0 1.016340 0.069494 0.01 0.01
0 0.991875 0.070310 0.01 0.01
0 0.995952 0.056446 0.01 0.01
0 0.974750 0.065417 0.01 0.01
0 0.973934 0.053184 0.01 0.01
0 0.945392 0.067863 0.01 0.01
0 0.932344 0.067048 0.01 0.01
0 0.910326 0.086620 0.01 0.01
0 0.892385 0.071125 0.01 0.01
0 0.876075 0.090697 0.01 0.01
0 0.868735 0.118424 0.01 0.01
0 0.854872 0.121686 0.01 0.01
0 0.842640 0.112715 0.01 0.01
0 0.919296 0.118424 0.01 0.01
0 0.889938 0.141258 0.01 0.01
0 0.876890 0.227700 0.01 0.01
0 0.889938 0.221992 0.01 0.01
0 0.930713 0.222807 0.01 0.01
0 0.944576 0.221992 0.01 0.01
0 0.960886 0.227700 0.01 0.01
0 1.014709 0.419341 0.01 0.01
0 1.033465 0.406293 0.01 0.01
0 1.020417 0.380198 0.01 0.01
0 1.040805 0.323113 0.01 0.01
0 1.079948 0.351655 0.01 0.01
0 1.064454 0.376120 0.01 0.01
0 1.083210 0.392430 0.01 0.01
0 1.101151 0.360626 0.01 0.01
0 1.141926 0.356548 0.01 0.01
0 1.129694 0.447068 0.01 0.01
0 1.138664 0.468271 0.01 0.01
0 1.109306 0.467456 0.01 0.01
0 0.876890 0.478057 0.01 0.01
0 0.867104 0.465009 0.01 0.01
0 0.851610 0.441360 0.01 0.01
0 0.855687 0.402216 0.01 0.01
0 0.848348 0.383460 0.01 0.01
0 0.831223 0.381829 0.01 0.01
0 0.805127 0.406293 0.01 0.01
0 0.818175 0.433205 0.01 0.01
0 0.842640 0.326375 0.01 0.01
0 0.180458 0.080736 0.01 0.01
0 0.165779 0.069319 0.01 0.01
0 0.144576 0.023651 0.01 0.01
0 0.131528 0.017943 0.01 0.01
0 0.127451 0.048931 0.01 0.01
0 0.093200 0.057086 0.01 0.01
0 0.089123 0.044854 0.01 0.01
0 0.102171 0.030990 0.01 0.01
0 0.096462 0.008157 0.01 0.01
0 0.082599 0.031806 0.01 0.01
0 0.071997 0.035068 0.01 0.01
0 0.061396 0.055455 0.01 0.01
0 0.078521 0.048931 0.01 0.01
0 0.074444 0.065241 0.01 0.01
0 0.065473 0.012234 0.01 0.01
0 0.065473 0.005710 0.01 0.01
0 0.046717 0.010603 0.01 0.01
0 0.040193 0.020389 0.01 0.01
0 0.030407 0.035068 0.01 0.01
0 0.018175 0.023651 0.01 0.01
0 0.351712 0.039145 0.01 0.01
0 0.343557 0.031806 0.01 0.01
0 0.347634 0.026097 0.01 0.01
0 0.332140 0.033437 0.01 0.01
0 0.340295 0.010603 0.01 0.01
0 0.346819 0.008157 0.01 0.01
0 0.360682 0.008972 0.01 0.01
0 0.368022 0.006526 0.01 0.01
0 0.369653 0.017943 0.01 0.01
0 0.365575 0.039145 0.01 0.01
0 0.379439 0.042407 0.01 0.01
0 0.382701 0.028544 0.01 0.01
0 0.575973 0.051378 0.01 0.01
0 0.584943 0.039145 0.01 0.01
0 0.575973 0.037514 0.01 0.01
0 0.567002 0.034252 0.01 0.01
0 0.581681 0.016312 0.01 0.01
0 0.578419 0.029359 0.01 0.01
0 0.566187 0.013865 0.01 0.01
0 0.543353 0.025282 0.01 0.01
0 0.633873 0.037514 0.01 0.01
0 0.644474 0.039145 0.01 0.01
0 0.638766 0.055455 0.01 0.01
0 0.628164 0.059533 0.01 0.01
0 0.620010 0.074212 0.01 0.01
0 0.589021 0.088075 0.01 0.01
0 0.544984 0.067688 0.01 0.01
0 0.658338 0.059533 0.01 0.01
0 0.654260 0.048116 0.01 0.01
0 0.672201 0.036699 0.01 0.01
0 0.658338 0.025282 0.01 0.01
0 0.657522 0.016312 0.01 0.01
0 0.680356 0.019574 0.01 0.01
0 0.673017 0.004895 0.01 0.01
0 0.631426 0.004895 0.01 0.01
0 0.630611 0.022835 0.01 0.01
0 0.609408 0.003264 0.01 0.01
0 0.699112 0.063610 0.01 0.01
0 0.706452 0.048116 0.01 0.01
0 0.696666 0.039961 0.01 0.01
0 0.690142 0.023651 0.01 0.01
0 0.705636 0.022020 0.01 0.01
0 0.725208 0.031806 0.01 0.01
0 0.731732 0.055455 0.01 0.01
0 0.742334 0.066872 0.01 0.01
0 0.722762 0.118248 0.01 0.01
0 0.736625 0.107647 0.01 0.01
0 0.750489 0.106016 0.01 0.01
0 0.768430 0.106016 0.01 0.01
0 0.712160 0.106831 0.01 0.01
0 0.696666 0.105200 0.01 0.01
0 0.686065 0.123957 0.01 0.01
0 0.681987 0.106831 0.01 0.01
0 0.761090 0.235680 0.01 0.01
0 0.310122 0.008157 0.01 0.01
0 0.318277 0.006526 0.01 0.01
0 0.293812 0.012234 0.01 0.01
0 0.534383 0.016312 0.01 0.01
0 0.608593 0.022020 0.01 0.01
0 0.752935 0.017127 0.01 0.01
0 0.743965 0.016312 0.01 0.01
0 0.773322 0.031806 0.01 0.01
0 0.752935 0.040776 0.01 0.01
0 0.754566 0.028544 0.01 0.01
0 0.739887 0.039961 0.01 0.01
0 0.773322 0.008157 0.01 0.01
0 1.090142 0.028544 0.01 0.01
0 1.109714 0.025282 0.01 0.01
0 1.042843 0.048116 0.01 0.01
0 1.020010 0.040776 0.01 0.01
0 0.997176 0.040776 0.01 0.01
0 0.993098 0.022835 0.01 0.01
0 0.982497 0.042407 0.01 0.01
0 0.972711 0.031806 0.01 0.01
0 0.959663 0.039145 0.01 0.01
0 0.953954 0.029359 0.01 0.01
0 0.945800 0.022835 0.01 0.01
0 0.909918 0.048116 0.01 0.01
0 0.911549 0.034252 0.01 0.01
0 0.895239 0.031806 0.01 0.01
0 0.885453 0.048931 0.01 0.01
0 0.875667 0.033437 0.01 0.01
0 0.869143 0.061164 0.01 0.01
0 0.856095 0.057902 0.01 0.01
0 0.852833 0.044854 0.01 0.01
0 0.832446 0.060348 0.01 0.01
0 0.806350 0.057086 0.01 0.01
0 0.809612 0.082367 0.01 0.01
0 0.788409 0.067688 0.01 0.01
0 0.798195 0.042407 0.01 0.01
0 0.807981 0.030990 0.01 0.01
0 0.798195 0.027728 0.01 0.01
0 0.807981 0.016312 0.01 0.01
0 0.821029 0.008157 0.01 0.01
0 0.826737 0.030990 0.01 0.01
0 0.829184 0.040776 0.01 0.01
0 0.843047 0.033437 0.01 0.01
0 0.858542 0.027728 0.01 0.01
0 0.865881 0.026097 0.01 0.01
0 0.900132 0.022835 0.01 0.01
0 0.905025 0.008157 0.01 0.01
0 1.126024 0.048116 0.01 0.01
0 1.174138 0.045669 0.01 0.01
0 1.169245 0.036699 0.01 0.01
0 1.181477 0.026097 0.01 0.01
0 1.188001 0.043223 0.01 0.01
0 1.201865 0.053824 0.01 0.01
0 1.208389 0.048931 0.01 0.01
0 1.231223 0.035068 0.01 0.01
0 1.229592 0.019574 0.01 0.01
0 1.249163 0.027728 0.01 0.01
0 1.250794 0.005710 0.01 0.01
0 1.287492 0.031806 0.01 0.01
0 1.285045 0.013865 0.01 0.01
0 1.257318 0.119064 0.01 0.01
0 0.998807 0.123957 0.01 0.01
0 1.010224 0.122326 0.01 0.01
0 0.978419 0.016312 0.01 0.01
0 1.201049 0.027728 0.01 0.01
0 1.199418 0.013865 0.01 0.01
0 1.189632 0.010603 0.01 0.01
0 1.406962 0.052193 0.01 0.01
0 1.387390 0.044854 0.01 0.01
0 1.375157 0.043223 0.01 0.01
0 1.357216 0.048116 0.01 0.01
0 1.500743 0.057902 0.01 0.01
0 1.489327 0.053824 0.01 0.01
0 1.488511 0.036699 0.01 0.01
0 1.473832 0.039145 0.01 0.01
0 1.527655 0.022020 0.01 0.01
0 1.554566 0.026097 0.01 0.01
0 1.578215 0.023651 0.01 0.01
0 1.541518 0.066872 0.01 0.01
0 1.467716 0.012410 0.01 0.01
0 1.410631 0.004255 0.01 0.01
0 1.433465 0.010779 0.01 0.01
0 1.330713 0.004255 0.01 0.01
0 1.316034 0.031982 0.01 0.01
0 1.337237 0.028720 0.01 0.01
0 1.552527 0.005886 0.01 0.01
0 1.572099 0.005886 0.01 0.01
0 1.539479 0.005886 0.01 0.01
0 1.529694 0.004255 0.01 0.01
0 1.588409 0.004255 0.01 0.01
0 1.058338 0.028720 0.01 0.01
0 1.048552 0.028720 0.01 0.01
0 1.074648 0.022196 0.01 0.01
0 1.063231 0.049922 0.01 0.01
0 1.504821 0.012234 0.01 0.01
0 1.495035 0.005710 0.01 0.01
0 1.481987 0.008972 0.01 0.01
0 1.481987 0.029359 0.01 0.01
0 1.450183 0.017943 0.01 0.01
0 1.424087 0.025282 0.01 0.01
0 1.415932 0.019574 0.01 0.01
0 1.407777 0.028544 0.01 0.01
0 1.393914 0.022835 0.01 0.01
0 1.387390 0.030990 0.01 0.01
0 1.371080 0.008157 0.01 0.01
0 1.409408 0.012234 0.01 0.01
0 1.152527 0.013865 0.01 0.01
0 1.132140 0.013865 0.01 0.01
0 1.095443 0.010603 0.01 0.01
0 1.028572 0.027728 0.01 0.01
0 1.022864 0.008972 0.01 0.01
0 0.961702 0.003264 0.01 0.01
0 1.174546 0.004895 0.01 0.01
0 1.111753 0.011419 0.01 0.01
0 0.609408 0.135374 0.01 0.01
0 0.657522 0.132112 0.01 0.01
0 0.761090 0.073396 0.01 0.01
0 1.528470 0.039145 0.01 0.01
0 1.591263 0.027728 0.01 0.01
0 1.394729 0.494367 0.01 0.01
0 1.321335 0.483765 0.01 0.01
0 1.291977 0.493551 0.01 0.01
0 1.266697 0.494367 0.01 0.01
0 1.427349 0.552267 0.01 0.01
0 1.457522 0.526987 0.01 0.01
0 0.922120 1.003963 0.01 0.01
0 0.902939 1.024742 0.01 0.01
0 0.970072 1.026340 0.01 0.01
0 0.351491 0.476490 0.01 0.01
0 0.303539 0.473294 0.01 0.01
0 0.508134 0.335831 0.01 0.01
0 0.631211 0.342225 0.01 0.01
0 1.053189 0.482884 0.01 0.01
0 1.555087 0.126440 0.01 0.01
0 1.567874 0.645921 0.01 0.01
