0 0.042350 0.408594 0.01 0.01
0 0.223113 0.360681 0.01 0.01
0 0.399519 0.539265 0.01 0.01
0 0.488811 0.367214 0.01 0.01
0 0.724020 0.567577 0.01 0.01
0 0.819846 0.841987 0.01 0.01
0 0.610771 0.957414 0.01 0.01
0 0.928739 0.530554 0.01 0.01
0 1.026742 0.417305 0.01 0.01
0 1.251062 0.552332 0.01 0.01
0 1.390445 0.500064 0.01 0.01
0 1.503693 0.399882 0.01 0.01
0 1.484093 0.186452 0.01 0.01
0 1.542895 0.114583 0.01 0.01
0 1.564673 0.007868 0.01 0.01
0 1.420935 0.084093 0.01 0.01
0 1.346888 0.016579 0.01 0.01
0 1.320753 0.010045 0.01 0.01
0 1.344710 0.153784 0.01 0.01
0 1.309864 0.314946 0.01 0.01
0 1.268485 0.290989 0.01 0.01
0 1.161770 0.290989 0.01 0.01
0 1.142169 0.129828 0.01 0.01
0 1.163947 0.092804 0.01 0.01
0 1.200971 0.034002 0.01 0.01
0 1.122568 0.012223 0.01 0.01
0 1.033276 0.038358 0.01 0.01
0 1.013675 0.047069 0.01 0.01
0 1.000608 0.071025 0.01 0.01
0 0.989719 0.101516 0.01 0.01
0 0.959229 0.064492 0.01 0.01
0 0.911316 0.023113 0.01 0.01
0 0.867759 0.084093 0.01 0.01
0 0.891715 0.077559 0.01 0.01
0 0.852514 0.171207 0.01 0.01
0 0.981007 0.149428 0.01 0.01
0 1.041987 0.232187 0.01 0.01
0 1.063766 0.160318 0.01 0.01
0 0.933094 0.260499 0.01 0.01
0 0.998430 0.277922 0.01 0.01
0 0.896071 0.225653 0.01 0.01
0 0.684819 0.323657 0.01 0.01
0 0.682641 0.234365 0.01 0.01
0 0.676107 0.195163 0.01 0.01
0 0.671751 0.172840 0.01 0.01
0 0.754510 0.214220 0.01 0.01
0 0.770844 0.163040 0.01 0.01
0 0.663040 0.108049 0.01 0.01
0 0.617305 0.094982 0.01 0.01
0 0.551969 0.062314 0.01 0.01
0 0.506234 0.088448 0.01 0.01
0 0.512768 0.129828 0.01 0.01
0 0.462677 0.086271 0.01 0.01
0 0.475744 0.134183 0.01 0.01
0 0.294982 0.214764 0.01 0.01
0 0.205690 0.234365 0.01 0.01
0 0.066307 0.221298 0.01 0.01
0 0.072840 0.175563 0.01 0.01
0 0.118575 0.140717 0.01 0.01
0 0.181733 0.094982 0.01 0.01
0 0.212223 0.062314 0.01 0.01
0 0.255780 0.077559 0.01 0.01
0 0.125109 0.088448 0.01 0.01
0 0.053240 0.123294 0.01 0.01
0 0.055418 0.062314 0.01 0.01
0 0.007505 0.145073 0.01 0.01
0 0.014038 0.203875 0.01 0.01
0 0.529828 0.001878 0.01 0.01
0 0.631098 0.006234 0.01 0.01
0 0.685545 0.021479 0.01 0.01
0 0.733457 0.006234 0.01 0.01
0 0.562496 0.038902 0.01 0.01
0 1.046343 0.049791 0.01 0.01
0 1.175926 0.147795 0.01 0.01
0 1.436409 0.158287 0.01 0.01
0 0.249409 0.123656 0.01 0.01
0 0.125998 0.062787 0.01 0.01
0 0.004927 0.256432 0.01 0.01
0 0.480513 0.320981 0.01 0.01
0 0.277837 0.137202 0.01 0.01
0 0.362452 0.154593 0.01 0.01
0 0.391549 0.002419 0.01 0.01
0 0.590881 0.010780 0.01 0.01
0 0.562787 0.495228 0.01 0.01
0 0.977168 0.005429 0.01 0.01
