0 0.779504 0.518023 0.01 0.01
0 0.935060 0.396541 0.01 0.01
0 0.684690 0.249875 0.01 0.01
0 0.564690 0.266171 0.01 0.01
0 0.158764 0.295801 0.01 0.01
0 0.034319 0.289875 0.01 0.01
0 0.004690 0.408393 0.01 0.01
0 1.139504 0.206912 0.01 0.01
0 0.129319 0.047004 0.01 0.01
0 0.131912 0.096819 0.01 0.01
0 0.216541 0.029967 0.01 0.01
0 0.258393 0.072653 0.01 0.01
0 0.280615 0.138578 0.01 0.01
0 0.436912 0.078671 0.01 0.01
0 0.498023 0.113671 0.01 0.01
0 0.462930 0.006518 0.01 0.01
0 0.645986 0.051819 0.01 0.01
0 0.721541 0.083301 0.01 0.01
0 0.762838 0.045708 0.01 0.01
0 1.198764 0.167467 0.01 0.01
