0 0.038557 0.842778 0.01 0.01
0 0.301544 0.616804 0.01 0.01
0 0.303492 0.462907 0.01 0.01
0 0.587907 0.626544 0.01 0.01
0 0.646349 0.603167 0.01 0.01
0 0.850894 0.476544 0.01 0.01
0 1.137258 0.416154 0.01 0.01
0 1.080765 0.390830 0.01 0.01
0 1.041804 0.381089 0.01 0.01
0 0.909336 0.414206 0.01 0.01
0 1.281414 0.462907 0.01 0.01
0 1.589206 0.533037 0.01 0.01
0 1.409985 0.332388 0.01 0.01
0 1.335959 0.400570 0.01 0.01
0 1.139206 0.347972 0.01 0.01
0 1.096349 0.312907 0.01 0.01
0 1.088557 0.273946 0.01 0.01
0 1.002843 0.285635 0.01 0.01
0 0.922972 0.336284 0.01 0.01
0 0.889855 0.314855 0.01 0.01
0 0.535310 0.470700 0.01 0.01
0 0.492453 0.377193 0.01 0.01
0 0.459336 0.305115 0.01 0.01
0 0.771024 0.332388 0.01 0.01
0 0.702843 0.312907 0.01 0.01
0 0.693102 0.349920 0.01 0.01
0 0.580115 0.310959 0.01 0.01
0 0.570375 0.250570 0.01 0.01
0 0.646349 0.254466 0.01 0.01
0 0.720375 0.236933 0.01 0.01
0 0.745700 0.254466 0.01 0.01
0 0.778817 0.264206 0.01 0.01
0 0.833362 0.238881 0.01 0.01
0 0.880115 0.252518 0.01 0.01
0 0.917128 0.244726 0.01 0.01
0 0.870375 0.203817 0.01 0.01
0 1.298946 0.264206 0.01 0.01
0 1.341804 0.291479 0.01 0.01
0 1.429466 0.277843 0.01 0.01
0 0.157388 0.381089 0.01 0.01
0 0.280115 0.373297 0.01 0.01
0 0.213881 0.277843 0.01 0.01
0 0.225570 0.233037 0.01 0.01
0 0.171024 0.240830 0.01 0.01
0 0.098946 0.279791 0.01 0.01
0 0.038557 0.229141 0.01 0.01
0 0.020375 0.191641 0.01 0.01
0 0.045700 0.169239 0.01 0.01
0 0.022323 0.119563 0.01 0.01
0 0.022323 0.099109 0.01 0.01
0 0.030115 0.114693 0.01 0.01
0 0.037907 0.089368 0.01 0.01
0 0.014531 0.088394 0.01 0.01
0 0.000894 0.111771 0.01 0.01
0 0.085635 0.134174 0.01 0.01
0 0.056414 0.118589 0.01 0.01
0 0.093427 0.092291 0.01 0.01
0 0.112907 0.081576 0.01 0.01
0 0.105115 0.080602 0.01 0.01
0 0.127518 0.085472 0.01 0.01
0 0.114855 0.091317 0.01 0.01
0 0.149920 0.099109 0.01 0.01
0 0.146998 0.120537 0.01 0.01
0 0.210310 0.112745 0.01 0.01
0 0.206414 0.139044 0.01 0.01
0 0.235635 0.128330 0.01 0.01
0 0.189855 0.201381 0.01 0.01
0 0.133362 0.205278 0.01 0.01
0 0.086609 0.190667 0.01 0.01
0 0.070050 0.191641 0.01 0.01
0 0.274596 0.190667 0.01 0.01
0 0.304791 0.217940 0.01 0.01
0 0.343752 0.215018 0.01 0.01
0 0.346674 0.196511 0.01 0.01
0 0.314531 0.152680 0.01 0.01
0 0.297972 0.126381 0.01 0.01
0 0.313557 0.104953 0.01 0.01
0 0.314531 0.088394 0.01 0.01
0 0.348622 0.122485 0.01 0.01
0 0.337907 0.107875 0.01 0.01
0 0.311609 0.137096 0.01 0.01
0 0.408037 0.184823 0.01 0.01
0 0.422648 0.121511 0.01 0.01
0 0.428492 0.147810 0.01 0.01
0 0.446024 0.099109 0.01 0.01
0 0.464531 0.091317 0.01 0.01
0 0.446024 0.196511 0.01 0.01
0 0.422648 0.221836 0.01 0.01
0 0.566804 0.201381 0.01 0.01
0 0.596024 0.184823 0.01 0.01
0 0.585310 0.159498 0.01 0.01
0 0.596998 0.127355 0.01 0.01
0 0.544401 0.104953 0.01 0.01
0 0.577518 0.092291 0.01 0.01
0 0.623297 0.091317 0.01 0.01
0 0.647648 0.099109 0.01 0.01
0 0.667128 0.136122 0.01 0.01
0 0.664206 0.167291 0.01 0.01
0 0.625245 0.208200 0.01 0.01
0 0.686609 0.113719 0.01 0.01
0 0.653492 0.112745 0.01 0.01
0 0.712907 0.092291 0.01 0.01
0 0.752843 0.093265 0.01 0.01
0 0.764531 0.157550 0.01 0.01
0 0.797648 0.164368 0.01 0.01
0 0.820700 0.128330 0.01 0.01
0 0.853817 0.139044 0.01 0.01
0 0.839206 0.177031 0.01 0.01
0 0.872323 0.136122 0.01 0.01
0 0.884985 0.121511 0.01 0.01
0 0.902518 0.170213 0.01 0.01
0 0.921998 0.136122 0.01 0.01
0 0.933687 0.171187 0.01 0.01
0 0.984336 0.145862 0.01 0.01
0 0.952193 0.057226 0.01 0.01
0 0.947323 0.027031 0.01 0.01
0 0.905440 0.037745 0.01 0.01
0 0.981414 0.020213 0.01 0.01
0 1.042778 0.010472 0.01 0.01
0 1.062258 0.019239 0.01 0.01
0 1.036933 0.104953 0.01 0.01
0 1.106089 0.099109 0.01 0.01
0 1.161609 0.081576 0.01 0.01
0 1.183037 0.127355 0.01 0.01
0 1.117778 0.139044 0.01 0.01
0 1.206414 0.140018 0.01 0.01
0 1.158687 0.109823 0.01 0.01
0 1.271674 0.043589 0.01 0.01
0 1.394401 0.093265 0.01 0.01
0 1.315505 0.125407 0.01 0.01
0 1.268752 0.166317 0.01 0.01
0 1.245375 0.190667 0.01 0.01
0 1.221998 0.164368 0.01 0.01
0 1.111933 0.211122 0.01 0.01
0 1.075894 0.184823 0.01 0.01
0 1.048622 0.200407 0.01 0.01
0 1.033037 0.211122 0.01 0.01
0 1.042778 0.242291 0.01 0.01
0 1.113881 0.241317 0.01 0.01
0 1.192778 0.252031 0.01 0.01
0 1.199596 0.291966 0.01 0.01
0 1.271674 0.224758 0.01 0.01
0 1.312583 0.231576 0.01 0.01
0 1.368102 0.197485 0.01 0.01
0 1.448946 0.184823 0.01 0.01
0 1.486933 0.159498 0.01 0.01
0 1.535635 0.166317 0.01 0.01
0 1.510310 0.243265 0.01 0.01
0 1.500570 0.269563 0.01 0.01
0 1.593102 0.254466 0.01 0.01
0 1.591154 0.174596 0.01 0.01
0 1.567778 0.114206 0.01 0.01
0 0.757088 0.991853 0.01 0.01
0 0.860984 0.873572 0.01 0.01
0 0.939306 0.660984 0.01 0.01
0 1.091154 0.497947 0.01 0.01
0 0.838607 0.507538 0.01 0.01
0 0.662452 0.434359 0.01 0.01
0 1.490546 0.076165 0.01 0.01
