0 0.177250 0.555860 0.01 0.01
0 0.056395 0.454256 0.01 0.01
0 0.314149 1.049978 0.01 0.01
0 0.429657 0.474577 0.01 0.01
0 0.506740 0.454064 0.01 0.01
0 0.432508 0.277047 0.01 0.01
0 0.244071 0.304456 0.01 0.01
0 0.085327 0.200531 0.01 0.01
0 0.031651 0.118304 0.01 0.01
0 0.201815 0.090895 0.01 0.01
0 0.289753 0.182258 0.01 0.01
0 0.393678 0.201673 0.01 0.01
0 0.596962 0.251922 0.01 0.01
0 0.559274 0.181116 0.01 0.01
0 0.599246 0.159417 0.01 0.01
0 0.547854 0.093179 0.01 0.01
0 0.743143 0.150281 0.01 0.01
0 0.792251 0.206241 0.01 0.01
0 0.989824 0.165127 0.01 0.01
0 1.035506 0.141144 0.01 0.01
0 1.150852 0.277047 0.01 0.01
0 1.177119 0.309025 0.01 0.01
0 1.279902 0.293036 0.01 0.01
0 1.364414 0.271337 0.01 0.01
0 1.265056 0.118304 0.01 0.01
0 1.213664 0.124014 0.01 0.01
0 1.196533 0.151423 0.01 0.01
0 1.166840 0.147997 0.01 0.01
0 1.099460 0.082900 0.01 0.01
0 0.178975 0.973693 0.01 0.01
0 0.005384 0.159417 0.01 0.01
0 0.879902 0.067269 0.01 0.01
0 0.814806 0.069553 0.01 0.01
0 0.969553 0.066698 0.01 0.01
0 0.984970 0.079831 0.01 0.01
0 1.079189 0.065556 0.01 0.01
0 1.092322 0.047854 0.01 0.01
0 0.931009 0.026048 0.01 0.01
0 0.352693 0.012833 0.01 0.01
0 0.371873 0.012833 0.01 0.01
0 1.426819 0.008037 0.01 0.01
0 0.652419 0.003255 0.01 0.01
