0 0.167128 1.131089 0.01 0.01
0 0.291804 1.002518 0.01 0.01
0 0.233362 0.642128 0.01 0.01
0 0.145700 0.587583 0.01 0.01
0 0.065830 0.437583 0.01 0.01
0 0.089206 0.404466 0.01 0.01
0 0.196349 0.468752 0.01 0.01
0 0.346349 0.326544 0.01 0.01
0 0.408687 0.349920 0.01 0.01
0 0.622972 0.486284 0.01 0.01
0 0.529466 0.747323 0.01 0.01
0 0.465180 0.657713 0.01 0.01
0 0.621024 0.416154 0.01 0.01
0 0.587907 0.392778 0.01 0.01
0 1.034011 0.548622 0.01 0.01
0 1.180115 0.585635 0.01 0.01
0 1.515180 0.870050 0.01 0.01
0 1.435310 0.410310 0.01 0.01
0 1.213232 0.281739 0.01 0.01
0 1.127518 0.361609 0.01 0.01
0 0.985310 0.390830 0.01 0.01
0 0.792453 0.400570 0.01 0.01
0 0.747648 0.324596 0.01 0.01
0 0.850894 0.334336 0.01 0.01
0 0.889855 0.338232 0.01 0.01
0 0.895700 0.229141 0.01 0.01
0 0.971674 0.291479 0.01 0.01
0 1.002843 0.236933 0.01 0.01
0 1.074920 0.271998 0.01 0.01
0 1.098297 0.182388 0.01 0.01
0 1.579466 0.270050 0.01 0.01
0 0.359336 0.281252 0.01 0.01
0 0.392453 0.286122 0.01 0.01
0 0.378817 0.303654 0.01 0.01
0 0.379791 0.191641 0.01 0.01
0 0.516154 0.191641 0.01 0.01
0 0.572648 0.176057 0.01 0.01
0 0.623297 0.176057 0.01 0.01
0 0.688557 0.117615 0.01 0.01
0 0.652518 0.178979 0.01 0.01
0 0.676868 0.192615 0.01 0.01
0 0.749920 0.172161 0.01 0.01
0 0.702193 0.143914 0.01 0.01
0 0.693427 0.243265 0.01 0.01
0 0.658362 0.263719 0.01 0.01
0 0.621349 0.229628 0.01 0.01
0 1.130115 0.198459 0.01 0.01
0 1.005440 0.166317 0.01 0.01
0 0.821349 0.128330 0.01 0.01
0 0.861284 0.160472 0.01 0.01
0 0.917778 0.167291 0.01 0.01
0 1.017128 0.123459 0.01 0.01
0 1.045375 0.130278 0.01 0.01
0 1.062907 0.127355 0.01 0.01
0 1.087258 0.093265 0.01 0.01
0 1.131089 0.115667 0.01 0.01
0 1.119401 0.147810 0.01 0.01
0 1.173946 0.152680 0.01 0.01
0 1.196349 0.121511 0.01 0.01
0 1.183687 0.103005 0.01 0.01
0 1.218752 0.099109 0.01 0.01
0 1.244076 0.074758 0.01 0.01
0 1.279141 0.046511 0.01 0.01
0 1.259661 0.016317 0.01 0.01
0 1.290830 0.006576 0.01 0.01
0 1.317128 0.021187 0.01 0.01
0 1.345375 0.007550 0.01 0.01
0 1.356089 0.039693 0.01 0.01
0 1.329791 0.057226 0.01 0.01
0 1.312258 0.053330 0.01 0.01
0 1.295700 0.080602 0.01 0.01
0 1.349271 0.100083 0.01 0.01
0 1.320050 0.081576 0.01 0.01
0 1.337583 0.073784 0.01 0.01
0 1.324920 0.201381 0.01 0.01
0 1.283037 0.254953 0.01 0.01
0 1.236284 0.188719 0.01 0.01
0 1.355115 0.238394 0.01 0.01
0 1.445700 0.252031 0.01 0.01
0 1.425245 0.298784 0.01 0.01
0 1.507063 0.150732 0.01 0.01
0 1.536284 0.137096 0.01 0.01
0 1.539206 0.103005 0.01 0.01
0 1.466154 0.084498 0.01 0.01
0 1.471998 0.029953 0.01 0.01
0 1.492453 0.046511 0.01 0.01
0 1.533362 0.051381 0.01 0.01
