0 0.255445 0.534016 0.01 0.01
0 0.330570 0.690659 0.01 0.01
0 0.520780 0.808941 0.01 0.01
0 0.682218 0.581968 0.01 0.01
0 0.611889 0.585165 0.01 0.01
0 0.071229 0.541209 0.01 0.01
0 0.017683 0.538012 0.01 0.01
0 0.024076 0.508442 0.01 0.01
0 0.028072 0.444505 0.01 0.01
0 0.071229 0.450899 0.01 0.01
0 0.056044 0.500450 0.01 0.01
0 0.087213 0.501249 0.01 0.01
0 0.125575 0.480470 0.01 0.01
0 0.095205 0.451698 0.01 0.01
0 0.120780 0.446903 0.01 0.01
0 0.167133 0.487662 0.01 0.01
0 0.177523 0.465285 0.01 0.01
0 0.199901 0.490859 0.01 0.01
0 0.183117 0.447702 0.01 0.01
0 0.212688 0.446903 0.01 0.01
0 0.261439 0.502847 0.01 0.01
0 0.245455 0.475674 0.01 0.01
0 0.291009 0.470080 0.01 0.01
0 0.296604 0.503646 0.01 0.01
0 0.334966 0.510839 0.01 0.01
0 0.374926 0.517233 0.01 0.01
0 0.376524 0.581968 0.01 0.01
0 0.309391 0.460490 0.01 0.01
0 0.283017 0.436513 0.01 0.01
0 0.334966 0.447702 0.01 0.01
0 0.346154 0.463686 0.01 0.01
0 0.386114 0.446903 0.01 0.01
0 0.404496 0.460490 0.01 0.01
0 0.396504 0.494855 0.01 0.01
0 0.428472 0.510839 0.01 0.01
0 0.418082 0.485265 0.01 0.01
0 0.437263 0.468482 0.01 0.01
0 0.439661 0.444505 0.01 0.01
0 0.458042 0.490859 0.01 0.01
0 0.513987 0.500450 0.01 0.01
0 0.478822 0.502048 0.01 0.01
0 0.487613 0.452498 0.01 0.01
0 0.525975 0.446903 0.01 0.01
0 0.561939 0.499650 0.01 0.01
0 0.587513 0.492458 0.01 0.01
0 0.593107 0.452498 0.01 0.01
0 0.568332 0.445305 0.01 0.01
0 0.624276 0.508442 0.01 0.01
0 0.664236 0.544406 0.01 0.01
0 0.664236 0.517233 0.01 0.01
0 0.650650 0.482867 0.01 0.01
0 0.667433 0.482867 0.01 0.01
0 0.681819 0.501249 0.01 0.01
0 0.689011 0.526024 0.01 0.01
0 0.707393 0.523626 0.01 0.01
0 0.707393 0.495654 0.01 0.01
0 0.691409 0.478871 0.01 0.01
0 0.688212 0.463686 0.01 0.01
0 0.652248 0.456494 0.01 0.01
0 0.630670 0.458891 0.01 0.01
0 0.608292 0.451698 0.01 0.01
0 0.622678 0.441309 0.01 0.01
0 0.779721 0.561189 0.01 0.01
0 0.752548 0.542807 0.01 0.01
0 0.745355 0.489261 0.01 0.01
0 0.757343 0.481269 0.01 0.01
0 0.758942 0.463686 0.01 0.01
0 0.744556 0.458092 0.01 0.01
0 0.721379 0.466883 0.01 0.01
0 0.710190 0.453297 0.01 0.01
0 0.763737 0.447702 0.01 0.01
0 0.773327 0.456494 0.01 0.01
0 0.795705 0.509241 0.01 0.01
0 0.816484 0.551598 0.01 0.01
0 0.860440 0.560390 0.01 0.01
0 0.836464 0.524426 0.01 0.01
0 0.832468 0.501249 0.01 0.01
0 0.811689 0.493257 0.01 0.01
0 0.828472 0.462088 0.01 0.01
0 0.795705 0.460490 0.01 0.01
0 0.788512 0.442907 0.01 0.01
0 0.646254 0.426124 0.01 0.01
0 0.599901 0.434915 0.01 0.01
0 0.625475 0.430919 0.01 0.01
0 0.691009 0.425325 0.01 0.01
0 0.670230 0.424525 0.01 0.01
0 0.708592 0.417333 0.01 0.01
0 0.771729 0.431718 0.01 0.01
0 0.801299 0.436513 0.01 0.01
0 0.814086 0.446104 0.01 0.01
0 0.819681 0.426124 0.01 0.01
0 0.846054 0.460490 0.01 0.01
0 0.868432 0.514036 0.01 0.01
0 0.862038 0.486064 0.01 0.01
0 0.913187 0.514835 0.01 0.01
0 0.884416 0.511638 0.01 0.01
0 0.894006 0.518032 0.01 0.01
0 0.920380 0.552398 0.01 0.01
0 0.965935 0.547602 0.01 0.01
0 0.979521 0.505245 0.01 0.01
0 0.941959 0.485265 0.01 0.01
0 0.914786 0.482867 0.01 0.01
0 0.901199 0.465285 0.01 0.01
0 0.891609 0.450899 0.01 0.01
0 0.875625 0.446104 0.01 0.01
0 0.875625 0.432517 0.01 0.01
0 0.894806 0.433317 0.01 0.01
0 0.916384 0.425325 0.01 0.01
0 0.870830 0.422128 0.01 0.01
0 0.926774 0.465285 0.01 0.01
0 0.950750 0.456494 0.01 0.01
0 0.953947 0.420529 0.01 0.01
0 0.925975 0.436513 0.01 0.01
0 0.970730 0.479670 0.01 0.01
0 1.008292 0.494855 0.01 0.01
0 1.009091 0.545205 0.01 0.01
0 1.032268 0.574775 0.01 0.01
0 0.990710 0.673077 0.01 0.01
0 1.089011 0.569181 0.01 0.01
0 1.125775 0.542008 0.01 0.01
0 1.085815 0.527622 0.01 0.01
0 1.048252 0.502847 0.01 0.01
0 0.966734 0.431718 0.01 0.01
0 0.976324 0.424525 0.01 0.01
0 1.067433 0.460490 0.01 0.01
0 1.043457 0.459690 0.01 0.01
0 1.093807 0.441309 0.01 0.01
0 1.089011 0.486064 0.01 0.01
0 0.957143 0.442108 0.01 0.01
0 0.992308 0.438911 0.01 0.01
0 1.038662 0.429321 0.01 0.01
0 1.063437 0.442907 0.01 0.01
0 1.131369 0.489261 0.01 0.01
0 1.144956 0.520430 0.01 0.01
0 1.179321 0.529221 0.01 0.01
0 1.158542 0.497253 0.01 0.01
0 1.173727 0.470879 0.01 0.01
0 1.152148 0.460490 0.01 0.01
0 1.128972 0.464486 0.01 0.01
0 1.197703 0.461289 0.01 0.01
0 1.188112 0.480470 0.01 0.01
0 1.197703 0.498851 0.01 0.01
0 1.174526 0.447702 0.01 0.01
0 1.162538 0.453297 0.01 0.01
0 1.136164 0.451698 0.01 0.01
0 1.262438 0.513237 0.01 0.01
0 1.266434 0.538012 0.01 0.01
0 1.288812 0.501249 0.01 0.01
0 1.275225 0.454096 0.01 0.01
0 1.308792 0.462088 0.01 0.01
0 1.338362 0.466084 0.01 0.01
0 1.357543 0.456494 0.01 0.01
0 1.342358 0.443706 0.01 0.01
0 1.219281 0.451698 0.01 0.01
0 1.307193 0.440509 0.01 0.01
0 0.679668 0.444511 0.01 0.01
0 0.706519 0.443552 0.01 0.01
0 0.695011 0.435880 0.01 0.01
0 0.719945 0.430127 0.01 0.01
0 0.730494 0.421496 0.01 0.01
0 0.747756 0.442593 0.01 0.01
0 0.764058 0.437798 0.01 0.01
0 0.846531 0.434921 0.01 0.01
0 1.011477 0.442593 0.01 0.01
0 1.020108 0.457937 0.01 0.01
0 1.015313 0.477117 0.01 0.01
0 1.035452 0.479994 0.01 0.01
0 1.054632 0.472322 0.01 0.01
0 1.067099 0.485748 0.01 0.01
0 1.069976 0.434921 0.01 0.01
0 1.070935 0.421496 0.01 0.01
0 1.085319 0.416701 0.01 0.01
