0 0.494804 0.969804 0.01 0.01
0 0.724551 1.083728 0.01 0.01
0 0.701766 0.899551 0.01 0.01
0 0.978981 0.956513 0.01 0.01
0 0.916323 1.034361 0.01 0.01
0 0.923918 0.888158 0.01 0.01
0 1.041639 0.890057 0.01 0.01
0 1.140373 0.941323 0.01 0.01
0 1.189741 0.971703 0.01 0.01
0 1.227715 0.967905 0.01 0.01
0 1.214424 0.901449 0.01 0.01
0 1.303665 0.924234 0.01 0.01
0 1.400500 0.888158 0.01 0.01
0 1.499234 0.886259 0.01 0.01
0 1.438475 0.960310 0.01 0.01
0 0.337209 1.102715 0.01 0.01
0 0.219487 0.986892 0.01 0.01
0 0.348601 0.943222 0.01 0.01
0 0.304930 0.956513 0.01 0.01
0 0.092272 1.076133 0.01 0.01
0 0.037209 0.960310 0.01 0.01
0 0.147335 0.840690 0.01 0.01
0 0.177715 0.791323 0.01 0.01
0 0.219487 0.819804 0.01 0.01
0 0.301133 0.814108 0.01 0.01
0 0.361892 0.821703 0.01 0.01
0 0.403665 0.829297 0.01 0.01
0 0.627715 0.818380 0.01 0.01
0 0.641956 0.874392 0.01 0.01
0 0.547019 0.853506 0.01 0.01
0 0.492905 0.825025 0.01 0.01
0 0.453981 0.821228 0.01 0.01
0 0.482462 0.871544 0.01 0.01
0 0.687525 0.806987 0.01 0.01
0 0.795753 0.791797 0.01 0.01
0 0.802399 0.843063 0.01 0.01
0 0.858411 0.807937 0.01 0.01
0 0.863158 0.838316 0.01 0.01
0 0.944804 0.816481 0.01 0.01
0 0.988475 0.793696 0.01 0.01
0 1.015057 0.791797 0.01 0.01
0 0.410310 0.798443 0.01 0.01
0 0.427399 0.818380 0.01 0.01
0 0.448285 0.800342 0.01 0.01
0 0.465373 0.783253 0.01 0.01
0 0.465373 0.765215 0.01 0.01
0 0.453032 0.773759 0.01 0.01
0 0.697494 0.788237 0.01 0.01
0 0.689899 0.771623 0.01 0.01
0 0.689899 0.752636 0.01 0.01
0 0.762525 0.785864 0.01 0.01
0 0.734044 0.785864 0.01 0.01
0 0.738791 0.812446 0.01 0.01
0 0.782462 0.775896 0.01 0.01
0 0.556038 0.799155 0.01 0.01
0 0.545595 0.783491 0.01 0.01
0 0.571228 0.771149 0.01 0.01
0 0.576449 0.757383 0.01 0.01
0 0.558411 0.753585 0.01 0.01
0 0.544646 0.756908 0.01 0.01
0 0.519962 0.749313 0.01 0.01
0 0.529456 0.749313 0.01 0.01
0 0.532778 0.732699 0.01 0.01
0 0.611576 0.767351 0.01 0.01
0 0.634361 0.757858 0.01 0.01
0 0.857462 0.781117 0.01 0.01
0 0.606354 0.798206 0.01 0.01
0 0.756354 0.835231 0.01 0.01
0 0.589741 0.729377 0.01 0.01
0 0.603981 0.732699 0.01 0.01
0 0.612051 0.730801 0.01 0.01
0 0.570753 0.699946 0.01 0.01
0 0.588791 0.702320 0.01 0.01
0 0.620595 0.702320 0.01 0.01
0 0.527557 0.692826 0.01 0.01
0 0.540848 0.705642 0.01 0.01
0 0.550816 0.703269 0.01 0.01
0 0.558886 0.698997 0.01 0.01
0 0.546544 0.729851 0.01 0.01
0 0.553665 0.724155 0.01 0.01
0 0.562684 0.728902 0.01 0.01
0 0.652399 0.729377 0.01 0.01
0 0.816165 0.782541 0.01 0.01
0 0.840848 0.780642 0.01 0.01
0 0.847019 0.768301 0.01 0.01
0 0.857937 0.753585 0.01 0.01
0 0.688000 0.829060 0.01 0.01
0 0.662367 0.823839 0.01 0.01
0 0.628190 0.790136 0.01 0.01
0 0.636259 0.770199 0.01 0.01
0 0.643854 0.744566 0.01 0.01
0 0.621544 0.744566 0.01 0.01
0 0.633411 0.737921 0.01 0.01
0 0.641006 0.736022 0.01 0.01
0 0.645278 0.731275 0.01 0.01
0 0.593063 0.744092 0.01 0.01
0 0.527082 0.816718 0.01 0.01
0 0.564582 0.815769 0.01 0.01
0 0.818063 0.763554 0.01 0.01
0 0.891165 0.758332 0.01 0.01
0 0.773443 0.747415 0.01 0.01
0 0.762525 0.741244 0.01 0.01
0 0.660468 0.780168 0.01 0.01
0 0.660468 0.737446 0.01 0.01
0 0.674709 0.734598 0.01 0.01
0 1.245278 0.787288 0.01 0.01
0 1.302241 0.784440 0.01 0.01
0 1.324076 0.785389 0.01 0.01
0 1.345911 0.787763 0.01 0.01
0 1.321228 0.763079 0.01 0.01
0 1.346861 0.761655 0.01 0.01
0 1.277557 0.811972 0.01 0.01
0 1.266165 0.793934 0.01 0.01
0 1.219646 0.825263 0.01 0.01
0 1.174551 0.810547 0.01 0.01
0 1.165057 0.780642 0.01 0.01
0 1.169804 0.766402 0.01 0.01
0 1.147968 0.766402 0.01 0.01
0 1.103823 0.790611 0.01 0.01
0 1.110943 0.777320 0.01 0.01
0 1.116639 0.766402 0.01 0.01
0 1.032146 0.757858 0.01 0.01
0 1.000816 0.773997 0.01 0.01
0 0.970911 0.756908 0.01 0.01
0 0.988949 0.757858 0.01 0.01
0 1.014108 0.756434 0.01 0.01
0 1.006513 0.746465 0.01 0.01
0 1.155563 0.862288 0.01 0.01
0 1.175025 0.844725 0.01 0.01
0 1.278032 0.848047 0.01 0.01
0 1.314108 0.848047 0.01 0.01
0 1.283253 0.829535 0.01 0.01
0 1.317905 0.816244 0.01 0.01
0 1.347810 0.825737 0.01 0.01
0 1.219171 0.793934 0.01 0.01
0 1.202082 0.787288 0.01 0.01
0 1.212525 0.743617 0.01 0.01
0 1.184044 0.757858 0.01 0.01
0 1.156038 0.747889 0.01 0.01
0 1.161734 0.753111 0.01 0.01
0 1.168380 0.760706 0.01 0.01
0 1.141797 0.816244 0.01 0.01
0 1.086259 0.823839 0.01 0.01
0 1.082462 0.807225 0.01 0.01
0 1.063000 0.792035 0.01 0.01
0 1.136576 0.832858 0.01 0.01
0 1.134677 0.802003 0.01 0.01
0 1.280405 0.769725 0.01 0.01
0 1.074392 0.749313 0.01 0.01
0 1.054930 0.752636 0.01 0.01
0 1.024076 0.741718 0.01 0.01
0 1.115690 0.745041 0.01 0.01
0 1.140373 0.749313 0.01 0.01
0 1.131354 0.759756 0.01 0.01
0 1.139899 0.756908 0.01 0.01
0 1.288000 0.751687 0.01 0.01
0 1.246703 0.747889 0.01 0.01
0 1.348285 0.743617 0.01 0.01
0 1.222968 0.774472 0.01 0.01
0 1.041639 0.777320 0.01 0.01
0 1.090532 0.766402 0.01 0.01
0 0.997019 0.736497 0.01 0.01
0 0.980880 0.731275 0.01 0.01
0 0.971386 0.742668 0.01 0.01
0 0.984203 0.743142 0.01 0.01
0 1.299867 0.731750 0.01 0.01
0 1.307937 0.733649 0.01 0.01
0 1.308411 0.753585 0.01 0.01
0 0.218222 0.856354 0.01 0.01
0 0.590373 0.884835 0.01 0.01
0 0.245753 0.764978 0.01 0.01
0 0.258570 0.761655 0.01 0.01
0 0.281829 0.798206 0.01 0.01
0 0.316956 0.780642 0.01 0.01
0 0.355880 0.775421 0.01 0.01
0 0.399551 0.738870 0.01 0.01
0 0.370120 0.791560 0.01 0.01
0 0.214424 0.767351 0.01 0.01
0 0.217272 0.744092 0.01 0.01
0 0.181671 0.734123 0.01 0.01
0 0.193063 0.730801 0.01 0.01
0 0.158886 0.733649 0.01 0.01
0 0.135627 0.727478 0.01 0.01
0 0.120437 0.729377 0.01 0.01
0 0.095753 0.732225 0.01 0.01
0 0.087209 0.758807 0.01 0.01
0 0.131829 0.795832 0.01 0.01
0 0.110468 0.801528 0.01 0.01
0 0.091006 0.792035 0.01 0.01
0 0.122335 0.783016 0.01 0.01
0 0.156513 0.763079 0.01 0.01
0 0.203032 0.755009 0.01 0.01
0 0.187367 0.771623 0.01 0.01
0 0.283253 0.739820 0.01 0.01
0 0.282778 0.727478 0.01 0.01
0 0.290848 0.721307 0.01 0.01
0 0.328823 0.730326 0.01 0.01
0 0.338791 0.726054 0.01 0.01
0 0.302241 0.738870 0.01 0.01
0 0.353506 0.757383 0.01 0.01
0 0.412842 0.730801 0.01 0.01
0 0.440373 0.730326 0.01 0.01
0 0.455563 0.730801 0.01 0.01
0 0.451291 0.745516 0.01 0.01
0 0.334994 0.745516 0.01 0.01
0 0.278981 0.764978 0.01 0.01
0 0.240057 0.790611 0.01 0.01
0 0.209677 0.794883 0.01 0.01
0 0.231513 0.803902 0.01 0.01
0 0.196861 0.792509 0.01 0.01
0 0.137051 0.774946 0.01 0.01
0 0.223443 0.732225 0.01 0.01
0 0.310785 0.725579 0.01 0.01
0 0.373443 0.732699 0.01 0.01
0 0.395753 0.722731 0.01 0.01
0 0.356829 0.745041 0.01 0.01
0 0.291797 0.764978 0.01 0.01
0 0.239582 0.743142 0.01 0.01
0 0.372968 0.763079 0.01 0.01
0 0.091956 0.888633 0.01 0.01
0 0.019804 0.842114 0.01 0.01
0 0.073918 0.809835 0.01 0.01
0 0.031196 0.759519 0.01 0.01
0 0.016956 0.720595 0.01 0.01
0 0.901766 0.616165 0.01 0.01
0 0.337842 0.674076 0.01 0.01
0 0.397652 0.693063 0.01 0.01
0 0.401924 0.695199 0.01 0.01
0 0.477399 0.695674 0.01 0.01
0 0.486892 0.694250 0.01 0.01
0 0.500658 0.697573 0.01 0.01
0 0.502557 0.698997 0.01 0.01
0 0.419962 0.695199 0.01 0.01
0 0.439899 0.697573 0.01 0.01
0 0.445595 0.692351 0.01 0.01
0 0.372494 0.689028 0.01 0.01
0 0.344487 0.680959 0.01 0.01
0 0.284677 0.678111 0.01 0.01
0 0.426608 0.779218 0.01 0.01
0 1.406513 0.795595 0.01 0.01
0 1.381829 0.754772 0.01 0.01
0 1.363791 0.747177 0.01 0.01
0 1.539424 0.746228 0.01 0.01
0 1.572652 0.767114 0.01 0.01
0 1.509994 0.753823 0.01 0.01
0 1.500500 0.759519 0.01 0.01
0 1.482462 0.768063 0.01 0.01
0 1.455880 0.768063 0.01 0.01
0 1.430247 0.760468 0.01 0.01
0 1.402715 0.752873 0.01 0.01
0 1.472968 0.808886 0.01 0.01
0 1.475816 0.842114 0.01 0.01
0 1.578348 0.805089 0.01 0.01
0 1.516639 0.797494 0.01 0.01
0 1.530880 0.777557 0.01 0.01
0 0.972652 0.855405 0.01 0.01
0 0.914741 0.846861 0.01 0.01
0 1.555563 0.706354 0.01 0.01
0 1.567905 0.693063 0.01 0.01
0 1.592589 0.850658 0.01 0.01
0 0.909044 0.743380 0.01 0.01
0 0.908095 0.728190 0.01 0.01
0 0.898601 0.730089 0.01 0.01
0 0.889108 0.734835 0.01 0.01
0 0.869171 0.736734 0.01 0.01
0 0.878665 0.732937 0.01 0.01
0 0.826449 0.732937 0.01 0.01
0 0.815057 0.726291 0.01 0.01
0 0.918538 0.790848 0.01 0.01
0 0.906196 0.795595 0.01 0.01
0 0.894804 0.780405 0.01 0.01
0 0.930880 0.780405 0.01 0.01
0 0.825500 0.837367 0.01 0.01
0 0.953665 0.763316 0.01 0.01
0 0.929930 0.760468 0.01 0.01
0 0.363791 0.867272 0.01 0.01
0 0.278348 0.903348 0.01 0.01
0 0.671541 0.704873 0.01 0.01
0 0.693098 0.706166 0.01 0.01
0 0.697409 0.700562 0.01 0.01
0 0.712068 0.701855 0.01 0.01
0 0.728883 0.705735 0.01 0.01
0 0.728452 0.713065 0.01 0.01
0 0.735350 0.704011 0.01 0.01
0 0.633600 0.704873 0.01 0.01
0 0.654295 0.701855 0.01 0.01
0 0.644379 0.704011 0.01 0.01
0 0.495634 0.772563 0.01 0.01
0 0.484424 0.749712 0.01 0.01
0 0.781914 0.796707 0.01 0.01
0 0.834082 0.815677 0.01 0.01
0 0.703014 0.878624 0.01 0.01
0 1.474551 0.937525 0.01 0.01
0 0.710903 0.756966 0.01 0.01
0 0.718609 0.743481 0.01 0.01
0 0.719893 0.734490 0.01 0.01
0 0.734021 0.738343 0.01 0.01
0 0.730810 0.746049 0.01 0.01
0 0.735948 0.747334 0.01 0.01
0 0.739801 0.731279 0.01 0.01
0 0.746222 0.728711 0.01 0.01
0 0.750718 0.734490 0.01 0.01
0 0.759066 0.726784 0.01 0.01
0 0.777689 0.731922 0.01 0.01
0 0.777047 0.722289 0.01 0.01
0 0.790532 0.719078 0.01 0.01
0 0.788606 0.729995 0.01 0.01
0 0.797596 0.729995 0.01 0.01
0 0.806587 0.731922 0.01 0.01
0 0.802092 0.723573 0.01 0.01
0 0.796954 0.721005 0.01 0.01
0 0.805302 0.720362 0.01 0.01
0 0.592743 0.772379 0.01 0.01
0 0.827136 0.740912 0.01 0.01
0 0.807229 0.749903 0.01 0.01
0 0.800807 0.745407 0.01 0.01
0 0.789248 0.755040 0.01 0.01
0 0.782184 0.758893 0.01 0.01
0 0.768698 0.751829 0.01 0.01
0 0.721820 0.773663 0.01 0.01
0 0.721820 0.760819 0.01 0.01
0 0.657602 0.760819 0.01 0.01
0 0.841816 0.735082 0.01 0.01
0 0.841816 0.725361 0.01 0.01
0 0.863690 0.736297 0.01 0.01
0 0.857614 0.733867 0.01 0.01
0 0.856399 0.722930 0.01 0.01
0 0.863690 0.720500 0.01 0.01
0 0.875842 0.722930 0.01 0.01
0 0.890424 0.722930 0.01 0.01
0 0.869766 0.755741 0.01 0.01
0 0.878272 0.755741 0.01 0.01
0 0.924180 0.739512 0.01 0.01
0 0.923158 0.730313 0.01 0.01
0 0.918047 0.722135 0.01 0.01
0 0.931335 0.726224 0.01 0.01
0 0.933379 0.734401 0.01 0.01
0 0.942578 0.730313 0.01 0.01
0 0.945645 0.741556 0.01 0.01
0 0.952800 0.735423 0.01 0.01
0 0.965066 0.726224 0.01 0.01
0 0.963021 0.736445 0.01 0.01
0 0.959955 0.732357 0.01 0.01
0 0.988575 0.730313 0.01 0.01
0 1.016173 0.732357 0.01 0.01
0 1.015151 0.737468 0.01 0.01
0 1.027417 0.729290 0.01 0.01
0 1.039682 0.733379 0.01 0.01
0 1.049904 0.728268 0.01 0.01
0 1.046837 0.744623 0.01 0.01
0 1.060125 0.733379 0.01 0.01
0 1.072391 0.731335 0.01 0.01
0 1.080568 0.728268 0.01 0.01
0 1.088745 0.729290 0.01 0.01
0 1.098967 0.728268 0.01 0.01
0 1.098967 0.735423 0.01 0.01
0 1.111233 0.733379 0.01 0.01
0 1.118388 0.727246 0.01 0.01
0 1.127587 0.732357 0.01 0.01
0 1.131675 0.740534 0.01 0.01
0 1.137808 0.737468 0.01 0.01
0 1.136786 0.731335 0.01 0.01
0 1.149052 0.735423 0.01 0.01
0 1.155185 0.734401 0.01 0.01
0 1.170517 0.739512 0.01 0.01
0 1.181761 0.742578 0.01 0.01
0 1.190960 0.741556 0.01 0.01
0 1.199137 0.739512 0.01 0.01
0 1.225032 0.743601 0.01 0.01
0 1.261829 0.737468 0.01 0.01
0 1.274095 0.735423 0.01 0.01
0 1.263873 0.758933 0.01 0.01
0 1.254674 0.778353 0.01 0.01
0 1.270006 0.779376 0.01 0.01
0 1.250585 0.765066 0.01 0.01
0 1.246497 0.726224 0.01 0.01
0 1.255696 0.722135 0.01 0.01
0 1.286360 0.724180 0.01 0.01
0 1.258762 0.712936 0.01 0.01
0 1.246497 0.710892 0.01 0.01
