0 0.301483 0.808716 0.01 0.01
0 0.382059 0.775462 0.01 0.01
0 0.327063 0.719187 0.01 0.01
0 0.387175 0.705118 0.01 0.01
0 0.379501 0.665470 0.01 0.01
0 0.443450 0.671865 0.01 0.01
0 0.324505 0.611753 0.01 0.01
0 0.302762 0.563152 0.01 0.01
0 0.323226 0.564431 0.01 0.01
0 0.282298 0.555478 0.01 0.01
0 0.261835 0.547804 0.01 0.01
0 0.256719 0.559315 0.01 0.01
0 0.240092 0.555478 0.01 0.01
0 0.279741 0.572105 0.01 0.01
0 0.205560 0.542688 0.01 0.01
0 0.174864 0.545246 0.01 0.01
0 0.174864 0.563152 0.01 0.01
0 0.165912 0.563152 0.01 0.01
0 0.201723 0.568268 0.01 0.01
0 0.169749 0.577221 0.01 0.01
0 0.185096 0.587453 0.01 0.01
0 0.139053 0.583616 0.01 0.01
0 0.096847 0.568268 0.01 0.01
0 0.103242 0.591289 0.01 0.01
0 0.041851 0.605358 0.01 0.01
0 0.044409 0.573384 0.01 0.01
0 0.025224 0.598963 0.01 0.01
0 0.009876 0.573384 0.01 0.01
0 0.026503 0.551641 0.01 0.01
0 0.046967 0.510714 0.01 0.01
0 0.081499 0.522225 0.01 0.01
0 0.103242 0.518388 0.01 0.01
0 0.136495 0.523504 0.01 0.01
0 0.114753 0.510714 0.01 0.01
0 0.123705 0.702560 0.01 0.01
0 0.195328 0.739651 0.01 0.01
0 0.245208 0.668028 0.01 0.01
0 0.268230 0.618148 0.01 0.01
0 0.260556 0.572105 0.01 0.01
0 0.238813 0.739651 0.01 0.01
0 0.465192 0.551641 0.01 0.01
0 0.516351 0.565710 0.01 0.01
0 0.632738 0.551641 0.01 0.01
0 0.699245 0.541409 0.01 0.01
0 0.621227 0.600242 0.01 0.01
0 0.566231 0.639891 0.01 0.01
0 0.515072 0.665470 0.01 0.01
0 0.628901 0.648843 0.01 0.01
0 0.610996 0.653959 0.01 0.01
0 0.655760 0.660354 0.01 0.01
0 0.639133 0.683376 0.01 0.01
0 0.619948 0.707676 0.01 0.01
0 0.575184 0.720466 0.01 0.01
0 0.617390 0.740930 0.01 0.01
0 0.658318 0.716629 0.01 0.01
0 0.741451 0.802321 0.01 0.01
0 0.790052 0.817668 0.01 0.01
0 0.799005 0.737093 0.01 0.01
0 0.700524 0.725582 0.01 0.01
0 0.745288 0.711513 0.01 0.01
0 0.735056 0.684655 0.01 0.01
0 0.787494 0.668028 0.01 0.01
0 0.811795 0.629659 0.01 0.01
0 0.875744 0.650122 0.01 0.01
0 0.855280 0.725582 0.01 0.01
0 0.828422 0.707676 0.01 0.01
0 0.893649 0.698724 0.01 0.01
0 0.880860 0.710234 0.01 0.01
0 0.892370 0.862433 0.01 0.01
0 0.935856 0.882896 0.01 0.01
0 0.884697 0.913592 0.01 0.01
0 1.066311 0.830458 0.01 0.01
0 1.075264 0.904639 0.01 0.01
0 1.145608 0.818947 0.01 0.01
0 1.132818 0.761393 0.01 0.01
0 1.018989 0.729419 0.01 0.01
0 1.039453 0.707676 0.01 0.01
0 0.995968 0.680818 0.01 0.01
0 0.934577 0.671865 0.01 0.01
0 0.942251 0.623264 0.01 0.01
0 0.975504 0.645006 0.01 0.01
0 0.970388 0.618148 0.01 0.01
0 0.908997 0.620706 0.01 0.01
0 0.934577 0.537572 0.01 0.01
0 1.105960 0.659075 0.01 0.01
0 1.192930 0.671865 0.01 0.01
0 1.113633 0.725582 0.01 0.01
0 1.190372 0.844527 0.01 0.01
0 1.200604 0.813831 0.01 0.01
0 1.221067 0.831737 0.01 0.01
0 1.232578 0.804879 0.01 0.01
0 1.268390 0.864991 0.01 0.01
0 1.259437 0.756277 0.01 0.01
0 1.230020 0.665470 0.01 0.01
0 1.297806 0.659075 0.01 0.01
0 1.308038 0.719187 0.01 0.01
0 1.281179 0.950682 0.01 0.01
0 1.368150 0.775462 0.01 0.01
0 1.464073 0.808716 0.01 0.01
0 1.473026 0.958356 0.01 0.01
0 1.533138 0.824063 0.01 0.01
0 1.506279 0.811273 0.01 0.01
0 1.566391 0.847085 0.01 0.01
0 1.551043 0.756277 0.01 0.01
0 1.533138 0.716629 0.01 0.01
0 1.515232 0.711513 0.01 0.01
0 1.464073 0.729419 0.01 0.01
0 1.484537 0.696166 0.01 0.01
0 1.475584 0.683376 0.01 0.01
0 1.456399 0.660354 0.01 0.01
0 1.458957 0.618148 0.01 0.01
0 1.485816 0.650122 0.01 0.01
0 1.506279 0.647564 0.01 0.01
0 1.501163 0.629659 0.01 0.01
0 1.588134 0.611753 0.01 0.01
0 1.563833 0.696166 0.01 0.01
0 1.597087 0.737093 0.01 0.01
0 1.380940 0.683376 0.01 0.01
0 0.971667 0.671865 0.01 0.01
0 0.943529 0.639891 0.01 0.01
0 1.351523 0.647564 0.01 0.01
0 1.411635 0.659075 0.01 0.01
0 1.567670 0.645006 0.01 0.01
0 0.133937 0.509435 0.01 0.01
0 0.086615 0.497924 0.01 0.01
0 0.634017 0.801042 0.01 0.01
0 1.020268 0.624543 0.01 0.01
0 0.961435 0.556757 0.01 0.01
0 0.993410 0.550362 0.01 0.01
0 1.004920 0.537572 0.01 0.01
0 1.260716 0.716629 0.01 0.01
0 1.319549 0.574663 0.01 0.01
0 1.288853 0.560594 0.01 0.01
0 1.255600 0.560594 0.01 0.01
0 1.162235 0.568268 0.01 0.01
0 1.140492 0.560594 0.01 0.01
0 1.176303 0.555478 0.01 0.01
0 0.487742 0.509978 0.01 0.01
0 1.475480 0.509978 0.01 0.01
