0 0.256774 0.586361 0.01 0.01
0 0.284543 0.427683 0.01 0.01
0 0.102063 0.370162 0.01 0.01
0 0.090162 0.255121 0.01 0.01
0 0.086196 0.163881 0.01 0.01
0 0.121898 0.146030 0.01 0.01
0 0.322229 0.159915 0.01 0.01
0 0.377766 0.161898 0.01 0.01
0 0.516609 0.217435 0.01 0.01
0 0.455121 0.322559 0.01 0.01
0 0.564212 0.471319 0.01 0.01
0 0.603881 0.439584 0.01 0.01
0 0.766526 0.509005 0.01 0.01
0 0.227022 0.312642 0.01 0.01
0 0.137766 0.007187 0.01 0.01
0 0.026691 0.005204 0.01 0.01
0 0.201237 0.011154 0.01 0.01
0 0.950989 0.641898 0.01 0.01
0 0.752642 0.368179 0.01 0.01
0 1.081898 0.451485 0.01 0.01
0 0.931154 0.489171 0.01 0.01
0 1.284212 0.546691 0.01 0.01
0 1.252477 0.530824 0.01 0.01
0 1.397270 0.443551 0.01 0.01
0 0.865700 0.074873 0.01 0.01
0 0.877600 0.070906 0.01 0.01
0 0.941072 0.119997 0.01 0.01
0 0.763551 0.113551 0.01 0.01
0 0.789832 0.101650 0.01 0.01
0 0.781402 0.130906 0.01 0.01
0 0.818096 0.146774 0.01 0.01
0 0.872642 0.142807 0.01 0.01
0 0.894956 0.155204 0.01 0.01
0 0.899419 0.179997 0.01 0.01
0 0.877600 0.228592 0.01 0.01
0 0.833468 0.251898 0.01 0.01
0 0.833964 0.211733 0.01 0.01
0 0.929171 0.189419 0.01 0.01
0 0.941072 0.205286 0.01 0.01
0 0.971815 0.174543 0.01 0.01
0 0.983716 0.154212 0.01 0.01
0 0.964873 0.114543 0.01 0.01
0 1.039253 0.188427 0.01 0.01
0 1.011485 0.257353 0.01 0.01
0 0.947022 0.269253 0.01 0.01
0 1.113634 0.264791 0.01 0.01
0 1.067022 0.221154 0.01 0.01
0 1.090824 0.226113 0.01 0.01
0 1.088840 0.174543 0.01 0.01
0 1.052642 0.168096 0.01 0.01
0 1.050162 0.074377 0.01 0.01
0 1.017435 0.082311 0.01 0.01
0 1.094791 0.081815 0.01 0.01
0 1.010989 0.055038 0.01 0.01
0 1.033799 0.056526 0.01 0.01
0 1.063055 0.054543 0.01 0.01
0 1.073468 0.056526 0.01 0.01
0 1.084377 0.077353 0.01 0.01
0 0.856278 0.101154 0.01 0.01
0 0.750162 0.004460 0.01 0.01
0 0.770989 0.017848 0.01 0.01
0 0.772477 0.004956 0.01 0.01
0 0.784377 0.006443 0.01 0.01
0 0.977766 0.373634 0.01 0.01
0 0.992642 0.349832 0.01 0.01
0 1.137435 0.374625 0.01 0.01
0 1.099749 0.341898 0.01 0.01
0 0.954956 0.289336 0.01 0.01
0 1.123551 0.063220 0.01 0.01
0 1.253468 0.251650 0.01 0.01
0 1.154295 0.307187 0.01 0.01
0 1.189005 0.267518 0.01 0.01
0 1.208840 0.247683 0.01 0.01
0 1.160245 0.168344 0.01 0.01
0 1.176609 0.166361 0.01 0.01
0 1.191981 0.182724 0.01 0.01
0 1.196443 0.189171 0.01 0.01
0 1.204377 0.161898 0.01 0.01
0 1.224708 0.159915 0.01 0.01
0 1.308014 0.116774 0.01 0.01
0 1.320906 0.121733 0.01 0.01
0 1.353138 0.112311 0.01 0.01
0 1.206857 0.066196 0.01 0.01
0 1.273799 0.104873 0.01 0.01
0 1.288179 0.093468 0.01 0.01
0 1.238592 0.096443 0.01 0.01
0 1.259915 0.110824 0.01 0.01
0 1.212311 0.084543 0.01 0.01
0 1.179088 0.100410 0.01 0.01
0 1.137435 0.093468 0.01 0.01
0 1.145369 0.101402 0.01 0.01
0 1.006526 0.602229 0.01 0.01
0 1.445865 0.188179 0.01 0.01
0 1.470410 0.212229 0.01 0.01
0 1.489501 0.230328 0.01 0.01
0 1.458510 0.233303 0.01 0.01
0 1.456278 0.254625 0.01 0.01
0 1.381898 0.144543 0.01 0.01
0 1.424543 0.113799 0.01 0.01
0 1.431981 0.125204 0.01 0.01
0 1.476113 0.102394 0.01 0.01
0 1.498427 0.117766 0.01 0.01
0 1.489005 0.167353 0.01 0.01
0 1.593138 0.144047 0.01 0.01
0 1.558262 0.341898 0.01 0.01
0 0.241567 0.027766 0.01 0.01
0 0.256939 0.012890 0.01 0.01
0 0.309501 0.010906 0.01 0.01
0 0.297105 0.021319 0.01 0.01
0 0.396774 0.047600 0.01 0.01
0 0.427518 0.080824 0.01 0.01
0 0.337270 0.063468 0.01 0.01
0 0.285204 0.037187 0.01 0.01
0 0.375948 0.049088 0.01 0.01
0 0.444873 0.068427 0.01 0.01
0 0.451815 0.052559 0.01 0.01
0 0.466691 0.056526 0.01 0.01
0 0.515286 0.024543 0.01 0.01
0 0.545038 0.034460 0.01 0.01
0 0.551981 0.053303 0.01 0.01
0 0.562890 0.080080 0.01 0.01
0 0.526196 0.099915 0.01 0.01
0 0.540080 0.125700 0.01 0.01
0 0.547022 0.109832 0.01 0.01
0 0.693799 0.096939 0.01 0.01
0 0.571815 0.188179 0.01 0.01
0 0.608510 0.168344 0.01 0.01
0 0.644212 0.161402 0.01 0.01
0 0.612477 0.049336 0.01 0.01
0 0.603551 0.022559 0.01 0.01
0 0.687848 0.043386 0.01 0.01
0 0.633303 0.021567 0.01 0.01
0 0.651154 0.026526 0.01 0.01
0 0.650162 0.006691 0.01 0.01
0 0.391319 0.002724 0.01 0.01
0 0.504377 0.054295 0.01 0.01
0 0.575121 0.003716 0.01 0.01
0 0.560245 0.003716 0.01 0.01
0 0.695121 0.006691 0.01 0.01
0 0.729832 0.002724 0.01 0.01
0 0.895452 0.078096 0.01 0.01
0 0.698096 0.175286 0.01 0.01
0 0.711981 0.160410 0.01 0.01
0 1.554295 0.050328 0.01 0.01
0 1.575121 0.151485 0.01 0.01
0 0.427353 0.018592 0.01 0.01
0 0.435286 0.016609 0.01 0.01
0 0.712972 0.011650 0.01 0.01
0 0.718923 0.098923 0.01 0.01
0 0.704047 0.086030 0.01 0.01
0 0.686196 0.073138 0.01 0.01
0 0.069776 0.254990 0.01 0.01
0 1.099146 0.422823 0.01 0.01
0 0.580465 0.076469 0.01 0.01
0 0.595650 0.104441 0.01 0.01
0 0.787458 0.027718 0.01 0.01
0 0.801044 0.042103 0.01 0.01
0 0.334311 0.022922 0.01 0.01
0 0.033812 0.191554 0.01 0.01
0 1.071174 0.075919 0.01 0.01
0 1.231814 0.105090 0.01 0.01
0 1.267378 0.105090 0.01 0.01
0 1.233812 0.252543 0.01 0.01
0 0.990455 0.067528 0.01 0.01
0 1.062783 0.071124 0.01 0.01
0 1.089556 0.306139 0.01 0.01
0 1.167877 0.277468 0.01 0.01
0 0.094225 0.002419 0.01 0.01
