0 0.218417 0.875972 0.01 0.01
0 0.484268 1.034178 0.01 0.01
0 0.498947 0.779744 0.01 0.01
0 0.319539 0.760172 0.01 0.01
0 0.210262 0.732445 0.01 0.01
0 0.148285 0.743862 0.01 0.01
0 0.048794 0.704718 0.01 0.01
0 0.626164 0.813994 0.01 0.01
0 0.706083 0.760172 0.01 0.01
0 0.846348 0.784637 0.01 0.01
0 0.838193 1.053750 0.01 0.01
0 1.086103 0.840090 0.01 0.01
0 0.957255 0.784637 0.01 0.01
0 0.905064 0.784637 0.01 0.01
0 1.030650 0.778113 0.01 0.01
0 1.087734 0.786268 0.01 0.01
0 1.208427 0.864555 0.01 0.01
0 1.532994 0.898806 0.01 0.01
0 1.360109 0.835197 0.01 0.01
0 1.332383 0.781375 0.01 0.01
0 1.503636 0.828673 0.01 0.01
0 1.596603 0.825411 0.01 0.01
0 1.490589 0.760172 0.01 0.01
0 1.420456 0.745493 0.01 0.01
0 0.559294 0.763434 0.01 0.01
0 0.381516 0.802578 0.01 0.01
0 1.179070 0.805840 0.01 0.01
0 1.198642 0.786268 0.01 0.01
0 1.218213 0.737338 0.01 0.01
0 1.319335 0.732445 0.01 0.01
0 1.382943 0.721028 0.01 0.01
0 1.120354 0.812363 0.01 0.01
0 0.880599 0.955890 0.01 0.01
0 0.417398 0.711242 0.01 0.01
0 0.317908 0.704718 0.01 0.01
0 0.361944 0.685146 0.01 0.01
0 0.255930 0.703087 0.01 0.01
0 0.070405 0.661497 0.01 0.01
0 0.057357 0.638663 0.01 0.01
0 0.168264 0.625615 0.01 0.01
0 0.127490 0.610936 0.01 0.01
0 0.120150 0.590549 0.01 0.01
0 0.160925 0.589734 0.01 0.01
0 0.191098 0.631324 0.01 0.01
0 0.208224 0.601966 0.01 0.01
0 0.018213 0.615829 0.01 0.01
0 0.085084 0.578317 0.01 0.01
0 0.244105 0.598704 0.01 0.01
0 0.318315 0.606859 0.01 0.01
0 0.346858 0.619907 0.01 0.01
0 0.394156 0.606859 0.01 0.01
0 0.432485 0.609305 0.01 0.01
0 0.466735 0.619907 0.01 0.01
0 0.498540 0.660682 0.01 0.01
0 0.401496 0.668021 0.01 0.01
0 0.487938 0.723475 0.01 0.01
0 0.729325 0.712873 0.01 0.01
0 0.596399 0.694932 0.01 0.01
0 0.541761 0.669652 0.01 0.01
0 0.532790 0.694117 0.01 0.01
0 0.590690 0.648449 0.01 0.01
0 0.608631 0.659866 0.01 0.01
0 0.607000 0.637032 0.01 0.01
0 0.666531 0.660682 0.01 0.01
0 0.722801 0.669652 0.01 0.01
0 0.774992 0.658235 0.01 0.01
0 0.791302 0.655789 0.01 0.01
0 0.743188 0.601966 0.01 0.01
0 0.717092 0.592180 0.01 0.01
0 0.688550 0.595442 0.01 0.01
0 0.607000 0.614198 0.01 0.01
0 0.561333 0.588918 0.01 0.01
0 0.536868 0.589734 0.01 0.01
0 0.510772 0.594626 0.01 0.01
0 0.509141 0.643556 0.01 0.01
0 0.373769 0.648449 0.01 0.01
0 0.384370 0.589734 0.01 0.01
0 0.439824 0.600335 0.01 0.01
0 0.443086 0.584025 0.01 0.01
0 0.454503 0.580763 0.01 0.01
0 0.479783 0.592995 0.01 0.01
0 0.479783 0.580763 0.01 0.01
0 0.361537 0.608490 0.01 0.01
0 0.069590 0.622353 0.01 0.01
0 0.087530 0.632139 0.01 0.01
0 0.063881 0.569346 0.01 0.01
0 0.089977 0.561191 0.01 0.01
0 0.075298 0.558745 0.01 0.01
0 0.052464 0.553036 0.01 0.01
0 0.033708 0.556298 0.01 0.01
0 0.034523 0.539173 0.01 0.01
0 0.008427 0.538357 0.01 0.01
0 0.027184 0.507369 0.01 0.01
0 0.056542 0.516339 0.01 0.01
0 0.059804 0.469040 0.01 0.01
0 0.033708 0.491874 0.01 0.01
0 0.018213 0.472302 0.01 0.01
0 0.009243 0.450284 0.01 0.01
0 0.029630 0.446206 0.01 0.01
0 0.094054 0.448653 0.01 0.01
0 0.092423 0.408694 0.01 0.01
0 0.166633 0.409509 0.01 0.01
0 0.139722 0.448653 0.01 0.01
0 0.133198 0.463332 0.01 0.01
0 0.121781 0.482088 0.01 0.01
0 0.069590 0.517970 0.01 0.01
0 0.088346 0.512262 0.01 0.01
0 0.115257 0.520416 0.01 0.01
0 0.135645 0.554667 0.01 0.01
0 0.166633 0.555483 0.01 0.01
0 0.162556 0.539988 0.01 0.01
0 0.149508 0.538357 0.01 0.01
0 0.130752 0.526125 0.01 0.01
0 0.155216 0.503291 0.01 0.01
0 0.709753 0.566084 0.01 0.01
0 0.729325 0.557929 0.01 0.01
0 0.752158 0.569346 0.01 0.01
0 0.758682 0.583210 0.01 0.01
0 0.625757 0.581579 0.01 0.01
0 0.608631 0.577501 0.01 0.01
0 0.633912 0.566900 0.01 0.01
0 0.210670 0.562007 0.01 0.01
0 0.419437 0.561191 0.01 0.01
0 0.390079 0.562007 0.01 0.01
0 0.361537 0.551405 0.01 0.01
0 0.344411 0.560376 0.01 0.01
0 0.330548 0.575055 0.01 0.01
0 0.326470 0.560376 0.01 0.01
0 0.315053 0.553036 0.01 0.01
0 0.299559 0.556298 0.01 0.01
0 0.299559 0.537542 0.01 0.01
0 0.285696 0.538357 0.01 0.01
0 0.266124 0.541619 0.01 0.01
0 0.262046 0.558745 0.01 0.01
0 0.174788 0.497583 0.01 0.01
0 0.194360 0.500845 0.01 0.01
0 0.176419 0.513077 0.01 0.01
0 0.188652 0.510631 0.01 0.01
0 0.209039 0.511446 0.01 0.01
0 0.220456 0.484535 0.01 0.01
0 0.222902 0.469856 0.01 0.01
0 0.213932 0.420111 0.01 0.01
0 0.226164 0.425819 0.01 0.01
0 0.250629 0.452730 0.01 0.01
0 0.235135 0.451915 0.01 0.01
0 0.238397 0.473118 0.01 0.01
0 0.235950 0.486981 0.01 0.01
0 0.279987 0.500029 0.01 0.01
0 0.263677 0.500029 0.01 0.01
0 0.308529 0.505738 0.01 0.01
0 0.319131 0.505738 0.01 0.01
0 0.327286 0.475564 0.01 0.01
0 0.309345 0.444576 0.01 0.01
0 0.398234 0.497583 0.01 0.01
0 0.355828 0.509000 0.01 0.01
0 0.372953 0.535095 0.01 0.01
0 0.394156 0.546512 0.01 0.01
0 0.380293 0.540804 0.01 0.01
0 0.403942 0.521232 0.01 0.01
0 0.422699 0.505738 0.01 0.01
0 0.549916 0.575055 0.01 0.01
0 0.542576 0.561191 0.01 0.01
0 0.536052 0.544066 0.01 0.01
0 0.549916 0.537542 0.01 0.01
0 0.569488 0.547328 0.01 0.01
0 0.587428 0.548959 0.01 0.01
0 0.580905 0.535095 0.01 0.01
0 0.451241 0.545697 0.01 0.01
0 0.477337 0.556298 0.01 0.01
0 0.452056 0.557929 0.01 0.01
0 0.471628 0.539988 0.01 0.01
0 0.567041 0.561191 0.01 0.01
0 0.721985 0.539173 0.01 0.01
0 0.748896 0.539173 0.01 0.01
0 0.752974 0.527756 0.01 0.01
0 0.779885 0.558745 0.01 0.01
0 0.766837 0.563638 0.01 0.01
0 0.748081 0.556298 0.01 0.01
0 0.740741 0.524494 0.01 0.01
0 0.731771 0.526125 0.01 0.01
0 0.731771 0.517970 0.01 0.01
0 0.716277 0.512262 0.01 0.01
0 0.711384 0.512262 0.01 0.01
0 0.704860 0.516339 0.01 0.01
0 0.707306 0.531833 0.01 0.01
0 0.699967 0.529387 0.01 0.01
0 0.659192 0.520416 0.01 0.01
0 0.648591 0.541619 0.01 0.01
0 0.656746 0.526940 0.01 0.01
0 0.568672 0.517970 0.01 0.01
0 0.576827 0.514708 0.01 0.01
0 0.528713 0.526125 0.01 0.01
0 0.493647 0.520416 0.01 0.01
0 0.483861 0.531833 0.01 0.01
0 0.501802 0.528571 0.01 0.01
0 0.489569 0.532649 0.01 0.01
0 0.442270 0.514708 0.01 0.01
0 0.422699 0.529387 0.01 0.01
0 0.381108 0.521232 0.01 0.01
0 0.642882 0.579132 0.01 0.01
0 0.797011 0.564453 0.01 0.01
0 0.786409 0.623984 0.01 0.01
0 0.829223 0.630508 0.01 0.01
0 0.807204 0.601966 0.01 0.01
0 0.876521 0.679438 0.01 0.01
0 0.914849 0.679438 0.01 0.01
0 0.976012 0.662313 0.01 0.01
0 0.913218 0.650896 0.01 0.01
0 0.931975 0.632139 0.01 0.01
0 0.936868 0.615014 0.01 0.01
0 0.927082 0.610121 0.01 0.01
0 0.914849 0.609305 0.01 0.01
0 0.885492 0.621538 0.01 0.01
0 1.030650 0.649265 0.01 0.01
0 1.015971 0.683515 0.01 0.01
0 1.082026 0.704718 0.01 0.01
0 1.073871 0.685146 0.01 0.01
0 1.110568 0.684331 0.01 0.01
0 1.071424 0.633770 0.01 0.01
0 1.090181 0.635401 0.01 0.01
0 1.066531 0.606859 0.01 0.01
0 1.032281 0.597888 0.01 0.01
0 1.022495 0.610121 0.01 0.01
0 0.993137 0.626431 0.01 0.01
0 0.962964 0.613383 0.01 0.01
0 1.141557 0.666390 0.01 0.01
0 1.191302 0.641925 0.01 0.01
0 1.172546 0.621538 0.01 0.01
0 1.133402 0.623169 0.01 0.01
0 1.206796 0.699825 0.01 0.01
0 1.136664 0.745493 0.01 0.01
0 1.195380 0.594626 0.01 0.01
0 1.217398 0.596257 0.01 0.01
0 1.172546 0.575055 0.01 0.01
0 1.077948 0.584841 0.01 0.01
0 1.083657 0.569346 0.01 0.01
0 1.058377 0.560376 0.01 0.01
0 1.034727 0.580763 0.01 0.01
0 1.013524 0.575870 0.01 0.01
0 0.988244 0.593811 0.01 0.01
0 0.980089 0.575055 0.01 0.01
0 0.965410 0.575870 0.01 0.01
0 0.947469 0.597888 0.01 0.01
0 0.944207 0.565269 0.01 0.01
0 0.929528 0.580763 0.01 0.01
0 0.915665 0.570162 0.01 0.01
0 0.899355 0.576686 0.01 0.01
0 0.873259 0.598704 0.01 0.01
0 0.858580 0.597888 0.01 0.01
0 0.844717 0.567715 0.01 0.01
0 0.826776 0.580763 0.01 0.01
0 0.830854 0.560376 0.01 0.01
0 0.843086 0.540804 0.01 0.01
0 0.862658 0.556298 0.01 0.01
0 0.867551 0.569346 0.01 0.01
0 0.879783 0.567715 0.01 0.01
0 0.903433 0.557929 0.01 0.01
0 1.217398 0.637848 0.01 0.01
0 0.927897 0.548143 0.01 0.01
0 0.911588 0.539173 0.01 0.01
0 0.892016 0.539173 0.01 0.01
0 0.869182 0.542435 0.01 0.01
0 0.839824 0.553036 0.01 0.01
0 0.803127 0.546512 0.01 0.01
0 0.819437 0.531833 0.01 0.01
0 0.807204 0.529387 0.01 0.01
0 0.753382 0.502476 0.01 0.01
0 0.628611 0.503291 0.01 0.01
0 0.827592 0.518785 0.01 0.01
0 0.834931 0.522047 0.01 0.01
0 0.843086 0.523678 0.01 0.01
0 0.849610 0.526125 0.01 0.01
0 0.846348 0.531018 0.01 0.01
0 0.872444 0.531018 0.01 0.01
0 0.905064 0.531018 0.01 0.01
0 0.914034 0.524494 0.01 0.01
0 0.925451 0.518785 0.01 0.01
0 0.930344 0.514708 0.01 0.01
0 0.945023 0.518785 0.01 0.01
0 0.948285 0.535911 0.01 0.01
0 0.954809 0.542435 0.01 0.01
0 0.942576 0.550590 0.01 0.01
0 0.938499 0.539173 0.01 0.01
0 0.974381 0.559560 0.01 0.01
0 0.962148 0.535095 0.01 0.01
0 1.011078 0.563638 0.01 0.01
0 1.005369 0.540804 0.01 0.01
0 1.020048 0.540804 0.01 0.01
0 1.069793 0.548959 0.01 0.01
0 1.092627 0.563638 0.01 0.01
0 1.037174 0.556298 0.01 0.01
0 1.170915 0.563638 0.01 0.01
0 1.181516 0.562007 0.01 0.01
0 1.193749 0.550590 0.01 0.01
0 1.204350 0.562007 0.01 0.01
0 1.213320 0.570977 0.01 0.01
0 1.220660 0.563638 0.01 0.01
0 1.233708 0.548959 0.01 0.01
0 1.248387 0.573424 0.01 0.01
0 1.241863 0.601966 0.01 0.01
0 1.214136 0.535911 0.01 0.01
0 1.208427 0.536726 0.01 0.01
0 1.226368 0.535095 0.01 0.01
0 1.232892 0.539173 0.01 0.01
0 1.245125 0.536726 0.01 0.01
0 1.241047 0.529387 0.01 0.01
0 1.087734 0.529387 0.01 0.01
0 1.084472 0.520416 0.01 0.01
0 1.082026 0.514708 0.01 0.01
0 1.073871 0.533464 0.01 0.01
0 1.082841 0.540804 0.01 0.01
0 1.074686 0.520416 0.01 0.01
0 1.044513 0.527756 0.01 0.01
0 1.049406 0.533464 0.01 0.01
0 1.055115 0.546512 0.01 0.01
0 1.037174 0.524494 0.01 0.01
0 1.033096 0.522047 0.01 0.01
0 1.024941 0.518785 0.01 0.01
0 1.022495 0.530202 0.01 0.01
0 1.010262 0.522047 0.01 0.01
0 1.018417 0.522047 0.01 0.01
0 1.013524 0.518785 0.01 0.01
0 0.974381 0.517970 0.01 0.01
0 0.993137 0.533464 0.01 0.01
0 0.980089 0.529387 0.01 0.01
0 1.097520 0.535911 0.01 0.01
0 1.095889 0.557929 0.01 0.01
0 1.157051 0.544881 0.01 0.01
0 1.206796 0.519601 0.01 0.01
0 1.223922 0.519601 0.01 0.01
0 1.152974 0.522047 0.01 0.01
0 1.286307 0.699010 0.01 0.01
0 1.287938 0.655789 0.01 0.01
0 1.319742 0.621538 0.01 0.01
0 1.305064 0.632139 0.01 0.01
0 1.261027 0.631324 0.01 0.01
0 1.269997 0.611752 0.01 0.01
0 1.272444 0.594626 0.01 0.01
0 1.266735 0.570162 0.01 0.01
0 1.265920 0.580763 0.01 0.01
0 1.262658 0.552221 0.01 0.01
0 1.273259 0.568531 0.01 0.01
0 1.305879 0.596257 0.01 0.01
0 1.292016 0.569346 0.01 0.01
0 1.327897 0.584841 0.01 0.01
0 1.308326 0.583210 0.01 0.01
0 1.513015 0.657420 0.01 0.01
0 1.570915 0.731630 0.01 0.01
0 1.561944 0.664759 0.01 0.01
0 1.579070 0.679438 0.01 0.01
0 1.571730 0.637848 0.01 0.01
0 1.545634 0.621538 0.01 0.01
0 1.558682 0.609305 0.01 0.01
0 1.504860 0.630508 0.01 0.01
0 1.451037 0.623169 0.01 0.01
0 1.415155 0.646003 0.01 0.01
0 1.457561 0.606043 0.01 0.01
0 1.488550 0.597888 0.01 0.01
0 1.512199 0.583210 0.01 0.01
0 1.535848 0.556298 0.01 0.01
0 1.566837 0.556298 0.01 0.01
0 1.573361 0.546512 0.01 0.01
0 1.558682 0.541619 0.01 0.01
0 1.553789 0.560376 0.01 0.01
0 1.549712 0.543250 0.01 0.01
0 1.514646 0.528571 0.01 0.01
0 1.508122 0.544881 0.01 0.01
0 1.517908 0.548959 0.01 0.01
0 1.512199 0.571793 0.01 0.01
0 1.499967 0.577501 0.01 0.01
0 1.454299 0.577501 0.01 0.01
0 1.426572 0.577501 0.01 0.01
0 1.452668 0.566084 0.01 0.01
0 1.463269 0.564453 0.01 0.01
0 1.474686 0.562007 0.01 0.01
0 1.488550 0.562007 0.01 0.01
0 1.473871 0.544881 0.01 0.01
0 1.437174 0.553036 0.01 0.01
0 1.449406 0.548959 0.01 0.01
0 1.444513 0.540804 0.01 0.01
0 1.419233 0.551405 0.01 0.01
0 1.479579 0.537542 0.01 0.01
0 1.479579 0.529387 0.01 0.01
0 1.468978 0.537542 0.01 0.01
0 1.436358 0.528571 0.01 0.01
0 1.475502 0.614198 0.01 0.01
0 1.310772 0.553036 0.01 0.01
0 1.283045 0.550590 0.01 0.01
0 1.257765 0.543250 0.01 0.01
0 1.256134 0.496767 0.01 0.01
