0 0.091352 1.000971 0.01 0.01
0 0.208957 0.839810 0.01 0.01
0 0.335272 0.879011 0.01 0.01
0 0.537813 0.990082 0.01 0.01
0 0.816579 0.850699 0.01 0.01
0 0.361407 0.691715 0.01 0.01
0 0.337450 0.611134 0.01 0.01
0 0.381007 0.550154 0.01 0.01
0 0.459410 0.528376 0.01 0.01
0 0.908049 0.510953 0.01 0.01
0 0.999519 0.360681 0.01 0.01
0 1.075744 0.314946 0.01 0.01
0 1.162859 0.489174 0.01 0.01
0 1.297886 0.456506 0.01 0.01
0 1.361044 0.273566 0.01 0.01
0 0.509501 0.345436 0.01 0.01
0 0.607505 0.321479 0.01 0.01
0 0.707686 0.334546 0.01 0.01
0 0.696797 0.288811 0.01 0.01
0 0.827468 0.243076 0.01 0.01
0 0.847069 0.192986 0.01 0.01
0 1.232550 0.269211 0.01 0.01
0 0.550336 0.300790 0.01 0.01
0 0.581915 0.267033 0.01 0.01
0 0.594982 0.222387 0.01 0.01
0 0.625472 0.212586 0.01 0.01
0 0.666851 0.194074 0.01 0.01
0 0.032278 0.021207 0.01 0.01
0 0.017577 0.013584 0.01 0.01
0 0.146615 0.005962 0.01 0.01
0 0.179828 0.005418 0.01 0.01
0 0.106325 0.005962 0.01 0.01
0 0.003966 0.038085 0.01 0.01
0 0.211951 0.032096 0.01 0.01
0 0.227741 0.047341 0.01 0.01
0 0.293076 0.032096 0.01 0.01
0 0.287087 0.016851 0.01 0.01
0 0.209773 0.059864 0.01 0.01
0 0.623022 0.058231 0.01 0.01
0 0.634456 0.060953 0.01 0.01
0 0.696525 0.126289 0.01 0.01
0 0.640445 0.003784 0.01 0.01
0 0.591987 0.005418 0.01 0.01
0 0.576742 0.019029 0.01 0.01
0 0.814673 0.005418 0.01 0.01
0 0.886543 0.066942 0.01 0.01
0 0.907232 0.095254 0.01 0.01
0 0.812496 0.167124 0.01 0.01
0 0.980826 0.266488 0.01 0.01
0 1.024383 0.252332 0.01 0.01
0 1.011316 0.168485 0.01 0.01
0 1.106053 0.048702 0.01 0.01
0 1.139810 0.023657 0.01 0.01
0 1.253058 0.033457 0.01 0.01
0 1.161588 0.147795 0.01 0.01
0 1.231280 0.103149 0.01 0.01
0 1.284637 0.110771 0.01 0.01
0 1.324927 0.237087 0.01 0.01
0 1.455599 0.244710 0.01 0.01
0 1.563403 0.334002 0.01 0.01
0 1.561225 0.028013 0.01 0.01
0 0.580100 0.481007 0.01 0.01
0 1.586271 0.221842 0.01 0.01
