0 0.050949 0.942029 0.01 0.01
0 0.248132 1.116677 0.01 0.01
0 0.193672 0.474424 0.01 0.01
0 0.411513 0.534517 0.01 0.01
0 0.535456 0.500715 0.01 0.01
0 0.696959 0.675362 0.01 0.01
0 1.414330 1.169259 0.01 0.01
0 0.828414 0.322311 0.01 0.01
0 0.516677 0.286630 0.01 0.01
0 0.379588 0.269729 0.01 0.01
0 0.332639 0.038743 0.01 0.01
0 0.417147 0.046254 0.01 0.01
0 0.454705 0.038743 0.01 0.01
0 0.473485 0.113860 0.01 0.01
0 0.512921 0.134517 0.01 0.01
0 0.573015 0.138273 0.01 0.01
0 0.708226 0.130762 0.01 0.01
0 1.091325 0.164564 0.01 0.01
0 0.479118 0.019494 0.01 0.01
0 0.527006 0.021372 0.01 0.01
0 1.059108 0.242386 0.01 0.01
0 1.025663 0.177168 0.01 0.01
0 0.657101 0.041382 0.01 0.01
