0 0.259052 0.336230 0.01 0.01
0 0.101141 0.279154 0.01 0.01
0 0.049772 0.354304 0.01 0.01
0 0.134435 0.239200 0.01 0.01
0 0.002208 0.237298 0.01 0.01
0 0.007916 0.334328 0.01 0.01
0 0.275224 0.250616 0.01 0.01
0 0.293298 0.202101 0.01 0.01
0 0.239075 0.193539 0.01 0.01
0 0.142045 0.044189 0.01 0.01
0 0.117312 0.110778 0.01 0.01
0 0.088774 0.139316 0.01 0.01
0 0.153461 0.205906 0.01 0.01
0 0.230514 0.144073 0.01 0.01
0 0.229563 0.104119 0.01 0.01
0 0.186755 0.084143 0.01 0.01
0 0.221001 0.074630 0.01 0.01
0 0.242881 0.067971 0.01 0.01
0 0.250491 0.047994 0.01 0.01
0 0.254296 0.030871 0.01 0.01
0 0.236222 0.020407 0.01 0.01
0 0.281883 0.014700 0.01 0.01
0 0.308518 0.051799 0.01 0.01
0 0.338008 0.033725 0.01 0.01
0 0.310421 0.036579 0.01 0.01
0 0.325641 0.010894 0.01 0.01
0 0.375108 0.023261 0.01 0.01
0 0.390328 0.028017 0.01 0.01
0 0.377010 0.047994 0.01 0.01
0 0.350374 0.047994 0.01 0.01
0 0.343716 0.070825 0.01 0.01
0 0.339910 0.097460 0.01 0.01
0 0.321836 0.142170 0.01 0.01
0 0.360838 0.114583 0.01 0.01
0 0.393182 0.070825 0.01 0.01
0 0.415061 0.047994 0.01 0.01
0 0.411256 0.031822 0.01 0.01
0 0.421720 0.008041 0.01 0.01
0 0.448356 0.024212 0.01 0.01
0 0.493066 0.057507 0.01 0.01
0 0.496871 0.024212 0.01 0.01
0 0.484504 0.028017 0.01 0.01
0 0.475943 0.018505 0.01 0.01
0 0.465479 0.008041 0.01 0.01
0 0.535873 0.009943 0.01 0.01
0 0.565362 0.012797 0.01 0.01
0 0.536824 0.047043 0.01 0.01
0 0.549191 0.053702 0.01 0.01
0 0.584388 0.036579 0.01 0.01
0 0.585339 0.018505 0.01 0.01
0 0.615780 0.009943 0.01 0.01
0 0.633854 0.008041 0.01 0.01
0 0.648123 0.004236 0.01 0.01
0 0.671905 0.021358 0.01 0.01
0 0.671905 0.033725 0.01 0.01
0 0.672856 0.047994 0.01 0.01
0 0.649075 0.047994 0.01 0.01
0 0.634805 0.067971 0.01 0.01
0 0.657636 0.067020 0.01 0.01
0 0.676662 0.071776 0.01 0.01
0 0.650977 0.119340 0.01 0.01
0 0.595803 0.126950 0.01 0.01
0 0.543483 0.112681 0.01 0.01
0 0.477845 0.113632 0.01 0.01
0 0.458820 0.101265 0.01 0.01
0 0.453112 0.092704 0.01 0.01
0 0.537775 0.184026 0.01 0.01
0 0.637659 0.177367 0.01 0.01
0 0.670003 0.157391 0.01 0.01
0 0.604365 0.088899 0.01 0.01
0 0.604365 0.206857 0.01 0.01
0 0.016477 0.102217 0.01 0.01
0 0.043113 0.064166 0.01 0.01
0 0.039308 0.030871 0.01 0.01
0 0.071651 0.044189 0.01 0.01
0 0.024087 0.003284 0.01 0.01
0 0.062138 0.023261 0.01 0.01
0 0.100189 0.024212 0.01 0.01
0 0.129679 0.014700 0.01 0.01
0 0.170584 0.009943 0.01 0.01
0 0.173437 0.047043 0.01 0.01
0 0.189609 0.011846 0.01 0.01
0 0.071651 0.008041 0.01 0.01
0 0.356082 0.024212 0.01 0.01
0 0.687126 0.210662 0.01 0.01
